2012-03-05, 50.2500, 50.2500, 50.2500, 50.2500, 0
2012-03-06, 48.7500, 48.7500, 48.7500, 48.7500, 450
2012-03-07, 48.9200, 48.9200, 48.9200, 48.9200, 100
2012-03-08, 49.8200, 49.8200, 49.8200, 49.8200, 200
2012-03-09, 49.8200, 49.8200, 49.8200, 49.8200, 0
2012-03-12, 49.7400, 49.7400, 49.7400, 49.7400, 1100
2012-03-13, 52.0000, 52.0000, 50.5000, 50.5000, 200
2012-03-14, 50.3101, 50.3101, 50.1999, 50.1999, 1000
2012-03-15, 50.1999, 50.1999, 50.1999, 50.1999, 0
2012-03-16, 50.8000, 50.8900, 50.8000, 50.8400, 2100
2012-03-19, 50.9000, 50.9000, 50.9000, 50.9000, 100
2012-03-20, 50.9000, 50.9000, 50.9000, 50.9000, 0
2012-03-21, 50.9000, 50.9000, 50.9000, 50.9000, 0
2012-03-22, 50.9000, 50.9000, 50.9000, 50.9000, 0
2012-03-23, 50.9000, 50.9000, 50.9000, 50.9000, 0
2012-03-26, 50.9000, 50.9000, 50.9000, 50.9000, 0
2012-03-27, 50.9000, 50.9000, 50.9000, 50.9000, 0
2012-03-28, 50.9000, 50.9000, 50.9000, 50.9000, 0
2012-03-29, 50.9000, 50.9000, 50.9000, 50.9000, 0
2012-03-30, 50.9000, 50.9000, 50.9000, 50.9000, 0
2012-04-02, 50.1900, 50.1900, 50.1900, 50.1900, 100
2012-04-03, 50.1900, 50.1900, 50.1900, 50.1900, 0
2012-04-04, 50.1900, 50.1900, 50.1900, 50.1900, 0
2012-04-05, 50.1900, 50.1900, 50.1900, 50.1900, 0
2012-04-09, 50.1900, 50.1900, 50.1900, 50.1900, 0
2012-04-10, 50.1900, 50.1900, 50.1900, 50.1900, 0
2012-04-11, 50.1900, 50.1900, 50.1900, 50.1900, 0
2012-04-12, 49.3300, 49.4200, 49.3300, 49.4200, 700
2012-04-13, 48.7500, 48.7500, 48.6900, 48.7200, 1800
2012-04-16, 48.6500, 48.6500, 48.6500, 48.6500, 500
2012-04-17, 48.6500, 48.6500, 48.6500, 48.6500, 0
2012-04-18, 48.6500, 48.6500, 48.6500, 48.6500, 0
2012-04-19, 49.2000, 49.2000, 49.2000, 49.2000, 500
2012-04-20, 49.3000, 49.3000, 49.3000, 49.3000, 500
2012-04-23, 49.3000, 49.3000, 49.3000, 49.3000, 0
2012-04-24, 49.3000, 49.3000, 49.3000, 49.3000, 0
2012-04-25, 49.4900, 49.4900, 49.4800, 49.4800, 500
2012-04-26, 49.5500, 49.5500, 49.5500, 49.5500, 500
2012-04-27, 50.0000, 50.0000, 50.0000, 50.0000, 500
2012-04-30, 50.0000, 50.0000, 50.0000, 50.0000, 0
2012-05-01, 50.0000, 50.0000, 50.0000, 50.0000, 0
2012-05-02, 50.0000, 50.0000, 50.0000, 50.0000, 0
2012-05-03, 50.0000, 50.0000, 50.0000, 50.0000, 0
2012-05-04, 50.0000, 50.0000, 50.0000, 50.0000, 0
2012-05-07, 50.0000, 50.0000, 50.0000, 50.0000, 0
2012-05-08, 50.0000, 50.0000, 50.0000, 50.0000, 0
2012-05-09, 47.7300, 47.7300, 47.3600, 47.3600, 4000
2012-05-10, 47.3600, 47.3600, 47.3600, 47.3600, 0
2012-05-11, 47.3600, 47.3600, 47.3600, 47.3600, 0
2012-05-14, 47.3600, 47.3600, 47.3600, 47.3600, 0
2012-05-15, 47.3600, 47.3600, 47.3600, 47.3600, 0
2012-05-16, 46.3000, 46.3000, 46.3000, 46.3000, 200
2012-05-17, 46.3000, 46.3000, 46.3000, 46.3000, 0
2012-05-18, 46.3000, 46.3000, 46.3000, 46.3000, 0
2012-05-21, 45.8000, 45.8000, 45.8000, 45.8000, 1000
2012-05-22, 45.8000, 45.8000, 45.8000, 45.8000, 0
2012-05-23, 45.8000, 45.8000, 45.8000, 45.8000, 0
2012-05-24, 45.8000, 45.8000, 45.8000, 45.8000, 0
2012-05-25, 45.8000, 45.8000, 45.8000, 45.8000, 0
2012-05-29, 46.3200, 46.3200, 46.3200, 46.3200, 600
2012-05-30, 46.3200, 46.3200, 46.3200, 46.3200, 0
2012-05-31, 46.3200, 46.3200, 46.3200, 46.3200, 0
2012-06-01, 46.3200, 46.3200, 46.3200, 46.3200, 0
2012-06-04, 46.3200, 46.3200, 46.3200, 46.3200, 0
2012-06-05, 44.8600, 44.8600, 44.8600, 44.8600, 500
2012-06-06, 44.8600, 44.8600, 44.8600, 44.8600, 0
2012-06-07, 44.8600, 44.8600, 44.8600, 44.8600, 0
2012-06-08, 44.8600, 44.8600, 44.8600, 44.8600, 0
2012-06-11, 44.8600, 44.8600, 44.8600, 44.8600, 0
2012-06-12, 44.8600, 44.8600, 44.8600, 44.8600, 0
2012-06-13, 44.8600, 44.8600, 44.8600, 44.8600, 0
2012-06-14, 46.0400, 46.0400, 46.0400, 46.0400, 600
2012-06-15, 46.0400, 46.0400, 46.0400, 46.0400, 0
2012-06-18, 46.0700, 46.0700, 46.0600, 46.0600, 500
2012-06-19, 46.6000, 46.6000, 46.5900, 46.5900, 500
2012-06-20, 46.5900, 46.5900, 46.5900, 46.5900, 0
2012-06-21, 46.5900, 46.5900, 46.5900, 46.5900, 0
2012-06-22, 46.5900, 46.5900, 46.5900, 46.5900, 0
2012-06-25, 45.0900, 45.0900, 45.0900, 45.0900, 500
2012-06-26, 45.2600, 45.2600, 45.2500, 45.2500, 500
2012-06-27, 45.2500, 45.2500, 45.2500, 45.2500, 0
2012-06-28, 45.1700, 45.2000, 45.1700, 45.1700, 400
2012-06-29, 46.8100, 46.9900, 46.8100, 46.9900, 400
2012-07-02, 47.1600, 47.1600, 47.1400, 47.1400, 1000
2012-07-03, 47.1400, 47.1400, 47.1400, 47.1400, 0
2012-07-05, 47.2800, 47.2800, 47.2800, 47.2800, 100
2012-07-06, 47.2800, 47.2800, 47.2800, 47.2800, 0
2012-07-09, 46.1000, 46.1000, 46.1000, 46.1000, 1000
2012-07-10, 46.1000, 46.1000, 46.1000, 46.1000, 0
2012-07-11, 46.1000, 46.1000, 46.1000, 46.1000, 0
2012-07-12, 46.1000, 46.1000, 46.1000, 46.1000, 0
2012-07-13, 46.1000, 46.1000, 46.1000, 46.1000, 0
2012-07-16, 46.1000, 46.1000, 46.1000, 46.1000, 0
2012-07-17, 46.1000, 46.1000, 46.1000, 46.1000, 0
2012-07-18, 46.1000, 46.1000, 46.1000, 46.1000, 0
2012-07-19, 46.1000, 46.1000, 46.1000, 46.1000, 0
2012-07-20, 46.1000, 46.1000, 46.1000, 46.1000, 0
2012-07-23, 46.1000, 46.1000, 46.1000, 46.1000, 0
2012-07-24, 46.1000, 46.1000, 46.1000, 46.1000, 0
2012-07-25, 46.1000, 46.1000, 46.1000, 46.1000, 0
2012-07-26, 46.1000, 46.1000, 46.1000, 46.1000, 0
2012-07-27, 47.3100, 47.3100, 47.3100, 47.3100, 1000
2012-07-30, 47.3100, 47.3100, 47.3100, 47.3100, 0
2012-07-31, 47.3100, 47.3100, 47.3100, 47.3100, 0
2012-08-01, 47.3100, 47.3100, 47.3100, 47.3100, 0
2012-08-02, 46.3600, 46.3600, 46.2700, 46.2700, 11600
2012-08-03, 47.5200, 48.2800, 47.4500, 48.2800, 6400
2012-08-06, 48.2700, 48.2800, 48.2600, 48.2600, 1300
2012-08-07, 48.4400, 48.4400, 48.4400, 48.4400, 200
2012-08-08, 48.2900, 48.2900, 48.2000, 48.2900, 1100
2012-08-09, 48.3100, 48.3900, 48.3100, 48.3900, 200
2012-08-10, 48.2700, 48.3200, 48.2700, 48.3200, 400
2012-08-13, 48.3800, 48.4000, 48.3800, 48.4000, 600
2012-08-14, 48.4000, 48.4000, 48.4000, 48.4000, 0
2012-08-15, 48.4200, 48.4200, 48.4200, 48.4200, 100
2012-08-16, 48.5800, 48.5800, 48.5800, 48.5800, 200
2012-08-17, 48.5800, 48.5800, 48.5800, 48.5800, 0
2012-08-20, 48.6500, 48.6800, 48.6500, 48.6800, 800
2012-08-21, 48.9300, 49.2600, 48.9300, 49.1500, 7700
2012-08-22, 49.1500, 49.1500, 49.1500, 49.1500, 0
2012-08-23, 49.1500, 49.1500, 49.1500, 49.1500, 0
2012-08-24, 49.1500, 49.1500, 49.1500, 49.1500, 0
2012-08-27, 48.5600, 48.5600, 48.4100, 48.4700, 1230
2012-08-28, 48.4700, 48.4700, 48.4700, 48.4700, 0
2012-08-29, 48.3800, 48.4500, 48.3800, 48.4500, 800
2012-08-30, 48.4500, 48.4500, 48.4500, 48.4500, 0
2012-08-31, 48.4500, 48.4500, 48.4500, 48.4500, 0
2012-09-04, 48.4500, 48.4500, 48.4500, 48.4500, 0
2012-09-05, 48.4500, 48.4500, 48.4500, 48.4500, 0
2012-09-06, 48.5300, 49.0100, 48.5100, 49.0100, 23300
2012-09-07, 49.0100, 49.0100, 49.0100, 49.0100, 0
2012-09-10, 49.0100, 49.0100, 49.0100, 49.0100, 0
2012-09-11, 49.0100, 49.0100, 49.0100, 49.0100, 0
2012-09-12, 49.0100, 49.0100, 49.0100, 49.0100, 0
2012-09-13, 50.6200, 50.6400, 50.6200, 50.6400, 900
2012-09-14, 50.6400, 50.6400, 50.6400, 50.6400, 0
2012-09-17, 51.0400, 51.0400, 50.9700, 50.9700, 1800
2012-09-18, 50.9700, 50.9700, 50.9700, 50.9700, 0
2012-09-19, 50.9700, 50.9700, 50.9700, 50.9700, 0
2012-09-20, 50.6200, 50.6200, 50.6000, 50.6000, 900
2012-09-21, 50.6000, 50.6000, 50.6000, 50.6000, 0
2012-09-24, 50.6000, 50.6000, 50.6000, 50.6000, 0
2012-09-25, 50.6000, 50.6000, 50.6000, 50.6000, 0
2012-09-26, 50.6000, 50.6000, 50.6000, 50.6000, 0
2012-09-27, 50.2200, 50.2600, 50.2000, 50.2400, 1800
2012-09-28, 50.2400, 50.2400, 50.2400, 50.2400, 0
2012-10-01, 50.3600, 50.3600, 50.1500, 50.2500, 4800
2012-10-02, 50.2500, 50.2500, 50.2500, 50.2500, 0
2012-10-03, 50.2500, 50.2500, 50.2500, 50.2500, 0
2012-10-04, 50.2500, 50.2500, 50.2500, 50.2500, 0
2012-10-05, 50.6200, 50.6200, 49.9200, 49.9600, 11295
2012-10-08, 49.9600, 49.9600, 49.9600, 49.9600, 0
2012-10-09, 49.9600, 49.9600, 49.9600, 49.9600, 0
2012-10-10, 49.9600, 49.9600, 49.9600, 49.9600, 0
2012-10-11, 49.7700, 49.7900, 49.7700, 49.7900, 900
2012-10-12, 49.7900, 49.7900, 49.7900, 49.7900, 0
2012-10-15, 49.7900, 49.7900, 49.7900, 49.7900, 0
2012-10-16, 50.4800, 50.5000, 50.4800, 50.5000, 900
2012-10-17, 50.5000, 50.5000, 50.5000, 50.5000, 0
2012-10-18, 50.5000, 50.5000, 50.5000, 50.5000, 0
2012-10-19, 50.5000, 50.5000, 50.5000, 50.5000, 0
2012-10-22, 50.5000, 50.5000, 50.5000, 50.5000, 0
2012-10-23, 50.5000, 50.5000, 50.5000, 50.5000, 0
2012-10-24, 50.5000, 50.5000, 50.5000, 50.5000, 0
2012-10-25, 49.5600, 49.5600, 49.3200, 49.3700, 3000
2012-10-26, 49.2600, 49.2600, 49.1800, 49.1800, 2400
2012-10-31, 49.1800, 49.1800, 49.1800, 49.1800, 0
2012-11-01, 49.7900, 49.7900, 49.7700, 49.7700, 900
2012-11-02, 49.6200, 49.7100, 49.5900, 49.5900, 2550
2012-11-05, 49.1600, 49.1600, 49.1400, 49.1400, 1700
2012-11-06, 49.5300, 49.6100, 49.5300, 49.5900, 1800
2012-11-07, 49.5900, 49.5900, 49.5900, 49.5900, 0
2012-11-08, 48.6600, 48.6600, 48.6400, 48.6400, 900
2012-11-09, 48.4000, 48.4000, 48.3800, 48.3800, 900
2012-11-12, 48.3800, 48.3800, 48.3800, 48.3800, 0
2012-11-13, 48.1800, 48.1800, 48.1600, 48.1600, 900
2012-11-14, 47.8700, 47.8700, 47.8700, 47.8700, 300
2012-11-15, 47.8700, 47.8700, 47.8700, 47.8700, 0
2012-11-16, 47.8700, 47.8700, 47.8700, 47.8700, 0
2012-11-19, 47.8700, 47.8700, 47.8700, 47.8700, 0
2012-11-20, 47.8700, 47.8700, 47.8700, 47.8700, 0
2012-11-21, 47.8700, 47.8700, 47.8700, 47.8700, 0
2012-11-23, 47.8700, 47.8700, 47.8700, 47.8700, 0
2012-11-26, 49.2800, 49.2800, 49.2800, 49.2800, 300
2012-11-27, 49.2400, 49.2400, 48.7400, 48.7400, 1100
2012-11-28, 48.5500, 49.1200, 47.3000, 49.1200, 2300
2012-11-29, 49.5000, 49.5800, 49.3600, 49.3600, 5000
2012-11-30, 49.4700, 49.5300, 49.1500, 49.1500, 15000
2012-12-03, 49.4600, 49.4600, 49.0100, 49.0100, 1100
2012-12-04, 49.0200, 49.0400, 48.8000, 48.8000, 1900
2012-12-05, 48.8800, 49.5000, 48.8200, 49.4500, 3200
2012-12-06, 49.3000, 49.4000, 49.0000, 49.0600, 3200
2012-12-07, 49.1200, 49.3300, 49.0400, 49.2400, 2200
2012-12-10, 49.3500, 49.4800, 49.3500, 49.4800, 700
2012-12-11, 49.7200, 49.7900, 49.4700, 49.7300, 18500
2012-12-12, 49.6400, 50.5800, 49.4000, 49.7300, 9400
2012-12-13, 49.8100, 49.9900, 49.7600, 49.9900, 1500
2012-12-14, 49.9000, 50.7500, 49.9000, 50.2700, 10411
2012-12-17, 50.2700, 50.2700, 50.2700, 50.2700, 0
2012-12-18, 51.0500, 51.1300, 51.0500, 51.1300, 1500
2012-12-19, 51.1500, 51.1700, 51.1500, 51.1700, 200
2012-12-20, 51.1700, 51.1700, 51.1700, 51.1700, 0
2012-12-21, 50.2000, 50.2800, 50.2000, 50.2800, 200
2012-12-24, 50.3281, 50.3281, 50.3281, 50.3281, 200
2012-12-26, 50.3300, 50.3300, 50.3300, 50.3300, 0
2012-12-27, 50.3300, 50.3300, 50.3300, 50.3300, 0
2012-12-28, 50.2300, 50.2300, 49.8900, 49.9600, 4600
2012-12-31, 49.3100, 49.7500, 49.3100, 49.7500, 1205
2013-01-02, 51.1300, 51.7399, 51.1300, 51.7399, 1000
2013-01-03, 51.3100, 51.3600, 51.3100, 51.3400, 734
2013-01-04, 51.5600, 51.5700, 51.4300, 51.5000, 2800
2013-01-07, 50.8750, 51.4500, 50.8750, 51.3400, 2500
2013-01-08, 50.9800, 50.9800, 50.6500, 50.6500, 5800
2013-01-09, 50.9700, 51.0490, 50.8000, 51.0300, 3800
2013-01-10, 51.0300, 51.0300, 51.0300, 51.0300, 0
2013-01-11, 51.0300, 51.0300, 51.0300, 51.0300, 0
2013-01-14, 51.0300, 51.0300, 51.0300, 51.0300, 0
2013-01-15, 51.0300, 51.0300, 51.0300, 51.0300, 0
2013-01-16, 51.0300, 51.0300, 51.0300, 51.0300, 0
2013-01-17, 51.9500, 51.9600, 51.9500, 51.9595, 600
2013-01-18, 52.3800, 52.3800, 51.8100, 51.8200, 400
2013-01-22, 51.7500, 51.7500, 51.7500, 51.7500, 200
2013-01-23, 51.7500, 51.7500, 51.7500, 51.7500, 0
2013-01-24, 52.1000, 52.1000, 52.1000, 52.1000, 100
2013-01-25, 52.2300, 52.2500, 52.2300, 52.2400, 600
2013-01-28, 52.2400, 52.2400, 52.2400, 52.2400, 0
2013-01-29, 52.2400, 52.2400, 52.2400, 52.2400, 0
2013-01-30, 52.4200, 53.1000, 51.9700, 52.5000, 3040
2013-01-31, 52.1800, 52.2900, 52.1800, 52.2900, 200
2013-02-01, 52.2900, 52.2900, 52.2900, 52.2900, 0
2013-02-04, 52.1600, 52.1700, 52.1600, 52.1700, 200
2013-02-05, 52.1700, 52.1700, 52.1700, 52.1700, 0
2013-02-06, 52.1700, 52.1700, 52.1700, 52.1700, 0
2013-02-07, 52.2700, 52.2700, 52.2700, 52.2700, 400
2013-02-08, 52.2700, 52.2700, 52.2700, 52.2700, 0
2013-02-11, 52.5100, 52.5500, 52.5100, 52.5100, 726
2013-02-12, 52.6400, 52.6900, 52.4000, 52.6900, 4166
2013-02-13, 53.0200, 53.0200, 53.0010, 53.0010, 516
2013-02-14, 52.8800, 52.8800, 52.8800, 52.8800, 400
2013-02-15, 52.8800, 52.8800, 52.8800, 52.8800, 0
2013-02-19, 53.1100, 53.1100, 53.0920, 53.0920, 1178
2013-02-20, 53.0920, 53.0920, 53.0920, 53.0920, 0
2013-02-21, 53.0700, 53.0700, 51.8900, 51.8900, 300
2013-02-22, 52.2000, 52.8800, 52.1810, 52.4360, 5872
2013-02-25, 52.4360, 52.4360, 52.4360, 52.4360, 0
2013-02-26, 51.6500, 51.6500, 51.6500, 51.6500, 100
2013-02-27, 52.2301, 52.2301, 52.2301, 52.2301, 150
2013-02-28, 52.6900, 52.7700, 52.5300, 52.7700, 2237
2013-03-01, 52.7700, 52.7700, 52.7700, 52.7700, 0
2013-03-04, 52.7700, 52.7700, 52.7700, 52.7700, 0
2013-03-05, 53.3100, 53.3100, 53.1900, 53.1900, 1200
2013-03-06, 53.1900, 53.1900, 53.1900, 53.1900, 0
2013-03-07, 53.3400, 53.5400, 53.3400, 53.5260, 654
2013-03-08, 53.5260, 53.5260, 53.5260, 53.5260, 0
2013-03-11, 53.7545, 53.7545, 53.7545, 53.7545, 332
2013-03-12, 53.5400, 53.5400, 53.5400, 53.5400, 100
2013-03-13, 53.4200, 53.5000, 53.4200, 53.5000, 800
2013-03-14, 53.8600, 53.8600, 53.7900, 53.7900, 1942
2013-03-15, 53.6700, 53.6700, 53.6700, 53.6700, 400
2013-03-18, 53.3001, 53.3001, 53.3001, 53.3001, 500
2013-03-19, 53.3100, 53.3100, 53.0400, 53.0400, 800
2013-03-20, 53.0400, 53.0400, 53.0400, 53.0400, 0
2013-03-21, 52.9900, 53.0700, 52.9800, 53.0400, 2900
2013-03-22, 53.5200, 53.5200, 53.4820, 53.4820, 260
2013-03-25, 53.6300, 53.6600, 53.2600, 53.2800, 8660
2013-03-26, 53.6100, 53.6100, 53.6100, 53.6100, 600
2013-03-27, 53.6790, 53.6790, 53.6090, 53.6090, 2079
2013-03-28, 53.8500, 54.1500, 53.7600, 54.1500, 4894
2013-04-01, 54.3400, 54.3400, 53.9500, 53.9500, 3646
2013-04-02, 54.2000, 54.2000, 54.2000, 54.2000, 300
2013-04-03, 53.5000, 53.7100, 53.3400, 53.3400, 1000
2013-04-04, 53.8700, 53.8700, 53.8700, 53.8700, 100
2013-04-05, 53.4890, 53.4890, 53.4890, 53.4890, 100
2013-04-08, 53.5700, 53.6500, 53.5700, 53.6100, 826
2013-04-09, 54.0400, 54.0400, 53.7600, 53.7600, 345
2013-04-10, 54.5600, 54.8290, 54.5600, 54.8290, 200
2013-04-11, 55.0400, 55.0400, 54.9500, 54.9500, 200
2013-04-12, 54.5400, 55.1500, 54.4100, 54.6500, 25205
2013-04-15, 54.7300, 54.7300, 54.0100, 54.1990, 976
2013-04-16, 54.1990, 54.1990, 54.1990, 54.1990, 0
2013-04-17, 53.2700, 53.6190, 53.1900, 53.6190, 3196
2013-04-18, 53.7100, 53.8100, 53.7100, 53.8100, 1200
2013-04-19, 53.8100, 53.8100, 53.8100, 53.8100, 0
2013-04-22, 53.8100, 53.8100, 53.8100, 53.8100, 0
2013-04-23, 54.6200, 54.6200, 54.0800, 54.0800, 1260
2013-04-24, 54.9300, 55.1100, 54.9000, 55.0340, 28464
2013-04-25, 55.8400, 55.8400, 54.9900, 54.9900, 4880
2013-04-26, 54.9300, 54.9300, 54.6500, 54.7100, 3920
2013-04-29, 54.9400, 55.7490, 54.9000, 55.5320, 7110
2013-04-30, 55.5200, 55.7290, 55.5200, 55.7290, 557
2013-05-01, 55.6106, 55.6106, 54.9200, 54.9300, 2869
2013-05-02, 54.8000, 55.5290, 54.8000, 55.4990, 700
2013-05-03, 56.2300, 56.2300, 56.2300, 56.2300, 100
2013-05-06, 55.5600, 56.0700, 55.5600, 55.7400, 3357
2013-05-07, 55.8100, 56.1400, 55.7200, 56.1400, 800
2013-05-08, 56.2800, 56.5500, 56.2300, 56.4000, 3700
2013-05-09, 56.6100, 56.6100, 56.1500, 56.4600, 3280
2013-05-10, 55.8900, 56.2200, 55.8800, 56.2200, 1400
2013-05-13, 56.1801, 56.5399, 56.0000, 56.1500, 25865
2013-05-14, 56.2500, 56.8000, 56.2000, 56.7240, 19438
2013-05-15, 56.8500, 56.9101, 56.4799, 56.6900, 57389
2013-05-16, 56.8300, 57.0500, 56.5200, 56.5500, 48531
2013-05-17, 56.7800, 57.0490, 56.5300, 56.7700, 39927
2013-05-20, 57.0200, 57.2600, 56.8200, 57.0000, 34672
2013-05-21, 57.3800, 57.3800, 56.9500, 57.2400, 11400
2013-05-22, 57.0700, 57.3800, 56.1500, 56.4500, 64165
2013-05-23, 56.1900, 56.1900, 55.4800, 55.9100, 49971
2013-05-24, 56.0000, 56.0000, 55.2800, 55.2800, 26400
2013-05-28, 55.7100, 56.6500, 55.7100, 56.3300, 37589
2013-05-29, 55.8400, 56.0100, 55.5200, 56.0100, 10100
2013-05-30, 55.4500, 56.1200, 55.4500, 56.0600, 13180
2013-05-31, 55.6500, 55.6500, 55.2400, 55.2400, 2700
2013-06-03, 55.7100, 55.7100, 54.6500, 54.9000, 5662
2013-06-04, 55.4040, 55.4040, 55.4040, 55.4040, 200
2013-06-05, 55.4000, 55.4000, 55.4000, 55.4000, 0
2013-06-06, 54.3400, 54.3600, 54.1800, 54.3200, 1800
2013-06-07, 54.4100, 54.8700, 54.4100, 54.8700, 300
2013-06-10, 55.0000, 55.3190, 54.8800, 55.3190, 2960
2013-06-11, 55.3190, 55.3190, 55.3190, 55.3190, 0
2013-06-12, 54.4700, 54.4700, 54.2000, 54.3600, 1500
2013-06-13, 54.4000, 54.5400, 54.4000, 54.5400, 200
2013-06-14, 54.6467, 54.6467, 54.6467, 54.6467, 1000
2013-06-17, 55.3000, 55.3000, 55.2000, 55.2000, 500
2013-06-18, 55.2000, 55.2000, 55.2000, 55.2000, 0
2013-06-19, 55.3800, 55.7200, 55.0700, 55.0700, 1300
2013-06-20, 55.0700, 55.0700, 55.0700, 55.0700, 0
2013-06-21, 53.4180, 53.4180, 51.7360, 51.7360, 1000
2013-06-24, 51.9500, 52.0480, 51.6100, 52.0480, 744
2013-06-25, 52.1700, 52.3690, 52.0000, 52.2580, 1400
2013-06-26, 52.8600, 52.8600, 52.6200, 52.7800, 2452
2013-06-27, 53.4100, 53.4100, 53.0200, 53.0200, 1327
2013-06-28, 53.0390, 53.0390, 53.0390, 53.0390, 100
2013-07-01, 53.4810, 53.5600, 53.2700, 53.5080, 2256
2013-07-02, 53.5080, 53.5080, 53.5080, 53.5080, 0
2013-07-03, 52.5310, 52.6660, 52.5310, 52.6660, 800
2013-07-05, 52.6700, 52.6700, 52.6700, 52.6700, 0
2013-07-08, 53.5910, 53.5910, 53.5910, 53.5910, 100
2013-07-09, 54.4800, 54.4900, 54.0400, 54.2400, 1276
2013-07-10, 54.4700, 54.4700, 54.0100, 54.3300, 1100
2013-07-11, 55.1300, 55.1400, 55.1300, 55.1400, 200
2013-07-12, 54.5200, 54.5200, 54.5200, 54.5200, 100
2013-07-15, 54.5200, 54.5200, 54.5200, 54.5200, 0
2013-07-16, 55.5300, 55.5300, 55.5300, 55.5300, 240
2013-07-17, 55.8100, 55.9100, 55.7160, 55.7160, 1507
2013-07-18, 55.9100, 56.1600, 55.9100, 55.9900, 1500
2013-07-19, 56.0000, 56.0000, 55.9900, 55.9900, 672
2013-07-22, 56.2890, 56.2900, 56.2380, 56.2380, 1379
2013-07-23, 56.2000, 56.4600, 56.2000, 56.3700, 1100
2013-07-24, 56.1600, 56.2100, 55.9480, 55.9520, 977
2013-07-25, 56.2200, 56.2300, 55.8400, 55.8400, 746
2013-07-26, 55.9800, 56.0000, 55.9800, 56.0000, 335
2013-07-29, 55.7600, 55.7600, 55.7400, 55.7400, 340
2013-07-30, 55.8620, 55.8620, 55.8620, 55.8620, 100
2013-07-31, 55.8390, 55.8400, 55.7340, 55.7340, 580
2013-08-01, 56.2500, 56.3700, 56.2500, 56.2740, 380
2013-08-02, 57.0300, 57.0300, 56.3900, 56.4100, 800
2013-08-05, 56.4100, 56.4100, 56.4100, 56.4100, 0
2013-08-06, 56.3700, 56.4200, 56.2640, 56.2640, 942
2013-08-07, 56.1500, 56.1700, 56.0680, 56.1700, 480
2013-08-08, 56.5699, 56.5699, 56.5699, 56.5699, 100
2013-08-09, 56.7600, 56.8300, 56.0640, 56.1200, 2928
2013-08-12, 56.1200, 56.1200, 56.1200, 56.1200, 0
2013-08-13, 56.3800, 56.3800, 56.3800, 56.3800, 100
2013-08-14, 56.3800, 56.3800, 56.3800, 56.3800, 0
2013-08-15, 56.0300, 56.0300, 55.9000, 55.9080, 1480
2013-08-16, 56.1000, 56.1100, 55.9100, 55.9100, 6444
2013-08-19, 55.7790, 55.7790, 55.4380, 55.4380, 1320
2013-08-20, 55.5500, 55.5500, 55.4240, 55.4240, 700
2013-08-21, 55.3390, 55.3390, 55.3390, 55.3390, 100
2013-08-22, 55.3400, 55.3400, 55.3400, 55.3400, 0
2013-08-23, 55.9600, 56.0000, 55.7500, 55.8800, 800
2013-08-26, 56.5000, 56.5000, 55.9700, 55.9700, 360
2013-08-27, 55.9700, 55.9700, 55.9700, 55.9700, 0
2013-08-28, 55.0300, 55.0300, 54.8590, 55.0300, 500
2013-08-29, 55.1300, 55.2000, 55.1299, 55.1900, 780
2013-08-30, 54.7700, 54.7700, 54.6700, 54.6700, 700
2013-09-03, 54.6700, 54.6700, 54.6700, 54.6700, 0
2013-09-04, 54.6700, 54.6700, 54.6700, 54.6700, 0
2013-09-05, 55.2350, 55.3800, 55.2350, 55.3800, 360
2013-09-06, 56.0000, 56.3900, 55.7800, 56.2200, 1200
2013-09-09, 56.5760, 56.5760, 56.5760, 56.5760, 100
2013-09-10, 57.0000, 57.3200, 57.0000, 57.1940, 1763
2013-09-11, 57.3100, 57.3100, 57.1180, 57.1180, 800
2013-09-12, 57.2800, 57.3600, 57.2540, 57.3000, 700
2013-09-13, 57.3000, 57.4900, 57.3000, 57.4900, 1400
2013-09-16, 58.1000, 58.1100, 58.0500, 58.0900, 2085
2013-09-17, 58.0100, 58.0100, 58.0100, 58.0100, 100
2013-09-18, 58.0600, 58.1400, 58.0600, 58.1400, 300
2013-09-19, 58.1400, 58.1400, 58.1400, 58.1400, 0
2013-09-20, 58.4600, 59.1400, 58.4600, 58.9500, 800
2013-09-23, 58.4000, 58.4800, 58.2720, 58.4800, 600
2013-09-24, 58.3800, 58.5000, 58.2500, 58.3640, 1100
2013-09-25, 58.3300, 58.3300, 58.3300, 58.3300, 134
2013-09-26, 57.9600, 57.9600, 57.9600, 57.9600, 812
2013-09-27, 58.1800, 58.1800, 58.1800, 58.1800, 100
2013-09-30, 57.8260, 57.8260, 57.8260, 57.8260, 200
2013-10-01, 57.8300, 57.8300, 57.8300, 57.8300, 0
2013-10-02, 58.0400, 58.0400, 58.0400, 58.0400, 272
2013-10-03, 58.1400, 58.1400, 57.6330, 57.7400, 2700
2013-10-04, 57.7400, 57.7400, 57.7400, 57.7400, 0
2013-10-07, 57.7400, 57.7400, 57.7400, 57.7400, 0
2013-10-08, 58.3700, 58.3700, 57.1220, 57.1300, 300
2013-10-09, 57.0300, 57.3420, 57.0300, 57.2620, 1587
2013-10-10, 57.8000, 58.3500, 57.8000, 58.3500, 1200
2013-10-11, 58.2900, 58.7300, 58.2900, 58.6370, 3599
2013-10-14, 58.7700, 59.1600, 58.6700, 59.1600, 1732
2013-10-15, 59.0400, 59.0600, 58.8610, 58.8823, 570
2013-10-16, 59.1100, 59.2000, 59.1100, 59.1800, 400
2013-10-17, 59.8600, 59.8600, 59.7200, 59.8300, 8958
2013-10-18, 59.8500, 59.8500, 59.8500, 59.8500, 200
2013-10-21, 60.3500, 60.3500, 60.1980, 60.3390, 400
2013-10-22, 60.8400, 60.8400, 60.8400, 60.8400, 100
2013-10-23, 61.3800, 61.3800, 60.0160, 60.3700, 2467
2013-10-24, 60.5600, 60.6000, 60.4300, 60.6000, 1610
2013-10-25, 60.7000, 60.7000, 60.7000, 60.7000, 100
2013-10-28, 61.9400, 61.9400, 60.7000, 60.7300, 864
2013-10-29, 60.7300, 60.7300, 60.7300, 60.7300, 0
2013-10-30, 60.7860, 60.7860, 60.7860, 60.7860, 200
2013-10-31, 60.7900, 60.7900, 60.7900, 60.7900, 0
2013-11-01, 60.0044, 60.0044, 60.0044, 60.0044, 424
2013-11-04, 60.6590, 60.7700, 60.6040, 60.7700, 1700
2013-11-05, 60.7700, 60.7700, 60.7700, 60.7700, 0
2013-11-06, 60.0060, 60.7200, 60.0060, 60.7200, 572
2013-11-07, 61.7900, 61.7900, 59.7520, 60.2790, 3219
2013-11-08, 60.3700, 60.3700, 60.3700, 60.3700, 100
2013-11-11, 61.0000, 61.0000, 60.5900, 60.7780, 1463
2013-11-12, 61.1500, 61.1500, 60.6200, 60.6200, 2122
2013-11-13, 60.5575, 60.5575, 60.3600, 60.3600, 400
2013-11-14, 60.1900, 60.1900, 60.1800, 60.1800, 956
2013-11-15, 61.7100, 62.1600, 61.5300, 62.1600, 4977
2013-11-18, 62.5900, 62.9000, 60.9800, 60.9800, 7638
2013-11-19, 61.1600, 62.3290, 61.1600, 62.3290, 200
2013-11-20, 61.0500, 62.2900, 60.8400, 61.1100, 2002
2013-11-21, 61.1100, 61.1100, 61.1100, 61.1100, 0
2013-11-22, 62.4490, 62.7400, 62.4490, 62.7400, 2029
2013-11-25, 61.4100, 62.6300, 61.4100, 61.7500, 4011
2013-11-26, 62.6600, 62.6600, 61.7500, 62.5400, 6506
2013-11-27, 63.6900, 63.6900, 62.6150, 62.6150, 1703
2013-11-29, 62.6200, 62.6200, 62.6200, 62.6200, 0
2013-12-02, 64.0400, 64.0400, 62.5190, 62.5190, 4984
2013-12-03, 62.5300, 62.5690, 62.2980, 62.2980, 6405
2013-12-04, 62.2900, 62.8500, 62.2300, 62.8400, 1212
2013-12-05, 62.6000, 63.3500, 62.6000, 63.3500, 1000
2013-12-06, 63.7000, 64.0500, 63.7000, 63.8680, 525
2013-12-09, 63.8900, 65.5800, 62.0920, 62.5600, 19258
2013-12-10, 62.5000, 64.4900, 62.5000, 63.7800, 22810
2013-12-11, 63.7300, 64.1300, 63.3000, 63.8070, 3990
2013-12-12, 63.8500, 63.9558, 63.8000, 63.8000, 947
2013-12-13, 63.6390, 64.1300, 63.3700, 64.1300, 1351
2013-12-16, 64.3900, 64.8710, 64.3900, 64.8140, 2864
2013-12-17, 64.6600, 66.0890, 64.5000, 64.5000, 5132
2013-12-18, 64.6800, 64.7200, 63.3000, 64.4100, 12660
2013-12-19, 63.0000, 63.0000, 61.3100, 61.5000, 9017
2013-12-20, 61.4400, 61.4900, 61.3600, 61.3600, 3388
2013-12-23, 60.8500, 61.8000, 60.8500, 61.7200, 1822
2013-12-24, 61.9000, 61.9800, 61.9000, 61.9800, 1195
2013-12-26, 62.9600, 62.9600, 61.5610, 62.0900, 9037
2013-12-27, 62.1110, 62.1110, 62.1110, 62.1110, 333
2013-12-30, 62.1000, 62.2000, 60.6000, 61.9200, 3016
2013-12-31, 60.7200, 62.0100, 60.2400, 61.2200, 3948
2014-01-02, 59.6700, 62.0340, 59.1510, 59.4960, 5953
2014-01-03, 60.2500, 62.3300, 60.2500, 61.5000, 9239
2014-01-06, 61.5350, 61.8900, 61.3800, 61.5800, 9071
2014-01-07, 61.1900, 61.8000, 60.1900, 61.7540, 4783
2014-01-08, 61.7040, 61.8499, 61.5800, 61.6160, 3226
2014-01-09, 61.4540, 61.7700, 61.3710, 61.7440, 2850
2014-01-10, 61.9600, 62.1896, 61.9040, 62.1896, 7733
2014-01-13, 61.4400, 62.1200, 61.3960, 61.4200, 17706
2014-01-14, 61.1500, 62.1440, 61.1500, 62.1140, 2266
2014-01-15, 62.4700, 62.4700, 62.1760, 62.1760, 1238
2014-01-16, 62.0601, 62.2599, 62.0400, 62.2599, 3175
2014-01-17, 62.1560, 62.3000, 62.1440, 62.1440, 2321
2014-01-21, 62.6100, 62.6600, 62.2000, 62.2600, 1997
2014-01-22, 62.3300, 62.5200, 62.3300, 62.4860, 2122
2014-01-23, 61.0300, 61.9200, 61.0300, 61.7300, 2429
2014-01-24, 61.0400, 61.0400, 60.3550, 60.3550, 7967
2014-01-27, 60.9600, 60.9600, 60.0000, 60.0180, 3372
2014-01-28, 60.0200, 60.0201, 60.0000, 60.0000, 559
2014-01-29, 60.3800, 60.3800, 59.7845, 59.8400, 5348
2014-01-30, 60.5300, 60.5300, 60.3480, 60.3480, 727
2014-01-31, 60.3300, 60.3300, 59.6100, 60.1820, 1027
2014-02-03, 60.4800, 63.0200, 58.6470, 58.6600, 6000
2014-02-04, 59.2320, 59.2320, 59.1400, 59.1400, 1458
2014-02-05, 59.1400, 59.1400, 59.1400, 59.1400, 33
2014-02-06, 59.1400, 59.1400, 59.1400, 59.1400, 5
2014-02-07, 60.1400, 60.6290, 60.1200, 60.5900, 1919
2014-02-10, 61.1700, 61.1700, 60.7000, 60.7000, 299
2014-02-11, 61.3990, 61.4820, 61.3600, 61.3720, 640
2014-02-12, 61.7300, 61.7300, 61.5300, 61.5300, 578
2014-02-13, 61.4300, 61.7500, 61.4300, 61.7500, 1040
2014-02-14, 62.0000, 62.1880, 61.5040, 62.1880, 988
2014-02-18, 62.3500, 62.3900, 62.2510, 62.3900, 1048
2014-02-19, 61.6300, 62.2500, 61.6300, 61.8550, 2718
2014-02-20, 61.7000, 61.7170, 61.7000, 61.7170, 746
2014-02-21, 62.3980, 62.3980, 62.3980, 62.3980, 308
2014-02-24, 62.1100, 62.7460, 62.1100, 62.7460, 502
2014-02-25, 62.4400, 62.4500, 62.4400, 62.4500, 495
2014-02-26, 62.7800, 62.7800, 62.2810, 62.3100, 4415
2014-02-27, 62.7300, 62.7600, 62.7100, 62.7600, 1272
2014-02-28, 63.1500, 63.1500, 63.1345, 63.1500, 1094
2014-03-03, 62.3200, 62.3200, 62.1150, 62.1150, 2704
2014-03-04, 63.0900, 63.0900, 63.0690, 63.0690, 733
2014-03-05, 63.0900, 64.6300, 63.0340, 63.1050, 4751
2014-03-06, 63.5000, 63.5000, 63.4700, 63.4700, 2012
2014-03-07, 63.3900, 63.3900, 63.3560, 63.3560, 447
2014-03-10, 62.7601, 63.0000, 62.7601, 62.9700, 411
2014-03-11, 62.5600, 62.5600, 62.5600, 62.5600, 448
2014-03-12, 62.4890, 62.4890, 62.4890, 62.4890, 313
2014-03-13, 62.6700, 62.6700, 62.3320, 62.3320, 656
2014-03-14, 61.5700, 61.5700, 61.5700, 61.5700, 195
2014-03-17, 62.2184, 62.2184, 62.1400, 62.1900, 456
2014-03-18, 62.2400, 62.4820, 62.2400, 62.4820, 1016
2014-03-19, 62.4820, 62.4820, 62.4820, 62.4820, 184
2014-03-20, 62.4820, 62.4820, 62.4820, 62.4820, 249
2014-03-21, 62.9000, 62.9000, 62.1115, 62.1115, 1424
2014-03-24, 61.9300, 61.9300, 61.9300, 61.9300, 212
2014-03-25, 62.2700, 62.2700, 62.1100, 62.1300, 1564
2014-03-26, 62.1300, 62.1300, 62.1300, 62.1300, 91
2014-03-27, 62.2420, 62.2800, 62.2420, 62.2800, 958
2014-03-28, 62.5500, 62.6100, 62.5200, 62.6100, 1789
2014-03-31, 63.1600, 63.1600, 63.1600, 63.1600, 668
2014-04-01, 63.1500, 63.3500, 63.1500, 63.3500, 425
2014-04-02, 63.3500, 63.3500, 63.3500, 63.3500, 224
2014-04-03, 63.8600, 63.8600, 63.8600, 63.8600, 300
2014-04-04, 63.8600, 63.8600, 63.8600, 63.8600, 25
2014-04-07, 63.8600, 63.8600, 63.8600, 63.8600, 87
2014-04-08, 62.5100, 62.5100, 62.4500, 62.4500, 500
2014-04-09, 62.4500, 62.4500, 62.4500, 62.4500, 20
2014-04-10, 62.6100, 62.7900, 62.5500, 62.5500, 1398
2014-04-11, 62.5500, 62.5500, 62.5500, 62.5500, 63
2014-04-14, 62.1600, 62.1600, 61.8300, 61.8300, 1921
2014-04-15, 62.0931, 62.0931, 62.0931, 62.0931, 252
2014-04-16, 62.6700, 62.8500, 62.6700, 62.7880, 835
2014-04-17, 63.1100, 63.2200, 63.1100, 63.2200, 665
2014-04-21, 63.2700, 63.2700, 63.2700, 63.2700, 400
2014-04-22, 63.2700, 63.2700, 63.2700, 63.2700, 130
2014-04-23, 63.4200, 63.4200, 63.3100, 63.4000, 694
2014-04-24, 63.1699, 63.1699, 63.1699, 63.1699, 400
2014-04-25, 63.1100, 63.1100, 62.8820, 62.8820, 631
2014-04-28, 63.0800, 63.3000, 63.0460, 63.1200, 2325
2014-04-29, 63.5300, 63.5300, 63.3600, 63.4760, 811
2014-04-30, 63.3600, 63.3900, 63.3500, 63.3500, 4172
2014-05-01, 63.5800, 63.6400, 63.4900, 63.6290, 1088
2014-05-02, 63.6290, 63.6290, 63.6290, 63.6290, 133
2014-05-05, 63.5000, 63.5800, 63.4400, 63.5690, 1241
2014-05-06, 63.5800, 63.5800, 63.5400, 63.5400, 587
2014-05-07, 63.6000, 63.6000, 63.0810, 63.4000, 2258
2014-05-08, 63.7900, 63.7900, 63.4300, 63.4300, 750
2014-05-09, 63.3000, 63.4000, 63.2910, 63.3910, 858
2014-05-12, 63.8700, 63.9900, 63.8700, 63.9890, 1155
2014-05-13, 64.1400, 64.1700, 64.0900, 64.1590, 1275
2014-05-14, 64.1590, 64.1590, 64.1590, 64.1590, 139
2014-05-15, 64.1590, 64.1590, 64.1590, 64.1590, 740
2014-05-16, 63.5700, 63.5700, 63.5200, 63.5690, 1401
2014-05-19, 63.9800, 63.9800, 63.6000, 63.7300, 1674
2014-05-20, 63.9700, 63.9700, 63.6200, 63.6200, 517
2014-05-21, 63.7700, 63.8000, 63.7700, 63.7900, 2437
2014-05-22, 64.0000, 64.0400, 64.0000, 64.0400, 1756
2014-05-23, 64.0400, 64.0400, 64.0400, 64.0400, 137
2014-05-27, 64.5100, 64.5100, 64.5100, 64.5100, 200
2014-05-28, 64.5100, 64.5100, 64.5100, 64.5100, 40
2014-05-29, 64.5100, 64.5100, 64.5100, 64.5100, 88
2014-05-30, 64.8599, 64.9300, 64.8480, 64.9300, 1155
2014-06-02, 64.9800, 65.0300, 64.9200, 65.0000, 1465
2014-06-03, 64.9600, 65.0080, 64.9600, 65.0080, 2878
2014-06-04, 65.0900, 65.0900, 65.0790, 65.0790, 1217
2014-06-05, 65.0790, 65.0790, 65.0790, 65.0790, 210
2014-06-06, 66.2100, 66.2190, 66.0960, 66.0960, 1200
2014-06-09, 66.6600, 66.6600, 65.7601, 65.9100, 910
2014-06-10, 66.1190, 66.1190, 65.8090, 65.8090, 1643
2014-06-11, 65.6000, 65.6000, 65.5600, 65.5600, 1682
2014-06-12, 65.3300, 65.3500, 65.2400, 65.3430, 3833
2014-06-13, 65.4399, 65.4800, 65.4399, 65.4800, 1756
2014-06-16, 65.9000, 65.9000, 65.3700, 65.4500, 2531
2014-06-17, 65.4900, 65.6100, 65.3850, 65.6000, 2247
2014-06-18, 65.6000, 65.6000, 65.6000, 65.6000, 354
2014-06-19, 66.3400, 66.3500, 66.2700, 66.3000, 2300
2014-06-20, 65.3200, 65.3900, 65.3200, 65.3900, 559
2014-06-23, 65.1400, 65.3500, 65.1300, 65.3380, 3339
2014-06-24, 65.2100, 65.3700, 64.9290, 64.9290, 1553
2014-06-25, 64.9990, 64.9990, 64.9990, 64.9990, 129
2014-06-26, 64.8400, 65.1570, 64.7701, 65.1570, 928
2014-06-27, 65.2000, 65.3500, 65.2000, 65.3000, 316482
2014-06-30, 65.4100, 65.4600, 65.2300, 65.4300, 306187
2014-07-01, 65.5700, 65.9390, 65.5700, 65.9260, 2824
2014-07-02, 65.9260, 65.9260, 65.9260, 65.9260, 110
2014-07-03, 66.8100, 66.8100, 66.0980, 66.1800, 3240
2014-07-07, 66.1800, 66.1899, 66.0280, 66.0600, 4545
2014-07-08, 65.5000, 65.5800, 65.5000, 65.5100, 37286
2014-07-09, 66.2100, 66.2100, 65.4800, 65.6000, 1803
2014-07-10, 67.5600, 67.5600, 65.2500, 66.3600, 3400
2014-07-11, 65.1700, 65.4200, 62.6501, 62.6501, 6200
2014-07-14, 65.5800, 65.7590, 65.5800, 65.6401, 1200
2014-07-15, 65.8800, 65.8800, 65.5620, 65.6000, 2331
2014-07-16, 65.8600, 65.9500, 65.7800, 65.9500, 5264
2014-07-17, 65.4610, 65.4710, 65.1200, 65.1200, 2531
2014-07-18, 65.5500, 65.5500, 65.3900, 65.5020, 1228
2014-07-21, 65.7800, 65.7800, 65.4440, 65.6500, 2282
2014-07-22, 66.1900, 66.1900, 65.9716, 66.0500, 1326
2014-07-23, 66.1600, 66.1600, 66.1600, 66.1600, 369
2014-07-24, 66.3600, 66.3600, 66.1900, 66.2400, 2341
2014-07-25, 65.8599, 65.9500, 65.8599, 65.9500, 1629
2014-07-28, 66.5700, 66.5700, 65.7900, 65.9300, 2279
2014-07-29, 65.9100, 65.9100, 65.9100, 65.9100, 904
2014-07-30, 65.5100, 65.5100, 65.4200, 65.5000, 2846
2014-07-31, 64.6400, 64.6400, 64.6240, 64.6240, 683
2014-08-01, 63.9800, 63.9800, 63.9800, 63.9800, 609
2014-08-04, 64.2600, 64.3000, 64.2500, 64.3000, 1228
2014-08-05, 64.2800, 65.1000, 63.7696, 65.1000, 3365
2014-08-06, 63.7880, 64.2300, 63.7880, 63.8090, 1598
2014-08-07, 64.0000, 64.0000, 63.2490, 63.2490, 4501
2014-08-08, 63.7500, 63.7500, 62.0120, 63.3870, 2181
2014-08-11, 63.9290, 63.9290, 63.9290, 63.9290, 270
2014-08-12, 63.8500, 63.9300, 63.5700, 63.7000, 4937
2014-08-13, 64.2000, 64.4600, 63.9500, 64.3100, 9081
2014-08-14, 64.3100, 64.3100, 64.3100, 64.3100, 282
2014-08-15, 64.0200, 64.2700, 64.0200, 64.2000, 1176
2014-08-18, 65.2600, 65.2600, 65.2600, 65.2600, 223
2014-08-19, 64.9900, 65.5600, 64.9900, 65.5600, 3157
2014-08-20, 65.5600, 65.5600, 65.5600, 65.5600, 10
2014-08-21, 65.5600, 65.5600, 65.5600, 65.5600, 125
2014-08-22, 65.5240, 65.5240, 65.0420, 65.0420, 255
2014-08-25, 65.8800, 65.9300, 65.4740, 65.8540, 1778
2014-08-26, 65.3400, 65.3400, 65.3400, 65.3400, 512
2014-08-27, 66.1300, 66.1300, 66.1100, 66.1100, 598
2014-08-28, 65.2130, 65.2170, 65.2130, 65.2170, 547
2014-08-29, 65.7500, 65.8600, 65.5540, 65.5540, 759
2014-09-02, 65.8000, 65.8000, 65.8000, 65.8000, 700
2014-09-03, 65.8000, 65.8000, 65.8000, 65.8000, 41
2014-09-04, 65.9950, 65.9950, 65.7000, 65.7500, 4161
2014-09-05, 66.0990, 66.0990, 65.8360, 65.8360, 734
2014-09-08, 65.5900, 65.7300, 65.3200, 65.7300, 1896
2014-09-09, 65.5200, 65.5200, 65.3600, 65.3600, 3129
2014-09-10, 65.5400, 65.5700, 65.3000, 65.5260, 2095
2014-09-11, 65.4400, 65.4400, 65.3970, 65.3970, 542
2014-09-12, 65.2500, 65.2500, 64.9760, 64.9760, 1039
2014-09-15, 64.9700, 64.9700, 64.6760, 64.8960, 2092
2014-09-16, 65.2200, 65.4900, 65.2200, 65.3000, 4538
2014-09-17, 65.3000, 65.3000, 65.3000, 65.3000, 318
2014-09-18, 65.3000, 65.3000, 65.3000, 65.3000, 214
2014-09-19, 65.4027, 65.7000, 65.3360, 65.3360, 2189
2014-09-22, 64.8900, 65.0000, 64.7300, 64.9700, 7672
2014-09-23, 64.3401, 64.6700, 64.1640, 64.6270, 1355
2014-09-24, 64.6100, 64.9800, 64.5650, 64.9370, 3127
2014-09-25, 64.1500, 64.2100, 64.1500, 64.2100, 1036
2014-09-26, 63.9140, 64.2860, 63.9140, 64.2860, 949
2014-09-29, 64.1800, 64.1800, 63.1350, 64.0199, 3062
2014-09-30, 63.3300, 63.8600, 63.3300, 63.8600, 1220
2014-10-01, 63.0400, 63.0400, 63.0400, 63.0400, 582
2014-10-02, 60.7400, 62.4500, 60.7400, 62.2700, 3772
2014-10-03, 62.8310, 62.8310, 62.8300, 62.8300, 943
2014-10-06, 63.0400, 63.6499, 63.0350, 63.6499, 2096
2014-10-07, 62.7670, 62.7670, 62.7670, 62.7670, 370
2014-10-08, 63.1400, 63.1400, 62.6200, 62.8460, 3209
2014-10-09, 62.8460, 62.8460, 62.8460, 62.8460, 141
2014-10-10, 62.8460, 62.8460, 62.8460, 62.8460, 73
2014-10-13, 61.5700, 61.5700, 61.1520, 61.1520, 1347
2014-10-14, 61.6300, 61.6300, 60.6000, 61.0200, 2294
2014-10-15, 60.7900, 60.7900, 57.1800, 57.1800, 926
2014-10-16, 58.2100, 60.2880, 58.2100, 60.2880, 1308
2014-10-17, 60.8800, 61.2000, 60.4930, 60.4930, 852
2014-10-20, 61.0760, 61.0760, 61.0760, 61.0760, 164
2014-10-21, 59.9560, 62.3100, 59.9560, 61.9720, 9656
2014-10-22, 62.0390, 62.0400, 61.7880, 61.7880, 1127
2014-10-23, 62.5500, 62.7800, 62.5080, 62.6999, 1696
2014-10-24, 62.6860, 62.9700, 62.6860, 62.9370, 1111
2014-10-27, 62.1800, 62.8200, 62.1800, 62.4430, 3020
2014-10-28, 63.1400, 63.6400, 63.1400, 63.6400, 564
2014-10-29, 63.4700, 63.6399, 63.4700, 63.6399, 396
2014-10-30, 63.6399, 63.6399, 63.6399, 63.6399, 116
2014-10-31, 64.2500, 64.7300, 64.2300, 64.7299, 3175
2014-11-03, 64.7150, 64.7150, 64.7150, 64.7150, 433
2014-11-04, 64.0440, 64.0440, 64.0440, 64.0440, 200
2014-11-05, 64.4200, 64.4499, 64.2040, 64.4499, 1027
2014-11-06, 64.4499, 64.4499, 64.4499, 64.4499, 107
2014-11-07, 64.7900, 64.7900, 64.0500, 64.4400, 1040
2014-11-10, 64.8090, 64.8090, 64.5940, 64.7199, 540
2014-11-11, 64.6900, 64.6900, 64.5700, 64.5700, 503
2014-11-12, 64.8200, 64.8200, 64.5700, 64.7200, 1225
2014-11-13, 64.7300, 64.7300, 64.7060, 64.7060, 287
2014-11-14, 65.1300, 65.1300, 64.7500, 64.7960, 3425
2014-11-17, 64.8590, 64.8590, 64.8590, 64.8590, 616
2014-11-18, 65.0540, 65.3499, 65.0200, 65.0640, 3440
2014-11-19, 64.6000, 64.9300, 64.5500, 64.9300, 2160
2014-11-20, 64.8500, 64.8500, 64.8500, 64.8500, 461
2014-11-21, 65.8000, 65.8100, 65.5600, 65.5600, 1195
2014-11-24, 65.7850, 65.8300, 65.6860, 65.6860, 3639
2014-11-25, 66.5000, 66.5000, 65.7620, 65.9060, 9941
2014-11-26, 66.0300, 66.0400, 65.8960, 65.8960, 633
2014-11-28, 65.8960, 65.8960, 65.8960, 65.8960, 15
2014-12-01, 65.1700, 65.7600, 65.0500, 65.7500, 65191
2014-12-02, 65.8700, 66.1310, 65.8100, 66.1310, 7879
2014-12-03, 65.9280, 66.4900, 65.9280, 66.4900, 2327
2014-12-04, 66.4590, 66.4590, 66.3099, 66.3099, 675
2014-12-05, 66.3900, 66.4100, 66.0800, 66.1090, 1017
2014-12-08, 65.9390, 66.1400, 65.7000, 66.1100, 2960
2014-12-09, 64.7830, 66.5200, 64.7830, 66.2700, 5902
2014-12-10, 65.5200, 65.7100, 64.6610, 65.5500, 10017
2014-12-11, 64.7600, 66.1600, 64.1640, 64.7390, 2618
2014-12-12, 64.2100, 64.2199, 63.1800, 63.1800, 1317
2014-12-15, 63.0300, 63.0400, 62.7500, 63.0100, 2181
2014-12-16, 63.0000, 63.9000, 62.2000, 63.2200, 11328
2014-12-17, 62.9900, 64.6000, 62.9900, 64.2700, 2554
2014-12-18, 65.2300, 65.2300, 65.2300, 65.2300, 454
2014-12-19, 65.2100, 65.4400, 64.9900, 65.4400, 2572
2014-12-22, 64.2000, 65.9100, 64.2000, 65.7100, 22019
2014-12-23, 65.8500, 66.2200, 65.5000, 66.2200, 15904
2014-12-24, 65.8820, 66.0000, 65.4500, 66.0000, 2699
2014-12-26, 65.9090, 65.9200, 64.8710, 65.9180, 1818
2014-12-29, 65.7300, 66.1400, 65.6610, 65.7040, 7677
2014-12-30, 67.1400, 67.1400, 64.0400, 65.7100, 6658
2014-12-31, 65.7300, 65.7900, 64.1601, 64.9700, 6924
2015-01-02, 64.9500, 64.9500, 64.9500, 64.9500, 536
2015-01-05, 64.3600, 64.3600, 63.3070, 63.6100, 2669
2015-01-06, 64.1300, 64.1300, 62.4800, 63.3800, 7212
2015-01-07, 63.2940, 63.9400, 63.2940, 63.7900, 4071
2015-01-08, 64.6800, 65.0800, 64.1401, 64.9600, 14291
2015-01-09, 64.0900, 64.6300, 63.9580, 64.6300, 4853
2015-01-12, 64.6400, 64.6400, 64.0000, 64.0000, 365
2015-01-13, 64.0100, 64.6700, 63.1410, 63.1410, 9148
2015-01-14, 63.9500, 63.9500, 62.9500, 63.6300, 4231
2015-01-15, 63.6800, 63.9500, 63.4800, 63.5800, 10991
2015-01-16, 63.0080, 64.3100, 63.0080, 64.3100, 4177
2015-01-20, 64.7400, 64.7400, 64.1100, 64.4400, 1803
2015-01-21, 64.6700, 64.8100, 63.8500, 64.8100, 8950
2015-01-22, 63.3800, 65.4800, 63.3800, 65.4800, 5476
2015-01-23, 65.4800, 65.4800, 65.4800, 65.4800, 225
2015-01-26, 65.4800, 65.4800, 65.4800, 65.4800, 71
2015-01-27, 64.5310, 64.6150, 64.5310, 64.6150, 1083
2015-01-28, 64.8290, 64.8290, 64.3790, 64.3790, 613
2015-01-29, 63.5010, 64.4299, 63.5010, 64.4299, 1626
2015-01-30, 64.4990, 64.4990, 64.0020, 64.2944, 2814
2015-02-02, 63.5400, 64.1340, 63.3300, 64.1340, 1839
2015-02-03, 64.6410, 64.6410, 64.6410, 64.6410, 250
2015-02-04, 65.4390, 65.4390, 64.8710, 65.1200, 5156
2015-02-05, 65.4300, 65.4400, 65.4130, 65.4400, 3833
2015-02-06, 65.5000, 65.9400, 65.2000, 65.3000, 7646
2015-02-09, 64.5000, 65.2480, 64.5000, 65.2480, 2020
2015-02-10, 65.3420, 65.3420, 65.1700, 65.1700, 621
2015-02-11, 65.5600, 65.5600, 64.8650, 65.4220, 1544
2015-02-12, 65.7300, 65.7799, 65.6510, 65.6800, 4097
2015-02-13, 65.7790, 66.6999, 65.7790, 66.5150, 1203
2015-02-17, 66.7500, 67.1000, 66.2321, 67.0390, 8287
2015-02-18, 66.1900, 66.7980, 66.1900, 66.7980, 71606
2015-02-19, 66.6664, 67.0580, 66.6664, 66.7720, 1424
2015-02-20, 67.0799, 67.5100, 66.8690, 66.8690, 2217
2015-02-23, 67.2926, 67.2926, 66.4780, 66.5440, 20238
2015-02-24, 67.0400, 67.0400, 67.0400, 67.0400, 312
2015-02-25, 66.7600, 66.9900, 66.6900, 66.9320, 11870
2015-02-26, 67.1500, 67.1500, 66.3500, 66.3500, 461
2015-02-27, 66.3510, 66.9300, 66.3510, 66.7100, 3058
2015-03-02, 66.6100, 66.6100, 66.6100, 66.6100, 340
2015-03-03, 66.9799, 66.9799, 66.5600, 66.5600, 1789
2015-03-04, 66.7500, 66.7500, 66.0200, 66.0700, 2137
2015-03-05, 66.8499, 66.8499, 66.1400, 66.1400, 1224
2015-03-06, 65.9000, 65.9000, 65.1500, 65.5300, 1027
2015-03-09, 65.2901, 65.2901, 65.2901, 65.2901, 454
2015-03-10, 64.1701, 64.1701, 64.1701, 64.1701, 263
2015-03-11, 64.9520, 65.0599, 64.2200, 64.3994, 1363
2015-03-12, 64.8180, 65.3734, 64.8180, 65.3734, 829
2015-03-13, 64.6460, 64.9000, 64.6460, 64.6520, 1391
2015-03-16, 65.3100, 65.3100, 65.3100, 65.3100, 439
2015-03-17, 65.5240, 65.5240, 65.3820, 65.3820, 669
2015-03-18, 65.1310, 66.6602, 65.1310, 66.6602, 1398
2015-03-19, 65.9999, 65.9999, 65.6930, 65.9999, 604
2015-03-20, 66.7899, 66.7900, 66.5700, 66.7900, 744
2015-03-23, 66.8000, 67.0600, 66.4100, 66.8400, 8703
2015-03-24, 66.4100, 67.0200, 66.4100, 67.0200, 3576
2015-03-25, 66.5500, 66.5500, 65.9940, 66.0999, 4667
2015-03-26, 65.9300, 65.9300, 65.1800, 65.5600, 24411
2015-03-27, 65.5600, 65.5600, 65.5600, 65.5600, 322
2015-03-30, 65.4600, 66.3800, 65.4600, 66.3800, 16590
2015-03-31, 65.8900, 66.6100, 65.7220, 66.6100, 1481
2015-04-01, 65.6300, 65.6300, 65.3500, 65.4560, 123250
2015-04-02, 65.6001, 65.7500, 65.6001, 65.6400, 122628
2015-04-06, 66.6900, 67.0800, 66.6700, 66.8500, 11198
2015-04-07, 67.1500, 67.1500, 66.7100, 66.7100, 136171
2015-04-08, 66.6300, 67.3800, 66.5200, 66.5200, 105454
2015-04-09, 66.4100, 67.1590, 66.4100, 67.1200, 17482
2015-04-10, 67.3900, 67.3900, 66.5400, 67.0500, 128400
2015-04-13, 67.4530, 67.4530, 67.1860, 67.2300, 1034
2015-04-14, 67.3900, 67.3900, 67.3200, 67.3550, 943
2015-04-15, 66.9734, 67.8000, 66.9734, 67.8000, 2084
2015-04-16, 67.9100, 67.9400, 67.5740, 67.9300, 78030
2015-04-17, 66.9600, 67.0799, 66.6480, 66.8400, 5522
2015-04-20, 67.3400, 67.4720, 67.1160, 67.3920, 31655
2015-04-21, 67.6800, 67.8600, 67.2201, 67.2201, 29305
2015-04-22, 67.9200, 67.9660, 67.5695, 67.5695, 3716
2015-04-23, 67.9600, 68.2900, 67.9600, 68.2800, 3868
2015-04-24, 68.3400, 68.5000, 68.3400, 68.3700, 32639
2015-04-27, 68.3650, 68.8700, 68.1500, 68.5300, 21732
2015-04-28, 68.5200, 68.5250, 68.1000, 68.1000, 5127
2015-04-29, 68.2300, 68.2500, 67.6200, 68.0500, 1733
2015-04-30, 67.4066, 67.5800, 67.1400, 67.4000, 6958
2015-05-01, 67.4620, 68.0500, 67.4620, 67.9600, 14749
2015-05-04, 68.5800, 68.5800, 68.0700, 68.1300, 4417
2015-05-05, 67.4400, 67.7400, 67.4140, 67.4140, 2462
2015-05-06, 66.9700, 67.5700, 66.5901, 66.5901, 3070
2015-05-07, 67.3600, 67.3699, 66.9085, 67.0900, 1459
2015-05-08, 68.4500, 68.4500, 67.9920, 68.2800, 11304
2015-05-11, 68.1700, 68.2000, 67.9000, 67.9500, 5444
2015-05-12, 68.0099, 68.0100, 67.9999, 68.0000, 1096
2015-05-13, 68.1000, 68.1200, 67.9800, 67.9800, 1022
2015-05-14, 68.0078, 68.7800, 68.0078, 68.7800, 740
2015-05-15, 68.2600, 68.8633, 68.2500, 68.5900, 4326
2015-05-18, 68.9100, 68.9200, 68.0700, 68.6426, 12464
2015-05-19, 69.0500, 69.0500, 68.5700, 68.5700, 2624
2015-05-20, 68.5600, 69.0500, 68.2600, 68.9900, 5560
2015-05-21, 68.8900, 69.8899, 67.6601, 69.8899, 5371
2015-05-22, 69.5900, 69.6021, 68.6800, 68.6900, 1950
2015-05-26, 66.7401, 68.6600, 66.7401, 68.2600, 12201
2015-05-27, 67.5200, 69.3100, 67.5200, 69.1210, 1797
2015-05-28, 67.5800, 68.9600, 67.5800, 68.7500, 3828
2015-05-29, 68.5500, 68.7300, 68.1200, 68.1900, 10751
2015-06-01, 68.2000, 68.7199, 68.1900, 68.5780, 3649
2015-06-02, 68.0700, 68.0700, 68.0400, 68.0400, 1801
2015-06-03, 68.1700, 69.0600, 68.1501, 68.6286, 2512
2015-06-04, 68.2499, 68.2499, 68.2499, 68.2499, 347
2015-06-05, 67.8300, 67.8300, 66.9100, 67.3000, 7709
2015-06-08, 66.9900, 67.1200, 66.9550, 66.9550, 1097
2015-06-09, 67.4600, 67.4600, 66.6205, 66.6205, 2128
2015-06-10, 67.4500, 67.6310, 67.2500, 67.6310, 1496
2015-06-11, 67.9990, 68.5500, 67.6800, 68.1900, 5130
2015-06-12, 68.1900, 68.1900, 68.1900, 68.1900, 199
2015-06-15, 65.0000, 67.7900, 65.0000, 66.8400, 2431
2015-06-16, 67.3720, 67.3720, 67.0801, 67.0801, 535
2015-06-17, 68.0800, 68.0800, 68.0800, 68.0800, 222
2015-06-18, 68.7600, 71.0000, 68.0800, 71.0000, 2742
2015-06-19, 69.7700, 69.7700, 69.7700, 69.7700, 212
2015-06-22, 70.2900, 70.2900, 67.6500, 67.8601, 1904
2015-06-23, 67.8601, 67.8601, 67.8601, 67.8601, 49
2015-06-24, 67.8599, 67.8599, 66.5900, 66.5900, 1707
2015-06-25, 67.5200, 67.5200, 67.5200, 67.5200, 294
2015-06-26, 66.9800, 67.3500, 66.9800, 67.3400, 1077
2015-06-29, 65.5600, 65.7372, 65.4000, 65.6900, 1765
2015-06-30, 65.8400, 66.1800, 65.8400, 66.1800, 589
2015-07-01, 67.7000, 67.7000, 63.9500, 65.1500, 3772
2015-07-02, 66.8000, 69.0100, 65.0701, 65.0701, 50423
2015-07-06, 64.5810, 64.5810, 64.2879, 64.3700, 1219
2015-07-07, 64.4880, 65.5680, 63.5100, 64.5000, 4254
2015-07-08, 64.4300, 64.4300, 64.1600, 64.1600, 621
2015-07-09, 64.5960, 64.5960, 64.1715, 64.3300, 1234
2015-07-10, 65.1500, 65.1500, 64.7200, 64.7200, 1105
2015-07-13, 66.0499, 66.0670, 66.0499, 66.0670, 484
2015-07-14, 66.7299, 66.7580, 65.7100, 65.9270, 3238
2015-07-15, 65.6501, 66.2535, 65.6501, 66.2535, 1168
2015-07-16, 67.0200, 67.0200, 67.0200, 67.0200, 488
2015-07-17, 66.9300, 66.9799, 66.4300, 66.4300, 1763
2015-07-20, 66.8200, 66.8200, 66.8200, 66.8200, 390
2015-07-21, 67.0000, 67.0000, 66.5080, 66.8400, 722
2015-07-22, 67.0300, 67.0700, 65.4700, 65.6400, 1277
2015-07-23, 66.2415, 66.2415, 65.4920, 65.7820, 859
2015-07-24, 65.0770, 65.4600, 65.0770, 65.0790, 1135
2015-07-27, 63.9100, 64.9500, 63.9100, 64.5400, 2405
2015-07-28, 65.0000, 65.4900, 64.2040, 65.1360, 19070
2015-07-29, 64.8901, 66.0600, 64.8901, 65.7600, 1723
2015-07-30, 65.9300, 66.0200, 64.9400, 65.0501, 3759
2015-07-31, 65.8875, 66.0800, 65.2800, 65.2800, 1767
2015-08-03, 65.1900, 65.3900, 64.5400, 64.7300, 40604
2015-08-04, 65.8000, 65.9600, 64.6300, 64.6300, 10662
2015-08-05, 65.2200, 66.2500, 65.2200, 65.3100, 4270
2015-08-06, 65.1080, 65.6100, 64.2801, 65.1835, 1393
2015-08-07, 64.3840, 65.2400, 64.1601, 65.0000, 1890
2015-08-10, 64.8000, 66.3400, 64.8000, 65.5895, 3186
2015-08-11, 65.2500, 65.4330, 64.0950, 65.4330, 37260
2015-08-12, 65.4500, 65.4500, 63.5500, 64.6900, 30295
2015-08-13, 64.4600, 64.6300, 64.0500, 64.6200, 15768
2015-08-14, 64.7400, 64.7400, 64.4000, 64.5200, 2185
2015-08-17, 64.9550, 65.1399, 64.5660, 64.7800, 20521
2015-08-18, 65.4399, 65.4399, 64.2340, 64.6199, 7158
2015-08-19, 64.6100, 64.6290, 63.6100, 64.4200, 5186
2015-08-20, 63.9170, 64.0070, 63.0000, 63.0700, 3370
2015-08-21, 62.8400, 62.8400, 61.2900, 62.2800, 13404
2015-08-24, 55.2500, 67.0000, 53.1600, 62.6080, 13801
2015-08-25, 62.9600, 77.1000, 59.2700, 62.6600, 12259
2015-08-26, 60.9900, 60.9900, 60.0000, 60.8500, 9779
2015-08-27, 60.0000, 62.0599, 59.5901, 61.5000, 60165
2015-08-28, 62.1000, 62.1099, 62.0800, 62.0800, 2474
2015-08-31, 61.7900, 61.8600, 59.2600, 61.8600, 3478
2015-09-01, 59.3980, 59.6800, 59.0200, 59.4100, 2012
2015-09-02, 59.4100, 59.4100, 59.4100, 59.4100, 15
2015-09-03, 61.2000, 61.2000, 60.4500, 60.4500, 3542
2015-09-04, 59.1780, 59.7870, 59.1780, 59.7870, 847
2015-09-08, 61.2800, 61.2800, 60.6100, 60.8400, 4035
2015-09-09, 61.4200, 61.4200, 61.0844, 61.0844, 1454
2015-09-10, 60.0100, 60.4920, 60.0000, 60.4920, 2666
2015-09-11, 60.4920, 60.4920, 60.4920, 60.4920, 252
2015-09-14, 61.3600, 61.3600, 59.6600, 60.5051, 6016
2015-09-15, 61.6900, 61.6900, 60.7100, 61.3400, 1627
2015-09-16, 61.7300, 62.4600, 61.0501, 62.1400, 3345
2015-09-17, 61.0201, 62.2900, 61.0201, 62.1777, 4343
2015-09-18, 61.0100, 61.3500, 60.4001, 61.0400, 3288
2015-09-21, 59.9500, 61.0100, 59.9500, 60.8500, 2222
2015-09-22, 59.6700, 59.7800, 59.6100, 59.6840, 6014
2015-09-23, 59.7200, 61.4365, 59.5600, 60.5600, 9001
2015-09-24, 58.9900, 61.1600, 58.8200, 61.1600, 1597
2015-09-25, 60.4000, 62.3300, 60.1600, 62.3265, 2314
2015-09-28, 62.8300, 62.8300, 58.2000, 58.6000, 6309
2015-09-29, 58.0600, 58.7024, 57.9250, 58.5850, 2122
2015-09-30, 60.3500, 60.9800, 59.1000, 60.8100, 5382
2015-10-01, 63.3000, 66.1300, 61.0000, 61.9900, 2792
2015-10-02, 62.0000, 62.0000, 59.8140, 60.2600, 4068
2015-10-05, 61.0000, 62.0400, 61.0000, 61.4600, 11696
2015-10-06, 62.1900, 62.3200, 61.4501, 61.5380, 2278
2015-10-07, 61.9900, 62.5000, 61.3420, 61.8700, 5457
2015-10-08, 60.7600, 63.9000, 60.7600, 62.8200, 6190
2015-10-09, 62.9100, 62.9800, 62.7530, 62.9000, 9954
2015-10-12, 62.9000, 62.9000, 62.9000, 62.9000, 46
2015-10-13, 62.3301, 62.3301, 62.3301, 62.3301, 214
2015-10-14, 61.6200, 62.7384, 61.6200, 62.2700, 2024
2015-10-15, 63.0360, 63.4100, 63.0360, 63.1400, 1255
2015-10-16, 63.4900, 63.5100, 62.9401, 63.4800, 10345
2015-10-19, 62.8400, 63.4600, 62.8105, 63.4599, 8492
2015-10-20, 62.7800, 62.9400, 62.5801, 62.6700, 776
2015-10-21, 63.0457, 63.0457, 62.7000, 62.7000, 788
2015-10-22, 63.0900, 63.8999, 63.0800, 63.2500, 6350
2015-10-23, 64.4600, 64.4600, 64.0535, 64.0535, 2583
2015-10-26, 64.0828, 64.2200, 63.7280, 63.9711, 3331
2015-10-27, 63.9099, 63.9099, 63.2657, 63.8700, 1780
2015-10-28, 64.0620, 64.5190, 63.9300, 64.1600, 2555
2015-10-29, 63.3500, 63.8499, 63.3500, 63.6000, 2228
2015-10-30, 64.1365, 64.1365, 64.1365, 64.1365, 267
2015-11-02, 64.7800, 64.7800, 64.2300, 64.3000, 19785
2015-11-03, 64.8199, 64.9100, 64.3800, 64.8900, 8178
2015-11-04, 64.9065, 64.9065, 64.3400, 64.5800, 2630
2015-11-05, 65.2900, 65.2900, 63.9410, 63.9610, 3229
2015-11-06, 63.4801, 63.7854, 63.4801, 63.7854, 1952
2015-11-09, 64.8700, 64.8700, 63.2000, 63.2000, 798
2015-11-10, 64.3000, 64.3000, 63.5700, 63.5700, 741
2015-11-11, 63.5706, 63.5706, 63.5585, 63.5585, 1025
2015-11-12, 62.8400, 63.0000, 62.6387, 62.9310, 942
2015-11-13, 62.0560, 62.4399, 61.7960, 62.0685, 1460
2015-11-16, 62.7012, 62.7012, 62.7012, 62.7012, 388
2015-11-17, 63.0680, 63.0680, 63.0680, 63.0680, 385
2015-11-18, 62.6900, 63.5899, 62.6800, 63.5899, 12373
2015-11-19, 63.9900, 63.9900, 63.9660, 63.9799, 4141
2015-11-20, 64.0960, 64.0960, 64.0960, 64.0960, 396
2015-11-23, 65.0000, 65.1960, 63.8360, 63.9000, 2164
2015-11-24, 63.2732, 64.0900, 63.2732, 64.0360, 3332
2015-11-25, 64.4200, 64.4200, 63.7552, 63.7552, 2749
2015-11-27, 64.8600, 64.8600, 63.9000, 63.9500, 3760
2015-11-30, 63.3544, 63.9800, 63.3544, 63.7698, 3446
2015-12-01, 63.9740, 64.4100, 63.9740, 64.4100, 3466
2015-12-02, 63.9266, 64.1300, 63.1501, 63.1501, 4209
2015-12-03, 64.0000, 64.0000, 62.7250, 63.0300, 3479
2015-12-04, 63.8658, 63.9300, 63.3620, 63.9300, 4260
2015-12-07, 64.2500, 64.2500, 62.8250, 63.3900, 2099
2015-12-08, 62.8044, 63.2690, 62.1328, 62.8000, 1833
2015-12-09, 62.7100, 62.7100, 62.1400, 62.2899, 1766
2015-12-10, 62.5840, 62.7517, 62.4440, 62.4440, 1230
2015-12-11, 61.0840, 61.0840, 61.0840, 61.0840, 473
2015-12-14, 61.2060, 61.2060, 61.2058, 61.2058, 523
2015-12-15, 63.6000, 63.6000, 61.4700, 61.7200, 2780
2015-12-16, 64.8500, 65.2499, 62.0701, 65.2499, 2588
2015-12-17, 64.1100, 74.1620, 64.1100, 65.0000, 5667
2015-12-18, 64.9999, 65.0000, 64.6960, 64.9949, 4216
2015-12-21, 65.4999, 65.5000, 64.0000, 64.0000, 4014
2015-12-22, 62.6700, 63.9200, 62.6700, 63.4000, 1209
2015-12-23, 61.0800, 62.4600, 61.0800, 62.4600, 2823
2015-12-24, 62.7900, 62.8000, 62.2192, 62.2192, 2525
2015-12-28, 62.7499, 62.7499, 62.0000, 62.2000, 12400
2015-12-29, 62.6600, 66.0560, 61.5200, 62.0500, 9949
2015-12-30, 62.4800, 62.4900, 61.7200, 61.7200, 7742
2015-12-31, 61.6490, 61.6500, 61.3100, 61.4958, 10389
2016-01-04, 60.9900, 60.9900, 59.5800, 60.4900, 4419
2016-01-05, 59.4900, 60.2460, 59.4400, 59.7600, 4279
2016-01-06, 59.7900, 59.8500, 59.0500, 59.1964, 1261
2016-01-07, 58.5000, 59.0500, 57.4459, 57.5000, 33615
2016-01-08, 58.4199, 58.4399, 57.4480, 58.1299, 2140
2016-01-11, 58.4900, 58.4900, 56.4994, 57.7690, 3530
2016-01-12, 57.3000, 58.4299, 57.1600, 57.4700, 3560
2016-01-13, 58.1300, 58.2740, 56.2910, 56.8146, 5243
2016-01-14, 57.3400, 57.8999, 57.0100, 57.8999, 1204
2016-01-15, 55.5450, 56.2339, 55.5450, 56.2338, 1287
2016-01-19, 57.4800, 57.4800, 56.0199, 56.0199, 2732
2016-01-20, 55.7560, 55.7560, 53.6500, 54.6672, 5929
2016-01-21, 54.6352, 55.7600, 54.6352, 55.7599, 2023
2016-01-22, 56.0335, 56.6163, 56.0335, 56.3960, 2795
2016-01-25, 56.6600, 56.7348, 55.5301, 56.0127, 3301
2016-01-26, 57.0200, 57.1100, 55.8900, 56.3300, 9503
2016-01-27, 57.2800, 57.2800, 55.5800, 55.8000, 6216
2016-01-28, 56.7799, 56.7799, 56.5940, 56.5940, 865
2016-01-29, 57.5799, 57.5799, 57.5799, 57.5799, 888
2016-02-01, 56.5201, 58.1000, 56.5201, 58.1000, 11014
2016-02-02, 57.4999, 57.4999, 56.5160, 56.7388, 4631
2016-02-03, 56.3000, 56.8399, 55.8953, 56.8399, 1410
2016-02-04, 57.9499, 57.9499, 56.4606, 56.4606, 1671
2016-02-05, 56.2060, 57.1700, 56.2060, 56.8100, 3225
2016-02-08, 54.2901, 55.3700, 54.2901, 55.3700, 1904
2016-02-09, 54.9165, 55.6773, 54.9165, 55.4919, 616
2016-02-10, 55.5800, 55.5800, 55.5800, 55.5800, 454
2016-02-11, 54.7340, 54.8640, 53.5650, 53.5650, 6835
2016-02-12, 55.1900, 55.7790, 54.5316, 55.0660, 12099
2016-02-16, 55.2990, 56.8400, 55.2990, 55.5801, 1898
2016-02-17, 55.5801, 55.5801, 55.5801, 55.5801, 1823
2016-02-18, 57.8960, 57.9000, 57.3090, 57.7700, 2984
2016-02-19, 57.5500, 57.5500, 56.5270, 57.1799, 700
2016-02-22, 57.3900, 58.3499, 57.3900, 58.2200, 1139
2016-02-23, 57.8500, 57.8500, 57.0400, 57.2599, 9689
2016-02-24, 55.7020, 57.3840, 55.7020, 57.3840, 5004
2016-02-25, 57.3400, 57.9530, 57.3400, 57.7450, 2175
2016-02-26, 57.1200, 58.2299, 57.1200, 58.1262, 2064
2016-02-29, 56.7212, 57.1800, 56.7212, 57.1800, 759
2016-03-01, 58.2850, 58.8100, 58.2850, 58.8100, 908
2016-03-02, 59.5100, 59.5500, 59.2545, 59.5500, 4026
2016-03-03, 59.6900, 59.9800, 59.1600, 59.1600, 2655
2016-03-04, 59.9999, 59.9999, 59.9999, 59.9999, 1030
2016-03-07, 60.4099, 60.4099, 60.4099, 60.4099, 1826
2016-03-08, 60.1500, 60.1500, 59.4816, 59.6210, 3078
2016-03-09, 58.6200, 58.6200, 58.6200, 58.6200, 307
2016-03-10, 59.3900, 59.6000, 59.3900, 59.6000, 806
2016-03-11, 59.6300, 61.3700, 59.6300, 61.1800, 7256
2016-03-14, 60.9700, 61.2530, 60.9019, 61.0849, 17017
2016-03-15, 60.4700, 60.8485, 60.0201, 60.8485, 30684
2016-03-16, 60.2200, 60.9460, 59.9910, 60.9460, 27609
2016-03-17, 60.9800, 61.8850, 60.9800, 61.8850, 5252
2016-03-18, 61.9500, 61.9999, 61.4240, 61.4240, 1450
2016-03-21, 61.9100, 61.9100, 60.9100, 60.9200, 13260
2016-03-22, 61.0479, 61.8085, 60.7100, 61.3291, 3017
2016-03-23, 61.9600, 61.9600, 60.1900, 60.3265, 3043
2016-03-24, 60.8200, 60.9635, 60.4130, 60.9635, 2758
2016-03-28, 60.9370, 60.9370, 60.9370, 60.9370, 598
2016-03-29, 60.6080, 61.7299, 60.6080, 61.7299, 2472
2016-03-30, 61.6565, 61.9999, 61.6565, 61.9999, 551
2016-03-31, 61.9145, 61.9300, 61.5384, 61.7007, 2398
2016-04-01, 61.2610, 61.7600, 60.6301, 61.4836, 9005
2016-04-04, 61.2583, 61.5799, 61.1950, 61.5799, 3979
2016-04-05, 61.4600, 61.4600, 60.3960, 60.6099, 5179
2016-04-06, 60.4600, 61.2930, 60.4600, 61.2930, 379
2016-04-07, 60.8500, 60.8500, 60.1400, 60.1400, 4420
2016-04-08, 61.3800, 61.3800, 61.0589, 61.2300, 6089
2016-04-11, 61.7000, 61.8300, 61.2000, 61.4600, 5138
2016-04-12, 61.3900, 62.0000, 61.3900, 61.9930, 3855
2016-04-13, 62.1200, 62.6900, 62.1200, 62.6900, 1796
2016-04-14, 62.7800, 62.8900, 62.5100, 62.8490, 3390
2016-04-15, 62.6100, 62.6100, 62.5408, 62.5408, 1096
2016-04-18, 62.8500, 62.9740, 62.8500, 62.9500, 1179
2016-04-19, 63.6860, 63.7799, 63.3000, 63.7590, 3976
2016-04-20, 63.8900, 63.9999, 63.7100, 63.8913, 4302
2016-04-21, 63.7200, 63.7200, 63.1401, 63.4220, 2172
2016-04-22, 62.9315, 63.1400, 62.9310, 63.1400, 486
2016-04-25, 63.1100, 63.1300, 62.8564, 63.0000, 1390
2016-04-26, 63.0000, 63.6000, 63.0000, 63.4400, 3974
2016-04-27, 63.5500, 63.7000, 63.0708, 63.7000, 4200
2016-04-28, 63.1700, 63.5000, 63.1000, 63.1000, 1274
2016-04-29, 62.6200, 62.7800, 62.4900, 62.7800, 736
2016-05-02, 62.6200, 63.2500, 62.6200, 63.1800, 4709
2016-05-03, 62.2520, 62.3362, 62.1500, 62.3362, 4093
2016-05-04, 61.9500, 61.9500, 61.7500, 61.7500, 8638
2016-05-05, 61.8602, 61.8602, 61.2701, 61.2701, 1182
2016-05-06, 61.6220, 61.6220, 61.6220, 61.6220, 252
2016-05-09, 62.0900, 62.0900, 61.8400, 61.9400, 2845
2016-05-10, 62.4300, 62.5700, 62.1700, 62.1700, 5511
2016-05-11, 62.3445, 62.5190, 62.3000, 62.3000, 979
2016-05-12, 62.4400, 62.4400, 61.6915, 62.3000, 3374
2016-05-13, 61.8504, 61.8504, 61.2112, 61.5100, 2343
2016-05-16, 61.5900, 62.3199, 61.5900, 62.2710, 1231
2016-05-17, 62.0740, 62.0900, 61.3880, 61.7300, 9715
2016-05-18, 61.8599, 62.0899, 61.4431, 61.4431, 951
2016-05-19, 61.3399, 61.5000, 61.0000, 61.5000, 2300
2016-05-20, 61.4980, 61.9800, 61.4980, 61.7500, 2099
2016-05-23, 61.7500, 61.7500, 61.7500, 61.7500, 60
2016-05-24, 62.2700, 62.5800, 62.0100, 62.5450, 4719
2016-05-25, 62.5500, 63.1500, 62.5500, 63.0400, 2669
2016-05-26, 63.1300, 63.2299, 63.0235, 63.1500, 5936
2016-05-27, 63.2500, 63.3000, 63.1213, 63.1213, 6822
2016-05-31, 63.1600, 63.2300, 62.8600, 63.0250, 5837
2016-06-01, 62.8230, 63.2700, 62.8230, 63.2700, 1514
2016-06-02, 63.0899, 63.3100, 62.8620, 63.3100, 2295
2016-06-03, 62.3000, 63.3399, 62.3000, 63.0540, 7590
2016-06-06, 63.4296, 63.4296, 63.2299, 63.3380, 1870
2016-06-07, 64.0500, 64.1100, 63.8950, 63.9800, 2193
2016-06-08, 64.0000, 64.0842, 63.7920, 63.7920, 1099
2016-06-09, 64.6400, 64.6400, 63.1101, 63.1101, 696
2016-06-10, 62.5100, 62.8600, 62.0900, 62.2300, 1499
2016-06-13, 62.2200, 62.2200, 62.0510, 62.0510, 1694
2016-06-14, 61.7800, 61.7800, 61.0420, 61.2200, 4142
2016-06-15, 61.7600, 62.4000, 61.6000, 62.4000, 5840
2016-06-16, 61.1000, 61.7000, 61.1000, 61.7000, 2352
2016-06-17, 61.2500, 61.5680, 61.2062, 61.5680, 9182
2016-06-20, 62.7500, 62.7500, 62.4811, 62.6800, 1749
2016-06-21, 62.8500, 63.0399, 62.1801, 62.8354, 4212
2016-06-22, 61.3700, 63.0400, 61.3700, 62.6000, 4888
2016-06-23, 63.6599, 63.9300, 62.5701, 63.9300, 6233
2016-06-24, 61.5800, 61.5800, 59.8000, 60.0400, 2923
2016-06-27, 60.1000, 60.1000, 58.0400, 58.5055, 10975
2016-06-28, 60.9400, 60.9400, 59.5900, 59.7523, 3460
2016-06-29, 60.9800, 61.3300, 60.8760, 61.2975, 1515
2016-06-30, 61.4700, 61.9200, 61.2001, 61.8700, 9613
2016-07-01, 63.2700, 75.0000, 61.3501, 62.2520, 20211
2016-07-05, 63.0000, 63.0000, 61.3600, 62.1114, 6576
2016-07-06, 60.3300, 61.6391, 60.3300, 61.6391, 1346
2016-07-07, 62.0599, 62.0599, 61.0229, 61.0229, 1302
2016-07-08, 62.0900, 62.6492, 62.0900, 62.6492, 662
2016-07-11, 62.7350, 63.2500, 62.0701, 62.5151, 3403
2016-07-12, 63.7700, 63.9600, 63.5000, 63.5000, 1325
2016-07-13, 62.7500, 63.4676, 62.7500, 63.3506, 1277
2016-07-14, 65.0700, 65.0700, 63.7350, 64.1500, 5537
2016-07-15, 64.1500, 65.1850, 63.6300, 63.9325, 5947
2016-07-18, 63.9760, 64.7660, 62.9000, 63.4570, 2840
2016-07-19, 63.8100, 64.1900, 63.3275, 64.1900, 6821
2016-07-20, 65.2400, 65.2400, 63.5640, 64.1600, 3227
2016-07-21, 64.3100, 64.6890, 64.1000, 64.6325, 4672
2016-07-22, 64.7500, 66.7000, 64.0000, 65.0000, 137880
2016-07-25, 64.2900, 66.8326, 64.2000, 64.2000, 7051
2016-07-26, 63.7400, 67.0900, 63.7400, 67.0900, 4359
2016-07-27, 65.2200, 67.0900, 63.8000, 65.0000, 3055
2016-07-28, 64.8700, 64.8700, 63.7400, 64.8599, 4832
2016-07-29, 65.0200, 65.2500, 64.4401, 65.2000, 4387
2016-08-01, 63.9400, 65.2792, 63.8800, 65.1900, 4803
2016-08-02, 64.2690, 64.5800, 63.2322, 63.5900, 2391
2016-08-03, 64.5500, 64.5500, 64.5500, 64.5500, 1535
2016-08-04, 64.9500, 64.9500, 63.9100, 64.3623, 1028
2016-08-05, 65.1800, 65.2400, 64.3600, 64.8710, 10159
2016-08-08, 65.3700, 65.4400, 65.0000, 65.0000, 3870
2016-08-09, 65.2800, 65.3999, 64.3808, 65.2860, 1792
2016-08-10, 64.8100, 65.4000, 64.8100, 65.4000, 2064
2016-08-11, 66.0100, 66.1300, 64.9500, 65.8000, 7068
2016-08-12, 64.9500, 65.8337, 64.9500, 65.5000, 1721
2016-08-15, 66.0000, 66.1408, 65.5926, 66.1408, 3446
2016-08-16, 65.5000, 66.1300, 65.5000, 66.0100, 3684
2016-08-17, 65.8100, 65.8100, 65.0340, 65.0340, 2164
2016-08-18, 66.3100, 66.3100, 65.4512, 66.3099, 3528
2016-08-19, 65.8400, 66.0100, 64.5912, 65.0260, 1215
2016-08-22, 65.8300, 65.8600, 65.0310, 65.7899, 1854
2016-08-23, 66.4000, 66.4000, 65.3500, 65.9057, 5580
2016-08-24, 66.0000, 66.0000, 65.6200, 65.7040, 4187
2016-08-25, 65.3400, 65.7500, 65.3400, 65.7500, 1732
2016-08-26, 66.0900, 66.0900, 65.2500, 65.5100, 3600
2016-08-29, 64.4060, 66.0900, 64.4060, 66.0900, 3975
2016-08-30, 64.4310, 65.7600, 64.3410, 65.7500, 4944
2016-08-31, 64.8700, 65.4700, 64.8700, 65.4700, 1552
2016-09-01, 65.7399, 65.7399, 64.3710, 64.3710, 2521
2016-09-02, 64.8700, 66.3200, 64.8700, 65.6000, 4846
2016-09-06, 66.2400, 66.6200, 65.8878, 66.5750, 5343
2016-09-07, 66.8900, 66.8900, 66.5575, 66.7900, 2575
2016-09-08, 66.7000, 66.7000, 65.3420, 66.3139, 4086
2016-09-09, 66.4680, 66.4680, 65.2500, 65.2500, 2834
2016-09-12, 65.1900, 65.7200, 64.9700, 65.2145, 1445
2016-09-13, 64.6620, 64.6620, 63.3400, 64.1000, 4826
2016-09-14, 64.5900, 64.5900, 63.4360, 63.8009, 2642
2016-09-15, 64.9069, 64.9069, 63.7800, 64.5600, 16401
2016-09-16, 64.6800, 64.6900, 64.0634, 64.6550, 3426
2016-09-19, 64.3700, 65.0999, 64.3700, 65.0999, 668
2016-09-20, 65.2199, 65.2199, 65.2199, 65.2199, 780
2016-09-21, 65.3600, 65.3600, 63.5860, 65.0147, 1858
2016-09-22, 66.5100, 66.6300, 65.3056, 66.4810, 8894
2016-09-23, 65.2394, 66.1099, 65.2394, 66.1099, 4447
2016-09-26, 64.9913, 64.9913, 64.9700, 64.9700, 972
2016-09-27, 65.3700, 65.7400, 64.5490, 65.2818, 1662
2016-09-28, 65.9116, 65.9116, 65.9039, 65.9039, 680
2016-09-29, 65.5000, 65.5000, 65.1645, 65.1645, 1334
2016-09-30, 65.8200, 66.0899, 65.5834, 65.5834, 9885
2016-10-03, 66.4340, 66.4340, 65.1600, 65.1600, 2913
2016-10-04, 66.5900, 66.5900, 64.4700, 65.5500, 2683
2016-10-05, 65.7533, 66.4223, 65.7533, 66.2620, 1311
2016-10-06, 64.6340, 65.8700, 64.6340, 65.3720, 3719
2016-10-07, 65.2900, 65.6563, 64.9300, 65.4071, 3372
2016-10-10, 65.9700, 66.0300, 65.5813, 65.9700, 3845
2016-10-11, 65.0000, 65.0100, 64.5900, 65.0100, 3133
2016-10-12, 64.2800, 65.5400, 64.2800, 65.3900, 4029
2016-10-13, 64.4200, 64.8900, 64.2800, 64.7900, 7261
2016-10-14, 64.3300, 64.3300, 63.7490, 63.7490, 636
2016-10-17, 64.6700, 64.7600, 64.5365, 64.5665, 6936
2016-10-18, 63.3100, 65.2800, 63.3100, 64.4500, 25952
2016-10-19, 64.1000, 65.0200, 64.1000, 64.1351, 2046
2016-10-20, 64.0751, 65.3059, 64.0751, 64.7295, 4269
2016-10-21, 64.4000, 65.3100, 64.0200, 65.3100, 3214
2016-10-24, 65.4700, 65.4700, 65.1205, 65.4700, 4286
2016-10-25, 65.3600, 65.4300, 64.9900, 65.3099, 5028
2016-10-26, 64.7000, 64.7000, 64.7000, 64.7000, 573
2016-10-27, 65.2200, 65.2200, 64.2524, 64.2524, 1459
2016-10-28, 64.9400, 64.9700, 64.8900, 64.9700, 989
2016-10-31, 64.9000, 65.4160, 64.4200, 64.5001, 2431
2016-11-01, 65.4700, 65.4700, 63.1231, 63.7337, 2979
2016-11-02, 64.2600, 64.2600, 63.0560, 63.0560, 3354
2016-11-03, 64.7400, 64.7400, 62.8220, 63.7100, 1690
2016-11-04, 63.5320, 63.5320, 62.5836, 62.5836, 1568
2016-11-07, 64.5200, 64.5940, 63.5114, 63.5114, 2359
2016-11-08, 65.1700, 65.1700, 63.9460, 65.1530, 2710
2016-11-09, 64.0000, 65.4700, 64.0000, 65.4699, 3298
2016-11-10, 65.4700, 65.4700, 64.1151, 65.4250, 3028
2016-11-11, 65.2900, 65.3500, 64.8680, 65.3500, 4103
2016-11-14, 65.6000, 65.6000, 64.2000, 65.0000, 7245
2016-11-15, 65.0000, 65.7540, 64.0900, 65.7540, 6782
2016-11-16, 64.7500, 65.2700, 64.6564, 65.1800, 1006
2016-11-17, 65.3400, 66.1100, 65.3300, 66.1100, 5929
2016-11-18, 65.1300, 65.5837, 64.1300, 64.5000, 8957
2016-11-21, 64.1226, 65.3491, 64.1226, 65.1000, 2458
2016-11-22, 66.4700, 66.4700, 65.3303, 65.7248, 2936
2016-11-23, 65.8400, 66.0700, 65.0000, 66.0700, 1612
2016-11-25, 65.7060, 65.7060, 65.7060, 65.7060, 233
2016-11-28, 65.1100, 66.2199, 65.0104, 65.0104, 3131
2016-11-29, 65.9800, 66.3036, 64.4444, 65.8807, 2851
2016-11-30, 65.8907, 66.2155, 64.8320, 64.8320, 3881
2016-12-01, 66.3600, 66.3600, 65.3360, 65.5200, 2188
2016-12-02, 65.5900, 66.1000, 64.5460, 66.1000, 4265
2016-12-05, 66.4000, 66.5000, 64.9720, 65.0380, 32540
2016-12-06, 66.4252, 66.4252, 64.8959, 65.7200, 2045
2016-12-07, 66.3600, 67.0600, 66.0800, 66.5000, 17385
2016-12-08, 67.7600, 67.8600, 66.7700, 67.7300, 13064
2016-12-09, 66.8100, 67.8900, 66.5386, 67.1500, 15154
2016-12-12, 67.9300, 67.9300, 65.9100, 67.4400, 6127
2016-12-13, 68.3100, 68.6700, 66.7800, 68.2600, 20838
2016-12-14, 68.5700, 68.5700, 66.5665, 66.7600, 1676
2016-12-15, 66.5000, 67.5825, 65.8183, 66.5000, 38923
2016-12-16, 64.6000, 65.9341, 64.6000, 65.5504, 4099
2016-12-19, 64.9100, 66.3428, 64.9100, 65.7900, 3594
2016-12-20, 65.7566, 66.2000, 65.1700, 66.2000, 8903
2016-12-21, 66.1451, 66.1451, 64.8900, 66.0090, 1053
2016-12-22, 66.3200, 66.3200, 64.6400, 65.3770, 6282
2016-12-23, 65.5000, 65.9600, 64.7100, 65.9600, 24191
2016-12-27, 66.1500, 66.1500, 64.9259, 65.8300, 96192
2016-12-28, 66.1500, 66.1500, 64.6370, 65.4500, 12938
2016-12-29, 64.8100, 66.1700, 64.8100, 65.1900, 79471
2016-12-30, 64.8100, 66.1400, 64.8100, 65.5200, 14980
2017-01-03, 66.4500, 66.4500, 65.0560, 66.1350, 3689
2017-01-04, 66.6100, 66.7900, 66.3700, 66.6680, 7346
2017-01-05, 67.7300, 67.7300, 66.4247, 67.0744, 25618
2017-01-06, 67.3700, 67.3700, 66.7451, 67.0600, 6341
2017-01-09, 66.5200, 66.8500, 66.0000, 66.0000, 19949
2017-01-10, 66.8709, 67.0899, 66.1760, 66.9100, 6148
2017-01-11, 67.2800, 67.2800, 66.5280, 67.2200, 5951
2017-01-12, 67.5800, 67.5800, 66.8175, 67.0800, 8145
2017-01-13, 67.2200, 67.2900, 67.0363, 67.2800, 5187
2017-01-17, 67.2200, 67.2200, 66.7388, 67.0500, 3441
2017-01-18, 66.9514, 67.1200, 66.9365, 67.1200, 3353
2017-01-19, 67.3300, 67.3300, 66.5400, 66.8950, 11301
2017-01-20, 66.8000, 67.1200, 66.0473, 66.7277, 2119
2017-01-23, 66.7485, 67.1090, 66.7485, 67.1000, 13896
2017-01-24, 66.7100, 67.5500, 66.7100, 67.5500, 19802
2017-01-25, 68.0700, 68.0700, 67.4500, 68.0400, 9489
2017-01-26, 68.3500, 68.3500, 67.7820, 67.9800, 12329
2017-01-27, 67.0000, 67.8800, 67.0000, 67.8029, 2960
2017-01-30, 67.0917, 67.2927, 67.0917, 67.2850, 13762
2017-01-31, 67.0700, 67.4700, 66.9420, 66.9420, 37116
2017-02-01, 67.2443, 67.2443, 66.5100, 66.6500, 161799
2017-02-02, 66.7795, 66.7900, 66.5710, 66.7900, 10963
2017-02-03, 67.3400, 67.3400, 66.9337, 67.1100, 23427
2017-02-06, 67.1800, 67.1800, 66.8900, 67.0800, 8926
2017-02-07, 66.9484, 67.0799, 66.7320, 66.9334, 8793
2017-02-08, 67.0200, 67.0500, 66.9594, 66.9594, 1253
2017-02-09, 67.0600, 67.5599, 67.0600, 67.5000, 6671
2017-02-10, 67.6700, 67.8080, 67.4708, 67.7500, 2803
2017-02-13, 68.0400, 68.1654, 67.8200, 68.1200, 6350
2017-02-14, 67.9319, 68.2400, 67.8600, 68.1310, 6332
2017-02-15, 68.2899, 68.5207, 68.1500, 68.4600, 5897
2017-02-16, 68.6100, 68.6100, 68.2300, 68.4090, 26151
2017-02-17, 68.4400, 68.5195, 68.1992, 68.4517, 5099
2017-02-21, 68.7200, 68.9500, 68.7200, 68.9440, 45062
2017-02-22, 68.8200, 68.8250, 68.6286, 68.7617, 1699
2017-02-23, 69.1800, 69.1800, 68.6700, 68.8218, 3114
2017-02-24, 68.4903, 68.6241, 68.4903, 68.5000, 2790
2017-02-27, 68.7400, 68.7400, 68.5450, 68.7067, 4832
2017-02-28, 68.6741, 68.6741, 68.2700, 68.2700, 5415
2017-03-01, 68.9100, 69.4899, 68.9100, 69.3767, 7534
2017-03-02, 69.3000, 69.3000, 68.8511, 68.9000, 4179
2017-03-03, 68.8495, 68.9300, 68.8100, 68.9300, 3140
2017-03-06, 68.8800, 68.8800, 68.6700, 68.8403, 14638
2017-03-07, 68.6697, 68.7400, 68.5146, 68.7140, 6812
2017-03-08, 68.7472, 68.7472, 68.2500, 68.2900, 11545
2017-03-09, 68.2800, 68.5007, 68.1916, 68.1916, 10541
2017-03-10, 68.6000, 68.7800, 68.5519, 68.6900, 3183
2017-03-13, 68.8900, 69.0150, 68.8547, 68.9700, 8873
2017-03-14, 68.5100, 68.6390, 68.4500, 68.4500, 6823
2017-03-15, 68.7975, 69.4470, 68.6900, 69.4470, 2395
2017-03-16, 69.3898, 69.5383, 69.3200, 69.3300, 6404
2017-03-17, 69.9300, 69.9300, 69.3200, 69.3400, 4466
2017-03-20, 69.4840, 69.5834, 69.4210, 69.4931, 2530
2017-03-21, 69.4500, 69.4500, 68.7700, 68.9092, 9089
2017-03-22, 68.5000, 68.7600, 68.3600, 68.5872, 17080
2017-03-23, 68.3600, 69.0117, 68.3600, 68.6077, 2241
2017-03-24, 68.5100, 68.9980, 68.5100, 68.7700, 2217
2017-03-27, 68.4900, 68.7500, 68.3200, 68.7500, 3625
2017-03-28, 68.8900, 69.2899, 68.8900, 69.1954, 4354
2017-03-29, 69.2800, 69.3540, 68.9600, 69.1900, 1411
2017-03-30, 69.2820, 69.5795, 69.0000, 69.4100, 14532
2017-03-31, 69.1700, 69.3530, 69.1700, 69.3300, 3212
2017-04-03, 69.3200, 69.3200, 68.8996, 69.0030, 3280
2017-04-04, 69.0067, 69.1950, 68.9479, 69.1950, 3311
2017-04-05, 69.3300, 69.4500, 68.7800, 68.7800, 2128
2017-04-06, 68.8700, 69.1099, 68.8300, 68.9890, 5920
2017-04-07, 69.0000, 69.1200, 68.8900, 68.9600, 2868
2017-04-10, 69.0900, 69.1282, 69.0900, 69.1000, 2490
2017-04-11, 68.6200, 68.9170, 68.6110, 68.8600, 3334
2017-04-12, 69.0260, 69.0260, 68.8332, 68.9052, 1862
2017-04-13, 68.6809, 68.6809, 68.5200, 68.5200, 2451
2017-04-17, 68.5700, 68.9900, 68.5700, 68.8900, 5683
2017-04-18, 68.7700, 68.7700, 68.5280, 68.5680, 27672
2017-04-19, 68.9300, 68.9300, 68.4690, 68.4980, 3816
2017-04-20, 68.7600, 69.0160, 68.7600, 69.0160, 6238
2017-04-21, 68.9690, 68.9690, 68.8317, 68.8317, 1928
2017-04-24, 69.9700, 70.0130, 69.7600, 70.0130, 13191
2017-04-25, 70.2400, 70.4900, 70.2352, 70.4900, 5780
2017-04-26, 70.3500, 70.5100, 70.3500, 70.3700, 9824
2017-04-27, 70.3100, 70.3800, 70.2300, 70.3500, 3820
2017-04-28, 70.2600, 70.2800, 70.1900, 70.2500, 6739
2017-05-01, 70.7600, 70.7600, 70.3613, 70.5220, 2158
2017-05-02, 70.6000, 70.6600, 70.4610, 70.6600, 6047
2017-05-03, 70.4192, 70.5100, 70.4192, 70.4496, 5835
2017-05-04, 70.6200, 70.6600, 70.3667, 70.6400, 11603
2017-05-05, 70.7300, 71.0040, 70.7300, 70.9186, 4965
2017-05-08, 70.9100, 70.9900, 70.9000, 70.9400, 5090
2017-05-09, 71.0000, 71.0300, 70.7500, 70.7500, 8233
2017-05-10, 70.9904, 71.0600, 70.9319, 70.9740, 1805
2017-05-11, 70.7300, 71.0300, 70.6113, 71.0300, 6872
2017-05-12, 71.0000, 71.0100, 70.8000, 71.0100, 968
2017-05-15, 71.0800, 71.4000, 71.0800, 71.1701, 3226
2017-05-16, 71.4572, 71.5440, 71.4190, 71.5440, 1418
2017-05-17, 71.0200, 71.0200, 70.5600, 70.5995, 2772
2017-05-18, 70.1500, 70.5653, 70.1500, 70.4910, 2615
2017-05-19, 70.7800, 71.3400, 70.7800, 71.3400, 686
2017-05-22, 71.3100, 71.5300, 71.3100, 71.4883, 7723
2017-05-23, 71.6100, 71.6100, 71.3970, 71.4613, 3188
2017-05-24, 71.5187, 71.5499, 71.4687, 71.5499, 966
2017-05-25, 71.8900, 71.9000, 71.6500, 71.6884, 4759
2017-05-26, 71.4400, 71.6459, 71.4400, 71.6459, 22631
2017-05-30, 71.6000, 71.6000, 71.5764, 71.5764, 2141
2017-05-31, 71.7400, 71.8320, 71.4560, 71.6150, 6781
2017-06-01, 72.0300, 72.1300, 71.6500, 72.1300, 5749
2017-06-02, 72.6200, 72.6200, 72.3482, 72.5500, 4741
2017-06-05, 72.4600, 72.4600, 72.2750, 72.4100, 3012
2017-06-06, 72.1000, 72.3130, 72.1000, 72.1800, 2333
2017-06-07, 72.2000, 72.2000, 72.0460, 72.0460, 2088
2017-06-08, 72.0880, 72.1500, 72.0420, 72.0816, 1654
2017-06-09, 72.1500, 72.3700, 71.9234, 71.9234, 4638
2017-06-12, 71.8800, 71.9300, 71.8000, 71.8000, 2330
2017-06-13, 72.1700, 72.4150, 72.1580, 72.3986, 4724
2017-06-14, 72.4000, 72.4012, 71.9800, 72.0820, 1775
2017-06-15, 71.5400, 71.7000, 71.3600, 71.6868, 4446
2017-06-16, 71.1700, 71.3054, 71.1700, 71.3000, 1300
2017-06-19, 71.8449, 71.8600, 71.8054, 71.8500, 1287
2017-06-20, 71.5252, 71.5490, 71.4656, 71.4778, 1422
2017-06-21, 71.4926, 71.4926, 71.2460, 71.3189, 2003
2017-06-22, 71.4532, 71.4876, 71.4532, 71.4876, 1079
2017-06-23, 71.5200, 71.6930, 71.5200, 71.6930, 2978
2017-06-26, 71.7400, 71.7818, 71.7100, 71.7233, 4564
2017-06-27, 71.6770, 71.7175, 71.5112, 71.5830, 2491
2017-06-28, 71.6600, 72.0795, 71.6600, 72.0795, 2158
2017-06-29, 71.8300, 71.8300, 71.2700, 71.4408, 6682
2017-06-30, 71.7600, 71.8200, 71.4220, 71.8200, 6701
2017-07-03, 72.0000, 72.0000, 71.8060, 71.8060, 584
2017-07-05, 71.5500, 71.6500, 71.5500, 71.6154, 2636
2017-07-06, 71.2488, 71.4040, 71.2012, 71.2012, 3591
2017-07-07, 71.1750, 71.4567, 71.1750, 71.4520, 2882
2017-07-10, 71.3300, 71.6652, 71.3300, 71.6601, 2779
2017-07-11, 71.5800, 71.7820, 71.4354, 71.7820, 3073
2017-07-12, 72.1700, 72.3300, 72.1700, 72.3228, 15300
2017-07-13, 72.1200, 72.4110, 72.1200, 72.4110, 1055
2017-07-14, 72.7920, 72.9900, 72.7920, 72.9474, 8574
2017-07-17, 72.7231, 72.9950, 72.7231, 72.9054, 1549
2017-07-18, 72.6499, 72.9690, 72.6336, 72.9304, 4992
2017-07-19, 73.1500, 73.3550, 73.1500, 73.3550, 1792
2017-07-20, 73.1300, 73.4800, 72.8400, 73.4800, 54882
2017-07-21, 73.2500, 73.2500, 73.0100, 73.1100, 2497
2017-07-24, 73.0016, 73.2596, 73.0016, 73.2596, 914
2017-07-25, 73.4500, 73.4669, 73.1905, 73.4659, 1330
2017-07-26, 73.4179, 73.5400, 73.4179, 73.4900, 1201
2017-07-27, 73.5789, 73.5789, 73.0739, 73.2670, 1629
2017-07-28, 73.2400, 73.4360, 73.1032, 73.4360, 1029
2017-07-31, 73.4000, 73.5850, 73.1500, 73.5800, 6447
2017-08-01, 73.4904, 73.6466, 73.3125, 73.5392, 2415
2017-08-02, 73.6500, 73.6500, 73.4744, 73.4744, 1254
2017-08-03, 73.4700, 73.6460, 73.4700, 73.6460, 1517
2017-08-04, 73.6300, 73.6400, 73.5038, 73.6400, 4666
2017-08-07, 73.5200, 73.7300, 73.5200, 73.7300, 1099
2017-08-08, 73.9899, 73.9899, 73.4380, 73.4380, 4013
2017-08-09, 72.9500, 73.4350, 72.9500, 73.3696, 10437
2017-08-10, 72.7520, 72.7800, 72.6480, 72.7600, 2625
2017-08-11, 72.5400, 72.6140, 72.2658, 72.2658, 4069
2017-08-14, 72.8680, 73.1020, 72.8680, 72.9964, 791
2017-08-15, 73.1200, 73.1200, 72.5550, 72.9550, 8804
2017-08-16, 73.1500, 73.4700, 72.9100, 73.4000, 6882
2017-08-17, 72.7244, 72.8699, 72.1600, 72.1600, 21186
2017-08-18, 72.5300, 72.5300, 72.3837, 72.3968, 1950
2017-08-21, 72.2114, 72.4800, 72.2114, 72.4800, 21397
2017-08-22, 72.8220, 72.9410, 72.5510, 72.5510, 11729
2017-08-23, 72.8680, 72.8680, 72.8000, 72.8100, 1481
2017-08-24, 72.6866, 72.7974, 72.6866, 72.7500, 992
2017-08-25, 73.0400, 73.1240, 72.9688, 72.9916, 2274
2017-08-28, 72.9655, 73.0400, 72.8900, 72.9769, 12219
2017-08-29, 72.5299, 72.8100, 72.5299, 72.5535, 1649
2017-08-30, 73.0373, 73.0373, 72.9383, 73.0373, 739
2017-08-31, 73.4570, 73.5400, 73.1541, 73.3225, 2824
2017-09-01, 73.9590, 73.9950, 73.4490, 73.4490, 3201
2017-09-05, 73.5700, 73.5700, 72.9600, 73.2660, 4043
2017-09-06, 73.5005, 73.6800, 73.5005, 73.6500, 3022
2017-09-07, 73.5506, 73.8800, 73.5506, 73.7431, 1738
2017-09-08, 73.6180, 74.0000, 73.6180, 73.7820, 2119
2017-09-11, 74.2900, 74.5300, 74.2273, 74.5152, 4310
2017-09-12, 74.9100, 74.9100, 74.5610, 74.7700, 4211
2017-09-13, 74.6939, 74.7000, 74.4256, 74.7000, 2350
2017-09-14, 74.3232, 74.7550, 74.3232, 74.4800, 2316
2017-09-15, 74.4300, 74.8700, 74.4300, 74.8700, 3012
2017-09-18, 74.8588, 75.0800, 74.8588, 75.0800, 2695
2017-09-19, 75.2500, 75.2600, 75.1400, 75.2600, 8414
2017-09-20, 75.2706, 75.4990, 75.1000, 75.1800, 2819
2017-09-21, 75.0600, 75.2200, 74.9873, 75.0239, 1928
2017-09-22, 75.1399, 75.1550, 74.9408, 75.0813, 686
2017-09-25, 74.9800, 75.0600, 74.6700, 74.7900, 2203
2017-09-26, 74.7950, 74.7950, 74.5900, 74.7060, 1277
2017-09-27, 74.7400, 74.8400, 74.7400, 74.8400, 1295
2017-09-28, 74.9600, 75.0436, 74.8206, 75.0364, 1900
2017-09-29, 75.0700, 75.4300, 75.0310, 75.4300, 5431
2017-10-02, 75.5050, 75.6600, 75.4242, 75.6300, 2714
2017-10-03, 75.6800, 75.7416, 75.6380, 75.7114, 2801
2017-10-04, 75.7077, 75.8480, 75.6484, 75.8480, 1089
2017-10-05, 75.9350, 75.9615, 75.8010, 75.8010, 2192
2017-10-06, 75.7339, 75.8300, 75.7180, 75.8300, 1473
2017-10-09, 75.8300, 75.8300, 75.8300, 75.8300, 1536
2017-10-10, 76.1810, 76.1810, 75.9430, 75.9430, 1884
2017-10-11, 76.2200, 76.3100, 75.9270, 76.3100, 1848
2017-10-12, 76.3400, 76.3700, 76.1310, 76.1310, 2308
2017-10-13, 76.4572, 76.5800, 76.4300, 76.4635, 1362
2017-10-16, 76.5090, 76.5090, 76.5090, 76.5090, 839
2017-10-17, 76.4700, 76.4790, 76.3184, 76.4790, 2051
2017-10-18, 76.7100, 76.7100, 76.3641, 76.5950, 9602
2017-10-19, 76.3600, 76.4400, 76.2276, 76.3984, 5601
2017-10-20, 76.5861, 76.5973, 76.5856, 76.5856, 1258
2017-10-23, 76.6662, 76.6663, 76.3600, 76.5680, 3097
2017-10-24, 76.6000, 76.6560, 76.4410, 76.6560, 2565
2017-10-25, 75.9310, 76.3048, 75.9310, 76.2934, 1385
2017-10-26, 76.6000, 76.6100, 76.1801, 76.2700, 2371
2017-10-27, 76.5700, 76.9100, 76.5700, 76.8700, 5347
2017-10-30, 76.6100, 76.7142, 76.5960, 76.5960, 1905
2017-10-31, 76.5300, 77.0550, 76.5300, 76.7532, 2529
2017-11-01, 77.2196, 77.3590, 77.0512, 77.0512, 1122
2017-11-02, 77.2300, 77.2400, 77.0352, 77.1661, 2273
2017-11-03, 77.2708, 77.2708, 77.0732, 77.0732, 1491
2017-11-06, 77.2700, 77.2775, 77.2700, 77.2775, 533
2017-11-07, 77.5026, 77.5026, 77.2000, 77.3520, 12565
2017-11-08, 77.3700, 77.7200, 77.1380, 77.7200, 13483
2017-11-09, 77.1300, 77.1310, 76.6060, 77.1100, 4238
2017-11-10, 76.5500, 76.9000, 76.5500, 76.9000, 6361
2017-11-13, 76.7353, 77.0041, 76.7353, 77.0041, 2811
2017-11-14, 76.7830, 76.7875, 76.5700, 76.7875, 2300
2017-11-15, 76.3500, 76.6800, 76.3500, 76.6800, 2675
2017-11-16, 77.1200, 77.2600, 76.9672, 77.2600, 2578
2017-11-17, 77.1600, 77.1600, 77.0760, 77.0760, 2108
2017-11-20, 77.2900, 77.2900, 77.2900, 77.2900, 729
2017-11-21, 77.8800, 77.8800, 77.6575, 77.6680, 5389
2017-11-22, 78.0000, 78.0000, 77.7180, 77.9750, 9887
2017-11-24, 77.9750, 77.9750, 77.9750, 77.9750, 187
2017-11-27, 78.1600, 78.1600, 77.7940, 77.9212, 5785
2017-11-28, 78.1590, 78.3700, 77.9220, 78.1733, 5843
2017-11-29, 78.3100, 78.4580, 78.2284, 78.2284, 2025
2017-11-30, 78.4900, 78.6900, 78.3920, 78.3920, 2752
2017-12-01, 78.1793, 78.2428, 77.9320, 78.2428, 5105
2017-12-04, 78.8000, 78.8000, 78.3400, 78.4400, 2809
2017-12-05, 78.0606, 78.1050, 77.9850, 78.1050, 742
2017-12-06, 77.6000, 77.8500, 77.6000, 77.7684, 2771
2017-12-07, 77.9400, 78.0461, 77.8168, 77.9740, 2484
2017-12-08, 78.4700, 78.4700, 78.3028, 78.4073, 1979
2017-12-11, 78.6100, 78.7799, 78.6100, 78.7600, 7037
2017-12-12, 78.7399, 78.9500, 78.5400, 78.5400, 2978
2017-12-13, 79.0300, 79.1480, 78.8484, 78.9500, 1681
2017-12-14, 78.7000, 78.9500, 78.7000, 78.7150, 1032
2017-12-15, 77.3092, 77.8550, 77.3092, 77.8300, 2139
2017-12-18, 78.2000, 78.4670, 78.0669, 78.4670, 3001
2017-12-19, 78.0400, 78.3400, 78.0375, 78.2516, 4915
2017-12-20, 78.2700, 78.2700, 78.1336, 78.2700, 4130
2017-12-21, 78.3233, 78.5100, 78.1940, 78.4200, 1615
2017-12-22, 78.3233, 78.3233, 78.1104, 78.1772, 1223
2017-12-26, 78.5250, 78.5400, 78.4132, 78.5400, 693
2017-12-27, 78.5500, 78.6070, 78.4800, 78.4800, 2469
2017-12-28, 78.8400, 78.8400, 78.7400, 78.7400, 1679
2017-12-29, 78.5400, 79.1500, 78.5400, 78.8600, 12182
2018-01-02, 78.8700, 79.1800, 78.7900, 79.1800, 9698
2018-01-03, 79.3800, 79.7600, 79.1260, 79.7450, 10834
2018-01-04, 80.1400, 80.5184, 80.1400, 80.2880, 3243
2018-01-05, 80.3340, 80.8484, 80.3340, 80.7788, 2253
2018-01-08, 80.6600, 81.0599, 80.6190, 80.7660, 3472
2018-01-09, 80.8600, 81.0900, 80.6796, 80.9532, 3496
2018-01-10, 80.7300, 81.0450, 80.7300, 80.7450, 5939
2018-01-11, 81.2990, 81.2990, 81.0100, 81.0100, 1082
2018-01-12, 81.6800, 81.6800, 81.2222, 81.3224, 1342
2018-01-16, 82.2700, 82.4790, 81.5300, 81.5300, 9960
2018-01-17, 81.5657, 82.6070, 81.5657, 82.5470, 2119
2018-01-18, 82.1853, 82.5100, 81.9847, 82.0600, 5973
2018-01-19, 82.3052, 82.7180, 82.3052, 82.6270, 3447
2018-01-22, 82.6300, 83.0558, 82.4500, 83.0558, 4475
2018-01-23, 83.3450, 83.5050, 83.1001, 83.3564, 3680
2018-01-24, 84.0900, 84.0900, 83.2074, 83.8190, 4984
2018-01-25, 83.8100, 84.1223, 83.3200, 83.3200, 4410
2018-01-26, 84.0474, 84.3400, 83.9640, 83.9640, 5061
2018-01-29, 83.9900, 84.0500, 83.6071, 83.7726, 3574
2018-01-30, 83.0100, 83.0130, 82.5300, 82.6353, 12515
2018-01-31, 83.1110, 83.1110, 82.4268, 82.5500, 2243
2018-02-01, 82.3100, 83.0400, 82.3100, 82.7478, 3606
2018-02-02, 81.6700, 81.8220, 81.0879, 81.2400, 6124
2018-02-05, 80.4000, 80.4000, 77.2100, 78.5000, 29226
2018-02-06, 76.7900, 78.9669, 76.0000, 78.7100, 45637
2018-02-07, 78.5700, 79.1300, 78.2998, 78.5849, 10379
2018-02-08, 77.7697, 77.7697, 75.5100, 75.5100, 23864
2018-02-09, 76.4400, 76.7320, 74.3211, 76.7320, 16704
2018-02-12, 77.1900, 77.6790, 76.7286, 77.6790, 18521
2018-02-13, 77.3409, 77.6700, 77.2401, 77.3000, 2593
2018-02-14, 77.2800, 78.9500, 77.2800, 78.9500, 6037
2018-02-15, 78.9462, 79.6621, 78.5460, 79.6621, 2239
2018-02-16, 80.0235, 80.3300, 79.7253, 79.9108, 6880
2018-02-20, 79.3600, 79.6612, 79.0316, 79.0316, 4551
2018-02-21, 79.4000, 79.9448, 79.4000, 79.9448, 3183
2018-02-22, 79.1100, 79.5900, 79.0200, 79.0910, 8154
2018-02-23, 79.5140, 80.0090, 79.3457, 79.9138, 2603
2018-02-26, 80.1700, 80.9640, 80.1400, 80.8200, 11146
2018-02-27, 80.8200, 80.8200, 80.0281, 80.0800, 13480
2018-02-28, 79.9300, 79.9300, 79.2872, 79.2872, 2641
2018-03-01, 78.8100, 78.8100, 77.3300, 78.0850, 72262
2018-03-02, 77.7552, 77.7552, 77.7552, 77.7552, 704
2018-03-05, 78.0000, 79.2700, 78.0000, 79.1532, 3640
2018-03-06, 79.2600, 79.6200, 79.0184, 79.6200, 2443
2018-03-07, 78.8700, 79.0539, 78.7673, 79.0539, 2702
2018-03-08, 79.3000, 79.5000, 79.3000, 79.4006, 2914
2018-03-09, 80.3521, 80.9099, 80.3521, 80.9099, 1256
2018-03-12, 81.2400, 81.2800, 80.3204, 80.8075, 3113
2018-03-13, 80.7896, 80.8290, 80.5408, 80.7250, 1122
2018-03-14, 80.4010, 80.5200, 79.9095, 80.0800, 6416
2018-03-15, 80.1800, 80.4000, 80.0994, 80.0994, 1387
2018-03-16, 79.8530, 80.2102, 79.8530, 80.1867, 1030
2018-03-19, 79.7900, 79.7900, 78.6800, 78.9941, 4000
2018-03-20, 79.2050, 79.4766, 79.2050, 79.2462, 4473
2018-03-21, 79.5662, 79.7416, 79.4600, 79.5396, 2458
2018-03-22, 77.9000, 78.5600, 77.2142, 77.2643, 12220
2018-03-23, 77.3998, 77.5750, 76.3610, 76.6923, 2858
2018-03-26, 77.1302, 78.1509, 76.7550, 78.1509, 52351
2018-03-27, 78.1092, 78.4415, 76.8852, 76.8852, 2902
2018-03-28, 77.2024, 77.4700, 77.0260, 77.0600, 13614
2018-03-29, 77.5500, 78.2979, 77.3660, 78.2000, 10002
2018-04-02, 77.7500, 77.7700, 76.0792, 76.5677, 5190
2018-04-03, 76.9400, 77.5900, 76.6900, 77.4700, 18979
2018-04-04, 76.1339, 78.0700, 76.1339, 78.0700, 5482
2018-04-05, 78.2952, 78.6200, 78.2470, 78.5300, 13482
2018-04-06, 77.8200, 79.0000, 77.1464, 77.1464, 3317
2018-04-09, 78.1049, 78.2843, 77.3165, 77.6048, 4147
2018-04-10, 78.4000, 78.9100, 78.2441, 78.8700, 8327
2018-04-11, 78.2300, 78.7700, 77.3912, 78.4150, 9353
2018-04-12, 78.5095, 78.9300, 78.5095, 78.8900, 5686
2018-04-13, 79.0100, 79.2830, 78.6580, 78.8000, 3085
2018-04-16, 78.8700, 79.3300, 78.7600, 79.1700, 4771
2018-04-17, 79.5700, 79.8100, 79.3900, 79.8100, 11688
2018-04-18, 79.8100, 80.0200, 79.6400, 80.0200, 1664
2018-04-19, 79.5200, 79.6080, 79.2683, 79.6080, 1462
2018-04-20, 79.6000, 79.6000, 78.9947, 79.0410, 2093
2018-04-23, 78.9800, 78.9800, 78.4958, 78.9128, 1557
2018-04-24, 78.6370, 78.6370, 77.8200, 77.9684, 1870
2018-04-25, 77.9300, 78.1500, 77.7238, 78.1500, 1947
2018-04-26, 78.3700, 78.9300, 78.3700, 78.6140, 2517
2018-04-27, 78.5830, 78.9300, 78.5830, 78.9300, 1876
2018-04-30, 78.8000, 78.8000, 78.3664, 78.5200, 1186
2018-05-01, 77.7460, 78.2500, 77.7460, 78.2500, 1411
2018-05-02, 78.2687, 78.3853, 78.0960, 78.2000, 1472
2018-05-03, 77.9100, 77.9100, 77.3230, 77.8560, 1222
2018-05-04, 77.5400, 78.8800, 77.5400, 78.8400, 2642
2018-05-07, 78.9263, 78.9263, 78.5500, 78.5500, 1399
2018-05-08, 78.1370, 78.7000, 77.9800, 78.7000, 33317
2018-05-09, 78.7900, 78.8685, 78.2300, 78.8685, 65671
2018-05-10, 78.9022, 79.8400, 78.9022, 79.8400, 3445
2018-05-11, 79.7280, 79.9500, 79.7280, 79.9220, 1072
2018-05-14, 80.0100, 80.1600, 80.0100, 80.0600, 1025
2018-05-15, 78.9300, 79.4200, 78.8600, 79.3600, 3072
2018-05-16, 79.4898, 79.5130, 79.4384, 79.4753, 3301
2018-05-17, 79.6600, 79.8161, 79.2970, 79.6152, 11397
2018-05-18, 79.3137, 79.3317, 79.1791, 79.1791, 1551
2018-05-21, 79.9699, 80.0700, 79.4100, 79.6080, 11778
2018-05-22, 79.9677, 79.9900, 79.8155, 79.8200, 3391
2018-05-23, 79.4110, 79.7500, 79.1400, 79.7500, 2465
2018-05-24, 79.3209, 79.3900, 79.0989, 79.3900, 1826
2018-05-25, 78.9600, 79.4943, 78.9600, 79.2750, 2535
2018-05-29, 78.2000, 78.6900, 77.6800, 77.9300, 3674
2018-05-30, 78.6026, 79.0000, 78.6026, 78.8231, 3546
2018-05-31, 79.1360, 79.1360, 78.5568, 78.5568, 1509
2018-06-01, 78.3300, 78.8562, 78.2472, 78.8562, 5119
2018-06-04, 78.9900, 79.1800, 78.5600, 79.1800, 41972
2018-06-05, 78.9710, 79.3250, 78.8496, 79.3250, 18229
2018-06-06, 79.3300, 80.1200, 79.3300, 80.1200, 8089
2018-06-07, 79.4386, 79.8800, 79.2700, 79.8750, 2562
2018-06-08, 79.2300, 79.5306, 79.2300, 79.4275, 1335
2018-06-11, 79.4800, 80.0800, 79.2690, 79.7200, 4990
2018-06-12, 79.8300, 80.1000, 79.6300, 79.6300, 5907
2018-06-13, 80.1498, 80.6800, 79.8095, 79.8095, 1557
2018-06-14, 79.7917, 79.7917, 79.3093, 79.4155, 858
2018-06-15, 78.4900, 79.4200, 78.4900, 79.4200, 1648
2018-06-18, 78.6700, 78.9598, 78.6700, 78.9598, 1304
2018-06-19, 78.0038, 78.0038, 77.7763, 77.9654, 2134
2018-06-20, 78.4900, 78.7080, 78.0800, 78.1700, 4266
2018-06-21, 77.9450, 77.9450, 77.7500, 77.7500, 1317
2018-06-22, 78.2162, 78.5950, 78.2162, 78.2400, 1315
2018-06-25, 77.5700, 77.5700, 76.6600, 76.6600, 2349
2018-06-26, 77.1500, 77.5248, 77.0078, 77.3244, 2184
2018-06-27, 77.5000, 77.5500, 76.5700, 76.5700, 3085
2018-06-28, 77.4600, 77.4600, 76.4515, 76.4515, 2106
2018-06-29, 77.2500, 77.2500, 77.2500, 77.2500, 1674
2018-07-02, 76.6532, 76.8267, 76.6446, 76.7400, 2352
2018-07-03, 77.2700, 77.6100, 77.1049, 77.2729, 4648
2018-07-05, 77.2500, 77.5800, 77.2500, 77.5800, 10673
2018-07-06, 77.4700, 78.3442, 77.4700, 77.6377, 2926
2018-07-09, 78.9200, 79.0100, 78.5679, 79.0040, 7151
2018-07-10, 79.0800, 79.1400, 78.7336, 79.1400, 6720
2018-07-11, 78.8006, 78.8200, 78.1200, 78.1200, 3041
2018-07-12, 78.3900, 78.8900, 78.3900, 78.8900, 4932
2018-07-13, 78.2297, 79.3000, 78.2297, 79.3000, 1634
2018-07-16, 78.8600, 79.2300, 78.4300, 78.4300, 1961
2018-07-17, 78.5442, 79.1400, 78.5442, 79.1400, 642
2018-07-18, 78.9400, 79.3900, 78.8630, 79.3900, 4156
2018-07-19, 78.4200, 78.7584, 78.4100, 78.7500, 3501
2018-07-20, 78.8800, 79.1135, 78.8800, 79.0000, 1830
2018-07-23, 78.9800, 79.0200, 78.8088, 79.0200, 3586
2018-07-24, 79.4900, 79.7801, 79.4000, 79.5189, 4171
2018-07-25, 79.6218, 79.9448, 79.3580, 79.9448, 7830
2018-07-26, 80.0892, 80.1771, 79.9350, 80.0600, 3840
2018-07-27, 80.1600, 80.1600, 79.8000, 79.9560, 941
2018-07-30, 79.8100, 79.9040, 79.4630, 79.5740, 1969
2018-07-31, 79.8900, 80.1500, 79.7950, 79.9300, 2442
2018-08-01, 79.7300, 79.7800, 79.6700, 79.7800, 1727
2018-08-02, 78.8600, 79.6300, 78.8600, 79.4800, 1646
2018-08-03, 79.5972, 79.7700, 79.5972, 79.7700, 943
2018-08-06, 79.5000, 79.8500, 79.5000, 79.7100, 2205
2018-08-07, 80.2501, 80.4900, 80.2501, 80.4400, 2196
2018-08-08, 80.1840, 80.3310, 80.1840, 80.3310, 1105
2018-08-09, 80.4510, 80.4510, 80.1800, 80.1800, 2427
2018-08-10, 79.1900, 79.1900, 79.1786, 79.1786, 655
2018-08-13, 79.0892, 79.0892, 78.7928, 78.9400, 1342
2018-08-14, 78.9470, 78.9723, 78.9090, 78.9723, 1242
2018-08-15, 78.1600, 78.1600, 77.9710, 77.9710, 743
2018-08-16, 78.6054, 78.9150, 78.6054, 78.9077, 1486
2018-08-17, 79.0983, 79.1000, 79.0577, 79.0577, 2849
2018-08-20, 79.4400, 79.4700, 79.1600, 79.3676, 7626
2018-08-21, 79.7700, 80.0048, 79.7000, 79.8386, 3851
2018-08-22, 79.7800, 80.1078, 79.7800, 79.9050, 2563
2018-08-23, 79.8000, 80.0495, 79.5700, 79.5700, 4128
2018-08-24, 79.9100, 80.2490, 79.8346, 80.0811, 1879
2018-08-27, 80.7866, 80.9953, 80.7866, 80.9953, 967
2018-08-28, 81.0626, 81.0626, 80.7330, 80.8216, 2977
2018-08-29, 80.9600, 81.2799, 80.9600, 81.2799, 2119
2018-08-30, 80.8213, 80.8900, 80.4500, 80.5484, 2097
2018-08-31, 80.5500, 80.6383, 80.3500, 80.3922, 1048
2018-09-04, 79.9800, 79.9800, 79.8330, 79.8469, 1689
2018-09-05, 79.3950, 79.6225, 79.3600, 79.6225, 2225
2018-09-06, 79.4700, 80.0336, 79.4000, 79.8717, 2533
2018-09-07, 79.3073, 79.3073, 79.0179, 79.0517, 1305
2018-09-10, 79.4468, 79.4950, 79.2327, 79.4600, 2963
2018-09-11, 79.0000, 79.5200, 79.0000, 79.5200, 744
2018-09-12, 79.5331, 79.7100, 79.4795, 79.5933, 1519
2018-09-13, 80.3200, 80.5633, 80.0953, 80.3218, 7573
2018-09-14, 80.3172, 80.3172, 80.0306, 80.0306, 1171
2018-09-17, 80.3000, 80.3000, 80.2263, 80.2263, 1015
2018-09-18, 80.5567, 80.7235, 80.5427, 80.5508, 2549
2018-09-19, 80.8000, 80.8600, 80.7132, 80.8500, 3030
2018-09-20, 81.3100, 81.4738, 80.7297, 81.3990, 3245
2018-09-21, 81.5408, 81.7000, 81.4910, 81.4910, 1526
2018-09-24, 81.2009, 81.2500, 81.1428, 81.2500, 2300
2018-09-25, 81.5000, 81.5000, 81.1600, 81.3739, 3354
2018-09-26, 81.3200, 81.5400, 81.3200, 81.3910, 3234
2018-09-27, 81.3796, 81.3825, 81.2035, 81.2035, 2051
2018-09-28, 80.7900, 81.1760, 80.7900, 81.0360, 2334
2018-10-01, 81.5272, 81.6100, 81.1500, 81.1500, 2345
2018-10-02, 81.0400, 81.2699, 80.8000, 80.8000, 1960
2018-10-03, 81.1700, 81.3632, 80.7835, 80.9025, 5312
2018-10-04, 80.1400, 80.1803, 79.7372, 80.1179, 2368
2018-10-05, 79.4052, 79.4600, 79.3100, 79.4600, 2339
2018-10-08, 79.0900, 79.3900, 79.0748, 79.0748, 972
2018-10-09, 79.0300, 79.5763, 79.0300, 79.5676, 3761
2018-10-10, 79.1700, 79.1700, 77.1780, 77.1780, 27106
2018-10-11, 77.0400, 77.3600, 75.6205, 75.6205, 5324
2018-10-12, 76.9900, 77.1583, 76.1334, 76.5218, 2748
2018-10-15, 76.5592, 76.8500, 76.5592, 76.8500, 7525
2018-10-16, 77.8500, 77.9900, 77.1904, 77.8520, 9360
2018-10-17, 77.9300, 78.2500, 77.5100, 77.7183, 4304
2018-10-18, 77.2952, 77.3281, 76.3853, 76.4400, 6361
2018-10-19, 77.0413, 77.4000, 76.5501, 76.5501, 4223
2018-10-22, 76.9700, 76.9700, 76.1701, 76.3886, 4725
2018-10-23, 75.1700, 75.9800, 74.9600, 75.8300, 12332
2018-10-24, 75.4640, 75.4640, 74.2600, 74.2600, 3452
2018-10-25, 74.0800, 75.4157, 73.8401, 74.9600, 16101
2018-10-26, 73.6000, 74.4550, 73.1600, 74.0284, 4641
2018-10-29, 74.8200, 75.3228, 73.0781, 73.1800, 15100
2018-10-30, 73.2700, 74.3000, 73.2700, 74.1900, 7780
2018-10-31, 75.0300, 75.5500, 75.0300, 75.4250, 7664
2018-11-01, 75.6200, 76.0600, 75.3096, 75.9064, 1720
2018-11-02, 76.4051, 76.4051, 75.6329, 75.8699, 10642
2018-11-05, 76.0800, 76.6800, 75.9497, 76.3600, 9077
2018-11-06, 76.3786, 76.5372, 76.3786, 76.3901, 2252
2018-11-07, 77.3700, 77.9700, 77.0000, 77.9700, 5475
2018-11-08, 77.7100, 77.7400, 77.3328, 77.3328, 5815
2018-11-09, 76.9300, 76.9300, 76.4300, 76.6020, 48727
