2015-08-19, 19.6500, 20.2500, 19.6500, 19.7200, 29811
2015-08-20, 19.8900, 19.8900, 19.3000, 19.3600, 8605
2015-08-21, 19.0102, 19.0102, 18.5501, 18.5800, 5927
2015-08-24, 17.8100, 20.2100, 17.3386, 17.7500, 7098
2015-08-25, 18.1500, 18.1699, 17.7500, 17.7500, 3359
2015-08-26, 18.2700, 18.2700, 17.5488, 18.0044, 3161
2015-08-27, 18.3750, 18.4100, 18.0400, 18.0400, 6959
2015-08-28, 18.4700, 18.5000, 18.1800, 18.4100, 23531
2015-08-31, 18.5000, 18.6900, 18.4000, 18.5400, 6467
2015-09-01, 18.2100, 18.2100, 17.9500, 17.9500, 10717
2015-09-02, 17.8800, 18.0864, 17.7000, 18.0110, 4573
2015-09-03, 18.1901, 18.4000, 18.1520, 18.2200, 63331
2015-09-04, 18.0100, 18.0100, 17.8200, 17.9500, 9133
2015-09-08, 18.2157, 18.3399, 18.2157, 18.2537, 2721
2015-09-09, 18.2500, 18.6499, 18.2500, 18.3500, 11702
2015-09-10, 18.4522, 18.7094, 18.4000, 18.5500, 23470
2015-09-11, 18.4350, 18.5299, 18.4000, 18.5299, 4861
2015-09-14, 18.3700, 18.3701, 18.2400, 18.2400, 3511
2015-09-15, 18.2400, 18.3235, 18.0900, 18.3200, 3035
2015-09-16, 18.2800, 18.3400, 18.2717, 18.3000, 18553
2015-09-17, 18.3970, 18.8099, 18.3970, 18.5752, 13801
2015-09-18, 18.5000, 18.5000, 18.2441, 18.2632, 1945
2015-09-21, 18.4601, 18.4601, 18.4601, 18.4601, 300
2015-09-22, 18.4300, 18.4300, 18.0000, 18.0100, 1523
2015-09-23, 18.0100, 18.0100, 18.0100, 18.0100, 92
2015-09-24, 18.0500, 18.3200, 17.9900, 18.3200, 1806
2015-09-25, 18.0700, 18.5200, 18.0700, 18.2400, 10386
2015-09-28, 18.4500, 18.4500, 17.7500, 17.8000, 3375
2015-09-29, 17.8450, 17.9250, 17.8000, 17.8000, 850
2015-09-30, 18.0000, 18.1100, 18.0000, 18.1100, 3055
2015-10-01, 18.3578, 18.4400, 18.3299, 18.4400, 13803
2015-10-02, 18.4400, 18.6880, 18.3600, 18.6880, 2602
2015-10-05, 19.1714, 19.3895, 19.1714, 19.3895, 2674
2015-10-06, 19.7300, 19.7300, 19.3200, 19.3200, 2507
2015-10-07, 19.6850, 19.6850, 19.4880, 19.6200, 2981
2015-10-08, 19.5200, 19.8120, 19.5200, 19.8120, 48511
2015-10-09, 19.8400, 19.8650, 19.5800, 19.7500, 29022
2015-10-12, 19.5901, 19.6304, 19.5901, 19.6145, 1105
2015-10-13, 19.7700, 19.7700, 19.1985, 19.1985, 14560
2015-10-14, 19.1440, 19.1440, 19.0900, 19.1146, 13356
2015-10-15, 19.5000, 19.6290, 19.5000, 19.6290, 3330
2015-10-16, 19.8600, 19.8600, 19.6365, 19.6899, 2318
2015-10-19, 19.7600, 19.7600, 19.2710, 19.5100, 14763
2015-10-20, 19.2000, 19.2150, 19.0700, 19.2150, 34284
2015-10-21, 19.1300, 19.1900, 19.0600, 19.0801, 17820
2015-10-22, 19.1740, 19.2136, 19.1740, 19.2136, 389
2015-10-23, 19.3400, 19.4100, 19.3400, 19.4100, 1389
2015-10-26, 19.3869, 19.3869, 19.3101, 19.3101, 2550
2015-10-27, 19.1300, 19.2034, 19.0800, 19.1950, 5631
2015-10-28, 19.0300, 19.4600, 19.0300, 19.3905, 60317
2015-10-29, 19.6700, 19.6700, 19.3900, 19.5700, 14241
2015-10-30, 19.7680, 19.7700, 19.6000, 19.6633, 41024
2015-11-02, 20.1000, 20.1000, 19.7600, 19.9860, 18811
2015-11-03, 20.0300, 20.3890, 19.9950, 20.3400, 6922
2015-11-04, 20.4100, 20.5000, 20.4000, 20.4550, 11319
2015-11-05, 20.4500, 20.5200, 20.3765, 20.4900, 4723
2015-11-06, 20.2300, 20.2800, 20.1450, 20.2800, 6034
2015-11-09, 20.5700, 20.5700, 19.9300, 19.9500, 4709
2015-11-10, 20.1300, 20.1300, 19.8572, 19.9100, 6327
2015-11-11, 19.9250, 19.9966, 19.9250, 19.9300, 3441
2015-11-12, 19.7500, 19.7700, 19.6550, 19.7100, 1748
2015-11-13, 19.5057, 19.5704, 19.4900, 19.5500, 4972
2015-11-16, 19.5500, 19.8761, 19.5500, 19.8761, 904
2015-11-17, 20.0200, 20.0599, 19.9447, 20.0599, 1196
2015-11-18, 19.9101, 20.2799, 19.9101, 20.2725, 4029
2015-11-19, 20.4090, 20.4100, 20.3500, 20.3500, 12848
2015-11-20, 20.5200, 20.5200, 20.4130, 20.4253, 420
2015-11-23, 20.4800, 20.4800, 20.4300, 20.4499, 5117
2015-11-24, 20.4500, 20.6336, 20.2901, 20.6320, 20140
2015-11-25, 20.8800, 20.8800, 20.7100, 20.7700, 14405
2015-11-27, 20.7700, 20.7800, 20.7100, 20.7100, 4074
2015-11-30, 20.6820, 20.7100, 20.6000, 20.6000, 1250
2015-12-01, 20.6980, 20.7207, 20.6200, 20.7207, 1534
2015-12-02, 20.3100, 20.7400, 20.3100, 20.3880, 4837
2015-12-03, 20.4290, 20.4400, 20.2210, 20.2300, 8281
2015-12-04, 20.1600, 20.3300, 20.1600, 20.3300, 31870
2015-12-07, 20.2500, 20.2500, 19.9110, 19.9800, 7873
2015-12-08, 19.7736, 19.9400, 19.7400, 19.8370, 8419
2015-12-09, 19.8990, 19.9250, 19.6140, 19.6890, 4036
2015-12-10, 19.8180, 20.0100, 19.7600, 19.8800, 4197
2015-12-11, 19.6500, 19.6500, 19.0510, 19.1180, 28119
2015-12-14, 19.1800, 19.1800, 18.7200, 19.0200, 128183
2015-12-15, 18.9500, 19.4400, 18.9500, 19.2248, 28880
2015-12-16, 19.2200, 19.7199, 19.2200, 19.6500, 17723
2015-12-17, 19.6900, 19.7900, 19.6200, 19.6500, 4360
2015-12-18, 19.6400, 19.6400, 19.3300, 19.3600, 12551
2015-12-21, 19.6090, 19.6500, 19.3400, 19.6500, 26603
2015-12-22, 19.7200, 19.8350, 19.5800, 19.6300, 46082
2015-12-23, 19.7501, 20.1000, 19.7501, 20.0790, 24664
2015-12-24, 19.9900, 20.0730, 19.9900, 20.0599, 1074
2015-12-28, 19.9900, 19.9900, 19.8400, 19.8500, 1380
2015-12-29, 19.6800, 20.0200, 19.6800, 19.8800, 5893
2015-12-30, 19.8401, 19.8822, 19.7983, 19.7983, 3415
2015-12-31, 19.9500, 19.9500, 19.6790, 19.7400, 560
2016-01-04, 19.8600, 19.8600, 19.3100, 19.3601, 9003
2016-01-05, 19.0700, 19.6350, 19.0700, 19.6100, 6042
2016-01-06, 19.5700, 19.5700, 19.1400, 19.1400, 4875
2016-01-07, 19.0400, 19.1864, 18.9810, 19.0999, 1357
2016-01-08, 19.0300, 19.0300, 18.7999, 18.7999, 1373
2016-01-11, 18.6300, 19.1600, 18.6300, 18.9100, 14550
2016-01-12, 19.2000, 19.2096, 18.9185, 19.1600, 6111
2016-01-13, 19.1900, 19.2900, 18.4100, 18.5189, 3964
2016-01-14, 18.6900, 18.9127, 18.3800, 18.9127, 5054
2016-01-15, 18.5000, 18.5800, 18.1800, 18.2900, 17865
2016-01-19, 18.7499, 18.7499, 18.1759, 18.2200, 3610
2016-01-20, 18.0100, 18.0489, 17.6001, 17.7632, 4253
2016-01-21, 17.8740, 18.1999, 17.8740, 17.8900, 7250
2016-01-22, 18.6500, 18.6500, 18.3610, 18.5400, 4518
2016-01-25, 18.5956, 18.5956, 18.1200, 18.1660, 1293
2016-01-26, 18.4400, 18.4400, 18.2901, 18.3500, 1596
2016-01-27, 18.3682, 18.6000, 18.3500, 18.4100, 6667
2016-01-28, 18.9500, 18.9500, 18.3700, 18.4000, 2126
2016-01-29, 18.5200, 18.7642, 18.4080, 18.7642, 1142
2016-02-01, 18.6100, 18.7540, 18.6000, 18.7540, 2005
2016-02-02, 18.1685, 18.1690, 18.1685, 18.1690, 342
2016-02-03, 18.1000, 18.1000, 18.0100, 18.0600, 4994
2016-02-04, 18.3900, 18.6700, 18.2700, 18.4200, 6023
2016-02-05, 18.1700, 18.1700, 17.9501, 17.9501, 1911
2016-02-08, 17.3801, 17.6130, 17.3801, 17.5000, 2512
2016-02-09, 17.3000, 17.3000, 17.3000, 17.3000, 350
2016-02-10, 17.5769, 17.5769, 17.5769, 17.5769, 100
2016-02-11, 17.3200, 17.3200, 17.0100, 17.0100, 1556
2016-02-12, 17.5500, 17.5500, 17.1800, 17.4501, 2562
2016-02-16, 17.5900, 17.6789, 17.5100, 17.5700, 4462
2016-02-17, 17.6400, 17.7390, 17.6400, 17.7385, 1050
2016-02-18, 17.6501, 17.6501, 17.6300, 17.6300, 205
2016-02-19, 17.7566, 17.8100, 17.7566, 17.8100, 1458
2016-02-22, 17.9100, 18.0599, 17.8900, 18.0007, 5215
2016-02-23, 18.0400, 18.1400, 17.8100, 17.8299, 4358
2016-02-24, 17.7499, 18.1900, 17.7499, 18.1700, 10004
2016-02-25, 18.0140, 18.1513, 18.0140, 18.1513, 4302
2016-02-26, 18.3400, 18.3641, 18.1500, 18.1500, 4892
2016-02-29, 18.1100, 18.1100, 18.1100, 18.1100, 700
2016-03-01, 18.1400, 18.6700, 18.0700, 18.6700, 24820
2016-03-02, 18.3100, 18.6900, 18.3100, 18.5989, 2262
2016-03-03, 18.8000, 19.2350, 18.7999, 19.1700, 12578
2016-03-04, 19.2190, 19.2850, 19.1500, 19.1500, 1128
2016-03-07, 19.2300, 19.4399, 19.1286, 19.3101, 8945
2016-03-08, 19.1400, 19.1500, 18.8500, 18.8900, 7608
2016-03-09, 19.2200, 19.4100, 19.2100, 19.4000, 8900
2016-03-10, 19.4000, 19.4000, 19.1700, 19.3059, 3438
2016-03-11, 19.2700, 19.6785, 19.2700, 19.6785, 2229
2016-03-14, 19.6900, 19.6900, 19.4714, 19.4714, 467
2016-03-15, 19.2900, 19.3699, 19.1600, 19.2750, 3641
2016-03-16, 19.4106, 19.5350, 19.3300, 19.5350, 12706
2016-03-17, 19.7607, 20.0364, 19.7607, 20.0310, 5153
2016-03-18, 20.2130, 20.2200, 19.9700, 19.9760, 12943
2016-03-21, 20.1600, 20.2800, 20.0800, 20.1401, 13547
2016-03-22, 20.2600, 20.3690, 20.2600, 20.3000, 29673
2016-03-23, 20.3400, 20.3400, 19.8785, 19.8785, 5625
2016-03-24, 19.8350, 19.9671, 19.8350, 19.9671, 355
2016-03-28, 19.9699, 19.9699, 19.9699, 19.9699, 671
2016-03-29, 19.8300, 20.0000, 19.7900, 20.0000, 14900
2016-03-30, 20.1800, 20.3199, 20.1800, 20.3199, 2111
2016-03-31, 20.2800, 20.2800, 20.2534, 20.2534, 1000
2016-04-01, 19.8400, 20.1300, 19.8100, 20.1300, 1221
2016-04-04, 19.9450, 20.0401, 19.9450, 20.0400, 5811
2016-04-05, 19.5900, 19.6900, 19.5800, 19.5811, 26340
2016-04-06, 19.5300, 19.5999, 19.5150, 19.5999, 19030
2016-04-07, 19.7001, 19.7470, 19.5300, 19.5300, 1470
2016-04-08, 20.1300, 20.1700, 20.0300, 20.1311, 26140
2016-04-11, 20.0611, 20.1960, 20.0108, 20.0108, 519
2016-04-12, 20.3300, 20.3690, 20.3200, 20.3200, 1897
2016-04-13, 20.4750, 20.5300, 20.4750, 20.5200, 5372
2016-04-14, 20.3900, 20.4400, 20.3800, 20.4150, 30263
2016-04-15, 20.0600, 20.1750, 19.9840, 19.9840, 2158
2016-04-18, 20.1701, 20.2672, 20.1701, 20.2200, 1222
2016-04-19, 20.4750, 20.4750, 20.3354, 20.3354, 408
2016-04-20, 20.3354, 20.3354, 20.3354, 20.3354, 0
2016-04-21, 20.3354, 20.3354, 20.3354, 20.3354, 21
2016-04-22, 20.4300, 20.5400, 20.4300, 20.5400, 1504
2016-04-25, 20.6200, 20.6200, 20.3046, 20.3100, 952
2016-04-26, 20.4600, 20.5160, 20.4600, 20.5160, 1288
2016-04-27, 20.6000, 20.6000, 20.5218, 20.5218, 3550
2016-04-28, 20.4770, 20.4770, 20.4770, 20.4770, 375
2016-04-29, 20.0000, 20.0000, 19.7001, 19.8380, 10147
2016-05-02, 19.6700, 20.1194, 19.6700, 20.1194, 1247
2016-05-03, 20.0900, 20.0900, 19.6450, 19.7500, 627
2016-05-04, 19.4100, 19.4100, 19.1020, 19.1020, 1918
2016-05-05, 19.0500, 19.0510, 19.0500, 19.0501, 675
2016-05-06, 18.9300, 18.9620, 18.9300, 18.9620, 563
2016-05-09, 18.9620, 18.9620, 18.9620, 18.9620, 170
2016-05-10, 18.9299, 18.9299, 18.8600, 18.8601, 450
2016-05-11, 18.5100, 19.0600, 18.5100, 18.9999, 5595
2016-05-12, 18.7300, 18.8800, 18.7300, 18.8800, 312
2016-05-13, 18.5600, 18.7398, 18.5600, 18.6477, 2401
2016-05-16, 18.7700, 18.7700, 18.7400, 18.7601, 1210
2016-05-17, 18.5800, 18.8900, 18.5800, 18.8201, 905
2016-05-18, 18.8500, 18.8501, 18.8500, 18.8501, 430
2016-05-19, 18.8501, 18.8501, 18.8501, 18.8501, 80
2016-05-20, 18.6910, 18.6910, 18.6910, 18.6910, 129
2016-05-23, 18.4400, 18.6700, 18.4400, 18.6700, 1979
2016-05-24, 18.7600, 18.7883, 18.7400, 18.7883, 1000
2016-05-25, 18.8000, 18.8001, 18.8000, 18.8001, 428
2016-05-26, 18.9200, 18.9200, 18.8480, 18.8480, 492
2016-05-27, 18.9300, 19.0000, 18.9300, 19.0000, 456
2016-05-31, 18.9300, 18.9300, 18.8800, 18.9100, 2848
2016-06-01, 18.9100, 18.9100, 18.9100, 18.9100, 50
2016-06-02, 18.9899, 19.0500, 18.9400, 19.0500, 1850
2016-06-03, 19.0500, 19.0500, 19.0500, 19.0500, 235
2016-06-06, 19.1699, 19.1699, 19.0700, 19.0923, 1058
2016-06-07, 19.2500, 19.2500, 19.2500, 19.2500, 2282
2016-06-08, 19.5700, 19.6199, 19.4699, 19.4699, 1300
2016-06-09, 19.3100, 19.4400, 19.3100, 19.4400, 1822
2016-06-10, 18.9900, 19.0650, 18.8600, 19.0608, 1826
2016-06-13, 18.6440, 18.6440, 18.6440, 18.6440, 763
2016-06-14, 18.2240, 18.2280, 18.1301, 18.1301, 1064
2016-06-15, 18.1200, 18.1800, 18.1200, 18.1800, 359
2016-06-16, 18.2800, 18.2800, 18.2800, 18.2800, 450
2016-06-17, 18.2800, 18.3500, 18.2510, 18.2520, 760
2016-06-20, 18.6700, 18.6700, 18.5800, 18.6000, 1072
2016-06-21, 18.6000, 18.6000, 18.6000, 18.6000, 41
2016-06-22, 18.6000, 18.6000, 18.6000, 18.6000, 4
2016-06-23, 18.6000, 18.6000, 18.6000, 18.6000, 0
2016-06-24, 18.3300, 18.3300, 18.0800, 18.0800, 1110
2016-06-27, 17.7920, 17.8124, 17.6600, 17.8124, 1980
2016-06-28, 18.0184, 18.0184, 18.0184, 18.0184, 236
2016-06-29, 18.4100, 18.5200, 18.4100, 18.5200, 225
2016-06-30, 18.5000, 18.5000, 18.5000, 18.5000, 925
2016-07-01, 18.6450, 18.6450, 18.5300, 18.5300, 2303
2016-07-05, 18.5300, 18.5300, 18.5300, 18.5300, 6
2016-07-06, 17.9400, 17.9801, 17.9100, 17.9101, 5828
2016-07-07, 18.1600, 18.1600, 17.8855, 17.8855, 740
2016-07-08, 17.9310, 18.1224, 17.9310, 18.0200, 1580
2016-07-11, 18.1600, 18.2900, 18.1600, 18.2900, 300
2016-07-12, 18.2900, 18.2900, 18.2900, 18.2900, 0
2016-07-13, 18.3100, 18.3332, 18.3100, 18.3332, 512
2016-07-14, 18.6899, 18.6899, 18.5400, 18.5601, 921
2016-07-15, 18.6799, 18.6799, 18.6799, 18.6799, 150
2016-07-18, 18.6799, 18.6799, 18.6799, 18.6799, 100
2016-07-19, 18.4300, 18.5159, 18.4100, 18.5159, 300
2016-07-20, 18.5743, 18.5743, 18.5743, 18.5743, 550
2016-07-21, 18.4860, 18.4860, 18.2500, 18.3634, 2103
2016-07-22, 18.2601, 18.3450, 18.2600, 18.3450, 808
2016-07-25, 18.3450, 18.3450, 18.3450, 18.3450, 35
2016-07-26, 18.3500, 18.4550, 18.3500, 18.3500, 300
2016-07-27, 18.6147, 18.6147, 18.3700, 18.3920, 1432
2016-07-28, 18.4701, 18.5240, 18.4701, 18.5240, 900
2016-07-29, 18.5240, 18.5240, 18.5240, 18.5240, 0
2016-08-01, 18.7700, 18.7700, 18.7700, 18.7700, 831
2016-08-02, 18.6767, 18.6767, 18.6767, 18.6767, 206
2016-08-03, 18.8799, 18.8799, 18.8002, 18.8002, 669
2016-08-04, 18.8250, 18.8842, 18.8250, 18.8842, 400
2016-08-05, 19.0200, 19.0700, 18.9700, 18.9701, 3700
2016-08-08, 18.9701, 18.9701, 18.9701, 18.9701, 10
2016-08-09, 19.2100, 19.2975, 19.2100, 19.2775, 2104
2016-08-10, 19.2775, 19.2775, 19.2775, 19.2775, 0
2016-08-11, 19.3600, 19.3900, 19.3600, 19.3900, 547
2016-08-12, 19.4500, 19.5000, 19.4500, 19.5000, 643
2016-08-15, 19.4771, 19.4771, 19.4771, 19.4771, 205
2016-08-16, 19.2700, 19.6000, 19.2700, 19.5395, 592
2016-08-17, 19.5972, 19.6000, 19.5749, 19.6000, 400
2016-08-18, 19.5500, 19.6540, 19.5300, 19.6540, 2674
2016-08-19, 19.5510, 19.5510, 19.5510, 19.5510, 120
2016-08-22, 19.5000, 19.5000, 19.3100, 19.3650, 7278
2016-08-23, 19.3562, 19.3600, 19.2710, 19.2710, 1355
2016-08-24, 19.1200, 19.2360, 19.1200, 19.2360, 200
2016-08-25, 19.2100, 19.2100, 19.1889, 19.2100, 1037
2016-08-26, 19.3200, 19.3200, 19.0400, 19.0400, 420
2016-08-29, 19.1100, 19.1273, 19.1001, 19.1001, 977
2016-08-30, 19.2300, 19.2699, 19.1700, 19.2699, 6520
2016-08-31, 19.3499, 19.3499, 19.3499, 19.3499, 226
2016-09-01, 19.1110, 19.1601, 19.1110, 19.1601, 1061
2016-09-02, 19.2400, 19.2542, 19.2400, 19.2542, 660
2016-09-06, 19.4400, 19.4700, 19.4300, 19.4700, 11600
2016-09-07, 19.4600, 19.6600, 19.4000, 19.6600, 504
2016-09-08, 19.6600, 19.6600, 19.6600, 19.6600, 0
2016-09-09, 19.6099, 19.6099, 19.6099, 19.6099, 1521
2016-09-12, 19.6200, 19.7300, 19.6175, 19.6175, 1720
2016-09-13, 19.4680, 19.4680, 19.4680, 19.4680, 400
2016-09-14, 19.1900, 19.1900, 19.1900, 19.1900, 420
2016-09-15, 19.4800, 19.4800, 19.4800, 19.4800, 100
2016-09-16, 19.4287, 19.4287, 19.4287, 19.4287, 154
2016-09-19, 19.7400, 19.7985, 19.7300, 19.7699, 6639
2016-09-20, 19.4900, 19.4900, 19.4900, 19.4900, 139
2016-09-21, 19.4900, 19.4900, 19.4900, 19.4900, 8
2016-09-22, 20.0159, 20.0159, 20.0000, 20.0000, 5315
2016-09-23, 20.0000, 20.0000, 20.0000, 20.0000, 0
2016-09-26, 19.7260, 19.7550, 19.7260, 19.7550, 1022
2016-09-27, 19.7550, 19.7550, 19.7550, 19.7550, 0
2016-09-28, 19.7200, 19.7700, 19.7200, 19.7600, 800
2016-09-29, 20.0200, 20.0900, 19.8856, 19.8856, 1638
2016-09-30, 19.7200, 19.9300, 19.7200, 19.9101, 1100
2016-10-03, 19.7300, 19.8611, 19.7300, 19.8300, 501
2016-10-04, 19.9410, 19.9800, 19.9100, 19.9100, 1372
2016-10-05, 19.9800, 20.1443, 19.9800, 20.1443, 3716
2016-10-06, 20.2650, 20.2992, 20.2650, 20.2992, 391
2016-10-07, 20.2500, 20.3000, 20.0927, 20.0927, 600
2016-10-10, 20.0927, 20.0927, 20.0927, 20.0927, 0
2016-10-11, 20.0927, 20.0927, 20.0927, 20.0927, 0
2016-10-12, 19.8980, 19.9350, 19.8800, 19.9299, 1710
2016-10-13, 19.9299, 19.9299, 19.9299, 19.9299, 75
2016-10-14, 19.8757, 19.8757, 19.8757, 19.8757, 100
2016-10-17, 19.8757, 19.8757, 19.8757, 19.8757, 7
2016-10-18, 19.9500, 19.9800, 19.9500, 19.9800, 994
2016-10-19, 19.8900, 20.0500, 19.8900, 19.9900, 1530
2016-10-20, 19.9900, 19.9900, 19.9900, 19.9900, 3
2016-10-21, 20.1100, 20.1127, 20.0300, 20.0448, 3000
2016-10-24, 20.0448, 20.0448, 20.0448, 20.0448, 2
2016-10-25, 20.0448, 20.0448, 20.0448, 20.0448, 0
2016-10-26, 20.1950, 20.1950, 20.1950, 20.1950, 331
2016-10-27, 20.1950, 20.1950, 20.1950, 20.1950, 2
2016-10-28, 20.0801, 20.1000, 20.0400, 20.1000, 5134
2016-10-31, 20.2420, 20.2420, 20.1400, 20.1466, 391
2016-11-01, 20.1210, 20.1210, 20.1210, 20.1210, 591
2016-11-02, 20.0000, 20.0000, 19.8800, 19.8999, 500
2016-11-03, 19.8999, 19.8999, 19.8999, 19.8999, 24
2016-11-04, 19.8999, 19.8999, 19.8999, 19.8999, 22
2016-11-07, 19.8895, 19.8895, 19.8300, 19.8300, 214
2016-11-08, 19.8300, 19.8300, 19.7700, 19.8300, 800
2016-11-09, 20.1500, 20.1500, 19.8000, 20.0601, 3887
2016-11-10, 20.1100, 20.1100, 20.1000, 20.1000, 3208
2016-11-11, 20.1000, 20.1000, 20.1000, 20.1000, 60
2016-11-14, 19.8282, 19.8282, 19.8282, 19.8282, 317
2016-11-15, 19.9900, 20.0472, 19.9900, 20.0472, 336
2016-11-16, 20.0472, 20.0472, 20.0472, 20.0472, 118
2016-11-17, 20.0472, 20.0472, 20.0472, 20.0472, 81
2016-11-18, 20.0700, 20.0760, 20.0700, 20.0760, 407
2016-11-21, 20.3600, 20.4100, 20.3600, 20.3800, 869
2016-11-22, 20.7890, 20.8400, 20.7100, 20.7400, 14433
2016-11-23, 20.7500, 20.7500, 20.6800, 20.6800, 3160
2016-11-25, 20.6800, 20.6800, 20.6800, 20.6800, 0
2016-11-28, 20.6800, 20.6800, 20.6800, 20.6800, 50
2016-11-29, 20.1600, 20.4000, 20.1600, 20.3600, 2936
2016-11-30, 20.4200, 20.4400, 20.3300, 20.3300, 2371
2016-12-01, 20.7321, 20.7321, 20.5700, 20.5700, 19425
2016-12-02, 20.5700, 20.5700, 20.5700, 20.5700, 6
2016-12-05, 20.7800, 21.1700, 20.7800, 20.9950, 3423
2016-12-06, 21.1600, 21.2700, 21.1500, 21.2700, 700
2016-12-07, 21.4600, 21.7224, 21.4500, 21.6700, 4895
2016-12-08, 21.7835, 21.9499, 21.7600, 21.7600, 10139
2016-12-09, 21.8573, 21.8593, 21.8573, 21.8593, 2238
2016-12-12, 22.4100, 22.4100, 21.5700, 21.6171, 11264
2016-12-13, 21.8900, 22.0300, 21.8300, 21.8300, 17403
2016-12-14, 21.7500, 21.8300, 21.6900, 21.6900, 1800
2016-12-15, 21.4532, 21.5303, 21.4210, 21.5303, 2531
2016-12-16, 21.5303, 21.5303, 21.5303, 21.5303, 4
2016-12-19, 21.3000, 21.3000, 20.7100, 20.7100, 1334
2016-12-20, 20.7140, 20.7383, 20.7100, 20.7100, 852
2016-12-21, 20.7100, 20.7100, 20.7100, 20.7100, 109
2016-12-22, 20.8200, 20.8200, 20.7400, 20.8178, 1008
2016-12-23, 20.7800, 20.9685, 20.6400, 20.9685, 1865
2016-12-27, 20.8554, 20.9000, 20.8554, 20.8704, 2158
2016-12-28, 20.8200, 20.8200, 20.7700, 20.7856, 805
2016-12-29, 20.7856, 20.7856, 20.7856, 20.7856, 246
2016-12-30, 20.9445, 20.9445, 20.8100, 20.8400, 1301
2017-01-03, 21.0200, 21.1628, 20.9600, 21.0447, 2302
2017-01-04, 21.1500, 21.2100, 21.0411, 21.0700, 1556
2017-01-05, 20.9610, 21.1580, 20.9610, 21.1580, 338
2017-01-06, 20.9776, 20.9776, 20.9776, 20.9776, 200
2017-01-09, 20.6800, 20.7353, 20.6800, 20.7353, 670
2017-01-10, 21.0000, 21.0000, 20.6600, 20.6600, 245
2017-01-11, 20.6612, 20.6612, 20.6612, 20.6612, 302
2017-01-12, 20.9100, 20.9700, 20.9100, 20.9700, 266
2017-01-13, 20.9700, 20.9700, 20.9700, 20.9700, 98
2017-01-17, 20.9300, 20.9300, 20.9300, 20.9300, 380
2017-01-18, 20.9313, 20.9313, 20.9313, 20.9313, 200
2017-01-19, 20.8000, 20.8150, 20.8000, 20.8000, 1604
2017-01-20, 20.8000, 20.8000, 20.8000, 20.8000, 29
2017-01-23, 20.7300, 20.8098, 20.7300, 20.8098, 740
2017-01-24, 21.0100, 21.1499, 21.0100, 21.1499, 5721
2017-01-25, 21.2100, 21.2100, 21.0300, 21.0300, 1406
2017-01-26, 21.0114, 21.0114, 20.9200, 20.9200, 2460
2017-01-27, 21.0468, 21.0468, 21.0000, 21.0000, 272
2017-01-30, 20.8709, 20.9374, 20.8709, 20.9374, 508
2017-01-31, 20.9200, 20.9200, 20.9199, 20.9199, 1073
2017-02-01, 20.9199, 20.9199, 20.9199, 20.9199, 25
2017-02-02, 20.8636, 20.8636, 20.8636, 20.8636, 150
2017-02-03, 20.9546, 20.9546, 20.9390, 20.9390, 349
2017-02-06, 20.9390, 20.9390, 20.9390, 20.9390, 80
2017-02-07, 20.7240, 20.8000, 20.7240, 20.8000, 2930
2017-02-08, 20.6200, 20.7900, 20.6200, 20.7900, 300
2017-02-09, 21.0900, 21.1300, 21.0411, 21.0411, 1010
2017-02-10, 21.0411, 21.0411, 21.0411, 21.0411, 12
2017-02-13, 21.0411, 21.0411, 21.0411, 21.0411, 1036
2017-02-14, 21.4260, 21.4260, 21.4260, 21.4260, 201
2017-02-15, 21.2700, 21.6657, 21.2700, 21.4500, 923
2017-02-16, 21.4500, 21.4500, 21.4500, 21.4500, 100
2017-02-17, 21.6016, 21.6016, 21.6016, 21.6016, 286
2017-02-21, 21.6016, 21.6016, 21.6016, 21.6016, 61
2017-02-22, 21.6903, 21.6903, 21.6903, 21.6903, 275
2017-02-23, 21.7100, 21.7380, 21.7001, 21.7001, 1204
2017-02-24, 21.7000, 21.8290, 21.7000, 21.8290, 1145
2017-02-27, 21.8290, 21.8290, 21.8290, 21.8290, 39
2017-02-28, 21.9182, 21.9182, 21.8092, 21.8092, 445
2017-03-01, 21.8092, 21.8092, 21.8092, 21.8092, 60
2017-03-02, 21.8092, 21.8092, 21.8092, 21.8092, 50
2017-03-03, 21.8000, 21.9099, 21.5600, 21.8999, 1615
2017-03-06, 21.8999, 21.8999, 21.8999, 21.8999, 133
2017-03-07, 21.8999, 21.8999, 21.8999, 21.8999, 255
2017-03-08, 21.9000, 22.0500, 21.7989, 21.7989, 683
2017-03-09, 21.6816, 21.6816, 21.3614, 21.4033, 700
2017-03-10, 21.7670, 21.8699, 21.7670, 21.8699, 1125
2017-03-13, 21.9100, 21.9100, 21.9100, 21.9100, 279
2017-03-14, 22.0798, 22.0798, 22.0603, 22.0603, 951
2017-03-15, 21.8728, 22.1700, 21.8728, 22.1700, 11600
2017-03-16, 22.3900, 22.5800, 22.3500, 22.4800, 2657
2017-03-17, 22.4800, 22.4800, 22.4800, 22.4800, 32
2017-03-20, 22.6000, 22.6000, 22.4093, 22.4700, 1404
2017-03-21, 22.2246, 22.2246, 22.2246, 22.2246, 336
2017-03-22, 22.0600, 22.2300, 22.0600, 22.2300, 925
2017-03-23, 22.2499, 22.2499, 22.2150, 22.2150, 210
2017-03-24, 22.1660, 22.2500, 22.1660, 22.2500, 1928
2017-03-27, 22.1400, 22.1820, 22.1100, 22.1600, 1311
2017-03-28, 22.2000, 22.2400, 22.1550, 22.1550, 1961
2017-03-29, 22.2500, 22.5500, 22.2500, 22.5500, 3723
2017-03-30, 22.6146, 22.6500, 22.6146, 22.6500, 394
2017-03-31, 22.6500, 22.6500, 22.6500, 22.6500, 67
2017-04-03, 22.4500, 22.5500, 22.4500, 22.5500, 1267
2017-04-04, 22.5500, 22.7400, 22.5500, 22.7300, 2209
2017-04-05, 22.5600, 22.5600, 22.3946, 22.3946, 451
2017-04-06, 22.4026, 22.4026, 22.4026, 22.4026, 1000
2017-04-07, 22.3200, 22.3200, 22.3200, 22.3200, 302
2017-04-10, 22.5400, 22.6890, 22.5297, 22.5297, 1010
2017-04-11, 22.5900, 22.6700, 22.4500, 22.6700, 694
2017-04-12, 22.7100, 22.7100, 22.3400, 22.3500, 1725
2017-04-13, 22.5700, 22.6600, 22.3800, 22.3800, 1302
2017-04-17, 22.3000, 22.5199, 22.2600, 22.5199, 506
2017-04-18, 22.5199, 22.5199, 22.5199, 22.5199, 40
2017-04-19, 22.1420, 22.1420, 22.1300, 22.1300, 1352
2017-04-20, 22.1300, 22.1300, 22.1300, 22.1300, 25
2017-04-21, 22.1300, 22.1300, 22.1300, 22.1300, 0
2017-04-24, 22.4837, 22.4837, 22.4837, 22.4837, 345
2017-04-25, 22.4837, 22.4837, 22.4837, 22.4837, 75
2017-04-26, 22.8953, 22.8953, 22.8953, 22.8953, 595
2017-04-27, 22.9162, 22.9162, 22.5100, 22.5100, 200
2017-04-28, 22.9300, 22.9445, 22.9300, 22.9300, 6228
2017-05-01, 22.8932, 22.9400, 22.8932, 22.9000, 1869
2017-05-02, 23.0599, 23.0599, 22.9550, 22.9550, 1400
2017-05-03, 22.9399, 22.9900, 22.8121, 22.8200, 1012
2017-05-04, 22.4329, 22.8063, 22.4329, 22.8063, 1600
2017-05-05, 22.8300, 23.0000, 22.8300, 22.8675, 3537
2017-05-08, 22.9500, 23.1100, 22.9500, 23.0500, 2905
2017-05-09, 22.9900, 23.1900, 22.9900, 23.1900, 1378
2017-05-10, 23.0501, 23.0501, 23.0501, 23.0501, 109
2017-05-11, 23.0900, 23.2350, 23.0900, 23.2100, 3004
2017-05-12, 23.2100, 23.2100, 23.2100, 23.2100, 121
2017-05-15, 23.2800, 23.4500, 23.2800, 23.3309, 1429
2017-05-16, 23.2500, 23.3800, 23.2500, 23.3800, 400
2017-05-17, 22.9400, 22.9886, 22.9400, 22.9400, 3300
2017-05-18, 22.6300, 22.8700, 22.4300, 22.5886, 1704
2017-05-19, 23.0799, 23.1800, 22.7551, 22.7551, 1178
2017-05-22, 23.1599, 23.1800, 23.0099, 23.1572, 3107
2017-05-23, 22.9400, 23.0500, 22.6400, 22.6400, 5930
2017-05-24, 22.6400, 22.9375, 22.6200, 22.8900, 5624
2017-05-25, 22.7752, 22.8000, 22.6300, 22.6300, 5110
2017-05-26, 22.5900, 22.6500, 22.5900, 22.6500, 1507
2017-05-30, 22.8465, 22.8465, 22.8465, 22.8465, 592
2017-05-31, 22.3635, 22.3635, 22.3324, 22.3324, 727
2017-06-01, 22.4001, 22.7800, 22.3800, 22.7800, 3897
2017-06-02, 22.6800, 22.8000, 22.6752, 22.7900, 1994
2017-06-05, 22.5600, 22.6953, 22.5500, 22.6000, 1270
2017-06-06, 22.8700, 22.8700, 22.7500, 22.8060, 3250
2017-06-07, 22.8690, 22.8690, 22.8600, 22.8600, 220
2017-06-08, 22.6900, 22.8590, 22.6900, 22.8500, 1390
2017-06-09, 22.8600, 22.8600, 22.8600, 22.8600, 389
2017-06-12, 22.9200, 22.9500, 22.8600, 22.9500, 2423
2017-06-13, 23.1200, 23.4500, 22.9500, 23.3800, 2370
2017-06-14, 23.2100, 23.2200, 23.0446, 23.0446, 982
2017-06-15, 23.0446, 23.0446, 23.0446, 23.0446, 61
2017-06-16, 23.0364, 23.2015, 23.0364, 23.1559, 518
2017-06-19, 23.4700, 23.5200, 23.3297, 23.3297, 3846
2017-06-20, 22.8600, 23.0000, 22.8410, 22.9715, 1927
2017-06-21, 23.0862, 23.0862, 22.9500, 22.9500, 904
2017-06-22, 22.8100, 22.8100, 22.8001, 22.8001, 865
2017-06-23, 22.8200, 22.9786, 22.8200, 22.9786, 1108
2017-06-26, 23.1300, 23.2718, 23.1300, 23.2000, 3310
2017-06-27, 23.2000, 23.4200, 23.2000, 23.2000, 3541
2017-06-28, 23.1400, 23.4899, 23.1400, 23.4600, 3586
2017-06-29, 23.4300, 23.4300, 23.3000, 23.3000, 962
2017-06-30, 23.4400, 23.4400, 23.0000, 23.3800, 3450
2017-07-03, 23.7500, 23.7500, 23.5000, 23.5000, 2643
2017-07-05, 23.3500, 23.4100, 23.0200, 23.1900, 3719
2017-07-06, 23.1300, 23.3000, 23.1300, 23.1300, 2030
2017-07-07, 23.2048, 23.4520, 23.1693, 23.4520, 2702
2017-07-10, 23.7000, 23.7000, 23.2550, 23.4200, 1563
2017-07-11, 23.3900, 23.6600, 23.3900, 23.6500, 1936
2017-07-12, 23.6517, 23.7800, 23.5000, 23.7800, 3142
2017-07-13, 23.6200, 23.7600, 23.6200, 23.6400, 2518
2017-07-14, 24.0900, 24.0900, 24.0350, 24.0350, 1491
2017-07-17, 23.9500, 24.0400, 23.9169, 23.9500, 1820
2017-07-18, 24.0600, 24.1800, 23.9747, 23.9747, 738
2017-07-19, 24.0800, 24.0800, 24.0800, 24.0800, 609
2017-07-20, 24.1162, 24.3600, 24.1162, 24.3410, 1531
2017-07-21, 24.3000, 24.3000, 24.3000, 24.3000, 369
2017-07-24, 24.2900, 24.4179, 24.2900, 24.3902, 2627
2017-07-25, 24.6600, 24.6600, 24.3785, 24.5298, 941
2017-07-26, 24.8300, 24.8300, 24.6565, 24.7833, 1734
2017-07-27, 24.6500, 24.8000, 24.5000, 24.5000, 4568
2017-07-28, 24.6056, 24.6100, 24.5000, 24.5000, 1288
2017-07-31, 24.7900, 24.9300, 24.6647, 24.8300, 3547
2017-08-01, 24.7800, 25.0200, 24.7800, 24.8600, 2469
2017-08-02, 25.1329, 25.1599, 24.9500, 24.9500, 1204
2017-08-03, 24.9000, 25.0350, 24.7300, 24.8500, 5002
2017-08-04, 25.1700, 25.1700, 24.8400, 24.9317, 2374
2017-08-07, 24.8100, 24.8353, 24.7300, 24.7571, 1620
2017-08-08, 24.8000, 25.0050, 24.8000, 24.8000, 1435
2017-08-09, 24.7299, 24.7299, 24.5025, 24.5025, 809
2017-08-10, 24.5000, 24.6400, 24.1301, 24.3800, 3254
2017-08-11, 24.2900, 24.5200, 24.0820, 24.2751, 4109
2017-08-14, 24.4500, 24.6000, 24.4500, 24.6000, 576
2017-08-15, 24.5300, 24.7200, 24.2410, 24.2450, 2236
2017-08-16, 24.2165, 24.2165, 24.1000, 24.1000, 389
2017-08-17, 24.2900, 24.2900, 24.1000, 24.1000, 603
2017-08-18, 24.4000, 24.4499, 24.1250, 24.1250, 2677
2017-08-21, 24.3200, 24.4000, 24.1301, 24.4000, 2205
2017-08-22, 24.3900, 24.4000, 24.2401, 24.4000, 6263
2017-08-23, 24.4100, 24.5000, 24.3793, 24.5000, 4539
2017-08-24, 24.6800, 25.0990, 24.6800, 24.9800, 3992
2017-08-25, 25.0100, 25.4100, 24.8900, 25.1893, 19570
2017-08-28, 25.3200, 25.6132, 25.3200, 25.5800, 9497
2017-08-29, 25.3500, 25.5500, 25.2000, 25.5000, 6148
2017-08-30, 25.5836, 25.5900, 25.3745, 25.5900, 7847
2017-08-31, 25.6000, 25.8099, 25.6000, 25.6000, 4437
2017-09-01, 25.6000, 26.0990, 25.6000, 26.0000, 18115
2017-09-05, 26.1000, 26.2200, 25.5000, 25.5000, 20008
2017-09-06, 25.6493, 25.8500, 25.6000, 25.8500, 13528
2017-09-07, 25.8000, 26.0000, 25.7356, 26.0000, 6854
2017-09-08, 25.8505, 26.0000, 25.7500, 25.9500, 4057
2017-09-11, 26.1000, 26.2500, 25.8000, 25.8500, 11831
2017-09-12, 25.9500, 26.2500, 25.8200, 25.8200, 4803
2017-09-13, 26.3400, 26.4300, 26.1500, 26.2000, 22381
2017-09-14, 26.1900, 26.4400, 26.0000, 26.1200, 16727
2017-09-15, 26.0300, 26.2500, 26.0000, 26.1400, 7496
2017-09-18, 26.1500, 26.3000, 26.1200, 26.2465, 4762
2017-09-19, 26.1100, 26.3900, 26.0900, 26.3369, 2941
2017-09-20, 26.4400, 26.6000, 26.4400, 26.4800, 3581
2017-09-21, 26.3700, 26.5847, 26.2585, 26.5000, 6485
2017-09-22, 26.3800, 26.5461, 26.3500, 26.4500, 2702
2017-09-25, 26.5500, 26.7800, 26.5209, 26.7800, 5635
2017-09-26, 26.7600, 27.0270, 26.7300, 26.7300, 5036
2017-09-27, 26.6400, 26.9631, 26.2806, 26.7385, 10064
2017-09-28, 26.5400, 26.9900, 26.2700, 26.8900, 7235
2017-09-29, 27.0761, 27.0761, 26.7462, 26.8266, 2065
2017-10-02, 26.6400, 26.9600, 26.4801, 26.9600, 12467
2017-10-03, 26.8200, 27.2179, 26.6800, 27.1150, 5411
2017-10-04, 26.9558, 27.0600, 26.7800, 27.0590, 5006
2017-10-05, 27.0409, 27.1550, 27.0329, 27.0600, 5523
2017-10-06, 26.9800, 27.1700, 26.8000, 27.1700, 6920
2017-10-09, 27.0200, 27.4500, 27.0200, 27.1200, 5506
2017-10-10, 27.4450, 27.4450, 27.0250, 27.2400, 4976
2017-10-11, 27.0001, 27.3091, 27.0001, 27.3000, 2303
2017-10-12, 27.3700, 27.4990, 27.3700, 27.3700, 6293
2017-10-13, 27.6500, 28.1100, 27.6500, 27.9373, 2830
2017-10-16, 28.3600, 28.3600, 27.5300, 27.9099, 10416
2017-10-17, 27.6400, 27.6600, 27.5390, 27.6200, 6357
2017-10-18, 27.5600, 27.8315, 27.5200, 27.6600, 4118
2017-10-19, 27.4900, 27.6821, 27.4801, 27.5700, 2439
2017-10-20, 27.6200, 27.7500, 27.3400, 27.6487, 8783
2017-10-23, 27.7000, 28.0038, 27.7000, 28.0038, 582
2017-10-24, 27.8200, 28.1257, 27.8200, 27.8300, 3261
2017-10-25, 27.8200, 28.0399, 27.5500, 27.9500, 3697
2017-10-26, 28.1297, 28.2132, 27.6380, 27.7350, 6247
2017-10-27, 27.9200, 28.2500, 27.9200, 28.0000, 2618
2017-10-30, 28.3000, 28.6300, 28.2000, 28.5000, 3788
2017-10-31, 28.4548, 28.4548, 28.1200, 28.1200, 1859
2017-11-01, 28.4900, 28.6990, 28.4900, 28.6760, 3015
2017-11-02, 28.7600, 29.2013, 28.7600, 28.9200, 12669
2017-11-03, 28.8700, 29.2000, 28.7000, 28.8000, 11939
2017-11-06, 28.8000, 29.2900, 28.8000, 29.0300, 22529
2017-11-07, 29.0000, 29.3360, 28.7877, 28.8600, 5664
2017-11-08, 28.8660, 29.0100, 28.8006, 28.9200, 3548
2017-11-09, 28.7100, 28.7100, 28.3554, 28.6300, 10708
2017-11-10, 28.6967, 28.8314, 28.5500, 28.6725, 3801
2017-11-13, 28.5600, 28.5700, 27.3857, 28.5632, 12827
2017-11-14, 28.6200, 28.7300, 27.0000, 28.5642, 13596
2017-11-15, 28.3200, 28.3200, 27.9859, 28.2900, 9294
2017-11-16, 28.3200, 28.5749, 28.3200, 28.5134, 11719
2017-11-17, 28.5000, 28.7091, 28.5000, 28.6500, 1350
2017-11-20, 28.6600, 28.6800, 28.5797, 28.6500, 14978
2017-11-21, 28.9700, 29.1409, 28.9400, 29.0800, 4185
2017-11-22, 29.1800, 29.1999, 29.1497, 29.1497, 1797
2017-11-24, 29.3200, 29.3200, 29.1100, 29.1680, 1379
2017-11-27, 29.2900, 29.2900, 29.1894, 29.2300, 2181
2017-11-28, 29.1800, 29.2900, 29.0110, 29.2900, 6532
2017-11-29, 29.2600, 29.3600, 29.0000, 29.0775, 4313
2017-11-30, 29.2372, 29.3680, 29.1310, 29.3450, 2166
2017-12-01, 29.3369, 29.3369, 28.9889, 29.1800, 2730
2017-12-04, 29.2200, 29.6399, 29.2200, 29.4000, 8932
2017-12-05, 29.4900, 29.7600, 29.4800, 29.6300, 10839
2017-12-06, 29.5000, 29.6100, 29.4400, 29.5000, 8477
2017-12-07, 29.3500, 29.4700, 29.3500, 29.3900, 9447
2017-12-08, 29.5400, 29.7200, 29.4600, 29.6500, 7787
2017-12-11, 29.6000, 29.8492, 29.6000, 29.7694, 9567
2017-12-12, 29.7700, 29.8000, 29.7500, 29.7600, 2421
2017-12-13, 29.9300, 30.0700, 29.9300, 29.9700, 5793
2017-12-14, 30.1900, 30.2500, 30.1100, 30.1600, 4660
2017-12-15, 30.1500, 30.1685, 30.0300, 30.0500, 4731
2017-12-18, 30.0400, 30.2000, 29.8850, 29.8850, 13647
2017-12-19, 30.0200, 30.0250, 29.6200, 29.6800, 13391
2017-12-20, 30.1000, 30.2500, 29.8000, 30.2400, 11338
2017-12-21, 30.3000, 30.4100, 30.2000, 30.2000, 9910
2017-12-22, 30.3300, 30.3600, 30.1000, 30.3100, 15198
2017-12-26, 30.4600, 30.6673, 30.4500, 30.6100, 16255
2017-12-27, 30.7600, 30.9020, 30.6688, 30.8300, 22929
2017-12-28, 30.7900, 30.8250, 30.7000, 30.7800, 8668
2017-12-29, 30.7900, 30.8500, 30.7000, 30.7000, 10278
2018-01-02, 30.8400, 31.0399, 30.7945, 30.9300, 33980
2018-01-03, 31.0200, 31.2600, 31.0200, 31.1650, 32283
2018-01-04, 31.3500, 31.3900, 31.2750, 31.3500, 12081
2018-01-05, 31.2200, 31.4600, 31.1175, 31.3800, 41259
2018-01-08, 31.4000, 31.4800, 31.2000, 31.3000, 59095
2018-01-09, 31.2900, 31.3800, 30.9500, 30.9500, 353743
2018-01-10, 31.3100, 31.5847, 31.1500, 31.3400, 22664
2018-01-11, 31.5300, 31.7200, 31.5300, 31.6501, 20860
2018-01-12, 31.7600, 32.2710, 31.7600, 32.0600, 59844
2018-01-16, 32.0600, 32.0600, 31.4400, 31.5457, 33296
2018-01-17, 31.6400, 31.9300, 31.6400, 31.7980, 13960
2018-01-18, 31.6200, 31.6200, 31.0000, 31.4500, 22006
2018-01-19, 31.6100, 31.6600, 31.4600, 31.6000, 7037
2018-01-22, 31.9200, 32.1000, 31.8900, 32.1000, 10977
2018-01-23, 32.1500, 32.1600, 32.0300, 32.1300, 17452
2018-01-24, 32.2300, 32.2300, 31.8847, 31.9200, 7107
2018-01-25, 32.0900, 32.0900, 31.7100, 31.7200, 11832
2018-01-26, 31.8100, 31.9390, 31.7000, 31.8644, 19010
2018-01-29, 32.0100, 32.0100, 31.7200, 31.7200, 17992
2018-01-30, 31.4900, 31.4900, 31.1000, 31.1600, 19456
2018-01-31, 31.2500, 31.4150, 31.1710, 31.3600, 9512
2018-02-01, 31.3331, 31.4000, 30.9500, 31.0931, 25455
2018-02-02, 30.8000, 30.9055, 30.2100, 30.3000, 57302
2018-02-05, 29.8800, 30.2903, 28.8100, 29.2717, 47014
2018-02-06, 28.2500, 29.7600, 28.2500, 29.7600, 27599
2018-02-07, 29.8000, 30.1590, 29.1986, 29.4516, 17094
2018-02-08, 29.3400, 29.3400, 28.6200, 28.6400, 19503
2018-02-09, 28.6600, 28.8600, 27.8600, 28.7300, 25208
2018-02-12, 28.9200, 29.2424, 28.7000, 29.0000, 7238
2018-02-13, 28.9100, 29.2600, 28.7700, 29.0400, 5042
2018-02-14, 28.6700, 29.7300, 28.6700, 29.5895, 9040
2018-02-15, 29.8200, 29.8407, 29.4834, 29.6048, 5211
2018-02-16, 29.5700, 29.8812, 29.5548, 29.6698, 5915
2018-02-20, 29.5800, 29.6150, 29.3545, 29.3545, 3049
2018-02-21, 29.3400, 29.5000, 29.1401, 29.1401, 11135
2018-02-22, 29.1900, 29.4300, 29.1900, 29.2110, 7180
2018-02-23, 29.5601, 29.8007, 29.5601, 29.8007, 2257
2018-02-26, 30.1700, 30.1700, 29.9400, 30.0900, 6321
2018-02-27, 30.1000, 30.1000, 29.9000, 29.9000, 15601
2018-02-28, 30.0000, 30.0000, 29.3610, 29.4553, 2757
2018-03-01, 29.1500, 29.3479, 29.0529, 29.2300, 5802
2018-03-02, 29.0918, 29.0918, 29.0000, 29.0900, 5641
2018-03-05, 29.0500, 29.4900, 29.0300, 29.4139, 7452
2018-03-06, 29.5100, 29.8113, 29.5100, 29.7900, 2122
2018-03-07, 29.4300, 29.6300, 29.4300, 29.5800, 2366
2018-03-08, 29.6674, 29.7400, 29.4350, 29.7400, 7909
2018-03-09, 29.7500, 29.9900, 29.7500, 29.9900, 5851
2018-03-12, 30.1000, 30.1771, 29.9600, 30.0650, 13899
2018-03-13, 30.0500, 30.0500, 29.7717, 29.7717, 3157
2018-03-14, 29.9100, 29.9376, 29.7900, 29.9376, 1085
2018-03-15, 29.5100, 29.6472, 29.4510, 29.4800, 3716
2018-03-16, 29.4400, 29.6690, 29.4210, 29.5900, 16622
2018-03-19, 29.6300, 29.6300, 29.3360, 29.3360, 15436
2018-03-20, 29.4609, 29.7400, 29.4609, 29.7000, 2739
2018-03-21, 29.8700, 30.0400, 29.8700, 30.0300, 7685
2018-03-22, 29.8600, 30.1100, 29.6000, 29.6000, 15779
2018-03-23, 29.9300, 29.9700, 29.3450, 29.4200, 12034
2018-03-26, 30.4800, 30.4800, 29.6900, 30.0100, 8233
2018-03-27, 30.8000, 30.8000, 29.7599, 29.7599, 28443
2018-03-28, 29.6300, 29.7401, 29.1800, 29.3800, 13492
2018-03-29, 29.5900, 29.9100, 29.5900, 29.9100, 4424
2018-04-02, 29.8700, 29.8700, 29.3700, 29.3750, 7131
2018-04-03, 29.7400, 29.9600, 29.4846, 29.9590, 18661
2018-04-04, 29.3100, 30.0570, 29.3100, 30.0570, 3391
2018-04-05, 30.1200, 30.4500, 30.1200, 30.3400, 20551
2018-04-06, 30.4700, 30.4700, 30.0560, 30.0780, 13389
2018-04-09, 30.3400, 30.4586, 30.1400, 30.1400, 6812
2018-04-10, 30.4637, 30.6692, 30.4100, 30.6400, 10779
2018-04-11, 30.5900, 31.0400, 30.5900, 30.9500, 21239
2018-04-12, 31.0500, 31.1400, 30.9036, 31.0100, 11030
2018-04-13, 31.0100, 31.1300, 30.9250, 31.0203, 22982
2018-04-16, 31.1100, 31.5187, 31.0580, 31.4550, 80890
2018-04-17, 31.2400, 31.6200, 31.2400, 31.5800, 9703
2018-04-18, 31.6100, 31.9680, 31.6000, 31.6800, 13013
2018-04-19, 31.7900, 31.9600, 31.7000, 31.9300, 19197
2018-04-20, 31.7200, 31.8699, 31.7082, 31.7400, 19964
2018-04-23, 31.6200, 31.8900, 31.5800, 31.7600, 31713
2018-04-24, 31.8600, 32.2900, 31.7033, 31.8100, 19347
2018-04-25, 31.5600, 31.6293, 31.2500, 31.6293, 6425
2018-04-26, 31.9000, 32.3900, 31.8950, 32.3300, 12678
2018-04-27, 32.4000, 32.4000, 32.2400, 32.2400, 5098
2018-04-30, 32.4900, 32.7690, 32.3000, 32.3000, 16868
2018-05-01, 32.1100, 32.2100, 32.0000, 32.2100, 7498
2018-05-02, 32.0100, 32.5399, 32.0100, 32.2800, 11699
2018-05-03, 32.2800, 32.2800, 32.0216, 32.2714, 3838
2018-05-04, 32.2207, 32.5580, 32.2207, 32.3600, 27175
2018-05-07, 32.5000, 32.7580, 32.2600, 32.2979, 10154
2018-05-08, 32.2500, 32.4200, 32.0100, 32.4200, 15735
2018-05-09, 32.4500, 32.7490, 32.4500, 32.6300, 671501
2018-05-10, 33.0300, 33.0400, 32.7700, 32.9500, 54118
2018-05-11, 32.9600, 32.9824, 32.9000, 32.9200, 31291
2018-05-14, 33.2000, 33.2100, 33.0200, 33.0757, 122418
2018-05-15, 32.9200, 32.9300, 32.7000, 32.7998, 50431
2018-05-16, 32.7700, 32.8735, 32.5990, 32.8090, 20620
2018-05-17, 32.7400, 33.4399, 32.7400, 33.3500, 80658
2018-05-18, 33.5900, 33.5900, 33.2200, 33.4000, 44888
2018-05-21, 33.5500, 33.6800, 33.4800, 33.5700, 32220
2018-05-22, 33.8200, 33.8200, 33.2100, 33.2100, 27560
2018-05-23, 32.7900, 33.0442, 32.4500, 33.0442, 22344
2018-05-24, 32.7500, 32.9668, 32.6000, 32.8299, 7188
2018-05-25, 32.5200, 32.6272, 32.2200, 32.3200, 20998
2018-05-29, 32.1900, 32.3277, 31.9600, 32.0000, 27283
2018-05-30, 32.0700, 32.7947, 32.0700, 32.7947, 5788
2018-05-31, 32.8600, 33.2030, 32.8244, 32.8244, 3306
2018-06-01, 32.9200, 33.3500, 32.9200, 33.3400, 14182
2018-06-04, 33.6400, 33.8500, 33.3501, 33.4600, 17576
2018-06-05, 33.3300, 33.3300, 33.0400, 33.1600, 39620
2018-06-06, 33.5100, 33.5100, 33.0374, 33.1600, 35199
2018-06-07, 33.5000, 33.5800, 33.3850, 33.4899, 9157
2018-06-08, 33.3600, 33.3890, 33.1632, 33.2892, 4459
2018-06-11, 33.4000, 33.5199, 33.2000, 33.3400, 13668
2018-06-12, 33.2860, 33.2860, 32.9500, 32.9500, 16422
2018-06-13, 32.8200, 32.8200, 32.4700, 32.7600, 7513
2018-06-14, 32.6900, 32.7800, 32.5100, 32.5100, 13048
2018-06-15, 32.5600, 32.5600, 32.2710, 32.2900, 13738
2018-06-18, 32.0100, 32.4699, 32.0010, 32.3300, 22469
2018-06-19, 31.9100, 32.1099, 31.7100, 32.0100, 50064
2018-06-20, 32.1300, 32.1300, 31.8600, 31.9100, 11380
2018-06-21, 31.8200, 31.8900, 31.4700, 31.6560, 10373
2018-06-22, 32.0800, 32.0800, 31.7000, 31.7000, 8821
2018-06-25, 31.8600, 31.8600, 31.1400, 31.2700, 23060
2018-06-26, 31.3600, 31.4968, 31.2801, 31.4300, 9500
2018-06-27, 31.6900, 31.7996, 31.3900, 31.4100, 8276
2018-06-28, 31.3202, 31.6599, 31.2698, 31.4600, 2110
2018-06-29, 31.5100, 31.9890, 31.5100, 31.6700, 11090
2018-07-02, 31.3200, 31.3300, 30.9700, 31.0800, 13064
2018-07-03, 31.4600, 31.6499, 31.4400, 31.4400, 2959
2018-07-05, 31.6000, 31.6600, 31.1500, 31.2900, 8282
2018-07-06, 31.1500, 31.6799, 31.0800, 31.4500, 11248
2018-07-09, 31.5000, 31.8680, 31.4910, 31.8200, 7087
2018-07-10, 32.0000, 32.4576, 32.0000, 32.2200, 11629
2018-07-11, 32.1600, 32.2150, 31.6006, 31.7100, 10202
2018-07-12, 31.7600, 32.0380, 31.7600, 31.8600, 4883
2018-07-13, 31.9600, 32.0100, 31.8510, 31.9900, 6876
2018-07-16, 31.8800, 32.2600, 31.8700, 31.9300, 13346
2018-07-17, 31.8000, 32.1390, 31.8000, 31.9500, 4297
2018-07-18, 31.9600, 32.1861, 31.8585, 32.0400, 9302
2018-07-19, 32.0400, 32.4400, 31.9600, 32.2600, 14463
2018-07-20, 32.4900, 32.7390, 32.4574, 32.6000, 13132
2018-07-23, 32.7500, 32.8300, 32.5750, 32.7100, 11638
2018-07-24, 32.7685, 32.8500, 32.7000, 32.8300, 12080
2018-07-25, 32.8700, 33.2900, 32.8700, 33.2900, 56213
2018-07-26, 33.4500, 34.1500, 33.4500, 34.0000, 21267
2018-07-27, 34.1900, 34.3518, 33.8819, 34.0900, 8739
2018-07-30, 34.3800, 34.5600, 34.3317, 34.4700, 34551
2018-07-31, 34.4700, 34.7900, 34.4273, 34.5000, 65200
2018-08-01, 34.4400, 34.5700, 34.3301, 34.4200, 9876
2018-08-02, 34.0800, 34.0800, 33.6800, 33.8950, 24863
2018-08-03, 34.0102, 34.0102, 33.8200, 33.9900, 6919
2018-08-06, 34.0900, 34.1912, 33.8401, 34.1000, 8583
2018-08-07, 34.4400, 34.6300, 34.3700, 34.5600, 15954
2018-08-08, 34.4600, 34.4900, 34.3700, 34.4900, 12436
2018-08-09, 34.5100, 34.5100, 34.0902, 34.2000, 7775
2018-08-10, 33.9600, 33.9900, 33.8610, 33.9900, 5786
2018-08-13, 33.9200, 34.0000, 33.6900, 33.7600, 5398
2018-08-14, 33.9900, 34.1400, 33.9900, 34.0100, 6251
2018-08-15, 33.6700, 33.7700, 33.1801, 33.2200, 10544
2018-08-16, 33.4456, 33.4490, 33.2900, 33.2900, 3679
2018-08-17, 33.3700, 33.5884, 33.3700, 33.5100, 3652
2018-08-20, 33.6100, 34.0499, 33.6100, 33.9800, 3170
2018-08-21, 34.1700, 34.3600, 34.1290, 34.1900, 7205
2018-08-22, 34.5000, 34.6050, 34.4630, 34.5680, 9941
2018-08-23, 34.5400, 34.7000, 34.4620, 34.6900, 36874
2018-08-24, 35.0500, 35.3300, 34.9500, 35.1400, 5856
2018-08-27, 35.4000, 35.5700, 35.3801, 35.4400, 23901
2018-08-28, 35.5400, 35.6430, 35.4000, 35.4000, 3675
2018-08-29, 35.4400, 35.6000, 35.3291, 35.4500, 12727
2018-08-30, 35.0400, 35.2300, 34.9810, 35.1590, 7442
2018-08-31, 34.8300, 34.8300, 34.4810, 34.7706, 6171
2018-09-04, 34.7975, 34.9499, 34.7400, 34.8450, 9665
2018-09-05, 34.6080, 34.6080, 34.2900, 34.3900, 31699
2018-09-06, 34.4930, 34.6300, 34.1855, 34.3500, 6156
2018-09-07, 34.0600, 34.0807, 33.8200, 34.0100, 46739
2018-09-10, 34.1500, 34.2100, 34.0100, 34.0100, 2847
2018-09-11, 34.0400, 34.4499, 33.9500, 34.2900, 4838
2018-09-12, 34.4700, 34.6047, 34.4100, 34.5100, 4526
2018-09-13, 34.7800, 34.9336, 34.7800, 34.8900, 5980
2018-09-14, 35.0017, 35.0017, 34.7400, 34.8000, 21566
2018-09-17, 34.7800, 34.8100, 34.4537, 34.4700, 8044
2018-09-18, 34.8400, 34.9485, 34.7929, 34.8000, 12151
2018-09-19, 35.1400, 35.1400, 34.5200, 34.7000, 6253
2018-09-20, 34.6800, 34.9100, 34.6566, 34.9100, 10540
2018-09-21, 34.7900, 35.2400, 34.7900, 35.0300, 434400
2018-09-24, 35.3400, 35.7000, 35.3400, 35.6500, 20860
2018-09-25, 35.7600, 36.0300, 35.5900, 35.9200, 73677
2018-09-26, 35.9100, 36.1100, 35.8100, 35.9600, 18795
2018-09-27, 36.0200, 36.0236, 35.9000, 35.9000, 25136
2018-09-28, 35.8900, 35.9850, 35.5586, 35.5700, 10899
2018-10-01, 35.7800, 36.0590, 35.7700, 35.7700, 35639
2018-10-02, 35.8100, 35.9600, 35.6000, 35.7100, 12354
2018-10-03, 35.7500, 36.1890, 35.7453, 36.0700, 44141
2018-10-04, 35.9500, 35.9500, 35.5000, 35.5500, 37274
2018-10-05, 35.5000, 35.5000, 34.9200, 35.0500, 33683
2018-10-08, 35.1400, 35.1600, 34.7106, 35.1400, 12516
2018-10-09, 35.0800, 35.3540, 35.0000, 35.0300, 18312
2018-10-10, 35.1900, 35.2580, 34.0900, 34.1000, 49382
2018-10-11, 33.8600, 34.1499, 33.0600, 33.2800, 461078
2018-10-12, 33.6900, 33.8484, 33.3501, 33.8000, 65813
2018-10-15, 33.7600, 33.8400, 33.5000, 33.5800, 10488
2018-10-16, 33.9000, 34.2199, 33.7919, 34.1900, 20870
2018-10-17, 33.9900, 34.1400, 33.8500, 33.8700, 18500
2018-10-18, 33.4700, 33.6335, 33.1400, 33.2100, 10938
2018-10-19, 32.7100, 32.7740, 32.2200, 32.2400, 20428
2018-10-22, 32.0000, 32.1404, 31.7450, 31.9400, 22579
2018-10-23, 31.4400, 31.5965, 30.8200, 31.4300, 14854
2018-10-24, 31.3000, 31.3000, 30.3838, 30.3838, 15153
2018-10-25, 30.6900, 31.0392, 30.6900, 30.9900, 8534
2018-10-26, 30.7000, 30.9841, 30.2900, 30.6300, 365799
2018-10-29, 31.0100, 31.1900, 30.4000, 30.5700, 22354
2018-10-30, 30.6100, 31.0900, 30.5700, 31.0900, 27829
2018-10-31, 31.6300, 31.8754, 31.6122, 31.7000, 157499
2018-11-01, 31.4800, 31.7500, 31.3000, 31.7030, 26136
2018-11-02, 31.8300, 32.0204, 31.4550, 31.5900, 89589
2018-11-05, 31.6700, 31.8175, 31.5700, 31.6500, 18114
2018-11-06, 31.6600, 31.7330, 31.6000, 31.6700, 7006
2018-11-07, 31.7700, 32.0500, 31.7357, 31.9600, 15479
2018-11-08, 31.9400, 32.0534, 31.3901, 31.4300, 14231
2018-11-09, 30.9300, 30.9300, 30.6001, 30.8100, 15420
