2014-05-19, 21.2600, 23.0000, 21.2600, 22.8000, 960200
2014-05-20, 22.6000, 23.0500, 21.5500, 22.1600, 1033600
2014-05-21, 23.0000, 23.0000, 21.6500, 21.8600, 1252900
2014-05-22, 22.0500, 22.1150, 21.8300, 21.9600, 0
2014-05-23, 22.0000, 22.1800, 21.7000, 21.9600, 674400
2014-05-27, 22.0000, 22.1500, 21.6100, 22.0200, 289600
2014-05-28, 22.1400, 22.4800, 21.6100, 22.4100, 446400
2014-05-29, 22.5000, 23.0200, 22.3800, 22.8900, 436700
2014-05-30, 22.8600, 23.6300, 21.0000, 23.0600, 3216300
2014-06-02, 22.7900, 24.5900, 22.4600, 23.2500, 1552400
2014-06-03, 23.2000, 24.8900, 22.8300, 23.1000, 3790100
2014-06-04, 23.1600, 23.5100, 22.5800, 22.8400, 2260600
2014-06-05, 22.8700, 23.2800, 22.6000, 22.6700, 1768200
2014-06-06, 22.6700, 23.2400, 22.4600, 22.7500, 2448200
2014-06-09, 22.7500, 23.6800, 22.6500, 22.9600, 2073200
2014-06-10, 23.4300, 23.9900, 22.8300, 23.6500, 2922700
2014-06-11, 23.6800, 25.4500, 23.2600, 24.8500, 2007700
2014-06-12, 24.9300, 26.3300, 24.8500, 25.7700, 2074800
2014-06-13, 25.7200, 27.2400, 25.5000, 27.0400, 1369600
2014-06-16, 27.0600, 28.4000, 27.0300, 28.0000, 2122200
2014-06-17, 27.9900, 28.3700, 26.1750, 26.7900, 2512700
2014-06-18, 26.4900, 26.7800, 25.5800, 26.4100, 1911500
2014-06-19, 26.3900, 26.7800, 25.5000, 25.8100, 2011100
2014-06-20, 25.7500, 26.4950, 25.1200, 25.2500, 2940300
2014-06-23, 25.1900, 25.5600, 24.7000, 25.4300, 1384400
2014-06-24, 25.4700, 25.6900, 25.1000, 25.2000, 1249200
2014-06-25, 25.0300, 25.8200, 24.9500, 25.2400, 1866100
2014-06-26, 25.2300, 25.8000, 24.8500, 25.4500, 975800
2014-06-27, 25.3100, 26.2900, 25.1940, 26.0100, 7641500
2014-06-30, 26.0300, 26.0800, 24.9200, 25.0300, 1425700
2014-07-01, 25.0000, 26.5200, 25.0000, 25.9600, 1916300
2014-07-02, 25.8200, 26.9300, 25.5800, 26.5500, 897100
2014-07-03, 26.5900, 27.3900, 26.4000, 27.1700, 326500
2014-07-07, 27.1000, 28.1900, 26.8900, 27.0500, 1212000
2014-07-08, 27.1200, 27.2000, 26.6500, 27.0500, 2617100
2014-07-09, 27.2000, 27.6800, 26.7000, 27.4500, 722500
2014-07-10, 26.9300, 27.1700, 26.5800, 26.6600, 953400
2014-07-11, 26.5800, 27.0700, 26.5000, 26.8300, 729700
2014-07-14, 27.0900, 27.1400, 26.5000, 26.6300, 1087800
2014-07-15, 26.5200, 26.7600, 26.0300, 26.6900, 481700
2014-07-16, 26.7500, 26.7500, 26.1000, 26.2900, 661800
2014-07-17, 26.1500, 26.4400, 25.2900, 25.3600, 813800
2014-07-18, 25.2900, 26.1700, 25.2500, 25.7300, 745300
2014-07-21, 25.7800, 25.7900, 25.1400, 25.4600, 606800
2014-07-22, 25.6400, 25.7700, 25.3700, 25.5200, 386000
2014-07-23, 25.5200, 25.6600, 25.1300, 25.5900, 473400
2014-07-24, 25.7000, 25.7000, 25.2600, 25.3800, 507500
2014-07-25, 25.2000, 25.4800, 24.9000, 25.3100, 582900
2014-07-28, 25.4100, 26.4000, 24.9300, 26.2000, 1398800
2014-07-29, 26.1600, 26.3200, 25.7100, 25.9700, 912300
2014-07-30, 26.1400, 26.4500, 25.8200, 26.0500, 1051300
2014-07-31, 25.8100, 25.9200, 24.9400, 25.4000, 1455000
2014-08-01, 25.4600, 25.8900, 25.0100, 25.6000, 2389500
2014-08-04, 25.6300, 25.9100, 25.2500, 25.6900, 2777100
2014-08-05, 25.4900, 25.8400, 25.0400, 25.3600, 1146400
2014-08-06, 25.1700, 25.7400, 23.8600, 24.5500, 2861800
2014-08-07, 24.5800, 25.1300, 24.3700, 24.9500, 1020400
2014-08-08, 24.9000, 25.5600, 24.7400, 25.3500, 1649800
2014-08-11, 25.4900, 25.6400, 25.0700, 25.4900, 800400
2014-08-12, 25.3400, 25.6600, 24.9700, 25.0700, 477200
2014-08-13, 24.9100, 26.1400, 24.9100, 25.7600, 1601700
2014-08-14, 25.7200, 25.8700, 24.3700, 24.5000, 993100
2014-08-15, 24.7400, 24.8000, 24.1300, 24.5200, 1434900
2014-08-18, 24.7400, 25.5900, 24.5000, 24.9800, 1702200
2014-08-19, 25.0300, 25.0300, 24.6700, 24.8500, 680900
2014-08-20, 24.7300, 24.9600, 24.6090, 24.8000, 1040300
2014-08-21, 24.8800, 25.6700, 24.8100, 25.4600, 954700
2014-08-22, 25.4600, 25.5500, 25.0900, 25.1000, 345600
2014-08-25, 25.2500, 25.4800, 24.9200, 24.9900, 368600
2014-08-26, 25.0200, 25.2150, 24.9800, 25.0200, 342900
2014-08-27, 25.1000, 25.1999, 24.9100, 25.0100, 245100
2014-08-28, 24.8600, 25.4700, 24.8100, 25.2200, 387700
2014-08-29, 25.2200, 25.4300, 24.9800, 25.4100, 323100
2014-09-02, 25.5500, 25.6700, 25.1050, 25.4900, 1156100
2014-09-03, 25.4800, 26.1300, 25.0700, 25.1300, 1280600
2014-09-04, 25.1200, 25.2600, 24.7700, 24.9200, 867600
2014-09-05, 24.8300, 25.1800, 24.6300, 25.0100, 668300
2014-09-08, 25.0500, 25.4900, 25.0300, 25.3900, 715400
2014-09-09, 25.3000, 25.3100, 24.8200, 24.8400, 643400
2014-09-10, 24.8300, 25.1600, 24.5000, 25.1100, 445900
2014-09-11, 24.9800, 25.3400, 24.9100, 25.1900, 711300
2014-09-12, 25.1900, 25.2500, 24.7100, 25.0000, 669800
2014-09-15, 25.0600, 25.1100, 24.7300, 24.8700, 432000
2014-09-16, 24.7800, 25.2100, 24.6500, 24.7900, 589900
2014-09-17, 24.7200, 25.2600, 24.7200, 24.8400, 825500
2014-09-18, 24.9500, 25.8100, 24.8600, 25.5200, 688400
2014-09-19, 25.7500, 26.1200, 25.2200, 25.3600, 1361100
2014-09-22, 25.2600, 25.3600, 24.5500, 24.7900, 900500
2014-09-23, 24.7500, 24.9700, 24.4500, 24.4500, 841000
2014-09-24, 24.5100, 25.4100, 24.1900, 24.9200, 1567100
2014-09-25, 24.8000, 25.1000, 24.2100, 24.9700, 961900
2014-09-26, 25.1500, 25.6400, 24.5100, 25.4700, 1813800
2014-09-29, 15.3500, 15.5000, 12.7600, 12.8400, 22191400
2014-09-30, 12.8100, 13.2500, 11.6000, 11.6100, 11121700
2014-10-01, 11.8400, 12.7500, 11.8000, 12.5200, 7832900
2014-10-02, 12.4600, 12.7500, 12.1000, 12.5600, 1958900
2014-10-03, 12.5900, 13.0600, 12.4000, 13.0100, 2543700
2014-10-06, 13.0200, 13.3300, 12.5800, 13.2500, 2596800
2014-10-07, 13.1100, 13.1300, 12.5900, 12.6600, 3251200
2014-10-08, 12.6400, 12.8000, 12.3900, 12.7600, 2586300
2014-10-09, 12.7000, 12.7800, 12.2000, 12.2600, 1486200
2014-10-10, 12.6700, 13.1400, 12.0700, 12.4600, 4025600
2014-10-13, 12.6100, 12.8900, 12.1950, 12.4600, 1411800
2014-10-14, 12.4900, 12.4900, 12.0200, 12.1700, 1931100
2014-10-15, 11.9900, 12.9100, 11.6300, 12.7100, 1967700
2014-10-16, 12.4400, 12.6600, 12.0500, 12.4000, 2201000
2014-10-17, 12.5400, 12.6700, 12.0700, 12.1400, 1199500
2014-10-20, 12.1900, 12.3700, 11.9500, 12.0600, 1116000
2014-10-21, 12.0900, 12.6400, 12.0700, 12.3500, 1651400
2014-10-22, 12.4100, 12.7500, 12.2900, 12.5000, 920500
2014-10-23, 12.7000, 13.1700, 12.6500, 12.7600, 2286200
2014-10-24, 12.8400, 12.9780, 12.2700, 12.3500, 1107300
2014-10-27, 12.3600, 12.5000, 12.0300, 12.1600, 1429100
2014-10-28, 12.2200, 12.5600, 12.0800, 12.4900, 1235100
2014-10-29, 12.4900, 12.5600, 12.0100, 12.0600, 1445300
2014-10-30, 12.1100, 12.2800, 12.0100, 12.2000, 1284300
2014-10-31, 12.4600, 12.5000, 12.0300, 12.1900, 1289200
2014-11-03, 12.1600, 12.2600, 11.6400, 11.7000, 1431600
2014-11-04, 11.7000, 11.7800, 11.0000, 11.0300, 1431300
2014-11-05, 11.1600, 11.6600, 11.1600, 11.6000, 1826900
2014-11-06, 11.7800, 11.9500, 10.8750, 10.9800, 2634200
2014-11-07, 11.0600, 11.1700, 10.6000, 10.9900, 2824400
2014-11-10, 11.0100, 11.3200, 10.4450, 10.8100, 1869100
2014-11-11, 10.8100, 10.9700, 10.5850, 10.9600, 1086000
2014-11-12, 10.9300, 11.1100, 10.7100, 11.0600, 1194600
2014-11-13, 10.8000, 10.9600, 10.3000, 10.5000, 1525300
2014-11-14, 10.5500, 10.9000, 10.3300, 10.6400, 1053400
2014-11-17, 10.6200, 10.7500, 10.4600, 10.4700, 969800
2014-11-18, 10.4500, 10.5900, 10.2200, 10.2400, 1643300
2014-11-19, 10.2800, 10.2800, 9.8400, 10.0000, 1462300
2014-11-20, 9.9900, 10.4700, 9.9000, 10.3900, 916300
2014-11-21, 10.5100, 10.5500, 10.3000, 10.4000, 1154300
2014-11-24, 10.4300, 10.9400, 10.3700, 10.7500, 1614100
2014-11-25, 10.7500, 10.8100, 10.6500, 10.7200, 668400
2014-11-26, 10.7400, 10.8000, 10.6600, 10.6700, 871800
2014-11-28, 10.4800, 10.4800, 9.3100, 9.4200, 1846800
2014-12-01, 9.3100, 9.3100, 8.5100, 8.8900, 1855700
2014-12-02, 8.8500, 9.1700, 8.8000, 9.1000, 1862600
2014-12-03, 9.1000, 9.1600, 8.8600, 8.9900, 1316800
2014-12-04, 8.9600, 9.1600, 8.7600, 8.9900, 1640400
2014-12-05, 9.0300, 9.1600, 8.8600, 8.9500, 943400
2014-12-08, 8.9000, 8.9000, 8.4400, 8.5100, 1264800
2014-12-09, 8.4000, 9.2500, 8.3900, 8.9900, 1750800
2014-12-10, 8.5100, 8.5100, 7.6200, 7.8100, 4360000
2014-12-11, 7.8200, 8.3400, 7.6300, 7.9600, 3404600
2014-12-12, 7.8100, 8.0800, 7.7100, 7.8100, 1715900
2014-12-15, 7.8500, 7.8700, 7.3200, 7.3600, 1519900
2014-12-16, 7.3100, 7.6300, 6.8600, 6.9800, 17165900
2014-12-17, 7.0100, 7.7800, 6.8100, 7.7600, 5029200
2014-12-18, 7.8700, 8.0000, 7.6700, 7.9000, 2091600
2014-12-19, 7.9000, 8.7700, 7.8900, 8.5600, 3244600
2014-12-22, 8.5100, 8.5170, 8.0800, 8.2700, 1121900
2014-12-23, 8.3400, 8.7100, 8.2500, 8.5700, 1456300
2014-12-24, 8.5700, 8.5700, 8.0000, 8.0100, 697500
2014-12-26, 8.0600, 8.2250, 7.9800, 8.0600, 953500
2014-12-29, 8.0800, 8.3500, 8.0700, 8.2700, 1451700
2014-12-30, 4.9500, 5.1500, 3.8800, 3.9200, 56940800
2014-12-31, 4.1100, 4.1900, 4.0100, 4.1100, 13691700
2015-01-02, 4.1000, 4.2000, 3.8700, 3.8700, 8505900
2015-01-05, 3.8500, 3.8600, 3.3900, 3.4300, 9823100
2015-01-06, 3.4200, 3.4400, 3.0650, 3.1100, 6668200
2015-01-07, 3.1100, 3.2200, 3.0900, 3.1000, 3498700
2015-01-08, 3.1500, 3.2600, 3.1100, 3.1500, 5639200
2015-01-09, 3.1400, 3.2700, 3.1100, 3.2600, 3016800
2015-01-12, 3.2400, 3.3400, 3.1200, 3.2800, 2374700
2015-01-13, 3.2600, 3.3900, 3.1600, 3.3300, 3899300
2015-01-14, 3.2500, 3.4700, 3.2500, 3.4700, 2517100
2015-01-15, 3.5300, 3.5400, 3.3600, 3.3600, 2875100
2015-01-16, 3.3700, 3.4600, 3.2600, 3.2800, 1709300
2015-01-20, 3.2600, 3.3300, 3.1600, 3.3100, 1258200
2015-01-21, 3.3200, 3.3200, 3.1200, 3.1400, 1907900
2015-01-22, 3.1700, 3.2050, 3.1400, 3.1700, 1662700
2015-01-23, 3.1700, 3.2100, 3.1400, 3.1500, 1343400
2015-01-26, 3.2300, 3.2400, 3.0800, 3.1300, 1589800
2015-01-27, 3.1200, 3.1800, 3.0900, 3.1300, 1505100
2015-01-28, 3.1500, 3.1500, 3.0000, 3.0300, 3081700
2015-01-29, 3.0200, 3.0500, 2.6600, 2.7500, 4227600
2015-01-30, 2.7600, 2.9700, 2.7000, 2.9300, 3484000
2015-02-02, 3.0000, 3.0000, 2.7900, 2.8500, 2604800
2015-02-03, 2.9700, 3.3200, 2.9700, 3.2700, 5969300
2015-02-04, 3.1900, 3.1900, 3.0000, 3.0100, 3277800
2015-02-05, 3.0300, 3.2200, 3.0100, 3.1700, 2530700
2015-02-06, 3.1900, 3.3400, 3.1800, 3.3200, 2407800
2015-02-09, 3.3500, 3.8200, 3.3400, 3.7100, 5648400
2015-02-10, 3.7000, 3.7000, 3.4810, 3.5700, 3252300
2015-02-11, 3.5600, 3.6800, 3.4601, 3.6100, 2296800
2015-02-12, 3.6900, 3.8500, 3.6500, 3.7200, 2507300
2015-02-13, 3.7800, 3.9500, 3.7600, 3.8700, 3463600
2015-02-17, 4.0300, 4.0600, 3.8435, 3.9600, 3160200
2015-02-18, 3.9700, 4.0600, 3.8900, 4.0500, 2254600
2015-02-19, 3.9300, 3.9300, 3.7500, 3.8500, 2582200
2015-02-20, 3.8600, 3.8800, 3.6500, 3.7000, 1493300
2015-02-23, 3.6600, 3.7500, 3.5900, 3.6900, 1301900
2015-02-24, 3.7800, 3.7800, 3.7200, 3.7800, 1021600
2015-02-25, 3.7800, 3.8500, 3.7000, 3.7800, 948400
2015-02-26, 3.7000, 3.8000, 3.7000, 3.7600, 899700
2015-02-27, 3.7600, 3.9500, 3.7400, 3.9400, 1610400
2015-03-02, 3.9300, 3.9300, 3.7700, 3.8100, 1408100
2015-03-03, 3.7800, 3.8600, 3.7600, 3.7700, 1555200
2015-03-04, 3.8100, 3.8100, 3.6300, 3.7000, 1151800
2015-03-05, 3.6800, 3.7600, 3.6100, 3.6800, 819700
2015-03-06, 3.6800, 3.7400, 3.6300, 3.6400, 1033600
2015-03-09, 3.6300, 3.6900, 3.4000, 3.4300, 1985600
2015-03-10, 3.3800, 3.4700, 3.3200, 3.3700, 1357000
2015-03-11, 3.3900, 3.4850, 3.3300, 3.4300, 1088600
2015-03-12, 3.4200, 3.5200, 3.3900, 3.5200, 1346500
2015-03-13, 3.3700, 3.4000, 2.8600, 2.9200, 6421900
2015-03-16, 2.8900, 2.9200, 2.7200, 2.7300, 2461200
2015-03-17, 2.7000, 2.7000, 2.5000, 2.5300, 2646100
2015-03-18, 2.5400, 2.5400, 2.2500, 2.5000, 2870300
2015-03-19, 2.4300, 2.4700, 2.3500, 2.4100, 1817700
2015-03-20, 2.4500, 2.4800, 2.3600, 2.4100, 2944100
2015-03-23, 2.4500, 2.7000, 2.4400, 2.5900, 3421300
2015-03-24, 2.5900, 2.7800, 2.5600, 2.6300, 2765900
2015-03-25, 2.6400, 2.7300, 2.6100, 2.6300, 2204100
2015-03-26, 2.7300, 2.7400, 2.5700, 2.5900, 1573900
2015-03-27, 2.5800, 2.6500, 2.5300, 2.5600, 1045200
2015-03-30, 2.5800, 2.6200, 2.4500, 2.5300, 1409300
2015-03-31, 2.5000, 2.5500, 2.5000, 2.5400, 1742300
2015-04-01, 2.5500, 2.7700, 2.5500, 2.7600, 1882000
2015-04-02, 2.7600, 2.9300, 2.7300, 2.9200, 2118900
2015-04-06, 2.8700, 3.1400, 2.8500, 3.1200, 1970400
2015-04-07, 3.1300, 3.2700, 3.0700, 3.2200, 2217600
2015-04-08, 3.2000, 3.3000, 3.1328, 3.2900, 3342400
2015-04-09, 3.3100, 3.3900, 3.2100, 3.3700, 1519100
2015-04-10, 3.3900, 3.4900, 3.3800, 3.4800, 1570500
2015-04-13, 3.4700, 3.5300, 3.4300, 3.5100, 1260000
2015-04-14, 3.5100, 3.6300, 3.4100, 3.6200, 1414900
2015-04-15, 3.6400, 4.0799, 3.5700, 4.0000, 3545000
2015-04-16, 3.9800, 4.0100, 3.8500, 3.8600, 2176000
2015-04-17, 3.8100, 3.8100, 3.5800, 3.6000, 2279500
2015-04-20, 3.6000, 3.8300, 3.4700, 3.5600, 2468200
2015-04-21, 3.5900, 3.6500, 3.3600, 3.3900, 1575700
2015-04-22, 3.4000, 3.4600, 3.2900, 3.3000, 1310100
2015-04-23, 3.3100, 3.5400, 3.3100, 3.4900, 1856500
2015-04-24, 3.5200, 3.5600, 3.4100, 3.4300, 1599900
2015-04-27, 3.4700, 3.5600, 3.4300, 3.4700, 1235400
2015-04-28, 3.5300, 3.8400, 3.5000, 3.8200, 1993700
2015-04-29, 3.8200, 4.0100, 3.7100, 3.9300, 2983600
2015-04-30, 4.0900, 4.6800, 4.0600, 4.6700, 12752800
2015-05-01, 4.5900, 4.6700, 4.4000, 4.5000, 6753600
2015-05-04, 4.5000, 4.6800, 4.4500, 4.6400, 5159100
2015-05-05, 4.8000, 4.9550, 4.7300, 4.8000, 6060600
2015-05-06, 4.8500, 4.9300, 4.6100, 4.6800, 5075200
2015-05-07, 4.6300, 4.7000, 4.3299, 4.4300, 5019400
2015-05-08, 4.4900, 4.6200, 4.2800, 4.5500, 4179100
2015-05-11, 4.5700, 4.7650, 4.5400, 4.6100, 3676300
2015-05-12, 4.6000, 4.6700, 4.5200, 4.5200, 3590200
2015-05-13, 4.6000, 4.6800, 4.5100, 4.5200, 3258100
2015-05-14, 4.5900, 4.6700, 4.4500, 4.4600, 2223400
2015-05-15, 4.4600, 4.5000, 4.3199, 4.3500, 1900800
2015-05-18, 4.2600, 4.4800, 4.2200, 4.3700, 1901000
2015-05-19, 4.3100, 4.3500, 3.9300, 3.9700, 3051200
2015-05-20, 3.9900, 4.0200, 3.8700, 3.9700, 1029900
2015-05-21, 3.9100, 4.1000, 3.9098, 4.0400, 1961200
2015-05-22, 4.0000, 4.0600, 3.9100, 4.0300, 1926100
2015-05-26, 3.9700, 4.0500, 3.9350, 3.9900, 1495800
2015-05-27, 3.9600, 4.0000, 3.8700, 3.9500, 2133000
2015-05-28, 3.9100, 3.9500, 3.8300, 3.8400, 1798800
2015-05-29, 3.8200, 4.0200, 3.7800, 4.0000, 1982700
2015-06-01, 4.0000, 4.0000, 3.6450, 3.7600, 2316600
2015-06-02, 3.7800, 3.8800, 3.7200, 3.8600, 1395100
2015-06-03, 3.8500, 3.9000, 3.7400, 3.7700, 1333100
2015-06-04, 3.7300, 3.7600, 3.6600, 3.7200, 911500
2015-06-05, 3.6900, 3.8600, 3.6700, 3.7700, 838900
2015-06-08, 3.7400, 3.7600, 3.5200, 3.5600, 2053100
2015-06-09, 3.6100, 3.6700, 3.3800, 3.4400, 2610300
2015-06-10, 3.4600, 3.6500, 3.4600, 3.6100, 2651900
2015-06-11, 3.5900, 3.6300, 3.4600, 3.4800, 1633300
2015-06-12, 3.4700, 3.5500, 3.3500, 3.4100, 2246200
2015-06-15, 3.3800, 3.5400, 3.2900, 3.5100, 2363900
2015-06-16, 3.5100, 3.5800, 3.4000, 3.4000, 1357400
2015-06-17, 3.4300, 3.5300, 3.3600, 3.4000, 1331300
2015-06-18, 3.4000, 3.4800, 3.3600, 3.4500, 1008000
2015-06-19, 3.4300, 3.5300, 3.3700, 3.5100, 1505200
2015-06-22, 3.5000, 3.5900, 3.4300, 3.4800, 835700
2015-06-23, 3.4800, 3.5300, 3.4300, 3.4600, 1038100
2015-06-24, 3.4300, 3.5000, 3.3800, 3.3800, 936000
2015-06-25, 3.3600, 3.4200, 3.1400, 3.1500, 1467100
2015-06-26, 3.1500, 3.2700, 3.1000, 3.2400, 2319000
2015-06-29, 3.1800, 3.2401, 3.0200, 3.0400, 1410600
2015-06-30, 3.0600, 3.0800, 2.9050, 3.0700, 1225500
2015-07-01, 3.0500, 3.1200, 2.8500, 2.8600, 1588400
2015-07-02, 2.8900, 2.9900, 2.8500, 2.9400, 580900
2015-07-06, 2.8300, 2.9080, 2.8000, 2.8000, 1054500
2015-07-07, 2.7800, 2.9600, 2.6100, 2.9000, 1558500
2015-07-08, 2.9000, 3.0400, 2.8500, 3.0000, 1533300
2015-07-09, 3.0500, 3.1000, 2.9900, 3.0200, 1954200
2015-07-10, 3.0400, 3.0700, 2.8400, 2.8700, 944400
2015-07-13, 2.9000, 2.9300, 2.8000, 2.8700, 642400
2015-07-14, 2.8500, 2.9900, 2.8100, 2.8900, 871200
2015-07-15, 2.8900, 2.9100, 2.7100, 2.7400, 979400
2015-07-16, 2.7800, 2.8200, 2.7000, 2.7700, 788000
2015-07-17, 2.8100, 2.8100, 2.6100, 2.6600, 604000
2015-07-20, 2.6700, 2.6700, 2.3600, 2.4000, 2214500
2015-07-21, 2.4000, 2.4900, 2.3600, 2.3900, 807200
2015-07-22, 2.3300, 2.3500, 2.1500, 2.1700, 2340000
2015-07-23, 2.2100, 2.3000, 2.1700, 2.2500, 1497200
2015-07-24, 2.2100, 2.2300, 2.0100, 2.0200, 1786800
2015-07-27, 2.0000, 2.0200, 1.8600, 1.8700, 2880200
2015-07-28, 1.8900, 1.8900, 1.5900, 1.6600, 4736800
2015-07-29, 1.7200, 1.9300, 1.7000, 1.8600, 2696100
2015-07-30, 1.8500, 1.9250, 1.7200, 1.8300, 1691400
2015-07-31, 1.9200, 2.1900, 1.9000, 2.1400, 3988700
2015-08-03, 2.0700, 2.0700, 1.7700, 1.8500, 2552000
2015-08-04, 1.7900, 1.9200, 1.7650, 1.9200, 935300
2015-08-05, 1.8900, 2.0000, 1.8900, 1.9400, 936800
2015-08-06, 1.9000, 2.0000, 1.8800, 2.0000, 915000
2015-08-07, 1.9600, 2.1000, 1.8800, 1.9000, 760300
2015-08-10, 1.8800, 1.9800, 1.8800, 1.9300, 1155800
2015-08-11, 1.8800, 1.9300, 1.8000, 1.8100, 995200
2015-08-12, 1.8000, 1.8800, 1.6900, 1.7200, 1851200
2015-08-13, 1.6800, 1.7700, 1.6300, 1.6500, 1050700
2015-08-14, 1.6300, 1.7300, 1.5600, 1.5800, 1922300
2015-08-17, 1.5900, 1.5900, 1.3300, 1.4500, 2819900
2015-08-18, 1.4500, 1.4600, 1.3350, 1.4400, 2104800
2015-08-19, 1.4000, 1.4400, 1.2700, 1.2900, 2330700
2015-08-20, 1.2900, 1.3100, 1.2350, 1.2700, 2272300
2015-08-21, 1.2500, 1.3000, 1.2100, 1.2800, 1210800
2015-08-24, 1.2400, 1.2800, 1.1700, 1.2200, 1383100
2015-08-25, 1.2500, 1.2900, 1.2200, 1.2500, 1135000
2015-08-26, 1.2700, 1.5000, 1.2500, 1.4700, 3057200
2015-08-27, 1.4700, 1.7800, 1.4700, 1.5500, 2941700
2015-08-28, 1.5600, 1.8800, 1.5600, 1.7900, 2296900
2015-08-31, 1.8200, 1.9800, 1.6800, 1.9500, 2019700
2015-09-01, 1.8200, 1.9400, 1.7600, 1.8600, 2198300
2015-09-02, 2.0400, 2.2200, 1.9000, 2.0000, 1927300
2015-09-03, 2.0600, 2.2000, 2.0300, 2.1000, 1544100
2015-09-04, 2.0700, 2.1000, 2.0200, 2.0400, 622200
2015-09-08, 2.0600, 2.0792, 1.8300, 1.8600, 2609500
2015-09-09, 1.9000, 1.9450, 1.7200, 1.7200, 1899300
2015-09-10, 1.7400, 1.9200, 1.6500, 1.8900, 1692700
2015-09-11, 1.8000, 1.8000, 1.7000, 1.7400, 1211400
2015-09-14, 1.7400, 1.7900, 1.7100, 1.7800, 1042500
2015-09-15, 1.8200, 1.9700, 1.7700, 1.8000, 1818200
2015-09-16, 1.8800, 1.9900, 1.8719, 1.9400, 2864600
2015-09-17, 1.9100, 1.9500, 1.8300, 1.8500, 2078400
2015-09-18, 1.8300, 1.9200, 1.7650, 1.8100, 10517600
2015-09-21, 1.8600, 1.9200, 1.7800, 1.7900, 1525100
2015-09-22, 1.7200, 1.8400, 1.7100, 1.7800, 1208000
2015-09-23, 1.7500, 1.8000, 1.6600, 1.6700, 1250400
2015-09-24, 1.6500, 1.7300, 1.6500, 1.7000, 1005100
2015-09-25, 1.7000, 1.7900, 1.6700, 1.7700, 1569900
2015-09-28, 1.7600, 1.7600, 1.5700, 1.6000, 1300300
2015-09-29, 1.6100, 1.6300, 1.4700, 1.5200, 1421200
2015-09-30, 1.5000, 1.5600, 1.4500, 1.4800, 1341700
2015-10-01, 1.4900, 1.5700, 1.3900, 1.4100, 1212200
2015-10-02, 1.4200, 1.7900, 1.4000, 1.6900, 2117000
2015-10-05, 1.6800, 1.9000, 1.6500, 1.8300, 1939200
2015-10-06, 1.8200, 2.0400, 1.8200, 1.9500, 2095600
2015-10-07, 2.0400, 2.1100, 1.9100, 1.9700, 2228400
2015-10-08, 1.9900, 2.0500, 1.8850, 2.0100, 2174400
2015-10-09, 2.0300, 2.2400, 2.0200, 2.1600, 2037600
2015-10-12, 2.2000, 2.2100, 1.9100, 1.9900, 1477900
2015-10-13, 1.9500, 2.1201, 1.9500, 2.0900, 843100
2015-10-14, 2.0600, 2.1300, 1.9400, 1.9400, 961200
2015-10-15, 1.9400, 2.0900, 1.9100, 2.0700, 741800
2015-10-16, 2.0800, 2.0900, 1.9700, 2.0300, 618700
2015-10-19, 1.9900, 2.0000, 1.9000, 1.9500, 758600
2015-10-20, 1.9200, 2.1400, 1.9200, 2.0600, 995700
2015-10-21, 2.0100, 2.1200, 1.9700, 1.9800, 819200
2015-10-22, 1.9900, 2.1000, 1.9500, 2.0200, 774600
2015-10-23, 1.9900, 2.1300, 1.9900, 2.0600, 1097400
2015-10-26, 2.0600, 2.0600, 1.9300, 1.9500, 962400
2015-10-27, 1.9200, 1.9500, 1.7500, 1.8000, 1489500
2015-10-28, 1.8000, 1.9500, 1.7600, 1.9200, 960800
2015-10-29, 1.8400, 1.9400, 1.8050, 1.8200, 639000
2015-10-30, 1.8300, 1.8700, 1.7500, 1.8600, 1336400
2015-11-02, 1.7500, 2.0400, 1.7500, 1.9600, 2007900
2015-11-03, 1.9200, 2.2200, 1.9200, 2.1700, 2765900
2015-11-04, 2.1600, 2.3900, 2.1100, 2.2000, 2349900
2015-11-05, 2.1800, 2.2100, 2.0900, 2.1300, 893700
2015-11-06, 2.0700, 2.1900, 2.0500, 2.1500, 821500
2015-11-09, 2.1200, 2.1600, 2.0200, 2.0900, 749700
2015-11-10, 2.0900, 2.1100, 2.0100, 2.0600, 698100
2015-11-11, 2.0400, 2.0600, 1.9600, 1.9800, 687200
2015-11-12, 1.9500, 2.0200, 1.8900, 1.9500, 799800
2015-11-13, 1.9100, 2.0500, 1.9000, 1.9400, 611500
2015-11-16, 1.9200, 2.0600, 1.9000, 2.0400, 763800
2015-11-17, 2.0100, 2.0700, 1.9400, 1.9800, 631500
2015-11-18, 1.9500, 2.0600, 1.9300, 2.0500, 712700
2015-11-19, 2.0200, 2.0700, 1.9300, 1.9800, 968700
2015-11-20, 1.9900, 2.0000, 1.9100, 1.9500, 874200
2015-11-23, 1.9500, 2.0300, 1.9300, 1.9700, 605400
2015-11-24, 1.9800, 2.0500, 1.9500, 1.9800, 699900
2015-11-25, 1.9500, 2.0100, 1.9300, 1.9800, 553800
2015-11-27, 1.9600, 2.0000, 1.9500, 2.0000, 167600
2015-11-30, 1.9900, 2.0100, 1.9200, 1.9400, 1792600
2015-12-01, 1.9400, 1.9800, 1.9000, 1.9600, 1476000
2015-12-02, 1.9400, 1.9600, 1.8500, 1.9100, 1561000
2015-12-03, 1.9200, 1.9300, 1.8450, 1.8700, 596400
2015-12-04, 1.8300, 1.8400, 1.6200, 1.7000, 1839300
2015-12-07, 1.6500, 1.6600, 1.4200, 1.4300, 2081800
2015-12-08, 1.4100, 1.5400, 1.3700, 1.5000, 1900600
2015-12-09, 1.5200, 1.6000, 1.4000, 1.4200, 1231800
2015-12-10, 1.4200, 1.5700, 1.4000, 1.5400, 1003800
2015-12-11, 1.5000, 1.5800, 1.4500, 1.4800, 1398300
2015-12-14, 1.4600, 1.4900, 1.2850, 1.3100, 1211200
2015-12-15, 1.3200, 1.4000, 1.3100, 1.4000, 1138100
2015-12-16, 1.4000, 1.4200, 1.3400, 1.3500, 2106100
2015-12-17, 1.3600, 1.4100, 1.3500, 1.3900, 1581400
2015-12-18, 1.3800, 1.4600, 1.3800, 1.4600, 1721300
2015-12-21, 1.4600, 1.5000, 1.4100, 1.4200, 712600
2015-12-22, 1.4100, 1.5200, 1.3900, 1.4900, 766000
2015-12-23, 1.5200, 1.5900, 1.5100, 1.5800, 931400
2015-12-24, 1.6000, 1.6900, 1.5900, 1.6700, 532000
2015-12-28, 1.6400, 1.6800, 1.5400, 1.6000, 692500
2015-12-29, 1.6400, 1.6500, 1.6000, 1.6200, 989400
2015-12-30, 1.5800, 1.6400, 1.5300, 1.5400, 496400
2015-12-31, 1.5200, 1.5608, 1.3800, 1.4200, 1496200
2016-01-04, 1.4300, 1.5000, 1.4100, 1.4700, 637083
2016-01-05, 1.4400, 1.4900, 1.3800, 1.4600, 883694
2016-01-06, 1.4000, 1.4400, 1.3400, 1.3500, 1536809
2016-01-07, 1.3000, 1.3200, 1.2500, 1.2600, 1088659
2016-01-08, 1.2800, 1.3100, 1.1800, 1.2300, 2036762
2016-01-11, 1.2100, 1.2200, 1.1200, 1.1400, 1501672
2016-01-12, 1.1600, 1.1600, 1.0600, 1.0800, 1628011
2016-01-13, 1.1100, 1.1400, 0.9700, 1.0000, 1744171
2016-01-14, 1.0200, 1.1000, 0.9700, 1.0800, 1308288
2016-01-15, 1.0100, 1.0500, 0.9900, 1.0300, 902174
2016-01-19, 1.0300, 1.0600, 0.9355, 0.9411, 915709
2016-01-20, 0.8350, 0.9000, 0.7470, 0.8598, 2180698
2016-01-21, 0.8800, 0.9700, 0.8500, 0.9363, 877529
2016-01-22, 1.0300, 1.0300, 0.9301, 0.9519, 597785
2016-01-25, 0.9300, 0.9800, 0.8600, 0.8671, 752004
2016-01-26, 0.9000, 0.9600, 0.8500, 0.9050, 746333
2016-01-27, 0.8901, 0.9800, 0.8618, 0.8946, 470882
2016-01-28, 0.9800, 1.1700, 0.9699, 1.0700, 1443951
2016-01-29, 1.0900, 1.1100, 1.0500, 1.0800, 1001988
2016-02-01, 1.0600, 1.1400, 0.9955, 1.1200, 753389
2016-02-02, 1.1100, 1.1500, 1.0500, 1.1000, 722449
2016-02-03, 1.1400, 1.1800, 1.0600, 1.1600, 689489
2016-02-04, 1.1700, 1.2800, 1.1650, 1.1900, 664084
2016-02-05, 1.1700, 1.2400, 1.1000, 1.1000, 506673
2016-02-08, 1.0800, 1.0800, 0.9701, 0.9902, 655269
2016-02-09, 0.9800, 1.0075, 0.8802, 0.8831, 607138
2016-02-10, 0.8900, 0.9300, 0.8000, 0.8000, 687568
2016-02-11, 0.7900, 0.8600, 0.7700, 0.8187, 728331
2016-02-12, 0.8479, 0.8819, 0.8200, 0.8629, 631152
2016-02-16, 0.8900, 0.9901, 0.8701, 0.8862, 760470
2016-02-17, 0.8921, 0.9600, 0.8921, 0.9366, 771723
2016-02-18, 0.9500, 0.9900, 0.8800, 0.8804, 332613
2016-02-19, 0.9000, 0.9000, 0.8500, 0.8600, 396735
2016-02-22, 0.9000, 0.9400, 0.8700, 0.8897, 642407
2016-02-23, 0.9299, 0.9378, 0.8850, 0.9035, 552271
2016-02-24, 0.9000, 0.9144, 0.8200, 0.9000, 424588
2016-02-25, 0.8713, 0.9700, 0.8612, 0.9700, 719373
2016-02-26, 0.9800, 1.0200, 0.9226, 0.9437, 621576
2016-02-29, 0.9100, 0.9500, 0.8800, 0.8901, 635531
2016-03-01, 0.9400, 0.9700, 0.8800, 0.9000, 548223
2016-03-02, 0.9000, 0.9490, 0.8800, 0.9314, 606813
2016-03-03, 0.9150, 1.0400, 0.9004, 1.0100, 1344512
2016-03-04, 1.0400, 1.3000, 1.0400, 1.2400, 1917511
2016-03-07, 1.3800, 1.4900, 1.3400, 1.4200, 1436163
2016-03-08, 1.4300, 1.4300, 1.1500, 1.2100, 1069680
2016-03-09, 1.2400, 1.3400, 1.1700, 1.3400, 1022811
2016-03-10, 1.3400, 1.3400, 1.2000, 1.2500, 641622
2016-03-11, 1.3300, 1.3300, 1.2400, 1.2700, 635263
2016-03-14, 1.2500, 1.3100, 1.2000, 1.2400, 383051
2016-03-15, 1.2000, 1.3100, 1.1273, 1.2000, 592476
2016-03-16, 1.2100, 1.2700, 1.1664, 1.2500, 382391
2016-03-17, 1.2600, 1.3600, 1.2300, 1.3600, 686395
2016-03-18, 1.4000, 1.5800, 1.2800, 1.5600, 3272513
2016-03-21, 1.5000, 1.6400, 1.4600, 1.5400, 1157232
2016-03-22, 1.5000, 1.5400, 1.4400, 1.4500, 503958
2016-03-23, 1.4100, 1.4400, 1.3000, 1.3100, 553890
2016-03-24, 1.2400, 1.3100, 1.2300, 1.2900, 302099
2016-03-28, 1.3100, 1.3200, 1.2300, 1.2600, 389983
2016-03-29, 1.2400, 1.3000, 1.2000, 1.3000, 443562
2016-03-30, 1.3000, 1.4098, 1.2850, 1.3300, 457431
2016-03-31, 1.3200, 1.3700, 1.2300, 1.2300, 1214258
2016-04-01, 1.2400, 1.2500, 1.1700, 1.2300, 385849
2016-04-04, 1.2400, 1.2500, 1.1500, 1.1600, 467668
2016-04-05, 1.1300, 1.1700, 1.0700, 1.0700, 626610
2016-04-06, 1.0900, 1.1500, 1.0100, 1.1300, 727497
2016-04-07, 1.1400, 1.1500, 1.0500, 1.0500, 443786
2016-04-08, 1.0900, 1.1700, 1.0700, 1.1200, 422878
2016-04-11, 1.1200, 1.1900, 1.1200, 1.1500, 413270
2016-04-12, 1.1600, 1.2800, 1.1500, 1.2700, 966457
2016-04-13, 1.2800, 1.3400, 1.1100, 1.2000, 954601
2016-04-14, 1.2000, 1.2500, 1.1700, 1.2100, 310409
2016-04-15, 1.1700, 1.2400, 1.1600, 1.1800, 371593
2016-04-18, 1.1300, 1.2400, 1.1000, 1.2200, 885384
2016-04-19, 1.2200, 1.3200, 1.1900, 1.3000, 545026
2016-04-20, 1.2900, 1.3300, 1.2600, 1.3100, 613190
2016-04-21, 1.3000, 1.3400, 1.2900, 1.3000, 844368
2016-04-22, 1.2800, 1.3700, 1.2100, 1.3500, 849969
2016-04-25, 1.3500, 1.3600, 1.2700, 1.2700, 696927
2016-04-26, 1.2900, 1.3800, 1.2500, 1.3600, 483125
2016-04-27, 1.3800, 1.5000, 1.3610, 1.4400, 1028221
2016-04-28, 1.4400, 1.5500, 1.2100, 1.5100, 1425523
2016-04-29, 1.5600, 1.5900, 1.4500, 1.5200, 769760
2016-05-02, 1.4900, 1.5300, 1.4000, 1.4500, 584277
2016-05-03, 1.4500, 1.4577, 1.3600, 1.4200, 418657
2016-05-04, 1.4300, 1.5100, 1.3600, 1.4600, 926324
2016-05-05, 1.5100, 1.8600, 1.4700, 1.8200, 3575335
2016-05-06, 1.8200, 2.1700, 1.8050, 1.8700, 3930871
2016-05-09, 1.8500, 1.9400, 1.6900, 1.8500, 1376642
2016-05-10, 1.8500, 1.9500, 1.8000, 1.9100, 970916
2016-05-11, 1.9000, 2.0000, 1.8300, 1.9000, 923800
2016-05-12, 1.9200, 1.9549, 1.8001, 1.8700, 667974
2016-05-13, 1.8300, 1.9100, 1.7900, 1.8800, 530417
2016-05-16, 1.9200, 2.0000, 1.8800, 1.9300, 527222
2016-05-17, 1.9200, 2.0900, 1.9100, 2.0800, 1046578
2016-05-18, 2.0700, 2.1300, 1.8650, 1.9500, 1142695
2016-05-19, 1.9000, 1.9200, 1.8000, 1.8800, 537527
2016-05-20, 1.9000, 1.9200, 1.8300, 1.9200, 334640
2016-05-23, 1.8900, 1.9300, 1.8500, 1.8900, 490280
2016-05-24, 1.9200, 1.9700, 1.8400, 1.9700, 653804
2016-05-25, 1.9700, 2.1800, 1.9600, 2.0500, 1148463
2016-05-26, 2.1100, 2.2000, 2.0000, 2.0100, 647714
2016-05-27, 1.9800, 2.0500, 1.9500, 2.0000, 388066
2016-05-31, 2.0200, 2.0701, 1.9501, 2.0100, 901519
2016-06-01, 1.9800, 2.0100, 1.9000, 2.0100, 681582
2016-06-02, 1.9600, 2.0401, 1.9000, 1.9900, 590228
2016-06-03, 1.9900, 2.0400, 1.9200, 1.9900, 533013
2016-06-06, 2.0100, 2.1400, 1.9700, 2.1200, 1078623
2016-06-07, 2.1300, 2.2400, 2.1100, 2.2400, 1147388
2016-06-08, 2.2800, 2.4000, 2.2737, 2.3400, 973967
2016-06-09, 2.2800, 2.3200, 2.2200, 2.2600, 475801
2016-06-10, 2.2300, 2.2300, 2.0500, 2.1000, 654056
2016-06-13, 2.0400, 2.1700, 2.0100, 2.1500, 674354
2016-06-14, 2.0800, 2.1900, 2.0400, 2.0800, 601499
2016-06-15, 2.0600, 2.1500, 2.0100, 2.0400, 518614
2016-06-16, 2.0100, 2.0250, 1.8600, 1.8900, 1344037
2016-06-17, 1.9300, 2.0000, 1.9200, 1.9300, 1225660
2016-06-20, 1.9800, 2.0000, 1.9000, 1.9200, 837279
2016-06-21, 1.9000, 1.9300, 1.8500, 1.9100, 1224559
2016-06-22, 2.1100, 2.1100, 1.8700, 1.8800, 1809747
2016-06-23, 1.9100, 1.9300, 1.8600, 1.9300, 2365409
2016-06-24, 1.8300, 1.9500, 1.7900, 1.8000, 13886410
2016-06-27, 1.7800, 1.8600, 1.7000, 1.7100, 2031627
2016-06-28, 1.7400, 1.8900, 1.7400, 1.7700, 926663
2016-06-29, 1.8100, 1.8520, 1.7700, 1.7900, 1145754
2016-06-30, 1.8400, 1.8400, 1.7200, 1.8000, 806514
2016-07-01, 1.8000, 1.9300, 1.7900, 1.9100, 682362
2016-07-05, 1.8500, 1.8600, 1.7400, 1.8200, 1113082
2016-07-06, 1.7800, 1.8800, 1.7700, 1.8300, 566922
2016-07-07, 1.8500, 1.9100, 1.7700, 1.7900, 687163
2016-07-08, 1.8400, 1.9000, 1.7800, 1.8800, 630533
2016-07-11, 1.9000, 1.9600, 1.8100, 1.8100, 685418
2016-07-12, 1.8600, 1.9200, 1.8500, 1.8800, 1104564
2016-07-13, 1.8200, 1.9100, 1.7400, 1.7700, 1389817
2016-07-14, 1.8200, 1.8400, 1.7600, 1.8200, 707454
2016-07-15, 1.8600, 1.8600, 1.7100, 1.7100, 890386
2016-07-18, 1.7000, 1.7400, 1.6100, 1.7000, 1088390
2016-07-19, 1.6900, 1.7000, 1.6100, 1.6100, 567676
2016-07-20, 1.6000, 1.6400, 1.5500, 1.6100, 660105
2016-07-21, 1.6000, 1.6700, 1.5500, 1.5500, 658698
2016-07-22, 1.5500, 1.5700, 1.4300, 1.4800, 1044231
2016-07-25, 1.4500, 1.4700, 1.3800, 1.3900, 997290
2016-07-26, 1.4000, 1.4500, 1.3700, 1.3700, 953967
2016-07-27, 1.4000, 1.4400, 1.3200, 1.3600, 709956
2016-07-28, 1.3600, 1.4300, 1.3000, 1.3700, 948078
2016-07-29, 1.5000, 1.5100, 1.3600, 1.3700, 1042357
2016-08-01, 1.3600, 1.3750, 1.2600, 1.2900, 597991
2016-08-02, 1.3000, 1.3900, 1.3000, 1.3700, 1096229
2016-08-03, 1.3800, 1.4200, 1.2900, 1.3800, 731388
2016-08-04, 1.3500, 1.4000, 1.3500, 1.3600, 395622
2016-08-05, 1.3900, 1.3900, 1.3250, 1.3600, 768512
2016-08-08, 1.3800, 1.4900, 1.3500, 1.4600, 1352092
2016-08-09, 1.4700, 1.5000, 1.3700, 1.4300, 1323191
2016-08-10, 1.4100, 1.4300, 1.3000, 1.3100, 548193
2016-08-11, 1.3100, 1.4000, 1.2800, 1.3700, 605606
2016-08-12, 1.3900, 1.3900, 1.3300, 1.3300, 627273
2016-08-15, 1.3500, 1.3701, 1.2900, 1.3400, 743021
2016-08-16, 1.3400, 1.3800, 1.3150, 1.3300, 364177
2016-08-17, 1.3300, 1.3800, 1.3200, 1.3600, 389999
2016-08-18, 1.3900, 1.4750, 1.3792, 1.4600, 724706
2016-08-19, 1.4400, 1.4500, 1.3800, 1.3900, 631767
2016-08-22, 1.3800, 1.4000, 1.3500, 1.3600, 277864
2016-08-23, 1.3500, 1.3900, 1.3400, 1.3700, 288382
2016-08-24, 1.3600, 1.4000, 1.3200, 1.3300, 495811
2016-08-25, 1.3200, 1.3400, 1.3000, 1.3100, 364053
2016-08-26, 1.3000, 1.3600, 1.3000, 1.3000, 351552
2016-08-29, 1.2800, 1.3200, 1.2500, 1.2600, 342684
2016-08-30, 1.2600, 1.2900, 1.2000, 1.2100, 391483
2016-08-31, 1.2000, 1.2200, 1.1300, 1.1500, 534273
2016-09-01, 1.1400, 1.2000, 1.0800, 1.1400, 654297
2016-09-02, 1.1600, 1.1900, 1.1300, 1.1400, 481794
2016-09-06, 1.1800, 1.1800, 1.1000, 1.1500, 526814
2016-09-07, 1.1400, 1.1590, 1.1100, 1.1400, 184143
2016-09-08, 1.1500, 1.2750, 1.1400, 1.2200, 1044146
2016-09-09, 1.2200, 1.2400, 1.1200, 1.1400, 785265
2016-09-12, 1.1300, 1.1500, 1.1000, 1.1300, 264771
2016-09-13, 1.1100, 1.1400, 1.0260, 1.0500, 1220247
2016-09-14, 1.0300, 1.0650, 1.0100, 1.0300, 879968
2016-09-15, 1.0300, 1.1400, 1.0300, 1.0700, 571204
2016-09-16, 1.0700, 1.1900, 1.0600, 1.1900, 678444
2016-09-19, 1.1900, 1.1900, 1.1200, 1.1300, 352400
2016-09-20, 1.1100, 1.1600, 1.0600, 1.0600, 504494
2016-09-21, 1.0800, 1.1000, 1.0600, 1.0800, 787305
2016-09-22, 1.1000, 1.1300, 1.0300, 1.0400, 769674
2016-09-23, 1.0300, 1.1000, 1.0300, 1.0400, 400652
2016-09-26, 1.0400, 1.0600, 1.0200, 1.0300, 357657
2016-09-27, 1.0200, 1.0700, 1.0000, 1.0100, 1345414
2016-09-28, 1.0100, 1.1697, 1.0100, 1.1300, 1323873
2016-09-29, 1.1300, 1.2000, 1.1000, 1.1100, 692531
2016-09-30, 1.1400, 1.1800, 1.1200, 1.1400, 541590
2016-10-03, 1.1600, 1.1900, 1.1000, 1.1800, 571536
2016-10-04, 1.2000, 1.2000, 1.1100, 1.1100, 296078
2016-10-05, 1.1200, 1.1800, 1.1150, 1.1800, 925996
2016-10-06, 1.1800, 1.1900, 1.1300, 1.1700, 393741
2016-10-07, 1.1700, 1.1800, 1.1200, 1.1300, 329299
2016-10-10, 1.1600, 1.1911, 1.1400, 1.1800, 742491
2016-10-11, 1.1900, 1.1900, 1.0800, 1.1300, 365815
2016-10-12, 1.1300, 1.1500, 1.0900, 1.1300, 441447
2016-10-13, 1.1100, 1.1500, 1.0600, 1.1300, 476503
2016-10-14, 1.1344, 1.1500, 1.1000, 1.1100, 178750
2016-10-17, 1.1100, 1.1500, 1.1000, 1.1300, 249323
2016-10-18, 1.1500, 1.1900, 1.1300, 1.1600, 605591
2016-10-19, 1.1800, 1.2500, 1.1700, 1.2500, 1617439
2016-10-20, 1.2500, 1.2900, 1.2000, 1.2400, 709419
2016-10-21, 1.2200, 1.2300, 1.2100, 1.2200, 197383
2016-10-24, 1.2200, 1.2300, 1.1100, 1.1800, 1053567
2016-10-25, 1.1800, 1.2000, 1.1400, 1.1600, 465009
2016-10-26, 1.1400, 1.1700, 1.1200, 1.1500, 264136
2016-10-27, 1.1500, 1.1600, 1.1300, 1.1500, 671112
2016-10-28, 1.1500, 1.1500, 1.0800, 1.1200, 1010048
2016-10-31, 1.2200, 1.2400, 1.1000, 1.1300, 928187
2016-11-01, 1.1400, 1.2000, 1.1400, 1.2000, 654147
2016-11-02, 1.1800, 1.3500, 1.1500, 1.3400, 1847979
2016-11-03, 1.3500, 1.5289, 1.3450, 1.4200, 2473525
2016-11-04, 1.4000, 1.4400, 1.3600, 1.4000, 707980
2016-11-07, 1.4000, 1.4699, 1.3700, 1.3900, 911832
2016-11-08, 1.3900, 1.4950, 1.3500, 1.4500, 805609
2016-11-09, 1.4200, 1.6200, 1.4001, 1.5900, 1355007
2016-11-10, 1.5700, 1.6800, 1.5700, 1.6400, 791850
2016-11-11, 1.6300, 1.6300, 1.4800, 1.5900, 586211
2016-11-14, 1.5900, 1.7400, 1.5700, 1.7200, 1094619
2016-11-15, 1.7500, 1.8200, 1.7450, 1.7600, 1519653
2016-11-16, 1.7600, 1.8700, 1.7099, 1.8000, 907840
2016-11-17, 1.8200, 1.8900, 1.7800, 1.7900, 501360
2016-11-18, 1.7900, 1.8800, 1.7501, 1.8400, 517170
2016-11-21, 1.8800, 1.9000, 1.7200, 1.7500, 686006
2016-11-22, 1.7600, 1.8050, 1.6700, 1.7800, 452434
2016-11-23, 1.7600, 1.8500, 1.7541, 1.8500, 353111
2016-11-25, 1.8500, 1.8600, 1.8100, 1.8100, 79464
2016-11-28, 1.8200, 1.8400, 1.7600, 1.7900, 242074
2016-11-29, 1.7400, 1.8600, 1.7200, 1.7800, 627680
2016-11-30, 1.9000, 1.9400, 1.8000, 1.9000, 1329320
2016-12-01, 1.9200, 2.0000, 1.9000, 1.9700, 989503
2016-12-02, 1.9700, 1.9800, 1.8300, 1.8300, 1010858
2016-12-05, 1.8600, 2.0500, 1.8600, 2.0200, 1358446
2016-12-06, 2.0200, 2.1800, 1.9800, 2.1700, 1127745
2016-12-07, 2.1800, 2.4400, 2.1700, 2.3900, 1673294
2016-12-08, 2.4200, 2.4500, 2.2499, 2.2900, 913039
2016-12-09, 2.3300, 2.6000, 2.3100, 2.5800, 1193131
2016-12-12, 2.8000, 2.8100, 2.5000, 2.5900, 1165470
2016-12-13, 2.6200, 2.6500, 2.4010, 2.4500, 729812
2016-12-14, 2.3900, 2.4550, 2.2700, 2.2900, 1151514
2016-12-15, 2.2700, 2.3700, 2.2140, 2.3200, 784702
2016-12-16, 2.3600, 2.4700, 2.3200, 2.4600, 906418
2016-12-19, 2.4500, 2.4600, 2.3200, 2.3300, 421938
2016-12-20, 2.3300, 2.4300, 2.3100, 2.3300, 416321
2016-12-21, 2.3400, 2.3700, 2.2500, 2.3600, 855036
2016-12-22, 2.3600, 2.3700, 2.2200, 2.2300, 480901
2016-12-23, 2.2200, 2.2900, 2.1800, 2.2900, 456814
2016-12-27, 2.3000, 2.3450, 2.2700, 2.3000, 391551
2016-12-28, 2.2800, 2.3200, 2.2300, 2.2600, 326371
2016-12-29, 2.2400, 2.2700, 2.2000, 2.2300, 472286
2016-12-30, 2.2300, 2.2300, 2.1800, 2.2000, 416862
2017-01-03, 2.2100, 2.3500, 2.2072, 2.3100, 621839
2017-01-04, 2.3100, 2.4500, 2.3100, 2.3900, 704152
2017-01-05, 2.3800, 2.4800, 2.3700, 2.4300, 441142
2017-01-06, 2.4300, 2.4500, 2.3300, 2.3700, 446688
2017-01-09, 2.3100, 2.3500, 2.2700, 2.2800, 500501
2017-01-10, 2.3100, 2.3793, 2.2700, 2.2700, 503502
2017-01-11, 2.2700, 2.4200, 2.2700, 2.4100, 720033
2017-01-12, 2.4200, 2.4470, 2.3250, 2.3900, 561538
2017-01-13, 2.3600, 2.4200, 2.3400, 2.4100, 451256
2017-01-17, 2.4000, 2.6450, 2.3900, 2.5800, 979482
2017-01-18, 2.5800, 2.5893, 2.4100, 2.5100, 443427
2017-01-19, 2.5000, 2.5500, 2.4200, 2.5300, 497131
2017-01-20, 2.5500, 2.7900, 2.5000, 2.6600, 1261185
2017-01-23, 2.6600, 2.6900, 2.5100, 2.5800, 525703
2017-01-24, 2.6000, 2.9487, 2.5800, 2.7700, 1452778
2017-01-25, 2.8200, 3.5700, 2.8100, 3.3600, 5897407
2017-01-26, 3.4000, 3.4200, 3.1800, 3.2900, 1730461
2017-01-27, 3.2200, 3.4800, 2.7700, 3.3000, 2897054
2017-01-30, 3.3500, 3.6000, 3.1950, 3.5300, 2084594
2017-01-31, 3.5600, 3.7000, 3.3600, 3.5400, 1301404
2017-02-01, 3.5700, 3.6700, 3.5100, 3.6000, 883946
2017-02-02, 3.0600, 3.3050, 3.0500, 3.2500, 8316784
2017-02-03, 3.2500, 3.3400, 3.1300, 3.2800, 1775067
2017-02-06, 3.3000, 3.3700, 3.2000, 3.2700, 1212002
2017-02-07, 3.2400, 3.3000, 3.0900, 3.1000, 1357188
2017-02-08, 3.0900, 3.0900, 2.8950, 3.0300, 1519892
2017-02-09, 3.0700, 3.2000, 3.0600, 3.1400, 785482
2017-02-10, 3.1500, 3.2500, 3.1100, 3.1900, 617531
2017-02-13, 3.2000, 3.2950, 3.1700, 3.2100, 989719
2017-02-14, 3.2200, 3.2700, 3.1400, 3.2000, 1005484
2017-02-15, 3.1900, 3.3100, 3.1800, 3.2600, 2235449
2017-02-16, 3.2600, 3.2900, 3.2100, 3.2400, 1197328
2017-02-17, 3.2300, 3.3500, 3.0500, 3.1900, 2430189
2017-02-21, 3.2100, 3.3500, 3.1800, 3.2700, 2093888
2017-02-22, 3.2700, 3.3100, 3.2100, 3.2600, 1370408
2017-02-23, 3.0500, 3.3100, 3.0500, 3.2200, 1739035
2017-02-24, 3.2000, 3.3900, 3.1800, 3.3500, 2425733
2017-02-27, 3.3700, 3.7000, 3.2900, 3.5000, 2553861
2017-02-28, 3.4800, 3.5300, 3.3100, 3.5100, 2856279
2017-03-01, 3.4900, 3.7300, 3.4680, 3.6500, 2883638
2017-03-02, 3.6100, 3.6200, 3.3900, 3.4400, 1265165
2017-03-03, 3.4800, 3.5700, 3.4400, 3.4700, 1266144
2017-03-06, 3.4700, 3.5200, 3.3400, 3.3900, 1289284
2017-03-07, 3.3800, 3.4500, 3.3300, 3.3900, 927107
2017-03-08, 3.3600, 3.4700, 3.2850, 3.3400, 1873707
2017-03-09, 3.2900, 3.3400, 2.9200, 2.9800, 2539414
2017-03-10, 3.0400, 3.0800, 2.7800, 2.8100, 1435964
2017-03-13, 2.7900, 2.9000, 2.7800, 2.7900, 927072
2017-03-14, 2.7700, 2.7800, 2.5900, 2.6600, 1003225
2017-03-15, 2.6700, 2.7700, 2.6300, 2.7400, 817193
2017-03-16, 2.8000, 2.8300, 2.7200, 2.7500, 732970
2017-03-17, 2.7400, 2.8200, 2.7000, 2.7300, 692579
2017-03-20, 2.7100, 2.7700, 2.6410, 2.7600, 516894
2017-03-21, 2.7600, 2.8100, 2.6300, 2.6300, 1046177
2017-03-22, 2.6800, 2.8400, 2.6300, 2.7000, 1375613
2017-03-23, 2.6800, 2.7550, 2.6500, 2.6900, 816896
2017-03-24, 2.7000, 2.7200, 2.6300, 2.6800, 422098
2017-03-27, 2.6200, 2.7400, 2.5500, 2.7300, 927918
2017-03-28, 2.7500, 2.8300, 2.6800, 2.7900, 573663
2017-03-29, 2.8000, 2.9500, 2.7900, 2.9300, 580940
2017-03-30, 2.9200, 2.9500, 2.8800, 2.9200, 409177
2017-03-31, 2.9000, 3.0500, 2.8800, 2.9900, 803141
2017-04-03, 2.9800, 3.0000, 2.8800, 2.9100, 527030
2017-04-04, 2.9000, 3.0200, 2.8700, 2.9100, 1268815
2017-04-05, 2.9600, 3.0400, 2.8900, 2.8900, 831151
2017-04-06, 2.8900, 3.0900, 2.8900, 3.0500, 811247
2017-04-07, 3.0000, 3.1300, 2.9400, 3.1100, 934719
2017-04-10, 3.1100, 3.1400, 3.0800, 3.1100, 825409
2017-04-11, 3.0800, 3.1500, 3.0700, 3.1200, 708999
2017-04-12, 3.1200, 3.1600, 3.0800, 3.1600, 972474
2017-04-13, 3.1900, 3.2400, 3.1300, 3.1800, 722816
2017-04-17, 3.1900, 3.3000, 3.1560, 3.2000, 1508407
2017-04-18, 3.1800, 3.2750, 3.1700, 3.2600, 781208
2017-04-19, 3.2900, 3.3400, 3.2300, 3.2400, 995685
2017-04-20, 3.2500, 3.3100, 3.2100, 3.2400, 750707
2017-04-21, 3.2100, 3.2500, 3.1400, 3.1700, 1089298
2017-04-24, 3.2100, 3.2500, 3.0200, 3.1900, 1073797
2017-04-25, 3.1800, 3.2350, 3.1601, 3.2000, 648701
2017-04-26, 3.1800, 3.2800, 3.1800, 3.2400, 741466
2017-04-27, 3.1000, 3.1200, 2.7800, 3.0700, 2300924
2017-04-28, 3.0300, 3.1400, 2.9750, 2.9900, 738238
2017-05-01, 2.9900, 3.0300, 2.9300, 2.9400, 854249
2017-05-02, 2.9600, 2.9600, 2.8000, 2.8400, 924985
2017-05-03, 2.8400, 2.8800, 2.7900, 2.8500, 1097108
2017-05-04, 2.8300, 2.8400, 2.7500, 2.7900, 1450548
2017-05-05, 2.7900, 2.8600, 2.7600, 2.8000, 422210
2017-05-08, 2.8100, 2.8301, 2.7300, 2.7400, 438360
2017-05-09, 2.7200, 2.7300, 2.5000, 2.5200, 1209014
2017-05-10, 2.5100, 2.6500, 2.5100, 2.6200, 490399
2017-05-11, 2.6200, 2.6300, 2.5700, 2.5700, 374308
2017-05-12, 2.5500, 2.5600, 2.4500, 2.4500, 638426
2017-05-15, 2.4700, 2.5200, 2.4600, 2.4800, 600495
2017-05-16, 2.4800, 2.5000, 2.3100, 2.3800, 745244
2017-05-17, 2.3700, 2.3900, 2.3000, 2.3200, 497629
2017-05-18, 2.3100, 2.3400, 2.2400, 2.2500, 483298
2017-05-19, 2.2700, 2.3700, 2.2700, 2.3200, 531005
2017-05-22, 2.3500, 2.3600, 2.2600, 2.2700, 516007
2017-05-23, 2.2600, 2.3300, 2.2200, 2.2700, 538540
2017-05-24, 2.2700, 2.2900, 2.1700, 2.1800, 549017
2017-05-25, 2.1900, 2.2700, 2.1000, 2.1000, 430512
2017-05-26, 2.1000, 2.1800, 2.1000, 2.1500, 441214
2017-05-30, 2.1400, 2.1500, 1.9800, 1.9900, 632738
2017-05-31, 2.0000, 2.0100, 1.8600, 1.8600, 971744
2017-06-01, 1.8900, 1.9700, 1.8590, 1.9500, 707623
2017-06-02, 1.9600, 1.9758, 1.9000, 1.9300, 302767
2017-06-05, 1.9100, 1.9900, 1.9000, 1.9500, 325497
2017-06-06, 1.9400, 1.9900, 1.8650, 1.9900, 652734
2017-06-07, 1.9900, 2.0049, 1.8900, 1.9100, 634922
2017-06-08, 1.9100, 1.9600, 1.8800, 1.9400, 524649
2017-06-09, 1.9400, 2.0500, 1.9200, 1.9900, 828366
2017-06-12, 2.1000, 2.2700, 2.0300, 2.1800, 3609794
2017-06-13, 2.2100, 2.2100, 2.0800, 2.1300, 2879749
2017-06-14, 2.1500, 2.1500, 1.9700, 2.0700, 1740270
2017-06-15, 2.0300, 2.0500, 1.8800, 1.9400, 2066960
2017-06-16, 1.8900, 2.0100, 1.8900, 2.0000, 1009869
2017-06-19, 2.0200, 2.1020, 1.8500, 1.8800, 1084900
2017-06-20, 1.8800, 1.8800, 1.8200, 1.8300, 628893
2017-06-21, 1.8500, 1.8500, 1.7500, 1.7900, 522364
2017-06-22, 1.7800, 1.8750, 1.7800, 1.8400, 1253971
2017-06-23, 1.8500, 1.9400, 1.8150, 1.9200, 911534
2017-06-26, 1.9200, 1.9900, 1.8750, 1.9800, 756997
2017-06-27, 1.9900, 2.0600, 1.9700, 2.0300, 982860
2017-06-28, 2.0500, 2.1200, 1.9900, 2.0500, 1420793
2017-06-29, 2.0600, 2.1800, 2.0400, 2.1100, 720901
2017-06-30, 2.1000, 2.1100, 2.0300, 2.1000, 860131
2017-07-03, 2.1200, 2.3100, 2.1200, 2.2400, 1121911
2017-07-05, 2.2600, 2.2650, 2.1400, 2.1600, 648448
2017-07-06, 2.1700, 2.1900, 2.1100, 2.1200, 494933
2017-07-07, 2.1100, 2.1500, 2.0550, 2.1300, 440015
2017-07-10, 2.1100, 2.1900, 2.1100, 2.1600, 232586
2017-07-11, 2.1800, 2.1800, 2.0800, 2.1000, 510025
2017-07-12, 2.1300, 2.1750, 2.0800, 2.1300, 534848
2017-07-13, 2.1300, 2.2500, 2.1100, 2.2400, 536863
2017-07-14, 2.2500, 2.2900, 2.2100, 2.2400, 334156
2017-07-17, 2.2000, 2.2800, 2.1550, 2.1700, 543321
2017-07-18, 2.1800, 2.2300, 2.0800, 2.1200, 576948
2017-07-19, 2.1200, 2.2500, 2.1200, 2.2300, 1020270
2017-07-20, 2.1900, 2.2294, 2.1750, 2.1800, 337241
2017-07-21, 2.1900, 2.2000, 2.0900, 2.0900, 482973
2017-07-24, 2.0900, 2.1100, 2.0500, 2.0800, 313630
2017-07-25, 2.0900, 2.1600, 2.0700, 2.1200, 404079
2017-07-26, 2.1200, 2.2000, 2.0800, 2.1800, 538242
2017-07-27, 2.1700, 2.2200, 2.1200, 2.2000, 582323
2017-07-28, 2.1900, 2.2200, 1.9500, 2.0400, 865389
2017-07-31, 2.0000, 2.0500, 1.8900, 1.9300, 616493
2017-08-01, 1.9400, 1.9700, 1.8700, 1.8900, 588946
2017-08-02, 1.8900, 1.9200, 1.8400, 1.8400, 435436
2017-08-03, 1.8400, 1.9100, 1.8000, 1.8200, 606262
2017-08-04, 1.8200, 1.9700, 1.8200, 1.9300, 534026
2017-08-07, 1.9200, 1.9400, 1.8200, 1.8500, 496500
2017-08-08, 1.8400, 1.8800, 1.7800, 1.8100, 334919
2017-08-09, 1.8100, 1.8400, 1.7600, 1.7600, 351238
2017-08-10, 1.7700, 1.7900, 1.7200, 1.7300, 480190
2017-08-11, 1.7300, 1.8000, 1.7100, 1.7300, 273705
2017-08-14, 1.7400, 1.8000, 1.7300, 1.7600, 348955
2017-08-15, 1.7600, 1.8100, 1.7300, 1.7900, 370413
2017-08-16, 1.7900, 1.8000, 1.6800, 1.6800, 628422
2017-08-17, 1.6800, 1.7400, 1.5800, 1.5900, 455971
2017-08-18, 1.5800, 1.6700, 1.5700, 1.6300, 556015
2017-08-21, 1.6500, 1.6700, 1.6100, 1.6700, 506421
2017-08-22, 1.6700, 1.7400, 1.6700, 1.7200, 409396
2017-08-23, 1.7300, 1.7320, 1.6500, 1.6800, 531534
2017-08-24, 1.6900, 1.8100, 1.6900, 1.8000, 651258
2017-08-25, 1.8000, 1.8600, 1.7700, 1.8100, 782315
2017-08-28, 1.8200, 1.8800, 1.8200, 1.8600, 565064
2017-08-29, 1.8500, 1.9900, 1.8310, 1.9700, 608866
2017-08-30, 1.9600, 2.0100, 1.8600, 1.9800, 725656
2017-08-31, 2.0000, 2.2000, 1.9500, 2.1300, 1401048
2017-09-01, 2.1200, 2.2200, 2.1100, 2.1900, 915523
2017-09-05, 2.2000, 2.2100, 2.1100, 2.1400, 516672
2017-09-06, 2.1600, 2.2400, 2.1600, 2.2300, 676284
2017-09-07, 2.2300, 2.2900, 2.2200, 2.2700, 432491
2017-09-08, 2.2600, 2.3300, 2.1900, 2.2200, 562578
2017-09-11, 2.2300, 2.2850, 2.2200, 2.2800, 370977
2017-09-12, 2.2700, 2.4000, 2.2600, 2.3700, 928864
2017-09-13, 2.3900, 2.4600, 2.3900, 2.4400, 799622
2017-09-14, 2.4400, 2.5600, 2.4300, 2.5300, 685536
2017-09-15, 2.5200, 2.5900, 2.5000, 2.5900, 773223
2017-09-18, 2.6000, 2.6700, 2.5450, 2.5600, 984490
2017-09-19, 2.5900, 2.6200, 2.4900, 2.5200, 779157
2017-09-20, 2.5200, 2.5600, 2.5000, 2.5400, 1408426
2017-09-21, 2.5400, 2.5700, 2.5000, 2.5600, 805763
2017-09-22, 2.5600, 2.6300, 2.5300, 2.6300, 536137
2017-09-25, 2.6500, 2.8800, 2.6500, 2.7900, 1135312
2017-09-26, 2.7500, 2.8900, 2.7400, 2.8700, 1268104
2017-09-27, 2.9000, 2.9450, 2.8270, 2.9000, 805738
2017-09-28, 2.9000, 2.9000, 2.8100, 2.8800, 1064156
2017-09-29, 2.8700, 2.8800, 2.7800, 2.8500, 850708
2017-10-02, 2.8200, 2.9150, 2.7900, 2.8500, 1171110
2017-10-03, 2.8500, 2.8850, 2.8100, 2.8500, 521143
2017-10-04, 2.8500, 2.8800, 2.6600, 2.6700, 513397
2017-10-05, 2.6600, 2.7500, 2.6400, 2.6900, 759518
2017-10-06, 2.6700, 2.6900, 2.3200, 2.5200, 1457325
2017-10-09, 2.5000, 2.6400, 2.4900, 2.6000, 644411
2017-10-10, 2.6200, 2.6400, 2.5000, 2.6000, 1302025
2017-10-11, 2.5900, 2.6000, 2.4200, 2.4900, 1157067
2017-10-12, 2.4600, 2.5050, 2.4100, 2.4800, 581497
2017-10-13, 2.5000, 2.5300, 2.4400, 2.4600, 361506
2017-10-16, 2.4800, 2.5500, 2.4500, 2.5100, 1373581
2017-10-17, 2.5200, 2.5200, 2.4900, 2.5000, 424324
2017-10-18, 2.5000, 2.5700, 2.4800, 2.5400, 863187
2017-10-19, 2.5200, 2.5200, 2.4050, 2.4600, 404194
2017-10-20, 2.4700, 2.5300, 2.4400, 2.4900, 509522
2017-10-23, 2.5100, 2.5200, 2.4500, 2.4900, 585059
2017-10-24, 2.4800, 2.5200, 2.4600, 2.4800, 317565
2017-10-25, 2.4500, 2.4700, 2.2500, 2.2700, 1148590
2017-10-26, 2.2600, 2.2800, 1.8600, 2.0000, 1961418
2017-10-27, 1.9800, 2.0300, 1.8250, 1.9600, 1670930
2017-10-30, 1.9600, 2.1250, 1.9600, 2.1100, 1116358
2017-10-31, 2.1100, 2.1400, 2.0700, 2.0900, 599655
2017-11-01, 2.1400, 2.1700, 2.1000, 2.1500, 480907
2017-11-02, 2.1300, 2.3250, 2.1300, 2.2700, 826482
2017-11-03, 2.2700, 2.3700, 2.2300, 2.3100, 890635
2017-11-06, 2.3300, 2.3650, 2.2600, 2.3300, 881496
2017-11-07, 2.3000, 2.3500, 2.2000, 2.3100, 927485
2017-11-08, 2.3200, 2.3390, 2.2400, 2.2900, 358231
2017-11-09, 2.2800, 2.3600, 2.2200, 2.2400, 700766
2017-11-10, 2.2500, 2.3600, 2.2500, 2.3400, 484289
2017-11-13, 2.3200, 2.3200, 2.2300, 2.2900, 365893
2017-11-14, 2.2800, 2.2900, 2.1100, 2.1100, 939300
2017-11-15, 2.1400, 2.4750, 2.0500, 2.0900, 1597448
2017-11-16, 2.1000, 2.1900, 2.0400, 2.0600, 613041
2017-11-17, 2.0700, 2.1100, 1.9400, 1.9500, 904820
2017-11-20, 1.9500, 2.0600, 1.9500, 1.9900, 584081
2017-11-21, 1.9900, 2.0100, 1.8700, 1.9100, 599918
2017-11-22, 1.9300, 1.9900, 1.9300, 1.9900, 249798
2017-11-24, 2.0000, 2.0500, 1.9900, 2.0100, 248930
2017-11-27, 2.1500, 2.3500, 1.9200, 1.9800, 3143464
2017-11-28, 1.9700, 2.0700, 1.9600, 2.0200, 1157488
2017-11-29, 2.0100, 2.1200, 2.0100, 2.0100, 940447
2017-11-30, 2.0500, 2.1100, 2.0200, 2.0900, 1276478
2017-12-01, 2.1000, 2.1428, 2.0250, 2.0500, 681028
2017-12-04, 2.0500, 2.1300, 2.0400, 2.1200, 1298779
2017-12-05, 2.1100, 2.2300, 2.1100, 2.1800, 2215884
2017-12-06, 2.1400, 2.1500, 2.0900, 2.1100, 584964
2017-12-07, 2.1000, 2.2400, 2.1000, 2.1900, 587659
2017-12-08, 2.2000, 2.2900, 2.1600, 2.1900, 875203
2017-12-11, 2.1900, 2.2900, 2.1900, 2.2300, 501288
2017-12-12, 2.2300, 2.2700, 2.1700, 2.2000, 427885
2017-12-13, 2.2200, 2.2700, 2.1700, 2.1800, 838334
2017-12-14, 2.2000, 2.2200, 2.1600, 2.1800, 1305937
2017-12-15, 2.2050, 2.2400, 2.1700, 2.2100, 660545
2017-12-18, 2.2850, 2.3100, 2.2200, 2.2500, 726851
2017-12-19, 2.3000, 2.3200, 2.2200, 2.2300, 769262
2017-12-20, 2.2950, 2.3600, 2.2500, 2.2900, 945105
2017-12-21, 2.2200, 2.4000, 2.2100, 2.3900, 793632
2017-12-22, 2.3500, 2.3850, 2.3150, 2.3300, 718000
2017-12-26, 2.3100, 2.4500, 2.3000, 2.4300, 700344
2017-12-27, 2.4000, 2.4800, 2.3800, 2.4100, 563173
2017-12-28, 2.4300, 2.6500, 2.4100, 2.6400, 1026733
2017-12-29, 2.6300, 2.7600, 2.6110, 2.7300, 746162
2018-01-02, 2.7700, 2.9400, 2.7350, 2.8900, 1201643
2018-01-03, 2.8800, 2.9700, 2.8500, 2.9200, 746530
2018-01-04, 2.9300, 2.9500, 2.8700, 2.8900, 937528
2018-01-05, 2.9000, 2.9500, 2.8600, 2.9400, 579626
2018-01-08, 2.9400, 3.0800, 2.8600, 3.0600, 1229697
2018-01-09, 3.0400, 3.1200, 2.9400, 3.0300, 1036020
2018-01-10, 3.0200, 3.0800, 2.9700, 3.0400, 1331021
2018-01-11, 3.0400, 3.1400, 3.0200, 3.1300, 1875359
2018-01-12, 3.1200, 3.2300, 3.0800, 3.2000, 979954
2018-01-16, 3.2300, 3.2300, 3.1200, 3.2200, 1654429
2018-01-17, 3.2000, 3.3200, 3.1975, 3.2100, 724182
2018-01-18, 3.2200, 3.3100, 3.1300, 3.2500, 1319534
2018-01-19, 3.2400, 3.5800, 3.2100, 3.5300, 2351543
2018-01-22, 3.5000, 3.5500, 3.3000, 3.4900, 1520504
2018-01-23, 3.4800, 3.8100, 3.4510, 3.7200, 1843113
2018-01-24, 3.7000, 3.7200, 3.5500, 3.6100, 873680
2018-01-25, 3.6300, 3.6600, 3.5800, 3.6500, 844813
2018-01-26, 3.6700, 3.6700, 3.5400, 3.5800, 544661
2018-01-29, 3.5100, 3.6400, 3.5000, 3.5800, 779801
2018-01-30, 3.5700, 3.5700, 3.3200, 3.4200, 936418
2018-01-31, 3.4500, 3.6400, 3.3800, 3.5000, 1353217
2018-02-01, 3.5000, 3.5400, 3.3450, 3.4500, 577375
2018-02-02, 3.4100, 3.4100, 3.2800, 3.3200, 982878
2018-02-05, 3.2600, 3.3600, 3.1500, 3.1700, 997698
2018-02-06, 3.0900, 3.4300, 2.9700, 3.3600, 1202665
2018-02-07, 3.3500, 3.5200, 3.3157, 3.3200, 707383
2018-02-08, 3.3500, 3.3500, 3.1900, 3.1900, 577143
2018-02-09, 3.2000, 3.2700, 3.0400, 3.1700, 631956
2018-02-12, 3.1700, 3.3200, 3.1492, 3.2600, 452303
2018-02-13, 3.2500, 3.5200, 3.2068, 3.5200, 794450
2018-02-14, 3.4800, 3.4999, 3.3100, 3.4200, 631768
2018-02-15, 3.4200, 3.4300, 3.2350, 3.2600, 631486
2018-02-16, 3.2500, 3.4750, 3.2200, 3.3700, 468687
2018-02-20, 3.3600, 3.4693, 3.3100, 3.3400, 470148
2018-02-21, 3.3000, 3.3500, 3.2000, 3.2900, 448878
2018-02-22, 3.1900, 3.6100, 3.1100, 3.5600, 1220537
2018-02-23, 3.5800, 3.8000, 3.4700, 3.7400, 1038350
2018-02-26, 3.7700, 3.7900, 3.6000, 3.6900, 1427253
2018-02-27, 3.6900, 3.7200, 3.6000, 3.6400, 1110206
2018-02-28, 3.6600, 3.7200, 3.5500, 3.5500, 925577
2018-03-01, 3.5600, 3.6900, 3.5250, 3.6600, 752182
2018-03-02, 3.6200, 3.8500, 3.5450, 3.7500, 2247841
2018-03-05, 3.7300, 3.8500, 3.6700, 3.7700, 2138628
2018-03-06, 3.7600, 3.8000, 3.6000, 3.6300, 1564435
2018-03-07, 3.6200, 3.9200, 3.6200, 3.8500, 2532628
2018-03-08, 3.8500, 3.9050, 3.7700, 3.8200, 1257759
2018-03-09, 3.8600, 3.8800, 3.7500, 3.8100, 1063375
2018-03-12, 3.8300, 3.8800, 3.7900, 3.8400, 517740
2018-03-13, 3.8400, 3.8650, 3.8000, 3.8400, 842812
2018-03-14, 3.8400, 3.8450, 3.7100, 3.8100, 617537
2018-03-15, 3.8200, 4.1050, 3.7400, 4.0800, 2500247
2018-03-16, 4.0800, 4.1700, 3.8800, 3.8900, 1172732
2018-03-19, 3.8900, 3.9650, 3.7800, 3.8800, 1087670
2018-03-20, 3.9000, 4.0800, 3.8800, 4.0000, 1087043
2018-03-21, 3.9900, 4.1350, 3.9885, 4.0300, 1298678
2018-03-22, 4.0300, 4.1250, 3.9300, 3.9300, 863927
2018-03-23, 3.9800, 4.0700, 3.9000, 3.9900, 753041
2018-03-26, 4.0000, 4.0500, 3.9500, 4.0000, 656812
2018-03-27, 4.0300, 4.0300, 3.6500, 3.6700, 935530
2018-03-28, 3.6700, 3.6800, 3.5700, 3.6100, 935582
2018-03-29, 3.6000, 3.7750, 3.6000, 3.7700, 643486
2018-04-02, 3.7200, 3.7900, 3.6000, 3.6600, 436793
2018-04-03, 3.7000, 3.8400, 3.6190, 3.8100, 728278
2018-04-04, 3.7700, 3.8500, 3.6550, 3.8400, 828891
2018-04-05, 3.8700, 3.9750, 3.8600, 3.9000, 1360727
2018-04-06, 3.8900, 3.9100, 3.7550, 3.8000, 431443
2018-04-09, 3.8700, 3.8700, 3.7400, 3.7900, 423723
2018-04-10, 3.8800, 3.9700, 3.8115, 3.9200, 917417
2018-04-11, 3.9400, 4.0200, 3.9400, 3.9500, 817613
2018-04-12, 3.9500, 4.0100, 3.8700, 3.9500, 721385
2018-04-13, 3.9700, 4.0000, 3.8300, 3.8800, 673731
2018-04-16, 3.8800, 3.9400, 3.8200, 3.9200, 360633
2018-04-17, 3.9800, 4.0799, 3.9700, 4.0600, 939653
2018-04-18, 4.0800, 4.1950, 4.0400, 4.0500, 874292
2018-04-19, 4.0500, 4.1400, 4.0100, 4.0800, 506764
2018-04-20, 4.0500, 4.0500, 3.9100, 3.9200, 576779
2018-04-23, 3.9300, 4.0650, 3.9250, 4.0000, 435095
2018-04-24, 4.0000, 4.0400, 3.9000, 3.9500, 334839
2018-04-25, 3.9300, 3.9600, 3.8400, 3.9000, 450782
2018-04-26, 3.9300, 3.9600, 3.8400, 3.8500, 556702
2018-04-27, 3.7000, 3.7800, 3.3300, 3.5200, 1177651
2018-04-30, 3.5100, 3.6000, 3.3100, 3.3500, 844136
2018-05-01, 3.3300, 3.3900, 2.9500, 3.0200, 1468913
2018-05-02, 3.0300, 3.2600, 3.0300, 3.1700, 758893
2018-05-03, 3.1600, 3.2000, 3.0900, 3.1200, 625942
2018-05-04, 3.1000, 3.2500, 3.0500, 3.2400, 706322
2018-05-07, 3.2800, 3.3800, 3.2500, 3.3300, 847961
2018-05-08, 3.3100, 3.3200, 3.2100, 3.2700, 891044
2018-05-09, 3.3000, 3.3800, 3.3000, 3.3400, 723370
2018-05-10, 3.3400, 3.3600, 3.2700, 3.3000, 773206
2018-05-11, 3.3100, 3.3900, 3.3000, 3.3800, 311361
2018-05-14, 3.4000, 3.4500, 3.3700, 3.3700, 446712
2018-05-15, 3.4200, 3.5100, 3.3400, 3.5100, 276585
2018-05-16, 3.4800, 3.5600, 3.4400, 3.5500, 780363
2018-05-17, 3.5600, 3.7299, 3.5400, 3.6700, 388365
2018-05-18, 3.6600, 3.7200, 3.6300, 3.7000, 336952
2018-05-21, 3.7100, 3.7900, 3.7001, 3.7800, 533765
2018-05-22, 3.7700, 3.8300, 3.6700, 3.7100, 444812
2018-05-23, 3.6900, 3.8200, 3.6300, 3.7700, 536549
2018-05-24, 3.7400, 3.7400, 3.6450, 3.6500, 334194
2018-05-25, 3.6200, 3.6201, 3.4800, 3.5400, 617870
2018-05-29, 3.5200, 3.6300, 3.4700, 3.5700, 606885
2018-05-30, 3.5800, 3.7600, 3.5800, 3.7500, 704562
2018-05-31, 3.7300, 3.8000, 3.6500, 3.7000, 1081306
2018-06-01, 3.7100, 3.9750, 3.7100, 3.9200, 764499
2018-06-04, 3.9300, 3.9800, 3.8750, 3.9400, 500983
2018-06-05, 3.9400, 4.0000, 3.8900, 3.9400, 397887
2018-06-06, 3.9400, 4.0800, 3.9000, 4.0100, 389368
2018-06-07, 4.0000, 4.1000, 3.9600, 4.0800, 515127
2018-06-08, 4.1000, 4.1300, 4.0300, 4.0400, 292242
2018-06-11, 4.0400, 4.0900, 3.9500, 3.9600, 237627
2018-06-12, 3.9100, 4.0150, 3.8300, 3.8300, 380407
2018-06-13, 3.8500, 3.8700, 3.7500, 3.7500, 261083
2018-06-14, 3.7500, 3.7800, 3.6700, 3.6700, 207273
2018-06-15, 3.6500, 3.6900, 3.5850, 3.6700, 464836
2018-06-18, 3.6700, 3.8600, 3.6700, 3.8400, 738611
2018-06-19, 3.8100, 3.8600, 3.7200, 3.8500, 902884
2018-06-20, 3.8900, 4.0300, 3.8550, 3.9700, 529497
2018-06-21, 3.9600, 3.9800, 3.8900, 3.9100, 371961
2018-06-22, 3.9500, 4.5000, 3.9500, 4.3700, 3928337
2018-06-25, 4.3900, 4.4800, 4.1400, 4.2100, 1242957
2018-06-26, 4.2200, 4.2900, 4.1400, 4.2400, 676623
2018-06-27, 4.2800, 4.5700, 4.2700, 4.3600, 1443376
2018-06-28, 4.3600, 4.3600, 4.2800, 4.3100, 670404
2018-06-29, 4.3200, 4.4000, 4.2900, 4.3600, 550846
2018-07-02, 4.3800, 4.3800, 3.9000, 3.9200, 1383243
2018-07-03, 3.9200, 4.0800, 3.9100, 4.0100, 375054
2018-07-05, 4.0400, 4.0500, 3.9000, 4.0400, 683179
2018-07-06, 4.0500, 4.4485, 4.0100, 4.3000, 1056313
2018-07-09, 4.3300, 4.3600, 4.1600, 4.2900, 425711
2018-07-10, 4.3000, 4.5850, 4.3000, 4.4900, 1541264
2018-07-11, 4.4200, 4.4700, 4.3600, 4.4200, 449668
2018-07-12, 4.4300, 4.4700, 4.3700, 4.3800, 395861
2018-07-13, 4.4000, 4.6400, 4.3200, 4.5600, 926165
2018-07-16, 4.5200, 4.5700, 4.3650, 4.4600, 550886
2018-07-17, 4.4300, 4.4500, 4.3200, 4.3700, 431805
2018-07-18, 4.3700, 4.3700, 4.2000, 4.3000, 365046
2018-07-19, 4.2900, 4.3600, 4.2500, 4.2900, 369262
2018-07-20, 4.3000, 4.3000, 4.2100, 4.2100, 211740
2018-07-23, 4.2200, 4.3100, 4.1100, 4.1900, 367705
2018-07-24, 4.2100, 4.2300, 4.1450, 4.1800, 275102
2018-07-25, 4.1600, 4.2500, 4.1600, 4.1800, 308223
2018-07-26, 4.1700, 4.2150, 4.1200, 4.1500, 211747
2018-07-27, 3.9000, 4.0500, 3.6660, 4.0400, 936750
2018-07-30, 3.9500, 4.0800, 3.8900, 3.9700, 528113
2018-07-31, 3.9400, 3.9900, 3.7800, 3.8100, 436381
2018-08-01, 3.7800, 3.8100, 3.6800, 3.7500, 407153
2018-08-02, 3.7400, 3.8200, 3.6600, 3.7200, 297701
2018-08-03, 3.7300, 3.7700, 3.6350, 3.7700, 337396
2018-08-06, 3.7700, 3.8400, 3.7300, 3.8000, 176822
2018-08-07, 3.8200, 3.8200, 3.7100, 3.7300, 226955
2018-08-08, 3.7200, 3.7900, 3.5900, 3.7400, 437606
2018-08-09, 3.7400, 3.8500, 3.7100, 3.7600, 259932
2018-08-10, 3.7900, 3.8500, 3.7300, 3.8000, 244405
2018-08-13, 3.7700, 3.8900, 3.7293, 3.7500, 315845
2018-08-14, 3.7600, 3.8950, 3.7600, 3.8500, 340056
2018-08-15, 3.8300, 3.8300, 3.6400, 3.6800, 601553
2018-08-16, 3.6800, 3.8300, 3.6700, 3.7900, 303608
2018-08-17, 3.7800, 3.7984, 3.7300, 3.7700, 158514
2018-08-20, 3.8000, 3.8900, 3.8000, 3.8700, 192195
2018-08-21, 3.8900, 3.9800, 3.8600, 3.9200, 276212
2018-08-22, 3.9400, 4.0900, 3.9300, 3.9800, 229632
2018-08-23, 3.9500, 3.9686, 3.7800, 3.8700, 423178
2018-08-24, 3.8900, 4.0200, 3.8800, 3.9400, 239737
2018-08-27, 3.9500, 4.0400, 3.9400, 4.0000, 349697
2018-08-28, 3.9600, 4.0000, 3.9100, 3.9500, 276665
2018-08-29, 3.9600, 3.9700, 3.9000, 3.9000, 318966
2018-08-30, 3.9000, 3.9600, 3.9000, 3.9500, 228338
2018-08-31, 3.9500, 3.9700, 3.9100, 3.9400, 646187
2018-09-04, 3.9400, 3.9500, 3.8500, 3.8900, 282403
2018-09-05, 3.8700, 3.8700, 3.6100, 3.6300, 307861
2018-09-06, 3.6300, 3.6800, 3.4800, 3.5200, 1184394
2018-09-07, 3.4800, 3.5600, 3.4500, 3.4700, 234974
2018-09-10, 3.4800, 3.4800, 3.2700, 3.2900, 306383
2018-09-11, 3.3700, 3.5300, 3.3400, 3.4800, 766001
2018-09-12, 3.5200, 3.5277, 3.3600, 3.3600, 459971
2018-09-13, 3.3500, 3.4550, 3.3500, 3.3800, 328044
2018-09-14, 3.3900, 3.5000, 3.3300, 3.4400, 486421
2018-09-17, 3.4400, 3.5500, 3.3800, 3.5500, 387354
2018-09-18, 3.5600, 3.7200, 3.5450, 3.6800, 433702
2018-09-19, 3.6500, 3.7400, 3.5850, 3.6300, 346590
2018-09-20, 3.6300, 3.6700, 3.5600, 3.6300, 167459
2018-09-21, 3.6400, 3.7300, 3.6300, 3.6500, 279611
2018-09-24, 3.6700, 3.8000, 3.6500, 3.7200, 384995
2018-09-25, 3.7700, 3.8800, 3.7600, 3.8800, 251766
2018-09-26, 3.8800, 4.0000, 3.8100, 3.9300, 490629
2018-09-27, 3.9400, 4.0800, 3.9100, 4.0000, 543376
2018-09-28, 4.0000, 4.1900, 3.9500, 4.1500, 459990
2018-10-01, 4.1400, 4.3000, 4.0800, 4.2600, 806768
2018-10-02, 4.2900, 4.3500, 4.0100, 4.0400, 1021259
2018-10-03, 4.0300, 4.2500, 4.0176, 4.2300, 382344
2018-10-04, 4.1900, 4.2700, 4.1682, 4.2200, 566492
2018-10-05, 4.2800, 4.4300, 4.1900, 4.3000, 639383
2018-10-08, 4.2600, 4.2700, 4.0900, 4.1500, 380428
2018-10-09, 4.1300, 4.1300, 3.9600, 3.9900, 485311
2018-10-10, 3.9700, 3.9869, 3.7650, 3.7700, 503838
2018-10-11, 3.7700, 3.9050, 3.7500, 3.7900, 354413
2018-10-12, 3.8900, 3.8900, 3.6700, 3.7000, 278655
2018-10-15, 3.6900, 3.7200, 3.6100, 3.6400, 351297
2018-10-16, 3.6600, 3.7150, 3.6100, 3.6900, 319216
2018-10-17, 3.6500, 3.7100, 3.5700, 3.6200, 224432
2018-10-18, 3.6200, 3.6200, 3.4250, 3.4500, 296233
2018-10-19, 3.4500, 3.4600, 3.3236, 3.3300, 461525
2018-10-22, 3.3300, 3.4250, 3.2600, 3.2700, 436593
2018-10-23, 3.2300, 3.2950, 3.1500, 3.2500, 380060
2018-10-24, 3.2600, 3.3000, 3.1200, 3.1300, 376094
2018-10-25, 3.1500, 3.1800, 2.9800, 3.0100, 542103
2018-10-26, 2.9900, 3.0800, 2.9100, 2.9700, 326355
2018-10-29, 3.0100, 3.0449, 2.7400, 2.7500, 727917
2018-10-30, 2.7500, 2.8550, 2.7000, 2.7100, 445739
2018-10-31, 2.6100, 2.9500, 2.3000, 2.8500, 898154
2018-11-01, 2.8600, 2.9100, 2.4300, 2.5300, 1056588
2018-11-02, 2.5500, 2.6300, 2.4800, 2.5200, 818391
2018-11-05, 2.5700, 2.6093, 2.4200, 2.4300, 512551
2018-11-06, 2.4200, 2.5700, 2.4200, 2.4300, 590477
2018-11-07, 2.4500, 2.5700, 2.4300, 2.5300, 649647
2018-11-08, 2.5300, 2.5894, 2.3100, 2.3300, 360096
2018-11-09, 2.3000, 2.3200, 2.2100, 2.2900, 403167
