2014-09-16, 24.8800, 24.8800, 24.8800, 24.8800, 500
2014-09-17, 24.8300, 24.8300, 24.8200, 24.8200, 600
2014-09-18, 24.8999, 24.9600, 24.8999, 24.9600, 1000
2014-09-19, 24.9600, 25.0700, 24.8600, 24.9600, 58400
2014-09-22, 24.6420, 24.6700, 24.6400, 24.6500, 2700
2014-09-23, 24.6070, 24.6100, 24.6070, 24.6100, 305
2014-09-24, 24.4800, 24.6000, 24.4200, 24.6000, 20464
2014-09-25, 24.3300, 24.3300, 24.2000, 24.2790, 6128
2014-09-26, 24.2200, 24.4499, 24.2200, 24.4499, 1889
2014-09-29, 24.3499, 24.3499, 24.2999, 24.2999, 7773
2014-09-30, 24.2200, 24.2200, 24.2200, 24.2200, 200
2014-10-01, 23.7899, 23.8100, 23.7700, 23.7700, 2618
2014-10-02, 23.8000, 23.8334, 23.3300, 23.8334, 15630
2014-10-03, 23.8830, 23.8830, 23.8196, 23.8196, 4333
2014-10-06, 23.7700, 23.8399, 23.7600, 23.8100, 1400
2014-10-07, 23.7040, 23.7040, 23.4875, 23.4875, 1000
2014-10-08, 23.3300, 23.7300, 23.3096, 23.7300, 3120
2014-10-09, 24.3600, 24.3600, 23.3200, 23.3204, 13248
2014-10-10, 23.3257, 23.3257, 23.3257, 23.3257, 1327
2014-10-13, 23.0000, 23.1337, 22.9703, 23.1337, 1183
2014-10-14, 23.1337, 23.1337, 23.1337, 23.1337, 60
2014-10-15, 22.6600, 22.8200, 22.2700, 22.8200, 21203
2014-10-16, 22.9000, 23.6100, 22.8400, 23.0300, 180173
2014-10-17, 23.3699, 23.3699, 23.1500, 23.1800, 941
2014-10-20, 23.2699, 23.4900, 23.2699, 23.4900, 8015
2014-10-21, 23.8200, 24.1900, 23.8200, 24.1900, 1544
2014-10-22, 24.3200, 24.3600, 23.9200, 23.9200, 4113
2014-10-23, 24.2300, 24.3599, 24.2300, 24.2700, 1405
2014-10-24, 24.0500, 24.2800, 24.0500, 24.2800, 967
2014-10-27, 24.1400, 24.1500, 24.1400, 24.1500, 300
2014-10-28, 24.3500, 24.3500, 24.3500, 24.3500, 271
2014-10-29, 24.4568, 24.4800, 24.4500, 24.4800, 3421
2014-10-30, 24.4900, 24.6100, 24.4900, 24.5300, 3349
2014-10-31, 24.7588, 24.8796, 24.7300, 24.8796, 1221
2014-11-03, 25.1300, 25.1300, 24.6400, 24.6500, 3360
2014-11-04, 24.5594, 24.6123, 24.5594, 24.6123, 820
2014-11-05, 24.6800, 24.8199, 24.6800, 24.8199, 918
2014-11-06, 24.8000, 24.9988, 24.7870, 24.9988, 1721
2014-11-07, 25.0821, 25.0821, 25.0821, 25.0821, 509
2014-11-10, 25.1700, 25.1700, 25.0580, 25.1100, 762
2014-11-11, 25.1600, 25.1600, 25.0541, 25.1500, 4097
2014-11-12, 25.2599, 25.2700, 25.2300, 25.2700, 4057
2014-11-13, 24.9600, 25.0400, 24.9600, 25.0400, 1647
2014-11-14, 25.0800, 25.0800, 25.0800, 25.0800, 716
2014-11-17, 24.9987, 25.1028, 24.9987, 25.0765, 1346
2014-11-18, 25.1900, 25.3400, 25.1900, 25.2800, 1679
2014-11-19, 25.2700, 25.2700, 25.1854, 25.2700, 15649
2014-11-20, 25.3600, 25.4400, 25.3600, 25.4300, 4768
2014-11-21, 25.5000, 25.8000, 25.5000, 25.6388, 10034
2014-11-24, 25.6388, 25.6388, 25.6388, 25.6388, 40
2014-11-25, 25.7200, 25.7200, 25.6900, 25.6900, 1517
2014-11-26, 25.6900, 25.6900, 25.6900, 25.6900, 0
2014-11-28, 25.1500, 25.2900, 25.1500, 25.1700, 8385
2014-12-01, 24.9908, 24.9908, 24.9908, 24.9908, 323
2014-12-02, 25.0850, 25.2280, 25.0850, 25.2280, 1309
2014-12-03, 25.5800, 25.6200, 25.4948, 25.6100, 4159
2014-12-04, 25.6100, 25.6100, 25.6100, 25.6100, 0
2014-12-05, 25.4000, 25.4000, 25.3200, 25.3200, 924
2014-12-08, 24.8120, 24.9100, 24.8120, 24.9100, 1721
2014-12-09, 24.9800, 25.0200, 24.9799, 25.0200, 1800
2014-12-10, 25.0200, 25.0200, 25.0200, 25.0200, 0
2014-12-11, 24.8100, 24.8100, 24.6400, 24.6400, 1244
2014-12-12, 24.8900, 24.8900, 24.3200, 24.3700, 1461
2014-12-15, 24.2714, 24.2714, 24.0972, 24.1200, 1389
2014-12-16, 24.2800, 24.6400, 24.2800, 24.3100, 2599
2014-12-17, 24.6500, 24.8400, 24.5800, 24.8400, 4286
2014-12-18, 24.8504, 24.9800, 24.8504, 24.9800, 1146
2014-12-19, 25.3094, 25.3500, 25.3094, 25.3500, 1610
2014-12-22, 25.2700, 25.2700, 25.0800, 25.2496, 2334
2014-12-23, 25.4794, 25.4794, 25.4794, 25.4794, 500
2014-12-24, 25.4400, 25.5200, 25.4235, 25.5200, 1672
2014-12-26, 25.6300, 25.6300, 25.5652, 25.5700, 1540
2014-12-29, 25.7500, 25.7500, 25.7100, 25.7100, 594
2014-12-30, 25.6600, 25.6700, 25.6500, 25.6500, 1766
2014-12-31, 25.5900, 25.6800, 25.5810, 25.5810, 1469
2015-01-02, 25.1800, 25.2600, 25.1800, 25.2600, 700
2015-01-05, 25.2600, 25.2600, 25.2600, 25.2600, 46
2015-01-06, 24.3300, 24.6400, 24.2800, 24.4300, 57748
2015-01-07, 24.7792, 24.8200, 24.6900, 24.7100, 47964
2015-01-08, 25.2611, 25.3000, 25.2252, 25.3000, 2697
2015-01-09, 25.3000, 25.3000, 25.3000, 25.3000, 0
2015-01-12, 25.3000, 25.3000, 25.3000, 25.3000, 0
2015-01-13, 25.2800, 25.2800, 24.7199, 24.8700, 6617
2015-01-14, 24.6400, 24.6400, 24.4790, 24.6400, 3786
2015-01-15, 24.6400, 24.6400, 24.6400, 24.6400, 0
2015-01-16, 24.4900, 24.4990, 24.4900, 24.4990, 2873
2015-01-20, 24.5720, 24.7399, 24.5720, 24.7399, 1000
2015-01-21, 24.8200, 24.8400, 24.7608, 24.8399, 4350
2015-01-22, 24.9700, 25.2100, 24.9700, 25.1900, 10287
2015-01-23, 25.0900, 25.1800, 25.0900, 25.1100, 8047
2015-01-26, 25.1000, 25.1700, 25.1000, 25.1700, 483
2015-01-27, 24.8400, 25.0400, 24.8201, 24.9400, 2077
2015-01-28, 25.0200, 25.0200, 24.7300, 24.7300, 2386
2015-01-29, 24.5800, 24.8352, 24.5500, 24.8168, 1228
2015-01-30, 24.8168, 24.8168, 24.8168, 24.8168, 0
2015-02-02, 24.6300, 24.8600, 24.6300, 24.8600, 706
2015-02-03, 25.2600, 25.4400, 25.1600, 25.4000, 14941
2015-02-04, 25.5560, 25.6000, 25.5100, 25.5496, 45470
2015-02-05, 25.6970, 25.7795, 25.6970, 25.7038, 1627
2015-02-06, 26.0000, 26.0200, 26.0000, 26.0200, 384
2015-02-09, 25.9328, 25.9328, 25.9328, 25.9328, 149
2015-02-10, 26.1499, 26.1720, 26.1499, 26.1720, 587
2015-02-11, 26.1500, 26.2100, 26.1500, 26.2100, 611
2015-02-12, 26.5710, 26.5900, 26.5710, 26.5900, 685
2015-02-13, 26.7000, 26.7400, 26.6500, 26.7400, 1712
2015-02-17, 26.6800, 26.8000, 26.6300, 26.8000, 1570
2015-02-18, 26.6800, 26.6800, 26.6800, 26.6800, 613
2015-02-19, 27.2500, 27.2500, 26.7900, 26.7900, 2927
2015-02-20, 26.5600, 26.9100, 26.5600, 26.8900, 1730
2015-02-23, 26.8000, 26.8452, 26.8000, 26.8452, 682
2015-02-24, 26.9300, 26.9600, 26.8900, 26.8900, 21828
2015-02-25, 27.0052, 27.0052, 26.9600, 27.0000, 679
2015-02-26, 27.0907, 27.1100, 26.9900, 26.9900, 783
2015-02-27, 27.1400, 27.1400, 27.0376, 27.0376, 1986
2015-03-02, 27.0560, 27.2139, 27.0560, 27.2139, 1162
2015-03-03, 27.2100, 27.2100, 26.9800, 26.9800, 3064
2015-03-04, 26.7500, 26.8800, 26.7500, 26.8700, 7499
2015-03-05, 26.8183, 26.8300, 26.7400, 26.7600, 3963
2015-03-06, 26.6500, 26.6500, 26.4800, 26.5376, 1139
2015-03-09, 26.7100, 26.7100, 26.7100, 26.7100, 207
2015-03-10, 26.4800, 26.4800, 26.2900, 26.2900, 1283
2015-03-11, 26.2400, 26.3100, 26.2400, 26.3100, 4963
2015-03-12, 26.4860, 26.5200, 26.4860, 26.4876, 1470
2015-03-13, 26.2855, 26.3600, 26.2855, 26.3600, 3674
2015-03-16, 26.6400, 26.6898, 26.6400, 26.6898, 4049
2015-03-17, 26.6200, 26.7548, 26.6100, 26.7548, 3782
2015-03-18, 26.6000, 27.0648, 26.5700, 26.9622, 9248
2015-03-19, 26.8500, 26.8500, 26.8400, 26.8400, 1600
2015-03-20, 26.9400, 27.0500, 26.8900, 27.0300, 3576
2015-03-23, 27.0300, 27.1300, 26.9800, 26.9800, 8379
2015-03-24, 26.9800, 26.9800, 26.9800, 26.9800, 0
2015-03-25, 26.7306, 26.7306, 26.6800, 26.6800, 16364
2015-03-26, 26.6800, 26.6800, 26.6800, 26.6800, 192
2015-03-27, 26.5900, 26.7000, 26.5900, 26.7000, 2013
2015-03-30, 27.2100, 27.2100, 27.1800, 27.1800, 5040
2015-03-31, 27.2400, 27.2400, 27.1245, 27.1600, 4205
2015-04-01, 27.1600, 27.1600, 27.1600, 27.1600, 0
2015-04-02, 27.0900, 27.0900, 27.0500, 27.0500, 5035
2015-04-06, 27.2900, 27.2900, 27.1992, 27.2092, 1411
2015-04-07, 27.2390, 27.2390, 27.2390, 27.2390, 513
2015-04-08, 27.2400, 27.3200, 27.1900, 27.3200, 700
2015-04-09, 27.3156, 27.4200, 27.3107, 27.4094, 2799
2015-04-10, 27.5105, 27.6100, 27.4605, 27.5700, 6263
2015-04-13, 27.5000, 27.5061, 27.4000, 27.4500, 7509
2015-04-14, 27.2457, 27.2800, 27.2457, 27.2800, 1366
2015-04-15, 27.5399, 27.6000, 27.5399, 27.6000, 1130
2015-04-16, 27.6000, 27.6000, 27.6000, 27.6000, 38
2015-04-17, 27.1755, 27.1755, 27.1755, 27.1755, 257
2015-04-20, 27.4000, 27.4708, 27.4000, 27.4530, 1524
2015-04-21, 27.4500, 27.4500, 27.3456, 27.3456, 300
2015-04-22, 27.3400, 27.3630, 27.1400, 27.3600, 5315
2015-04-23, 27.4399, 27.4399, 27.4399, 27.4399, 365
2015-04-24, 27.4216, 27.4694, 27.4216, 27.4694, 854
2015-04-27, 27.4510, 27.4900, 27.4500, 27.4900, 3002
2015-04-28, 27.3908, 27.5700, 27.3908, 27.5299, 10546
2015-04-29, 27.4200, 27.5100, 27.4200, 27.4200, 47508
2015-04-30, 27.3700, 27.3700, 27.1920, 27.2200, 4394
2015-05-01, 27.4000, 27.4000, 27.2520, 27.3800, 7303
2015-05-04, 27.5000, 27.5695, 27.5000, 27.5100, 2291
2015-05-05, 27.2601, 27.2601, 27.2100, 27.2100, 631
2015-05-06, 27.2300, 27.2300, 27.0200, 27.0899, 1184
2015-05-07, 27.2100, 27.2100, 27.1900, 27.1900, 891
2015-05-08, 27.6100, 27.6100, 27.4100, 27.4900, 6322
2015-05-11, 27.3500, 27.4200, 27.3400, 27.3799, 57454
2015-05-12, 27.2841, 27.2841, 27.2000, 27.2000, 4954
2015-05-13, 27.3034, 27.3034, 27.3034, 27.3034, 400
2015-05-14, 27.3608, 27.5000, 27.3608, 27.4772, 759
2015-05-15, 27.4492, 27.5300, 27.4492, 27.5300, 938
2015-05-18, 27.4700, 27.5943, 27.4700, 27.5824, 866
2015-05-19, 27.5500, 27.5500, 27.3900, 27.3900, 10209
2015-05-20, 27.5799, 27.5800, 27.4800, 27.5124, 8591
2015-05-21, 27.6275, 27.6899, 27.6100, 27.6899, 6258
2015-05-22, 27.5645, 27.6372, 27.5400, 27.6201, 3750
2015-05-26, 27.3700, 27.3700, 27.2000, 27.2699, 12410
2015-05-27, 27.4000, 27.5000, 27.4000, 27.4800, 1479
2015-05-28, 27.4580, 27.4580, 27.4400, 27.4400, 600
2015-05-29, 27.5244, 27.5244, 27.3800, 27.4440, 14419
2015-06-01, 27.2600, 27.5000, 27.2600, 27.5000, 2320
2015-06-02, 27.6300, 27.6300, 27.3800, 27.4828, 1199
2015-06-03, 27.5200, 27.5700, 27.5200, 27.5700, 1100
2015-06-04, 27.2608, 27.3430, 27.2608, 27.3430, 647
2015-06-05, 27.2990, 27.3599, 27.2990, 27.3043, 1159
2015-06-08, 27.0700, 27.0700, 27.0700, 27.0700, 710
2015-06-09, 27.0700, 27.1700, 27.0700, 27.1700, 2090
2015-06-10, 27.5100, 27.5100, 27.4540, 27.4540, 1289
2015-06-11, 27.4912, 27.5100, 27.4500, 27.5000, 5664
2015-06-12, 27.2700, 27.3293, 27.2600, 27.2994, 1920
2015-06-15, 27.1500, 27.1500, 27.1500, 27.1500, 528
2015-06-16, 27.1700, 27.3200, 27.1601, 27.3200, 211976
2015-06-17, 27.3491, 27.4375, 27.3491, 27.4375, 700
2015-06-18, 27.5899, 27.7200, 27.5499, 27.6900, 34892
2015-06-19, 27.5600, 27.6600, 27.3768, 27.5846, 59889
2015-06-22, 27.6490, 27.6699, 27.4710, 27.6699, 3605
2015-06-23, 27.6590, 28.7200, 27.6590, 27.7200, 5865
2015-06-24, 27.4700, 27.4700, 27.4300, 27.4300, 1766
2015-06-25, 27.1795, 27.3600, 27.1795, 27.3600, 2875
2015-06-26, 27.3190, 27.3190, 27.2300, 27.2300, 825
2015-06-29, 26.9299, 26.9299, 26.5790, 26.5790, 2736
2015-06-30, 26.4710, 26.7100, 26.4710, 26.5200, 5685
2015-07-01, 26.7400, 26.7600, 26.6800, 26.7000, 20064
2015-07-02, 26.6490, 26.7300, 26.6049, 26.7300, 5236
2015-07-06, 26.6900, 26.6900, 26.4300, 26.4300, 8373
2015-07-07, 26.1900, 26.6299, 26.1899, 26.6100, 3743
2015-07-08, 26.1500, 26.1500, 26.0700, 26.1500, 4298
2015-07-09, 26.2800, 26.2900, 26.1400, 26.1400, 5588
2015-07-10, 26.3790, 26.4000, 26.3790, 26.4000, 1450
2015-07-13, 26.6350, 26.7300, 26.6350, 26.7300, 12133
2015-07-14, 26.7100, 26.7100, 26.7028, 26.7028, 2777
2015-07-15, 26.7000, 26.7100, 26.5290, 26.5800, 2580
2015-07-16, 26.6640, 26.7300, 26.6600, 26.7200, 15313
2015-07-17, 26.5000, 26.5000, 26.4600, 26.4600, 3712
2015-07-20, 26.4555, 26.4555, 26.4101, 26.4500, 1589
2015-07-21, 26.4400, 26.4400, 26.2795, 26.2801, 6345
2015-07-22, 26.2800, 26.3090, 26.2400, 26.2899, 7740
2015-07-23, 26.3854, 26.3854, 26.2048, 26.2048, 2056
2015-07-24, 26.0500, 26.0500, 25.9447, 25.9447, 2557
2015-07-27, 25.8899, 25.8900, 25.8200, 25.8201, 2664
2015-07-28, 26.1400, 26.1699, 26.0800, 26.1100, 3483
2015-07-29, 26.2100, 26.2500, 26.0901, 26.2194, 30533
2015-07-30, 26.3520, 26.3520, 26.3201, 26.3201, 922
2015-07-31, 26.4900, 26.4900, 26.4737, 26.4800, 6008
2015-08-03, 26.1700, 26.2399, 26.1600, 26.2399, 1460
2015-08-04, 26.4500, 26.4500, 26.2999, 26.2999, 913
2015-08-05, 26.4600, 26.4800, 26.3815, 26.3815, 4139
2015-08-06, 26.1200, 26.2699, 26.1200, 26.2699, 2347
2015-08-07, 26.2699, 26.2699, 26.2699, 26.2699, 35
2015-08-10, 26.5840, 26.6700, 26.5840, 26.6700, 2881
2015-08-11, 26.4100, 26.4100, 26.4100, 26.4100, 3257
2015-08-12, 25.9899, 26.2600, 25.9899, 26.2600, 3279
2015-08-13, 26.2600, 26.2600, 26.2600, 26.2600, 0
2015-08-14, 26.3200, 26.3500, 26.2501, 26.3500, 8643
2015-08-17, 26.4100, 26.4790, 26.4000, 26.4308, 3207
2015-08-18, 26.4400, 26.4600, 26.3200, 26.3300, 4249
2015-08-19, 26.0290, 26.2500, 25.9463, 26.1300, 18918
2015-08-20, 26.1400, 27.4170, 25.9000, 26.2000, 3788
2015-08-21, 25.9650, 25.9650, 25.2600, 25.2603, 3953
2015-08-24, 24.1401, 24.6400, 23.8100, 23.9500, 8191
2015-08-25, 24.2200, 24.2200, 24.0000, 24.0000, 1698
2015-08-26, 33.6500, 33.6500, 23.5500, 24.1300, 6578
2015-08-27, 24.6800, 24.7790, 24.3300, 24.5800, 10478
2015-08-28, 24.7600, 24.8200, 24.7237, 24.8200, 5590
2015-08-31, 24.8200, 24.8200, 24.8200, 24.8200, 0
2015-09-01, 24.2200, 24.4356, 24.0300, 24.1100, 18394
2015-09-02, 24.2000, 24.3600, 24.0870, 24.3300, 5572
2015-09-03, 24.7192, 24.7192, 24.5000, 24.5400, 3981
2015-09-04, 24.0956, 24.1399, 24.0800, 24.1399, 1526
2015-09-08, 24.7290, 24.8256, 24.6956, 24.7900, 3056
2015-09-09, 25.0100, 25.0300, 24.6901, 24.6901, 2413
2015-09-10, 24.7990, 24.9437, 24.7944, 24.9437, 1128
2015-09-11, 24.4300, 24.7137, 24.4200, 24.7137, 12962
2015-09-14, 24.7137, 24.7137, 24.7137, 24.7137, 0
2015-09-15, 24.7237, 24.8537, 24.7137, 24.8537, 6931
2015-09-16, 24.8600, 25.1270, 24.8600, 25.0670, 1931
2015-09-17, 25.0950, 25.2644, 24.8720, 25.0191, 4336
2015-09-18, 24.6200, 24.6200, 24.6200, 24.6200, 200
2015-09-21, 24.5000, 24.5000, 24.5000, 24.5000, 304
2015-09-22, 24.5000, 24.5000, 24.5000, 24.5000, 0
2015-09-23, 24.5000, 24.5000, 24.5000, 24.5000, 0
2015-09-24, 23.6000, 23.6000, 23.6000, 23.6000, 1252
2015-09-25, 23.8608, 23.8608, 23.8608, 23.8608, 300
2015-09-28, 23.2744, 23.2800, 23.1101, 23.1101, 3949
2015-09-29, 23.2200, 23.2290, 23.1635, 23.2290, 9308
2015-09-30, 23.3200, 23.4000, 23.3200, 23.4000, 1088
2015-10-01, 23.1400, 23.3900, 23.1400, 23.3900, 42962
2015-10-02, 21.9300, 23.8100, 21.9100, 23.8099, 9853
2015-10-05, 24.2900, 24.2900, 24.2900, 24.2900, 887
2015-10-06, 24.5610, 24.5700, 24.5600, 24.5700, 9108
2015-10-07, 24.8800, 24.8800, 24.6900, 24.6910, 1600
2015-10-08, 24.8700, 25.1889, 24.8700, 25.1889, 1038
2015-10-09, 25.2535, 25.2535, 25.2535, 25.2535, 112
2015-10-12, 25.0540, 25.0540, 25.0540, 25.0540, 160
2015-10-13, 25.0037, 25.0100, 24.9263, 24.9263, 3060
2015-10-14, 24.9263, 24.9263, 24.9263, 24.9263, 0
2015-10-15, 24.7200, 24.9921, 24.7200, 24.9921, 300
2015-10-16, 24.8300, 24.8300, 24.8161, 24.8161, 122122
2015-10-19, 24.6600, 24.6600, 24.6600, 24.6600, 100
2015-10-20, 24.7196, 24.7196, 24.7196, 24.7196, 200
2015-10-21, 24.6730, 24.6730, 24.6730, 24.6730, 1503296
2015-10-22, 25.0753, 25.0753, 25.0753, 25.0753, 530
2015-10-23, 25.0753, 25.0753, 25.0753, 25.0753, 0
2015-10-26, 25.0753, 25.0753, 25.0753, 25.0753, 0
2015-10-27, 24.6109, 24.6335, 24.5200, 24.6100, 5989
2015-10-28, 24.6100, 24.6100, 24.6100, 24.6100, 0
2015-10-29, 24.9298, 24.9600, 24.4300, 24.7877, 14836
2015-10-30, 24.7877, 24.7877, 24.7877, 24.7877, 0
2015-11-02, 25.2500, 25.2500, 24.5032, 25.2342, 1412
2015-11-03, 24.7450, 25.0853, 24.4950, 25.0853, 700
2015-11-04, 25.0800, 25.3100, 25.0800, 25.2200, 3600
2015-11-05, 25.2200, 25.2200, 25.2200, 25.2200, 0
2015-11-06, 25.0600, 25.0800, 25.0600, 25.0800, 1476
2015-11-09, 25.0800, 25.0800, 25.0800, 25.0800, 0
2015-11-10, 23.8800, 24.3500, 23.8700, 24.3500, 6675
2015-11-11, 23.8301, 23.8301, 23.8301, 23.8301, 221
2015-11-12, 24.2000, 24.2000, 24.2000, 24.2000, 32980
2015-11-13, 24.2000, 24.2000, 24.2000, 24.2000, 0
2015-11-16, 24.2000, 24.2000, 24.2000, 24.2000, 8728
2015-11-17, 24.2200, 24.2400, 24.2200, 24.2400, 200
2015-11-18, 24.2400, 24.2400, 24.2400, 24.2400, 0
2015-11-19, 24.4050, 24.4250, 23.9801, 24.4250, 1619
2015-11-20, 24.1070, 24.1070, 24.1070, 24.1070, 400
2015-11-23, 24.1569, 24.1569, 24.1569, 24.1569, 353
2015-11-24, 24.7400, 24.8800, 24.7400, 24.8800, 664
2015-11-25, 24.8800, 24.8800, 24.8800, 24.8800, 0
2015-11-27, 24.8800, 24.8800, 24.8800, 24.8800, 0
2015-11-30, 23.9700, 24.3360, 23.9700, 24.1600, 717
2015-12-01, 25.0824, 25.1600, 25.0824, 25.1600, 800
2015-12-02, 25.1600, 25.1600, 25.1600, 25.1600, 0
2015-12-03, 25.1600, 25.1600, 25.1600, 25.1600, 88
2015-12-04, 24.1950, 24.6800, 24.1950, 24.2900, 1512
2015-12-07, 24.1350, 24.1350, 23.8700, 23.9140, 1354
2015-12-08, 23.6100, 23.6100, 23.6100, 23.6100, 700
2015-12-09, 23.2600, 24.1600, 23.2600, 24.1600, 406
2015-12-10, 23.9900, 23.9900, 23.9900, 23.9900, 159
2015-12-11, 23.9900, 23.9900, 23.9900, 23.9900, 0
2015-12-14, 23.9900, 23.9900, 23.9900, 23.9900, 86
2015-12-15, 23.9900, 23.9900, 23.9900, 23.9900, 0
2015-12-16, 22.9600, 23.6100, 22.5400, 23.6100, 7184
2015-12-17, 23.2680, 23.2680, 23.2000, 23.2000, 525
2015-12-18, 23.1900, 23.1900, 22.8500, 22.8500, 23008
2015-12-21, 22.6700, 22.7200, 22.1900, 22.1900, 1000
2015-12-22, 22.6800, 23.5400, 22.6800, 23.5000, 2354
2015-12-23, 23.5900, 23.5900, 22.7100, 23.4350, 1300
2015-12-24, 23.4350, 23.4350, 23.4350, 23.4350, 0
2015-12-28, 23.7150, 23.7150, 23.4400, 23.4400, 2742
2015-12-29, 23.8584, 23.8763, 23.4100, 23.4620, 3909
2015-12-30, 23.4620, 23.4620, 23.4620, 23.4620, 0
2015-12-31, 24.3580, 24.9699, 24.3580, 24.9699, 700
2016-01-04, 23.4000, 23.9300, 23.4000, 23.9300, 1500
2016-01-05, 23.4600, 23.6000, 23.4600, 23.5000, 6000
2016-01-06, 23.5000, 23.5000, 23.5000, 23.5000, 0
2016-01-07, 22.3900, 22.3900, 22.3900, 22.3900, 2314
2016-01-08, 22.1842, 22.1842, 22.1842, 22.1842, 555
2016-01-11, 22.1842, 22.1842, 22.1842, 22.1842, 0
2016-01-12, 21.8998, 22.6500, 21.4600, 22.6500, 1640
2016-01-13, 22.0000, 22.6700, 21.3800, 21.6440, 6921
2016-01-14, 21.8600, 21.8600, 21.6100, 21.6100, 500
2016-01-15, 21.6100, 21.6100, 21.6100, 21.6100, 0
2016-01-19, 21.6100, 21.6100, 21.6100, 21.6100, 0
2016-01-20, 21.6100, 21.6100, 21.6100, 21.6100, 0
2016-01-21, 21.3200, 21.5800, 21.3200, 21.5800, 500
2016-01-22, 21.7900, 22.2400, 21.7900, 22.2400, 500
2016-01-25, 22.2400, 22.2400, 22.2400, 22.2400, 0
2016-01-26, 21.4250, 22.4699, 21.4250, 22.4699, 1500
2016-01-27, 21.0750, 22.2498, 21.0750, 22.2320, 2586
2016-01-28, 21.8800, 21.9200, 21.8800, 21.9200, 2100
2016-01-29, 21.8850, 21.8850, 21.8850, 21.8850, 200
2016-02-01, 21.8850, 21.8850, 21.8850, 21.8850, 0
2016-02-02, 22.1000, 22.1000, 21.5559, 21.5559, 802
2016-02-03, 22.8200, 22.8200, 22.2400, 22.2400, 276
2016-02-04, 23.2200, 23.2200, 22.6500, 22.6500, 500
2016-02-05, 22.6500, 22.6500, 22.6500, 22.6500, 0
2016-02-08, 22.6500, 22.6500, 22.6500, 22.6500, 0
2016-02-09, 22.6500, 22.6500, 22.6500, 22.6500, 0
2016-02-10, 22.6500, 22.6500, 22.6500, 22.6500, 0
2016-02-11, 22.6500, 22.6500, 22.6500, 22.6500, 0
2016-02-12, 22.6500, 22.6500, 22.6500, 22.6500, 0
2016-02-16, 22.6500, 22.6500, 22.6500, 22.6500, 0
2016-02-17, 23.2200, 23.2200, 23.0900, 23.0900, 600
2016-02-18, 23.0900, 23.0900, 23.0900, 23.0900, 0
2016-02-19, 22.1891, 22.1891, 22.1891, 22.1891, 358
2016-02-22, 22.1300, 22.6907, 22.1300, 22.6550, 1000
2016-02-23, 22.5000, 22.8300, 21.8400, 22.8300, 7772
2016-02-24, 22.8300, 22.8300, 22.8300, 22.8300, 0
2016-02-25, 22.2972, 23.0100, 22.2972, 23.0000, 6218
2016-02-26, 23.0100, 23.0100, 23.0100, 23.0100, 1000
2016-02-29, 23.0100, 23.0100, 23.0100, 23.0100, 0
2016-03-01, 23.4000, 23.4000, 23.4000, 23.4000, 173
2016-03-02, 22.6700, 23.7500, 22.6700, 23.7500, 2745
2016-03-04, 0.0000, 0.0000, 0.0000, 23.7500, 0
2016-03-07, 0.0000, 0.0000, 0.0000, 23.7500, 0
2016-03-08, 23.3300, 24.4505, 23.3300, 24.4505, 800
2016-03-09, 24.4505, 24.4505, 24.4505, 24.4505, 0
2016-03-10, 24.4505, 24.4505, 24.4505, 24.4505, 0
2016-03-11, 23.3100, 25.3380, 23.3100, 25.3380, 1100
2016-03-14, 25.3380, 25.3380, 25.3380, 25.3380, 0
2016-03-15, 25.3380, 25.3380, 25.3380, 25.3380, 0
2016-03-16, 25.3380, 25.3380, 25.3380, 25.3380, 3
2016-03-17, 24.5000, 25.5200, 24.0620, 25.4400, 3765
2016-03-18, 26.6000, 26.6000, 25.5200, 25.5200, 1001
2016-03-21, 25.9100, 25.9100, 25.2300, 25.4600, 1800
2016-03-22, 25.0700, 25.3800, 25.0027, 25.3800, 2700
2016-03-23, 25.3800, 25.3800, 25.3800, 25.3800, 0
2016-03-24, 25.3800, 25.3800, 25.3800, 25.3800, 1
2016-03-28, 25.3800, 25.3800, 25.3800, 25.3800, 1
2016-03-29, 25.3800, 25.3800, 25.3800, 25.3800, 0
2016-03-30, 26.3200, 26.3700, 25.3800, 25.3800, 1400
2016-03-31, 25.3100, 26.2060, 24.8620, 25.3000, 1900
2016-04-01, 25.3000, 25.3000, 25.3000, 25.3000, 0
2016-04-04, 25.3000, 25.3000, 25.3000, 25.3000, 0
2016-04-05, 24.5200, 24.5666, 24.5200, 24.5588, 529
2016-04-06, 24.5700, 24.5700, 24.5700, 24.5700, 540
2016-04-07, 24.2800, 24.2900, 24.2800, 24.2900, 356
2016-04-08, 24.5701, 24.5900, 24.5700, 24.5900, 709
2016-04-11, 24.5900, 24.5900, 24.5900, 24.5900, 0
2016-04-12, 24.6000, 24.8182, 24.6000, 24.8182, 300
2016-04-13, 24.8182, 24.8182, 24.8182, 24.8182, 0
2016-04-14, 24.8182, 24.8182, 24.8182, 24.8182, 0
2016-04-15, 24.8182, 24.8182, 24.8182, 24.8182, 0
2016-04-18, 24.8182, 24.8182, 24.8182, 24.8182, 0
2016-04-19, 24.8182, 24.8182, 24.8182, 24.8182, 0
2016-04-20, 26.0610, 26.0610, 26.0610, 26.0610, 425
2016-04-21, 26.1000, 26.1000, 26.1000, 26.1000, 400
2016-04-22, 26.1000, 26.1000, 26.1000, 26.1000, 0
2016-04-25, 26.1000, 26.1000, 26.1000, 26.1000, 0
2016-04-26, 26.1000, 26.1000, 26.1000, 26.1000, 0
2016-04-27, 26.1000, 26.1000, 26.1000, 26.1000, 0
2016-04-28, 26.1400, 26.2000, 26.0000, 26.2000, 1452
2016-04-29, 26.2000, 26.2000, 26.2000, 26.2000, 0
2016-05-02, 26.2000, 26.2000, 26.2000, 26.2000, 0
2016-05-03, 26.2000, 26.2000, 26.2000, 26.2000, 0
2016-05-04, 25.3099, 25.3099, 25.3099, 25.3099, 1074
2016-05-05, 25.3099, 25.3099, 25.3099, 25.3099, 0
2016-05-06, 25.3099, 25.3099, 25.3099, 25.3099, 0
2016-05-09, 25.3099, 25.3099, 25.3099, 25.3099, 50
2016-05-10, 25.4299, 25.4299, 25.4201, 25.4201, 200
2016-05-11, 25.1199, 25.1200, 25.1199, 25.1200, 649
2016-05-12, 25.1200, 25.1200, 25.1200, 25.1200, 0
2016-05-13, 24.6099, 24.6301, 24.5301, 24.5301, 1800
2016-05-16, 24.7499, 24.7499, 24.7201, 24.7201, 450
2016-05-17, 24.7201, 24.7201, 24.7201, 24.7201, 0
2016-05-18, 24.9400, 24.9400, 24.8500, 24.9400, 549
2016-05-19, 24.6900, 24.6900, 24.5300, 24.6899, 500
2016-05-20, 24.6899, 24.6899, 24.6899, 24.6899, 0
2016-05-23, 24.6899, 24.6899, 24.6899, 24.6899, 94
2016-05-24, 24.6899, 24.6899, 24.6899, 24.6899, 1
2016-05-25, 25.5999, 25.5999, 25.5501, 25.5501, 1400
2016-05-26, 25.5501, 25.5501, 25.5501, 25.5501, 56
2016-05-27, 25.5501, 25.5501, 25.5501, 25.5501, 0
2016-05-31, 25.5501, 25.5501, 25.5501, 25.5501, 0
2016-06-01, 25.6499, 25.6499, 25.6199, 25.6401, 1400
2016-06-02, 25.6401, 25.6401, 25.6401, 25.6401, 0
2016-06-03, 25.4999, 25.4999, 25.4599, 25.4901, 1456
2016-06-06, 25.9199, 25.9900, 25.8801, 25.9900, 882
2016-06-07, 25.6300, 25.8700, 25.6300, 25.8700, 2347
2016-06-08, 25.8700, 25.8700, 25.8700, 25.8700, 0
2016-06-09, 25.7199, 25.7199, 25.6801, 25.6801, 200
2016-06-10, 25.2586, 25.2660, 25.2301, 25.2301, 850
2016-06-13, 25.2065, 25.2200, 25.1450, 25.2050, 957
2016-06-14, 25.2050, 25.2050, 25.2050, 25.2050, 0
2016-06-15, 25.0900, 25.0900, 25.0039, 25.0500, 648
2016-06-16, 24.6800, 24.7125, 24.6800, 24.7125, 441
2016-06-17, 24.7125, 24.7125, 24.7125, 24.7125, 0
2016-06-20, 24.7125, 24.7125, 24.7125, 24.7125, 0
2016-06-21, 25.2900, 25.2900, 25.2900, 25.2900, 300
2016-06-22, 25.0900, 25.0900, 25.0900, 25.0900, 151
2016-06-23, 25.0900, 25.0900, 25.0900, 25.0900, 0
2016-06-24, 25.0900, 25.0900, 25.0900, 25.0900, 0
2016-06-27, 25.0900, 25.0900, 25.0900, 25.0900, 0
2016-06-28, 25.0900, 25.0900, 25.0900, 25.0900, 0
2016-06-29, 25.0900, 25.0900, 25.0900, 25.0900, 0
2016-06-30, 25.0900, 25.0900, 25.0900, 25.0900, 0
2016-07-01, 25.0900, 25.0900, 25.0900, 25.0900, 0
2016-07-05, 25.0900, 25.0900, 25.0900, 25.0900, 0
2016-07-06, 25.0900, 25.0900, 25.0900, 25.0900, 0
2016-07-07, 25.0900, 25.0900, 25.0900, 25.0900, 0
2016-07-08, 24.8601, 24.9188, 24.8600, 24.9188, 3650
2016-07-11, 24.9188, 24.9188, 24.9188, 24.9188, 0
2016-07-12, 24.9188, 24.9188, 24.9188, 24.9188, 0
2016-07-13, 24.9188, 24.9188, 24.9188, 24.9188, 0
2016-07-14, 24.9188, 24.9188, 24.9188, 24.9188, 0
2016-07-15, 24.9188, 24.9188, 24.9188, 24.9188, 0
2016-07-18, 24.9188, 24.9188, 24.9188, 24.9188, 0
2016-07-19, 24.9188, 24.9188, 24.9188, 24.9188, 0
2016-07-20, 25.9410, 25.9410, 25.8900, 25.8900, 244
2016-07-21, 25.8900, 25.8900, 25.8900, 25.8900, 0
2016-07-22, 25.8900, 25.8900, 25.8900, 25.8900, 0
2016-07-25, 25.9500, 25.9500, 25.9500, 25.9500, 1000
2016-07-26, 25.9500, 25.9500, 25.9500, 25.9500, 0
2016-07-27, 25.9500, 25.9500, 25.9500, 25.9500, 0
2016-07-28, 25.9799, 25.9799, 25.9000, 25.9000, 200
2016-07-29, 25.9000, 25.9000, 25.9000, 25.9000, 74
2016-08-01, 25.9000, 25.9000, 25.9000, 25.9000, 0
2016-08-02, 25.9000, 25.9000, 25.9000, 25.9000, 0
2016-08-03, 25.6240, 25.6240, 25.6240, 25.6240, 236
2016-08-04, 25.6240, 25.6240, 25.6240, 25.6240, 0
2016-08-05, 25.6240, 25.6240, 25.6240, 25.6240, 0
2016-08-08, 26.2450, 26.2450, 26.2450, 26.2450, 1000
2016-08-09, 26.2100, 26.2250, 26.2100, 26.2250, 774
2016-08-10, 26.2250, 26.2250, 26.2250, 26.2250, 0
2016-08-11, 26.2250, 26.2250, 26.2250, 26.2250, 0
2016-08-12, 26.2250, 26.2250, 26.2250, 26.2250, 0
2016-08-15, 26.2250, 26.2250, 26.2250, 26.2250, 0
2016-08-16, 26.2250, 26.2250, 26.2250, 26.2250, 0
2016-08-17, 26.2250, 26.2250, 26.2250, 26.2250, 0
2016-08-18, 26.2250, 26.2250, 26.2250, 26.2250, 0
2016-08-19, 26.2250, 26.2250, 26.2250, 26.2250, 0
2016-08-22, 26.2250, 26.2250, 26.2250, 26.2250, 0
2016-08-23, 26.2250, 26.2250, 26.2250, 26.2250, 0
2016-08-24, 26.2250, 26.2250, 26.2250, 26.2250, 0
2016-08-25, 26.2250, 26.2250, 26.2250, 26.2250, 0
2016-08-26, 26.6500, 26.6500, 26.5700, 26.6025, 5801
2016-08-29, 26.6025, 26.6025, 26.6025, 26.6025, 0
2016-08-30, 26.6025, 26.6025, 26.6025, 26.6025, 0
2016-08-31, 26.5400, 26.5680, 26.5200, 26.5680, 1500
2016-09-01, 26.5680, 26.5680, 26.5680, 26.5680, 0
2016-09-02, 26.5680, 26.5680, 26.5680, 26.5680, 0
2016-09-06, 26.5680, 26.5680, 26.5680, 26.5680, 0
2016-09-07, 26.5680, 26.5680, 26.5680, 26.5680, 0
2016-09-08, 26.5680, 26.5680, 26.5680, 26.5680, 0
2016-09-09, 26.5680, 26.5680, 26.5680, 26.5680, 0
2016-09-12, 26.5680, 26.5680, 26.5680, 26.5680, 0
2016-09-13, 26.5680, 26.5680, 26.5680, 26.5680, 0
2016-09-14, 26.5680, 26.5680, 26.5680, 26.5680, 0
2016-09-15, 26.5680, 26.5680, 26.5680, 26.5680, 0
2016-09-16, 26.5680, 26.5680, 26.5680, 26.5680, 0
2016-09-19, 26.5680, 26.5680, 26.5680, 26.5680, 0
2016-09-20, 26.5680, 26.5680, 26.5680, 26.5680, 0
2016-09-21, 26.5680, 26.5680, 26.5680, 26.5680, 0
2016-09-22, 26.5680, 26.5680, 26.5680, 26.5680, 0
2016-09-23, 26.5680, 26.5680, 26.5680, 26.5680, 0
2016-09-26, 26.5680, 26.5680, 26.5680, 26.5680, 0
2016-09-27, 26.5680, 26.5680, 26.5680, 26.5680, 100
2016-09-28, 26.4100, 26.5200, 26.4100, 26.5200, 10100
2016-09-29, 26.5200, 26.5200, 26.5200, 26.5200, 0
2016-09-30, 26.5200, 26.5200, 26.5200, 26.5200, 0
2016-10-03, 26.5200, 26.5200, 26.5200, 26.5200, 0
2016-10-04, 26.5200, 26.5200, 26.5200, 26.5200, 0
2016-10-05, 26.5200, 26.5200, 26.5200, 26.5200, 0
2016-10-06, 26.5200, 26.5200, 26.5200, 26.5200, 0
2016-10-07, 26.5200, 26.5200, 26.5200, 26.5200, 0
2016-10-10, 26.5200, 26.5200, 26.5200, 26.5200, 0
2016-10-11, 26.5200, 26.5200, 26.5200, 26.5200, 0
2016-10-12, 26.5200, 26.5200, 26.5200, 26.5200, 0
2016-10-13, 26.5200, 26.5200, 26.5200, 26.5200, 0
2016-10-14, 26.5200, 26.5200, 26.5200, 26.5200, 0
2016-10-17, 26.5200, 26.5200, 26.5200, 26.5200, 0
2016-10-18, 26.5200, 26.5200, 26.5200, 26.5200, 0
2016-10-19, 26.5200, 26.5200, 26.5200, 26.5200, 0
2016-10-20, 26.8050, 26.8400, 26.7620, 26.8267, 1600
2016-10-21, 26.8267, 26.8267, 26.8267, 26.8267, 0
2016-10-24, 26.8267, 26.8267, 26.8267, 26.8267, 0
2016-10-25, 26.8267, 26.8267, 26.8267, 26.8267, 0
2016-10-26, 26.8267, 26.8267, 26.8267, 26.8267, 0
2016-10-27, 26.8267, 26.8267, 26.8267, 26.8267, 0
2016-10-28, 26.6300, 26.6300, 26.6300, 26.6300, 100
2016-10-31, 26.6300, 26.6300, 26.6300, 26.6300, 0
2016-11-01, 26.6300, 26.6300, 26.6300, 26.6300, 0
2016-11-02, 26.6300, 26.6300, 26.6300, 26.6300, 0
2016-11-03, 26.6300, 26.6300, 26.6300, 26.6300, 0
2016-11-04, 26.6300, 26.6300, 26.6300, 26.6300, 0
2016-11-07, 26.6300, 26.6300, 26.6300, 26.6300, 0
2016-11-08, 26.6300, 26.6300, 26.6300, 26.6300, 0
2016-11-09, 26.6300, 26.6300, 26.6300, 26.6300, 0
2016-11-10, 26.6300, 26.6300, 26.6300, 26.6300, 0
2016-11-11, 26.6300, 26.6300, 26.6300, 26.6300, 0
2016-11-14, 28.3400, 28.3400, 28.3400, 28.3400, 328
2016-11-15, 28.3400, 28.3400, 28.3400, 28.3400, 0
2016-11-16, 28.3400, 28.3400, 28.3400, 28.3400, 0
2016-11-17, 28.3400, 28.3400, 28.3400, 28.3400, 0
2016-11-18, 28.3400, 28.3400, 28.3400, 28.3400, 0
2016-11-21, 29.0400, 29.1200, 29.0400, 29.1200, 2000
2016-11-22, 29.1200, 29.1200, 29.1200, 29.1200, 0
2016-11-23, 29.1200, 29.1200, 29.1200, 29.1200, 0
2016-11-25, 29.1200, 29.1200, 29.1200, 29.1200, 0
2016-11-28, 29.1200, 29.1200, 29.1200, 29.1200, 0
2016-11-29, 29.1200, 29.1200, 29.1200, 29.1200, 0
2016-11-30, 29.1200, 29.1200, 29.1200, 29.1200, 0
2016-12-01, 29.1200, 29.1200, 29.1200, 29.1200, 1000
2016-12-02, 29.2600, 29.3500, 29.2200, 29.2200, 1500
2016-12-05, 29.5000, 29.5000, 29.5000, 29.5000, 1000
2016-12-06, 29.6000, 29.6000, 29.6000, 29.6000, 2100
2016-12-07, 29.6000, 29.6000, 29.6000, 29.6000, 0
2016-12-08, 30.5000, 30.5000, 30.5000, 30.5000, 2600
2016-12-09, 30.5000, 30.5000, 30.5000, 30.5000, 0
2016-12-12, 30.5000, 30.5000, 30.5000, 30.5000, 0
2016-12-13, 30.4700, 30.4700, 30.4700, 30.4700, 1141
2016-12-14, 30.4700, 30.4700, 30.4700, 30.4700, 0
2016-12-15, 30.4700, 30.4700, 30.4700, 30.4700, 0
2016-12-16, 30.4700, 30.4700, 30.4700, 30.4700, 0
2016-12-19, 30.4700, 30.4700, 30.4700, 30.4700, 0
2016-12-20, 30.4700, 30.4700, 30.4700, 30.4700, 0
2016-12-21, 30.4700, 30.4700, 30.4700, 30.4700, 0
2016-12-22, 30.4700, 30.4700, 30.4700, 30.4700, 0
2016-12-23, 30.0700, 30.0700, 30.0700, 30.0700, 694
2016-12-27, 30.0700, 30.0700, 30.0700, 30.0700, 0
2016-12-28, 30.0700, 30.0700, 30.0700, 30.0700, 1
2016-12-29, 30.0700, 30.0700, 30.0700, 30.0700, 0
2016-12-30, 30.0700, 30.0700, 30.0700, 30.0700, 4
2017-01-03, 30.0700, 30.0700, 30.0700, 30.0700, 0
2017-01-04, 30.0700, 30.0700, 30.0700, 30.0700, 0
2017-01-05, 30.0700, 30.0700, 30.0700, 30.0700, 0
2017-01-06, 30.0700, 30.0700, 30.0700, 30.0700, 0
2017-01-09, 30.0700, 30.0700, 30.0700, 30.0700, 0
2017-01-10, 29.9200, 29.9200, 29.8100, 29.8100, 1200
2017-01-11, 29.8100, 29.8100, 29.8100, 29.8100, 0
2017-01-12, 29.8100, 29.8100, 29.8100, 29.8100, 0
2017-01-13, 29.8100, 29.8100, 29.8100, 29.8100, 0
2017-01-17, 30.0123, 30.0200, 30.0123, 30.0200, 1500
2017-01-18, 30.0200, 30.0200, 30.0200, 30.0200, 0
2017-01-19, 30.0200, 30.0200, 30.0200, 30.0200, 0
2017-01-20, 30.0200, 30.0200, 30.0200, 30.0200, 0
2017-01-23, 30.0200, 30.0200, 30.0200, 30.0200, 0
2017-01-24, 30.1299, 30.1704, 30.1299, 30.1704, 676
2017-01-25, 30.1704, 30.1704, 30.1704, 30.1704, 0
2017-01-26, 30.1704, 30.1704, 30.1704, 30.1704, 0
2017-01-27, 30.1704, 30.1704, 30.1704, 30.1704, 0
2017-01-30, 30.1704, 30.1704, 30.1704, 30.1704, 0
2017-01-31, 30.1800, 30.1800, 30.1799, 30.1799, 249
2017-02-01, 30.1800, 30.1800, 30.1800, 30.1800, 0
2017-02-02, 30.1800, 30.1800, 30.1800, 30.1800, 0
2017-02-03, 30.1800, 30.1800, 30.1800, 30.1800, 0
2017-02-06, 30.1800, 30.1800, 30.1800, 30.1800, 0
2017-02-07, 30.1800, 30.1800, 30.1800, 30.1800, 0
2017-02-08, 30.3110, 30.3110, 30.3110, 30.3110, 153
2017-02-09, 30.3110, 30.3110, 30.3110, 30.3110, 0
2017-02-10, 30.7910, 30.7910, 30.7910, 30.7910, 300
2017-02-13, 30.7910, 30.7910, 30.7910, 30.7910, 0
2017-02-14, 31.1000, 31.1000, 31.1000, 31.1000, 600
2017-02-15, 31.1000, 31.1000, 31.1000, 31.1000, 0
2017-02-16, 31.1000, 31.1000, 31.1000, 31.1000, 0
2017-02-17, 31.1000, 31.1000, 31.1000, 31.1000, 0
2017-02-21, 31.1000, 31.1000, 31.1000, 31.1000, 0
2017-02-22, 31.1000, 31.1000, 31.1000, 31.1000, 0
2017-02-23, 31.1000, 31.1000, 31.1000, 31.1000, 0
2017-02-24, 31.1000, 31.1000, 31.1000, 31.1000, 0
2017-02-27, 31.1000, 31.1000, 31.1000, 31.1000, 0
2017-02-28, 31.1000, 31.1000, 31.1000, 31.1000, 67
2017-03-01, 31.5880, 31.5880, 31.5880, 31.5880, 100
2017-03-02, 31.5880, 31.5880, 31.5880, 31.5880, 0
2017-03-03, 31.3400, 31.3400, 31.3400, 31.3400, 2758
2017-03-06, 31.3400, 31.3400, 31.3400, 31.3400, 0
2017-03-07, 31.3400, 31.3400, 31.3400, 31.3400, 0
2017-03-08, 31.3400, 31.3400, 31.3400, 31.3400, 6
2017-03-09, 31.3400, 31.3400, 31.3400, 31.3400, 0
2017-03-10, 31.3400, 31.3400, 31.3400, 31.3400, 0
2017-03-13, 31.3400, 31.3400, 31.3400, 31.3400, 0
2017-03-14, 31.3400, 31.3400, 31.3400, 31.3400, 0
2017-03-15, 31.3840, 31.3840, 31.3840, 31.3840, 350
2017-03-16, 31.3840, 31.3840, 31.3840, 31.3840, 0
2017-03-17, 31.3840, 31.3840, 31.3840, 31.3840, 0
2017-03-20, 31.3840, 31.3840, 31.3840, 31.3840, 0
2017-03-21, 31.2080, 31.2080, 31.2080, 31.2080, 100
2017-03-22, 31.2080, 31.2080, 31.2080, 31.2080, 0
2017-03-23, 31.2080, 31.2080, 31.2080, 31.2080, 51
2017-03-24, 31.2080, 31.2080, 31.2080, 31.2080, 0
2017-03-27, 31.2080, 31.2080, 31.2080, 31.2080, 0
2017-03-28, 31.2080, 31.2080, 31.2080, 31.2080, 0
2017-03-29, 31.2080, 31.2080, 31.2080, 31.2080, 0
2017-03-30, 31.2080, 31.2080, 31.2080, 31.2080, 0
2017-03-31, 31.2080, 31.2080, 31.2080, 31.2080, 0
2017-04-03, 31.2080, 31.2080, 31.2080, 31.2080, 0
2017-04-04, 31.2080, 31.2080, 31.2080, 31.2080, 0
2017-04-05, 31.2080, 31.2080, 31.2080, 31.2080, 0
2017-04-06, 31.2080, 31.2080, 31.2080, 31.2080, 0
2017-04-07, 30.6100, 30.6100, 30.6100, 30.6100, 200
2017-04-10, 30.6100, 30.6100, 30.6100, 30.6100, 0
2017-04-11, 30.6100, 30.6100, 30.6100, 30.6100, 0
2017-04-12, 30.6100, 30.6100, 30.6100, 30.6100, 0
2017-04-13, 30.6100, 30.6100, 30.6100, 30.6100, 0
2017-04-17, 30.6100, 30.6100, 30.6100, 30.6100, 0
2017-04-18, 30.6100, 30.6100, 30.6100, 30.6100, 0
2017-04-19, 30.6100, 30.6100, 30.6100, 30.6100, 0
2017-04-20, 30.6100, 30.6100, 30.6100, 30.6100, 0
2017-04-21, 30.6100, 30.6100, 30.6100, 30.6100, 0
2017-04-24, 30.6100, 30.6100, 30.6100, 30.6100, 0
2017-04-25, 30.6100, 30.6100, 30.6100, 30.6100, 0
2017-04-26, 30.6100, 30.6100, 30.6100, 30.6100, 0
2017-04-27, 30.6100, 30.6100, 30.6100, 30.6100, 0
2017-04-28, 30.6100, 30.6100, 30.6100, 30.6100, 0
2017-05-01, 30.6100, 30.6100, 30.6100, 30.6100, 0
2017-05-02, 30.6100, 30.6100, 30.6100, 30.6100, 0
2017-05-03, 30.6100, 30.6100, 30.6100, 30.6100, 0
2017-05-04, 30.6100, 30.6100, 30.6100, 30.6100, 0
2017-05-05, 30.6100, 30.6100, 30.6100, 30.6100, 0
2017-05-08, 30.6100, 30.6100, 30.6100, 30.6100, 0
2017-05-09, 30.6100, 30.6100, 30.6100, 30.6100, 0
2017-05-10, 30.6100, 30.6100, 30.6100, 30.6100, 0
2017-05-11, 30.6100, 30.6100, 30.6100, 30.6100, 0
2017-05-12, 30.6100, 30.6100, 30.6100, 30.6100, 0
2017-05-15, 30.6100, 30.6100, 30.6100, 30.6100, 0
2017-05-16, 30.6100, 30.6100, 30.6100, 30.6100, 0
2017-05-17, 30.6100, 30.6100, 30.6100, 30.6100, 0
2017-05-18, 30.6100, 30.6100, 30.6100, 30.6100, 0
2017-05-19, 30.6100, 30.6100, 30.6100, 30.6100, 0
2017-05-22, 30.6100, 30.6100, 30.6100, 30.6100, 35
2017-05-23, 30.6100, 30.6100, 30.6100, 30.6100, 0
2017-05-24, 30.6100, 30.6100, 30.6100, 30.6100, 0
2017-05-25, 30.5100, 30.5500, 30.5100, 30.5500, 500
2017-05-26, 30.5500, 30.5500, 30.5500, 30.5500, 0
2017-05-30, 30.5500, 30.5500, 30.5500, 30.5500, 0
2017-05-31, 30.5500, 30.5500, 30.5500, 30.5500, 0
2017-06-01, 30.5500, 30.5500, 30.5500, 30.5500, 0
2017-06-02, 30.5500, 30.5500, 30.5500, 30.5500, 0
2017-06-05, 30.5500, 30.5500, 30.5500, 30.5500, 0
2017-06-06, 30.5500, 30.5500, 30.5500, 30.5500, 0
2017-06-07, 30.5500, 30.5500, 30.5500, 30.5500, 0
2017-06-08, 30.5500, 30.5500, 30.5500, 30.5500, 0
2017-06-09, 30.5500, 30.5500, 30.5500, 30.5500, 0
2017-06-12, 30.5500, 30.5500, 30.5500, 30.5500, 0
2017-06-13, 31.4400, 31.4400, 31.4400, 31.4400, 130
2017-06-14, 31.4400, 31.4400, 31.4400, 31.4400, 0
2017-06-15, 31.4400, 31.4400, 31.4400, 31.4400, 0
2017-06-16, 31.4400, 31.4400, 31.4400, 31.4400, 0
2017-06-19, 31.4400, 31.4400, 31.4400, 31.4400, 0
2017-06-20, 31.4400, 31.4400, 31.4400, 31.4400, 0
2017-06-21, 31.4400, 31.4400, 31.4400, 31.4400, 0
2017-06-22, 31.4400, 31.4400, 31.4400, 31.4400, 0
2017-06-23, 31.4400, 31.4400, 31.4400, 31.4400, 0
2017-06-26, 31.4400, 31.4400, 31.4400, 31.4400, 0
2017-06-27, 31.4400, 31.4400, 31.4400, 31.4400, 0
2017-06-28, 31.1100, 31.1700, 31.1100, 31.1700, 350
2017-06-29, 31.1700, 31.1700, 31.1700, 31.1700, 0
2017-06-30, 31.1700, 31.1700, 31.1700, 31.1700, 0
2017-07-03, 31.1700, 31.1700, 31.1700, 31.1700, 0
2017-07-05, 31.1700, 31.1700, 31.1700, 31.1700, 0
2017-07-07, 31.1700, 31.1700, 31.1700, 31.1700, 0
2017-07-10, 31.7800, 31.8000, 31.7800, 31.7900, 7900
2017-07-11, 31.7900, 31.7900, 31.7900, 31.7900, 0
2017-07-12, 31.7900, 31.7900, 31.7900, 31.7900, 0
2017-07-13, 31.7900, 31.7900, 31.7900, 31.7900, 1
2017-07-14, 31.7900, 31.7900, 31.7900, 31.7900, 0
2017-07-17, 31.7900, 31.7900, 31.7900, 31.7900, 0
2017-07-18, 31.7900, 31.7900, 31.7900, 31.7900, 0
2017-07-19, 31.7900, 31.7900, 31.7900, 31.7900, 0
2017-07-20, 31.7900, 31.7900, 31.7900, 31.7900, 0
2017-07-21, 31.7900, 31.7900, 31.7900, 31.7900, 0
2017-07-24, 31.7900, 31.7900, 31.7900, 31.7900, 0
2017-07-25, 31.7900, 31.7900, 31.7900, 31.7900, 0
2017-07-26, 31.7900, 31.7900, 31.7900, 31.7900, 0
2017-07-27, 31.7900, 31.7900, 31.7900, 31.7900, 0
2017-07-28, 32.1300, 32.1300, 32.1300, 32.1300, 20700
2017-07-31, 32.1300, 32.1300, 32.1300, 32.1300, 0
2017-08-01, 32.1300, 32.1300, 32.1300, 32.1300, 0
2017-08-02, 32.1300, 32.1300, 32.1300, 32.1300, 0
2017-08-03, 32.1300, 32.1300, 32.1300, 32.1300, 0
2017-08-04, 32.1300, 32.1300, 32.1300, 32.1300, 0
2017-08-07, 32.1300, 32.1300, 32.1300, 32.1300, 0
2017-08-08, 32.1300, 32.1300, 32.1300, 32.1300, 0
2017-08-09, 32.1300, 32.1300, 32.1300, 32.1300, 0
2017-08-10, 32.1300, 32.1300, 32.1300, 32.1300, 0
2017-08-11, 32.1300, 32.1300, 32.1300, 32.1300, 0
2017-08-14, 32.1300, 32.1300, 32.1300, 32.1300, 0
2017-08-15, 32.1300, 32.1300, 32.1300, 32.1300, 0
2017-08-16, 32.1300, 32.1300, 32.1300, 32.1300, 0
2017-08-17, 32.1300, 32.1300, 32.1300, 32.1300, 0
2017-08-18, 32.1300, 32.1300, 32.1300, 32.1300, 0
2017-08-21, 32.1300, 32.1300, 32.1300, 32.1300, 0
2017-08-22, 32.1300, 32.1300, 32.1300, 32.1300, 0
2017-08-23, 32.1300, 32.1300, 32.1300, 32.1300, 0
2017-08-24, 32.1300, 32.1300, 32.1300, 32.1300, 0
2017-08-25, 32.1300, 32.1300, 32.1300, 32.1300, 0
2017-08-28, 32.1300, 32.1300, 32.1300, 32.1300, 0
2017-08-29, 32.1300, 32.1300, 32.1300, 32.1300, 0
2017-08-30, 32.1300, 32.1300, 32.1300, 32.1300, 0
2017-08-31, 32.1300, 32.1300, 32.1300, 32.1300, 0
2017-09-05, 32.1300, 32.1300, 32.1300, 32.1300, 0
2017-09-06, 32.1300, 32.1300, 32.1300, 32.1300, 0
2017-09-07, 32.1300, 32.1300, 32.1300, 32.1300, 0
2017-09-08, 32.1300, 32.1300, 32.1300, 32.1300, 0
2017-09-11, 32.1300, 32.1300, 32.1300, 32.1300, 0
2017-09-12, 32.1300, 32.1300, 32.1300, 32.1300, 0
2017-09-13, 32.1300, 32.1300, 32.1300, 32.1300, 0
2017-09-14, 32.1300, 32.1300, 32.1300, 32.1300, 0
2017-09-15, 32.1300, 32.1300, 32.1300, 32.1300, 0
2017-09-18, 32.1300, 32.1300, 32.1300, 32.1300, 0
2017-09-19, 32.1300, 32.1300, 32.1300, 32.1300, 0
2017-09-20, 32.6520, 32.6520, 32.6520, 32.6520, 545
2017-09-21, 32.6520, 32.6520, 32.6520, 32.6520, 0
2017-09-22, 32.6520, 32.6520, 32.6520, 32.6520, 0
2017-09-25, 32.6520, 32.6520, 32.6520, 32.6520, 0
2017-09-26, 32.6520, 32.6520, 32.6520, 32.6520, 0
2017-09-27, 32.6520, 32.6520, 32.6520, 32.6520, 0
2017-09-28, 32.6520, 32.6520, 32.6520, 32.6520, 0
2017-09-29, 32.6520, 32.6520, 32.6520, 32.6520, 0
2017-10-02, 32.6520, 32.6520, 32.6520, 32.6520, 0
2017-10-03, 32.6520, 32.6520, 32.6520, 32.6520, 0
2017-10-04, 32.6520, 32.6520, 32.6520, 32.6520, 0
2017-10-05, 32.6520, 32.6520, 32.6520, 32.6520, 0
2017-10-06, 32.6520, 32.6520, 32.6520, 32.6520, 0
2017-10-09, 32.6520, 32.6520, 32.6520, 32.6520, 0
2017-10-10, 32.6520, 32.6520, 32.6520, 32.6520, 0
2017-10-11, 32.6520, 32.6520, 32.6520, 32.6520, 0
2017-10-12, 32.6520, 32.6520, 32.6520, 32.6520, 0
2017-10-13, 32.6520, 32.6520, 32.6520, 32.6520, 0
2017-10-16, 32.6520, 32.6520, 32.6520, 32.6520, 0
2017-10-17, 32.6520, 32.6520, 32.6520, 32.6520, 0
2017-10-18, 32.6520, 32.6520, 32.6520, 32.6520, 0
2017-10-19, 32.6520, 32.6520, 32.6520, 32.6520, 0
2017-10-20, 32.6520, 32.6520, 32.6520, 32.6520, 0
2017-10-23, 32.6517, 32.6517, 32.6517, 32.6517, 0
2017-10-24, 32.6520, 32.6520, 32.6520, 32.6520, 0
2017-10-25, 32.6520, 32.6520, 32.6520, 32.6520, 0
2017-10-26, 32.6520, 32.6520, 32.6520, 32.6520, 0
2017-10-27, 32.6517, 32.6517, 32.6517, 32.6517, 0
2017-10-30, 32.6520, 32.6520, 32.6520, 32.6520, 0
2017-10-31, 32.6520, 32.6520, 32.6520, 32.6520, 0
2017-11-01, 32.6520, 32.6520, 32.6520, 32.6520, 0
2017-11-02, 32.6520, 32.6520, 32.6520, 32.6520, 0
2017-11-03, 32.6517, 32.6517, 32.6517, 32.6517, 64
2017-11-06, 32.6517, 32.6517, 32.6517, 32.6517, 0
2017-11-07, 32.6517, 32.6517, 32.6517, 32.6517, 0
2017-11-08, 32.6517, 32.6517, 32.6517, 32.6517, 0
2017-11-09, 32.6517, 32.6517, 32.6517, 32.6517, 0
2017-11-10, 32.6517, 32.6517, 32.6517, 32.6517, 0
2017-11-13, 32.6517, 32.6517, 32.6517, 32.6517, 0
2017-11-14, 32.6520, 32.6520, 32.6520, 32.6520, 0
2017-11-15, 32.6520, 32.6520, 32.6520, 32.6520, 0
2017-11-17, 32.6517, 32.6517, 32.6517, 32.6517, 16
2017-11-20, 32.6517, 32.6517, 32.6517, 32.6517, 0
2017-11-21, 32.6517, 32.6517, 32.6517, 32.6517, 0
2017-11-22, 32.6517, 32.6517, 32.6517, 32.6517, 0
2017-11-24, 32.6517, 32.6517, 32.6517, 32.6517, 9
2017-11-27, 32.6517, 32.6517, 32.6517, 32.6517, 0
2017-11-28, 32.6517, 32.6517, 32.6517, 32.6517, 0
2017-12-04, 32.6517, 32.6517, 32.6517, 32.6517, 0
2017-12-05, 32.6517, 32.6517, 32.6517, 32.6517, 0
2017-12-06, 32.6517, 32.6517, 32.6517, 32.6517, 0
2017-12-07, 32.6517, 32.6517, 32.6517, 32.6517, 0
2017-12-08, 32.6517, 32.6517, 32.6517, 32.6517, 0
2017-12-11, 32.6517, 32.6517, 32.6517, 32.6517, 0
2017-12-12, 32.6517, 32.6517, 32.6517, 32.6517, 0
2017-12-13, 32.6517, 32.6517, 32.6517, 32.6517, 0
2017-12-14, 35.0000, 35.0300, 35.0000, 35.0000, 1500
2017-12-15, 35.0000, 35.0000, 35.0000, 35.0000, 0
2017-12-18, 35.0000, 35.0000, 35.0000, 35.0000, 0
2017-12-19, 35.0000, 35.0000, 35.0000, 35.0000, 0
2017-12-20, 35.0000, 35.0000, 35.0000, 35.0000, 0
2017-12-21, 35.0000, 35.0000, 35.0000, 35.0000, 0
2017-12-22, 35.0000, 35.0000, 35.0000, 35.0000, 0
2017-12-26, 35.0000, 35.0000, 35.0000, 35.0000, 0
2017-12-27, 35.0000, 35.0000, 35.0000, 35.0000, 0
2017-12-28, 35.0000, 35.0000, 35.0000, 35.0000, 0
2017-12-29, 35.0000, 35.0000, 35.0000, 35.0000, 0
2018-01-02, 35.0000, 35.0000, 35.0000, 35.0000, 0
2018-01-03, 35.0000, 35.0000, 35.0000, 35.0000, 0
2018-01-04, 35.0000, 35.0000, 35.0000, 35.0000, 0
2018-01-05, 35.0000, 35.0000, 35.0000, 35.0000, 0
2018-01-08, 36.2548, 36.2900, 36.1900, 36.1900, 1200
2018-01-09, 36.1900, 36.1900, 36.1900, 36.1900, 2
2018-01-10, 36.5136, 36.5500, 36.5136, 36.5500, 1000
2018-01-11, 36.5500, 36.5500, 36.5500, 36.5500, 0
2018-01-12, 37.3350, 37.3350, 37.3350, 37.3350, 200
2018-01-16, 37.3350, 37.3350, 37.3350, 37.3350, 0
2018-01-17, 37.2500, 37.2500, 37.2500, 37.2500, 257
2018-01-18, 37.2500, 37.2500, 37.2500, 37.2500, 0
2018-01-19, 37.2500, 37.2500, 37.2500, 37.2500, 0
2018-01-22, 37.2500, 37.2500, 37.2500, 37.2500, 500
2018-01-23, 37.2500, 37.2500, 37.2500, 37.2500, 0
2018-01-24, 37.2500, 37.2500, 37.2500, 37.2500, 0
2018-01-25, 37.2500, 37.2500, 37.2500, 37.2500, 0
2018-01-26, 37.2500, 37.2500, 37.2500, 37.2500, 0
2018-01-29, 37.2500, 37.2500, 37.2500, 37.2500, 0
2018-01-30, 37.0650, 37.0650, 37.0650, 37.0650, 200
2018-01-31, 37.0650, 37.0650, 37.0650, 37.0650, 0
2018-02-01, 37.0650, 37.0650, 37.0650, 37.0650, 0
2018-02-02, 37.0650, 37.0650, 37.0650, 37.0650, 0
2018-02-05, 37.0650, 37.0650, 37.0650, 37.0650, 0
2018-02-06, 37.0650, 37.0650, 37.0650, 37.0650, 16
2018-02-07, 37.0650, 37.0650, 37.0650, 37.0650, 0
2018-02-08, 35.3700, 35.3700, 35.3700, 35.3700, 200
2018-02-09, 35.3700, 35.3700, 35.3700, 35.3700, 0
2018-02-12, 35.3700, 35.3700, 35.3700, 35.3700, 0
2018-02-13, 35.3700, 35.3700, 35.3700, 35.3700, 0
2018-02-14, 36.2190, 36.2190, 36.2190, 36.2190, 286
2018-02-15, 36.1550, 36.1550, 36.1550, 36.1550, 200
2018-02-16, 36.1550, 36.1550, 36.1550, 36.1550, 0
2018-02-20, 36.1550, 36.1550, 36.1550, 36.1550, 0
2018-02-21, 36.1550, 36.1550, 36.1550, 36.1550, 0
2018-02-22, 36.1550, 36.1550, 36.1550, 36.1550, 37
2018-02-23, 36.1550, 36.1550, 36.1550, 36.1550, 0
2018-02-26, 36.1550, 36.1550, 36.1550, 36.1550, 0
2018-02-27, 36.1550, 36.1550, 36.1550, 36.1550, 0
2018-02-28, 36.1550, 36.1550, 36.1550, 36.1550, 0
2018-03-01, 36.1550, 36.1550, 36.1550, 36.1550, 0
2018-03-02, 36.1550, 36.1550, 36.1550, 36.1550, 0
2018-03-05, 36.1550, 36.1550, 36.1550, 36.1550, 0
2018-03-06, 36.1550, 36.1550, 36.1550, 36.1550, 14
2018-03-07, 36.1550, 36.1550, 36.1550, 36.1550, 0
2018-03-08, 36.1550, 36.1550, 36.1550, 36.1550, 0
2018-03-09, 36.1550, 36.1550, 36.1550, 36.1550, 0
2018-03-12, 36.1550, 36.1550, 36.1550, 36.1550, 0
2018-03-13, 36.1550, 36.1550, 36.1550, 36.1550, 0
2018-03-14, 36.1550, 36.1550, 36.1550, 36.1550, 0
2018-03-15, 36.1550, 36.1550, 36.1550, 36.1550, 0
2018-03-16, 36.1550, 36.1550, 36.1550, 36.1550, 0
2018-03-19, 36.1550, 36.1550, 36.1550, 36.1550, 0
2018-03-20, 36.1550, 36.1550, 36.1550, 36.1550, 0
2018-03-21, 36.1550, 36.1550, 36.1550, 36.1550, 0
2018-03-22, 36.0850, 36.0850, 35.3500, 35.3500, 272
2018-03-23, 35.3500, 35.3500, 35.3500, 35.3500, 0
2018-03-26, 35.3500, 35.3500, 35.3500, 35.3500, 0
2018-03-27, 35.3500, 35.3500, 35.3500, 35.3500, 0
2018-03-28, 35.3500, 35.3500, 35.3500, 35.3500, 0
2018-03-29, 35.3500, 35.3500, 35.3500, 35.3500, 0
2018-04-02, 35.3500, 35.3500, 35.3500, 35.3500, 0
2018-04-03, 35.3500, 35.3500, 35.3500, 35.3500, 0
2018-04-04, 35.3500, 35.3500, 35.3500, 35.3500, 0
2018-04-05, 35.3500, 35.3500, 35.3500, 35.3500, 0
2018-04-06, 35.3500, 35.3500, 35.3500, 35.3500, 0
2018-04-09, 35.3500, 35.3500, 35.3500, 35.3500, 0
2018-04-10, 35.3500, 35.3500, 35.3500, 35.3500, 0
2018-04-11, 35.3500, 35.3500, 35.3500, 35.3500, 0
2018-04-12, 35.3500, 35.3500, 35.3500, 35.3500, 12
2018-04-13, 35.6900, 35.7546, 35.6900, 35.7546, 350
2018-04-16, 35.7550, 35.7550, 35.7550, 35.7550, 0
2018-04-17, 35.7546, 35.7546, 35.7546, 35.7546, 0
2018-04-18, 36.5400, 36.5400, 36.5000, 36.5000, 220
2018-04-19, 36.5000, 36.5000, 36.5000, 36.5000, 0
2018-04-20, 36.5000, 36.5000, 36.5000, 36.5000, 0
2018-04-23, 36.5000, 36.5000, 36.5000, 36.5000, 0
2018-04-24, 36.5000, 36.5000, 36.5000, 36.5000, 0
2018-04-25, 36.5000, 36.5000, 36.5000, 36.5000, 0
2018-04-26, 36.3900, 36.3900, 36.3900, 36.3900, 100
2018-04-27, 36.3900, 36.3900, 36.3900, 36.3900, 0
2018-04-30, 36.3900, 36.3900, 36.3900, 36.3900, 0
2018-05-01, 36.3900, 36.3900, 36.3900, 36.3900, 0
2018-05-02, 36.3900, 36.3900, 36.3900, 36.3900, 0
2018-05-03, 36.3900, 36.3900, 36.3900, 36.3900, 0
2018-05-04, 36.3900, 36.3900, 36.3900, 36.3900, 0
2018-05-07, 36.3900, 36.3900, 36.3900, 36.3900, 0
2018-05-08, 36.3900, 36.3900, 36.3900, 36.3900, 0
2018-05-09, 36.3900, 36.3900, 36.3900, 36.3900, 0
2018-05-10, 36.3900, 36.3900, 36.3900, 36.3900, 0
2018-05-11, 36.3900, 36.3900, 36.3900, 36.3900, 0
2018-05-14, 36.3900, 36.3900, 36.3900, 36.3900, 0
2018-05-15, 36.3900, 36.3900, 36.3900, 36.3900, 0
2018-05-16, 36.3900, 36.3900, 36.3900, 36.3900, 0
2018-05-17, 36.3900, 36.3900, 36.3900, 36.3900, 0
2018-05-18, 36.3900, 36.3900, 36.3900, 36.3900, 0
2018-05-21, 36.3900, 36.3900, 36.3900, 36.3900, 0
2018-05-22, 36.3900, 36.3900, 36.3900, 36.3900, 0
2018-05-23, 36.3900, 36.3900, 36.3900, 36.3900, 0
2018-05-24, 36.3900, 36.3900, 36.3900, 36.3900, 0
2018-05-25, 36.3900, 36.3900, 36.3900, 36.3900, 0
2018-05-29, 36.3900, 36.3900, 36.3900, 36.3900, 0
2018-05-30, 36.3900, 36.3900, 36.3900, 36.3900, 0
2018-05-31, 36.3900, 36.3900, 36.3900, 36.3900, 0
2018-06-01, 36.3900, 36.3900, 36.3900, 36.3900, 0
2018-06-04, 36.3900, 36.3900, 36.3900, 36.3900, 0
2018-06-05, 36.3900, 36.3900, 36.3900, 36.3900, 0
2018-06-06, 36.3900, 36.3900, 36.3900, 36.3900, 0
2018-06-07, 36.3900, 36.3900, 36.3900, 36.3900, 0
2018-06-08, 36.3900, 36.3900, 36.3900, 36.3900, 0
2018-06-11, 36.3900, 36.3900, 36.3900, 36.3900, 0
2018-06-12, 36.3900, 36.3900, 36.3900, 36.3900, 0
2018-06-13, 36.3900, 36.3900, 36.3900, 36.3900, 0
2018-06-14, 36.3900, 36.3900, 36.3900, 36.3900, 0
2018-06-15, 36.3900, 36.3900, 36.3900, 36.3900, 0
2018-06-18, 36.3900, 36.3900, 36.3900, 36.3900, 0
2018-06-19, 36.3900, 36.3900, 36.3900, 36.3900, 2
2018-06-20, 36.3900, 36.3900, 36.3900, 36.3900, 0
2018-06-21, 36.3900, 36.3900, 36.3900, 36.3900, 0
2018-06-22, 36.3900, 36.3900, 36.3900, 36.3900, 0
2018-06-25, 36.3900, 36.3900, 36.3900, 36.3900, 2
2018-06-26, 36.3900, 36.3900, 36.3900, 36.3900, 0
2018-06-27, 36.3900, 36.3900, 36.3900, 36.3900, 0
2018-06-28, 36.3900, 36.3900, 36.3900, 36.3900, 0
2018-06-29, 36.3900, 36.3900, 36.3900, 36.3900, 0
2018-07-02, 36.3900, 36.3900, 36.3900, 36.3900, 0
2018-07-03, 36.3900, 36.3900, 36.3900, 36.3900, 0
2018-07-05, 36.3900, 36.3900, 36.3900, 36.3900, 21
2018-07-06, 36.3900, 36.3900, 36.3900, 36.3900, 0
2018-07-09, 36.3900, 36.3900, 36.3900, 36.3900, 0
2018-07-10, 36.3900, 36.3900, 36.3900, 36.3900, 0
2018-07-11, 36.3900, 36.3900, 36.3900, 36.3900, 0
2018-07-12, 36.3900, 36.3900, 36.3900, 36.3900, 0
2018-07-13, 36.3900, 36.3900, 36.3900, 36.3900, 0
2018-07-16, 36.3900, 36.3900, 36.3900, 36.3900, 0
2018-07-17, 36.3900, 36.3900, 36.3900, 36.3900, 0
2018-07-18, 36.3900, 36.3900, 36.3900, 36.3900, 1
2018-07-19, 36.3900, 36.3900, 36.3900, 36.3900, 0
2018-07-20, 36.3900, 36.3900, 36.3900, 36.3900, 0
2018-07-23, 36.3900, 36.3900, 36.3900, 36.3900, 17
2018-07-24, 36.3900, 36.3900, 36.3900, 36.3900, 0
2018-07-25, 36.3900, 36.3900, 36.3900, 36.3900, 0
2018-07-26, 36.3900, 36.3900, 36.3900, 36.3900, 0
2018-07-27, 36.3900, 36.3900, 36.3900, 36.3900, 0
2018-07-30, 36.3900, 36.3900, 36.3900, 36.3900, 0
2018-07-31, 36.3900, 36.3900, 36.3900, 36.3900, 0
2018-08-01, 36.3900, 36.3900, 36.3900, 36.3900, 0
2018-08-02, 36.3900, 36.3900, 36.3900, 36.3900, 0
2018-08-03, 36.3900, 36.3900, 36.3900, 36.3900, 0
2018-08-06, 36.3900, 36.3900, 36.3900, 36.3900, 0
2018-08-07, 36.3900, 36.3900, 36.3900, 36.3900, 0
2018-08-08, 36.3900, 36.3900, 36.3900, 36.3900, 0
2018-08-09, 36.3900, 36.3900, 36.3900, 36.3900, 0
2018-08-10, 36.3900, 36.3900, 36.3900, 36.3900, 0
2018-08-13, 36.3900, 36.3900, 36.3900, 36.3900, 0
2018-08-14, 36.3900, 36.3900, 36.3900, 36.3900, 0
2018-08-15, 36.3900, 36.3900, 36.3900, 36.3900, 0
2018-08-16, 36.3900, 36.3900, 36.3900, 36.3900, 0
2018-08-17, 36.3900, 36.3900, 36.3900, 36.3900, 0
2018-08-20, 36.3900, 36.3900, 36.3900, 36.3900, 0
2018-08-21, 36.3900, 36.3900, 36.3900, 36.3900, 0
2018-08-22, 36.3900, 36.3900, 36.3900, 36.3900, 0
2018-08-23, 36.3900, 36.3900, 36.3900, 36.3900, 0
2018-08-24, 36.3900, 36.3900, 36.3900, 36.3900, 0
2018-08-27, 36.3900, 36.3900, 36.3900, 36.3900, 0
2018-08-28, 36.3900, 36.3900, 36.3900, 36.3900, 0
2018-08-29, 36.3900, 36.3900, 36.3900, 36.3900, 0
2018-08-30, 36.3900, 36.3900, 36.3900, 36.3900, 0
2018-08-31, 36.3900, 36.3900, 36.3900, 36.3900, 0
2018-09-04, 36.3900, 36.3900, 36.3900, 36.3900, 0
2018-09-05, 36.3900, 36.3900, 36.3900, 36.3900, 0
2018-09-06, 36.3900, 36.3900, 36.3900, 36.3900, 0
2018-09-07, 36.3900, 36.3900, 36.3900, 36.3900, 0
2018-09-10, 36.3900, 36.3900, 36.3900, 36.3900, 0
2018-09-11, 36.3900, 36.3900, 36.3900, 36.3900, 0
2018-09-12, 36.3900, 36.3900, 36.3900, 36.3900, 0
2018-09-13, 36.3900, 36.3900, 36.3900, 36.3900, 0
2018-09-14, 36.3900, 36.3900, 36.3900, 36.3900, 0
2018-09-17, 36.3900, 36.3900, 36.3900, 36.3900, 0
2018-09-18, 36.3900, 36.3900, 36.3900, 36.3900, 0
2018-09-19, 36.3900, 36.3900, 36.3900, 36.3900, 0
2018-09-20, 36.3900, 36.3900, 36.3900, 36.3900, 0
2018-09-21, 36.3900, 36.3900, 36.3900, 36.3900, 0
2018-09-24, 36.3900, 36.3900, 36.3900, 36.3900, 0
2018-09-25, 36.3900, 36.3900, 36.3900, 36.3900, 0
2018-09-26, 36.3900, 36.3900, 36.3900, 36.3900, 0
2018-09-27, 36.3900, 36.3900, 36.3900, 36.3900, 0
2018-09-28, 36.3900, 36.3900, 36.3900, 36.3900, 0
2018-10-01, 36.3900, 36.3900, 36.3900, 36.3900, 0
2018-10-02, 36.3900, 36.3900, 36.3900, 36.3900, 0
2018-10-03, 36.3900, 36.3900, 36.3900, 36.3900, 0
2018-10-04, 36.3900, 36.3900, 36.3900, 36.3900, 0
2018-10-05, 36.3900, 36.3900, 36.3900, 36.3900, 0
2018-10-08, 36.3900, 36.3900, 36.3900, 36.3900, 0
2018-10-09, 36.3900, 36.3900, 36.3900, 36.3900, 0
2018-10-10, 36.3900, 36.3900, 36.3900, 36.3900, 0
2018-10-11, 35.9900, 35.9900, 35.9900, 35.9900, 300
2018-10-12, 35.5900, 35.5900, 35.5900, 35.5900, 300
2018-10-15, 35.5900, 35.5900, 35.5900, 35.5900, 0
2018-10-16, 35.5900, 35.5900, 35.5900, 35.5900, 0
2018-10-17, 35.4000, 36.9100, 35.4000, 36.1900, 1100
2018-10-18, 36.1900, 36.1900, 36.1900, 36.1900, 0
2018-10-19, 36.1900, 36.1900, 36.1900, 36.1900, 0
2018-10-22, 36.1900, 36.1900, 36.1900, 36.1900, 0
2018-10-23, 34.7500, 35.1100, 34.7500, 35.1100, 800
2018-10-24, 35.1100, 35.1100, 35.1100, 35.1100, 0
2018-10-25, 34.0100, 34.1780, 34.0100, 34.1780, 200
2018-10-26, 34.1780, 34.1780, 34.1780, 34.1780, 0
2018-10-29, 34.1780, 34.1780, 34.1780, 34.1780, 0
2018-10-30, 34.1780, 34.1780, 34.1780, 34.1780, 0
2018-10-31, 34.1780, 34.1780, 34.1780, 34.1780, 0
2018-11-01, 34.1780, 34.1780, 34.1780, 34.1780, 0
2018-11-02, 34.1780, 34.1780, 34.1780, 34.1780, 0
2018-11-05, 34.1780, 34.1780, 34.1780, 34.1780, 0
2018-11-06, 34.1780, 34.1780, 34.1780, 34.1780, 0
2018-11-07, 34.1780, 34.1780, 34.1780, 34.1780, 0
2018-11-08, 34.1780, 34.1780, 34.1780, 34.1780, 0
2018-11-09, 34.1780, 34.1780, 34.1780, 34.1780, 0
