2012-01-26, 26.5100, 26.6000, 26.5100, 26.5100, 400
2012-01-27, 26.5100, 26.5100, 26.5100, 26.5100, 0
2012-01-30, 25.4000, 25.4300, 25.4000, 25.4300, 200
2012-01-31, 25.4300, 25.4300, 25.4300, 25.4300, 0
2012-02-01, 26.5100, 26.5100, 26.5100, 26.5100, 100
2012-02-02, 26.5100, 26.5100, 26.5100, 26.5100, 0
2012-02-03, 26.7000, 26.8100, 26.7000, 26.8100, 770
2012-02-06, 26.8100, 26.8100, 26.8100, 26.8100, 0
2012-02-07, 26.8100, 26.8100, 26.8100, 26.8100, 200
2012-02-08, 26.8100, 26.8100, 26.8100, 26.8100, 0
2012-02-09, 27.2500, 27.2500, 27.2500, 27.2500, 200
2012-02-10, 26.7900, 26.7900, 26.7200, 26.7200, 628
2012-02-13, 26.9500, 26.9500, 26.9500, 26.9500, 300
2012-02-14, 26.9500, 26.9500, 26.9500, 26.9500, 0
2012-02-15, 26.9500, 26.9600, 26.9000, 26.9000, 5100
2012-02-16, 26.7500, 27.2000, 26.7500, 27.2000, 10300
2012-02-17, 27.6800, 27.6800, 27.6800, 27.6800, 5000
2012-02-21, 28.2600, 28.2600, 28.2600, 28.2600, 1200
2012-02-22, 28.2600, 28.2600, 28.2600, 28.2600, 0
2012-02-23, 27.7300, 27.9200, 27.7300, 27.9200, 7474
2012-02-24, 28.5800, 28.5800, 28.5800, 28.5800, 500
2012-02-27, 27.8700, 28.0500, 27.8700, 28.0500, 17200
2012-02-28, 27.9100, 28.0400, 27.7500, 28.0100, 30456
2012-02-29, 28.0300, 28.0300, 27.7100, 27.7900, 20470
2012-03-01, 27.8700, 27.8700, 27.6800, 27.8200, 35000
2012-03-02, 27.6200, 27.6200, 27.5500, 27.5700, 5985
2012-03-05, 27.4500, 27.4500, 27.4500, 27.4500, 194
2012-03-06, 26.3700, 26.3700, 26.0800, 26.0800, 13800
2012-03-07, 26.5300, 26.6300, 26.5300, 26.5900, 5400
2012-03-08, 27.2000, 27.6600, 27.2000, 27.6600, 4500
2012-03-09, 27.8000, 27.8000, 27.1900, 27.2800, 4182
2012-03-12, 27.2800, 27.3200, 27.2800, 27.3100, 2600
2012-03-13, 27.2800, 27.7200, 27.2800, 27.7200, 11700
2012-03-14, 27.5100, 27.5100, 27.5100, 27.5100, 1000
2012-03-15, 27.5100, 27.5100, 27.5100, 27.5100, 0
2012-03-16, 28.1600, 28.3500, 28.0000, 28.1800, 8587
2012-03-19, 28.1700, 28.3900, 28.1700, 28.3900, 2000
2012-03-20, 27.9100, 27.9600, 27.9100, 27.9300, 1700
2012-03-21, 27.6500, 27.6500, 27.4900, 27.5100, 2100
2012-03-22, 26.3100, 27.1400, 26.3100, 27.1400, 1410
2012-03-23, 27.0100, 27.4500, 26.9700, 27.4500, 8062
2012-03-26, 27.9400, 28.0200, 27.9400, 28.0100, 2300
2012-03-27, 27.8700, 27.8700, 27.7400, 27.7400, 4300
2012-03-28, 27.6200, 27.6200, 27.5500, 27.5500, 1200
2012-03-29, 27.3100, 27.3300, 27.0700, 27.1200, 18500
2012-03-30, 28.0600, 28.0600, 27.8600, 27.8600, 1600
2012-04-02, 27.5400, 28.0400, 27.5400, 28.0400, 1015
2012-04-03, 28.0400, 28.0400, 27.7100, 27.7600, 4776
2012-04-04, 26.5000, 26.6300, 26.4800, 26.6000, 8400
2012-04-05, 26.3700, 26.3800, 26.3500, 26.3800, 2100
2012-04-09, 26.0900, 26.0900, 26.0900, 26.0900, 1100
2012-04-10, 25.8200, 25.8200, 25.5900, 25.5900, 4594
2012-04-11, 25.4400, 25.4700, 25.3500, 25.3700, 8300
2012-04-12, 25.6700, 25.7800, 25.6700, 25.7300, 3700
2012-04-13, 25.1800, 25.2700, 25.1800, 25.2700, 3350
2012-04-16, 25.1800, 25.3600, 25.0500, 25.3600, 23474
2012-04-17, 25.7500, 26.0500, 25.6500, 26.0100, 21510
2012-04-18, 25.7800, 25.7900, 25.6700, 25.6700, 3400
2012-04-19, 25.5100, 25.5800, 25.5100, 25.5800, 2100
2012-04-20, 25.7200, 25.7200, 25.7200, 25.7200, 800
2012-04-23, 24.9800, 24.9800, 24.7800, 24.9500, 16509
2012-04-24, 25.4200, 25.4200, 25.4200, 25.4200, 500
2012-04-25, 25.4200, 25.4200, 25.4200, 25.4200, 0
2012-04-26, 25.9100, 25.9100, 25.9100, 25.9100, 500
2012-04-27, 25.9100, 25.9100, 25.9100, 25.9100, 0
2012-04-30, 26.1900, 26.1900, 26.1500, 26.1500, 2000
2012-05-01, 26.2600, 26.3600, 26.2600, 26.3600, 3000
2012-05-02, 25.7800, 25.8900, 25.7800, 25.8900, 1730
2012-05-03, 25.5600, 25.5600, 25.5600, 25.5600, 1263
2012-05-04, 25.1400, 25.1400, 24.9500, 24.9500, 5100
2012-05-07, 24.8600, 24.8600, 24.8600, 24.8600, 36
2012-05-08, 24.8300, 24.8800, 24.8100, 24.8800, 4500
2012-05-09, 24.3600, 24.5400, 24.3600, 24.4500, 3490
2012-05-10, 24.7700, 24.8000, 24.6800, 24.6800, 2100
2012-05-11, 24.7200, 24.9100, 24.6800, 24.6800, 3500
2012-05-14, 23.7600, 23.7600, 23.7000, 23.7000, 1479
2012-05-15, 23.3400, 23.4000, 23.0900, 23.0900, 4000
2012-05-16, 23.2600, 23.2600, 22.8600, 22.8600, 4200
2012-05-17, 22.5700, 22.5900, 22.4500, 22.4500, 3700
2012-05-18, 22.2900, 22.4300, 22.2900, 22.2900, 2600
2012-05-21, 22.9900, 23.0200, 22.7400, 23.0200, 3510
2012-05-22, 23.3300, 23.4600, 23.2300, 23.2300, 3383
2012-05-23, 22.3000, 22.3000, 22.2900, 22.2900, 600
2012-05-24, 22.2000, 22.2000, 22.1500, 22.1500, 3300
2012-05-25, 22.1500, 22.1500, 22.1500, 22.1500, 0
2012-05-29, 22.1500, 22.1500, 22.1500, 22.1500, 0
2012-05-30, 21.7000, 21.7000, 21.7000, 21.7000, 500
2012-05-31, 21.3200, 21.3200, 21.3200, 21.3200, 500
2012-06-01, 20.9100, 20.9100, 20.7800, 20.8200, 524
2012-06-04, 20.7100, 20.7100, 20.5900, 20.7000, 1900
2012-06-05, 20.7200, 20.7200, 20.7200, 20.7200, 900
2012-06-06, 20.7200, 20.7200, 20.7200, 20.7200, 0
2012-06-07, 22.1100, 22.1100, 21.8700, 21.8700, 3392
2012-06-08, 21.7800, 21.7800, 21.7600, 21.7600, 1000
2012-06-11, 22.0000, 22.0000, 21.4600, 21.4600, 1600
2012-06-12, 21.5600, 21.5600, 21.4700, 21.4700, 700
2012-06-13, 21.2100, 21.2100, 21.2100, 21.2100, 700
2012-06-14, 20.9600, 20.9600, 20.8700, 20.8800, 2083
2012-06-15, 21.3500, 21.5800, 21.3500, 21.5800, 3700
2012-06-18, 22.1000, 22.1000, 21.5900, 21.6000, 2015
2012-06-19, 21.6000, 21.6000, 21.6000, 21.6000, 0
2012-06-20, 22.3300, 22.3300, 22.3300, 22.3300, 500
2012-06-21, 21.1700, 21.1700, 20.9800, 20.9800, 1200
2012-06-22, 21.0000, 21.0000, 21.0000, 21.0000, 100
2012-06-25, 19.9700, 19.9700, 19.9700, 19.9700, 500
2012-06-26, 19.8800, 20.0600, 19.8800, 20.0600, 2200
2012-06-27, 19.9400, 20.1800, 19.9300, 20.1800, 2300
2012-06-28, 19.9300, 19.9300, 19.9300, 19.9300, 100
2012-06-29, 21.1000, 21.1100, 21.1000, 21.1100, 5000
2012-07-02, 21.7100, 21.7100, 21.4000, 21.4500, 660
2012-07-03, 21.6900, 21.6900, 21.6900, 21.6900, 1000
2012-07-05, 21.4400, 21.4400, 21.1500, 21.2000, 425
2012-07-06, 20.8100, 20.8100, 20.5563, 20.5563, 340
2012-07-09, 20.5563, 20.5563, 20.5563, 20.5563, 0
2012-07-10, 20.4100, 20.5400, 20.3700, 20.5400, 7685
2012-07-11, 20.5300, 20.5300, 20.5300, 20.5300, 100
2012-07-12, 20.3700, 20.3700, 20.3700, 20.3700, 100
2012-07-13, 20.3700, 20.3700, 20.3700, 20.3700, 0
2012-07-16, 20.6600, 20.7100, 20.5000, 20.6700, 2461
2012-07-17, 20.7700, 20.7900, 20.5100, 20.7600, 3675
2012-07-18, 20.6400, 20.6400, 20.6400, 20.6400, 500
2012-07-19, 20.7600, 20.7600, 20.7300, 20.7300, 3500
2012-07-20, 20.4100, 20.4100, 20.0800, 20.0800, 350
2012-07-23, 18.9900, 19.6100, 18.9900, 19.6100, 540
2012-07-24, 19.5200, 19.5200, 19.3300, 19.3300, 2432
2012-07-25, 19.3300, 19.3300, 19.3300, 19.3300, 0
2012-07-26, 20.6800, 20.6800, 20.6600, 20.6600, 1500
2012-07-27, 21.2000, 21.3800, 21.2000, 21.2400, 3889
2012-07-30, 21.3000, 21.3000, 21.3000, 21.3000, 1200
2012-07-31, 21.1700, 21.1700, 21.1700, 21.1700, 500
2012-08-01, 21.2700, 21.2700, 20.9100, 20.9500, 5357
2012-08-02, 20.9500, 20.9500, 20.9500, 20.9500, 0
2012-08-03, 21.2900, 21.2900, 21.2899, 21.2899, 200
2012-08-06, 21.7500, 21.8700, 21.7500, 21.8700, 4100
2012-08-07, 22.1500, 22.2300, 22.1500, 22.1500, 800
2012-08-08, 22.1500, 22.1500, 22.1500, 22.1500, 0
2012-08-09, 22.1500, 22.1500, 22.1500, 22.1500, 0
2012-08-10, 22.1500, 22.1500, 22.1500, 22.1500, 0
2012-08-13, 22.0000, 22.0000, 21.9300, 21.9300, 4397
2012-08-14, 21.7100, 21.7900, 21.7100, 21.7700, 6907
2012-08-15, 21.7000, 21.7100, 21.6800, 21.6900, 4100
2012-08-16, 21.9500, 21.9500, 21.9500, 21.9500, 500
2012-08-17, 21.9500, 21.9500, 21.9500, 21.9500, 0
2012-08-20, 22.1700, 22.1700, 22.1600, 22.1600, 9000
2012-08-21, 22.7300, 22.7500, 22.7300, 22.7500, 560
2012-08-22, 22.5100, 22.5100, 22.5100, 22.5100, 4500
2012-08-23, 22.5600, 22.5600, 22.4600, 22.4700, 1025
2012-08-24, 22.4700, 22.4700, 22.4700, 22.4700, 0
2012-08-27, 22.6000, 22.6000, 22.6000, 22.6000, 500
2012-08-28, 22.6000, 22.6000, 22.6000, 22.6000, 0
2012-08-29, 22.0700, 22.0700, 22.0600, 22.0600, 5241
2012-08-30, 21.7900, 21.7900, 21.6900, 21.6900, 1000
2012-08-31, 21.9437, 21.9437, 21.9437, 21.9437, 150
2012-09-04, 22.3900, 22.3900, 22.3900, 22.3900, 180
2012-09-05, 22.1300, 22.1300, 22.1300, 22.1300, 1500
2012-09-06, 22.2900, 22.2900, 22.2900, 22.2900, 439
2012-09-07, 23.0600, 23.1600, 23.0600, 23.1600, 500
2012-09-10, 23.2800, 23.2800, 23.1400, 23.1400, 900
2012-09-11, 23.5700, 23.5700, 23.5700, 23.5700, 100
2012-09-12, 23.8100, 23.8100, 23.8100, 23.8100, 400
2012-09-13, 23.8000, 24.4200, 23.8000, 24.4199, 1900
2012-09-14, 25.0200, 25.0900, 24.9500, 25.0525, 655
2012-09-17, 24.9000, 24.9099, 24.9000, 24.9099, 2200
2012-09-18, 24.3200, 24.3200, 24.1400, 24.1800, 1552
2012-09-19, 23.9000, 24.2700, 23.9000, 24.2500, 9000
2012-09-20, 24.2500, 24.2500, 24.2500, 24.2500, 0
2012-09-21, 24.0400, 24.1300, 23.9800, 24.0700, 4500
2012-09-24, 23.6000, 23.6000, 23.5200, 23.5200, 550
2012-09-25, 23.7800, 23.8100, 23.6700, 23.6700, 2300
2012-09-26, 23.1700, 23.1700, 23.1375, 23.1375, 400
2012-09-27, 23.1375, 23.1375, 23.1375, 23.1375, 0
2012-09-28, 23.0900, 23.0900, 23.0900, 23.0900, 500
2012-10-01, 23.0900, 23.0900, 23.0900, 23.0900, 0
2012-10-02, 23.4400, 23.4400, 23.4400, 23.4400, 500
2012-10-03, 23.3800, 23.3800, 23.2300, 23.2600, 1394
2012-10-04, 23.5500, 23.5500, 23.5500, 23.5500, 300
2012-10-05, 23.9900, 24.0500, 23.9900, 24.0100, 1600
2012-10-08, 23.7299, 23.7299, 23.7100, 23.7100, 1000
2012-10-09, 23.7100, 23.7100, 23.7100, 23.7100, 0
2012-10-10, 23.4000, 23.4000, 23.1700, 23.2000, 1550
2012-10-11, 23.2000, 23.2000, 23.2000, 23.2000, 0
2012-10-12, 23.2000, 23.2000, 23.2000, 23.2000, 0
2012-10-15, 23.4800, 23.5600, 23.4800, 23.5300, 735
2012-10-16, 23.9100, 24.1100, 23.9100, 24.1100, 4753
2012-10-17, 24.3000, 24.3000, 24.3000, 24.3000, 2800
2012-10-18, 24.3300, 24.3300, 24.3300, 24.3300, 400
2012-10-19, 23.9000, 23.9000, 23.7900, 23.7900, 600
2012-10-22, 24.0700, 24.0700, 24.0500, 24.0500, 1200
2012-10-23, 24.0500, 24.0500, 24.0500, 24.0500, 0
2012-10-24, 23.2700, 23.2700, 23.2700, 23.2700, 500
2012-10-25, 23.2700, 23.2700, 23.2700, 23.2700, 0
2012-10-26, 23.2700, 23.2700, 23.2700, 23.2700, 0
2012-10-31, 23.7800, 23.7800, 23.6700, 23.6700, 430
2012-11-01, 24.0800, 24.0800, 24.0800, 24.0800, 200
2012-11-02, 23.9800, 23.9800, 23.9800, 23.9800, 1000
2012-11-05, 23.8600, 23.8600, 23.8600, 23.8600, 500
2012-11-06, 23.8600, 23.8600, 23.8600, 23.8600, 0
2012-11-07, 23.5300, 23.5300, 23.4000, 23.4400, 600
2012-11-08, 23.4100, 23.4100, 23.2100, 23.2100, 715
2012-11-09, 23.2200, 23.2200, 23.2200, 23.2200, 157
2012-11-12, 23.2000, 23.3400, 23.2000, 23.3400, 4601
2012-11-13, 23.1200, 23.1200, 23.1000, 23.1000, 2590
2012-11-14, 23.2600, 23.2600, 22.8700, 22.8800, 6100
2012-11-15, 22.8800, 22.8800, 22.8800, 22.8800, 0
2012-11-16, 22.8800, 22.8800, 22.7700, 22.7800, 2257
2012-11-19, 23.4200, 23.5400, 23.4200, 23.5400, 3871
2012-11-20, 23.6000, 23.6000, 23.5800, 23.5800, 3700
2012-11-21, 23.7800, 23.9900, 23.7800, 23.9700, 4193
2012-11-23, 24.7600, 24.7600, 24.7600, 24.7600, 200
2012-11-26, 24.5900, 24.5900, 24.5800, 24.5800, 5500
2012-11-27, 24.4600, 24.4600, 24.2000, 24.2000, 4300
2012-11-28, 23.9400, 23.9401, 23.9400, 23.9401, 1000
2012-11-29, 23.9401, 23.9401, 23.9401, 23.9401, 0
2012-11-30, 24.7600, 24.7600, 24.7600, 24.7600, 100
2012-12-03, 24.7600, 24.7600, 24.7600, 24.7600, 0
2012-12-04, 25.0000, 25.3300, 25.0000, 25.2900, 20900
2012-12-05, 25.6300, 25.7700, 25.6300, 25.7700, 1500
2012-12-06, 25.6000, 25.6200, 25.5200, 25.5600, 10057
2012-12-07, 25.5100, 25.5800, 25.4200, 25.5800, 2800
2012-12-10, 25.3000, 25.3000, 25.3000, 25.3000, 600
2012-12-11, 25.6600, 25.7100, 25.6600, 25.7100, 14200
2012-12-12, 25.6700, 25.7100, 25.6400, 25.6600, 1100
2012-12-13, 25.6000, 25.6200, 25.5500, 25.6200, 5575
2012-12-14, 25.7200, 25.7200, 25.7200, 25.7200, 100
2012-12-17, 26.1568, 26.1600, 25.9000, 25.9000, 7795
2012-12-18, 26.3800, 26.4000, 26.3800, 26.3800, 5400
2012-12-19, 26.6300, 26.6300, 26.2800, 26.2800, 9650
2012-12-20, 26.3500, 26.4900, 26.3500, 26.4900, 8445
2012-12-21, 26.1200, 26.1500, 26.1100, 26.1500, 1987
2012-12-24, 26.1600, 26.1600, 25.9500, 25.9500, 2900
2012-12-26, 26.0500, 26.0500, 26.0500, 26.0500, 800
2012-12-27, 26.4000, 26.4000, 26.0899, 26.0899, 600
2012-12-28, 26.0000, 26.0000, 25.9000, 25.9000, 655
2012-12-31, 25.8800, 26.1800, 25.7600, 26.1799, 9505
2013-01-02, 27.1800, 27.1800, 26.7100, 26.7100, 1500
2013-01-03, 26.7500, 26.8700, 26.7500, 26.8699, 3270
2013-01-04, 26.9000, 27.0560, 26.9000, 27.0560, 3746
2013-01-07, 26.9100, 26.9200, 26.9100, 26.9200, 200
2013-01-08, 26.9000, 26.9000, 26.6100, 26.6700, 6500
2013-01-09, 26.5000, 26.5000, 26.3400, 26.3500, 11175
2013-01-10, 26.8700, 27.2001, 26.8700, 27.1900, 2200
2013-01-11, 27.4637, 27.4637, 27.4637, 27.4637, 200
2013-01-14, 27.3700, 27.5200, 27.3500, 27.3500, 3249
2013-01-15, 27.1500, 27.1500, 27.1500, 27.1500, 132
2013-01-16, 27.1500, 27.1500, 27.1500, 27.1500, 0
2013-01-17, 28.0000, 28.0000, 27.7700, 27.7900, 1999
2013-01-18, 27.6200, 27.6200, 27.5999, 27.5999, 365
2013-01-22, 27.7800, 27.7800, 27.7700, 27.7700, 625
2013-01-23, 28.0200, 28.0200, 27.8300, 27.9900, 5699
2013-01-24, 27.7900, 27.8100, 27.4800, 27.5800, 11363
2013-01-25, 27.7700, 27.8400, 27.7700, 27.8400, 240
2013-01-28, 27.8600, 28.0000, 27.8500, 27.9899, 2263
2013-01-29, 28.2100, 28.2100, 27.8700, 27.9200, 12006
2013-01-30, 28.2300, 28.3400, 28.1200, 28.1500, 13709
2013-01-31, 27.6700, 27.7000, 27.4900, 27.4900, 5362
2013-02-01, 27.4900, 27.4900, 27.4900, 27.4900, 0
2013-02-04, 27.8500, 28.0100, 27.5100, 27.6100, 23658
2013-02-05, 27.8000, 28.0500, 27.7400, 27.9700, 19309
2013-02-06, 27.5900, 28.0900, 27.5900, 28.0900, 17806
2013-02-07, 27.7200, 27.7600, 27.4950, 27.6500, 2841
2013-02-08, 27.9800, 27.9900, 27.9200, 27.9600, 6000
2013-02-11, 28.0000, 28.1400, 27.9100, 28.0900, 44667
2013-02-12, 28.3200, 28.5300, 28.2700, 28.2700, 29075
2013-02-13, 28.7900, 28.7900, 28.2800, 28.3800, 2436
2013-02-14, 28.2700, 28.4000, 28.1700, 28.4000, 3347
2013-02-15, 28.3800, 29.3700, 28.1600, 29.3700, 2510
2013-02-19, 28.7200, 28.7200, 28.4700, 28.4700, 2450
2013-02-20, 28.3700, 28.3700, 28.1000, 28.1000, 1500
2013-02-21, 27.5000, 27.5000, 27.5000, 27.5000, 100
2013-02-22, 27.9000, 27.9400, 27.9000, 27.9400, 7257
2013-02-25, 28.1800, 28.1800, 26.5900, 26.7100, 28796
2013-02-26, 26.9100, 27.0500, 26.9100, 27.0200, 1697
2013-02-27, 27.0200, 27.0200, 27.0200, 27.0200, 0
2013-02-28, 27.4400, 27.5100, 27.1900, 27.3200, 26944
2013-03-01, 27.0900, 27.2900, 27.0000, 27.2900, 10382
2013-03-04, 27.1300, 27.1400, 27.1300, 27.1400, 8593
2013-03-05, 27.4000, 27.4000, 27.4000, 27.4000, 1350
2013-03-06, 27.6100, 27.6200, 27.4100, 27.5900, 4382
2013-03-07, 27.7400, 27.8300, 27.7000, 27.8000, 3403
2013-03-08, 27.7900, 27.7900, 27.6499, 27.6670, 1052
2013-03-11, 27.6670, 27.6670, 27.6670, 27.6670, 0
2013-03-12, 27.3400, 27.9350, 27.3400, 27.4800, 5573
2013-03-13, 27.2400, 27.5100, 27.2100, 27.5100, 1100
2013-03-14, 27.5900, 27.5900, 27.4800, 27.4800, 6168
2013-03-15, 27.6500, 27.6500, 27.6500, 27.6500, 1100
2013-03-18, 26.8100, 27.2200, 26.8100, 27.2100, 1274
2013-03-19, 27.0800, 27.0900, 26.9900, 27.0200, 2000
2013-03-20, 27.4100, 27.4900, 27.2800, 27.3300, 3800
2013-03-21, 27.0200, 27.2500, 27.0200, 27.2500, 1038
2013-03-22, 27.0800, 27.2300, 26.9900, 27.1400, 7220
2013-03-25, 27.4200, 27.4200, 26.7000, 26.7000, 9456
2013-03-26, 26.6900, 26.8300, 26.6800, 26.8300, 1323
2013-03-27, 26.5200, 26.5200, 26.0400, 26.2600, 10897
2013-03-28, 26.5900, 26.7500, 26.5000, 26.7200, 6400
2013-04-01, 26.5900, 26.5900, 26.4700, 26.4700, 1093
2013-04-02, 26.8100, 26.8600, 26.7799, 26.8300, 3300
2013-04-03, 27.1400, 27.1400, 27.0700, 27.0700, 3218
2013-04-04, 26.9100, 27.0600, 26.6300, 27.0600, 4921
2013-04-05, 26.7000, 26.7000, 26.6900, 26.7000, 1144
2013-04-08, 26.5800, 26.7700, 26.5800, 26.7700, 2570
2013-04-09, 26.7600, 27.0800, 26.7000, 26.8200, 9795
2013-04-10, 27.2400, 27.4300, 27.2400, 27.4300, 8978
2013-04-11, 27.6900, 27.6900, 27.5500, 27.5500, 1200
2013-04-12, 27.4200, 27.4200, 27.4200, 27.4200, 0
2013-04-15, 27.2500, 27.2500, 26.5300, 26.5300, 3084
2013-04-16, 26.5100, 26.5100, 26.5100, 26.5100, 13051
2013-04-17, 26.0700, 26.2800, 26.0700, 26.2800, 5600
2013-04-18, 26.0000, 26.0000, 25.8600, 25.8700, 4600
2013-04-19, 25.9600, 25.9600, 25.9400, 25.9400, 2054
2013-04-22, 26.1500, 26.2400, 26.1500, 26.2400, 700
2013-04-23, 26.5000, 26.8700, 26.5000, 26.8500, 66997
2013-04-24, 27.1100, 27.1100, 27.1100, 27.1100, 241
2013-04-25, 27.6200, 27.6200, 27.5500, 27.5500, 6467
2013-04-26, 27.5100, 27.5300, 27.5100, 27.5300, 2000
2013-04-29, 27.9200, 27.9600, 27.9200, 27.9600, 2500
2013-04-30, 27.8400, 27.8400, 27.6900, 27.6901, 6428
2013-05-01, 27.7400, 27.7400, 27.7200, 27.7400, 1424
2013-05-02, 27.7400, 27.7400, 27.7400, 27.7400, 0
2013-05-03, 27.9000, 27.9300, 27.9000, 27.9000, 740
2013-05-06, 28.0400, 28.0400, 27.8400, 28.0200, 1648
2013-05-07, 28.2200, 28.2200, 28.1500, 28.1500, 4295
2013-05-08, 28.6101, 28.7800, 28.6100, 28.7800, 548
2013-05-09, 28.8400, 28.8400, 28.3000, 28.4200, 2430
2013-05-10, 28.8100, 28.9800, 28.7400, 28.9700, 8300
2013-05-13, 28.8300, 28.9700, 28.8300, 28.9700, 5900
2013-05-14, 28.7900, 28.7900, 28.6600, 28.7700, 3130
2013-05-15, 28.6800, 28.8200, 28.6800, 28.8200, 400
2013-05-16, 28.6900, 28.6900, 28.6900, 28.6900, 0
2013-05-17, 28.6600, 28.6600, 28.6600, 28.6600, 0
2013-05-20, 28.6200, 28.9000, 28.6100, 28.9000, 12588
2013-05-21, 28.7500, 28.9900, 28.7500, 28.9800, 3000
2013-05-22, 28.9800, 29.1400, 28.3900, 28.4500, 12100
2013-05-23, 28.1900, 28.2600, 28.1900, 28.2600, 820
2013-05-24, 27.9300, 27.9300, 27.9300, 27.9300, 100
2013-05-28, 28.3200, 28.3200, 28.2500, 28.2600, 1858
2013-05-29, 28.2600, 28.2600, 28.2600, 28.2600, 0
2013-05-30, 28.3100, 28.3100, 28.3100, 28.3100, 145
2013-05-31, 27.7800, 27.7900, 27.7300, 27.7300, 8200
2013-06-03, 27.9800, 27.9800, 27.9800, 27.9800, 0
2013-06-04, 27.9000, 27.9000, 27.7200, 27.7200, 600
2013-06-05, 27.2500, 27.2500, 27.0700, 27.0870, 4413
2013-06-06, 27.2500, 27.4100, 27.2000, 27.4100, 4055
2013-06-07, 27.6000, 27.6000, 27.5300, 27.5300, 484
2013-06-10, 27.6400, 27.6500, 27.5600, 27.6500, 895
2013-06-11, 27.0700, 27.1800, 27.0700, 27.1800, 3568
2013-06-12, 27.2400, 27.4300, 27.2400, 27.3700, 16609
2013-06-13, 27.6200, 27.6200, 27.4600, 27.5500, 4287
2013-06-14, 27.8700, 27.8700, 27.8700, 27.8700, 700
2013-06-17, 27.9500, 28.0100, 27.9500, 27.9900, 2969
2013-06-18, 28.0800, 28.4100, 28.0800, 28.2700, 27115
2013-06-19, 27.8200, 27.8500, 27.6200, 27.6200, 3400
2013-06-20, 27.2200, 27.2200, 27.0300, 27.1700, 7627
2013-06-21, 27.0000, 27.0100, 26.4300, 27.0100, 13400
2013-06-24, 26.0200, 26.3000, 26.0000, 26.2000, 7504
2013-06-25, 26.1300, 26.3400, 26.1300, 26.3400, 1900
2013-06-26, 26.4100, 26.6400, 26.4100, 26.6400, 1476
2013-06-27, 25.7300, 25.9100, 25.7300, 25.9100, 1355
2013-06-28, 25.4400, 25.4900, 25.4400, 25.4900, 3700
2013-07-01, 25.7900, 25.8400, 25.6700, 25.6700, 19199
2013-07-02, 25.6800, 25.6800, 25.6600, 25.6600, 1100
2013-07-03, 25.5700, 25.8000, 25.5600, 25.8000, 11900
2013-07-05, 25.8300, 25.9900, 25.8300, 25.9900, 1600
2013-07-08, 26.9800, 26.9800, 26.2700, 26.2700, 876
2013-07-09, 26.7900, 26.7900, 26.7900, 26.7900, 699
2013-07-10, 27.2700, 27.2700, 26.6000, 26.8700, 7400
2013-07-11, 27.8000, 27.8900, 27.3900, 27.8900, 16936
2013-07-12, 27.4050, 27.4200, 27.4050, 27.4199, 400
2013-07-15, 27.3683, 27.3683, 27.1000, 27.1100, 1076
2013-07-16, 27.3600, 27.3600, 26.9400, 26.9500, 127733
2013-07-17, 27.3600, 27.3600, 27.3600, 27.3600, 0
2013-07-18, 27.3900, 27.4600, 27.3900, 27.4300, 2405
2013-07-19, 27.1200, 27.4100, 27.1200, 27.4100, 29237
2013-07-22, 26.8000, 26.8000, 26.8000, 26.8000, 0
2013-07-23, 27.2890, 27.2900, 27.2700, 27.2900, 537
2013-07-24, 27.3400, 27.3400, 27.2900, 27.2900, 800
2013-07-25, 27.4400, 27.5100, 27.4400, 27.5100, 3655
2013-07-26, 27.3000, 27.4100, 27.1700, 27.1700, 8965
2013-07-29, 27.3300, 27.3300, 27.3300, 27.3300, 0
2013-07-30, 27.2200, 27.2200, 27.1300, 27.1800, 42800
2013-07-31, 27.5000, 27.5000, 27.1500, 27.1900, 1900
2013-08-01, 27.5500, 27.6800, 27.5500, 27.6800, 3000
2013-08-02, 27.2800, 27.8100, 27.2800, 27.7200, 44724
2013-08-05, 27.6500, 27.7100, 27.6500, 27.6700, 9400
2013-08-06, 27.8800, 27.8800, 27.8000, 27.8000, 2329
2013-08-07, 27.6900, 27.7300, 27.6500, 27.7300, 3614
2013-08-08, 28.0900, 28.2900, 28.0900, 28.2500, 14448
2013-08-09, 28.3500, 28.6100, 28.3500, 28.6100, 300
2013-08-12, 28.4800, 28.5600, 28.4800, 28.5500, 1612
2013-08-13, 28.3700, 28.4000, 28.3700, 28.4000, 1800
2013-08-14, 28.4000, 28.5800, 28.4000, 28.5600, 133781
2013-08-15, 28.1900, 28.4700, 28.1900, 28.4700, 10900
2013-08-16, 28.6300, 28.7100, 28.6300, 28.7100, 303
2013-08-19, 28.9400, 28.9400, 28.7200, 28.7400, 11400
2013-08-20, 28.6700, 28.7000, 28.6700, 28.6800, 2076
2013-08-21, 28.4900, 28.4900, 28.3000, 28.3200, 8700
2013-08-22, 28.8000, 28.8000, 28.8000, 28.8000, 100
2013-08-23, 28.9499, 28.9499, 28.9478, 28.9478, 300
2013-08-26, 29.1000, 29.1000, 28.8000, 28.8400, 4525
2013-08-27, 28.8400, 28.8400, 28.8400, 28.8400, 300
2013-08-28, 28.1300, 28.1300, 28.0000, 28.0200, 1300
2013-08-29, 28.0800, 28.0800, 27.9800, 27.9800, 890
2013-08-30, 27.7999, 27.7999, 27.7999, 27.7999, 100
2013-09-03, 28.4900, 29.2000, 28.4900, 29.0000, 20000
2013-09-04, 29.3400, 29.3400, 29.3400, 29.3400, 1000
2013-09-05, 29.4600, 29.6300, 29.4600, 29.5001, 3494
2013-09-06, 29.7400, 29.7600, 29.7400, 29.7600, 600
2013-09-09, 30.0500, 30.3199, 29.9800, 30.2900, 4500
2013-09-10, 30.6900, 30.7600, 30.6900, 30.7500, 1165
2013-09-11, 31.1200, 31.3400, 31.1200, 31.3400, 4315
2013-09-12, 31.3400, 31.3600, 31.2800, 31.2900, 9300
2013-09-13, 31.6000, 31.6700, 31.3000, 31.3300, 4100
2013-09-16, 31.9100, 31.9100, 31.3600, 31.3600, 7475
2013-09-17, 32.2000, 32.2000, 31.3900, 31.4900, 6375
2013-09-18, 31.5000, 32.5900, 31.5000, 32.5600, 3300
2013-09-19, 32.2700, 32.3100, 31.9300, 32.3100, 69056
2013-09-20, 32.2900, 32.3000, 32.1600, 32.3000, 44555
2013-09-23, 32.1400, 32.1400, 31.8900, 32.1300, 11256
2013-09-24, 31.8800, 31.8800, 31.8800, 31.8800, 100
2013-09-25, 31.7000, 31.8000, 31.6300, 31.6300, 1555
2013-09-26, 31.6000, 31.8300, 31.6000, 31.8300, 900
2013-09-27, 31.9400, 32.0800, 31.9400, 32.0000, 6130
2013-09-30, 32.0000, 32.0000, 31.5300, 31.5800, 10276
2013-10-01, 31.8400, 32.0100, 31.8100, 31.9700, 19780
2013-10-02, 32.2400, 32.2400, 31.9900, 32.0800, 3200
2013-10-03, 31.9000, 31.9000, 31.8000, 31.8000, 490
2013-10-04, 31.7200, 31.8400, 31.7200, 31.7600, 6300
2013-10-07, 31.1750, 31.5300, 31.1700, 31.4700, 5040
2013-10-08, 31.5100, 31.5100, 31.2700, 31.3500, 4474
2013-10-09, 31.1600, 31.2800, 30.9900, 31.2800, 605
2013-10-10, 31.8400, 31.8400, 31.8400, 31.8400, 1400
2013-10-11, 31.7599, 31.7599, 31.4700, 31.6600, 550
2013-10-14, 31.4500, 31.4500, 31.4200, 31.4200, 200
2013-10-15, 31.7900, 31.7900, 31.7900, 31.7900, 190
2013-10-16, 32.2400, 32.2400, 31.9300, 32.2400, 16653
2013-10-17, 32.4900, 32.5500, 32.0600, 32.5500, 36960
2013-10-18, 32.4900, 32.7000, 32.4900, 32.7000, 9600
2013-10-21, 32.8700, 32.8800, 32.7000, 32.8800, 11580
2013-10-22, 32.8800, 33.0300, 32.8800, 33.0300, 26650
2013-10-23, 33.0800, 33.0800, 32.7900, 32.8400, 1805
2013-10-24, 32.7300, 32.8600, 32.7300, 32.8600, 13254
2013-10-25, 32.7300, 32.7500, 32.6800, 32.7500, 3605
2013-10-28, 32.8000, 32.8200, 32.5200, 32.5600, 15873
2013-10-29, 32.9600, 33.0900, 32.9500, 33.0700, 28675
2013-10-30, 33.5000, 33.5000, 33.2500, 33.2500, 16000
2013-10-31, 33.0800, 33.1800, 33.0100, 33.0800, 15800
2013-11-01, 32.7400, 32.9800, 32.7400, 32.9400, 8000
2013-11-04, 33.4212, 33.4700, 33.4212, 33.4700, 2041
2013-11-05, 33.3900, 33.4700, 33.2000, 33.3700, 17116
2013-11-06, 33.8900, 33.9500, 33.7901, 33.9500, 4537
2013-11-07, 33.7500, 33.7800, 33.3600, 33.3600, 4250
2013-11-08, 33.4700, 33.4700, 33.4700, 33.4700, 700
2013-11-11, 33.7900, 33.7900, 33.5000, 33.7600, 4065
2013-11-12, 33.5300, 33.5300, 33.2000, 33.2600, 15068
2013-11-13, 32.6600, 33.5900, 32.6600, 33.5900, 2867
2013-11-14, 33.6200, 33.6200, 33.6200, 33.6200, 238
2013-11-15, 33.7000, 33.7800, 33.5100, 33.7800, 7034
2013-11-18, 34.2700, 34.2700, 33.7200, 33.7200, 4314
2013-11-19, 33.7000, 33.7346, 33.6700, 33.6700, 1600
2013-11-20, 33.7300, 33.7500, 33.3400, 33.3800, 3712
2013-11-21, 34.0000, 34.0300, 33.7900, 33.9300, 1391
2013-11-22, 33.9700, 34.0800, 33.8700, 34.0800, 6899
2013-11-25, 33.9300, 33.9800, 33.8700, 33.9732, 7944
2013-11-26, 33.9800, 34.1400, 33.9400, 34.0000, 4147
2013-11-27, 34.2100, 34.3000, 34.1400, 34.2800, 6213
2013-11-29, 34.3200, 34.3600, 33.9300, 33.9300, 1653
2013-12-02, 33.9500, 33.9500, 33.8000, 33.8200, 31414
2013-12-03, 33.3300, 33.3300, 32.9700, 32.9701, 1100
2013-12-04, 32.6100, 32.9100, 32.5300, 32.9000, 5269
2013-12-05, 33.0101, 33.1600, 32.9520, 32.9520, 1188
2013-12-06, 33.2300, 33.3600, 33.1400, 33.3500, 15005
2013-12-09, 33.2400, 33.6000, 33.2400, 33.5700, 1747
2013-12-10, 33.1901, 33.1901, 33.1901, 33.1901, 602
2013-12-11, 33.3900, 33.3900, 33.3900, 33.3900, 298
2013-12-12, 33.0499, 33.0650, 32.6600, 32.8428, 8290
2013-12-13, 32.5800, 32.5800, 32.5300, 32.5800, 2000
2013-12-16, 32.9488, 32.9488, 32.7800, 32.8580, 3088
2013-12-17, 32.6400, 32.7300, 32.6400, 32.7100, 18380
2013-12-18, 33.0800, 33.4700, 32.8600, 33.4000, 15597
2013-12-19, 33.4646, 33.4726, 33.4646, 33.4726, 600
2013-12-20, 33.6000, 33.7600, 33.6000, 33.7495, 5380
2013-12-23, 33.9700, 33.9700, 33.9700, 33.9700, 239
2013-12-24, 34.1000, 34.2000, 34.1000, 34.2000, 2801
2013-12-26, 34.7600, 34.7600, 34.7600, 34.7600, 320
2013-12-27, 34.4900, 34.6001, 34.4900, 34.6000, 1894
2013-12-30, 34.5200, 34.7700, 34.5200, 34.6400, 3898
2013-12-31, 34.5125, 34.9300, 34.5125, 34.9300, 5313
2014-01-02, 34.2650, 34.2650, 33.8800, 33.9400, 20174
2014-01-03, 33.9400, 34.3400, 33.9400, 34.2400, 8368
2014-01-06, 34.3499, 34.3499, 34.1900, 34.3080, 5782
2014-01-07, 33.9200, 34.2200, 33.9200, 34.2000, 3460
2014-01-08, 34.2000, 34.2300, 34.0000, 34.2300, 3480
2014-01-09, 34.3000, 34.4800, 34.3000, 34.4800, 754
2014-01-10, 34.4400, 34.8368, 34.4400, 34.8368, 15075
2014-01-13, 34.7200, 34.9300, 34.3100, 34.6500, 77978
2014-01-14, 34.5390, 34.8550, 34.5390, 34.8550, 2104
2014-01-15, 34.7500, 34.7500, 34.7500, 34.7500, 1436
2014-01-16, 34.9900, 34.9900, 34.9700, 34.9700, 1193
2014-01-17, 34.7700, 34.7700, 34.4600, 34.4600, 10668
2014-01-21, 34.4000, 34.5400, 33.9400, 34.4200, 19035
2014-01-22, 34.4900, 34.7100, 34.4500, 34.6500, 15109
2014-01-23, 34.6900, 34.6900, 34.0100, 34.0300, 5260
2014-01-24, 33.3800, 33.4580, 33.2400, 33.2500, 3440
2014-01-27, 32.8000, 33.2600, 32.8000, 32.9218, 6121
2014-01-28, 33.3100, 33.5600, 33.2700, 33.5600, 21136
2014-01-29, 33.2600, 33.3300, 33.0400, 33.2004, 9846
2014-01-30, 33.1000, 33.1600, 32.8500, 33.1400, 9421
2014-01-31, 33.1400, 33.1400, 33.1400, 33.1400, 230
2014-02-03, 32.0700, 32.1500, 31.7300, 31.7300, 4967
2014-02-04, 31.7300, 32.3800, 31.7300, 32.3800, 5923
2014-02-05, 32.3300, 32.3300, 32.3200, 32.3200, 613
2014-02-06, 33.1400, 33.6000, 33.1400, 33.4300, 6988
2014-02-07, 33.6500, 34.3000, 33.6500, 34.3000, 16766
2014-02-10, 34.0400, 34.2840, 34.0400, 34.1865, 2595
2014-02-11, 34.1800, 34.7200, 34.1800, 34.7200, 1263
2014-02-12, 34.7200, 34.7200, 34.7200, 34.7200, 127
2014-02-13, 34.4600, 34.4800, 34.4600, 34.4800, 622
2014-02-14, 35.0600, 35.0600, 34.3900, 34.5040, 9460
2014-02-18, 34.6262, 34.9280, 34.6210, 34.9280, 2333
2014-02-19, 34.8200, 35.0300, 34.7200, 34.7200, 21344
2014-02-20, 34.8700, 34.8800, 34.6200, 34.6200, 1011
2014-02-21, 35.1400, 35.2000, 35.0500, 35.0500, 13600
2014-02-24, 35.7900, 35.9600, 35.2000, 35.2000, 3783
2014-02-25, 35.3600, 35.5100, 35.3201, 35.4100, 7046
2014-02-26, 35.2360, 35.2400, 35.0500, 35.0700, 31119
2014-02-27, 35.1100, 35.3100, 35.1100, 35.3100, 4245
2014-02-28, 35.0400, 35.5300, 35.0400, 35.2900, 3481
2014-03-03, 34.6100, 34.6100, 34.3900, 34.4150, 2848
2014-03-04, 35.2200, 35.2200, 35.2200, 35.2200, 360
2014-03-05, 36.2200, 36.2200, 35.4000, 35.4400, 12741
2014-03-06, 35.7700, 35.9830, 35.7300, 35.9600, 25295
2014-03-07, 35.8300, 35.8300, 35.8300, 35.8300, 11953
2014-03-10, 35.2700, 35.2800, 35.0800, 35.2800, 14416
2014-03-11, 35.2800, 35.2800, 35.2800, 35.2800, 8
2014-03-12, 34.5000, 34.6500, 34.4800, 34.6500, 8724
2014-03-13, 34.6500, 34.6500, 34.0800, 34.0800, 1975
2014-03-14, 33.9100, 33.9100, 33.9100, 33.9100, 1118
2014-03-17, 34.7299, 35.2800, 34.7299, 34.9750, 286296
2014-03-18, 34.8100, 35.7000, 34.8100, 35.4300, 83028
2014-03-19, 34.9500, 35.0435, 34.3700, 34.3700, 133822
2014-03-20, 34.1719, 34.2599, 33.9830, 34.1900, 2846
2014-03-21, 33.9400, 34.2400, 33.6900, 33.6900, 7230
2014-03-24, 34.0000, 34.0000, 33.7100, 33.7640, 1425
2014-03-25, 34.4650, 34.4650, 34.4100, 34.4100, 1251
2014-03-26, 34.5950, 34.6620, 34.5950, 34.6620, 716
2014-03-27, 34.4600, 34.4700, 34.4600, 34.4699, 1040
2014-03-28, 34.9400, 34.9400, 34.7339, 34.7900, 5187
2014-03-31, 34.8301, 34.9200, 34.8301, 34.9200, 2581
2014-04-01, 35.8699, 35.8700, 35.8350, 35.8700, 1015
2014-04-02, 35.9000, 35.9000, 35.6670, 35.8800, 597
2014-04-03, 35.8200, 35.8300, 35.6800, 35.6800, 1467
2014-04-04, 36.0080, 36.0100, 35.3200, 35.3200, 10184
2014-04-07, 35.3000, 35.3000, 35.0200, 35.0200, 1754
2014-04-08, 35.5168, 35.6300, 35.2100, 35.5127, 2054
2014-04-09, 35.9750, 36.0100, 35.7400, 35.9900, 2378
2014-04-10, 36.0400, 36.0400, 35.7100, 35.7100, 2972
2014-04-11, 35.2900, 35.3000, 35.2000, 35.2890, 1690
2014-04-14, 34.7000, 34.8500, 34.5600, 34.8400, 1563
2014-04-15, 34.5799, 34.6400, 34.2900, 34.3500, 5013
2014-04-16, 34.5301, 34.9200, 34.5301, 34.6500, 1991
2014-04-17, 35.1499, 35.2700, 35.0000, 35.2700, 1805
2014-04-21, 35.1753, 35.2000, 35.1600, 35.2000, 1269
2014-04-22, 34.9900, 35.6300, 34.9900, 35.6200, 1124
2014-04-23, 35.7180, 35.7180, 35.6100, 35.6599, 1707
2014-04-24, 35.6600, 35.6600, 35.3100, 35.5799, 2283
2014-04-25, 35.5399, 35.5399, 35.4499, 35.4499, 1030
2014-04-28, 34.8100, 35.3200, 34.8100, 35.0900, 8939
2014-04-29, 35.9080, 35.9100, 35.5300, 35.6300, 5858
2014-04-30, 36.4700, 36.4700, 35.7990, 35.8300, 3906
2014-05-01, 36.6700, 36.6700, 35.9600, 36.1000, 1770
2014-05-02, 35.8600, 36.0099, 35.7240, 36.0099, 1815
2014-05-05, 36.4200, 36.4200, 35.7700, 35.9599, 4222
2014-05-06, 35.9800, 35.9800, 35.9599, 35.9599, 973
2014-05-07, 36.1200, 36.1200, 36.1200, 36.1200, 660
2014-05-08, 36.1400, 36.3600, 36.1050, 36.1500, 3575
2014-05-09, 35.8700, 36.0100, 35.7900, 36.0100, 1741
2014-05-12, 36.7000, 36.7700, 36.1500, 36.3800, 2536
2014-05-13, 36.3601, 36.5399, 36.2000, 36.4600, 2642
2014-05-14, 36.2700, 36.2800, 36.1540, 36.2400, 2316
2014-05-15, 35.8400, 35.8700, 35.4476, 35.6600, 17220
2014-05-16, 35.5000, 35.5843, 35.4675, 35.5800, 1193
2014-05-19, 35.6184, 35.6184, 35.6101, 35.6101, 1095
2014-05-20, 35.8499, 35.9300, 35.8499, 35.9300, 1456
2014-05-21, 36.0001, 36.3500, 36.0001, 36.3054, 1914
2014-05-22, 36.5300, 36.5300, 36.2700, 36.3100, 3444
2014-05-23, 37.0300, 37.0300, 36.4194, 36.6500, 1857
2014-05-27, 36.6979, 36.6979, 36.5550, 36.6800, 1648
2014-05-28, 36.4600, 36.5499, 36.3117, 36.5100, 8001
2014-05-29, 36.3035, 36.6200, 36.2910, 36.4400, 14673
2014-05-30, 37.3300, 37.3300, 36.5101, 36.8268, 4563
2014-06-02, 36.9700, 37.0500, 36.9700, 37.0200, 3593
2014-06-03, 36.8500, 36.8500, 36.6500, 36.8500, 16465
2014-06-04, 37.1100, 37.1100, 36.5200, 36.7000, 7595
2014-06-05, 37.2000, 37.3100, 37.1900, 37.2800, 15815
2014-06-06, 38.0500, 38.0600, 37.3700, 37.5600, 9264
2014-06-09, 37.1700, 37.4400, 37.1700, 37.4400, 4452
2014-06-10, 37.3300, 37.4200, 37.1217, 37.3900, 12944
2014-06-11, 37.1499, 37.1499, 36.8301, 36.8822, 5236
2014-06-12, 37.1299, 37.1300, 37.0200, 37.0600, 3640
2014-06-13, 37.0152, 37.0152, 36.7300, 36.9300, 6503
2014-06-16, 36.8900, 37.0100, 36.8700, 36.9950, 16343
2014-06-17, 37.2300, 37.2300, 36.6050, 36.9700, 8556
2014-06-18, 37.1500, 37.5300, 37.1500, 37.5300, 8507
2014-06-19, 37.6300, 37.6300, 37.3900, 37.5300, 7839
2014-06-20, 37.2799, 37.2799, 37.1500, 37.2200, 6045
2014-06-23, 37.4600, 37.5200, 37.3815, 37.3956, 9563
2014-06-25, 35.9000, 35.9000, 35.3000, 35.3600, 10010
2014-06-26, 35.6100, 35.6800, 35.4100, 35.6076, 8782
2014-06-27, 35.6200, 35.7000, 35.4100, 35.7000, 13233
2014-06-30, 35.5800, 35.5900, 35.3692, 35.4500, 8982
2014-07-01, 35.5602, 35.7500, 35.5600, 35.7500, 9811
2014-07-02, 35.7400, 35.7900, 35.6250, 35.7900, 3703
2014-07-03, 35.4500, 36.2000, 35.4500, 36.1400, 150023
2014-07-07, 35.6436, 35.7800, 35.5500, 35.7800, 16585
2014-07-08, 35.2100, 35.3000, 35.0400, 35.3000, 8599
2014-07-09, 35.3200, 35.3700, 35.1600, 35.2600, 29334
2014-07-10, 34.7601, 35.0399, 34.7601, 34.8700, 5170
2014-07-11, 34.9000, 34.9099, 34.7800, 34.8952, 4158
2014-07-14, 35.5300, 35.5300, 35.2000, 35.3300, 5425
2014-07-15, 35.2450, 35.2450, 34.6700, 35.0800, 10872
2014-07-16, 34.7900, 35.4500, 34.7900, 35.4500, 6819
2014-07-17, 34.7700, 35.3000, 34.7700, 34.9600, 12747
2014-07-18, 35.1500, 35.3600, 35.1200, 35.2700, 10658
2014-07-21, 35.3898, 35.5300, 35.2805, 35.5200, 7849
2014-07-22, 35.2199, 35.3199, 35.2001, 35.2019, 2898
2014-07-23, 35.4200, 35.5100, 35.3100, 35.5100, 7904
2014-07-24, 35.8400, 35.8800, 35.7200, 35.8800, 2330
2014-07-25, 36.2200, 36.2300, 35.6040, 35.7500, 7862
2014-07-28, 36.1500, 36.1500, 35.4360, 35.5500, 3857
2014-07-29, 35.3600, 35.4499, 35.3200, 35.4400, 5293
2014-07-30, 35.1400, 35.2000, 35.0001, 35.0750, 7904
2014-07-31, 35.0000, 35.0000, 34.5300, 34.5700, 21355
2014-08-01, 34.4900, 34.5099, 34.3996, 34.4500, 4238
2014-08-04, 34.6700, 34.7500, 34.4800, 34.7200, 6323
2014-08-05, 34.4800, 34.4800, 33.9860, 34.1600, 4777
2014-08-06, 33.9100, 33.9100, 33.7300, 33.8900, 17675
2014-08-07, 33.8400, 33.8400, 33.5500, 33.5700, 41168
2014-08-08, 33.2800, 33.4500, 33.2400, 33.4500, 5695
2014-08-11, 33.6500, 33.7399, 33.5400, 33.5800, 13145
2014-08-12, 33.7100, 33.7800, 33.6400, 33.7600, 11795
2014-08-13, 33.9600, 33.9799, 33.4900, 33.5800, 9571
2014-08-14, 33.8300, 33.8600, 33.7081, 33.7081, 9110
2014-08-15, 34.0200, 34.0200, 33.7000, 33.8300, 4598
2014-08-18, 33.9100, 34.0400, 33.8400, 33.8700, 12010
2014-08-19, 34.2300, 34.4099, 34.1500, 34.3138, 3683
2014-08-20, 34.3200, 34.5600, 34.3200, 34.5099, 2972
2014-08-21, 34.6600, 34.7700, 34.6100, 34.7700, 2875
2014-08-22, 34.6200, 34.6200, 34.3500, 34.5400, 5740
2014-08-25, 34.5800, 34.6500, 34.5700, 34.5896, 90609
2014-08-26, 34.8400, 34.8400, 34.6300, 34.6800, 6892
2014-08-27, 34.6800, 34.7999, 34.6800, 34.7300, 4545
2014-08-28, 34.1300, 34.3500, 34.1250, 34.3500, 14121
2014-08-29, 34.4400, 34.4900, 34.3018, 34.3800, 36342
2014-09-02, 34.7050, 34.7050, 34.3000, 34.5200, 36528
2014-09-03, 34.3700, 34.8610, 34.3700, 34.5600, 135178
2014-09-04, 34.6500, 34.7300, 34.2700, 34.4200, 56494
2014-09-05, 34.5600, 34.6700, 34.4600, 34.5290, 9021
2014-09-08, 34.6000, 34.6100, 34.3500, 34.3800, 7347
2014-09-09, 34.3800, 34.3800, 34.0300, 34.0848, 14476
2014-09-10, 33.9400, 34.0236, 33.9400, 34.0236, 6406
2014-09-11, 33.8000, 34.0236, 33.7800, 33.9100, 11690
2014-09-12, 33.8000, 33.9000, 33.7800, 33.9000, 8035
2014-09-15, 33.7500, 34.0200, 33.7000, 33.8700, 44079
2014-09-16, 33.9599, 33.9900, 33.8401, 33.9700, 1013
2014-09-17, 33.8900, 33.9799, 33.7800, 33.8000, 8050
2014-09-18, 33.5971, 33.9700, 33.5971, 33.8400, 9133
2014-09-19, 34.2050, 34.2050, 33.9400, 34.0200, 50468
2014-09-22, 33.7700, 34.1100, 33.7700, 33.9300, 21453
2014-09-23, 33.7400, 33.7500, 33.6000, 33.6000, 2641
2014-09-24, 33.5500, 33.5900, 33.4300, 33.5900, 6135
2014-09-25, 33.4500, 33.4500, 33.2200, 33.2500, 5945
2014-09-26, 33.9200, 33.9300, 33.1900, 33.3499, 5745
2014-09-29, 33.1100, 33.1600, 32.8300, 33.1400, 132123
2014-09-30, 32.9300, 33.0300, 32.7800, 32.8899, 12689
2014-10-01, 32.7300, 32.7300, 32.2701, 32.2800, 3668
2014-10-02, 32.4100, 32.4100, 31.9700, 32.1336, 82927
2014-10-03, 32.0000, 32.2300, 31.9800, 32.2000, 13911
2014-10-06, 32.6000, 32.6100, 32.3200, 32.4400, 42296
2014-10-07, 31.9800, 32.1300, 31.9100, 31.9500, 5762
2014-10-08, 31.6000, 32.2699, 31.6000, 32.2699, 5834
2014-10-09, 31.9600, 31.9600, 31.2900, 31.2900, 82803
2014-10-10, 31.2600, 31.2600, 30.9001, 30.9001, 5252
2014-10-13, 31.4600, 31.4600, 30.8900, 30.9100, 4374
2014-10-14, 31.0900, 31.2399, 30.8600, 30.9300, 9367
2014-10-15, 30.0400, 30.7199, 30.0400, 30.5100, 6360
2014-10-16, 29.7800, 30.5300, 29.7800, 30.4200, 11562
2014-10-17, 31.3000, 31.5100, 31.2076, 31.3900, 18213
2014-10-20, 31.1000, 31.4000, 31.1000, 31.4000, 2511
2014-10-21, 31.7200, 31.9700, 31.7200, 31.9200, 7111
2014-10-22, 31.9400, 32.1300, 31.7000, 31.7501, 27002
2014-10-23, 32.1300, 32.3471, 32.1300, 32.3000, 5759
2014-10-24, 32.3600, 32.3600, 32.0700, 32.2400, 6958
2014-10-27, 32.0100, 32.1700, 32.0100, 32.1700, 3319
2014-10-28, 32.8500, 32.8500, 32.1700, 32.7700, 7436
2014-10-29, 32.6000, 32.7200, 32.2500, 32.3700, 29889
2014-10-30, 32.1200, 32.4500, 32.1000, 32.4500, 23250
2014-10-31, 32.6700, 32.7000, 32.5086, 32.7000, 3154
2014-11-03, 32.3100, 32.5099, 32.3000, 32.3500, 5786
2014-11-04, 32.2000, 32.3600, 32.1700, 32.3500, 26919
2014-11-05, 32.3904, 32.4800, 32.3800, 32.3800, 6335
2014-11-06, 32.6500, 32.6500, 32.1900, 32.3500, 7006
2014-11-07, 31.7800, 32.0202, 31.7800, 31.9531, 4994
2014-11-10, 32.0494, 32.2800, 31.9800, 32.1928, 6614
2014-11-11, 32.1800, 32.4756, 32.1800, 32.3550, 13918
2014-11-12, 31.8700, 32.0101, 31.8700, 32.0101, 801
2014-11-13, 32.3500, 32.5100, 32.3400, 32.4006, 4927
2014-11-14, 32.0601, 32.2121, 32.0601, 32.1901, 2572
2014-11-17, 31.8700, 32.0300, 31.8700, 31.9800, 327516
2014-11-18, 32.4500, 32.6800, 32.4500, 32.6400, 239223
2014-11-19, 32.6700, 32.6700, 32.4100, 32.4200, 6753
2014-11-20, 32.5100, 32.5200, 32.4700, 32.4708, 1863
2014-11-21, 32.9700, 33.0600, 32.7700, 32.8700, 13700
2014-11-24, 33.3000, 33.6100, 33.3000, 33.6100, 19938
2014-11-25, 33.5710, 33.8500, 33.5710, 33.8500, 26722
2014-11-26, 33.8499, 33.8574, 33.8400, 33.8574, 530
2014-11-28, 33.5000, 33.5000, 33.3500, 33.3500, 2539
2014-12-01, 33.4300, 33.5300, 33.3800, 33.4500, 8673
2014-12-02, 33.3400, 33.3600, 33.2800, 33.3000, 10800
2014-12-03, 33.1000, 33.2600, 33.0300, 33.2600, 11076
2014-12-04, 33.3800, 33.5300, 33.1800, 33.3800, 23501
2014-12-05, 33.2700, 33.5300, 33.2600, 33.3200, 61348
2014-12-08, 33.2900, 33.3100, 33.2200, 33.2200, 8859
2014-12-09, 33.0200, 33.1700, 32.9500, 33.1300, 21778
2014-12-10, 33.0800, 33.1800, 32.9200, 32.9200, 6794
2014-12-11, 32.8986, 32.9200, 32.7300, 32.7300, 13946
2014-12-12, 32.7800, 32.8000, 32.1800, 32.2200, 36612
2014-12-15, 32.3800, 32.3800, 31.6400, 31.6900, 12086
2014-12-16, 31.7550, 32.1600, 31.6600, 31.7700, 16068
2014-12-17, 32.0300, 32.1200, 32.0200, 32.1200, 568
2014-12-18, 32.5200, 32.7400, 32.5100, 32.7400, 17640
2014-12-19, 32.3800, 32.5600, 32.3800, 32.5600, 7827
2014-12-22, 32.5790, 32.7000, 32.5600, 32.7000, 1728
2014-12-23, 32.7100, 32.8600, 32.7100, 32.8600, 4351
2014-12-24, 32.9900, 33.0100, 32.9800, 32.9900, 2540
2014-12-26, 33.0100, 33.0100, 33.0100, 33.0100, 125
2014-12-29, 32.7615, 32.7615, 32.7000, 32.7400, 869
2014-12-30, 32.4900, 32.4900, 32.3500, 32.3800, 754
2014-12-31, 32.2100, 32.2100, 31.9800, 31.9800, 6684
2015-01-02, 32.2000, 32.3400, 32.1910, 32.3300, 2989
2015-01-05, 31.5000, 31.5000, 31.3700, 31.4500, 7091
2015-01-06, 31.4300, 31.6400, 31.1400, 31.3400, 19199
2015-01-07, 31.3500, 31.3500, 30.8400, 31.2400, 34327
2015-01-08, 31.3300, 31.3400, 31.2100, 31.3400, 3083
2015-01-09, 31.6000, 31.6000, 31.5000, 31.5700, 1918
2015-01-12, 31.5300, 31.5300, 31.3010, 31.3700, 3212
2015-01-13, 31.5800, 31.5900, 31.0300, 31.2500, 3711
2015-01-14, 31.2600, 31.3900, 31.1100, 31.3900, 11529
2015-01-15, 31.0800, 31.0900, 30.8300, 30.9800, 20477
2015-01-16, 31.0700, 31.0700, 31.0700, 31.0700, 1175
2015-01-20, 31.9600, 32.3500, 31.9600, 31.9900, 4043
2015-01-21, 32.1401, 32.4400, 32.1401, 32.4300, 1626
2015-01-22, 32.6400, 32.9000, 32.5300, 32.8300, 87109
2015-01-23, 32.8900, 33.0000, 32.7700, 32.7804, 25161
2015-01-26, 33.0500, 33.5100, 33.0500, 33.4999, 1454
2015-01-27, 33.3200, 33.3200, 32.8800, 33.1800, 4989
2015-01-28, 33.2700, 33.4900, 33.0300, 33.0300, 3205
2015-01-29, 33.1400, 33.1400, 32.7400, 32.9796, 9597
2015-01-30, 32.9800, 33.0000, 32.7400, 32.8100, 5188
2015-02-02, 32.7500, 32.7500, 32.4200, 32.7100, 4208
2015-02-03, 33.1600, 33.6500, 33.1600, 33.6500, 3323
2015-02-04, 33.3500, 33.3500, 33.0500, 33.1300, 3838
2015-02-05, 33.6950, 34.0800, 33.6400, 34.0700, 2794
2015-02-06, 33.3600, 33.4590, 33.3500, 33.3900, 1057
2015-02-09, 33.1799, 33.2100, 33.0800, 33.1300, 1398
2015-02-10, 33.2800, 33.5400, 33.2800, 33.5300, 2089
2015-02-11, 33.5400, 33.5400, 33.4400, 33.4600, 50381
2015-02-12, 34.1700, 34.2600, 33.9900, 34.2600, 53677
2015-02-13, 34.3399, 34.3900, 34.2300, 34.3800, 2551
2015-02-17, 34.3300, 34.6000, 34.1600, 34.5800, 18255
2015-02-18, 34.3800, 34.5300, 34.2900, 34.5000, 5682
2015-02-19, 34.4700, 34.5200, 34.2800, 34.3600, 3621
2015-02-20, 34.2800, 34.9500, 34.2800, 34.8700, 14491
2015-02-23, 34.6200, 34.6300, 34.4700, 34.6200, 2605
2015-02-24, 34.8800, 34.9600, 34.6900, 34.8700, 4119
2015-02-25, 35.0400, 35.0600, 34.8468, 34.8800, 3516
2015-02-26, 34.5434, 34.5434, 34.4600, 34.5400, 963
2015-02-27, 34.4000, 34.5500, 34.4000, 34.5000, 1820
2015-03-02, 34.6500, 34.6500, 34.5200, 34.5200, 700
2015-03-03, 34.5200, 34.5900, 34.3500, 34.4300, 1149
2015-03-04, 33.9600, 34.1000, 33.8200, 34.1000, 2997
2015-03-05, 34.1400, 34.2600, 34.1200, 34.2500, 4421
2015-03-06, 33.8800, 33.9790, 33.8600, 33.8790, 729
2015-03-09, 33.7300, 33.8300, 33.5700, 33.8200, 6933
2015-03-10, 33.3190, 33.3190, 33.0400, 33.0400, 3767
2015-03-11, 33.0500, 33.0600, 33.0500, 33.0500, 873
2015-03-12, 33.2000, 33.2950, 33.2000, 33.2900, 2561
2015-03-13, 33.0588, 33.1100, 33.0400, 33.1100, 1840
2015-03-16, 33.4299, 33.5600, 33.1600, 33.5500, 8082
2015-03-17, 33.4500, 33.5500, 33.3900, 33.5400, 1234
2015-03-18, 33.5400, 34.4100, 33.5300, 34.2500, 6400
2015-03-19, 33.9300, 33.9500, 33.8500, 33.9103, 1259
2015-03-20, 34.5900, 34.8000, 34.4500, 34.6800, 167517
2015-03-23, 34.9600, 35.0200, 34.7300, 35.0200, 4556
2015-03-24, 35.1900, 35.1900, 35.0700, 35.0700, 12115
2015-03-25, 35.4600, 35.4600, 35.0150, 35.0150, 2120
2015-03-26, 34.4400, 34.5200, 34.3700, 34.4700, 5524
2015-03-27, 34.2600, 34.3900, 34.2300, 34.3700, 18348
2015-03-30, 34.3900, 34.5100, 34.3600, 34.4600, 2751
2015-03-31, 33.8900, 33.8900, 33.6900, 33.7500, 1705
2015-04-01, 33.9000, 34.0900, 33.9000, 34.0200, 55529
2015-04-02, 34.2300, 34.4300, 34.2300, 34.4000, 18272
2015-04-06, 34.7500, 35.0400, 34.7500, 34.9000, 23549
2015-04-07, 34.5900, 34.9300, 34.5900, 34.7400, 5307
2015-04-08, 34.7400, 34.7400, 34.7400, 34.7400, 174
2015-04-09, 34.7400, 34.7400, 34.7400, 34.7400, 72
2015-04-10, 34.9500, 35.1700, 34.9500, 35.1500, 19428
2015-04-13, 34.9700, 35.1400, 34.9700, 35.1400, 6112
2015-04-14, 35.3000, 35.3000, 35.1800, 35.2800, 10473
2015-04-15, 35.3900, 35.4640, 34.9800, 35.2600, 8680
2015-04-16, 35.2100, 35.3599, 35.0600, 35.3299, 1318
2015-04-17, 34.8699, 34.8900, 34.7400, 34.7700, 1105
2015-04-20, 34.7400, 34.7500, 34.7400, 34.7499, 1971
2015-04-21, 35.3699, 35.3699, 35.2000, 35.2000, 692
2015-04-22, 34.8690, 34.9700, 34.7800, 34.9700, 7268
2015-04-23, 34.4600, 34.8800, 34.3500, 34.8800, 1474
2015-04-24, 34.9390, 35.0500, 34.9390, 34.9450, 1183
2015-04-27, 35.1300, 35.1300, 34.9400, 35.0900, 3794
2015-04-28, 34.8300, 34.8300, 34.7100, 34.7100, 634
2015-04-29, 34.3600, 34.3600, 34.1200, 34.1200, 103363
2015-04-30, 33.5900, 33.5900, 33.3300, 33.4284, 1304
2015-05-01, 33.7299, 33.8000, 33.4100, 33.6600, 13565
2015-05-04, 33.9500, 33.9500, 33.6300, 33.6500, 2717
2015-05-05, 33.3400, 33.3400, 33.0758, 33.0900, 5943
2015-05-06, 33.5601, 33.5601, 33.2700, 33.4200, 9011
2015-05-07, 33.7150, 33.7200, 33.6000, 33.6000, 118707
2015-05-08, 34.3350, 34.3988, 34.3300, 34.3300, 1152
2015-05-11, 34.1948, 34.1948, 34.0001, 34.0984, 2185
2015-05-12, 33.8800, 33.8800, 33.7140, 33.7140, 1154
2015-05-13, 34.4300, 34.4400, 34.4300, 34.4400, 434
2015-05-14, 34.7100, 35.0400, 34.7100, 35.0400, 9817
2015-05-15, 34.7700, 34.9800, 34.6800, 34.9700, 19581
2015-05-18, 34.5600, 34.5790, 34.5200, 34.5600, 1339
2015-05-19, 34.4500, 34.5199, 34.3900, 34.4100, 4945
2015-05-20, 34.7900, 34.9000, 34.6710, 34.8300, 4867
2015-05-21, 34.9952, 35.1100, 34.9896, 35.0400, 2011
2015-05-22, 34.6401, 34.6401, 34.6401, 34.6401, 677
2015-05-26, 34.1400, 34.1400, 33.7100, 33.7700, 680
2015-05-27, 34.1600, 34.1900, 34.1600, 34.1900, 258
2015-05-28, 33.8600, 34.1600, 33.7700, 34.1500, 7747
2015-05-29, 33.9601, 33.9900, 33.6450, 33.7800, 2677
2015-06-01, 33.9000, 33.9000, 33.5700, 33.8000, 35446
2015-06-02, 34.4200, 34.5200, 34.4200, 34.4500, 53627
2015-06-03, 34.7700, 34.7700, 34.7700, 34.7700, 114
2015-06-04, 34.6399, 34.6399, 34.2600, 34.3100, 9181
2015-06-05, 33.7400, 33.7400, 33.5500, 33.5600, 13917
2015-06-08, 33.5200, 33.7600, 33.4400, 33.6200, 240146
2015-06-09, 33.4900, 33.5800, 33.4900, 33.5800, 1875
2015-06-10, 34.1257, 34.1500, 34.0800, 34.1200, 12515
2015-06-11, 34.2690, 34.2690, 34.0100, 34.0800, 3684
2015-06-12, 33.6100, 33.7200, 33.4050, 33.6900, 9130
2015-06-15, 33.2000, 33.3000, 33.0900, 33.3000, 8843
2015-06-16, 33.2600, 33.5200, 33.2600, 33.5000, 2396
2015-06-17, 33.1500, 33.4200, 33.0500, 33.4200, 7145
2015-06-18, 33.6300, 34.4200, 33.6300, 33.8600, 5951
2015-06-19, 33.7900, 33.7900, 33.5500, 33.7300, 15660
2015-06-22, 34.6700, 34.6700, 34.4800, 34.4900, 9674
2015-06-23, 34.4300, 34.5582, 34.4300, 34.5500, 977
2015-06-24, 34.3600, 34.3800, 34.1200, 34.1200, 5389
2015-06-25, 33.7100, 33.7100, 33.7100, 33.7100, 1174
2015-06-26, 33.8300, 33.8300, 33.7000, 33.7400, 1161
2015-06-29, 32.3550, 33.1100, 32.3550, 32.7800, 19502
2015-06-30, 33.1100, 33.1100, 32.3700, 32.5000, 4211
2015-07-01, 32.5800, 32.6636, 32.4100, 32.5300, 2273
2015-07-02, 32.3900, 32.3900, 32.2900, 32.3300, 3722
2015-07-06, 31.7400, 31.7400, 31.3100, 31.3100, 2925
2015-07-07, 31.0190, 31.4249, 30.6700, 31.4249, 1513
2015-07-08, 31.1100, 31.1100, 30.8100, 30.8800, 3849
2015-07-09, 32.0400, 32.0400, 31.6500, 31.6500, 14351
2015-07-10, 32.7900, 33.0700, 32.7900, 33.0000, 65078
2015-07-13, 33.2000, 33.2000, 33.0200, 33.1000, 5777
2015-07-14, 33.1500, 33.4000, 33.1500, 33.3800, 5350
2015-07-15, 33.1000, 33.1000, 32.8800, 33.0300, 8330
2015-07-16, 33.0300, 33.0300, 33.0300, 33.0300, 45
2015-07-17, 33.5400, 33.5400, 33.3500, 33.4450, 1446
2015-07-20, 33.8500, 33.9300, 33.8300, 33.8300, 27940
2015-07-21, 33.4300, 33.4300, 33.4300, 33.4300, 414
2015-07-22, 32.9900, 33.0300, 32.9900, 33.0300, 2525
2015-07-23, 33.0344, 33.0344, 32.9800, 32.9800, 1863
2015-07-24, 33.1100, 33.2000, 32.8900, 32.9000, 2733
2015-07-27, 32.8694, 32.8694, 32.7600, 32.8000, 5571
2015-07-28, 32.9300, 33.1500, 32.7100, 33.1000, 16283
2015-07-29, 33.1000, 33.2900, 33.1000, 33.1500, 5711
2015-07-30, 33.2100, 33.4700, 33.0700, 33.4700, 4647
2015-07-31, 33.8000, 33.8000, 33.5700, 33.6130, 5388
2015-08-03, 33.7700, 33.7700, 33.4800, 33.5400, 22048
2015-08-04, 33.7400, 33.7900, 33.6400, 33.7400, 6036
2015-08-05, 33.7300, 33.7300, 33.4600, 33.5400, 4759
2015-08-06, 33.7000, 33.7100, 33.5600, 33.6206, 7020
2015-08-07, 33.4300, 33.4300, 33.2400, 33.2900, 4458
2015-08-10, 33.6401, 33.9200, 33.6401, 33.9200, 67457
2015-08-11, 33.4900, 33.4900, 33.3300, 33.4500, 2082
2015-08-12, 33.0300, 33.2900, 33.0300, 33.2900, 36285
2015-08-13, 33.5280, 33.5600, 33.4500, 33.4800, 9006
2015-08-14, 33.4400, 33.4600, 33.3900, 33.4500, 1384
2015-08-17, 33.4500, 33.4500, 33.4500, 33.4500, 116
2015-08-18, 33.3300, 33.3300, 33.1000, 33.1000, 2304
2015-08-19, 32.8000, 32.9200, 32.8000, 32.8700, 14774
2015-08-20, 32.0800, 32.0900, 31.8000, 31.8000, 11565
2015-08-21, 31.8600, 31.9880, 31.3685, 31.3685, 32619
2015-08-24, 30.2400, 31.1984, 30.2400, 30.4600, 12647
2015-08-25, 31.5500, 31.5500, 30.6700, 30.8100, 104265
2015-08-26, 31.6800, 31.7000, 31.1100, 31.6200, 6300
2015-08-27, 31.7000, 31.7900, 31.4700, 31.7900, 46321
2015-08-28, 31.5500, 31.6300, 31.4500, 31.5800, 19283
2015-08-31, 31.4200, 31.4900, 31.4000, 31.4900, 23674
2015-09-01, 30.7600, 30.9500, 30.5800, 30.8200, 56051
2015-09-02, 30.9300, 30.9600, 30.6601, 30.9500, 8721
2015-09-03, 31.2200, 31.2300, 31.0672, 31.0672, 806
2015-09-04, 30.6200, 30.7400, 30.5030, 30.5500, 5755
2015-09-08, 31.3600, 31.5215, 31.2700, 31.4900, 9722
2015-09-09, 32.0700, 32.0700, 31.5800, 31.5800, 19581
2015-09-10, 31.8600, 32.0400, 31.7000, 31.9400, 6374
2015-09-11, 31.7900, 31.9700, 31.7600, 31.9500, 22472
2015-09-14, 31.5100, 31.5600, 31.5100, 31.5383, 2145
2015-09-15, 31.5400, 31.5900, 31.4600, 31.5300, 4441
2015-09-16, 31.8299, 31.9400, 31.8100, 31.8100, 13642
2015-09-17, 31.6600, 32.3500, 31.6600, 32.1707, 4299
2015-09-18, 31.5100, 31.6000, 31.2800, 31.2800, 20785
2015-09-21, 31.2200, 31.3200, 31.2200, 31.2772, 11740
2015-09-22, 30.5900, 30.5900, 30.2900, 30.2900, 12410
2015-09-23, 30.5100, 30.5400, 30.5000, 30.5000, 4063
2015-09-24, 30.5000, 30.5000, 30.5000, 30.5000, 0
2015-09-25, 30.5000, 30.5000, 30.0800, 30.0800, 2150
2015-09-28, 29.7200, 29.8100, 29.6800, 29.7200, 4359
2015-09-29, 29.7800, 30.0500, 29.7800, 30.0500, 14942
2015-09-30, 30.3600, 30.3600, 30.3600, 30.3600, 106
2015-10-01, 30.1400, 30.3700, 30.1200, 30.3700, 7696
2015-10-02, 30.4600, 31.0300, 30.4600, 31.0300, 24897
2015-10-05, 31.5300, 31.7000, 31.4100, 31.7000, 17902
2015-10-06, 31.7200, 31.9700, 31.7200, 31.9700, 1329
2015-10-07, 31.9700, 32.2600, 31.9500, 32.2175, 10694
2015-10-08, 31.9700, 32.3700, 31.9600, 32.3700, 12521
2015-10-09, 32.3300, 32.4100, 32.2800, 32.3700, 10733
2015-10-12, 32.3700, 32.3700, 32.3700, 32.3700, 6000
2015-10-13, 32.0000, 32.1300, 32.0000, 32.1100, 1565
2015-10-14, 32.1900, 32.2800, 32.1900, 32.2635, 2149
2015-10-15, 32.3900, 32.5500, 32.3900, 32.5500, 5400
2015-10-16, 32.3100, 32.3100, 32.2000, 32.2700, 21119
2015-10-19, 32.3900, 32.4000, 32.3900, 32.4000, 400
2015-10-20, 32.4450, 32.4450, 32.4450, 32.4450, 100
2015-10-21, 32.5600, 32.5600, 32.4507, 32.5200, 830
2015-10-22, 32.3600, 32.7200, 32.3300, 32.6400, 68170
2015-10-23, 32.4900, 32.5000, 32.3000, 32.4400, 9104
2015-10-26, 32.4350, 32.4350, 32.3200, 32.4000, 3841
2015-10-27, 32.1200, 32.1500, 31.8500, 31.9500, 13340
2015-10-28, 32.2000, 32.4100, 31.9300, 32.0450, 12883
2015-10-29, 32.1700, 32.6000, 32.1700, 32.5900, 9482
2015-10-30, 32.7200, 32.9500, 32.7200, 32.8100, 20959
2015-11-02, 33.1500, 33.1900, 33.0400, 33.1200, 4360
2015-11-03, 33.2100, 33.3900, 32.9850, 33.3900, 9274
2015-11-04, 33.4200, 33.4200, 33.1200, 33.2200, 14385
2015-11-05, 33.2200, 33.2600, 33.2100, 33.2600, 2690
2015-11-06, 33.0000, 33.1100, 32.9900, 33.1100, 8349
2015-11-09, 33.0500, 33.0500, 32.6600, 32.8800, 4546
2015-11-10, 32.4100, 32.4900, 32.2900, 32.4800, 4101
2015-11-11, 32.7300, 32.9600, 32.7300, 32.7800, 12493
2015-11-12, 32.5900, 32.6600, 32.5650, 32.6000, 5748
2015-11-13, 32.3200, 32.3200, 32.0000, 32.1400, 26829
2015-11-16, 32.1100, 32.5200, 32.1100, 32.5200, 11280
2015-11-17, 32.7200, 32.7200, 32.5200, 32.5200, 11028
2015-11-18, 32.7700, 33.0900, 32.7400, 33.0800, 19812
2015-11-19, 33.0900, 33.1700, 32.9800, 33.0500, 8788
2015-11-20, 33.1300, 33.1340, 32.9800, 33.0300, 4350
2015-11-23, 33.0300, 33.0300, 32.8600, 33.0200, 2605
2015-11-24, 32.6900, 32.7200, 32.4900, 32.7000, 24406
2015-11-25, 32.8100, 32.9100, 32.8100, 32.8200, 3685
2015-11-27, 32.8700, 33.0000, 32.8700, 32.9800, 1406
2015-11-30, 33.1300, 33.1900, 33.0300, 33.0300, 11572
2015-12-01, 33.2900, 33.4500, 33.2800, 33.3700, 6529
2015-12-02, 33.3600, 33.4300, 33.2200, 33.2400, 7290
2015-12-03, 33.6000, 33.6800, 33.2800, 33.4200, 31995
2015-12-04, 33.3000, 33.7400, 33.2900, 33.6500, 13871
2015-12-07, 33.5100, 33.6900, 33.4800, 33.6900, 16746
2015-12-08, 33.1100, 33.1100, 32.8500, 32.9600, 20351
2015-12-09, 32.9300, 32.9600, 32.4200, 32.7000, 10653
2015-12-10, 33.0000, 33.0989, 32.9400, 32.9400, 12390
2015-12-11, 32.4200, 32.4200, 32.1150, 32.1200, 49651
2015-12-14, 32.1600, 32.3100, 31.9200, 32.2500, 20154
2015-12-15, 32.6400, 32.6400, 32.5100, 32.5900, 1707
2015-12-16, 32.8100, 33.3500, 32.7400, 33.2700, 7271
2015-12-17, 32.9500, 32.9850, 32.6900, 32.6900, 4665
2015-12-18, 32.4600, 32.5100, 32.1900, 32.2300, 10873
2015-12-21, 32.5800, 32.6200, 32.3200, 32.4700, 24425
2015-12-22, 32.6300, 32.6700, 32.5700, 32.6700, 3095
2015-12-23, 32.9900, 33.1700, 32.9400, 33.1699, 12901
2015-12-24, 33.3500, 33.3600, 33.0900, 33.2400, 5942
2015-12-28, 33.0204, 33.1500, 32.9800, 33.1500, 5016
2015-12-29, 33.3300, 33.3900, 33.3300, 33.3800, 1107
2015-12-30, 33.2800, 33.2800, 33.0610, 33.0610, 4836
2015-12-31, 32.7800, 32.9500, 32.6100, 32.6100, 13249
2016-01-04, 32.1300, 32.4300, 31.8300, 32.4300, 15479
2016-01-05, 32.0300, 32.0500, 31.7600, 31.9000, 15586
2016-01-06, 31.4600, 31.7000, 31.2411, 31.4600, 23744
2016-01-07, 31.2900, 31.5500, 31.2200, 31.3200, 15656
2016-01-08, 31.6600, 31.7800, 31.4400, 31.4400, 13958
2016-01-11, 31.9400, 32.0400, 31.6300, 31.7800, 10519
2016-01-12, 32.1600, 32.2400, 31.9200, 32.1400, 19103
2016-01-13, 32.2700, 32.4500, 31.6400, 31.6400, 12164
2016-01-14, 31.2800, 31.8800, 31.2800, 31.7400, 13512
2016-01-15, 30.6600, 30.9700, 30.5700, 30.5700, 18140
2016-01-19, 31.0800, 31.1300, 30.7400, 30.9900, 12093
2016-01-20, 30.3900, 30.6100, 29.9400, 30.4400, 47169
2016-01-21, 30.2800, 30.6300, 29.9100, 30.4700, 4496
2016-01-22, 31.0400, 31.3300, 31.0400, 31.3200, 16181
2016-01-25, 31.2500, 31.3600, 31.0600, 31.0700, 10122
2016-01-26, 31.4400, 31.8100, 31.4300, 31.8100, 4848
2016-01-27, 31.5900, 31.9400, 31.5100, 31.6700, 9714
2016-01-28, 31.9400, 31.9700, 31.5200, 31.6200, 9470
2016-01-29, 31.5800, 32.0700, 31.5700, 32.0700, 16482
2016-02-01, 31.1900, 31.2700, 31.0000, 31.2500, 17394
2016-02-02, 30.9000, 30.9000, 30.5800, 30.6700, 14702
2016-02-03, 30.7000, 31.0600, 30.5400, 31.0100, 14370
2016-02-04, 30.8500, 31.0000, 30.7700, 30.8600, 32863
2016-02-05, 31.0200, 31.0200, 30.5100, 30.5899, 16305
2016-02-08, 29.8000, 29.8000, 29.4900, 29.6400, 15806
2016-02-09, 29.2500, 29.6100, 29.2300, 29.4600, 11189
2016-02-10, 29.3700, 29.5115, 29.2600, 29.2800, 54275
2016-02-11, 29.1000, 29.1000, 28.6700, 28.9900, 13208
2016-02-12, 28.9900, 29.1500, 28.7300, 29.1500, 18775
2016-02-16, 29.3800, 29.6900, 29.3800, 29.6600, 9004
2016-02-17, 30.1800, 30.4800, 30.1700, 30.4600, 11471
2016-02-18, 30.7300, 30.7300, 30.5916, 30.6199, 9415
2016-02-19, 30.2400, 30.4300, 30.1400, 30.3100, 5301
2016-02-22, 30.6900, 30.9100, 30.6900, 30.9100, 2149
2016-02-23, 30.7800, 30.7800, 30.3800, 30.4400, 3696
2016-02-24, 29.8300, 30.3500, 29.7900, 30.3500, 11382
2016-02-25, 30.3100, 30.4700, 30.2400, 30.4700, 6278
2016-02-26, 30.4582, 30.4582, 30.1600, 30.2580, 6602
2016-02-29, 29.9100, 30.2000, 29.9100, 29.9700, 5724
2016-03-01, 30.5900, 30.7700, 30.4300, 30.6400, 3002
2016-03-02, 30.3600, 30.5400, 30.2100, 30.4500, 8116
2016-03-03, 30.4700, 30.8300, 30.4700, 30.7600, 10186
2016-03-04, 30.9400, 31.0700, 30.9000, 30.9300, 6175
2016-03-07, 30.9000, 31.0800, 30.8300, 31.0400, 5064
2016-03-08, 30.5300, 30.6900, 30.4300, 30.4300, 4971
2016-03-09, 30.6393, 30.6700, 30.5200, 30.5600, 3748
2016-03-10, 31.1600, 31.1600, 30.4600, 30.7900, 14375
2016-03-11, 31.1200, 31.3999, 31.1200, 31.3800, 3144
2016-03-14, 31.4500, 31.7900, 31.4500, 31.7900, 8037
2016-03-15, 31.6000, 31.6000, 31.3200, 31.4300, 135567
2016-03-16, 31.0500, 31.8099, 31.0500, 31.8099, 82415
2016-03-17, 31.8200, 32.2200, 31.7200, 32.1600, 83871
2016-03-18, 32.1600, 32.3000, 32.1300, 32.2500, 23572
2016-03-21, 32.1600, 32.2280, 32.1600, 32.1800, 39311
2016-03-22, 31.7300, 32.0600, 31.6100, 31.9500, 11249
2016-03-23, 31.8000, 31.8000, 31.4800, 31.5700, 23642
2016-03-24, 31.1600, 31.1700, 31.0800, 31.1480, 5538
2016-03-28, 31.1200, 31.2810, 31.1200, 31.2300, 9237
2016-03-29, 31.2000, 31.8000, 31.2000, 31.7400, 5555
2016-03-30, 32.0500, 32.4700, 32.0500, 32.3700, 6487
2016-03-31, 32.2300, 32.2350, 31.9200, 31.9201, 13021
2016-04-01, 31.3800, 31.6200, 31.3400, 31.6200, 23248
2016-04-04, 31.6700, 31.6700, 31.5500, 31.6100, 3001
2016-04-05, 31.3700, 31.3700, 31.1300, 31.2100, 4180
2016-04-06, 31.3700, 31.5500, 31.3000, 31.5400, 7160
2016-04-07, 31.2600, 31.2600, 30.7600, 30.9000, 11861
2016-04-08, 31.5400, 31.8808, 31.5400, 31.7800, 4585
2016-04-11, 31.9300, 31.9300, 31.8300, 31.8300, 3376
2016-04-12, 31.6400, 31.9000, 31.4000, 31.8900, 5206
2016-04-13, 32.1100, 32.2500, 32.1100, 32.2300, 2190
2016-04-14, 32.3900, 32.4300, 32.2400, 32.3300, 16725
2016-04-15, 32.4700, 32.5000, 32.2600, 32.2600, 4629
2016-04-18, 32.5100, 32.6700, 32.5100, 32.6000, 3279
2016-04-19, 33.0700, 33.3000, 33.0700, 33.2400, 5161
2016-04-20, 33.0700, 33.2100, 33.0200, 33.0400, 36175
2016-04-21, 32.8200, 32.8200, 32.4200, 32.4700, 15872
2016-04-22, 32.2700, 32.3200, 32.2100, 32.2901, 4979
2016-04-25, 31.9700, 31.9700, 31.6930, 31.7556, 4021
2016-04-26, 32.1000, 32.2200, 32.1000, 32.1200, 5367
2016-04-27, 32.1700, 32.2400, 32.0100, 32.2000, 14248
2016-04-28, 32.0600, 32.2700, 31.9900, 32.0200, 15944
2016-04-29, 32.2100, 32.2400, 32.1100, 32.1400, 2814
2016-05-02, 32.3100, 32.4400, 32.3100, 32.4200, 10263
2016-05-03, 32.1000, 32.1300, 31.9300, 31.9450, 11159
2016-05-04, 31.8500, 31.8500, 31.6700, 31.7600, 3562
2016-05-05, 31.6500, 31.7400, 31.4500, 31.5500, 93981
2016-05-06, 31.5800, 31.6900, 31.5500, 31.6900, 89864
2016-05-09, 31.7100, 31.7100, 31.5700, 31.5700, 2767
2016-05-10, 31.2200, 31.5200, 31.2100, 31.3400, 88187
2016-05-11, 31.3900, 31.5000, 31.2600, 31.3300, 106190
2016-05-12, 31.4200, 31.4500, 31.0000, 31.1300, 104716
2016-05-13, 30.9400, 31.0400, 30.6300, 30.6600, 89258
2016-05-16, 30.8900, 31.1800, 30.8600, 31.1800, 11229
2016-05-17, 31.1100, 31.2000, 30.9000, 31.0000, 113737
2016-05-18, 30.8600, 31.2300, 30.7700, 30.9300, 91795
2016-05-19, 30.6400, 30.7300, 30.5800, 30.7200, 8824
2016-05-20, 30.9700, 31.1300, 30.9700, 31.1300, 194794
2016-05-23, 31.0000, 31.1100, 30.9800, 31.0500, 95636
2016-05-24, 31.1500, 31.3499, 31.0500, 31.3300, 8971
2016-05-25, 31.5800, 31.7600, 31.5800, 31.7200, 6961
2016-05-26, 32.0900, 32.1800, 32.0500, 32.1700, 7590
2016-05-27, 32.0900, 32.1500, 32.0400, 32.0900, 11007
2016-05-31, 32.1900, 32.3700, 32.1700, 32.2600, 19501
2016-06-01, 32.0400, 32.2900, 32.0400, 32.2300, 14729
2016-06-02, 32.0400, 32.3300, 32.0400, 32.2900, 13115
2016-06-03, 32.4600, 32.7400, 32.4600, 32.6900, 9264
2016-06-06, 32.8800, 32.9400, 32.8200, 32.9100, 8636
2016-06-07, 33.0600, 33.1680, 33.0600, 33.1400, 5710
2016-06-08, 33.2100, 33.3808, 33.2100, 33.3700, 5553
2016-06-09, 32.9900, 32.9900, 32.7800, 32.8400, 8080
2016-06-10, 32.2500, 32.3300, 32.0300, 32.0300, 14003
2016-06-13, 31.6700, 31.9300, 31.5300, 31.6000, 14326
2016-06-14, 31.1200, 31.2500, 31.0100, 31.1600, 25004
2016-06-15, 31.3000, 31.5600, 31.2600, 31.3300, 39061
2016-06-16, 30.9300, 31.4400, 30.7700, 31.3700, 42794
2016-06-17, 31.5700, 31.8700, 31.4600, 31.7400, 12917
2016-06-20, 32.4800, 32.6200, 32.3800, 32.3800, 9255
2016-06-21, 32.2900, 32.7400, 32.2600, 32.6500, 10865
2016-06-22, 32.0500, 32.0500, 31.6600, 31.8500, 21696
2016-06-23, 32.3500, 32.6700, 32.2600, 32.6400, 12486
2016-06-24, 29.5200, 29.8500, 29.1430, 29.3500, 41819
2016-06-27, 29.0100, 29.0800, 28.7100, 29.0600, 25937
2016-06-28, 29.9000, 30.0400, 29.7000, 30.0199, 46110
2016-06-29, 30.4900, 30.7400, 30.4900, 30.7100, 19975
2016-06-30, 30.8600, 31.3800, 30.8600, 31.3800, 28733
2016-07-01, 31.0000, 31.8000, 31.0000, 31.7400, 25299
2016-07-05, 30.9200, 30.9500, 30.4100, 30.4600, 52246
2016-07-06, 30.3100, 30.5500, 30.0000, 30.4800, 39064
2016-07-07, 30.5250, 30.5250, 30.3400, 30.4800, 8955
2016-07-08, 31.0000, 31.0900, 30.8800, 31.0900, 17614
2016-07-11, 31.4100, 31.6750, 31.4100, 31.5200, 18456
2016-07-12, 31.8600, 32.0600, 31.8200, 31.9000, 20958
2016-07-13, 32.2200, 32.5600, 32.2200, 32.3900, 9294
2016-07-14, 32.5700, 32.6400, 32.5200, 32.5200, 24992
2016-07-15, 32.4500, 32.4500, 32.3100, 32.3900, 7812
2016-07-18, 32.4191, 32.4191, 32.2700, 32.2700, 10026
2016-07-19, 32.3100, 32.3200, 32.1400, 32.2000, 22306
2016-07-20, 32.3599, 32.5000, 32.3500, 32.4800, 4372
2016-07-21, 32.4300, 32.5600, 32.4000, 32.4000, 21486
2016-07-22, 32.6100, 32.6800, 32.5400, 32.5400, 5001
2016-07-25, 32.6400, 32.7000, 32.5550, 32.6600, 6887
2016-07-26, 32.9200, 32.9200, 32.7700, 32.8700, 6556
2016-07-27, 32.8300, 33.1100, 32.8300, 33.1100, 13239
2016-07-28, 33.0500, 33.0600, 32.9400, 32.9800, 1897
2016-07-29, 33.0200, 33.1700, 32.9550, 33.0500, 44518
2016-08-01, 32.8600, 32.9900, 32.6800, 32.6900, 3599
2016-08-02, 32.6640, 32.6800, 32.6300, 32.6300, 4828
2016-08-03, 32.3500, 32.5900, 32.3300, 32.5900, 41674
2016-08-04, 32.4400, 32.5000, 32.3000, 32.5000, 14693
2016-08-05, 32.5200, 32.6100, 32.5200, 32.5301, 13915
2016-08-08, 32.7832, 32.9400, 32.7700, 32.9400, 67454
2016-08-09, 33.0700, 33.4650, 33.0700, 33.4001, 11659
2016-08-10, 33.6200, 33.6400, 33.5450, 33.6200, 1579
2016-08-11, 33.7200, 33.9000, 33.7100, 33.9000, 7298
2016-08-12, 33.7500, 33.7500, 33.7000, 33.7000, 5122
2016-08-15, 34.0500, 34.0500, 33.8800, 33.9600, 15265
2016-08-16, 33.8062, 33.8062, 33.6300, 33.7600, 4204
2016-08-17, 33.3900, 33.6000, 33.3050, 33.6000, 4531
2016-08-18, 33.8493, 33.8493, 33.8493, 33.8493, 154
2016-08-19, 33.5300, 33.6600, 33.5200, 33.6400, 3293
2016-08-22, 33.4694, 33.6000, 33.4520, 33.6000, 1983
2016-08-23, 33.8500, 33.8500, 33.7500, 33.8000, 4368
2016-08-24, 33.7900, 33.7900, 33.6800, 33.7200, 4629
2016-08-25, 33.6009, 33.6899, 33.5500, 33.5500, 2565
2016-08-26, 33.9100, 33.9399, 33.4000, 33.5600, 4360
2016-08-29, 33.2800, 33.6600, 33.2800, 33.6600, 2405
2016-08-30, 33.6870, 33.6870, 33.5500, 33.5700, 3353
2016-08-31, 33.4500, 33.6000, 33.2182, 33.3300, 4770
2016-09-01, 33.6399, 33.7000, 33.5000, 33.7000, 4982
2016-09-02, 34.0600, 34.1200, 33.9800, 34.0900, 2478
2016-09-06, 34.1600, 34.3600, 34.1300, 34.3600, 8639
2016-09-07, 34.5990, 34.5990, 34.5459, 34.5600, 1698
2016-09-08, 34.6100, 34.6300, 34.4600, 34.5000, 3175
2016-09-09, 33.9400, 33.9600, 33.5300, 33.5300, 236677
2016-09-12, 33.3500, 33.6900, 33.3500, 33.6900, 3595
2016-09-13, 33.4600, 33.4600, 33.0900, 33.1400, 16141
2016-09-14, 32.9800, 33.2400, 32.9800, 33.0900, 53239
2016-09-15, 33.0300, 33.4900, 33.0300, 33.4900, 14333
2016-09-16, 32.8900, 33.0700, 32.8900, 33.0600, 16676
2016-09-19, 33.3152, 33.3152, 33.2900, 33.2900, 487
2016-09-20, 33.4000, 33.4900, 33.2700, 33.3900, 3976
2016-09-21, 33.5756, 33.8600, 33.4500, 33.8600, 7842
2016-09-22, 34.3200, 34.5200, 34.3200, 34.4800, 12852
2016-09-23, 34.3800, 34.4299, 34.3200, 34.3200, 2098
2016-09-26, 34.1200, 34.1200, 34.1200, 34.1200, 222
2016-09-27, 33.9700, 34.3350, 33.9700, 34.3000, 3008
2016-09-28, 34.3730, 34.5586, 34.1750, 34.5500, 5562
2016-09-29, 34.2400, 34.3900, 33.8000, 34.0000, 22021
2016-09-30, 34.2900, 34.4905, 34.1822, 34.4400, 6807
2016-10-03, 34.2300, 34.5000, 34.2300, 34.5000, 11194
2016-10-04, 34.3900, 34.4700, 34.2800, 34.4700, 3614
2016-10-05, 34.5000, 34.6500, 34.4600, 34.5100, 10592
2016-10-06, 34.0500, 34.2200, 34.0500, 34.1300, 7302
2016-10-07, 33.8500, 34.0100, 33.6601, 34.0100, 4156
2016-10-10, 34.1300, 34.1900, 34.0900, 34.1400, 6016
2016-10-11, 33.9000, 33.9000, 33.5800, 33.7200, 7860
2016-10-12, 33.4500, 33.4500, 33.2050, 33.2400, 8187
2016-10-13, 32.9500, 33.0800, 32.7800, 33.0700, 11387
2016-10-14, 33.1600, 33.1600, 32.9600, 33.0600, 2063
2016-10-17, 33.1299, 33.1699, 33.0500, 33.0900, 7916
2016-10-18, 33.2200, 33.4396, 33.2200, 33.4200, 1036
2016-10-19, 33.3500, 33.3800, 33.2900, 33.3800, 8896
2016-10-20, 33.3000, 33.3600, 33.2600, 33.3400, 17634
2016-10-21, 32.9500, 33.0500, 32.9500, 33.0500, 8415
2016-10-24, 33.1000, 33.1500, 32.9900, 33.0900, 17374
2016-10-25, 33.0600, 33.1400, 33.0600, 33.0800, 1991
2016-10-26, 33.0850, 33.2000, 33.0850, 33.0900, 6086
2016-10-27, 32.6500, 32.6500, 32.4000, 32.4000, 9317
2016-10-28, 32.4800, 32.4800, 32.3700, 32.4100, 15975
2016-10-31, 32.3000, 32.3000, 32.1700, 32.1700, 7414
2016-11-01, 32.3600, 32.3600, 32.0800, 32.1600, 11509
2016-11-02, 31.9000, 32.0800, 31.8200, 31.8800, 18134
2016-11-03, 32.0100, 32.0100, 31.9100, 31.9200, 5716
2016-11-04, 31.5900, 31.6600, 31.5900, 31.6160, 1167
2016-11-07, 32.1100, 32.1100, 31.8700, 32.0700, 89126
2016-11-08, 31.8500, 32.0900, 31.8400, 31.9800, 9779
2016-11-09, 32.1000, 32.4400, 32.0900, 32.3200, 21532
2016-11-10, 32.5800, 32.5850, 32.2700, 32.5000, 191617
2016-11-11, 31.9000, 31.9000, 31.7800, 31.8900, 4025
2016-11-14, 31.4300, 31.4300, 30.8700, 31.0500, 17238
2016-11-15, 30.9300, 31.1900, 30.8100, 31.0700, 89333
2016-11-16, 30.8439, 30.9100, 30.7406, 30.8000, 7168
2016-11-17, 30.9942, 30.9964, 30.9300, 30.9300, 8986
2016-11-18, 30.9200, 31.0112, 30.8100, 31.0000, 45784
2016-11-21, 31.0503, 31.1200, 30.9600, 31.0300, 47317
2016-11-22, 31.2900, 31.3100, 31.2250, 31.2600, 6814
2016-11-23, 31.0200, 31.1900, 30.9500, 31.1900, 7090
2016-11-25, 31.5100, 31.6700, 31.5100, 31.6700, 2324
2016-11-28, 31.2100, 31.3700, 31.2100, 31.3700, 22175
2016-11-29, 31.3141, 31.4700, 31.3116, 31.4600, 3723
2016-11-30, 31.2859, 31.3634, 31.2859, 31.3200, 1610
2016-12-01, 31.3800, 31.4802, 31.3266, 31.4000, 21822
2016-12-02, 31.3100, 31.3900, 31.2700, 31.2800, 4678
2016-12-05, 31.8500, 32.1100, 31.8072, 32.1100, 11928
2016-12-06, 32.1450, 32.4800, 32.1300, 32.4800, 11672
2016-12-07, 32.6700, 33.0400, 32.6435, 32.9600, 22879
2016-12-08, 32.6300, 32.6300, 32.3201, 32.4600, 62519
2016-12-09, 32.3200, 32.4200, 32.2500, 32.3500, 264642
2016-12-12, 32.5700, 32.7400, 32.5500, 32.6100, 14685
2016-12-13, 32.8000, 33.0020, 32.8000, 32.9600, 8387
2016-12-14, 32.8250, 32.9300, 32.3500, 32.4100, 12207
2016-12-15, 32.2622, 32.3300, 32.2000, 32.3300, 29236
2016-12-16, 32.2850, 32.5400, 32.2850, 32.3600, 15062
2016-12-19, 32.6000, 32.6000, 32.3600, 32.3700, 15667
2016-12-20, 32.3700, 32.5121, 32.3700, 32.5000, 16644
2016-12-21, 32.7300, 32.7700, 32.5800, 32.6700, 86122
2016-12-22, 32.4000, 32.4900, 32.3500, 32.3500, 73698
2016-12-23, 32.7500, 32.9100, 32.7500, 32.8700, 21173
2016-12-27, 32.9499, 32.9499, 32.9200, 32.9200, 994
2016-12-28, 32.7900, 32.7900, 32.5500, 32.6200, 2169
2016-12-29, 32.8000, 32.8500, 32.8000, 32.8300, 2952
2016-12-30, 33.0800, 33.0800, 32.8500, 32.9000, 9773
2017-01-03, 32.9600, 33.0600, 32.8600, 33.0400, 19146
2017-01-04, 33.0900, 33.3000, 33.0700, 33.3000, 43511
2017-01-05, 33.2400, 33.5800, 33.2200, 33.5700, 36139
2017-01-06, 33.4100, 33.5305, 33.4100, 33.4400, 15085
2017-01-09, 33.1900, 33.3000, 33.1200, 33.1650, 44633
2017-01-10, 33.2000, 33.2450, 33.0400, 33.0400, 15893
2017-01-11, 32.7400, 33.1300, 32.7400, 33.1100, 11031
2017-01-12, 32.9300, 33.0400, 32.9300, 33.0000, 8885
2017-01-13, 33.1900, 33.2500, 33.1600, 33.2500, 12492
2017-01-17, 32.9900, 33.1400, 32.9900, 33.1000, 15237
2017-01-18, 33.0600, 33.0600, 32.9800, 33.0400, 4921
2017-01-19, 33.2000, 33.2500, 33.0900, 33.2200, 20664
2017-01-20, 33.5600, 33.6300, 33.5200, 33.6300, 12413
2017-01-23, 33.5400, 33.6100, 33.4400, 33.5800, 29826
2017-01-24, 33.7400, 33.9337, 33.7400, 33.8700, 12015
2017-01-25, 33.9500, 33.9900, 33.8300, 33.9900, 2384
2017-01-26, 33.7500, 33.7800, 33.6700, 33.7200, 10839
2017-01-27, 33.8000, 33.8200, 33.7500, 33.8200, 4799
2017-01-30, 33.3000, 33.4800, 33.2900, 33.4800, 13290
2017-01-31, 33.1730, 33.2000, 33.0000, 33.1400, 116900
2017-02-01, 33.2600, 33.3600, 33.1100, 33.3600, 34830
2017-02-02, 33.6200, 33.7600, 33.5100, 33.5800, 55122
2017-02-03, 33.4000, 33.4900, 33.3500, 33.4300, 15809
2017-02-06, 33.2200, 33.2200, 33.0500, 33.1400, 15486
2017-02-07, 33.2200, 33.2200, 33.1400, 33.2200, 18526
2017-02-08, 33.0600, 33.2400, 33.0500, 33.2400, 9864
2017-02-09, 33.3600, 33.3600, 33.2300, 33.2500, 11261
2017-02-10, 33.1300, 33.3600, 33.1300, 33.2900, 93336
2017-02-13, 33.4200, 33.5000, 33.4200, 33.4600, 35697
2017-02-14, 33.4400, 33.4500, 33.3800, 33.4500, 5780
2017-02-15, 33.5500, 33.6100, 33.5300, 33.6100, 5033
2017-02-16, 33.9000, 33.9400, 33.8500, 33.9400, 4886
2017-02-17, 33.6300, 33.7000, 33.5700, 33.7000, 6616
2017-02-21, 33.6500, 33.7700, 33.6000, 33.7700, 7632
2017-02-22, 33.5400, 33.7000, 33.4000, 33.6800, 6530
2017-02-23, 33.7000, 33.8100, 33.6400, 33.7500, 12862
2017-02-24, 33.3500, 33.4400, 33.3400, 33.4000, 12972
2017-02-27, 33.4800, 33.5900, 33.4800, 33.5000, 4332
2017-02-28, 33.5300, 33.5800, 33.4200, 33.4500, 4313
2017-03-01, 33.7162, 34.0100, 33.7162, 33.8800, 13119
2017-03-02, 33.7900, 33.8700, 33.7794, 33.7795, 4604
2017-03-03, 33.9100, 34.2100, 33.8900, 34.1800, 6270
2017-03-06, 34.1199, 34.1199, 33.9900, 34.0600, 2521
2017-03-07, 33.9300, 33.9900, 33.8900, 33.8900, 12370
2017-03-08, 33.8100, 33.8950, 33.7400, 33.7400, 23712
2017-03-09, 33.9300, 33.9300, 33.8900, 33.8900, 2936
2017-03-10, 34.1600, 34.3500, 34.1600, 34.3200, 6755
2017-03-13, 34.2200, 34.3400, 34.2160, 34.3400, 6387
2017-03-14, 34.1200, 34.2400, 34.1100, 34.1900, 3021
2017-03-15, 34.2800, 34.7000, 34.2800, 34.6900, 9635
2017-03-16, 34.8700, 35.0900, 34.8700, 35.0900, 10721
2017-03-17, 35.0000, 35.2400, 34.9900, 35.1800, 19278
2017-03-20, 35.2300, 35.3400, 35.2300, 35.2300, 4010
2017-03-21, 35.2400, 35.3600, 34.8600, 34.8900, 13349
2017-03-22, 34.7200, 34.9000, 34.7200, 34.8900, 3649
2017-03-23, 34.9300, 35.0400, 34.9300, 34.9900, 4585
2017-03-24, 35.0000, 35.1600, 35.0000, 35.1000, 8514
2017-03-27, 35.0800, 35.3100, 35.0800, 35.2600, 938
2017-03-28, 35.0900, 35.2300, 35.0800, 35.2000, 10054
2017-03-29, 34.8200, 35.0800, 34.8200, 35.0800, 13641
2017-03-30, 34.8350, 34.8500, 34.7700, 34.7700, 1674
2017-03-31, 34.9300, 35.1000, 34.8200, 34.9500, 4020
2017-04-03, 34.9700, 34.9700, 34.6400, 34.8800, 36214
2017-04-04, 34.9300, 35.0400, 34.7800, 35.0400, 3867
2017-04-05, 34.8700, 34.9100, 34.7000, 34.7000, 15325
2017-04-06, 34.9460, 34.9460, 34.8500, 34.9000, 2290
2017-04-07, 34.9700, 35.0001, 34.9400, 34.9400, 2671
2017-04-10, 35.0400, 35.0500, 34.9700, 35.0100, 16091
2017-04-11, 35.0700, 35.0700, 34.9000, 35.0100, 2838
2017-04-12, 35.1800, 35.2800, 35.1400, 35.2499, 4186
2017-04-13, 35.3400, 35.3400, 35.2300, 35.2300, 228
2017-04-17, 35.4600, 35.5000, 35.4200, 35.4400, 11257
2017-04-18, 35.3000, 35.3300, 35.0700, 35.3300, 7868
2017-04-19, 35.2900, 35.3200, 35.0200, 35.0500, 3618
2017-04-20, 35.7400, 35.7700, 35.6100, 35.6800, 12380
2017-04-21, 35.4800, 35.5200, 35.3600, 35.5200, 2219
2017-04-24, 36.5700, 36.7800, 36.5700, 36.7600, 14693
2017-04-25, 37.1000, 37.3700, 37.0800, 37.3500, 5300
2017-04-26, 37.2600, 37.3400, 37.1700, 37.2500, 20625
2017-04-27, 37.3200, 37.5600, 37.2800, 37.5200, 10838
2017-04-28, 37.5100, 37.5600, 37.4100, 37.5000, 14490
2017-05-01, 37.7700, 37.7700, 37.5300, 37.5300, 3789
2017-05-02, 37.8201, 38.1400, 37.8200, 38.1400, 4820
2017-05-03, 37.8400, 37.9100, 37.7900, 37.9100, 26679
2017-05-04, 38.1100, 38.4900, 38.1100, 38.4800, 16310
2017-05-05, 38.3600, 39.0700, 38.3600, 39.0400, 7814
2017-05-08, 38.2884, 38.4900, 38.2884, 38.4900, 933
2017-05-09, 38.4400, 38.4400, 38.3700, 38.3700, 3329
2017-05-10, 38.3100, 38.4800, 38.2000, 38.4400, 7262
2017-05-11, 38.3800, 38.3900, 38.1500, 38.3700, 10403
2017-05-12, 38.1700, 38.4700, 38.1500, 38.4700, 4904
2017-05-15, 38.7000, 38.8800, 38.6700, 38.8800, 6868
2017-05-16, 38.9600, 39.2399, 38.9600, 39.2399, 5158
2017-05-17, 38.8500, 38.9000, 38.3900, 38.4800, 29069
2017-05-18, 38.4100, 38.4500, 38.3066, 38.4300, 4238
2017-05-19, 39.0000, 39.2100, 39.0000, 39.2100, 10436
2017-05-22, 39.2800, 39.3700, 39.2141, 39.3500, 22953
2017-05-23, 40.2250, 40.2250, 39.7522, 39.7522, 17863
2017-05-24, 39.9826, 40.1800, 39.8800, 40.1096, 7189
2017-05-25, 40.1100, 40.2790, 39.9900, 40.0600, 18087
2017-05-26, 39.7900, 40.0500, 39.7900, 40.0500, 11345
2017-05-30, 39.8200, 39.8200, 39.7301, 39.8200, 2390
2017-05-31, 39.8200, 39.8900, 39.6200, 39.7150, 17144
2017-06-01, 40.0400, 40.4100, 40.0400, 40.4100, 6252
2017-06-02, 40.9300, 40.9300, 40.5800, 40.7500, 18913
2017-06-05, 40.6500, 40.6500, 40.4300, 40.5400, 4831
2017-06-06, 40.3100, 40.5177, 40.3100, 40.4000, 8419
2017-06-07, 40.9200, 40.9200, 40.5451, 40.6800, 13256
2017-06-08, 40.4400, 40.7800, 40.3100, 40.3800, 10508
2017-06-09, 40.5262, 40.6000, 40.2800, 40.3500, 12067
2017-06-12, 40.4100, 40.4100, 40.0100, 40.1595, 14742
2017-06-13, 40.4800, 40.7399, 40.4800, 40.6600, 10147
2017-06-14, 40.8388, 40.8388, 40.6100, 40.6200, 6663
2017-06-15, 40.0100, 40.1100, 39.8000, 40.0100, 6933
2017-06-16, 40.2400, 40.6000, 40.2400, 40.6000, 10359
2017-06-19, 41.0400, 41.0400, 40.8600, 40.9100, 13503
2017-06-20, 39.6000, 39.6200, 39.3800, 39.4713, 9659
2017-06-21, 39.1400, 39.3350, 39.1400, 39.3100, 5700
2017-06-22, 39.1000, 39.1200, 39.0800, 39.1000, 2591
2017-06-23, 39.0950, 39.2800, 39.0950, 39.2300, 4917
2017-06-26, 39.3300, 39.4600, 39.1900, 39.2200, 8277
2017-06-27, 39.0300, 39.2200, 39.0100, 39.1600, 16018
2017-06-28, 39.2188, 39.4400, 39.2188, 39.4050, 7482
2017-06-29, 39.0200, 39.0700, 38.6200, 38.8300, 23403
2017-06-30, 38.8900, 39.2000, 38.7100, 38.9800, 83351
2017-07-03, 38.9800, 39.1200, 38.9711, 39.0800, 5060
2017-07-05, 39.2700, 39.4400, 39.0900, 39.3500, 41832
2017-07-06, 38.9300, 39.3700, 38.9300, 39.2500, 50480
2017-07-07, 39.1300, 39.4700, 39.0900, 39.4600, 13663
2017-07-10, 39.3600, 39.7800, 39.3600, 39.6500, 24339
2017-07-11, 39.5300, 39.8600, 39.4100, 39.7000, 7557
2017-07-12, 40.0300, 40.1395, 39.9900, 40.0300, 5555
2017-07-13, 40.2100, 40.2200, 40.0400, 40.2200, 16977
2017-07-14, 40.1800, 40.4600, 40.1600, 40.4600, 4047
2017-07-17, 40.4000, 40.5000, 40.4000, 40.4300, 7451
2017-07-18, 40.3900, 40.3900, 40.2600, 40.3800, 6280
2017-07-19, 40.1200, 40.1699, 40.0100, 40.1400, 8083
2017-07-20, 40.1975, 40.3600, 40.1975, 40.3600, 4027
2017-07-21, 39.8000, 40.0300, 39.8000, 40.0100, 2830
2017-07-24, 39.6755, 39.7300, 39.6100, 39.7300, 10417
2017-07-25, 39.1100, 39.1200, 39.0591, 39.1000, 11935
2017-07-26, 39.3500, 39.7100, 39.3200, 39.5900, 11416
2017-07-27, 39.8528, 39.8528, 39.5100, 39.8000, 3802
2017-07-28, 39.5100, 39.7300, 39.5100, 39.7300, 3748
2017-07-31, 39.6500, 39.6800, 39.5100, 39.5900, 15173
2017-08-01, 39.9900, 40.0700, 39.8500, 40.0700, 7697
2017-08-02, 40.1700, 40.1700, 40.0600, 40.0900, 2510
2017-08-03, 40.1700, 40.2200, 40.0800, 40.2200, 26295
2017-08-04, 40.3500, 40.3500, 40.1000, 40.1800, 8484
2017-08-07, 40.2600, 40.3200, 40.1050, 40.2500, 19285
2017-08-08, 40.2700, 40.2700, 39.9450, 39.9450, 11590
2017-08-09, 39.6300, 39.9000, 39.4300, 39.9000, 8539
2017-08-10, 39.5800, 39.6400, 39.2300, 39.2300, 15600
2017-08-11, 39.3400, 39.3700, 39.1900, 39.3500, 3688
2017-08-14, 39.7300, 39.7300, 39.5300, 39.5300, 2785
2017-08-15, 39.5400, 39.5400, 39.2722, 39.4900, 5850
2017-08-16, 39.6000, 39.8499, 39.6000, 39.8100, 12148
2017-08-17, 39.6400, 39.6900, 39.3500, 39.4000, 4516
2017-08-18, 39.2100, 39.3400, 39.2100, 39.2800, 6769
2017-08-21, 39.4000, 39.5900, 39.2000, 39.3000, 6966
2017-08-22, 39.5000, 39.5955, 39.4900, 39.5000, 1866
2017-08-23, 39.7400, 39.7821, 39.6450, 39.7821, 2096
2017-08-24, 39.6800, 39.6800, 39.5000, 39.5100, 3381
2017-08-25, 39.7100, 39.9879, 39.7100, 39.9600, 7644
2017-08-28, 39.8500, 39.8600, 39.7200, 39.7900, 6270
2017-08-29, 39.4400, 39.6506, 39.4100, 39.5900, 1617
2017-08-30, 39.5660, 39.6000, 39.5000, 39.5750, 3759
2017-08-31, 39.7899, 39.8497, 39.6100, 39.8000, 3341
2017-09-01, 40.1300, 40.1300, 39.9450, 39.9450, 4356
2017-09-05, 40.3800, 40.3800, 39.3700, 39.5240, 6046
2017-09-06, 39.9700, 40.0800, 39.7955, 40.0200, 6939
2017-09-07, 40.2401, 40.4199, 40.2401, 40.4199, 7788
2017-09-08, 40.1500, 40.2100, 40.1000, 40.2100, 2999
2017-09-11, 40.4000, 40.5000, 40.3800, 40.3800, 1565
2017-09-12, 40.5600, 40.7399, 40.5600, 40.6350, 3612
2017-09-13, 40.4050, 40.4299, 40.1410, 40.2700, 3282
2017-09-14, 40.0700, 40.2000, 39.9900, 40.2000, 2666
2017-09-15, 40.5100, 40.5100, 40.3300, 40.3689, 15101
2017-09-18, 40.7400, 40.7800, 40.5800, 40.5900, 4061
2017-09-19, 40.7344, 40.8081, 40.6401, 40.7800, 3079
2017-09-20, 40.8500, 40.8700, 40.4844, 40.6500, 2314
2017-09-21, 40.5000, 40.5450, 40.4400, 40.4400, 1571
2017-09-22, 40.3300, 40.4408, 40.3300, 40.3800, 3242
2017-09-25, 40.1100, 40.1750, 39.8800, 39.9672, 4901
2017-09-26, 39.9072, 39.9072, 39.7600, 39.8600, 3347
2017-09-27, 39.6401, 39.7850, 39.5950, 39.7849, 4788
2017-09-28, 40.0400, 40.2400, 40.0400, 40.2200, 4805
2017-09-29, 40.3000, 40.5399, 40.2300, 40.4900, 12698
2017-10-02, 40.2200, 40.3590, 40.1201, 40.3400, 37812
2017-10-03, 40.4808, 40.5900, 40.4550, 40.4600, 4367
2017-10-04, 40.5200, 40.6100, 40.4000, 40.4599, 30893
2017-10-05, 40.4068, 40.4900, 40.3800, 40.4000, 16888
2017-10-06, 40.3300, 40.4500, 40.2500, 40.4500, 16756
2017-10-09, 40.5700, 40.6700, 40.5600, 40.6300, 19948
2017-10-10, 40.7300, 40.9200, 40.6600, 40.9200, 3007
2017-10-11, 40.9100, 40.9100, 40.7400, 40.9100, 24334
2017-10-12, 40.8300, 40.8400, 40.7900, 40.7900, 4788
2017-10-13, 41.0207, 41.0267, 40.7810, 40.7810, 7656
2017-10-16, 40.8000, 40.8450, 40.7700, 40.8000, 5336
2017-10-17, 40.6400, 40.6900, 40.6000, 40.6800, 2312
2017-10-18, 40.7900, 40.8200, 40.6700, 40.7700, 3908
2017-10-19, 40.8950, 40.8950, 40.8200, 40.8900, 6147
2017-10-20, 41.0900, 41.2193, 41.0400, 41.0600, 23352
2017-10-23, 41.2582, 41.2831, 41.2200, 41.2496, 2892
2017-10-24, 41.2900, 41.4100, 41.2774, 41.3800, 2520
2017-10-25, 41.3311, 41.4000, 41.1700, 41.3500, 8133
2017-10-26, 39.7000, 39.7700, 39.5000, 39.5200, 9765
2017-10-27, 39.8300, 39.8400, 39.6700, 39.7410, 9131
2017-10-30, 39.6200, 39.6200, 39.4600, 39.5000, 7877
2017-10-31, 39.5900, 39.5900, 39.3238, 39.3550, 8033
2017-11-01, 39.7100, 39.7200, 39.5500, 39.5600, 3425
2017-11-02, 39.8900, 40.0900, 39.6925, 40.0100, 172411
2017-11-03, 39.7700, 39.8800, 39.5600, 39.8500, 39918
2017-11-06, 39.7800, 40.0100, 39.7800, 40.0000, 19555
2017-11-07, 39.6204, 39.6204, 39.3300, 39.5700, 11051
2017-11-08, 39.3400, 39.7000, 39.3250, 39.6500, 7571
2017-11-09, 39.0400, 39.1400, 38.8500, 39.0100, 20210
2017-11-10, 39.0700, 39.1307, 38.9200, 39.0100, 29374
2017-11-13, 38.7300, 38.8600, 38.7100, 38.8600, 7215
2017-11-14, 38.8200, 39.0300, 38.8200, 39.0300, 5067
2017-11-15, 38.7800, 38.9490, 38.7800, 38.9300, 5488
2017-11-16, 39.2200, 39.4000, 39.1700, 39.2800, 9492
2017-11-17, 39.1000, 39.2208, 39.0300, 39.1300, 10271
2017-11-20, 39.3200, 39.3200, 39.1700, 39.1800, 24909
2017-11-21, 39.3396, 39.4000, 39.2800, 39.2800, 4834
2017-11-22, 39.4650, 39.4900, 39.2100, 39.3500, 11462
2017-11-24, 39.6500, 39.7200, 39.5900, 39.6000, 13476
2017-11-27, 39.3200, 39.3800, 39.1871, 39.2100, 8171
2017-11-28, 39.1110, 39.3600, 39.1110, 39.3100, 13164
2017-11-29, 39.3200, 39.3300, 39.1700, 39.1900, 23797
2017-11-30, 39.2127, 39.3900, 39.1400, 39.3400, 15551
2017-12-01, 39.1500, 39.1500, 38.7300, 39.0000, 28804
2017-12-04, 38.8200, 38.8800, 38.7500, 38.7500, 7103
2017-12-05, 38.6950, 38.7500, 38.5172, 38.5400, 17447
2017-12-06, 38.2600, 38.6600, 38.2600, 38.6139, 10395
2017-12-07, 38.4800, 38.5400, 38.3900, 38.3900, 10160
2017-12-08, 38.6000, 38.6000, 38.4500, 38.5800, 9372
2017-12-11, 38.6100, 38.6700, 38.4800, 38.6400, 201268
2017-12-12, 38.4700, 38.4800, 38.3700, 38.4800, 5964
2017-12-13, 38.6100, 38.9000, 38.5900, 38.8900, 19396
2017-12-14, 38.7000, 38.8550, 38.4700, 38.4700, 31165
2017-12-15, 38.5500, 38.6300, 38.4906, 38.6100, 10458
2017-12-18, 39.1300, 39.2200, 39.0100, 39.0100, 7063
2017-12-19, 39.0500, 39.1570, 38.9600, 39.0400, 11457
2017-12-20, 38.9900, 39.0300, 38.9300, 38.9900, 5893
2017-12-21, 39.0900, 39.2136, 39.0900, 39.1928, 6499
2017-12-22, 39.1400, 39.2100, 39.0700, 39.2100, 8774
2017-12-26, 39.3400, 39.3600, 39.1400, 39.2000, 17506
2017-12-27, 39.1500, 39.3200, 39.1500, 39.3000, 21574
2017-12-28, 39.4400, 39.4400, 39.3200, 39.4000, 17416
2017-12-29, 39.4198, 39.5050, 39.3925, 39.4200, 3948
2018-01-02, 39.7300, 39.8010, 39.6700, 39.7900, 17260
2018-01-03, 40.0008, 40.0400, 39.9600, 39.9800, 2757
2018-01-04, 40.4200, 40.5100, 40.4200, 40.4400, 3549
2018-01-05, 40.5000, 40.6515, 40.4561, 40.6515, 3313
2018-01-08, 40.4800, 40.5200, 40.4440, 40.4700, 2350
2018-01-09, 40.5248, 40.6800, 40.5248, 40.6800, 2397
2018-01-10, 40.4600, 40.4700, 40.4201, 40.4700, 2954
2018-01-11, 40.5700, 40.6200, 40.5578, 40.5747, 3097
2018-01-12, 40.7900, 41.2050, 40.7900, 41.1875, 4098
2018-01-16, 41.3000, 41.3100, 41.1900, 41.2700, 10011
2018-01-17, 41.2800, 41.5100, 41.2400, 41.4000, 45488
2018-01-18, 41.3600, 41.5207, 41.3600, 41.5000, 7345
2018-01-19, 41.7200, 41.8600, 41.7200, 41.8500, 2309
2018-01-22, 42.1200, 42.2186, 42.0000, 42.1100, 6874
2018-01-23, 42.0810, 42.2300, 42.0810, 42.1900, 1499
2018-01-24, 42.2100, 42.2715, 42.1000, 42.2600, 13352
2018-01-25, 42.2000, 42.2000, 41.7000, 41.7300, 7163
2018-01-26, 42.0600, 42.1680, 41.9911, 42.1000, 8989
2018-01-29, 42.0750, 42.1000, 41.9000, 42.0000, 7649
2018-01-30, 42.0800, 42.0900, 41.7670, 41.8900, 10122
2018-01-31, 41.8000, 41.9100, 41.7500, 41.8000, 2095
2018-02-01, 42.6200, 43.4090, 42.6200, 43.3400, 9344
2018-02-02, 43.0000, 43.0000, 42.3800, 42.3800, 9065
2018-02-05, 42.2200, 42.3707, 40.9600, 41.2000, 35261
2018-02-06, 40.4200, 41.9056, 40.4200, 41.7600, 49642
2018-02-07, 41.8100, 42.0600, 41.5100, 41.5400, 12170
2018-02-08, 41.3000, 41.3000, 40.3300, 40.3300, 30086
2018-02-09, 40.5700, 40.8000, 39.6700, 40.6500, 11660
2018-02-12, 40.9700, 41.3200, 40.9700, 41.1200, 7582
2018-02-13, 41.1799, 41.1800, 41.1799, 41.1800, 737
2018-02-14, 41.8000, 42.2080, 41.8000, 42.1385, 1819
2018-02-15, 42.6190, 42.7800, 42.5400, 42.6300, 3226
2018-02-16, 42.8600, 43.1799, 42.8600, 43.1799, 2738
2018-02-20, 42.9000, 43.0500, 42.7500, 42.8300, 8183
2018-02-21, 43.0000, 43.2500, 42.5600, 42.5700, 30975
2018-02-22, 42.7700, 42.8200, 42.5200, 42.6700, 9884
2018-02-23, 42.7940, 42.9900, 42.7940, 42.9900, 1678
2018-02-26, 43.0800, 43.4000, 43.0500, 43.4000, 13034
2018-02-27, 43.0800, 43.0800, 42.7011, 42.7800, 7618
2018-02-28, 42.7300, 42.7300, 42.3100, 42.3200, 5666
2018-03-01, 42.1100, 42.1100, 41.7100, 41.9600, 9749
2018-03-02, 41.4662, 41.7800, 41.4662, 41.7800, 6261
2018-03-05, 41.7600, 42.1200, 41.7600, 42.0000, 5075
2018-03-06, 42.3806, 42.4390, 42.3200, 42.4145, 1108
2018-03-07, 42.3850, 42.7600, 42.3850, 42.6700, 3969
2018-03-08, 42.9500, 42.9500, 42.7600, 42.8000, 3388
2018-03-09, 43.0100, 43.0395, 43.0050, 43.0395, 2129
2018-03-12, 42.8700, 43.0399, 42.8001, 43.0200, 11461
2018-03-13, 42.8500, 42.8500, 42.6000, 42.6200, 4325
2018-03-14, 42.8407, 42.8407, 42.4400, 42.6000, 2166
2018-03-15, 42.7800, 42.7800, 42.5700, 42.6400, 66804
2018-03-16, 42.6000, 42.6300, 42.3300, 42.4300, 2431
2018-03-19, 42.4699, 42.4699, 42.2500, 42.3700, 4390
2018-03-20, 42.3299, 42.3299, 42.2344, 42.3050, 994
2018-03-21, 42.4000, 42.5000, 42.2759, 42.4800, 2791
2018-03-22, 42.0000, 42.0000, 41.6400, 41.6400, 1716
2018-03-23, 41.7000, 41.8090, 41.3400, 41.3400, 2498
2018-03-26, 41.9500, 42.0600, 41.5800, 42.0100, 4273
2018-03-27, 41.9900, 42.0900, 41.5700, 41.6100, 7339
2018-03-28, 41.6300, 41.9400, 41.5700, 41.6700, 9767
2018-03-29, 42.0100, 42.1900, 41.8500, 41.9400, 19663
2018-04-02, 42.0800, 42.0800, 41.3050, 41.5700, 43550
2018-04-03, 41.5100, 41.7200, 41.4200, 41.6500, 8298
2018-04-04, 41.0400, 41.5000, 41.0400, 41.4500, 7207
2018-04-05, 41.8300, 41.8920, 41.7200, 41.7200, 2416
2018-04-06, 41.9100, 41.9100, 41.4000, 41.4800, 8918
2018-04-09, 41.9000, 42.1700, 41.7500, 41.8900, 18600
2018-04-10, 42.2345, 42.3200, 42.1200, 42.1500, 8548
2018-04-11, 42.0600, 42.1800, 41.9200, 41.9200, 15014
2018-04-12, 42.5100, 42.5500, 42.2100, 42.4532, 10953
2018-04-13, 42.4900, 42.7300, 42.4600, 42.5952, 4009
2018-04-16, 42.5750, 42.9900, 42.5500, 42.8300, 14526
2018-04-17, 42.8900, 43.2900, 42.8900, 43.2400, 12699
2018-04-18, 43.2800, 43.5000, 43.2700, 43.4300, 15573
2018-04-19, 43.7386, 43.7386, 43.3800, 43.7100, 13793
2018-04-20, 43.7450, 43.7450, 43.4000, 43.5300, 12154
2018-04-23, 43.4400, 43.5500, 43.2700, 43.4600, 12868
2018-04-24, 43.0900, 43.1700, 42.8100, 43.0100, 19076
2018-04-25, 42.8200, 43.1700, 42.8100, 43.1000, 16687
2018-04-26, 43.3000, 43.5400, 43.2300, 43.3800, 4976
2018-04-27, 43.4400, 43.7500, 43.3100, 43.5700, 6270
2018-04-30, 43.4800, 43.6800, 43.4800, 43.5600, 23100
2018-05-01, 43.5900, 43.5900, 43.2403, 43.3150, 4235
2018-05-02, 43.4100, 43.4100, 42.9044, 42.9062, 9157
2018-05-03, 42.8800, 43.9000, 42.5000, 42.9450, 11940
2018-05-04, 43.0100, 43.4250, 42.9500, 43.1700, 10412
2018-05-07, 43.4300, 43.5200, 43.2650, 43.3000, 10235
2018-05-08, 43.4600, 43.7600, 43.4600, 43.5700, 29019
2018-05-09, 43.4600, 43.6800, 43.3900, 43.6800, 3479
2018-05-10, 43.7487, 44.0000, 43.6900, 43.8000, 7408
2018-05-11, 43.9900, 44.3800, 43.9900, 44.2400, 17191
2018-05-14, 44.0300, 44.1996, 44.0000, 44.0008, 5536
2018-05-15, 43.6800, 45.0100, 43.6000, 43.7900, 7042
2018-05-16, 43.7400, 44.0200, 43.7200, 43.9000, 4398
2018-05-17, 43.8250, 44.0400, 43.8100, 43.8500, 5534
2018-05-18, 43.8100, 44.0800, 43.7000, 43.8200, 5877
2018-05-21, 44.0700, 44.3000, 44.0664, 44.3000, 1070
2018-05-22, 44.3300, 44.4300, 44.2900, 44.3000, 5634
2018-05-23, 43.5600, 44.4600, 43.3499, 43.6800, 10723
2018-05-24, 43.6600, 43.6800, 43.3940, 43.6300, 6733
2018-05-25, 42.9500, 43.1500, 42.9500, 43.1500, 114985
2018-05-29, 42.3800, 42.3800, 41.8810, 42.0700, 17345
2018-05-30, 42.5950, 43.0000, 42.3400, 42.7400, 15532
2018-05-31, 42.8200, 43.1896, 42.8200, 43.0400, 9828
2018-06-01, 43.3900, 43.4400, 43.2400, 43.3300, 10656
2018-06-04, 43.8700, 43.8700, 43.6000, 43.6500, 39396
2018-06-05, 43.7000, 43.7000, 43.4000, 43.6000, 14226
2018-06-06, 43.8700, 44.1000, 43.8700, 44.0100, 7812
2018-06-07, 44.1800, 44.1800, 43.6800, 43.7200, 12634
2018-06-08, 44.0300, 44.5099, 43.7700, 44.1000, 46896
2018-06-11, 44.0300, 44.2500, 43.9600, 44.1500, 11429
2018-06-12, 43.9800, 44.0100, 43.6103, 43.7100, 19439
2018-06-13, 43.8600, 44.0200, 43.8300, 43.8728, 3606
2018-06-14, 43.5700, 43.8400, 43.5000, 43.5000, 17117
2018-06-15, 43.2900, 43.6350, 43.0600, 43.4700, 27153
2018-06-18, 42.7800, 43.2300, 42.7600, 42.9300, 6453
2018-06-19, 41.0500, 41.3400, 40.7900, 41.3200, 11063
2018-06-20, 41.0600, 41.4600, 41.0000, 41.1800, 19466
2018-06-21, 40.9400, 41.1200, 40.8500, 41.0200, 7135
2018-06-22, 41.1700, 41.4700, 40.8569, 41.1600, 14543
2018-06-25, 40.9700, 40.9700, 40.5700, 40.6552, 13171
2018-06-26, 40.5500, 40.7979, 40.5400, 40.7900, 7633
2018-06-27, 40.7400, 40.8400, 40.1000, 40.1900, 33736
2018-06-28, 40.1300, 40.3800, 40.0700, 40.1800, 51021
2018-06-29, 40.7500, 41.0400, 40.6800, 40.8058, 9725
2018-07-02, 40.1600, 40.4100, 40.0700, 40.4100, 38218
2018-07-03, 40.5000, 40.5000, 40.3500, 40.4800, 2572
2018-07-05, 40.5809, 40.6900, 40.5100, 40.5600, 3686
2018-07-06, 40.9700, 41.0200, 40.9588, 41.0200, 1788
2018-07-09, 41.4600, 41.4800, 41.3200, 41.4400, 4663
2018-07-10, 41.6800, 42.0200, 41.6800, 42.0100, 26699
2018-07-11, 41.3100, 41.3300, 41.0300, 41.2000, 8443
2018-07-12, 41.1400, 41.2900, 41.1400, 41.2100, 5265
2018-07-13, 40.8700, 41.0400, 40.8700, 40.9800, 1475
2018-07-16, 41.2000, 41.2000, 41.0900, 41.1400, 35461
2018-07-17, 41.5900, 41.6700, 41.5200, 41.6050, 26714
2018-07-18, 41.7700, 42.0100, 41.7700, 41.8400, 6608
2018-07-19, 41.4550, 41.6700, 41.3100, 41.5110, 26052
2018-07-20, 41.1900, 41.3200, 41.1700, 41.2150, 15449
2018-07-23, 41.0900, 41.2200, 40.9626, 41.2200, 6504
2018-07-24, 41.6800, 41.6800, 41.2800, 41.3400, 12503
2018-07-25, 41.4900, 41.9300, 41.2900, 41.9300, 10724
2018-07-26, 41.1550, 41.3200, 40.9800, 41.1000, 114878
2018-07-27, 41.2200, 41.3125, 40.9750, 41.0150, 163567
2018-07-30, 41.3500, 41.4350, 41.1150, 41.2400, 33804
2018-07-31, 41.3400, 41.3400, 40.9500, 40.9500, 17337
2018-08-01, 41.1100, 41.2700, 41.1000, 41.2400, 7200
2018-08-02, 40.6700, 40.8100, 40.6700, 40.7400, 7376
2018-08-03, 40.6950, 40.7940, 40.6950, 40.7300, 3295
2018-08-06, 40.5400, 40.6500, 40.5400, 40.6200, 2231
2018-08-07, 41.0500, 41.0500, 40.9400, 40.9400, 3063
2018-08-08, 41.0100, 41.0900, 40.9200, 41.0800, 7709
2018-08-09, 40.9105, 40.9105, 40.9105, 40.9105, 453
2018-08-10, 40.0200, 40.0500, 39.7900, 39.8000, 6423
2018-08-13, 39.7400, 39.8232, 39.5100, 39.5100, 8225
2018-08-14, 39.5100, 39.5304, 39.2810, 39.3600, 4870
2018-08-15, 38.9800, 38.9800, 38.6610, 38.8300, 7417
2018-08-16, 39.2900, 39.3300, 39.2800, 39.2800, 954
2018-08-17, 39.3382, 39.5600, 39.3382, 39.5300, 4241
2018-08-20, 39.9900, 40.0700, 39.9701, 39.9800, 10758
2018-08-21, 40.5100, 40.6326, 40.5100, 40.6326, 1349
2018-08-22, 40.9517, 41.0100, 40.9517, 40.9600, 10413
2018-08-23, 41.0800, 41.0800, 40.7522, 40.8700, 5230
2018-08-24, 41.1816, 41.1816, 41.0800, 41.1700, 3031
2018-08-27, 41.5900, 41.9200, 41.5890, 41.8646, 3011
2018-08-28, 42.3800, 42.4300, 42.2700, 42.2800, 3420
2018-08-29, 42.3623, 42.4200, 42.3200, 42.4150, 5128
2018-08-30, 42.0700, 42.0700, 41.9900, 42.0100, 2329
2018-08-31, 41.6509, 41.6509, 41.5200, 41.6400, 3176
2018-09-04, 41.0700, 41.0700, 40.7300, 40.9800, 7407
2018-09-05, 40.8800, 40.8800, 40.6217, 40.6500, 963
2018-09-06, 40.3700, 40.3700, 40.1100, 40.3300, 3090
2018-09-07, 39.7100, 40.1200, 39.6900, 39.9000, 4539
2018-09-10, 40.4300, 40.4300, 40.3200, 40.3538, 1203
2018-09-11, 40.2000, 40.3600, 40.2000, 40.3600, 1075
2018-09-12, 40.2300, 40.4391, 40.2300, 40.4200, 69095
2018-09-13, 40.9869, 41.0000, 40.5500, 40.6900, 26229
2018-09-14, 41.0399, 41.0399, 40.7950, 40.7950, 1239
2018-09-17, 41.1799, 41.1799, 40.9120, 40.9443, 3866
2018-09-18, 41.3500, 41.3500, 41.2500, 41.3308, 5361
2018-09-19, 41.1900, 41.5000, 41.1900, 41.5000, 4934
2018-09-20, 41.7800, 41.7800, 41.6849, 41.7800, 3130
2018-09-21, 42.0826, 42.0826, 42.0100, 42.0200, 3914
2018-09-24, 42.0400, 42.0400, 42.0300, 42.0300, 767
2018-09-25, 42.0300, 42.0300, 42.0300, 42.0300, 253
2018-09-26, 41.5700, 41.9067, 41.5700, 41.7450, 2078
2018-09-27, 42.1000, 42.1000, 41.9400, 41.9400, 1203
2018-09-28, 41.4800, 41.5141, 41.4600, 41.4800, 3680
2018-10-01, 41.2500, 41.3000, 41.0900, 41.0900, 8202
2018-10-02, 40.6500, 40.7086, 40.5700, 40.5700, 2275
2018-10-03, 40.8682, 40.8682, 40.6900, 40.7100, 7811
2018-10-04, 40.5500, 40.5500, 40.1200, 40.3300, 5005
2018-10-05, 40.1400, 40.1400, 39.8300, 39.9100, 3036
2018-10-08, 39.3000, 39.4394, 39.2535, 39.4394, 1391
2018-10-09, 39.0400, 39.3900, 39.0400, 39.2700, 6572
2018-10-10, 39.1000, 39.1000, 38.3600, 38.3600, 12542
2018-10-11, 38.2100, 38.4477, 37.8200, 37.9724, 6912
2018-10-12, 38.3000, 38.4000, 37.9100, 38.3969, 2884
2018-10-15, 38.1800, 38.3600, 38.1300, 38.1500, 2738
2018-10-16, 39.0800, 39.1900, 38.9450, 39.1900, 4560
2018-10-17, 38.6912, 38.6912, 38.6912, 38.6912, 689
2018-10-18, 38.2980, 38.2980, 38.2980, 38.2980, 288
2018-10-19, 37.9818, 38.1300, 37.9818, 38.0400, 34782
2018-10-22, 37.8300, 37.8300, 37.6400, 37.6601, 2667
2018-10-23, 36.6700, 37.0700, 36.4750, 36.9800, 26327
2018-10-24, 36.8000, 36.8000, 36.0000, 36.0000, 10196
2018-10-25, 36.5750, 36.6150, 36.5000, 36.6150, 6657
2018-10-26, 36.9400, 37.4600, 36.9400, 37.2500, 10567
2018-10-29, 37.1100, 37.1100, 36.6700, 36.7600, 8271
2018-10-30, 36.8700, 36.9200, 36.8500, 36.8500, 1260
2018-10-31, 37.6400, 37.6400, 37.2500, 37.2700, 10639
2018-11-01, 37.8000, 37.8000, 37.5300, 37.6500, 114101
2018-11-02, 38.3742, 38.3742, 38.1007, 38.3100, 4147
2018-11-05, 38.3199, 38.3199, 38.1800, 38.2600, 4458
2018-11-06, 38.3040, 38.3200, 38.0300, 38.2200, 10049
2018-11-07, 38.6700, 38.8800, 38.6000, 38.6600, 8609
2018-11-08, 38.7150, 38.7150, 38.2200, 38.2200, 3379
2018-11-09, 38.1050, 38.1050, 37.7500, 37.8850, 3486
