2016-01-04, 11.8600, 11.9000, 11.6200, 11.7300, 628668
2016-01-05, 11.7500, 11.7500, 11.6180, 11.7400, 387477
2016-01-06, 11.5800, 11.6500, 11.4800, 11.5100, 451988
2016-01-07, 11.2100, 11.2500, 11.0100, 11.0700, 830919
2016-01-08, 11.1400, 11.2200, 10.9300, 11.0400, 962743
2016-01-11, 11.1600, 11.2000, 10.9700, 11.0400, 1080186
2016-01-12, 11.1200, 11.1300, 10.8250, 10.9800, 708540
2016-01-13, 11.0100, 11.1400, 11.0100, 11.0800, 848864
2016-01-14, 11.1100, 11.4400, 11.0600, 11.3500, 1473988
2016-01-15, 11.1000, 11.1000, 10.7900, 10.9100, 1485073
2016-01-19, 11.0400, 11.0500, 10.6899, 10.7800, 843808
2016-01-20, 10.5800, 10.7250, 10.3300, 10.6500, 1116997
2016-01-21, 10.6400, 10.9650, 10.5800, 10.8800, 1154356
2016-01-22, 11.2100, 11.4600, 11.1800, 11.3500, 1136311
2016-01-25, 11.3400, 11.3600, 11.1000, 11.1000, 734806
2016-01-26, 11.1100, 11.2000, 11.0950, 11.1300, 1034479
2016-01-27, 11.1200, 11.3050, 11.0889, 11.2000, 1206553
2016-01-28, 11.3300, 11.4250, 11.2200, 11.3500, 1573723
2016-01-29, 11.4700, 11.9600, 11.4700, 11.7900, 2859341
2016-02-01, 11.7200, 12.1400, 11.7200, 12.1400, 1425175
2016-02-02, 11.9700, 11.9900, 11.8300, 11.8500, 828966
2016-02-03, 11.9100, 12.0200, 11.7500, 11.9500, 1936190
2016-02-04, 12.0300, 12.3000, 12.0300, 12.1700, 1834934
2016-02-05, 12.1500, 12.2650, 11.9800, 12.1800, 2030495
2016-02-08, 12.0600, 12.1900, 11.8800, 12.0500, 548283
2016-02-09, 11.9400, 12.1100, 11.8110, 12.0000, 923113
2016-02-10, 12.0000, 12.2600, 11.9500, 12.1700, 707829
2016-02-11, 11.9700, 11.9750, 11.8100, 11.8300, 1638866
2016-02-12, 12.0000, 12.1600, 11.8200, 12.1500, 1200508
2016-02-16, 12.3600, 12.5100, 12.2300, 12.4900, 767174
2016-02-17, 12.6000, 12.8100, 12.5800, 12.7900, 943996
2016-02-18, 12.8100, 12.9600, 12.7400, 12.9200, 1023418
2016-02-19, 12.8400, 12.8800, 12.6800, 12.7700, 753012
2016-02-22, 12.8800, 12.9750, 12.8500, 12.9400, 883673
2016-02-23, 12.8600, 12.8600, 12.6200, 12.6700, 363940
2016-02-24, 12.5800, 12.6700, 12.4000, 12.6400, 345063
2016-02-25, 12.7000, 12.8900, 12.6600, 12.8800, 507616
2016-02-26, 12.9900, 13.0300, 12.6900, 12.6900, 921488
2016-02-29, 12.8500, 12.8800, 12.6000, 12.6400, 788418
2016-03-01, 12.7800, 12.9500, 12.7200, 12.9200, 618714
2016-03-02, 12.9100, 13.1400, 12.8400, 13.1200, 473266
2016-03-03, 13.1600, 13.5100, 13.0600, 13.5100, 534340
2016-03-04, 13.4900, 13.6000, 13.3400, 13.5600, 866244
2016-03-07, 13.4800, 13.6700, 13.4450, 13.5000, 463584
2016-03-08, 13.4100, 13.5650, 13.2600, 13.3600, 770398
2016-03-09, 13.3900, 13.5900, 13.2900, 13.2900, 1176388
2016-03-10, 13.3100, 13.4100, 13.1600, 13.3700, 1083403
2016-03-11, 13.4500, 13.5200, 13.3700, 13.5100, 804220
2016-03-14, 13.4200, 13.6500, 13.3400, 13.6200, 774799
2016-03-15, 13.4700, 13.4700, 13.2300, 13.2900, 863500
2016-03-16, 13.2700, 13.4200, 13.1200, 13.4200, 553475
2016-03-17, 13.4900, 13.7700, 13.4900, 13.7200, 802162
2016-03-18, 13.7300, 13.8700, 13.6300, 13.8400, 1034604
2016-03-21, 13.7800, 13.8800, 13.7289, 13.7900, 542197
2016-03-22, 13.6700, 13.9200, 13.6450, 13.7100, 651894
2016-03-23, 13.6400, 13.6400, 13.3100, 13.3200, 684945
2016-03-24, 13.2600, 13.3800, 13.0200, 13.3400, 1022376
2016-03-28, 13.2900, 13.3300, 13.1700, 13.2900, 634055
2016-03-29, 13.2900, 13.6000, 13.2100, 13.5700, 613214
2016-03-30, 13.6500, 13.8900, 13.6400, 13.8200, 1399533
2016-03-31, 13.7900, 13.9250, 13.7100, 13.9000, 1265333
2016-04-01, 13.7300, 14.0700, 13.6500, 14.0500, 709855
2016-04-04, 13.9700, 14.1000, 13.9300, 14.0000, 1108295
2016-04-05, 13.8600, 13.9100, 13.6700, 13.6900, 685701
2016-04-06, 13.5600, 13.6200, 13.2700, 13.3700, 1275547
2016-04-07, 13.2400, 13.3401, 13.1000, 13.2000, 874415
2016-04-08, 13.3000, 13.6450, 13.2400, 13.5100, 571145
2016-04-11, 13.6400, 13.7500, 13.5400, 13.5500, 532687
2016-04-12, 13.5900, 13.9000, 13.5389, 13.9000, 634834
2016-04-13, 13.9900, 14.0700, 13.8700, 13.9600, 678211
2016-04-14, 13.9900, 13.9900, 13.6800, 13.7800, 1063947
2016-04-15, 13.7100, 13.8500, 13.7100, 13.8500, 542773
2016-04-18, 13.7800, 13.8900, 13.6000, 13.6800, 1016856
2016-04-19, 13.7400, 14.2700, 13.7400, 14.2700, 776995
2016-04-20, 14.1800, 14.2350, 14.0500, 14.1100, 645289
2016-04-21, 14.0300, 14.0800, 13.6400, 13.8100, 831535
2016-04-22, 13.8200, 14.0200, 13.8200, 13.9300, 664790
2016-04-25, 13.9100, 13.9900, 13.7500, 13.8200, 712495
2016-04-27, 7.3800, 7.6600, 7.3800, 7.6000, 619536
2016-04-28, 7.5500, 8.2700, 7.5500, 8.0400, 1313516
2016-04-29, 8.0400, 8.6500, 8.0400, 8.5600, 1288388
2016-05-02, 8.5900, 8.6900, 8.3600, 8.6100, 1444281
2016-05-03, 8.3500, 8.4900, 8.2200, 8.4000, 1004251
2016-05-04, 8.3600, 8.5400, 8.3600, 8.4900, 1500485
2016-05-05, 8.5200, 8.5700, 8.3900, 8.4200, 667278
2016-05-06, 8.4100, 8.4700, 8.3100, 8.3100, 696885
2016-05-09, 8.2700, 8.3500, 8.2200, 8.3400, 615053
2016-05-10, 8.3500, 8.4600, 8.2350, 8.4300, 792948
2016-05-11, 8.4200, 8.4400, 8.2400, 8.3600, 704638
2016-05-12, 8.4100, 8.4700, 8.2500, 8.2700, 402261
2016-05-13, 8.1100, 8.1500, 7.9100, 7.9500, 834150
2016-05-16, 7.9700, 8.2300, 7.6700, 8.1200, 1906053
2016-05-17, 8.1200, 8.2500, 7.9900, 8.2300, 901630
2016-05-18, 8.2800, 8.3100, 8.0100, 8.0400, 1823631
2016-05-19, 8.0000, 8.1000, 7.8100, 7.9300, 1004008
2016-05-20, 7.9700, 8.0200, 7.8100, 7.8400, 380596
2016-05-23, 7.8600, 7.8600, 7.6900, 7.7000, 1003103
2016-05-24, 7.7500, 7.8000, 7.6900, 7.7300, 726028
2016-05-25, 7.7600, 7.8200, 7.7000, 7.7400, 1065600
2016-05-26, 7.7700, 7.8300, 7.7500, 7.7700, 652428
2016-05-27, 7.7800, 7.8300, 7.7350, 7.7500, 524123
2016-05-31, 7.7300, 7.7850, 7.5700, 7.6400, 987087
2016-06-01, 7.6100, 7.6800, 7.5000, 7.6600, 695881
2016-06-02, 7.6400, 7.6800, 7.6100, 7.6300, 467059
2016-06-03, 7.6300, 7.7800, 7.6300, 7.7700, 3118381
2016-06-06, 7.7700, 7.9900, 7.7400, 7.9900, 904433
2016-06-07, 7.9800, 8.1100, 7.9500, 8.0900, 824423
2016-06-08, 8.1200, 8.4200, 8.1200, 8.4100, 852926
2016-06-09, 8.3400, 8.3900, 8.2500, 8.2900, 1058899
2016-06-10, 8.2300, 8.2300, 8.0700, 8.1600, 760966
2016-06-13, 8.1000, 8.1400, 8.0200, 8.1300, 1088127
2016-06-14, 8.1300, 8.1500, 8.0600, 8.0900, 1291432
2016-06-15, 8.1100, 8.1700, 8.0600, 8.1500, 1096799
2016-06-16, 8.1200, 8.1500, 8.0200, 8.1400, 1216374
2016-06-17, 8.1000, 8.4100, 8.1000, 8.4100, 1163712
2016-06-20, 8.4900, 8.5650, 8.4500, 8.4700, 674372
2016-06-21, 8.5100, 8.5300, 8.4400, 8.4900, 769492
2016-06-22, 8.5200, 8.6200, 8.4400, 8.4500, 1343770
2016-06-23, 8.4700, 8.6300, 8.4700, 8.6200, 875856
2016-06-24, 8.3500, 8.4000, 8.1900, 8.3000, 907115
2016-06-27, 8.2800, 8.2800, 8.0050, 8.1200, 682721
2016-06-28, 8.1800, 8.5600, 8.1800, 8.5600, 949796
2016-06-29, 8.6100, 8.6600, 8.5500, 8.5800, 661570
2016-06-30, 8.5500, 8.6550, 8.4900, 8.5800, 1098262
2016-07-01, 8.6100, 8.7900, 8.5800, 8.6700, 518761
2016-07-05, 8.6800, 8.6800, 8.4400, 8.4800, 729496
2016-07-06, 8.4400, 8.5300, 8.2900, 8.3700, 1014819
2016-07-07, 8.3500, 8.4300, 8.3000, 8.3400, 710727
2016-07-08, 8.3600, 8.6800, 8.3400, 8.6600, 7844791
2016-07-11, 8.6600, 8.8301, 8.6100, 8.6600, 540304
2016-07-12, 8.6600, 8.7650, 8.6200, 8.6400, 527599
2016-07-13, 8.6400, 8.7211, 8.5400, 8.7000, 577715
2016-07-14, 8.7200, 8.8500, 8.6350, 8.8100, 596517
2016-07-15, 8.8000, 9.0100, 8.8000, 8.9900, 1076620
2016-07-18, 8.9800, 9.1200, 8.8900, 9.1100, 810562
2016-07-19, 9.1200, 9.1600, 8.9900, 9.0000, 1162960
2016-07-20, 9.0200, 9.0300, 8.8900, 8.9000, 1019325
2016-07-21, 8.8700, 8.9800, 8.8300, 8.8900, 915998
2016-07-22, 8.8900, 8.9900, 8.8600, 8.8600, 730441
2016-07-25, 8.8600, 8.9500, 8.7200, 8.7700, 1127898
2016-07-26, 8.7800, 8.7900, 8.6900, 8.7800, 527095
2016-07-27, 8.7600, 8.7900, 8.5700, 8.6200, 507984
2016-07-28, 8.5700, 8.6600, 8.5000, 8.6400, 511156
2016-07-29, 8.6500, 8.7000, 8.5800, 8.6800, 456770
2016-08-01, 8.6500, 8.7200, 8.5700, 8.5800, 1326825
2016-08-02, 8.5500, 8.7000, 8.5500, 8.6600, 1525095
2016-08-03, 8.6400, 8.9000, 8.5600, 8.8300, 1065354
2016-08-04, 8.8100, 8.9100, 8.7800, 8.8900, 1077554
2016-08-05, 8.8700, 8.9000, 8.8300, 8.8600, 630495
2016-08-08, 8.8600, 9.0350, 8.8400, 8.9300, 517493
2016-08-09, 8.9000, 9.0050, 8.8800, 8.9400, 398726
2016-08-10, 8.9300, 9.0100, 8.9200, 8.9700, 607841
2016-08-11, 8.9800, 9.0700, 8.9500, 9.0500, 684633
2016-08-12, 9.0400, 9.0800, 8.8600, 8.8600, 524930
2016-08-15, 8.8700, 8.9400, 8.7800, 8.7900, 259596
2016-08-16, 8.7900, 8.9000, 8.7400, 8.7400, 522546
2016-08-17, 8.7100, 8.7200, 8.5800, 8.6700, 516667
2016-08-18, 8.6900, 8.8150, 8.5700, 8.7300, 487891
2016-08-19, 8.7000, 8.7000, 8.5100, 8.5500, 415167
2016-08-22, 8.5700, 8.6300, 8.4400, 8.4600, 372045
2016-08-23, 8.5000, 8.5900, 8.4000, 8.4000, 534039
2016-08-24, 8.4100, 8.4400, 8.3000, 8.4000, 495983
2016-08-25, 8.3900, 8.5300, 8.3800, 8.5000, 384126
2016-08-26, 8.4900, 8.5700, 8.3200, 8.3500, 647320
2016-08-29, 8.3800, 8.4000, 8.3000, 8.3900, 349158
2016-08-30, 8.4100, 8.4700, 8.2800, 8.3600, 584269
2016-08-31, 8.3800, 8.3900, 8.2100, 8.3300, 805893
2016-09-01, 8.3200, 8.4300, 8.2300, 8.3200, 403681
2016-09-02, 8.3800, 8.5400, 8.3800, 8.5400, 501250
2016-09-06, 8.4200, 8.5500, 8.4200, 8.5000, 400456
2016-09-07, 8.5300, 8.5300, 8.4400, 8.4400, 479709
2016-09-08, 8.4500, 8.5550, 8.4000, 8.5500, 829142
2016-09-09, 8.4700, 8.4700, 8.3200, 8.3300, 732894
2016-09-12, 8.2800, 8.4100, 8.2600, 8.3800, 355809
2016-09-13, 8.3100, 8.3400, 8.1200, 8.1500, 383019
2016-09-14, 8.1800, 8.2400, 8.0950, 8.1800, 469364
2016-09-15, 8.2100, 8.2950, 8.1300, 8.2000, 357301
2016-09-16, 8.1300, 8.2900, 8.0800, 8.2100, 486804
2016-09-19, 8.2500, 8.3250, 8.2100, 8.2200, 477459
2016-09-20, 8.2500, 8.3350, 8.2400, 8.3100, 339891
2016-09-21, 8.3500, 8.5800, 8.3400, 8.5600, 329730
2016-09-22, 8.6100, 8.6400, 8.5600, 8.6200, 390949
2016-09-23, 8.5800, 8.5800, 8.5200, 8.5400, 274464
2016-09-26, 8.5200, 8.5500, 8.4000, 8.4200, 370254
2016-09-27, 8.4200, 8.4600, 8.3700, 8.3900, 258399
2016-09-28, 8.4200, 8.4400, 8.3600, 8.4200, 423928
2016-09-29, 8.3800, 8.5200, 8.2400, 8.2500, 429480
2016-09-30, 8.2800, 8.3000, 8.1600, 8.1900, 474224
2016-10-03, 8.1600, 8.3100, 8.0600, 8.3100, 920827
2016-10-04, 8.3000, 8.3500, 8.2400, 8.3300, 672936
2016-10-05, 8.3600, 8.3900, 8.2699, 8.3700, 937655
2016-10-06, 8.3300, 8.3700, 8.3000, 8.3300, 260350
2016-10-07, 8.3600, 8.3600, 8.2500, 8.3000, 624994
2016-10-10, 8.2800, 8.3300, 8.2400, 8.2500, 396711
2016-10-11, 8.2100, 8.3800, 8.2100, 8.3400, 544492
2016-10-12, 8.3200, 8.4500, 8.3100, 8.4200, 549199
2016-10-13, 8.3600, 8.3850, 8.2300, 8.3400, 555175
2016-10-14, 8.3800, 8.4200, 8.3200, 8.3900, 843065
2016-10-17, 8.3400, 8.4300, 8.3200, 8.4200, 683933
2016-10-18, 8.5100, 8.5300, 8.3800, 8.5300, 709583
2016-10-19, 8.5400, 8.9300, 8.5000, 8.9200, 1623715
2016-10-20, 8.9000, 8.9200, 8.8000, 8.8500, 1085457
2016-10-21, 8.7700, 8.8000, 8.7100, 8.7300, 1270492
2016-10-24, 8.7400, 8.8000, 8.7200, 8.7700, 565004
2016-10-25, 8.7800, 8.9200, 8.7700, 8.8300, 406636
2016-10-26, 8.7700, 8.8300, 8.6600, 8.6800, 796840
2016-10-27, 8.6500, 8.7400, 8.6300, 8.6800, 595611
2016-10-28, 8.6500, 8.7200, 8.5500, 8.5700, 836401
2016-10-31, 8.5700, 8.7000, 8.5600, 8.6700, 546774
2016-11-01, 8.6700, 8.6900, 8.4550, 8.4800, 520723
2016-11-02, 8.4700, 8.7100, 8.3789, 8.7000, 804944
2016-11-03, 8.7100, 8.7950, 8.6400, 8.6400, 589637
2016-11-04, 8.6600, 8.7200, 8.5700, 8.5700, 623639
2016-11-07, 8.6900, 8.7900, 8.5600, 8.7500, 784464
2016-11-08, 8.7200, 8.7800, 8.7000, 8.7000, 882032
2016-11-09, 8.5900, 8.7000, 8.5000, 8.5200, 764964
2016-11-10, 8.5000, 8.5400, 8.1500, 8.1500, 1457988
2016-11-11, 8.1000, 8.2400, 7.8800, 7.8800, 1415658
2016-11-14, 7.8400, 7.8700, 7.6700, 7.7000, 769944
2016-11-15, 7.7400, 7.8200, 7.6950, 7.7700, 850714
2016-11-16, 7.7500, 7.9500, 7.7300, 7.9300, 1358440
2016-11-17, 7.9000, 7.9800, 7.8000, 7.8600, 711459
2016-11-18, 7.8900, 7.9300, 7.8600, 7.9100, 501909
2016-11-21, 7.9700, 8.0700, 7.9500, 8.0600, 800921
2016-11-22, 8.1900, 8.2100, 8.0500, 8.1500, 582904
2016-11-23, 8.1100, 8.2750, 8.0800, 8.2500, 720461
2016-11-25, 8.2500, 8.2600, 8.0000, 8.1300, 534036
2016-11-28, 8.1300, 8.2600, 8.0700, 8.0800, 1602098
2016-11-29, 8.0300, 8.0300, 7.8990, 7.9500, 1443251
2016-11-30, 8.0100, 8.0400, 7.7500, 7.9900, 4171105
2016-12-01, 7.9700, 8.1000, 7.8300, 7.9700, 1287974
2016-12-02, 8.0000, 8.3000, 8.0000, 8.2500, 881350
2016-12-05, 8.2500, 8.4100, 8.2250, 8.3800, 596529
2016-12-06, 8.3600, 8.4200, 8.3200, 8.3300, 741758
2016-12-07, 8.3600, 8.5600, 8.3550, 8.4400, 901284
2016-12-08, 8.4400, 8.4933, 8.3250, 8.3500, 659236
2016-12-09, 8.3700, 8.4900, 8.3700, 8.4800, 1159032
2016-12-12, 8.4500, 8.4900, 8.3500, 8.4300, 219690
2016-12-13, 8.4400, 8.5850, 8.4200, 8.5500, 701761
2016-12-14, 8.3300, 8.6300, 8.3300, 8.3600, 1036163
2016-12-15, 8.3900, 8.5150, 8.3300, 8.5100, 820772
2016-12-16, 8.4500, 8.5400, 8.3300, 8.3900, 1273392
2016-12-19, 8.4000, 8.4100, 8.1350, 8.1800, 597929
2016-12-20, 8.1600, 8.1600, 8.0600, 8.1200, 605317
2016-12-21, 8.1400, 8.1500, 8.0400, 8.1100, 544895
2016-12-22, 8.0800, 8.1150, 8.0100, 8.0500, 596856
2016-12-23, 8.0100, 8.0300, 7.8000, 7.8900, 486352
2016-12-27, 7.9100, 7.9100, 7.7500, 7.8100, 361764
2016-12-28, 7.8500, 8.0650, 7.8100, 7.9600, 617854
2016-12-29, 8.0000, 8.2400, 8.0000, 8.2100, 517520
2016-12-30, 8.2000, 8.2500, 8.2000, 8.2100, 252352
2017-01-03, 8.2200, 8.3000, 8.0050, 8.0200, 581180
2017-01-04, 8.0700, 8.1850, 8.0400, 8.0600, 621071
2017-01-05, 8.1000, 8.2650, 8.0600, 8.2200, 710231
2017-01-06, 8.1700, 8.2500, 8.1700, 8.2100, 751889
2017-01-09, 8.1800, 8.2750, 8.1400, 8.2100, 561649
2017-01-10, 8.2300, 8.3100, 8.1800, 8.2700, 1037928
2017-01-11, 8.2100, 8.5300, 8.2100, 8.5100, 702753
2017-01-12, 8.5400, 8.7300, 8.5400, 8.6700, 1078511
2017-01-13, 8.6700, 8.7100, 8.5500, 8.6500, 454286
2017-01-17, 8.6500, 8.7900, 8.5800, 8.7400, 1125457
2017-01-18, 8.6600, 8.7700, 8.6450, 8.6900, 1270948
2017-01-19, 8.6600, 8.7500, 8.6250, 8.7300, 564176
2017-01-20, 8.7400, 8.9800, 8.6800, 8.9600, 1060573
2017-01-23, 8.9600, 8.9600, 8.7500, 8.9200, 1059724
2017-01-24, 8.8900, 8.9700, 8.8200, 8.8800, 896826
2017-01-25, 8.8500, 9.0200, 8.8400, 9.0100, 378086
2017-01-26, 9.0000, 9.1500, 8.9750, 9.0600, 850955
2017-01-27, 9.0100, 9.0800, 8.9100, 8.9200, 422535
2017-01-30, 8.9500, 8.9500, 8.7850, 8.8400, 728742
2017-01-31, 8.8600, 9.0800, 8.7900, 9.0300, 922753
2017-02-01, 9.0200, 9.1600, 8.9500, 9.1100, 954365
2017-02-02, 9.1500, 9.2900, 9.0900, 9.2300, 720169
2017-02-03, 9.2300, 9.4400, 9.1200, 9.4100, 1034947
2017-02-06, 9.3300, 9.4800, 9.3000, 9.4200, 759835
2017-02-07, 9.3900, 9.5000, 9.3200, 9.4900, 1384430
2017-02-08, 9.5000, 9.6000, 9.4300, 9.5800, 894024
2017-02-09, 9.5500, 9.6600, 9.3400, 9.6400, 1275674
2017-02-10, 9.6100, 9.6700, 9.5500, 9.6500, 911446
2017-02-13, 9.6700, 9.8600, 9.6400, 9.7800, 624331
2017-02-14, 9.7900, 9.8100, 9.6800, 9.7700, 1119460
2017-02-15, 9.7500, 9.8500, 9.7500, 9.8000, 1491648
2017-02-16, 9.8400, 9.9100, 9.8100, 9.8400, 851818
2017-02-17, 9.8300, 9.8500, 9.7300, 9.8100, 784162
2017-02-21, 9.7800, 9.8500, 9.7800, 9.8300, 751653
2017-02-22, 9.7900, 9.8050, 9.7200, 9.7400, 657896
2017-02-23, 9.8000, 9.8000, 9.6950, 9.7600, 951856
2017-02-24, 9.6800, 9.7100, 9.6000, 9.6200, 834932
2017-02-27, 9.6800, 9.7000, 9.6000, 9.6600, 703273
2017-02-28, 9.7000, 9.8000, 9.6400, 9.7500, 1410183
2017-03-01, 9.7500, 9.8000, 9.6900, 9.7400, 967584
2017-03-02, 9.6800, 9.6900, 9.6100, 9.6400, 1071373
2017-03-03, 9.6200, 9.7300, 9.6200, 9.7200, 719236
2017-03-06, 9.7000, 9.8800, 9.6500, 9.8500, 933133
2017-03-07, 9.8700, 9.9200, 9.7950, 9.8200, 1071922
2017-03-08, 9.8300, 9.9000, 9.7800, 9.8000, 890699
2017-03-09, 9.7800, 9.8100, 9.7300, 9.7700, 650653
2017-03-10, 9.8600, 9.8750, 9.7300, 9.7600, 1016094
2017-03-13, 9.7800, 9.9600, 9.7800, 9.9500, 878960
2017-03-14, 9.9400, 9.9500, 9.6300, 9.6600, 1276092
2017-03-15, 9.7000, 9.8800, 9.6300, 9.8600, 860308
2017-03-16, 9.9000, 10.0800, 9.8500, 9.9600, 809111
2017-03-17, 10.0000, 10.0800, 9.9900, 10.0000, 795065
2017-03-20, 10.0200, 10.0300, 9.9400, 9.9800, 565202
2017-03-21, 9.9900, 10.1700, 9.9900, 10.1000, 887093
2017-03-22, 10.0800, 10.0900, 9.9250, 10.0500, 946609
2017-03-23, 10.0500, 10.1701, 10.0500, 10.0700, 685451
2017-03-24, 10.1100, 10.2700, 10.0900, 10.1700, 554307
2017-03-27, 10.2000, 10.2400, 10.0600, 10.2100, 468353
2017-03-28, 10.2200, 10.7700, 10.2000, 10.7700, 1339602
2017-03-29, 10.7300, 10.7500, 10.5550, 10.7300, 1455634
2017-03-30, 10.7300, 10.7300, 10.4299, 10.5000, 1267776
2017-03-31, 10.5200, 10.5200, 10.3500, 10.3900, 1860389
2017-04-03, 10.4300, 10.5600, 10.3700, 10.5200, 1039409
2017-04-04, 10.4700, 10.5900, 10.4600, 10.5500, 895922
2017-04-05, 10.5600, 10.6300, 10.5100, 10.5500, 1188220
2017-04-06, 10.5600, 10.7100, 10.5100, 10.6000, 938344
2017-04-07, 10.6100, 10.6400, 10.4550, 10.4700, 1274746
2017-04-10, 10.4900, 10.5500, 10.4100, 10.5300, 664009
2017-04-11, 10.5400, 10.5800, 10.4100, 10.5100, 930539
2017-04-12, 10.5300, 10.5700, 10.3893, 10.4400, 874411
2017-04-13, 10.4500, 10.6500, 10.4300, 10.5100, 585074
2017-04-17, 10.5100, 10.7000, 10.4900, 10.6700, 560197
2017-04-18, 10.6400, 10.7400, 10.5700, 10.5800, 566852
2017-04-19, 10.5900, 10.6500, 10.4400, 10.4500, 504319
2017-04-20, 10.4600, 10.5000, 10.3800, 10.4000, 1115670
2017-04-21, 10.4000, 10.5000, 10.3100, 10.4700, 2301769
2017-04-24, 10.4800, 10.5250, 10.3600, 10.4300, 910042
2017-04-25, 10.5200, 10.5300, 10.2800, 10.3700, 952845
2017-04-26, 10.3900, 10.3900, 10.0600, 10.0600, 1180295
2017-04-27, 10.0600, 10.0600, 9.8400, 9.9000, 1288127
2017-04-28, 9.8600, 9.9500, 9.8300, 9.9100, 908209
2017-05-01, 9.9100, 9.9750, 9.8550, 9.9400, 597301
2017-05-02, 9.9500, 10.2200, 9.8000, 10.1800, 1339779
2017-05-03, 10.1800, 10.2300, 10.0200, 10.0300, 736217
2017-05-04, 9.9900, 10.1150, 9.9500, 10.0600, 604311
2017-05-05, 10.0200, 10.1550, 9.9900, 10.1100, 418885
2017-05-08, 10.1200, 10.1200, 9.8000, 9.8400, 904217
2017-05-09, 9.8500, 9.8500, 9.7100, 9.7600, 1096354
2017-05-10, 9.7700, 9.8700, 9.7300, 9.7700, 1277581
2017-05-11, 9.8000, 9.8500, 9.6500, 9.7300, 833805
2017-05-12, 9.7400, 9.8800, 9.6900, 9.8800, 675183
2017-05-15, 9.9300, 10.1000, 9.9300, 10.0900, 600667
2017-05-16, 10.1100, 10.1200, 9.8100, 9.8200, 1099088
2017-05-17, 9.6500, 9.7400, 9.4800, 9.6700, 1064466
2017-05-18, 9.5300, 9.6100, 9.2000, 9.2600, 1697607
2017-05-19, 9.3300, 9.5200, 9.2950, 9.3800, 1887640
2017-05-22, 9.4000, 9.4200, 9.1800, 9.3000, 1074934
2017-05-23, 9.3000, 9.3300, 9.1500, 9.1500, 1367259
2017-05-24, 9.1800, 9.2401, 9.1600, 9.2000, 1437273
2017-05-25, 9.1700, 9.2600, 9.0800, 9.1600, 1748812
2017-05-26, 9.1100, 9.3250, 9.0700, 9.3200, 1863189
2017-05-30, 9.3400, 9.6000, 9.3300, 9.5000, 1054490
2017-05-31, 9.5400, 9.5700, 9.3300, 9.3900, 1999225
2017-06-01, 9.3300, 9.5450, 9.3000, 9.4300, 922204
2017-06-02, 9.3900, 9.5700, 9.3900, 9.4600, 967574
2017-06-05, 9.4600, 9.4600, 9.3700, 9.4000, 1692962
2017-06-06, 9.4400, 9.5300, 9.4000, 9.5100, 774185
2017-06-07, 9.4700, 9.5700, 9.4400, 9.4600, 882160
2017-06-08, 9.4900, 9.4900, 9.4000, 9.4500, 1076807
2017-06-09, 9.4800, 9.5400, 9.4500, 9.5200, 1105293
2017-06-12, 9.4800, 9.5200, 9.4050, 9.5000, 1139427
2017-06-13, 9.4800, 9.6650, 9.4800, 9.6500, 1789592
2017-06-14, 9.7200, 9.8200, 9.6100, 9.6300, 1210326
2017-06-15, 9.5300, 9.5700, 9.3800, 9.5100, 880607
2017-06-16, 9.5700, 9.6100, 9.4200, 9.4900, 1427509
2017-06-19, 9.5500, 9.6500, 9.4700, 9.5600, 644336
2017-06-20, 9.5400, 9.6100, 9.4500, 9.4700, 1032091
2017-06-21, 9.4800, 9.5400, 9.2150, 9.2600, 1196811
2017-06-22, 9.3300, 9.3300, 9.2200, 9.2400, 644913
2017-06-23, 9.2600, 9.4200, 9.2050, 9.4100, 2054662
2017-06-26, 9.4100, 9.5300, 9.4000, 9.4300, 491696
2017-06-27, 9.4300, 9.5100, 9.3400, 9.4700, 753758
2017-06-28, 9.5200, 9.6300, 9.4800, 9.4800, 912809
2017-06-29, 9.4700, 9.4700, 9.3000, 9.3300, 777342
2017-06-30, 9.3400, 9.4500, 9.2900, 9.4300, 723817
2017-07-03, 9.3700, 9.4600, 9.3700, 9.4100, 513903
2017-07-05, 9.4300, 9.7600, 9.4300, 9.7500, 1644817
2017-07-06, 9.8000, 9.9300, 9.6700, 9.9100, 1022986
2017-07-07, 9.9100, 9.9700, 9.8500, 9.9100, 1249836
2017-07-10, 9.8500, 10.0250, 9.8500, 9.9600, 753137
2017-07-11, 10.0100, 10.0100, 9.8400, 9.8800, 1210109
2017-07-12, 9.9600, 10.0000, 9.9300, 9.9900, 1353118
2017-07-13, 10.0100, 10.1300, 10.0100, 10.0500, 528839
2017-07-14, 10.1500, 10.2500, 10.0500, 10.1500, 410486
2017-07-17, 10.1500, 10.2400, 10.1100, 10.2100, 341711
2017-07-18, 10.2100, 10.3400, 10.2000, 10.3300, 453088
2017-07-19, 10.3400, 10.3850, 10.2900, 10.3600, 502621
2017-07-20, 10.3400, 10.4100, 10.3100, 10.4000, 378011
2017-07-21, 10.4100, 10.4600, 10.3450, 10.4500, 604794
2017-07-24, 10.4500, 10.4650, 10.3000, 10.3300, 686172
2017-07-25, 10.3500, 10.5000, 10.3000, 10.4300, 638677
2017-07-26, 10.4600, 10.6000, 10.4000, 10.5800, 556493
2017-07-27, 10.5400, 10.5500, 10.3550, 10.4300, 789064
2017-07-28, 10.4100, 10.4500, 10.2250, 10.2900, 473401
2017-07-31, 10.3100, 10.3100, 9.9300, 10.0000, 2314807
2017-08-01, 10.0200, 10.0700, 9.9300, 10.0200, 945311
2017-08-02, 9.9900, 10.0330, 9.9600, 9.9800, 526415
2017-08-03, 9.9600, 10.0000, 9.9000, 9.9400, 1041727
2017-08-04, 9.9200, 10.0100, 9.7700, 9.8000, 3229090
2017-08-07, 9.8100, 9.8400, 9.7000, 9.7500, 2691197
2017-08-08, 9.7700, 9.7700, 9.6900, 9.7400, 1108003
2017-08-09, 9.7500, 9.7600, 9.5900, 9.7400, 1030239
2017-08-10, 9.7700, 9.7700, 9.6700, 9.7100, 852222
2017-08-11, 9.5600, 9.7400, 9.4900, 9.7100, 893445
2017-08-14, 9.7400, 9.8200, 9.7250, 9.7900, 2847076
2017-08-15, 9.8200, 10.0300, 9.7700, 10.0300, 1770686
2017-08-16, 9.9900, 10.2000, 9.9900, 10.1500, 1435322
2017-08-17, 10.1300, 10.2620, 9.9500, 9.9600, 1036242
2017-08-18, 9.9600, 10.0700, 9.9100, 10.0300, 618980
2017-08-21, 10.0600, 10.1650, 10.0100, 10.1000, 486955
2017-08-22, 10.1400, 10.2000, 10.0600, 10.1000, 878927
2017-08-23, 10.1100, 10.3800, 10.1100, 10.3400, 915450
2017-08-24, 10.3700, 10.5100, 10.3300, 10.4900, 787714
2017-08-25, 10.5000, 10.6500, 10.4700, 10.6300, 743717
2017-08-28, 10.6500, 10.6900, 10.6200, 10.6400, 802151
2017-08-29, 10.6300, 10.7900, 10.6300, 10.7400, 1027434
2017-08-30, 10.7000, 10.7250, 10.6300, 10.6400, 597802
2017-08-31, 10.6500, 10.8000, 10.5800, 10.7400, 1420818
2017-09-01, 10.7300, 10.7300, 10.5250, 10.5700, 736138
2017-09-05, 10.5400, 10.7500, 10.4900, 10.5300, 505989
2017-09-06, 10.5800, 10.6200, 10.4700, 10.4900, 319429
2017-09-07, 10.4900, 10.7000, 10.4850, 10.6900, 806499
2017-09-08, 10.6400, 10.6400, 10.4000, 10.4100, 677623
2017-09-11, 10.4700, 10.4900, 10.3400, 10.4100, 855492
2017-09-12, 10.4100, 10.4800, 10.3700, 10.4500, 1256643
2017-09-13, 10.4600, 10.4900, 10.3400, 10.3900, 717645
2017-09-14, 10.3900, 10.4300, 10.3300, 10.3800, 921784
2017-09-15, 10.4200, 10.4500, 10.2200, 10.2300, 898653
2017-09-18, 10.2600, 10.3400, 10.0000, 10.1200, 702237
2017-09-19, 10.1600, 10.1700, 9.9800, 10.0600, 675652
2017-09-20, 10.2000, 10.2700, 10.1550, 10.2700, 1294747
2017-09-21, 10.2900, 10.3000, 10.1600, 10.2400, 764683
2017-09-22, 10.2300, 10.2600, 10.1800, 10.2100, 538242
2017-09-25, 10.2000, 10.2300, 10.1400, 10.2200, 647372
2017-09-26, 10.2000, 10.2300, 10.1200, 10.1300, 924782
2017-09-27, 10.0800, 10.2100, 10.0200, 10.0200, 918327
2017-09-28, 10.0500, 10.1900, 10.0100, 10.1500, 677416
2017-09-29, 10.2300, 10.2400, 10.1100, 10.2200, 688915
2017-10-02, 10.2700, 10.3800, 10.2200, 10.3500, 448686
2017-10-03, 10.3700, 10.5700, 10.3300, 10.5200, 512034
2017-10-04, 10.5400, 10.6900, 10.5400, 10.6700, 492879
2017-10-05, 10.6700, 10.8500, 10.6300, 10.8000, 548341
2017-10-06, 10.7500, 10.8400, 10.6400, 10.8000, 844220
2017-10-09, 10.8200, 10.8400, 10.6400, 10.6500, 289343
2017-10-10, 10.6800, 10.8300, 10.6500, 10.6900, 1017124
2017-10-11, 10.7500, 10.7500, 10.6000, 10.6200, 1422185
2017-10-12, 10.6600, 10.7000, 10.6100, 10.6500, 699917
2017-10-13, 10.6800, 10.7200, 10.6400, 10.6700, 560216
2017-10-16, 10.6100, 10.9300, 10.6100, 10.9000, 535832
2017-10-17, 10.8700, 10.9500, 10.7900, 10.8800, 682462
2017-10-18, 10.8800, 10.8950, 10.6850, 10.7600, 653623
2017-10-19, 10.7400, 10.8000, 10.6700, 10.7900, 583326
2017-10-20, 10.7800, 10.8850, 10.7200, 10.8700, 834873
2017-10-23, 10.8700, 10.9100, 10.7300, 10.8700, 858611
2017-10-24, 10.8500, 10.8500, 10.5250, 10.5700, 1498609
2017-10-25, 10.6300, 10.6900, 10.5750, 10.6150, 408664
2017-10-26, 10.6500, 10.7100, 10.5400, 10.5700, 503373
2017-10-27, 10.5900, 10.6700, 10.5300, 10.5400, 231829
2017-10-30, 10.5400, 10.6500, 10.5400, 10.5900, 159705
2017-10-31, 10.6000, 10.7000, 10.5700, 10.6000, 961366
2017-11-01, 10.7000, 11.1000, 10.5300, 10.6400, 707541
2017-11-02, 10.5600, 10.8600, 10.5600, 10.7500, 640267
2017-11-03, 10.7100, 10.8900, 10.6900, 10.8200, 595327
2017-11-06, 10.8400, 10.9300, 10.8350, 10.9000, 529747
2017-11-07, 10.8700, 10.8900, 10.6000, 10.6100, 647625
2017-11-08, 10.6300, 10.7000, 10.5800, 10.7000, 421262
2017-11-09, 10.6300, 10.6750, 10.4700, 10.5500, 302702
2017-11-10, 10.5600, 10.5600, 10.2900, 10.3000, 668169
2017-11-13, 10.2700, 10.3600, 10.1900, 10.2000, 991161
2017-11-14, 10.1400, 10.1900, 9.9500, 9.9800, 1788485
2017-11-15, 9.9700, 9.9700, 9.8400, 9.8500, 3340050
2017-11-16, 9.9400, 10.2200, 9.9400, 10.1400, 997322
2017-11-17, 10.1200, 10.3300, 10.0800, 10.2600, 577905
2017-11-20, 9.8100, 9.9350, 9.6700, 9.8900, 2047003
2017-11-21, 10.0200, 10.2250, 9.9500, 10.1000, 956116
2017-11-22, 10.1000, 10.2450, 9.9700, 10.0100, 1037308
2017-11-24, 10.0000, 10.0500, 9.9100, 9.9600, 332739
2017-11-27, 9.9600, 9.9600, 9.7350, 9.7800, 891374
2017-11-28, 9.8800, 9.9000, 9.7100, 9.7700, 668714
2017-11-29, 9.7800, 9.7800, 9.6493, 9.7200, 1422797
2017-11-30, 9.7300, 9.8200, 9.6100, 9.8200, 1999611
2017-12-01, 9.9300, 10.0500, 9.7600, 10.0500, 1283521
2017-12-04, 10.0700, 10.1000, 9.9700, 10.0800, 1588973
2017-12-05, 10.0000, 10.0000, 9.7300, 9.7700, 892316
2017-12-06, 9.8200, 9.9300, 9.7050, 9.7300, 1156116
2017-12-07, 9.6900, 9.7000, 9.5800, 9.6200, 842469
2017-12-08, 9.6200, 9.8100, 9.6200, 9.8100, 554243
2017-12-11, 9.7800, 9.9300, 9.7600, 9.9300, 647336
2017-12-12, 9.8800, 9.9200, 9.7750, 9.8900, 937777
2017-12-13, 9.9100, 9.9800, 9.8300, 9.8800, 783015
2017-12-14, 10.1200, 10.1600, 9.9800, 10.1100, 1107360
2017-12-15, 10.1000, 10.2500, 10.0900, 10.1500, 1284386
2017-12-18, 10.7550, 11.0550, 10.7500, 10.8600, 2021049
2017-12-19, 10.8750, 10.9300, 10.5900, 10.6100, 1248592
2017-12-20, 10.4600, 10.6700, 10.4300, 10.6000, 831720
2017-12-21, 10.5000, 10.6100, 10.4100, 10.5500, 598975
2017-12-22, 10.5900, 10.7400, 10.5600, 10.6700, 489022
2017-12-26, 10.7100, 10.9500, 10.7100, 10.8700, 396104
2017-12-27, 10.9000, 10.9000, 10.7900, 10.8600, 361447
2017-12-28, 10.8900, 11.1100, 10.8600, 11.0700, 575540
2017-12-29, 11.1300, 11.2000, 11.0400, 11.1700, 258145
2018-01-02, 11.2300, 11.3900, 11.2250, 11.3900, 610533
2018-01-03, 11.4200, 11.4400, 11.2700, 11.2800, 551310
2018-01-04, 11.2800, 11.3300, 11.1200, 11.1200, 1093117
2018-01-05, 11.1800, 11.3000, 11.0600, 11.2800, 583936
2018-01-08, 11.3100, 11.3700, 11.2500, 11.3700, 678440
2018-01-09, 11.3700, 11.3700, 11.1750, 11.2300, 637093
2018-01-10, 11.2100, 11.2400, 11.1500, 11.1900, 374240
2018-01-11, 11.2100, 11.2600, 11.1000, 11.2300, 441503
2018-01-12, 11.2000, 11.3500, 11.2000, 11.2800, 323006
2018-01-16, 11.2800, 11.3400, 11.2400, 11.3000, 265594
2018-01-17, 11.2700, 11.6850, 11.2700, 11.5600, 1319807
2018-01-18, 11.5000, 11.7800, 11.3500, 11.7100, 1174851
2018-01-19, 11.7300, 11.7300, 11.4900, 11.5800, 499416
2018-01-22, 11.5800, 11.6500, 11.5000, 11.6300, 940978
2018-01-23, 11.6500, 11.6900, 11.4800, 11.6700, 528158
2018-01-24, 11.6700, 12.0100, 11.6400, 11.9100, 1302065
2018-01-25, 12.0200, 12.1101, 11.9000, 11.9700, 963576
2018-01-26, 12.0000, 12.0000, 11.7300, 11.9900, 821243
2018-01-29, 11.9500, 11.9500, 11.7400, 11.8600, 775236
2018-01-30, 11.8500, 11.8500, 11.6200, 11.7100, 831681
2018-01-31, 11.7600, 11.8200, 11.6100, 11.7800, 735935
2018-02-01, 11.7500, 11.9511, 11.7400, 11.7900, 717383
2018-02-02, 11.7200, 11.7200, 11.5100, 11.5200, 696871
2018-02-05, 11.4700, 11.5400, 11.1900, 11.2000, 644133
2018-02-06, 11.1000, 11.5200, 11.0400, 11.4800, 1189856
2018-02-07, 11.4800, 11.6071, 11.4000, 11.4000, 684862
2018-02-08, 11.4300, 11.5100, 11.0900, 11.0900, 771631
2018-02-09, 11.1600, 11.2200, 10.8550, 10.9800, 1799962
2018-02-12, 11.0200, 11.2200, 11.0200, 11.1300, 873223
2018-02-13, 11.1200, 11.2400, 11.0300, 11.0900, 676047
2018-02-14, 11.0300, 11.1450, 10.9600, 11.1000, 891875
2018-02-15, 11.1800, 11.4000, 11.1650, 11.4000, 624045
2018-02-16, 11.3400, 11.5300, 11.3300, 11.3900, 1038964
2018-02-20, 11.3900, 11.5500, 11.3790, 11.5300, 856432
2018-02-21, 11.5600, 11.6066, 11.4600, 11.4700, 653385
2018-02-22, 11.4800, 11.6300, 11.4300, 11.5800, 1154720
2018-02-23, 11.5600, 11.7000, 11.5050, 11.7000, 590521
2018-02-26, 11.7500, 11.7900, 11.6800, 11.7900, 320593
2018-02-27, 11.7500, 11.8400, 11.4700, 11.4700, 710450
2018-02-28, 11.4700, 11.5450, 11.4050, 11.4200, 607677
2018-03-01, 11.6800, 11.7000, 11.3900, 11.5100, 619468
2018-03-02, 11.4200, 11.4700, 11.3400, 11.4100, 543301
2018-03-05, 11.3600, 11.4500, 11.2800, 11.4200, 519246
2018-03-06, 11.4500, 11.5400, 11.3600, 11.4100, 600065
2018-03-07, 11.3600, 11.4450, 11.2900, 11.3900, 365723
2018-03-08, 11.4200, 11.4200, 11.2700, 11.3200, 592107
2018-03-09, 11.4000, 11.5300, 11.3750, 11.5200, 1254266
2018-03-12, 11.5100, 11.5100, 11.3200, 11.4000, 414623
2018-03-13, 11.4600, 11.5300, 11.4099, 11.4800, 509031
2018-03-14, 11.5400, 11.6150, 11.4500, 11.5500, 624372
2018-03-15, 11.5300, 11.5900, 11.4000, 11.4000, 568519
2018-03-16, 11.4100, 11.5000, 11.3700, 11.4100, 1151579
2018-03-19, 11.3900, 11.4700, 11.3400, 11.4300, 804025
2018-03-20, 11.4600, 11.4600, 11.1700, 11.4000, 1051978
2018-03-21, 11.3800, 11.5600, 11.2800, 11.4100, 1406059
2018-03-22, 11.3600, 11.4200, 11.1200, 11.1400, 566115
2018-03-23, 11.1500, 11.3000, 11.0500, 11.0800, 822715
2018-03-26, 11.1800, 11.3200, 11.1300, 11.2900, 784395
2018-03-27, 11.3100, 11.4100, 11.2300, 11.3700, 1243527
2018-03-28, 11.3700, 11.4750, 11.2700, 11.3800, 915568
2018-03-29, 11.4000, 11.6800, 11.3900, 11.6200, 948778
2018-04-02, 11.6700, 11.7400, 11.5700, 11.6000, 783145
2018-04-03, 11.6300, 11.8200, 11.5900, 11.8100, 1090789
2018-04-04, 11.7000, 11.8200, 11.5050, 11.7900, 837550
2018-04-05, 11.8200, 11.9100, 11.7800, 11.7800, 481942
2018-04-06, 11.7400, 11.9300, 11.7400, 11.8600, 991770
2018-04-09, 11.8500, 11.9300, 11.8000, 11.8800, 361918
2018-04-10, 11.9600, 11.9700, 11.8150, 11.8900, 790692
2018-04-11, 11.8500, 11.9400, 11.7900, 11.8800, 729147
2018-04-12, 11.9000, 12.0300, 11.9000, 11.9500, 596546
2018-04-13, 11.9500, 12.0200, 11.9300, 11.9600, 274336
2018-04-16, 11.9600, 11.9600, 11.6700, 11.7500, 1373881
2018-04-17, 11.7600, 11.7950, 11.5750, 11.6000, 1166540
2018-04-18, 11.6100, 11.7900, 11.5800, 11.7400, 1114418
2018-04-19, 11.7100, 11.7300, 11.5800, 11.6700, 839205
2018-04-20, 11.6400, 11.6708, 11.5400, 11.6500, 2497139
2018-04-23, 11.6500, 11.6800, 11.5350, 11.5700, 1195799
2018-04-24, 11.6200, 11.6700, 11.5500, 11.5800, 808997
2018-04-25, 11.5300, 11.5500, 11.4100, 11.4800, 727388
2018-04-26, 11.5000, 11.5400, 11.4400, 11.4900, 850844
2018-04-27, 11.4700, 11.6200, 11.4500, 11.6000, 1185336
2018-04-30, 11.6100, 11.6400, 11.3400, 11.3500, 943620
2018-05-01, 11.3100, 11.3700, 11.1600, 11.2400, 322315
2018-05-02, 11.2200, 11.2550, 11.0350, 11.0400, 579893
2018-05-03, 10.9900, 11.1000, 10.8800, 10.9000, 1944835
2018-05-04, 10.9200, 10.9200, 10.6700, 10.6900, 2277953
2018-05-07, 10.6400, 10.7300, 10.5600, 10.6700, 1147126
2018-05-08, 10.6400, 10.6700, 10.3500, 10.4900, 2022593
2018-05-09, 10.4200, 10.5200, 10.4200, 10.4500, 1226519
2018-05-10, 10.5100, 10.6500, 10.4200, 10.5900, 1663724
2018-05-11, 10.6300, 10.7900, 10.6300, 10.6700, 1511206
2018-05-14, 10.7000, 10.7500, 10.4300, 10.4600, 1033789
2018-05-15, 10.3600, 10.4600, 10.3100, 10.4400, 1135974
2018-05-16, 10.4300, 10.5200, 10.3900, 10.4500, 1470098
2018-05-17, 10.1700, 10.3500, 10.1450, 10.2800, 723878
2018-05-18, 10.2200, 10.3300, 10.1100, 10.2100, 640515
2018-05-21, 10.2100, 10.2750, 10.1800, 10.2000, 282302
2018-05-22, 10.2100, 10.3800, 10.1700, 10.3600, 961394
2018-05-23, 10.2900, 10.3800, 10.2900, 10.3500, 755445
2018-05-24, 10.3500, 10.4050, 10.1200, 10.1800, 588469
2018-05-25, 10.1800, 10.3500, 10.0950, 10.2500, 628882
2018-05-29, 10.1500, 10.2400, 9.8900, 9.9200, 716426
2018-05-30, 9.9100, 10.0700, 9.8700, 10.0200, 1013975
2018-05-31, 10.0300, 10.0700, 9.6700, 9.6800, 1498100
2018-06-01, 9.7300, 9.7550, 9.4800, 9.5900, 2186910
2018-06-04, 9.6800, 9.8200, 9.5400, 9.6900, 1175482
2018-06-05, 9.7000, 9.8200, 9.6899, 9.6900, 1219202
2018-06-06, 9.7200, 9.7450, 9.5400, 9.5900, 1111533
2018-06-07, 9.5800, 9.5800, 9.1300, 9.2900, 1057436
2018-06-08, 9.3500, 9.5300, 9.2000, 9.5100, 1491986
2018-06-11, 9.4900, 9.5000, 9.3300, 9.3900, 625690
2018-06-12, 9.4300, 9.5000, 9.3600, 9.4000, 596056
2018-06-13, 9.3800, 9.4950, 9.2900, 9.4200, 802972
2018-06-14, 9.4600, 9.5500, 9.3100, 9.3200, 1132889
2018-06-15, 9.2900, 9.3100, 9.1200, 9.2500, 877964
2018-06-18, 9.3700, 9.3800, 9.2000, 9.3600, 1289342
2018-06-19, 9.3500, 9.4600, 9.2500, 9.4100, 1433558
2018-06-20, 9.4400, 9.5500, 9.4200, 9.4500, 682662
2018-06-21, 9.4300, 9.5150, 9.2500, 9.3800, 577874
2018-06-22, 9.4300, 9.5500, 9.2100, 9.3000, 766513
2018-06-25, 9.3000, 9.3000, 9.1500, 9.1900, 990698
2018-06-26, 9.2100, 9.2200, 9.0700, 9.0800, 1101725
2018-06-27, 9.0800, 9.1010, 8.8900, 8.8900, 784595
2018-06-28, 8.8900, 8.9200, 8.7400, 8.7500, 1153432
2018-06-29, 8.7400, 8.8500, 8.6550, 8.8100, 919220
2018-07-02, 8.7700, 8.7800, 8.4500, 8.5500, 610786
2018-07-03, 8.5500, 8.9900, 8.5500, 8.9500, 869241
2018-07-05, 8.9500, 8.9500, 8.5100, 8.5800, 841734
2018-07-06, 8.6000, 8.6300, 8.4650, 8.5300, 722050
2018-07-09, 8.5700, 8.8300, 8.5650, 8.7400, 1659524
2018-07-10, 8.7200, 8.7700, 8.6000, 8.7200, 1296414
2018-07-11, 8.6600, 8.6800, 8.5000, 8.5000, 817948
2018-07-12, 8.5200, 8.6601, 8.5200, 8.5400, 542482
2018-07-13, 8.5400, 8.6100, 8.4950, 8.5600, 382105
2018-07-16, 8.5400, 8.5400, 8.4500, 8.5100, 353290
2018-07-17, 8.5100, 8.6300, 8.4500, 8.6200, 1422066
2018-07-18, 8.5500, 8.7100, 8.4599, 8.6400, 931025
2018-07-19, 8.6000, 8.6000, 8.3900, 8.4600, 773628
2018-07-20, 8.4800, 8.6425, 8.4400, 8.5500, 790135
2018-07-23, 8.5400, 8.5900, 8.4600, 8.4900, 342651
2018-07-24, 8.5700, 8.7300, 8.4900, 8.6600, 1583449
2018-07-25, 8.6700, 8.8300, 8.6600, 8.7700, 818063
2018-07-26, 8.7500, 8.7700, 8.7050, 8.7200, 508074
2018-07-27, 8.7600, 8.8200, 8.6400, 8.6600, 457416
2018-07-30, 8.6900, 8.8050, 8.6610, 8.7600, 648965
2018-07-31, 8.7500, 8.8300, 8.7300, 8.7700, 1154928
2018-08-01, 8.7400, 8.7400, 8.5900, 8.6500, 1438470
2018-08-02, 8.6100, 8.6300, 8.4200, 8.4900, 768103
2018-08-03, 8.5500, 8.6900, 8.5500, 8.6100, 530638
2018-08-06, 8.5900, 8.5900, 8.4400, 8.4900, 312759
2018-08-07, 8.5200, 8.5300, 8.4000, 8.4100, 519078
2018-08-08, 8.4300, 8.4300, 8.2300, 8.2300, 613948
2018-08-09, 8.2100, 8.2100, 8.0600, 8.1800, 759496
2018-08-10, 8.1600, 8.1600, 7.8200, 7.9600, 1115146
2018-08-13, 7.9200, 8.0100, 7.7700, 7.8000, 638417
2018-08-14, 7.8300, 7.9650, 7.8300, 7.9500, 756167
2018-08-15, 7.8600, 7.8600, 7.7300, 7.7400, 425006
2018-08-16, 7.7500, 7.8500, 7.7500, 7.8000, 773072
2018-08-17, 7.7800, 7.9600, 7.7700, 7.9300, 560654
2018-08-20, 7.9300, 7.9600, 7.8500, 7.9400, 410147
2018-08-21, 7.9500, 8.0300, 7.9000, 7.9200, 1203541
2018-08-22, 7.9300, 8.0400, 7.9300, 8.0200, 785310
2018-08-23, 8.0000, 8.0100, 7.8200, 7.8300, 640773
2018-08-24, 7.9000, 8.0100, 7.8850, 7.9000, 734572
2018-08-27, 7.8900, 8.0200, 7.8900, 7.9300, 478342
2018-08-28, 7.9100, 7.9600, 7.8400, 7.8900, 878704
2018-08-29, 7.8900, 7.9400, 7.8400, 7.8900, 580696
2018-08-30, 7.8700, 7.8725, 7.2700, 7.3400, 1630388
2018-08-31, 7.3500, 7.4350, 7.2900, 7.4200, 1153369
2018-09-04, 7.3500, 7.3500, 7.0800, 7.0800, 698649
2018-09-05, 7.0700, 7.1350, 6.9600, 7.0700, 1359098
2018-09-06, 7.0900, 7.2100, 7.0900, 7.1600, 1734287
2018-09-07, 7.1500, 7.2200, 7.0700, 7.1500, 1757094
2018-09-10, 7.1500, 7.2600, 7.0800, 7.1200, 2118037
2018-09-11, 7.0700, 7.2600, 7.0100, 7.2000, 1673260
2018-09-12, 7.2000, 7.4000, 7.1500, 7.2900, 2535509
2018-09-13, 7.2900, 7.6200, 7.2900, 7.5100, 2244975
2018-09-14, 7.5800, 7.6800, 7.5000, 7.5500, 1679845
2018-09-17, 7.5200, 7.6300, 7.4000, 7.6200, 633227
2018-09-18, 7.6600, 7.8500, 7.6200, 7.8000, 826436
2018-09-19, 7.8400, 7.8800, 7.7300, 7.7900, 971747
2018-09-20, 7.8400, 8.0800, 7.7900, 8.0500, 1821284
2018-09-21, 8.0300, 8.1700, 7.9800, 8.0500, 1232807
2018-09-24, 8.0300, 8.1000, 7.9200, 7.9600, 911938
2018-09-25, 7.9600, 7.9600, 7.8400, 7.8900, 941059
2018-09-26, 7.9100, 7.9800, 7.7800, 7.8300, 1670234
2018-09-27, 7.8500, 8.0000, 7.8265, 7.8600, 672581
2018-09-28, 7.8300, 7.8300, 7.6900, 7.7300, 523446
2018-10-01, 7.7700, 7.8550, 7.6700, 7.7800, 961416
2018-10-02, 7.8000, 7.9400, 7.7600, 7.8500, 1426924
2018-10-03, 7.9500, 8.0200, 7.8400, 7.8500, 1023051
2018-10-04, 7.8000, 7.8400, 7.5799, 7.6400, 1755578
2018-10-05, 7.6700, 7.7300, 7.4100, 7.5700, 1017169
2018-10-08, 7.6900, 7.9000, 7.6400, 7.8200, 1633403
2018-10-09, 7.7700, 7.8400, 7.6550, 7.7000, 688005
2018-10-10, 7.6500, 7.6800, 7.4000, 7.4800, 808637
2018-10-11, 7.4700, 7.5200, 7.3500, 7.3800, 743583
2018-10-12, 7.4900, 7.5900, 7.4400, 7.4800, 771216
2018-10-15, 7.4800, 7.6300, 7.4600, 7.5100, 860804
2018-10-16, 7.5900, 7.9700, 7.5900, 7.9500, 1386039
2018-10-17, 7.8800, 7.9300, 7.7900, 7.9000, 978191
2018-10-18, 7.8400, 7.9100, 7.7200, 7.7200, 794066
2018-10-19, 7.7500, 7.8100, 7.6800, 7.7300, 707950
2018-10-22, 7.8500, 7.9700, 7.7900, 7.8500, 1870599
2018-10-23, 7.6900, 7.8500, 7.6500, 7.7900, 1522679
2018-10-24, 7.8200, 7.9800, 7.6300, 7.6300, 1560037
2018-10-25, 7.6500, 7.9550, 7.6200, 7.9100, 4631652
2018-10-26, 7.8700, 7.9950, 7.7600, 7.9700, 1294084
2018-10-29, 8.0500, 8.0900, 7.4300, 7.4700, 2995982
2018-10-30, 7.5000, 7.8600, 7.4800, 7.8600, 5158148
2018-10-31, 7.8600, 7.9450, 7.5100, 7.8800, 1741428
2018-11-01, 8.0200, 8.4400, 7.9700, 8.3700, 1087288
2018-11-02, 8.4400, 8.5400, 8.3400, 8.4100, 881207
2018-11-05, 8.3000, 8.4201, 8.2200, 8.3600, 1303368
2018-11-06, 8.3300, 8.3601, 8.1200, 8.2300, 1157319
2018-11-07, 8.2800, 8.3300, 8.1600, 8.2100, 1005492
2018-11-08, 8.1200, 8.2300, 8.0600, 8.0600, 1312985
2018-11-09, 8.0000, 8.0700, 7.8400, 7.9300, 854805
