2016-04-27, 6.6600, 6.6600, 5.7000, 6.1800, 453214
2016-04-28, 6.1400, 6.2600, 5.9100, 6.1100, 239926
2016-04-29, 6.0000, 6.4700, 5.9300, 6.3700, 1304799
2016-05-02, 6.2800, 6.2900, 6.0400, 6.1400, 378273
2016-05-03, 6.1200, 6.2500, 6.0300, 6.2000, 441216
2016-05-04, 6.1000, 6.1500, 5.8300, 6.0400, 3040649
2016-05-05, 6.0100, 6.1600, 5.9800, 6.0200, 1465320
2016-05-06, 6.0200, 6.1700, 5.9500, 5.9600, 395505
2016-05-09, 5.8500, 6.0200, 5.8100, 5.9000, 457552
2016-05-10, 5.9000, 5.9800, 5.8750, 5.9000, 808846
2016-05-11, 5.8800, 6.0400, 5.8250, 5.9300, 435293
2016-05-12, 5.9500, 6.0400, 5.9000, 5.9200, 145380
2016-05-13, 5.7300, 5.8900, 5.6000, 5.6500, 241349
2016-05-16, 5.5500, 5.7800, 5.3300, 5.5500, 1045266
2016-05-17, 5.3800, 5.6600, 5.3300, 5.6300, 656607
2016-05-18, 5.6900, 5.7500, 5.4500, 5.4500, 456687
2016-05-19, 5.3200, 5.5000, 5.3200, 5.4500, 411545
2016-05-20, 5.3900, 5.5350, 5.3600, 5.4200, 288185
2016-05-23, 5.4800, 5.4800, 5.2500, 5.3100, 553640
2016-05-24, 5.2200, 5.5700, 5.2200, 5.3600, 1109354
2016-05-25, 5.3400, 5.6700, 5.3400, 5.5700, 648459
2016-05-26, 5.5700, 5.6000, 5.5100, 5.5500, 951348
2016-05-27, 5.5500, 5.5700, 5.5100, 5.5600, 498528
2016-05-31, 5.5200, 5.7300, 5.4500, 5.6800, 1854941
2016-06-01, 5.6600, 5.7300, 5.5600, 5.7300, 906927
2016-06-02, 5.7400, 5.7400, 5.6400, 5.6800, 949970
2016-06-03, 5.6700, 5.7600, 5.6200, 5.7400, 1410917
2016-06-06, 5.7200, 5.7900, 5.6700, 5.7300, 388255
2016-06-07, 5.6500, 5.7900, 5.6000, 5.7500, 490703
2016-06-08, 5.8000, 5.8200, 5.7300, 5.7900, 445852
2016-06-09, 5.7100, 5.7800, 5.6000, 5.6700, 897196
2016-06-10, 5.6600, 5.6700, 5.5200, 5.5300, 443529
2016-06-13, 5.5000, 5.5000, 5.3900, 5.4700, 664364
2016-06-14, 5.4200, 5.4700, 5.3200, 5.3800, 698045
2016-06-15, 5.3500, 5.4700, 5.3500, 5.4500, 250191
2016-06-16, 5.3800, 5.4800, 5.2400, 5.4600, 552175
2016-06-17, 5.3900, 5.6100, 5.3900, 5.5900, 393977
2016-06-20, 5.5500, 5.7150, 5.5500, 5.6800, 268880
2016-06-21, 5.6000, 5.7100, 5.5600, 5.6000, 357573
2016-06-22, 5.5800, 5.7200, 5.5500, 5.6400, 378454
2016-06-23, 5.7400, 5.8900, 5.6000, 5.7400, 264131
2016-06-24, 5.5700, 5.6850, 5.5000, 5.6500, 236576
2016-06-27, 5.5900, 5.5900, 5.2900, 5.5100, 489219
2016-06-28, 5.5500, 5.8000, 5.5400, 5.7500, 280415
2016-06-29, 5.6900, 5.8411, 5.6700, 5.7700, 319828
2016-06-30, 5.7000, 5.8800, 5.6500, 5.8300, 190211
2016-07-01, 5.8000, 5.8900, 5.6300, 5.7500, 154185
2016-07-05, 5.7000, 5.7700, 5.6200, 5.7400, 118878
2016-07-06, 5.6600, 5.8400, 5.6400, 5.8200, 309103
2016-07-07, 5.7200, 5.8000, 5.6400, 5.7100, 97913
2016-07-08, 5.7700, 5.8000, 5.6100, 5.6300, 9595061
2016-07-11, 5.6700, 5.8300, 5.6200, 5.7400, 210122
2016-07-12, 5.7500, 5.8400, 5.7350, 5.7600, 355775
2016-07-13, 5.7000, 5.8600, 5.6600, 5.7800, 362000
2016-07-14, 5.7600, 5.9050, 5.5900, 5.7900, 325838
2016-07-15, 5.7300, 5.8700, 5.7300, 5.7900, 1329156
2016-07-18, 5.7300, 5.9400, 5.6900, 5.9200, 153893
2016-07-19, 5.8900, 5.9700, 5.8000, 5.8600, 658186
2016-07-20, 5.7800, 5.9100, 5.7500, 5.7800, 1151569
2016-07-21, 5.8400, 5.9000, 5.7800, 5.8200, 446389
2016-07-22, 5.7700, 5.9200, 5.7000, 5.8500, 404623
2016-07-25, 5.9200, 5.9200, 5.7500, 5.8100, 405009
2016-07-26, 5.8000, 5.8197, 5.6900, 5.7600, 290885
2016-07-27, 5.7200, 5.7600, 5.6300, 5.7000, 409443
2016-07-28, 5.7200, 5.7500, 5.6000, 5.7300, 471603
2016-07-29, 5.6700, 5.8000, 5.6600, 5.7400, 323212
2016-08-01, 5.7200, 5.7800, 5.6600, 5.7300, 432912
2016-08-02, 5.6500, 5.7700, 5.6500, 5.7500, 172161
2016-08-03, 5.7200, 5.8900, 5.7100, 5.8700, 142919
2016-08-04, 5.8500, 5.9100, 5.8100, 5.8800, 126982
2016-08-05, 5.8600, 5.9200, 5.8500, 5.9100, 585409
2016-08-08, 5.9100, 6.0800, 5.8500, 5.9900, 1112775
2016-08-09, 6.0300, 6.0300, 5.9200, 5.9600, 269812
2016-08-10, 6.0000, 6.0000, 5.9100, 5.9500, 329604
2016-08-11, 5.9700, 6.0300, 5.9100, 5.9600, 123892
2016-08-12, 6.0000, 6.0540, 5.8200, 5.8500, 297968
2016-08-15, 5.8800, 5.9000, 5.6400, 5.7000, 715955
2016-08-16, 5.7300, 5.8100, 5.5100, 5.5300, 955079
2016-08-17, 5.5300, 5.5300, 5.2700, 5.2700, 917554
2016-08-18, 5.2800, 5.5500, 5.2800, 5.4600, 1038595
2016-08-19, 5.4200, 5.5600, 5.3800, 5.3800, 491964
2016-08-22, 5.4400, 5.4900, 5.3400, 5.4600, 283252
2016-08-23, 5.4800, 5.5300, 5.4400, 5.4600, 634621
2016-08-24, 5.4800, 5.5200, 5.4100, 5.4900, 883123
2016-08-25, 5.5000, 5.6200, 5.3900, 5.5600, 259595
2016-08-26, 5.5700, 5.5910, 5.4200, 5.4900, 247378
2016-08-29, 5.5200, 5.5600, 5.4300, 5.4800, 143530
2016-08-30, 5.5200, 5.5400, 5.4400, 5.5200, 1017503
2016-08-31, 5.4800, 5.5100, 5.3100, 5.4200, 339841
2016-09-01, 5.4500, 5.4800, 5.2950, 5.3500, 166169
2016-09-02, 5.4100, 5.4550, 5.3100, 5.4200, 206008
2016-09-06, 5.4100, 5.4200, 5.3200, 5.3800, 161011
2016-09-07, 5.4200, 5.4200, 5.2650, 5.3400, 135166
2016-09-08, 5.3600, 5.3900, 5.2700, 5.3300, 210419
2016-09-09, 5.3200, 5.3700, 5.2200, 5.2500, 353662
2016-09-12, 5.2600, 5.3300, 5.1500, 5.3100, 162807
2016-09-13, 5.2300, 5.2500, 5.1450, 5.1800, 329825
2016-09-14, 5.2000, 5.2000, 5.1000, 5.1000, 197728
2016-09-15, 5.1200, 5.2200, 5.0100, 5.0700, 428932
2016-09-16, 5.0600, 5.1400, 4.9600, 5.0500, 289438
2016-09-19, 5.0400, 5.1000, 4.8800, 4.9800, 339612
2016-09-20, 4.9600, 5.1700, 4.9500, 5.1200, 283811
2016-09-21, 5.1000, 5.2600, 5.0500, 5.2500, 225747
2016-09-22, 5.2400, 5.2712, 5.1700, 5.2400, 148724
2016-09-23, 5.2200, 5.2900, 5.1500, 5.1800, 316391
2016-09-26, 5.1700, 5.2200, 4.9500, 4.9900, 351134
2016-09-27, 5.0000, 5.0000, 4.8600, 4.8800, 184619
2016-09-28, 4.9100, 4.9614, 4.8800, 4.9000, 261939
2016-09-29, 4.8600, 4.9780, 4.6600, 4.7100, 419716
2016-09-30, 4.7000, 4.7700, 4.5201, 4.7500, 1352624
2016-10-03, 4.7400, 4.8300, 4.6200, 4.7900, 361215
2016-10-04, 4.7800, 4.9100, 4.7200, 4.7700, 315328
2016-10-05, 4.8400, 4.9400, 4.8200, 4.8600, 253747
2016-10-06, 4.8700, 4.8901, 4.8000, 4.8600, 368740
2016-10-07, 4.8300, 4.9700, 4.7800, 4.9000, 478681
2016-10-10, 4.9100, 4.9200, 4.8300, 4.8500, 108374
2016-10-11, 4.8000, 4.9800, 4.8000, 4.8600, 226009
2016-10-12, 4.8800, 5.0300, 4.8600, 4.9700, 174338
2016-10-13, 4.9500, 5.0300, 4.9300, 4.9600, 449283
2016-10-14, 4.9700, 5.1000, 4.9200, 5.0700, 694272
2016-10-17, 5.0300, 5.1623, 4.9500, 5.0700, 269751
2016-10-18, 5.1300, 5.1800, 5.0300, 5.1400, 278967
2016-10-19, 5.1300, 5.2500, 5.0600, 5.1200, 258225
2016-10-20, 5.1200, 5.2050, 4.9800, 5.0100, 347096
2016-10-21, 5.0100, 5.1450, 4.9400, 5.0800, 524451
2016-10-24, 5.0900, 5.0900, 4.9500, 5.0400, 278263
2016-10-25, 5.0200, 5.0800, 4.9200, 4.9900, 323991
2016-10-26, 4.9800, 5.0200, 4.8900, 4.9400, 828706
2016-10-27, 4.9200, 4.9300, 4.8400, 4.9000, 210404
2016-10-28, 4.8600, 4.9899, 4.8300, 4.9600, 1001706
2016-10-31, 4.9300, 5.0300, 4.8900, 4.9700, 208981
2016-11-01, 4.9700, 5.0500, 4.9300, 5.0400, 88298
2016-11-02, 5.0200, 5.2000, 4.9600, 5.1700, 107510
2016-11-03, 5.1800, 5.2000, 5.0500, 5.1500, 270465
2016-11-04, 5.1600, 5.2100, 5.0700, 5.1200, 142930
2016-11-07, 5.1400, 5.1900, 5.0800, 5.1400, 75455
2016-11-08, 5.1000, 5.2200, 5.1000, 5.1900, 183554
2016-11-09, 5.1600, 5.2300, 5.0900, 5.1700, 171383
2016-11-10, 5.1900, 5.1900, 4.9201, 4.9800, 655816
2016-11-11, 4.9400, 4.9600, 4.6900, 4.8000, 231109
2016-11-14, 4.7900, 4.8900, 4.5300, 4.5500, 160286
2016-11-15, 4.5500, 4.7200, 4.5300, 4.5300, 408376
2016-11-16, 4.5400, 4.6300, 4.4900, 4.5600, 495959
2016-11-17, 4.5500, 4.6099, 4.4300, 4.4400, 338069
2016-11-18, 4.4300, 4.5950, 4.4300, 4.5600, 196102
2016-11-21, 4.6200, 4.6200, 4.4400, 4.4800, 188170
2016-11-22, 4.4800, 4.5511, 4.4700, 4.4900, 469272
2016-11-23, 4.5200, 4.7250, 4.4850, 4.7000, 221888
2016-11-25, 4.6700, 4.7000, 4.5900, 4.6400, 38172
2016-11-28, 4.6100, 4.6900, 4.5800, 4.5900, 149812
2016-11-29, 4.6100, 4.7400, 4.6100, 4.7100, 229651
2016-11-30, 4.7500, 4.7500, 4.6700, 4.7100, 368903
2016-12-01, 4.7000, 4.7800, 4.6850, 4.7500, 202426
2016-12-02, 4.7200, 4.9800, 4.6900, 4.9200, 282711
2016-12-05, 4.8900, 4.8900, 4.7000, 4.7400, 104323
2016-12-06, 4.7000, 4.7700, 4.6600, 4.6800, 281843
2016-12-07, 4.7000, 4.8600, 4.6800, 4.7100, 772320
2016-12-08, 4.6800, 4.7600, 4.6700, 4.7500, 238108
2016-12-09, 4.7000, 4.8200, 4.6800, 4.7700, 371702
2016-12-12, 4.7500, 4.8100, 4.6900, 4.8000, 274617
2016-12-13, 4.8000, 4.8500, 4.7300, 4.8300, 275053
2016-12-14, 4.7800, 4.7950, 4.6200, 4.6400, 129601
2016-12-15, 4.6100, 4.7000, 4.5700, 4.6600, 231248
2016-12-16, 4.6600, 4.6990, 4.5700, 4.6100, 162098
2016-12-19, 4.5800, 4.6900, 4.5200, 4.6800, 150875
2016-12-20, 4.6500, 4.6500, 4.5100, 4.5900, 174630
2016-12-21, 4.5600, 4.6050, 4.5200, 4.5300, 143836
2016-12-22, 4.5500, 4.6800, 4.5500, 4.6200, 579518
2016-12-23, 4.5900, 4.5900, 4.3500, 4.4000, 180225
2016-12-27, 4.4200, 4.4400, 4.2500, 4.3900, 188100
2016-12-28, 4.4300, 4.6100, 4.4300, 4.5600, 366145
2016-12-29, 4.5600, 4.6900, 4.5300, 4.5700, 364676
2016-12-30, 4.5500, 4.6400, 4.5200, 4.5500, 176786
2017-01-03, 4.5400, 4.6600, 4.5400, 4.6200, 246556
2017-01-04, 4.6300, 4.6700, 4.5000, 4.5100, 106487
2017-01-05, 4.5500, 4.7400, 4.5500, 4.6400, 239295
2017-01-06, 4.6600, 4.7100, 4.5800, 4.5800, 122594
2017-01-09, 4.5700, 4.6800, 4.5600, 4.6100, 115684
2017-01-10, 4.5700, 4.6600, 4.5000, 4.5400, 184003
2017-01-11, 4.5800, 4.7500, 4.5800, 4.7300, 299887
2017-01-12, 4.7000, 4.8400, 4.7000, 4.7800, 283740
2017-01-13, 4.8000, 4.8400, 4.7200, 4.7900, 448143
2017-01-17, 4.8200, 4.8400, 4.7000, 4.7400, 148610
2017-01-18, 4.6400, 4.8600, 4.6400, 4.7900, 94716
2017-01-19, 4.7800, 5.1100, 4.7800, 5.0800, 1973813
2017-01-20, 5.0700, 5.1200, 4.9700, 5.1000, 138762
2017-01-23, 5.0700, 5.1000, 4.9800, 5.0000, 279116
2017-01-24, 5.0200, 5.0500, 4.9700, 5.0100, 294620
2017-01-25, 4.9900, 5.2250, 4.9800, 5.1900, 330834
2017-01-26, 5.2700, 5.2900, 5.0700, 5.1200, 606529
2017-01-27, 5.1300, 5.1300, 4.9800, 5.0000, 91956
2017-01-30, 5.0200, 5.0200, 4.7600, 4.8500, 336929
2017-01-31, 4.8700, 4.9100, 4.8000, 4.8200, 76735
2017-02-01, 4.8200, 4.8200, 4.6500, 4.6700, 172850
2017-02-02, 4.6500, 4.7600, 4.6100, 4.7100, 319775
2017-02-03, 4.7500, 4.9400, 4.7200, 4.8800, 283818
2017-02-06, 4.9000, 4.9000, 4.7200, 4.8100, 73873
2017-02-07, 4.8300, 4.8400, 4.7200, 4.8100, 184558
2017-02-08, 4.7900, 4.9500, 4.7700, 4.9100, 110502
2017-02-09, 4.9200, 4.9600, 4.8600, 4.8800, 88029
2017-02-10, 4.9000, 4.9400, 4.8400, 4.9200, 213912
2017-02-13, 4.9000, 5.0600, 4.9000, 5.0300, 326714
2017-02-14, 5.0100, 5.3600, 5.0100, 5.3500, 221676
2017-02-15, 5.1600, 5.2500, 5.1300, 5.1300, 392250
2017-02-16, 5.0600, 5.2000, 5.0200, 5.1100, 292125
2017-02-17, 5.1000, 5.1200, 4.9800, 5.0700, 151354
2017-02-21, 5.0100, 5.1700, 4.9800, 5.1600, 178492
2017-02-22, 5.1300, 5.1300, 4.9300, 5.0000, 290156
2017-02-23, 5.0300, 5.0900, 4.9500, 5.0000, 817158
2017-02-24, 4.9900, 5.0200, 4.8800, 5.0200, 203702
2017-02-27, 5.0000, 5.1000, 4.9800, 5.0500, 107575
2017-02-28, 5.0500, 5.1200, 4.9800, 5.0500, 143228
2017-03-01, 4.9600, 5.0800, 4.9300, 5.0100, 65399
2017-03-02, 4.9700, 5.0200, 4.8900, 4.9000, 193955
2017-03-03, 4.8800, 5.0300, 4.8800, 4.9800, 123848
2017-03-06, 4.9400, 5.0411, 4.9200, 5.0200, 200263
2017-03-07, 5.0300, 5.1800, 4.9600, 5.1300, 219737
2017-03-08, 5.1300, 5.1700, 5.0000, 5.0200, 292623
2017-03-09, 5.0200, 5.0600, 4.8800, 4.9200, 447708
2017-03-10, 5.0000, 5.0700, 4.9600, 4.9800, 196820
2017-03-13, 5.0000, 5.2200, 4.9900, 5.1200, 225507
2017-03-14, 5.1000, 5.1100, 4.9300, 5.0500, 476225
2017-03-15, 5.0500, 5.1500, 4.9900, 5.0500, 159174
2017-03-16, 5.0900, 5.2600, 5.0900, 5.2400, 241947
2017-03-17, 5.2600, 5.2700, 5.1200, 5.1600, 224957
2017-03-20, 5.1500, 5.2700, 5.1000, 5.1900, 270561
2017-03-21, 5.2300, 5.3150, 5.1200, 5.1400, 300430
2017-03-22, 5.1200, 5.2000, 5.0600, 5.1000, 967341
2017-03-23, 5.1100, 5.2100, 5.0600, 5.1800, 243816
2017-03-24, 5.1900, 5.2830, 5.1100, 5.2200, 349500
2017-03-27, 5.2200, 5.2600, 5.1650, 5.2300, 644342
2017-03-28, 5.2300, 5.4399, 5.2134, 5.4100, 365895
2017-03-29, 5.4100, 5.4800, 5.3300, 5.3900, 305245
2017-03-30, 5.4000, 5.5200, 5.4000, 5.5000, 108495
2017-03-31, 5.5300, 5.5300, 5.4300, 5.5000, 233833
2017-04-03, 5.5000, 5.6150, 5.4300, 5.6100, 204016
2017-04-04, 5.6000, 5.6050, 5.4810, 5.5100, 546498
2017-04-05, 5.5300, 5.6600, 5.4800, 5.5700, 946054
2017-04-06, 5.5800, 5.6800, 5.5800, 5.6400, 215412
2017-04-07, 5.6400, 5.6400, 5.5750, 5.6100, 113883
2017-04-10, 5.6300, 5.6300, 5.5300, 5.5900, 105359
2017-04-11, 5.5800, 5.6300, 5.5201, 5.6100, 475129
2017-04-12, 5.6100, 5.6500, 5.5500, 5.5900, 569979
2017-04-13, 5.6000, 5.6700, 5.5100, 5.5300, 62554
2017-04-17, 5.5400, 5.7200, 5.5225, 5.6500, 308685
2017-04-18, 5.6500, 5.6500, 5.4700, 5.5000, 92152
2017-04-19, 5.5000, 5.5500, 5.4500, 5.5000, 89611
2017-04-20, 5.5200, 5.5200, 5.3500, 5.4000, 320959
2017-04-21, 5.3800, 5.4200, 5.3050, 5.3500, 315223
2017-04-24, 5.3800, 5.4800, 5.3100, 5.4500, 318442
2017-04-25, 5.4300, 5.5000, 5.3500, 5.4200, 286915
2017-04-26, 5.4300, 5.6400, 5.4300, 5.6000, 240919
2017-04-27, 5.5400, 5.6600, 5.5300, 5.5500, 347494
2017-04-28, 5.5700, 5.6200, 5.4300, 5.4600, 263070
2017-05-01, 5.4700, 5.4700, 5.3700, 5.4100, 47886
2017-05-02, 5.4400, 5.5900, 5.4200, 5.5300, 259067
2017-05-03, 5.5600, 5.5850, 5.4200, 5.4600, 518115
2017-05-04, 5.4600, 5.4700, 5.2600, 5.3900, 394742
2017-05-05, 5.4000, 5.4700, 5.2900, 5.4200, 130643
2017-05-08, 5.4200, 5.4200, 5.2900, 5.3300, 179565
2017-05-09, 5.3400, 5.4300, 5.3200, 5.4100, 70842
2017-05-10, 5.4000, 5.4800, 5.3100, 5.4400, 277315
2017-05-11, 5.4500, 5.5400, 5.3900, 5.5000, 155288
2017-05-12, 5.5100, 5.6000, 5.5000, 5.5500, 114460
2017-05-15, 5.5700, 5.6700, 5.5400, 5.6400, 251514
2017-05-16, 5.6500, 5.6850, 5.5700, 5.6300, 197959
2017-05-17, 5.3400, 5.7200, 5.3200, 5.4700, 233387
2017-05-18, 5.4100, 5.4200, 5.3000, 5.4000, 128641
2017-05-19, 5.4100, 5.5400, 5.4100, 5.5100, 228153
2017-05-22, 5.4900, 5.5499, 5.4500, 5.4800, 181803
2017-05-23, 5.4900, 5.5500, 5.3700, 5.5400, 180522
2017-05-24, 5.5600, 5.6700, 5.4900, 5.6100, 193403
2017-05-25, 5.6500, 5.7650, 5.5500, 5.6500, 355830
2017-05-26, 5.6600, 5.7000, 5.5100, 5.5800, 226297
2017-05-30, 5.5600, 5.6300, 5.5100, 5.6100, 149975
2017-05-31, 5.6100, 5.6500, 5.4400, 5.4600, 407183
2017-06-01, 5.4900, 5.6600, 5.4400, 5.6100, 279863
2017-06-02, 5.5900, 5.6700, 5.5601, 5.6000, 180359
2017-06-05, 5.6200, 5.6800, 5.5800, 5.6200, 206355
2017-06-06, 5.6500, 5.6600, 5.5700, 5.6200, 92619
2017-06-07, 5.6200, 5.6800, 5.5300, 5.5900, 279954
2017-06-08, 5.6200, 5.6500, 5.5200, 5.5800, 306238
2017-06-09, 5.6000, 5.6300, 5.5250, 5.5800, 175181
2017-06-12, 5.6000, 5.6200, 5.5050, 5.5400, 531328
2017-06-13, 5.5500, 5.5600, 5.4500, 5.5300, 333794
2017-06-14, 5.5600, 5.5600, 5.4600, 5.5200, 348248
2017-06-15, 5.5400, 5.5400, 5.4500, 5.5100, 231760
2017-06-16, 5.5400, 5.5700, 5.4300, 5.5300, 339143
2017-06-19, 5.5700, 5.6000, 5.5200, 5.5800, 168909
2017-06-20, 5.5900, 5.6500, 5.5000, 5.5300, 2715281
2017-06-21, 5.5300, 5.6300, 5.5250, 5.5800, 3040380
2017-06-22, 5.6000, 5.6500, 5.5700, 5.5800, 380062
2017-06-23, 5.6200, 5.6200, 5.5300, 5.5800, 373576
2017-06-26, 5.6000, 5.6000, 5.5100, 5.5500, 110159
2017-06-27, 5.5800, 5.5800, 5.4300, 5.5500, 233563
2017-06-28, 5.5600, 5.6200, 5.4900, 5.5000, 255109
2017-06-29, 5.5300, 5.5300, 5.4000, 5.4300, 142708
2017-06-30, 5.4700, 5.5400, 5.4100, 5.5000, 376994
2017-07-03, 5.5100, 5.6100, 5.4501, 5.5000, 122046
2017-07-05, 5.5000, 5.5400, 5.4600, 5.5300, 179237
2017-07-06, 5.5300, 5.5400, 5.4400, 5.5000, 518830
2017-07-07, 5.5500, 5.5800, 5.5000, 5.5200, 287596
2017-07-10, 5.5300, 5.6600, 5.5300, 5.6300, 190622
2017-07-11, 5.6300, 5.7100, 5.5800, 5.6300, 144575
2017-07-12, 5.6500, 5.6770, 5.6250, 5.6500, 257353
2017-07-13, 5.6400, 5.7300, 5.6200, 5.7100, 260240
2017-07-14, 5.7300, 5.8000, 5.7100, 5.7300, 500240
2017-07-17, 5.7300, 5.7800, 5.6950, 5.7800, 164565
2017-07-18, 5.7700, 5.8200, 5.7000, 5.8000, 238954
2017-07-19, 5.8200, 5.8200, 5.6500, 5.6700, 229591
2017-07-20, 5.7500, 5.7500, 5.6100, 5.6500, 143282
2017-07-21, 5.6900, 5.7200, 5.6100, 5.6800, 470945
2017-07-24, 5.7000, 5.7500, 5.6500, 5.7200, 254123
2017-07-25, 5.7300, 5.8500, 5.6400, 5.6600, 241827
2017-07-26, 5.7000, 5.7000, 5.5800, 5.6600, 218066
2017-07-27, 5.6500, 5.6700, 5.5200, 5.5800, 328491
2017-07-28, 5.6000, 5.6000, 5.4400, 5.5600, 230325
2017-07-31, 5.5700, 5.6200, 5.4400, 5.4700, 1164828
2017-08-01, 5.4900, 5.5000, 5.3700, 5.4500, 127999
2017-08-02, 5.4600, 5.5000, 5.4100, 5.4700, 184319
2017-08-03, 5.4700, 5.5000, 5.3900, 5.4300, 215066
2017-08-04, 5.4600, 5.4700, 5.3870, 5.4500, 209745
2017-08-07, 5.4500, 5.5000, 5.3970, 5.4400, 146913
2017-08-08, 5.4500, 5.5000, 5.4100, 5.4700, 157319
2017-08-09, 5.4600, 5.4900, 5.3600, 5.4500, 171228
2017-08-10, 5.4600, 5.4800, 5.4200, 5.4500, 143361
2017-08-11, 5.4700, 5.5200, 5.3900, 5.4800, 152122
2017-08-14, 5.4500, 5.5700, 5.4300, 5.5200, 162144
2017-08-15, 5.5300, 5.6000, 5.5050, 5.5600, 57613
2017-08-16, 5.5700, 5.6600, 5.5700, 5.6200, 151283
2017-08-17, 5.6300, 5.6500, 5.5500, 5.5600, 234566
2017-08-18, 5.5800, 5.5800, 5.4900, 5.5200, 128821
2017-08-21, 5.5400, 5.5700, 5.5000, 5.5400, 117791
2017-08-22, 5.5500, 5.5600, 5.5200, 5.5300, 63145
2017-08-23, 5.5500, 5.5600, 5.4900, 5.5400, 234831
2017-08-24, 5.5600, 5.5800, 5.5100, 5.5700, 373241
2017-08-25, 5.5500, 5.6200, 5.5500, 5.5900, 135507
2017-08-28, 5.7100, 5.9300, 5.7100, 5.8600, 485007
2017-08-29, 5.8000, 6.0700, 5.8000, 6.0100, 524098
2017-08-30, 5.9000, 6.0700, 5.8200, 5.8400, 232559
2017-08-31, 5.8700, 5.9800, 5.8000, 5.8600, 162066
2017-09-01, 5.8600, 6.0000, 5.8400, 5.9200, 140388
2017-09-05, 5.9200, 6.0000, 5.8200, 5.8200, 341166
2017-09-06, 5.8300, 5.9300, 5.8100, 5.8700, 106687
2017-09-07, 5.8900, 5.9500, 5.7900, 5.9100, 240005
2017-09-08, 5.8900, 5.9500, 5.8400, 5.8700, 136990
2017-09-11, 5.9200, 5.9800, 5.8700, 5.9200, 122953
2017-09-12, 5.9400, 5.9600, 5.8700, 5.8700, 100918
2017-09-13, 5.8700, 5.8900, 5.6900, 5.8500, 272205
2017-09-14, 5.8400, 5.9000, 5.7600, 5.8400, 108082
2017-09-15, 5.8500, 5.9250, 5.7800, 5.8600, 182469
2017-09-18, 5.8700, 5.8900, 5.8200, 5.8900, 91666
2017-09-19, 5.8700, 5.9300, 5.7700, 5.8200, 72077
2017-09-20, 5.8600, 5.9900, 5.8600, 5.9300, 280267
2017-09-21, 5.9700, 6.0000, 5.8700, 5.9700, 237239
2017-09-22, 5.9800, 6.0300, 5.8700, 5.8700, 255918
2017-09-25, 5.9000, 5.9800, 5.8800, 5.9200, 276276
2017-09-26, 5.9500, 6.0400, 5.9301, 5.9900, 363841
2017-09-27, 5.9500, 6.0100, 5.9300, 5.9300, 226923
2017-09-28, 5.9300, 6.0400, 5.9300, 6.0100, 306143
2017-09-29, 6.0000, 6.0700, 5.9700, 6.0000, 202093
2017-10-02, 6.0300, 6.1450, 6.0300, 6.0500, 200406
2017-10-03, 5.9900, 6.1800, 5.9500, 6.1500, 253085
2017-10-04, 6.1500, 6.2100, 6.0650, 6.1900, 187103
2017-10-05, 6.1900, 6.2400, 6.1200, 6.2100, 143639
2017-10-06, 6.1900, 6.2375, 6.1200, 6.2000, 153505
2017-10-09, 6.2700, 6.3000, 6.0900, 6.1300, 62713
2017-10-10, 6.1500, 6.3100, 6.1500, 6.2300, 150852
2017-10-11, 6.2400, 6.2600, 6.0600, 6.1200, 249575
2017-10-12, 6.1500, 6.2000, 6.0800, 6.1300, 157734
2017-10-13, 6.1800, 6.2700, 6.0000, 6.1000, 244859
2017-10-16, 6.1200, 6.1400, 6.0800, 6.1000, 107172
2017-10-17, 6.1300, 6.1500, 5.9900, 6.1000, 147950
2017-10-18, 6.0800, 6.1000, 5.8900, 5.9700, 492840
2017-10-19, 5.9700, 6.0200, 5.9200, 5.9900, 125967
2017-10-20, 6.0200, 6.0300, 5.8100, 5.9400, 138353
2017-10-23, 5.9800, 5.9900, 5.9289, 5.9700, 278038
2017-10-24, 5.9900, 6.0500, 5.8700, 5.9100, 202013
2017-10-25, 5.9000, 5.9700, 5.8800, 5.9600, 127797
2017-10-26, 5.9500, 5.9800, 5.8900, 5.9500, 117949
2017-10-27, 5.9900, 6.0100, 5.9200, 5.9500, 41937
2017-10-30, 5.9500, 5.9500, 5.8000, 5.9300, 105540
2017-10-31, 5.9300, 5.9300, 5.7500, 5.8900, 424856
2017-11-01, 5.8200, 5.8300, 5.4700, 5.6300, 344269
2017-11-02, 5.5900, 5.8600, 5.5900, 5.8000, 193782
2017-11-03, 5.7700, 5.8200, 5.6550, 5.8000, 481804
2017-11-06, 5.7900, 5.8200, 5.7000, 5.8100, 112590
2017-11-07, 5.8200, 5.8800, 5.7200, 5.7200, 105975
2017-11-08, 5.7000, 5.8100, 5.7000, 5.7200, 137451
2017-11-09, 5.7000, 5.7600, 5.6500, 5.7200, 83031
2017-11-10, 5.7300, 5.7400, 5.6600, 5.6900, 128445
2017-11-13, 5.6900, 5.7600, 5.6700, 5.6800, 108032
2017-11-14, 5.7100, 5.7700, 5.6450, 5.6500, 174239
2017-11-15, 5.5800, 5.7400, 5.5800, 5.7000, 167953
2017-11-16, 5.6800, 5.7350, 5.6100, 5.6800, 206070
2017-11-17, 5.6700, 5.7900, 5.6600, 5.7000, 122022
2017-11-20, 5.7100, 5.7100, 5.4300, 5.4700, 146739
2017-11-21, 5.5000, 5.5700, 5.4500, 5.4900, 163752
2017-11-22, 5.5000, 5.5200, 5.2900, 5.3200, 301373
2017-11-24, 5.2800, 5.4700, 5.2800, 5.4300, 244898
2017-11-27, 5.4200, 5.5500, 5.3600, 5.5100, 758224
2017-11-28, 5.5200, 5.5700, 5.4100, 5.5300, 391782
2017-11-29, 5.5300, 5.5300, 5.3300, 5.3800, 372169
2017-11-30, 5.4000, 5.4800, 5.2400, 5.3700, 467190
2017-12-01, 5.3700, 5.3900, 5.2100, 5.3500, 327486
2017-12-04, 5.3500, 5.4100, 5.2900, 5.3000, 300426
2017-12-05, 5.3200, 5.3200, 5.1600, 5.1800, 416470
2017-12-06, 5.1900, 5.2100, 5.1350, 5.1400, 441132
2017-12-07, 5.1400, 5.1800, 5.0300, 5.1300, 1498761
2017-12-08, 5.1100, 5.2450, 5.1100, 5.1900, 239521
2017-12-11, 5.2000, 5.2300, 5.1600, 5.1900, 529584
2017-12-12, 5.1700, 5.2000, 5.1100, 5.1500, 751858
2017-12-13, 5.1300, 5.2900, 5.1300, 5.2500, 271476
2017-12-14, 5.2800, 5.3407, 5.2000, 5.2600, 242862
2017-12-15, 5.3000, 5.4100, 5.2100, 5.3300, 490554
2017-12-18, 5.8400, 5.8700, 5.6500, 5.7300, 1167390
2017-12-19, 5.7400, 5.8350, 5.7000, 5.7200, 620728
2017-12-20, 5.7000, 5.7600, 5.6200, 5.6500, 320251
2017-12-21, 5.6700, 5.7400, 5.6100, 5.7300, 213587
2017-12-22, 5.6300, 5.7300, 5.5200, 5.5600, 252470
2017-12-26, 5.5500, 5.7800, 5.5000, 5.7100, 162202
2017-12-27, 5.6500, 5.7600, 5.5900, 5.7200, 129160
2017-12-28, 5.7200, 5.8200, 5.7200, 5.7900, 127970
2017-12-29, 5.8400, 5.9100, 5.6800, 5.6800, 248739
2018-01-02, 5.7500, 6.0700, 5.7500, 6.0600, 277161
2018-01-03, 6.1200, 6.1500, 5.9000, 5.9500, 243120
2018-01-04, 6.0000, 6.0600, 5.9300, 5.9500, 189805
2018-01-05, 5.8900, 6.0200, 5.8900, 5.9800, 250843
2018-01-08, 5.9400, 6.1804, 5.9300, 6.0800, 257726
2018-01-09, 6.1200, 6.1200, 5.9600, 6.0200, 197518
2018-01-10, 6.0600, 6.0600, 5.9800, 6.0600, 255038
2018-01-11, 6.0800, 6.1200, 5.9600, 6.0600, 329084
2018-01-12, 6.0800, 6.1900, 5.9200, 6.0100, 908652
2018-01-16, 6.0200, 6.1600, 6.0000, 6.0700, 391384
2018-01-17, 6.0400, 6.2400, 6.0300, 6.1200, 249933
2018-01-18, 6.1300, 6.1900, 6.1000, 6.1400, 354155
2018-01-19, 6.1700, 6.1800, 6.0700, 6.1400, 204860
2018-01-22, 6.1400, 6.2100, 6.0700, 6.1400, 236421
2018-01-23, 6.1700, 6.2600, 6.1300, 6.2400, 170911
2018-01-24, 6.2300, 6.3900, 6.1600, 6.3400, 298240
2018-01-25, 6.3800, 6.5300, 6.3600, 6.4600, 394849
2018-01-26, 6.5100, 6.5100, 6.3700, 6.4700, 270349
2018-01-29, 6.4800, 6.4800, 6.3600, 6.3900, 148050
2018-01-30, 6.3800, 6.3800, 6.2100, 6.2800, 207722
2018-01-31, 6.3100, 6.3350, 6.2300, 6.3000, 327650
2018-02-01, 6.3100, 6.4300, 6.2200, 6.3400, 318811
2018-02-02, 6.3300, 6.4000, 6.3000, 6.3300, 326470
2018-02-05, 6.2700, 6.5001, 6.2200, 6.2400, 298598
2018-02-06, 6.1900, 6.2505, 6.1150, 6.1600, 440247
2018-02-07, 6.2000, 6.2900, 6.1300, 6.1500, 514396
2018-02-08, 6.1300, 6.2700, 5.9100, 5.9300, 554101
2018-02-09, 6.0200, 6.0700, 5.8800, 5.9900, 690620
2018-02-12, 6.0100, 6.1200, 5.9900, 6.1000, 362784
2018-02-13, 6.1100, 6.1490, 6.0100, 6.0800, 411042
2018-02-14, 6.0600, 6.0800, 5.9500, 6.0100, 447751
2018-02-15, 6.0400, 6.1900, 6.0400, 6.1900, 556923
2018-02-16, 6.1500, 6.2100, 6.1000, 6.1600, 650497
2018-02-20, 6.1700, 6.1700, 5.9301, 6.0600, 978386
2018-02-21, 6.0400, 6.1200, 5.9300, 5.9500, 657767
2018-02-22, 5.9600, 6.2500, 5.9600, 6.1800, 529038
2018-02-23, 6.2000, 6.3400, 6.1500, 6.3000, 812316
2018-02-26, 6.3400, 6.4800, 6.3400, 6.4700, 511542
2018-02-27, 6.4700, 6.4700, 6.0800, 6.0900, 1089434
2018-02-28, 6.1900, 6.2700, 6.1000, 6.1200, 283593
2018-03-01, 6.1400, 6.1800, 6.0800, 6.1600, 253902
2018-03-02, 6.1700, 6.1700, 5.9900, 6.1400, 523839
2018-03-05, 6.0800, 6.1800, 6.0300, 6.1600, 253369
2018-03-06, 6.1900, 6.2600, 6.1300, 6.1600, 203462
2018-03-07, 6.1700, 6.2300, 6.0900, 6.1800, 280000
2018-03-08, 6.2000, 6.2400, 6.1300, 6.2100, 262301
2018-03-09, 6.2300, 6.3700, 6.2300, 6.3500, 945179
2018-03-12, 6.3600, 6.3600, 6.3000, 6.3500, 165031
2018-03-13, 6.3600, 6.4211, 6.2800, 6.3300, 338109
2018-03-14, 6.3600, 6.3600, 6.2900, 6.3400, 288718
2018-03-15, 6.3300, 6.3800, 6.2100, 6.2400, 306119
2018-03-16, 6.2500, 6.3900, 6.2400, 6.3600, 503277
2018-03-19, 6.3300, 6.4100, 6.2800, 6.4100, 440794
2018-03-20, 6.4300, 6.4300, 6.2300, 6.2500, 321254
2018-03-21, 6.2800, 6.2801, 6.1000, 6.2200, 1153022
2018-03-22, 6.2000, 6.2201, 6.0800, 6.1500, 432025
2018-03-23, 6.1900, 6.2250, 6.0500, 6.0700, 386732
2018-03-26, 6.1500, 6.2301, 6.1500, 6.2300, 335506
2018-03-27, 6.2200, 6.3400, 6.2100, 6.2800, 281863
2018-03-28, 6.2800, 6.4300, 6.2300, 6.3600, 442013
2018-03-29, 6.3600, 6.5500, 6.3500, 6.4000, 646076
2018-04-02, 6.3800, 6.4000, 6.2700, 6.3000, 384514
2018-04-03, 6.3200, 6.3800, 6.2700, 6.3500, 421535
2018-04-04, 6.3500, 6.3500, 6.1800, 6.2300, 352792
2018-04-05, 6.2500, 6.3900, 6.2500, 6.2900, 1047871
2018-04-06, 6.2700, 6.3000, 6.1600, 6.2100, 531735
2018-04-09, 6.2200, 6.2900, 6.1850, 6.2100, 830765
2018-04-10, 6.2200, 6.3400, 6.2200, 6.3300, 251311
2018-04-11, 6.3300, 6.4900, 6.3100, 6.4200, 563320
2018-04-12, 6.4200, 6.5200, 6.4200, 6.5000, 564027
2018-04-13, 6.5000, 6.5650, 6.3700, 6.4100, 499225
2018-04-16, 6.4500, 6.5002, 6.4100, 6.5000, 327401
2018-04-17, 6.5100, 6.5400, 6.3450, 6.3800, 558755
2018-04-18, 6.3800, 6.5100, 6.3800, 6.4600, 478621
2018-04-19, 6.4800, 6.5000, 6.4300, 6.4800, 264167
2018-04-20, 6.4900, 6.5200, 6.3850, 6.4100, 335286
2018-04-23, 6.4300, 6.4500, 6.3100, 6.3600, 324144
2018-04-24, 6.3600, 6.4300, 6.3350, 6.3800, 533364
2018-04-25, 6.3800, 6.3900, 6.2700, 6.3300, 422118
2018-04-26, 6.3600, 6.3800, 6.2400, 6.3000, 322522
2018-04-27, 6.3400, 6.3400, 6.2350, 6.3200, 381152
2018-04-30, 6.3600, 6.3600, 6.1700, 6.2200, 449681
2018-05-01, 6.2300, 6.2300, 6.1300, 6.1700, 91268
2018-05-02, 6.1500, 6.1700, 6.0200, 6.1000, 489049
2018-05-03, 6.1200, 6.1200, 6.0000, 6.0100, 367028
2018-05-04, 6.0400, 6.1900, 5.9400, 5.9600, 369339
2018-05-07, 5.9400, 6.0000, 5.9200, 5.9600, 549851
2018-05-08, 5.9900, 5.9900, 5.8300, 5.8800, 712374
2018-05-09, 5.9400, 5.9400, 5.8000, 5.8200, 424474
2018-05-10, 5.6700, 5.9700, 5.6700, 5.9000, 484690
2018-05-11, 5.8700, 5.9200, 5.8000, 5.8200, 382612
2018-05-14, 5.8100, 5.8800, 5.7100, 5.8000, 481655
2018-05-15, 5.7800, 5.7900, 5.7000, 5.7300, 334650
2018-05-16, 5.7500, 5.8200, 5.6550, 5.6800, 297154
2018-05-17, 5.6600, 5.6800, 5.6200, 5.6500, 603505
2018-05-18, 5.6300, 5.6800, 5.6100, 5.6600, 385573
2018-05-21, 5.6800, 5.7300, 5.6250, 5.6500, 381898
2018-05-22, 5.6700, 5.7700, 5.6100, 5.7400, 288973
2018-05-23, 5.7400, 5.8100, 5.6800, 5.7800, 321320
2018-05-24, 5.7900, 5.7900, 5.6600, 5.6800, 1182031
2018-05-25, 5.6900, 5.7150, 5.6299, 5.6600, 330856
2018-05-29, 5.6500, 5.6700, 5.4450, 5.4800, 190262
2018-05-30, 5.4700, 5.5227, 5.4400, 5.4700, 390693
2018-05-31, 5.4900, 5.5100, 5.3300, 5.3400, 925070
2018-06-01, 5.3500, 5.3800, 5.3200, 5.3500, 537547
2018-06-04, 5.3700, 5.4800, 5.3300, 5.4400, 557092
2018-06-05, 5.4400, 5.4400, 5.3700, 5.3800, 177460
2018-06-06, 5.4000, 5.4300, 5.3300, 5.4000, 378111
2018-06-07, 5.4000, 5.4100, 5.2100, 5.2800, 306255
2018-06-08, 5.3000, 5.4400, 5.2400, 5.4000, 342776
2018-06-11, 5.4300, 5.4300, 5.3200, 5.3800, 328252
2018-06-12, 5.3900, 5.4200, 5.2900, 5.3000, 262638
2018-06-13, 5.3000, 5.3200, 5.2200, 5.2600, 983320
2018-06-14, 5.2800, 5.3250, 5.2600, 5.2900, 637983
2018-06-15, 5.2900, 5.3400, 5.2200, 5.3000, 1734973
2018-06-18, 5.2800, 5.2900, 5.2100, 5.2900, 456120
2018-06-19, 5.2500, 5.2900, 5.1400, 5.2100, 840963
2018-06-20, 5.2200, 5.2900, 5.1300, 5.1300, 1510601
2018-06-21, 5.1700, 5.2000, 5.0600, 5.0800, 543694
2018-06-22, 5.1300, 5.1400, 5.0700, 5.1000, 440596
2018-06-25, 5.1100, 5.1300, 5.0000, 5.0000, 441750
2018-06-26, 5.0200, 5.0200, 4.9000, 4.9300, 466073
2018-06-27, 5.2500, 5.2500, 4.8200, 4.8200, 563798
2018-06-28, 4.8200, 4.9500, 4.8100, 4.8900, 1402694
2018-06-29, 4.8700, 4.9100, 4.7950, 4.8800, 950566
2018-07-02, 4.8800, 4.9400, 4.8300, 4.8400, 289077
2018-07-03, 4.8400, 4.8400, 4.7700, 4.8200, 231550
2018-07-05, 4.8300, 4.8500, 4.7450, 4.8400, 318392
2018-07-06, 4.8200, 4.9700, 4.8100, 4.9300, 382240
2018-07-09, 4.9800, 5.0800, 4.9400, 5.0500, 386733
2018-07-10, 5.0300, 5.2300, 4.9550, 5.2000, 807081
2018-07-11, 5.1400, 5.1800, 5.0600, 5.1200, 512339
2018-07-12, 5.1200, 5.1800, 5.0700, 5.1000, 267504
2018-07-13, 5.0800, 5.1900, 5.0400, 5.1600, 310768
2018-07-16, 5.1500, 5.2599, 5.1100, 5.2100, 336500
2018-07-17, 5.2000, 5.2600, 5.1500, 5.1700, 309599
2018-07-18, 5.1800, 5.2400, 5.1000, 5.2100, 385187
2018-07-19, 5.1700, 5.2100, 5.0900, 5.1100, 289425
2018-07-20, 5.1300, 5.1900, 5.0800, 5.1600, 292906
2018-07-23, 5.1500, 5.1900, 5.1100, 5.1200, 132959
2018-07-24, 5.1700, 5.2727, 5.1300, 5.2500, 483622
2018-07-25, 5.2800, 5.3900, 5.2200, 5.3200, 317800
2018-07-26, 5.3100, 5.3600, 5.2500, 5.2800, 196422
2018-07-27, 5.2700, 5.3146, 5.1400, 5.1700, 216939
2018-07-30, 5.1800, 5.2225, 5.1100, 5.2000, 315419
2018-07-31, 5.1400, 5.3500, 5.1400, 5.2500, 261054
2018-08-01, 5.2200, 5.2600, 5.1900, 5.1900, 129005
2018-08-02, 5.1700, 5.2400, 5.1000, 5.2300, 216021
2018-08-03, 5.2200, 5.3100, 5.1600, 5.2500, 334158
2018-08-06, 5.2300, 5.2800, 5.1450, 5.2100, 299898
2018-08-07, 5.1800, 5.2500, 5.1350, 5.1600, 607334
2018-08-08, 5.1800, 5.2000, 5.0600, 5.1100, 488254
2018-08-09, 5.0600, 5.1000, 5.0300, 5.0600, 671019
2018-08-10, 5.0500, 5.0500, 4.9300, 4.9800, 616737
2018-08-13, 4.9500, 4.9500, 4.8450, 4.8500, 402593
2018-08-14, 4.8900, 4.9600, 4.8600, 4.8900, 424422
2018-08-15, 4.8800, 4.9000, 4.7600, 4.7800, 170866
2018-08-16, 4.7700, 4.8800, 4.7200, 4.8400, 889419
2018-08-17, 4.8100, 4.8500, 4.7900, 4.8400, 522707
2018-08-20, 4.8300, 4.8900, 4.7700, 4.8100, 534701
2018-08-21, 4.7900, 4.9600, 4.7800, 4.8900, 306396
2018-08-22, 4.8900, 4.9800, 4.8900, 4.9600, 521293
2018-08-23, 4.9500, 4.9500, 4.8100, 4.8100, 360310
2018-08-24, 4.8600, 4.9800, 4.8600, 4.9100, 361403
2018-08-27, 4.9200, 5.0515, 4.8500, 4.9600, 384084
2018-08-28, 4.9500, 5.0000, 4.9100, 4.9500, 340863
2018-08-29, 4.9700, 4.9700, 4.9200, 4.9300, 299385
2018-08-30, 4.9300, 4.9300, 4.8050, 4.8200, 362450
2018-08-31, 4.8100, 4.8800, 4.7700, 4.8700, 377085
2018-09-04, 4.8400, 4.8400, 4.6900, 4.7200, 227070
2018-09-05, 4.6800, 4.7600, 4.6600, 4.7400, 262506
2018-09-06, 4.7400, 4.7900, 4.7200, 4.7500, 177004
2018-09-07, 4.7300, 4.7500, 4.6600, 4.7200, 346280
2018-09-10, 4.7000, 4.7400, 4.6000, 4.6100, 264899
2018-09-11, 4.5700, 4.6800, 4.5700, 4.6300, 270881
2018-09-12, 4.6300, 4.7100, 4.6000, 4.6100, 1544332
2018-09-13, 4.6500, 4.8100, 4.6400, 4.8000, 255405
2018-09-14, 4.8100, 4.8400, 4.6800, 4.7300, 231154
2018-09-17, 4.7000, 4.8850, 4.7000, 4.8600, 219918
2018-09-18, 4.8800, 4.8800, 4.7950, 4.8700, 161668
2018-09-19, 4.8800, 4.8800, 4.7700, 4.7900, 168932
2018-09-20, 4.7800, 4.9400, 4.7800, 4.9100, 336422
2018-09-21, 4.9000, 5.0300, 4.8500, 4.9400, 1271720
2018-09-24, 4.9300, 5.0400, 4.8700, 4.9700, 232533
2018-09-25, 4.9800, 5.0200, 4.9100, 5.0000, 266319
2018-09-26, 5.0000, 5.0250, 4.9400, 4.9600, 389935
2018-09-27, 4.9600, 5.0050, 4.9400, 4.9600, 467422
2018-09-28, 4.9300, 5.0200, 4.8750, 5.0100, 1129941
2018-10-01, 5.0200, 5.0200, 4.9400, 4.9900, 359902
2018-10-02, 5.0100, 5.0300, 4.9100, 4.9500, 446665
2018-10-03, 4.9800, 5.0300, 4.8900, 4.9200, 490457
2018-10-04, 4.9200, 4.9200, 4.7600, 4.8100, 408130
2018-10-05, 4.8200, 4.8627, 4.6900, 4.7200, 512376
2018-10-08, 4.7300, 4.7300, 4.6400, 4.6700, 327649
2018-10-09, 4.6700, 4.6700, 4.5800, 4.6200, 465790
2018-10-10, 4.6000, 4.6700, 4.5100, 4.5700, 1490458
2018-10-11, 4.5500, 4.6200, 4.5400, 4.5400, 396739
2018-10-12, 4.5700, 4.6500, 4.5500, 4.5600, 223017
2018-10-15, 4.5600, 4.6150, 4.5000, 4.5600, 211978
2018-10-16, 4.5900, 4.6908, 4.5900, 4.6200, 207148
2018-10-17, 4.5800, 4.6700, 4.5800, 4.6500, 231363
2018-10-18, 4.6400, 4.6500, 4.5900, 4.6100, 240291
2018-10-19, 4.5900, 4.6800, 4.5400, 4.6100, 224230
2018-10-22, 4.6300, 4.6300, 4.5316, 4.5700, 520516
2018-10-23, 4.5000, 4.5700, 4.4800, 4.5200, 323094
2018-10-24, 4.5600, 4.5700, 4.4900, 4.4900, 539200
2018-10-25, 4.4900, 4.5900, 4.4900, 4.5400, 266914
2018-10-26, 4.5100, 4.5368, 4.4450, 4.4900, 425767
2018-10-29, 4.4800, 4.5400, 4.1800, 4.2100, 1700559
2018-10-30, 4.1900, 4.3600, 4.1750, 4.2700, 1566881
2018-10-31, 4.2700, 4.3327, 4.2000, 4.3000, 1641853
2018-11-01, 4.3400, 4.3600, 4.2500, 4.3200, 854683
2018-11-02, 4.3500, 4.4300, 4.3300, 4.3600, 1126698
2018-11-05, 4.3600, 4.6100, 4.3500, 4.5400, 1396412
2018-11-06, 4.5000, 4.5500, 4.4600, 4.5300, 2083502
2018-11-07, 4.5500, 4.7600, 4.5100, 4.7500, 1889395
2018-11-08, 4.7200, 4.7500, 4.6400, 4.6700, 386935
2018-11-09, 4.6600, 4.6600, 4.4900, 4.5400, 1268986
