2016-06-17, 24.5000, 24.5000, 24.5000, 24.5000, 200
2016-06-20, 24.7638, 24.8000, 24.7638, 24.7700, 1900
2016-06-21, 24.7700, 24.7700, 24.7700, 24.7700, 0
2016-06-22, 24.7700, 24.7700, 24.7700, 24.7700, 20
2016-06-23, 24.9800, 24.9800, 24.9800, 24.9800, 220
2016-06-24, 24.4799, 24.4799, 24.2400, 24.2400, 1025
2016-06-27, 23.4500, 23.4500, 23.4500, 23.4500, 131
2016-06-28, 23.4500, 23.4500, 23.4500, 23.4500, 25
2016-06-29, 23.4500, 23.4500, 23.4500, 23.4500, 0
2016-06-30, 23.4500, 23.4500, 23.4500, 23.4500, 15
2016-07-01, 24.8500, 24.8500, 24.8500, 24.8500, 900
2016-07-05, 24.8500, 24.8500, 24.8500, 24.8500, 0
2016-07-06, 24.8500, 24.8500, 24.8500, 24.8500, 0
2016-07-07, 24.8500, 24.8500, 24.8500, 24.8500, 0
2016-07-08, 24.8500, 24.8500, 24.8500, 24.8500, 2
2016-07-11, 24.8500, 24.8500, 24.8500, 24.8500, 0
2016-07-12, 24.8500, 24.8500, 24.8500, 24.8500, 0
2016-07-13, 25.5450, 25.5450, 25.5450, 25.5450, 100
2016-07-14, 25.5450, 25.5450, 25.5450, 25.5450, 0
2016-07-15, 25.5450, 25.5450, 25.5450, 25.5450, 1
2016-07-18, 25.5450, 25.5450, 25.5450, 25.5450, 0
2016-07-19, 25.7800, 25.7800, 25.7800, 25.7800, 450
2016-07-20, 25.7800, 25.7800, 25.7800, 25.7800, 0
2016-07-21, 25.7500, 25.7500, 25.7500, 25.7500, 6640
2016-07-22, 25.7500, 25.7500, 25.7500, 25.7500, 0
2016-07-25, 25.7400, 25.7400, 25.7200, 25.7200, 540
2016-07-26, 25.7200, 25.7200, 25.7200, 25.7200, 0
2016-07-27, 25.7200, 25.7200, 25.7200, 25.7200, 0
2016-07-28, 25.7200, 25.7200, 25.7200, 25.7200, 0
2016-07-29, 25.8600, 25.8600, 25.8600, 25.8600, 100
2016-08-01, 25.6000, 25.6000, 25.5900, 25.5900, 2600
2016-08-02, 25.5900, 25.5900, 25.5900, 25.5900, 2
2016-08-03, 25.5900, 25.5900, 25.5900, 25.5900, 0
2016-08-04, 25.7799, 25.7800, 25.7799, 25.7800, 948
2016-08-05, 25.7800, 25.7800, 25.7800, 25.7800, 0
2016-08-08, 25.7800, 25.7800, 25.7800, 25.7800, 0
2016-08-09, 25.7800, 25.7800, 25.7800, 25.7800, 0
2016-08-10, 25.8800, 25.8800, 25.8795, 25.8795, 1502
2016-08-11, 26.1600, 26.1600, 26.1600, 26.1600, 700
2016-08-12, 26.1600, 26.1600, 26.1600, 26.1600, 0
2016-08-15, 26.2775, 26.2775, 26.2775, 26.2775, 360
2016-08-16, 26.2775, 26.2775, 26.2775, 26.2775, 2
2016-08-17, 26.0000, 26.0000, 26.0000, 26.0000, 100
2016-08-18, 26.2199, 26.2199, 26.2199, 26.2199, 200
2016-08-19, 26.2199, 26.2199, 26.2199, 26.2199, 0
2016-08-22, 26.2199, 26.2199, 26.2199, 26.2199, 0
2016-08-23, 26.3700, 26.3700, 26.3700, 26.3700, 202
2016-08-24, 26.3700, 26.3700, 26.3700, 26.3700, 0
2016-08-25, 26.3700, 26.3700, 26.3700, 26.3700, 0
2016-08-26, 26.3700, 26.3700, 26.3700, 26.3700, 0
2016-08-29, 26.3700, 26.3700, 26.3700, 26.3700, 0
2016-08-30, 26.3700, 26.3700, 26.3700, 26.3700, 1
2016-08-31, 26.1200, 26.1200, 26.1200, 26.1200, 101
2016-09-01, 26.1200, 26.1200, 26.1200, 26.1200, 0
2016-09-02, 26.2777, 26.2900, 26.2307, 26.2480, 5256
2016-09-06, 26.2480, 26.2480, 26.2480, 26.2480, 0
2016-09-07, 26.2480, 26.2480, 26.2480, 26.2480, 10
2016-09-08, 26.2480, 26.2480, 26.2480, 26.2480, 0
2016-09-09, 26.1600, 26.1600, 25.8250, 25.8250, 1863
2016-09-12, 26.0700, 26.0800, 26.0700, 26.0800, 784
2016-09-13, 26.0800, 26.0800, 26.0800, 26.0800, 0
2016-09-14, 26.0800, 26.0800, 26.0800, 26.0800, 13
2016-09-15, 26.0800, 26.0800, 26.0800, 26.0800, 0
2016-09-16, 26.0800, 26.0800, 26.0800, 26.0800, 25
2016-09-19, 26.0800, 26.0800, 26.0800, 26.0800, 0
2016-09-20, 26.0800, 26.0800, 26.0800, 26.0800, 0
2016-09-21, 26.0800, 26.0800, 26.0800, 26.0800, 31
2016-09-22, 26.0800, 26.0800, 26.0800, 26.0800, 0
2016-09-23, 26.0800, 26.0800, 26.0800, 26.0800, 0
2016-09-26, 26.0800, 26.0800, 26.0800, 26.0800, 0
2016-09-27, 26.0800, 26.0800, 26.0800, 26.0800, 0
2016-09-28, 26.0800, 26.0800, 26.0800, 26.0800, 31
2016-09-29, 26.0800, 26.0800, 26.0800, 26.0800, 0
2016-09-30, 26.1600, 26.1600, 26.1600, 26.1600, 133
2016-10-03, 26.1600, 26.1600, 26.1600, 26.1600, 0
2016-10-04, 26.1600, 26.1600, 26.1600, 26.1600, 0
2016-10-05, 26.1600, 26.1600, 26.1600, 26.1600, 0
2016-10-06, 26.1600, 26.1600, 26.1600, 26.1600, 0
2016-10-07, 25.9800, 25.9800, 25.9800, 25.9800, 76
2016-10-10, 25.9800, 25.9800, 25.9800, 25.9800, 35
2016-10-11, 25.9800, 25.9800, 25.9800, 25.9800, 0
2016-10-12, 25.8100, 25.8100, 25.8100, 25.8100, 150
2016-10-13, 25.8100, 25.8100, 25.8100, 25.8100, 0
2016-10-14, 25.8100, 25.8100, 25.8100, 25.8100, 0
2016-10-17, 25.8100, 25.8100, 25.8100, 25.8100, 92
2016-10-18, 25.8100, 25.8100, 25.8100, 25.8100, 0
2016-10-19, 25.8600, 25.8600, 25.8600, 25.8600, 200
2016-10-20, 25.8600, 25.8600, 25.8600, 25.8600, 16
2016-10-21, 25.8600, 25.8600, 25.8600, 25.8600, 5
2016-10-24, 25.8600, 25.8600, 25.8600, 25.8600, 152
2016-10-25, 25.8600, 25.8600, 25.8600, 25.8600, 25
2016-10-26, 25.8600, 25.8600, 25.8600, 25.8600, 9
2016-10-27, 25.8749, 25.8749, 25.8280, 25.8280, 1094
2016-10-28, 25.8280, 25.8280, 25.8280, 25.8280, 0
2016-10-31, 25.8280, 25.8280, 25.8280, 25.8280, 0
2016-11-01, 25.8280, 25.8280, 25.8280, 25.8280, 20
2016-11-02, 25.5420, 25.5420, 25.5420, 25.5420, 387
2016-11-03, 25.4600, 25.4600, 25.4600, 25.4600, 316
2016-11-04, 25.4600, 25.4600, 25.4600, 25.4600, 0
2016-11-07, 25.4600, 25.4600, 25.4600, 25.4600, 0
2016-11-08, 25.4600, 25.4600, 25.4600, 25.4600, 0
2016-11-09, 25.4600, 25.4600, 25.4600, 25.4600, 2
2016-11-10, 26.8400, 26.8400, 26.7600, 26.7600, 771
2016-11-11, 26.7801, 26.7900, 26.7800, 26.7900, 2456
2016-11-14, 26.7900, 26.7900, 26.7900, 26.7900, 0
2016-11-15, 26.7900, 26.7900, 26.7900, 26.7900, 0
2016-11-16, 27.1600, 27.1738, 27.1550, 27.1600, 1454
2016-11-17, 27.2400, 27.2400, 27.2353, 27.2353, 278
2016-11-18, 27.2353, 27.2353, 27.2353, 27.2353, 0
2016-11-21, 27.2353, 27.2353, 27.2353, 27.2353, 0
2016-11-22, 27.2353, 27.2353, 27.2353, 27.2353, 0
2016-11-23, 27.5600, 27.5800, 27.5600, 27.5600, 1519
2016-11-25, 27.6900, 27.6900, 27.6750, 27.6900, 412
2016-11-28, 27.6900, 27.6900, 27.6900, 27.6900, 0
2016-11-29, 27.5500, 27.5500, 27.5500, 27.5500, 422
2016-11-30, 27.5500, 27.5500, 27.5500, 27.5500, 0
2016-12-01, 27.5480, 27.5700, 27.4680, 27.4680, 3652
2016-12-02, 27.4680, 27.4680, 27.4680, 27.4680, 0
2016-12-05, 27.7100, 27.7100, 27.7099, 27.7099, 305
2016-12-06, 27.7399, 27.7400, 27.7166, 27.7166, 1610
2016-12-07, 28.2560, 28.2560, 28.2560, 28.2560, 353
2016-12-08, 28.2560, 28.2560, 28.2560, 28.2560, 10
2016-12-09, 28.4590, 28.4600, 28.4590, 28.4600, 715
2016-12-12, 28.4600, 28.4600, 28.4600, 28.4600, 60
2016-12-13, 28.5100, 28.5600, 28.5100, 28.5600, 2901
2016-12-14, 28.5600, 28.5600, 28.5600, 28.5600, 2
2016-12-15, 28.5000, 28.5100, 28.3600, 28.3600, 651
2016-12-16, 28.3600, 28.3600, 28.3600, 28.3600, 0
2016-12-19, 28.3600, 28.3600, 28.3600, 28.3600, 52
2016-12-20, 28.3500, 28.3500, 28.3216, 28.3500, 2404
2016-12-21, 28.3500, 28.3500, 28.3500, 28.3500, 0
2016-12-22, 28.2400, 28.2400, 28.1877, 28.2300, 1508
2016-12-23, 27.7001, 27.7700, 27.7001, 27.7500, 5874
2016-12-27, 27.8138, 27.8138, 27.8138, 27.8138, 600
2016-12-28, 27.9500, 27.9500, 27.9500, 27.9500, 398
2016-12-29, 27.9500, 27.9500, 27.9500, 27.9500, 64
2016-12-30, 27.5450, 27.5450, 27.5450, 27.5450, 210
2017-01-03, 27.8200, 27.8200, 27.7100, 27.7100, 396
2017-01-04, 27.7100, 27.7100, 27.7100, 27.7100, 21
2017-01-05, 27.7100, 27.7100, 27.7100, 27.7100, 11
2017-01-06, 27.7100, 27.7100, 27.7100, 27.7100, 64
2017-01-09, 27.7100, 27.7100, 27.7100, 27.7100, 0
2017-01-10, 27.7700, 27.7700, 27.6900, 27.6900, 5427
2017-01-11, 27.7800, 27.7800, 27.7200, 27.7200, 1149
2017-01-12, 27.7200, 27.7200, 27.7200, 27.7200, 0
2017-01-13, 27.7900, 27.7900, 27.7900, 27.7900, 369
2017-01-17, 27.8346, 27.8346, 27.7500, 27.7500, 1527
2017-01-18, 27.8400, 27.8400, 27.8400, 27.8400, 201
2017-01-19, 27.8400, 27.8400, 27.8400, 27.8400, 0
2017-01-20, 27.8400, 27.8400, 27.8400, 27.8400, 1
2017-01-23, 27.6599, 27.6599, 27.6242, 27.6242, 457
2017-01-24, 27.6242, 27.6242, 27.6242, 27.6242, 1
2017-01-25, 27.6242, 27.6242, 27.6242, 27.6242, 0
2017-01-26, 27.6242, 27.6242, 27.6242, 27.6242, 0
2017-01-27, 27.6242, 27.6242, 27.6242, 27.6242, 4
2017-01-30, 27.8599, 27.8600, 27.8599, 27.8600, 504
2017-01-31, 27.8600, 27.8600, 27.8600, 27.8600, 2
2017-02-01, 27.7880, 27.8020, 27.7880, 27.8020, 200
2017-02-02, 27.8020, 27.8020, 27.8020, 27.8020, 0
2017-02-03, 27.8020, 27.8020, 27.8020, 27.8020, 1
2017-02-06, 28.1150, 28.1150, 28.1150, 28.1150, 127
2017-02-07, 28.1150, 28.1150, 28.1150, 28.1150, 2
2017-02-08, 28.1150, 28.1150, 28.1150, 28.1150, 0
2017-02-09, 28.1150, 28.1150, 28.1150, 28.1150, 0
2017-02-10, 28.3300, 28.4900, 28.3300, 28.4900, 1645
2017-02-13, 28.4900, 28.4900, 28.4900, 28.4900, 0
2017-02-14, 28.4900, 28.4900, 28.4900, 28.4900, 41
2017-02-15, 28.4900, 28.4900, 28.4900, 28.4900, 0
2017-02-16, 28.4900, 28.4900, 28.4900, 28.4900, 0
2017-02-17, 28.8599, 28.8600, 28.8599, 28.8600, 586
2017-02-21, 29.0400, 29.1600, 29.0400, 29.1385, 3926
2017-02-22, 29.1500, 29.1500, 29.1500, 29.1500, 193
2017-02-23, 29.1000, 29.1000, 29.1000, 29.1000, 102
2017-02-24, 29.0301, 29.1042, 29.0301, 29.1042, 9384
2017-02-27, 29.1900, 29.1900, 29.1800, 29.1800, 597
2017-02-28, 29.1500, 29.1600, 29.1400, 29.1400, 2605
2017-03-01, 29.4500, 29.4580, 29.4298, 29.4298, 2457
2017-03-02, 29.5400, 29.5400, 29.1908, 29.2200, 10055
2017-03-03, 29.1860, 29.2288, 29.1779, 29.2288, 3017
2017-03-06, 29.0400, 29.1194, 29.0400, 29.1194, 3629
2017-03-07, 28.9687, 29.0312, 28.9520, 28.9600, 618
2017-03-08, 28.9600, 28.9600, 28.9600, 28.9600, 118
2017-03-09, 28.8447, 28.8447, 28.8447, 28.8447, 252
2017-03-10, 28.9101, 28.9427, 28.9101, 28.9427, 1304
2017-03-13, 28.9427, 28.9427, 28.9427, 28.9427, 10
2017-03-14, 28.9427, 28.9427, 28.9427, 28.9427, 3
2017-03-15, 28.9427, 28.9427, 28.9427, 28.9427, 0
2017-03-16, 28.9427, 28.9427, 28.9427, 28.9427, 0
2017-03-17, 28.9427, 28.9427, 28.9427, 28.9427, 8
2017-03-20, 28.9427, 28.9427, 28.9427, 28.9427, 66
2017-03-21, 29.0099, 29.0099, 28.9916, 28.9916, 395
2017-03-22, 28.9916, 28.9916, 28.9916, 28.9916, 0
2017-03-23, 28.9916, 28.9916, 28.9916, 28.9916, 20
2017-03-24, 28.7299, 28.7299, 28.6800, 28.6800, 558
2017-03-27, 28.6800, 28.6800, 28.6800, 28.6800, 46
2017-03-28, 28.8530, 28.8530, 28.8530, 28.8530, 434
2017-03-29, 28.8530, 28.8530, 28.8530, 28.8530, 0
2017-03-30, 28.8530, 28.8530, 28.8530, 28.8530, 0
2017-03-31, 29.0600, 29.0600, 29.0600, 29.0600, 210
2017-04-03, 29.0600, 29.0600, 29.0600, 29.0600, 0
2017-04-04, 28.7500, 28.7500, 28.6099, 28.6500, 968
2017-04-05, 28.7800, 28.7800, 28.7700, 28.7700, 1743
2017-04-06, 28.7700, 28.7700, 28.7700, 28.7700, 20
2017-04-07, 28.7100, 28.7199, 28.7075, 28.7075, 812
2017-04-10, 28.7612, 28.7700, 28.7612, 28.7700, 1978
2017-04-11, 28.7400, 28.7400, 28.6300, 28.6800, 535
2017-04-12, 28.6500, 28.6500, 28.6232, 28.6232, 1900
2017-04-13, 28.6232, 28.6232, 28.6232, 28.6232, 0
2017-04-17, 28.6232, 28.6232, 28.6232, 28.6232, 2
2017-04-18, 28.5100, 28.5100, 28.5100, 28.5100, 599
2017-04-19, 28.5100, 28.5100, 28.5100, 28.5100, 1
2017-04-20, 28.8200, 28.8200, 28.8200, 28.8200, 100
2017-04-21, 28.8200, 28.8200, 28.8200, 28.8200, 72
2017-04-24, 29.0500, 29.0500, 29.0500, 29.0500, 214
2017-04-25, 29.0500, 29.0500, 29.0500, 29.0500, 42958
2017-04-26, 29.0500, 29.0500, 29.0500, 29.0500, 0
2017-04-27, 29.0500, 29.0500, 29.0500, 29.0500, 0
2017-04-28, 29.0500, 29.0500, 29.0500, 29.0500, 211
2017-05-01, 29.0600, 29.0700, 29.0600, 29.0700, 450
2017-05-02, 29.0700, 29.0700, 29.0700, 29.0700, 1
2017-05-03, 28.9099, 28.9099, 28.9096, 28.9096, 780
2017-05-04, 28.8111, 28.8111, 28.7869, 28.7869, 411
2017-05-05, 28.7869, 28.7869, 28.7869, 28.7869, 96
2017-05-08, 28.7869, 28.7869, 28.7869, 28.7869, 29
2017-05-09, 28.7869, 28.7869, 28.7869, 28.7869, 29
2017-05-10, 29.0800, 29.0800, 29.0800, 29.0800, 100
2017-05-11, 29.0800, 29.0800, 29.0800, 29.0800, 36
2017-05-12, 29.0800, 29.0800, 29.0800, 29.0800, 14
2017-05-15, 29.0800, 29.0800, 29.0800, 29.0800, 0
2017-05-16, 28.8700, 28.8700, 28.8700, 28.8700, 412
2017-05-17, 28.5000, 28.5000, 28.5000, 28.5000, 209
2017-05-18, 28.5000, 28.5000, 28.5000, 28.5000, 0
2017-05-19, 28.5000, 28.5000, 28.5000, 28.5000, 0
2017-05-22, 28.5000, 28.5000, 28.5000, 28.5000, 42
2017-05-23, 28.5000, 28.5000, 28.5000, 28.5000, 61
2017-05-24, 28.5000, 28.5000, 28.5000, 28.5000, 40
2017-05-25, 29.0099, 29.0099, 28.9862, 28.9862, 700
2017-05-26, 28.9200, 28.9381, 28.9200, 28.9370, 685
2017-05-30, 28.9370, 28.9370, 28.9370, 28.9370, 3
2017-05-31, 28.8700, 28.8700, 28.8699, 28.8699, 588
2017-06-01, 29.2099, 29.2099, 29.1860, 29.1860, 433
2017-06-02, 29.3100, 29.3100, 29.3100, 29.3100, 209
2017-06-05, 29.2400, 29.2400, 29.2400, 29.2400, 400
2017-06-06, 28.9500, 29.1075, 28.9500, 29.1075, 443
2017-06-07, 29.0500, 29.0500, 29.0500, 29.0500, 188
2017-06-08, 29.1599, 29.2700, 29.1599, 29.2500, 558
2017-06-09, 29.2500, 29.2500, 29.2500, 29.2500, 52
2017-06-12, 29.2500, 29.2500, 29.2500, 29.2500, 0
2017-06-13, 29.4000, 29.5400, 29.4000, 29.5400, 9702
2017-06-14, 29.5400, 29.5400, 29.5400, 29.5400, 0
2017-06-15, 29.5199, 29.5199, 29.5199, 29.5199, 437
2017-06-16, 29.5199, 29.5199, 29.5199, 29.5199, 0
2017-06-19, 29.5199, 29.5199, 29.5199, 29.5199, 0
2017-06-20, 29.5199, 29.5199, 29.5199, 29.5199, 1
2017-06-21, 29.5200, 29.5200, 29.5200, 29.5200, 0
2017-06-22, 29.2400, 29.2600, 29.2400, 29.2600, 523
2017-06-23, 29.2600, 29.2600, 29.2600, 29.2600, 0
2017-06-26, 29.3401, 29.3475, 29.3300, 29.3475, 2059
2017-06-27, 29.3475, 29.3475, 29.3475, 29.3475, 51
2017-06-28, 29.3475, 29.3475, 29.3475, 29.3475, 0
2017-06-29, 29.3475, 29.3475, 29.3475, 29.3475, 41
2017-06-30, 29.3475, 29.3475, 29.3475, 29.3475, 3
2017-07-03, 29.1807, 29.1807, 29.1807, 29.1807, 2
2017-07-05, 29.1807, 29.1807, 29.1807, 29.1807, 3
2017-07-06, 29.0800, 29.1100, 28.9780, 28.9780, 1244
2017-07-07, 28.9780, 28.9780, 28.9780, 28.9780, 31
2017-07-10, 28.9780, 28.9780, 28.9780, 28.9780, 1
2017-07-11, 29.0640, 29.0640, 29.0640, 29.0640, 1022
2017-07-12, 29.0640, 29.0640, 29.0640, 29.0640, 0
2017-07-13, 29.0640, 29.0640, 29.0640, 29.0640, 0
2017-07-14, 29.3900, 29.4500, 29.3900, 29.4500, 1500
2017-07-17, 29.5000, 29.5391, 29.5000, 29.5300, 1257
2017-07-18, 29.5300, 29.5300, 29.5300, 29.5300, 0
2017-07-19, 29.5300, 29.5300, 29.5300, 29.5300, 0
2017-07-20, 29.5300, 29.5300, 29.5300, 29.5300, 31
2017-07-21, 29.6199, 29.6200, 29.6199, 29.6200, 1237
2017-07-24, 29.5800, 29.6000, 29.5800, 29.6000, 201
2017-07-25, 29.6000, 29.6000, 29.6000, 29.6000, 7
2017-07-26, 29.6000, 29.6000, 29.6000, 29.6000, 0
2017-07-27, 29.6000, 29.6000, 29.6000, 29.6000, 10
2017-07-28, 29.6000, 29.6000, 29.6000, 29.6000, 6
2017-07-31, 29.6000, 29.6000, 29.6000, 29.6000, 12
2017-08-01, 29.6000, 29.6000, 29.6000, 29.6000, 3
2017-08-02, 29.6000, 29.6000, 29.6000, 29.6000, 1
2017-08-03, 29.6000, 29.6000, 29.6000, 29.6000, 0
2017-08-04, 29.7402, 29.7402, 29.7402, 29.7402, 336
2017-08-07, 29.7357, 29.7357, 29.7357, 29.7357, 400
2017-08-08, 29.8300, 29.8300, 29.8300, 29.8300, 207
2017-08-09, 29.9500, 29.9500, 29.6300, 29.6300, 306
2017-08-10, 29.6200, 29.6200, 29.4200, 29.4200, 1672
2017-08-11, 29.2507, 29.2507, 29.2200, 29.2200, 526
2017-08-14, 29.2200, 29.2200, 29.2200, 29.2200, 3
2017-08-15, 29.5000, 29.5000, 29.4134, 29.4134, 235
2017-08-16, 29.4500, 29.4500, 29.4500, 29.4500, 160
2017-08-17, 29.2461, 29.2461, 29.2461, 29.2461, 375
2017-08-18, 28.9400, 28.9499, 28.9295, 28.9295, 1060
2017-08-21, 28.9295, 28.9295, 28.9295, 28.9295, 5
2017-08-22, 28.9295, 28.9295, 28.9295, 28.9295, 2
2017-08-23, 28.9295, 28.9295, 28.9295, 28.9295, 0
2017-08-24, 29.1599, 29.1600, 29.0400, 29.0400, 701
2017-08-25, 29.1500, 29.1500, 29.1500, 29.1500, 170
2017-08-28, 29.1500, 29.1500, 29.1500, 29.1500, 0
2017-08-29, 28.9801, 28.9801, 28.9801, 28.9801, 104
2017-08-30, 29.0399, 29.0980, 29.0399, 29.0900, 2931
2017-08-31, 29.0900, 29.0900, 29.0900, 29.0900, 0
2017-09-01, 29.3160, 29.3160, 29.3160, 29.3160, 184
2017-09-05, 29.3700, 29.3700, 29.0701, 29.0701, 1546
2017-09-06, 29.2211, 29.3060, 29.2100, 29.3060, 9138
2017-09-07, 29.1700, 29.1700, 29.0964, 29.0964, 8169
2017-09-08, 29.2700, 29.2700, 29.2090, 29.2090, 1011
2017-09-11, 29.4800, 29.5600, 29.4800, 29.5580, 1092
2017-09-12, 29.7399, 29.7399, 29.7399, 29.7399, 257
2017-09-13, 29.7399, 29.7399, 29.7399, 29.7399, 2
2017-09-14, 29.7400, 29.7400, 29.7001, 29.7001, 408
2017-09-15, 29.7839, 29.7839, 29.7839, 29.7839, 169
2017-09-18, 29.8900, 29.8900, 29.8900, 29.8900, 139
2017-09-19, 29.8300, 29.8300, 29.8300, 29.8300, 250
2017-09-20, 29.8299, 29.8299, 29.8299, 29.8299, 191
2017-09-21, 29.8199, 29.8200, 29.8199, 29.8200, 1806
2017-09-22, 29.8200, 29.8200, 29.8200, 29.8200, 0
2017-09-25, 29.9500, 29.9509, 29.9500, 29.9509, 585
2017-09-26, 29.9600, 29.9600, 29.9600, 29.9600, 245
2017-09-27, 30.1000, 30.1000, 30.0401, 30.0550, 913
2017-09-28, 30.0550, 30.0550, 30.0550, 30.0550, 2
2017-09-29, 30.0800, 30.0800, 30.0800, 30.0800, 168
2017-10-02, 30.0800, 30.0800, 30.0800, 30.0800, 0
2017-10-03, 30.1114, 30.1114, 30.1114, 30.1114, 102
2017-10-04, 30.1114, 30.1114, 30.1114, 30.1114, 36
2017-10-05, 30.1110, 30.1110, 30.1110, 30.1110, 0
2017-10-06, 30.1114, 30.1114, 30.1114, 30.1114, 81
2017-10-09, 30.1114, 30.1114, 30.1114, 30.1114, 37
2017-10-10, 30.2300, 30.2300, 30.2300, 30.2300, 140
2017-10-11, 30.2400, 30.2400, 30.2400, 30.2400, 289
2017-10-12, 30.2400, 30.2400, 30.2400, 30.2400, 451
2017-10-13, 30.2400, 30.2400, 30.2400, 30.2400, 0
2017-10-16, 30.2400, 30.2400, 30.2400, 30.2400, 0
2017-10-17, 30.2400, 30.2400, 30.2400, 30.2400, 25
2017-10-18, 30.2400, 30.2400, 30.2400, 30.2400, 1
2017-10-19, 30.2400, 30.3900, 30.2400, 30.2500, 50473
2017-10-20, 30.2500, 30.2500, 30.2500, 30.2500, 79
2017-10-23, 30.6600, 30.6600, 30.6200, 30.6200, 1595
2017-10-24, 30.6500, 30.6500, 30.6500, 30.6500, 184
2017-10-25, 30.3500, 30.4100, 30.2900, 30.4000, 3001
2017-10-26, 30.4000, 30.4000, 30.4000, 30.4000, 0
2017-10-27, 30.3900, 30.3900, 30.3900, 30.3900, 325
2017-10-30, 30.2422, 30.2422, 30.2422, 30.2422, 297
2017-10-31, 30.2422, 30.2422, 30.2422, 30.2422, 0
2017-11-01, 30.2422, 30.2422, 30.2422, 30.2422, 139
2017-11-02, 30.3800, 30.4700, 30.3800, 30.4700, 44800
2017-11-03, 30.4900, 30.4900, 30.4900, 30.4900, 292
2017-11-06, 30.4900, 30.4900, 30.4900, 30.4900, 125
2017-11-07, 30.4900, 30.4900, 30.4900, 30.4900, 0
2017-11-08, 30.3801, 30.3801, 30.3801, 30.3801, 155
2017-11-09, 30.3801, 30.3801, 30.3801, 30.3801, 0
2017-11-10, 30.1200, 30.1200, 30.1200, 30.1200, 306
2017-11-13, 30.1200, 30.1200, 30.1200, 30.1200, 50
2017-11-14, 30.1200, 30.1200, 30.1200, 30.1200, 0
2017-11-15, 30.1200, 30.1200, 30.1200, 30.1200, 0
2017-11-16, 30.1200, 30.1200, 30.1200, 30.1200, 0
2017-11-17, 30.1200, 30.1200, 30.1200, 30.1200, 0
2017-11-20, 30.7652, 30.7652, 30.6220, 30.7100, 5858
2017-11-21, 30.7100, 30.7100, 30.7100, 30.7100, 0
2017-11-22, 30.7100, 30.7100, 30.7100, 30.7100, 0
2017-11-24, 30.7000, 30.7614, 30.6900, 30.6900, 1904
2017-11-27, 30.7800, 30.7800, 30.7800, 30.7800, 205
2017-11-28, 31.0500, 31.0500, 31.0500, 31.0500, 473
2017-11-29, 31.0500, 31.0500, 31.0500, 31.0500, 7
2017-11-30, 31.0500, 31.0500, 31.0500, 31.0500, 0
2017-12-01, 31.5875, 31.6800, 31.5875, 31.6800, 609
2017-12-04, 32.2300, 32.2300, 32.1200, 32.1200, 1515
2017-12-05, 32.1200, 32.1200, 32.1200, 32.1200, 0
2017-12-06, 32.1500, 32.1500, 32.1500, 32.1500, 182
2017-12-07, 32.1500, 32.1500, 32.1500, 32.1500, 92
2017-12-08, 31.9109, 31.9109, 31.9109, 31.9109, 400
2017-12-11, 31.9960, 31.9960, 31.9960, 31.9960, 200
2017-12-12, 31.9964, 31.9964, 31.9964, 31.9964, 20
2017-12-13, 31.9964, 31.9964, 31.9964, 31.9964, 0
2017-12-14, 32.0701, 32.0701, 32.0701, 32.0701, 263
2017-12-15, 32.2750, 32.2750, 32.2750, 32.2750, 300
2017-12-18, 32.2745, 32.2745, 32.2745, 32.2745, 0
2017-12-19, 32.2745, 32.2745, 32.2745, 32.2745, 0
2017-12-20, 32.4050, 32.4050, 32.4050, 32.4050, 1003
2017-12-21, 32.5000, 32.5090, 32.3600, 32.3600, 4707
2017-12-22, 32.3600, 32.3600, 32.3600, 32.3600, 111
2017-12-26, 32.3600, 32.3600, 32.3600, 32.3600, 160
2017-12-27, 29.4588, 29.4588, 29.4588, 29.4588, 101
2017-12-28, 29.6700, 29.6700, 29.5790, 29.6100, 989
2017-12-29, 30.1000, 30.1000, 29.5869, 29.5894, 1395
2018-01-02, 29.5120, 29.5120, 29.5120, 29.5120, 515
2018-01-03, 29.4500, 29.8078, 29.4500, 29.7700, 1527
2018-01-04, 29.8404, 29.8404, 29.8404, 29.8404, 219
2018-01-05, 29.8900, 29.9626, 29.8900, 29.9626, 3995
2018-01-08, 30.0200, 30.0900, 30.0200, 30.0900, 20064
2018-01-09, 30.6900, 30.6900, 30.2900, 30.3500, 1117
2018-01-10, 30.3500, 30.3500, 30.3500, 30.3500, 1
2018-01-11, 30.3800, 30.5300, 30.3800, 30.4100, 2845
2018-01-12, 30.9000, 31.0500, 30.8727, 30.9400, 4355
2018-01-16, 31.4500, 31.4500, 31.1197, 31.1197, 956
2018-01-17, 30.7500, 30.7500, 30.7500, 30.7500, 18005
2018-01-18, 30.9400, 30.9400, 30.9400, 30.9400, 178
2018-01-19, 30.9456, 31.0600, 30.9456, 31.0600, 3199
2018-01-22, 31.3617, 31.3617, 31.3617, 31.3617, 125
2018-01-23, 31.4761, 31.4761, 31.4761, 31.4761, 150
2018-01-24, 31.2400, 31.3100, 31.2400, 31.3100, 1702
2018-01-25, 31.3100, 31.3100, 31.3100, 31.3100, 2
2018-01-26, 31.3100, 31.3100, 31.3100, 31.3100, 0
2018-01-29, 31.3100, 31.3100, 31.3100, 31.3100, 8
2018-01-30, 31.3100, 31.3100, 31.3100, 31.3100, 13
2018-01-31, 31.3100, 31.3100, 31.3100, 31.3100, 28
2018-02-01, 31.3100, 31.3100, 31.3100, 31.3100, 54
2018-02-02, 30.4600, 30.4600, 30.4600, 30.4600, 415
2018-02-05, 29.7080, 29.7080, 29.7050, 29.7050, 598
2018-02-06, 29.1319, 29.5100, 28.9223, 29.5100, 806
2018-02-07, 29.5100, 29.5100, 29.5100, 29.5100, 0
2018-02-08, 28.9800, 28.9800, 28.7000, 28.7000, 942
2018-02-09, 28.7000, 28.7000, 28.7000, 28.7000, 0
2018-02-12, 29.2331, 29.2331, 29.1000, 29.1000, 3310
2018-02-13, 29.1000, 29.1000, 29.1000, 29.1000, 37
2018-02-14, 29.5300, 29.5669, 29.5300, 29.5669, 306
2018-02-15, 29.8481, 29.8800, 29.8481, 29.8800, 1134
2018-02-16, 30.1401, 30.2600, 30.1401, 30.2600, 674
2018-02-20, 29.8300, 29.8300, 29.8300, 29.8300, 547
2018-02-21, 30.2500, 30.2500, 30.2500, 30.2500, 400
2018-02-22, 30.2500, 30.2500, 30.2500, 30.2500, 86
2018-02-23, 30.2500, 30.2500, 30.2500, 30.2500, 28
2018-02-26, 30.2500, 30.2500, 30.2500, 30.2500, 4
2018-02-27, 30.2500, 30.2500, 30.2500, 30.2500, 99
2018-02-28, 29.9000, 29.9000, 29.8400, 29.8400, 414
2018-03-01, 29.8400, 29.8400, 29.8400, 29.8400, 70
2018-03-02, 29.5600, 29.5600, 29.5600, 29.5600, 198
2018-03-05, 30.0001, 30.1500, 30.0001, 30.0860, 500
2018-03-06, 30.0276, 30.0276, 30.0276, 30.0276, 650
2018-03-07, 30.0000, 30.0000, 29.9708, 29.9708, 680
2018-03-08, 30.1000, 30.1000, 30.1000, 30.1000, 500
2018-03-09, 30.1000, 30.1000, 30.1000, 30.1000, 50
2018-03-12, 30.5000, 30.5700, 30.5000, 30.5700, 348
2018-03-13, 30.5300, 30.5300, 30.5300, 30.5300, 300
2018-03-14, 30.5299, 30.5299, 30.5299, 30.5299, 61
2018-03-15, 30.1598, 30.2200, 30.1598, 30.2200, 1931
2018-03-16, 30.2200, 30.2200, 30.2200, 30.2200, 0
2018-03-19, 30.0000, 30.0000, 29.9299, 29.9300, 1407
2018-03-20, 29.9750, 29.9750, 29.9750, 29.9750, 200
2018-03-21, 29.9753, 29.9753, 29.9753, 29.9753, 2
2018-03-22, 29.5560, 29.6300, 29.2998, 29.2998, 4409
2018-03-23, 29.2500, 29.2500, 29.0750, 29.0835, 12546
2018-03-26, 29.0835, 29.0835, 29.0835, 29.0835, 1
2018-03-27, 29.0700, 29.0700, 29.0700, 29.0700, 500
2018-03-28, 29.0700, 29.0700, 29.0700, 29.0700, 20
2018-03-29, 29.0700, 29.0700, 29.0700, 29.0700, 2
2018-04-02, 29.0700, 29.0700, 29.0700, 29.0700, 24
2018-04-03, 28.6201, 28.6201, 28.6201, 28.6201, 107
2018-04-04, 28.8605, 28.8605, 28.7800, 28.7800, 382
2018-04-05, 28.7800, 28.7800, 28.7800, 28.7800, 0
2018-04-06, 28.8300, 28.8300, 28.8215, 28.8215, 1300
2018-04-09, 29.1942, 29.1942, 29.1942, 29.1942, 141
2018-04-10, 29.3400, 29.3487, 29.3400, 29.3487, 401
2018-04-11, 29.3487, 29.3487, 29.3487, 29.3487, 0
2018-04-12, 29.3700, 29.3700, 29.3700, 29.3700, 377
2018-04-13, 29.3400, 29.3400, 29.3400, 29.3400, 443
2018-04-16, 29.9000, 29.9000, 29.5254, 29.5493, 856
2018-04-17, 29.5493, 29.5493, 29.5493, 29.5493, 0
2018-04-18, 29.9000, 29.9000, 29.9000, 29.9000, 3675
2018-04-19, 29.6260, 29.6260, 29.6260, 29.6260, 700
2018-04-20, 29.6258, 29.6258, 29.6258, 29.6258, 43
2018-04-23, 29.6258, 29.6258, 29.6258, 29.6258, 0
2018-04-24, 29.6258, 29.6258, 29.6258, 29.6258, 1
2018-04-25, 29.6258, 29.6258, 29.6258, 29.6258, 0
2018-04-26, 29.6500, 29.8000, 29.6500, 29.7048, 451
2018-04-27, 29.7048, 29.7048, 29.7048, 29.7048, 80
2018-04-30, 29.7048, 29.7048, 29.7048, 29.7048, 7
2018-05-01, 29.7048, 29.7048, 29.7048, 29.7048, 2
2018-05-02, 29.2000, 29.2000, 29.2000, 29.2000, 200
2018-05-03, 29.2000, 29.2000, 29.2000, 29.2000, 0
2018-05-04, 29.2000, 29.2000, 29.2000, 29.2000, 1
2018-05-07, 29.2000, 29.2000, 29.2000, 29.2000, 1
2018-05-08, 29.2000, 29.2000, 29.2000, 29.2000, 0
2018-05-09, 29.3552, 29.3552, 29.3552, 29.3552, 101
2018-05-10, 29.4901, 29.5000, 29.4901, 29.5000, 819
2018-05-11, 29.5000, 29.5000, 29.5000, 29.5000, 1
2018-05-14, 29.5000, 29.5000, 29.5000, 29.5000, 0
2018-05-15, 29.5000, 29.5000, 29.5000, 29.5000, 0
2018-05-16, 29.5000, 29.5000, 29.5000, 29.5000, 37
2018-05-17, 29.9000, 29.9000, 29.9000, 29.9000, 300
2018-05-18, 29.9000, 29.9000, 29.9000, 29.9000, 0
2018-05-21, 29.8396, 29.8729, 29.8396, 29.8729, 491
2018-05-22, 30.3300, 30.3300, 30.3300, 30.3300, 500
2018-05-23, 30.3300, 30.3300, 30.3300, 30.3300, 1
2018-05-24, 30.0100, 30.0100, 30.0100, 30.0100, 982
2018-05-25, 29.6500, 29.6500, 29.6500, 29.6500, 216
2018-05-29, 29.3199, 29.3200, 29.3199, 29.3200, 268
2018-05-30, 29.3200, 29.3200, 29.3200, 29.3200, 0
2018-05-31, 29.3200, 29.3200, 29.3200, 29.3200, 46
2018-06-01, 29.4500, 29.4964, 29.4500, 29.4964, 1469
2018-06-04, 29.5500, 29.6010, 29.5500, 29.6010, 830
2018-06-05, 29.6010, 29.6010, 29.6010, 29.6010, 19
2018-06-06, 29.6010, 29.6010, 29.6010, 29.6010, 46
2018-06-07, 29.6010, 29.6010, 29.6010, 29.6010, 105
2018-06-08, 29.8948, 29.8948, 29.8948, 29.8948, 192
2018-06-11, 29.8948, 29.8948, 29.8948, 29.8948, 0
2018-06-12, 30.6700, 30.6700, 30.2490, 30.2490, 1465
2018-06-13, 30.2700, 30.2700, 30.2700, 30.2700, 200
2018-06-14, 30.2699, 30.2699, 30.2699, 30.2699, 0
2018-06-15, 30.2699, 30.2699, 30.2699, 30.2699, 2
2018-06-18, 30.0000, 30.0000, 29.9001, 29.9001, 920
2018-06-19, 30.2300, 30.2300, 30.2300, 30.2300, 222
2018-06-20, 29.9480, 29.9480, 29.9480, 29.9480, 200
2018-06-21, 29.9477, 29.9477, 29.9477, 29.9477, 1
2018-06-22, 29.9477, 29.9477, 29.9477, 29.9477, 1
2018-06-25, 29.7234, 29.7234, 29.7234, 29.7234, 28
2018-06-26, 29.7234, 29.7234, 29.7234, 29.7234, 67
2018-06-27, 29.7234, 29.7234, 29.7234, 29.7234, 79
2018-06-28, 29.3780, 29.3780, 29.3780, 29.3780, 151
2018-06-29, 29.3780, 29.3780, 29.3780, 29.3780, 4
2018-07-02, 29.3400, 29.3400, 29.2980, 29.2980, 293
2018-07-03, 29.2980, 29.2980, 29.2980, 29.2980, 2
2018-07-05, 29.4986, 29.4986, 29.4986, 29.4986, 132
2018-07-06, 29.6464, 29.6464, 29.6464, 29.6464, 201
2018-07-09, 29.8770, 29.8770, 29.8770, 29.8770, 371
2018-07-10, 29.9800, 30.0700, 29.9410, 30.0347, 1103
2018-07-11, 29.8100, 29.8100, 29.8100, 29.8100, 200
2018-07-12, 29.8100, 29.8100, 29.8100, 29.8100, 96
2018-07-13, 29.8100, 29.8100, 29.8100, 29.8100, 29
2018-07-16, 29.8100, 29.8100, 29.8100, 29.8100, 19
2018-07-17, 29.8100, 29.8100, 29.8100, 29.8100, 0
2018-07-18, 29.8100, 29.8100, 29.8100, 29.8100, 93
2018-07-19, 29.8100, 29.8100, 29.8100, 29.8100, 3
2018-07-20, 29.7800, 29.7800, 29.7800, 29.7800, 217
2018-07-23, 29.8398, 29.8398, 29.8398, 29.8398, 406
2018-07-24, 29.7700, 29.8740, 29.7300, 29.7300, 640
2018-07-25, 29.9790, 29.9790, 29.9790, 29.9790, 337
2018-07-26, 30.4000, 30.4000, 30.4000, 30.4000, 700
2018-07-27, 30.4000, 30.4000, 30.4000, 30.4000, 12
2018-07-30, 30.4000, 30.4000, 30.4000, 30.4000, 20
2018-07-31, 30.1900, 30.1900, 30.1800, 30.1800, 11727
2018-08-01, 29.9716, 29.9740, 29.9716, 29.9740, 608
2018-08-02, 29.9850, 29.9850, 29.9850, 29.9850, 300
2018-08-03, 29.9848, 29.9848, 29.9848, 29.9848, 10
2018-08-06, 30.2779, 30.2779, 30.1500, 30.1500, 1854
2018-08-07, 30.2643, 30.2643, 30.2200, 30.2200, 260
2018-08-08, 30.2290, 30.2290, 30.2290, 30.2290, 300
2018-08-09, 30.2288, 30.2288, 30.2288, 30.2288, 1
2018-08-10, 30.0699, 30.0699, 29.9572, 29.9572, 300
2018-08-13, 29.9200, 29.9200, 29.7700, 29.8200, 1217
2018-08-14, 30.0200, 30.1489, 30.0200, 30.0400, 1636
2018-08-15, 30.0400, 30.0400, 30.0400, 30.0400, 0
2018-08-16, 30.0400, 30.0400, 30.0400, 30.0400, 82
2018-08-17, 30.0400, 30.0400, 30.0400, 30.0400, 0
2018-08-20, 30.4701, 30.4756, 30.4700, 30.4700, 1925
2018-08-21, 30.4700, 30.4700, 30.4700, 30.4700, 1
2018-08-22, 30.6300, 30.6300, 30.4766, 30.4766, 777
2018-08-23, 30.4770, 30.4770, 30.4770, 30.4770, 0
2018-08-24, 30.4766, 30.4766, 30.4766, 30.4766, 0
2018-08-27, 30.4766, 30.4766, 30.4766, 30.4766, 3
2018-08-28, 31.0500, 31.0500, 30.7600, 30.7700, 451
2018-08-29, 30.7700, 30.7700, 30.7700, 30.7700, 0
2018-08-30, 30.7700, 30.7700, 30.7700, 30.7700, 1
2018-08-31, 30.7700, 30.7700, 30.7700, 30.7700, 0
2018-09-04, 30.7700, 30.7700, 30.7700, 30.7700, 20
2018-09-05, 30.7700, 30.7700, 30.7700, 30.7700, 0
2018-09-06, 30.7700, 30.7700, 30.7700, 30.7700, 0
2018-09-07, 30.7500, 30.7500, 30.7500, 30.7500, 1046
2018-09-10, 30.4900, 30.5999, 30.4900, 30.5400, 6203
2018-09-11, 30.5400, 30.5400, 30.5400, 30.5400, 15
2018-09-12, 30.5400, 30.5400, 30.5400, 30.5400, 0
2018-09-13, 30.5400, 30.5400, 30.5400, 30.5400, 68
2018-09-14, 30.7500, 30.7600, 30.7000, 30.7000, 300
2018-09-17, 30.7000, 30.7000, 30.7000, 30.7000, 1
2018-09-18, 30.8100, 30.9000, 30.7822, 30.7822, 3655
2018-09-19, 30.7820, 30.7820, 30.7820, 30.7820, 1
2018-09-20, 30.7822, 30.7822, 30.7822, 30.7822, 54
2018-09-21, 30.7822, 30.7822, 30.7822, 30.7822, 98
2018-09-24, 30.5935, 30.5935, 30.5935, 30.5935, 6
2018-09-25, 31.0400, 31.0400, 31.0400, 31.0400, 500
2018-09-26, 30.5061, 30.7200, 30.5061, 30.7200, 1227
2018-09-27, 30.4589, 30.5100, 30.4589, 30.5100, 424
2018-09-28, 30.5100, 30.5100, 30.5100, 30.5100, 134
2018-10-01, 30.5607, 30.5607, 30.5342, 30.5342, 493
2018-10-02, 30.5700, 30.5700, 30.5500, 30.5500, 795
2018-10-03, 30.6319, 30.7100, 30.6319, 30.7100, 938
2018-10-04, 30.7100, 30.7100, 30.7100, 30.7100, 0
2018-10-05, 30.7100, 30.7100, 30.7100, 30.7100, 152
2018-10-08, 30.4200, 30.4200, 30.3100, 30.3100, 304
2018-10-09, 30.3100, 30.3100, 30.3100, 30.3100, 0
2018-10-10, 29.9999, 30.0000, 29.9999, 30.0000, 538
2018-10-11, 29.2900, 29.2900, 29.2900, 29.2900, 1025
2018-10-12, 28.8299, 28.8300, 28.8200, 28.8300, 1946
2018-10-15, 28.8300, 28.8300, 28.8300, 28.8300, 136
2018-10-16, 29.4200, 29.4200, 29.2518, 29.2518, 238
2018-10-17, 29.2518, 29.2518, 29.2518, 29.2518, 29
2018-10-18, 29.2500, 29.2700, 29.2400, 29.2400, 521
2018-10-19, 29.0344, 29.0590, 28.9866, 28.9866, 526
2018-10-22, 28.9866, 28.9866, 28.9866, 28.9866, 95
2018-10-23, 28.0400, 28.7200, 28.0400, 28.7200, 1700
2018-10-24, 28.7200, 28.7200, 28.7200, 28.7200, 194
2018-10-25, 28.0589, 28.0589, 28.0589, 28.0589, 228
2018-10-26, 27.9016, 27.9016, 27.9016, 27.9016, 221
2018-10-29, 27.9016, 27.9016, 27.9016, 27.9016, 19
2018-10-30, 27.9016, 27.9016, 27.9016, 27.9016, 21
2018-10-31, 28.8300, 28.8300, 28.6399, 28.6399, 1223
2018-11-01, 28.6400, 28.6400, 28.6400, 28.6400, 0
2018-11-02, 28.6700, 28.6700, 28.6700, 28.6700, 223
2018-11-05, 28.6700, 28.6700, 28.6700, 28.6700, 183
2018-11-06, 29.1300, 29.1300, 29.1300, 29.1300, 631
2018-11-07, 29.4566, 29.4566, 29.4566, 29.4566, 152
2018-11-08, 29.3997, 29.3997, 29.3997, 29.3997, 846
2018-11-09, 28.9111, 28.9713, 28.9111, 28.9713, 400
