2017-05-03, 24.7000, 24.7200, 24.6000, 24.7200, 1400
2017-05-04, 24.7200, 24.7200, 24.7200, 24.7200, 0
2017-05-05, 23.3900, 23.3900, 23.2400, 23.3500, 2300
2017-05-08, 23.3500, 23.3500, 23.3500, 23.3500, 0
2017-05-09, 22.5600, 22.5600, 22.5600, 22.5600, 100
2017-05-10, 22.5600, 22.5600, 22.5600, 22.5600, 0
2017-05-11, 23.2800, 23.2800, 22.8000, 22.8700, 1125
2017-05-12, 22.8700, 22.8700, 22.8700, 22.8700, 0
2017-05-15, 23.2700, 23.2700, 23.2700, 23.2700, 501
2017-05-16, 22.6900, 22.6900, 22.6900, 22.6900, 100
2017-05-17, 23.6500, 24.6100, 23.6500, 24.6100, 3001
2017-05-18, 25.6900, 25.6900, 25.6900, 25.6900, 1500
2017-05-19, 24.3800, 24.3800, 24.3800, 24.3800, 411
2017-05-22, 24.3800, 24.3800, 24.3800, 24.3800, 0
2017-05-23, 22.9100, 22.9100, 22.9100, 22.9100, 100
2017-05-24, 22.9100, 22.9100, 22.9100, 22.9100, 0
2017-05-25, 22.9100, 22.9100, 22.9100, 22.9100, 35
2017-05-26, 22.9100, 22.9100, 22.9100, 22.9100, 147
2017-05-30, 22.7300, 22.7300, 22.7300, 22.7300, 135
2017-05-31, 22.7300, 22.7300, 22.7300, 22.7300, 0
2017-06-01, 22.7300, 22.7300, 22.7300, 22.7300, 0
2017-06-02, 22.7300, 22.7300, 22.7300, 22.7300, 0
2017-06-05, 21.7200, 21.7200, 21.7200, 21.7200, 1100
2017-06-06, 21.7200, 21.7200, 21.7200, 21.7200, 130
2017-06-07, 21.7200, 21.7200, 21.7200, 21.7200, 10
2017-06-08, 21.7200, 21.7200, 21.7200, 21.7200, 0
2017-06-09, 20.7800, 20.7800, 20.7800, 20.7800, 1039
2017-06-12, 20.7800, 20.7800, 20.7800, 20.7800, 0
2017-06-13, 20.7800, 20.7800, 20.7800, 20.7800, 14
2017-06-14, 20.7800, 20.7800, 20.7800, 20.7800, 5
2017-06-15, 22.1900, 22.1900, 22.1900, 22.1900, 1068
2017-06-16, 22.1900, 22.1900, 22.1900, 22.1900, 0
2017-06-19, 22.1900, 22.1900, 22.1900, 22.1900, 0
2017-06-20, 22.1900, 22.1900, 22.1900, 22.1900, 15
2017-06-21, 21.1100, 21.1100, 20.9200, 21.0600, 1835
2017-06-22, 20.8946, 20.8946, 20.8946, 20.8946, 565
2017-06-23, 20.9800, 20.9800, 20.9300, 20.9300, 830
2017-06-26, 20.2500, 20.2500, 20.2500, 20.2500, 420
2017-06-27, 20.5000, 21.4700, 20.5000, 21.4700, 3647
2017-06-28, 21.4900, 21.4900, 21.4900, 21.4900, 1000
2017-06-29, 22.9800, 23.1500, 22.9800, 23.1400, 708
2017-06-30, 23.1400, 23.1400, 23.1400, 23.1400, 0
2017-07-05, 21.9800, 22.0900, 21.5900, 21.6300, 3358
2017-07-06, 22.9200, 22.9200, 22.9200, 22.9200, 2500
2017-07-07, 22.9200, 22.9200, 22.9200, 22.9200, 0
2017-07-10, 22.0000, 22.0000, 22.0000, 22.0000, 1000
2017-07-11, 21.5600, 21.5600, 21.5600, 21.5600, 1400
2017-07-12, 21.1600, 21.1600, 21.1600, 21.1600, 627
2017-07-13, 20.7500, 20.8700, 20.7500, 20.8700, 2268
2017-07-14, 20.7600, 20.8200, 20.5600, 20.5600, 599
2017-07-17, 20.3400, 20.3400, 19.8900, 19.8900, 955
2017-07-18, 20.5000, 20.5000, 20.5000, 20.5000, 100
2017-07-19, 20.5000, 20.5000, 20.5000, 20.5000, 0
2017-07-20, 19.4600, 19.8600, 19.4000, 19.8600, 1768
2017-07-21, 19.8600, 19.8600, 19.8600, 19.8600, 70
2017-07-24, 19.8600, 19.8600, 19.8600, 19.8600, 0
2017-07-25, 19.8600, 19.8600, 19.8600, 19.8600, 35
2017-07-26, 19.0300, 19.0300, 18.8400, 18.9600, 1437
2017-07-27, 19.0400, 19.0400, 19.0400, 19.0400, 163
2017-07-28, 19.0400, 19.0400, 19.0400, 19.0400, 50
2017-07-31, 19.3100, 19.3100, 19.3100, 19.3100, 255
2017-08-01, 19.3100, 19.3100, 19.3100, 19.3100, 2
2017-08-02, 19.5200, 19.5200, 19.5200, 19.5200, 158
2017-08-03, 19.5200, 19.5200, 19.5200, 19.5200, 0
2017-08-04, 19.0600, 19.0600, 19.0440, 19.0440, 1705
2017-08-07, 19.0440, 19.0440, 19.0440, 19.0440, 26
2017-08-08, 19.0440, 19.0440, 19.0440, 19.0440, 0
2017-08-09, 19.7101, 19.7538, 19.7100, 19.7538, 2600
2017-08-10, 19.7538, 19.7538, 19.7538, 19.7538, 0
2017-08-11, 23.4700, 23.6100, 23.4700, 23.5100, 2308
2017-08-14, 23.5100, 23.5100, 23.5100, 23.5100, 52
2017-08-15, 23.5100, 23.5100, 23.5100, 23.5100, 0
2017-08-16, 23.5100, 23.5100, 23.5100, 23.5100, 0
2017-08-17, 23.5100, 23.5100, 23.5100, 23.5100, 135
2017-08-18, 23.5100, 23.5100, 23.5100, 23.5100, 20
2017-08-21, 23.5100, 23.5100, 23.5100, 23.5100, 0
2017-08-22, 23.5100, 23.5100, 23.5100, 23.5100, 0
2017-08-23, 23.5100, 23.5100, 23.5100, 23.5100, 0
2017-08-24, 20.7600, 20.7600, 20.7600, 20.7600, 1061
2017-08-25, 20.7600, 20.7600, 20.7600, 20.7600, 207
2017-08-28, 20.4900, 20.4900, 20.4900, 20.4900, 100
2017-08-29, 20.4900, 20.4900, 20.4900, 20.4900, 90
2017-08-30, 20.4900, 20.4900, 20.4900, 20.4900, 90
2017-08-31, 20.4299, 20.4299, 20.4299, 20.4299, 100
2017-09-01, 20.4299, 20.4299, 20.4299, 20.4299, 0
2017-09-05, 20.4299, 20.4299, 20.4299, 20.4299, 0
2017-09-06, 20.4299, 20.4299, 20.4299, 20.4299, 0
2017-09-07, 20.4299, 20.4299, 20.4299, 20.4299, 0
2017-09-08, 20.3500, 20.6000, 20.3500, 20.6000, 1350
2017-09-11, 19.2900, 19.2900, 19.2604, 19.2604, 777
2017-09-12, 19.2604, 19.2604, 19.2604, 19.2604, 0
2017-09-13, 18.3900, 18.3900, 18.3900, 18.3900, 359
2017-09-14, 18.3900, 18.3900, 18.3900, 18.3900, 0
2017-09-15, 18.3900, 18.3900, 18.3900, 18.3900, 100
2017-09-18, 18.0000, 18.0000, 17.6100, 17.6500, 3295
2017-09-19, 17.4000, 17.4000, 17.4000, 17.4000, 113
2017-09-20, 17.4000, 17.4000, 17.4000, 17.4000, 321
2017-09-21, 16.8180, 16.8490, 16.8180, 16.8490, 900
2017-09-22, 17.1780, 17.1780, 17.1780, 17.1780, 109
2017-09-25, 17.1810, 17.1810, 17.1810, 17.1810, 100
2017-09-26, 17.1810, 17.1810, 17.1810, 17.1810, 0
2017-09-27, 16.6000, 16.6000, 16.4200, 16.4700, 1665
2017-09-28, 16.4700, 16.4700, 16.4700, 16.4700, 50
2017-09-29, 16.4700, 16.4700, 16.4700, 16.4700, 0
2017-10-02, 16.4700, 16.4700, 16.4700, 16.4700, 0
2017-10-03, 16.4700, 16.4700, 16.4700, 16.4700, 0
2017-10-04, 16.4700, 16.4700, 16.4700, 16.4700, 0
2017-10-05, 16.4700, 16.4700, 16.4700, 16.4700, 0
2017-10-06, 15.5900, 15.5900, 15.5600, 15.5600, 334
2017-10-09, 15.5600, 15.5600, 15.5600, 15.5600, 24
2017-10-10, 15.9200, 15.9200, 15.6000, 15.6100, 1354
2017-10-11, 15.9200, 15.9200, 15.4400, 15.4400, 7922
2017-10-12, 15.1000, 15.1100, 15.0700, 15.0700, 1725
2017-10-13, 15.0700, 15.0700, 15.0700, 15.0700, 99
2017-10-16, 14.6000, 14.6000, 14.5400, 14.5400, 1601
2017-10-17, 14.2400, 14.2600, 14.1500, 14.2600, 4101
2017-10-18, 13.8660, 13.9800, 13.8660, 13.9600, 1014
2017-10-19, 13.9600, 13.9600, 13.9600, 13.9600, 0
2017-10-20, 14.0600, 14.0800, 14.0100, 14.0100, 3611
2017-10-23, 14.1400, 14.1400, 14.1400, 14.1400, 670
2017-10-24, 14.3200, 14.3900, 14.2900, 14.3900, 5632
2017-10-25, 14.5000, 15.2200, 14.5000, 14.7000, 5383
2017-10-26, 14.3200, 14.3400, 14.2400, 14.3400, 2285
2017-10-27, 13.9500, 13.9500, 13.8400, 13.8400, 2193
2017-10-30, 13.8400, 13.8400, 13.8400, 13.8400, 0
2017-10-31, 13.6400, 13.6400, 13.6100, 13.6100, 205
2017-11-01, 13.5400, 13.5400, 13.5200, 13.5300, 4160
2017-11-02, 13.6300, 13.6300, 13.5000, 13.5200, 1902
2017-11-03, 13.3700, 13.3700, 13.3700, 13.3700, 1551
2017-11-06, 13.2700, 13.2700, 13.2400, 13.2400, 251
2017-11-07, 13.3100, 13.3100, 13.1800, 13.1800, 201
2017-11-08, 13.4100, 13.4100, 13.1600, 13.1600, 3302
2017-11-09, 14.0700, 14.0700, 13.9100, 13.9100, 5859
2017-11-10, 14.4000, 14.4000, 14.2900, 14.3500, 4148
2017-11-13, 14.1400, 14.1400, 14.1400, 14.1400, 500
2017-11-14, 14.7700, 14.7900, 14.7300, 14.7400, 3672
2017-11-15, 15.0300, 15.0300, 14.6500, 14.6500, 20410
2017-11-16, 14.2600, 14.2600, 14.1200, 14.1200, 9401
2017-11-17, 14.1300, 14.2100, 14.0200, 14.1500, 17419
2017-11-20, 13.6300, 13.6700, 13.3700, 13.4200, 2328
2017-11-21, 12.9900, 13.0000, 12.9900, 12.9900, 951
2017-11-22, 12.6900, 12.9600, 12.6900, 12.9400, 4128
2017-11-24, 12.8900, 13.0000, 12.8500, 12.9700, 6300
2017-11-27, 13.1500, 13.1900, 13.0900, 13.1600, 16566
2017-11-28, 12.7200, 12.7200, 12.6800, 12.6800, 2102
2017-11-29, 12.6500, 12.6500, 12.6100, 12.6100, 2262
2017-11-30, 12.8700, 12.8700, 12.8600, 12.8600, 3272
2017-12-01, 13.3700, 13.4200, 13.3700, 13.3700, 2053
2017-12-04, 12.9000, 12.9000, 12.9000, 12.9000, 1592
2017-12-05, 12.8000, 12.8000, 12.8000, 12.8000, 1000
2017-12-06, 12.8000, 12.8000, 12.8000, 12.8000, 1
2017-12-07, 13.0300, 13.0300, 12.8000, 12.8000, 10000
2017-12-08, 12.8000, 12.8000, 12.8000, 12.8000, 0
2017-12-11, 12.8000, 12.8000, 12.8000, 12.8000, 0
2017-12-12, 12.1000, 12.1000, 12.0000, 12.0000, 3099
2017-12-13, 12.0000, 12.0000, 12.0000, 12.0000, 175
2017-12-14, 12.0213, 12.0300, 12.0213, 12.0247, 3250
2017-12-15, 12.0247, 12.0247, 12.0247, 12.0247, 0
2017-12-18, 11.2200, 11.2200, 11.2200, 11.2200, 615
2017-12-19, 11.2200, 11.2200, 11.2200, 11.2200, 28
2017-12-20, 11.7100, 11.8100, 11.7100, 11.8000, 5033
2017-12-21, 11.4840, 11.4840, 11.4840, 11.4840, 100
2017-12-22, 11.4840, 11.4840, 11.4840, 11.4840, 0
2017-12-26, 11.4840, 11.4840, 11.4840, 11.4840, 0
2017-12-27, 11.4840, 11.4840, 11.4840, 11.4840, 0
2017-12-28, 11.6600, 11.9900, 11.6600, 11.9900, 5001
2017-12-29, 11.9900, 11.9900, 11.9900, 11.9900, 0
2018-01-02, 12.0600, 12.0600, 12.0600, 12.0600, 2537
2018-01-03, 11.4900, 11.4900, 11.4000, 11.4000, 2185
2018-01-04, 10.9100, 10.9100, 10.9100, 10.9100, 1198
2018-01-05, 10.8000, 10.8000, 10.7000, 10.7200, 5256
2018-01-08, 10.7577, 10.7577, 10.7000, 10.7100, 675
2018-01-09, 10.6188, 10.6188, 10.6188, 10.6188, 353
2018-01-10, 10.5600, 10.5700, 10.4200, 10.4200, 9045
2018-01-11, 10.3900, 10.3900, 10.3700, 10.3700, 535
2018-01-12, 10.3700, 10.3700, 10.3700, 10.3700, 0
2018-01-16, 10.1520, 10.2300, 10.1520, 10.2300, 1519
2018-01-17, 10.5100, 10.5390, 10.4100, 10.4803, 15777
2018-01-18, 10.7600, 10.8450, 10.6465, 10.6895, 12344
2018-01-19, 10.6800, 10.6800, 10.6100, 10.6100, 7565
2018-01-22, 10.4000, 10.4000, 10.4000, 10.4000, 6213
2018-01-23, 10.3600, 10.4500, 10.3600, 10.4100, 7805
2018-01-24, 10.4100, 10.4100, 10.4100, 10.4100, 0
2018-01-25, 10.6700, 10.8500, 10.6400, 10.6900, 4238
2018-01-26, 10.5800, 10.7700, 10.5800, 10.6600, 9900
2018-01-29, 10.7300, 10.9600, 10.7300, 10.9600, 10804
2018-01-30, 11.5000, 12.0000, 11.4950, 11.5600, 15637
2018-01-31, 11.3330, 11.3330, 11.3330, 11.3330, 1300
2018-02-01, 11.3327, 11.3327, 11.3327, 11.3327, 261
2018-02-02, 12.0200, 12.5400, 12.0200, 12.5100, 14724
2018-02-05, 12.5400, 15.0900, 12.4200, 15.0900, 17213
2018-02-06, 17.4200, 17.4200, 14.8900, 14.9800, 34782
2018-02-07, 14.2100, 14.2100, 14.2100, 14.2100, 465
2018-02-08, 16.6400, 17.6500, 16.4800, 17.6200, 12161
2018-02-09, 17.0438, 18.1300, 16.1700, 16.1700, 910
2018-02-12, 16.0000, 16.4000, 15.9500, 16.3700, 13369
2018-02-13, 16.5800, 16.5800, 16.5000, 16.5000, 1402
2018-02-14, 15.0000, 15.7400, 14.6800, 14.6800, 4817
2018-02-15, 14.5600, 14.5600, 14.1500, 14.4800, 1183
2018-02-16, 13.5000, 13.8000, 13.4800, 13.7600, 9129
2018-02-20, 14.1700, 14.6700, 14.1700, 14.6700, 600
2018-02-21, 14.1452, 14.7700, 14.0600, 14.7700, 4236
2018-02-22, 14.5700, 14.5700, 14.5700, 14.5700, 1
2018-02-23, 14.0600, 14.0600, 13.6500, 13.6500, 1100
2018-02-26, 13.3600, 13.3600, 12.7700, 12.8100, 1896
2018-02-27, 12.8100, 12.8100, 12.8100, 12.8100, 30
2018-02-28, 14.0000, 14.0000, 14.0000, 14.0000, 100
2018-03-01, 14.2000, 15.3200, 14.2000, 15.2800, 3614
2018-03-02, 15.1900, 15.1900, 14.9900, 15.0200, 887
2018-03-05, 14.2700, 14.2700, 14.2700, 14.2700, 200
2018-03-06, 14.2700, 14.2700, 14.2700, 14.2700, 0
2018-03-07, 14.2400, 14.2400, 14.2200, 14.2200, 200
2018-03-08, 13.6000, 13.6000, 13.5000, 13.5000, 2536
2018-03-09, 13.1000, 13.1000, 12.4600, 12.4600, 3359
2018-03-12, 9.9700, 12.7400, 9.9700, 12.7400, 6200
2018-03-13, 12.5800, 12.5800, 12.5800, 12.5800, 500
2018-03-14, 13.5000, 13.5000, 13.5000, 13.5000, 2200
2018-03-15, 13.5000, 13.5000, 13.5000, 13.5000, 73
2018-03-16, 12.2500, 12.2900, 12.2000, 12.2900, 2996
2018-03-19, 12.8900, 13.7500, 12.7917, 13.7500, 9233
2018-03-20, 12.9400, 12.9400, 12.9344, 12.9400, 2400
2018-03-21, 12.9400, 12.9400, 12.9400, 12.9400, 0
2018-03-22, 13.8500, 14.0000, 13.8347, 14.0000, 736
2018-03-23, 14.3100, 14.3100, 14.3100, 14.3100, 148
2018-03-26, 14.8800, 14.9900, 14.8800, 14.9900, 707
2018-03-27, 14.2500, 14.2500, 14.2500, 14.2500, 562
2018-03-28, 14.5000, 14.5000, 14.5000, 14.5000, 1000
2018-03-29, 14.5000, 14.5000, 14.5000, 14.5000, 17
2018-04-02, 14.7200, 15.9300, 14.7200, 15.9300, 3987
2018-04-03, 14.4500, 14.4500, 14.4500, 14.4500, 328
2018-04-04, 15.5300, 15.5300, 14.5000, 14.5000, 1373
2018-04-05, 14.5000, 14.5000, 14.5000, 14.5000, 0
2018-04-06, 13.4000, 13.4000, 13.4000, 13.4000, 660
2018-04-09, 13.1300, 13.4400, 13.1300, 13.4400, 846
2018-04-10, 13.0000, 13.0000, 12.7900, 12.7900, 665
2018-04-11, 13.2300, 13.2300, 13.2300, 13.2300, 200
2018-04-12, 13.2300, 13.2300, 13.2300, 13.2300, 72
2018-04-13, 13.2300, 13.2300, 13.2300, 13.2300, 0
2018-04-16, 11.4900, 11.4900, 11.4800, 11.4800, 848
2018-04-17, 11.3000, 11.3000, 11.1000, 11.1000, 2140
2018-04-18, 10.7400, 10.7400, 10.7300, 10.7300, 2120
2018-04-19, 11.2000, 11.5000, 11.2000, 11.5000, 3810
2018-04-20, 11.5000, 11.5000, 11.5000, 11.5000, 0
2018-04-23, 11.1400, 11.1400, 11.0000, 11.1000, 9679
2018-04-24, 11.0100, 11.2000, 11.0100, 11.2000, 300
2018-04-25, 11.5200, 11.5200, 11.5200, 11.5200, 600
2018-04-26, 11.5200, 11.5200, 11.5200, 11.5200, 28
2018-04-27, 11.5200, 11.5200, 11.5200, 11.5200, 0
2018-04-30, 10.9500, 10.9500, 10.9500, 10.9500, 200
2018-05-01, 10.9500, 10.9500, 10.9500, 10.9500, 0
2018-05-02, 10.3100, 10.3300, 10.3100, 10.3300, 2200
2018-05-03, 10.3300, 10.3300, 10.3300, 10.3300, 100
2018-05-04, 10.3300, 10.3300, 10.3300, 10.3300, 0
2018-05-07, 10.3300, 10.3300, 10.3300, 10.3300, 0
2018-05-08, 10.6000, 10.6500, 10.6000, 10.6500, 997
2018-05-09, 10.3700, 10.3700, 10.3700, 10.3700, 136
2018-05-10, 10.2500, 10.2500, 10.2500, 10.2500, 100
2018-05-11, 9.9700, 9.9700, 9.9700, 9.9700, 28
2018-05-14, 9.9700, 9.9700, 9.9700, 9.9700, 5
2018-05-15, 9.6000, 9.6000, 9.6000, 9.6000, 3900
2018-05-16, 9.6000, 9.6000, 9.6000, 9.6000, 0
2018-05-17, 9.6000, 9.6000, 9.6000, 9.6000, 0
2018-05-18, 9.8900, 9.8900, 9.8100, 9.8100, 1205
2018-05-21, 9.8100, 9.8100, 9.8100, 9.8100, 100
2018-05-22, 9.8100, 9.8100, 9.8100, 9.8100, 25
2018-05-23, 10.2500, 10.3500, 10.0000, 10.0000, 917
2018-05-24, 10.0000, 10.0000, 10.0000, 10.0000, 323
2018-05-25, 10.2000, 10.6500, 10.2000, 10.6500, 5810
2018-05-29, 11.2202, 12.0000, 11.0600, 12.0000, 2815
2018-05-30, 11.5300, 11.5300, 11.2500, 11.5000, 1214
2018-05-31, 11.7500, 11.7500, 11.7500, 11.7500, 401
2018-06-01, 10.6900, 10.6900, 10.3500, 10.4000, 3673
2018-06-04, 10.0899, 10.0900, 9.9300, 9.9300, 964
2018-06-05, 10.4000, 10.4000, 9.9000, 9.9000, 2316
2018-06-06, 10.7000, 10.7000, 9.8000, 9.8100, 4444
2018-06-07, 10.5200, 10.9600, 10.5200, 10.8900, 2763
2018-06-08, 10.8300, 10.8300, 10.7000, 10.7000, 374
2018-06-11, 9.9000, 9.9200, 9.6800, 9.6800, 1332
2018-06-12, 9.2700, 9.2700, 9.2600, 9.2600, 2626
2018-06-13, 10.0600, 10.0900, 10.0600, 10.0900, 898
2018-06-14, 9.1100, 9.1100, 8.4500, 8.4500, 222
2018-06-15, 8.4500, 8.4500, 8.4500, 8.4500, 84
2018-06-18, 9.4800, 9.4800, 8.9400, 9.0700, 2035
2018-06-19, 9.8997, 9.9000, 9.8997, 9.9000, 336
2018-06-20, 9.9200, 9.9200, 9.4600, 9.5100, 4837
2018-06-21, 10.1000, 10.3200, 10.1000, 10.3200, 850
2018-06-22, 10.3200, 10.3200, 10.3200, 10.3200, 0
2018-06-25, 10.9000, 11.0600, 10.5500, 10.5600, 4054
2018-06-26, 10.5600, 10.5600, 10.5600, 10.5600, 2
2018-06-27, 10.2000, 10.7400, 10.2000, 10.5700, 648
2018-06-28, 11.2500, 11.2500, 11.2300, 11.2500, 1002
2018-06-29, 10.6100, 10.6900, 10.6100, 10.6900, 353
2018-07-02, 10.6900, 10.6900, 10.6900, 10.6900, 3
2018-07-03, 9.8500, 9.8500, 9.8500, 9.8500, 355
2018-07-05, 9.8500, 9.8500, 9.8500, 9.8500, 0
2018-07-06, 9.8500, 9.8500, 9.8500, 9.8500, 0
2018-07-09, 9.5200, 9.5200, 9.5100, 9.5100, 201
2018-07-10, 9.5100, 9.5100, 9.5100, 9.5100, 1
2018-07-11, 9.5100, 9.5100, 9.5100, 9.5100, 0
2018-07-12, 9.5100, 9.5100, 9.5100, 9.5100, 0
2018-07-13, 9.0800, 9.0800, 9.0800, 9.0800, 100
2018-07-16, 9.0800, 9.0800, 9.0800, 9.0800, 50
2018-07-17, 8.7000, 8.7000, 8.7000, 8.7000, 200
2018-07-18, 8.7000, 8.7000, 8.7000, 8.7000, 71
2018-07-19, 8.7000, 8.7000, 8.7000, 8.7000, 0
2018-07-20, 8.7000, 8.7000, 8.7000, 8.7000, 0
2018-07-23, 8.7000, 8.7000, 8.7000, 8.7000, 0
2018-07-24, 8.7000, 8.7000, 8.7000, 8.7000, 0
2018-07-25, 8.7000, 8.7000, 8.7000, 8.7000, 0
2018-07-26, 8.6700, 8.6700, 8.6700, 8.6700, 320
2018-07-27, 8.6900, 8.7000, 8.6900, 8.7000, 701
2018-07-30, 8.7000, 8.7000, 8.7000, 8.7000, 11
2018-07-31, 8.7450, 8.7450, 8.6701, 8.7442, 301
2018-08-01, 8.7442, 8.7442, 8.7442, 8.7442, 0
2018-08-02, 9.1600, 9.1600, 9.1600, 9.1600, 300
2018-08-03, 9.1600, 9.1600, 9.1600, 9.1600, 0
2018-08-06, 9.1600, 9.1600, 9.1600, 9.1600, 0
2018-08-07, 9.1600, 9.1600, 9.1600, 9.1600, 25
2018-08-08, 8.2700, 8.2700, 8.2700, 8.2700, 100
2018-08-09, 8.2700, 8.2700, 8.2700, 8.2700, 0
2018-08-10, 8.2700, 8.2700, 8.2700, 8.2700, 0
2018-08-13, 9.2600, 9.2600, 9.2600, 9.2600, 100
2018-08-14, 9.2600, 9.2600, 9.2600, 9.2600, 0
2018-08-15, 9.6800, 9.6800, 9.6800, 9.6800, 200
2018-08-16, 9.6800, 9.6800, 9.6800, 9.6800, 0
2018-08-17, 9.6800, 9.6800, 9.6800, 9.6800, 0
2018-08-20, 9.6800, 9.6800, 9.6800, 9.6800, 11
2018-08-21, 9.6800, 9.6800, 9.6800, 9.6800, 0
2018-08-22, 9.6800, 9.6800, 9.6800, 9.6800, 12
2018-08-23, 8.7900, 8.7900, 8.7900, 8.7900, 400
2018-08-24, 8.7901, 8.7901, 8.7901, 8.7901, 0
2018-08-27, 8.6800, 8.6800, 8.6800, 8.6800, 100
2018-08-28, 8.6800, 8.6800, 8.6800, 8.6800, 0
2018-08-29, 8.6800, 8.6800, 8.6800, 8.6800, 0
2018-08-30, 9.0200, 9.0200, 9.0200, 9.0200, 1200
2018-08-31, 9.0200, 9.0200, 9.0200, 9.0200, 129
2018-09-04, 9.0200, 9.0200, 9.0200, 9.0200, 4
2018-09-05, 9.5000, 9.5000, 9.5000, 9.5000, 600
2018-09-06, 9.6100, 9.6100, 9.6100, 9.6100, 300
2018-09-07, 9.6100, 9.6100, 9.6100, 9.6100, 0
2018-09-10, 9.6100, 9.6100, 9.6100, 9.6100, 0
2018-09-11, 9.6100, 9.6100, 9.6100, 9.6100, 0
2018-09-12, 9.6100, 9.6100, 9.6100, 9.6100, 0
2018-09-13, 8.6800, 8.6800, 8.6800, 8.6800, 400
2018-09-14, 8.8878, 8.8900, 8.7100, 8.7100, 1372
2018-09-17, 8.7100, 8.7100, 8.7100, 8.7100, 100
2018-09-18, 8.7100, 8.7100, 8.7100, 8.7100, 0
2018-09-19, 8.7100, 8.7100, 8.7100, 8.7100, 52
2018-09-20, 8.2800, 8.4649, 8.2800, 8.4649, 1466
2018-09-21, 8.4649, 8.4649, 8.4649, 8.4649, 0
2018-09-24, 8.4649, 8.4649, 8.4649, 8.4649, 0
2018-09-25, 8.2800, 8.2800, 8.2300, 8.2300, 588
2018-09-26, 8.2300, 8.2300, 8.2300, 8.2300, 0
2018-09-27, 8.2300, 8.2300, 8.2300, 8.2300, 0
2018-09-28, 8.4060, 8.5314, 8.4060, 8.5314, 1200
2018-10-01, 8.5310, 8.5310, 8.5310, 8.5310, 0
2018-10-02, 8.5314, 8.5314, 8.5314, 8.5314, 0
2018-10-03, 8.5314, 8.5314, 8.5314, 8.5314, 0
2018-10-04, 8.7980, 8.8600, 8.7490, 8.8600, 2500
2018-10-05, 9.0800, 9.0900, 9.0400, 9.0400, 1534
2018-10-08, 9.1154, 9.1500, 9.1154, 9.1500, 3555
2018-10-09, 9.0500, 9.0500, 9.0500, 9.0500, 110
2018-10-10, 9.7000, 10.0000, 9.7000, 10.0000, 1824
2018-10-11, 10.0500, 10.4400, 10.0500, 10.4100, 1243
2018-10-12, 10.0900, 10.6400, 10.0900, 10.5000, 3742
2018-10-15, 9.9700, 9.9700, 9.9600, 9.9600, 217
2018-10-16, 9.9600, 9.9600, 9.9600, 9.9600, 6
2018-10-17, 9.6100, 9.6100, 9.6100, 9.6100, 100
2018-10-18, 9.6100, 9.6100, 9.6100, 9.6100, 2
2018-10-19, 9.6100, 9.6100, 9.6100, 9.6100, 0
2018-10-22, 9.6100, 9.6100, 9.6100, 9.6100, 2
2018-10-23, 10.2900, 10.4600, 10.2300, 10.2300, 10400
2018-10-24, 10.8200, 10.8290, 10.8050, 10.8050, 1008
2018-10-25, 10.4300, 10.4300, 10.4300, 10.4300, 2002
2018-10-26, 11.1500, 11.3000, 11.0700, 11.3000, 2515
2018-10-29, 11.3000, 11.3000, 11.3000, 11.3000, 4
2018-10-30, 10.9500, 10.9500, 10.8600, 10.8600, 1000
2018-10-31, 10.8600, 10.8600, 10.8600, 10.8600, 4
2018-11-01, 10.5200, 10.5200, 10.5000, 10.5000, 716
2018-11-02, 10.8500, 10.8500, 9.9900, 10.3100, 2001
2018-11-05, 10.3100, 10.3100, 10.3100, 10.3100, 0
2018-11-06, 10.1400, 10.1400, 9.9000, 9.9000, 800
2018-11-07, 9.9000, 9.9000, 9.9000, 9.9000, 110
2018-11-08, 9.1200, 9.1200, 9.0400, 9.0800, 1138
2018-11-09, 9.0400, 9.2300, 9.0400, 9.1100, 7763
