2018-01-23, 52.1739, 53.6200, 52.0300, 53.5500, 106440
2018-01-24, 54.6100, 56.0000, 51.5451, 53.4400, 216272
2018-01-25, 54.4100, 54.9600, 52.7500, 53.4000, 134687
2018-01-26, 54.5800, 57.8100, 53.9210, 57.8100, 131277
2018-01-29, 57.2200, 60.9500, 56.0301, 58.8000, 239688
2018-01-30, 57.5000, 58.1800, 54.2900, 57.1500, 227994
2018-01-31, 58.7600, 59.7000, 57.2500, 58.2000, 183218
2018-02-01, 55.7200, 58.6000, 54.9416, 56.1444, 115600
2018-02-02, 55.1500, 56.6000, 52.1000, 52.5252, 198709
2018-02-05, 49.4200, 53.8800, 45.0000, 46.1600, 258470
2018-02-06, 41.5100, 49.8600, 41.2000, 49.3173, 170331
2018-02-07, 49.9200, 51.9000, 48.7710, 49.6500, 85769
2018-02-08, 53.5000, 55.2000, 44.6745, 44.9500, 112436
2018-02-09, 47.7900, 48.1200, 41.6001, 46.6201, 145360
2018-02-12, 49.2700, 49.9200, 46.6200, 49.0196, 74340
2018-02-13, 48.9100, 52.4400, 48.2310, 51.7725, 61204
2018-02-14, 51.9400, 56.1900, 51.9400, 55.8600, 94704
2018-02-15, 58.2200, 59.2000, 55.8690, 59.2000, 132295
2018-02-16, 59.0100, 59.8890, 57.3200, 58.2621, 77052
2018-02-20, 57.0800, 60.6420, 57.0800, 58.6000, 106180
2018-02-21, 60.0000, 62.4299, 59.1320, 59.2289, 79130
2018-02-22, 61.0000, 61.2344, 57.5310, 58.9000, 62490
2018-02-23, 60.0700, 62.0400, 59.3100, 62.0000, 72176
2018-02-26, 63.6000, 64.0500, 62.5200, 64.0000, 86239
2018-02-27, 64.0900, 64.1391, 61.1779, 61.1779, 103090
2018-02-28, 62.1700, 62.8371, 60.0000, 60.5300, 71088
2018-03-01, 60.9900, 61.4250, 55.0800, 57.7144, 125111
2018-03-02, 54.5400, 59.3400, 53.0810, 58.9201, 139425
2018-03-05, 58.7300, 63.5000, 57.2501, 62.8271, 93716
2018-03-06, 64.5000, 65.4899, 63.1100, 64.6100, 95492
2018-03-07, 62.8200, 66.0729, 62.0900, 66.0000, 89299
2018-03-08, 66.8600, 66.8600, 64.4400, 65.0400, 53799
2018-03-09, 66.9600, 68.9690, 66.2530, 68.8600, 101605
2018-03-12, 70.4000, 71.4900, 69.4202, 70.7500, 92853
2018-03-13, 71.8600, 71.9502, 66.0000, 66.5800, 196792
2018-03-14, 67.7200, 69.8590, 67.2799, 69.0000, 88235
2018-03-15, 70.0000, 70.3490, 67.5470, 69.0800, 65679
2018-03-16, 69.5000, 69.6200, 67.6448, 68.3900, 50875
2018-03-19, 65.5000, 66.2500, 60.6700, 62.3200, 171307
2018-03-20, 62.3600, 63.1300, 59.6804, 61.5945, 117204
2018-03-21, 60.8400, 63.2500, 60.3203, 61.4000, 75475
2018-03-22, 59.0700, 59.4990, 55.1760, 55.3999, 151977
2018-03-23, 55.4400, 56.5900, 51.1500, 51.2079, 128467
2018-03-26, 54.5700, 56.5000, 50.0000, 56.5000, 127392
2018-03-27, 57.8800, 57.8800, 45.5160, 47.1100, 224297
2018-03-28, 44.6000, 46.6500, 42.0000, 43.8000, 227032
2018-03-29, 44.6800, 47.7000, 42.0010, 47.0000, 162480
2018-04-02, 45.4000, 45.8600, 40.7600, 42.1608, 187786
2018-04-03, 44.0000, 44.7600, 41.3010, 43.1752, 163039
2018-04-04, 39.2400, 45.4998, 38.7000, 45.3000, 119554
2018-04-05, 47.5900, 47.9617, 45.8000, 47.3800, 122424
2018-04-06, 45.6900, 47.4800, 43.2500, 44.0496, 88771
2018-04-09, 45.9900, 47.1118, 44.0500, 44.5590, 98072
2018-04-10, 47.5200, 49.6280, 46.5000, 49.1490, 150176
2018-04-11, 49.1000, 49.9000, 48.0815, 48.3497, 91921
2018-04-12, 50.2400, 50.2400, 48.6210, 49.4890, 72571
2018-04-13, 50.9900, 50.9900, 47.6100, 48.5580, 42367
2018-04-16, 49.8800, 49.8800, 47.2904, 49.0000, 34065
2018-04-17, 51.2700, 54.4990, 50.5029, 54.2070, 91006
2018-04-18, 54.6700, 55.0394, 53.3500, 54.7009, 50549
2018-04-19, 54.3900, 54.6000, 52.7500, 54.2000, 59133
2018-04-20, 54.4600, 54.4600, 50.9700, 51.9100, 81419
2018-04-23, 52.1500, 54.2984, 49.0000, 49.8703, 46024
2018-04-24, 50.1820, 50.7389, 44.8600, 46.2000, 141645
2018-04-25, 46.8400, 46.8400, 42.2521, 45.3000, 122164
2018-04-26, 48.0900, 49.8000, 47.5118, 49.5000, 109224
2018-04-27, 52.9100, 53.5400, 49.0540, 50.7065, 108095
2018-04-30, 50.7100, 52.5400, 49.6001, 51.0601, 64585
2018-05-01, 50.9424, 52.5300, 50.1452, 52.5000, 35743
2018-05-02, 52.5200, 54.9400, 51.5000, 53.5900, 74047
2018-05-03, 51.4700, 53.3496, 49.9000, 52.8600, 50807
2018-05-04, 51.6500, 56.5926, 51.6500, 56.2900, 90420
2018-05-07, 57.9600, 60.4800, 57.5114, 59.1180, 73357
2018-05-08, 59.1200, 60.5350, 58.7001, 60.2800, 33956
2018-05-09, 61.0000, 62.6816, 60.7000, 62.5600, 53765
2018-05-10, 63.8800, 65.2500, 63.3297, 64.5000, 76570
2018-05-11, 64.3900, 64.7639, 62.4400, 63.3100, 59711
2018-05-14, 64.1900, 65.7700, 63.5900, 63.8200, 39516
2018-05-15, 63.4700, 63.4700, 59.8401, 60.8620, 70453
2018-05-16, 60.2300, 62.5947, 60.2300, 62.2000, 31814
2018-05-17, 61.2600, 63.1547, 60.3292, 61.5000, 21123
2018-05-18, 60.1700, 60.3650, 58.4000, 58.5000, 24791
2018-05-21, 62.3000, 62.3000, 58.6010, 59.4900, 25984
2018-05-22, 61.0300, 61.0300, 58.0000, 58.0149, 20079
2018-05-23, 57.1200, 60.7700, 56.6500, 60.6700, 31582
2018-05-24, 61.1900, 61.3000, 59.4300, 60.7191, 16260
2018-05-25, 60.8700, 62.0000, 60.7000, 61.5000, 22690
2018-05-29, 60.8100, 63.0000, 60.4100, 61.3500, 50227
2018-05-30, 62.6200, 63.0300, 61.5732, 63.0000, 23052
2018-05-31, 62.7900, 64.3650, 62.7900, 63.4400, 29431
2018-06-01, 64.4700, 68.0100, 64.4700, 68.0100, 74332
2018-06-04, 69.0000, 71.9879, 68.9900, 71.8500, 92172
2018-06-05, 73.2500, 74.6582, 72.3500, 73.0871, 88439
2018-06-06, 73.9400, 75.4700, 72.1300, 75.4700, 43070
2018-06-07, 75.6300, 75.6800, 71.7200, 73.5200, 73927
2018-06-08, 71.2900, 74.3990, 71.2800, 74.0500, 46702
2018-06-11, 74.2400, 76.4700, 74.2400, 75.9800, 28113
2018-06-12, 77.1200, 80.5600, 77.1200, 78.9500, 74718
2018-06-13, 80.2000, 81.8975, 79.4500, 80.4100, 82390
2018-06-14, 82.2700, 86.1500, 81.8550, 85.9000, 72421
2018-06-15, 84.4200, 86.0000, 83.0001, 84.2800, 83160
2018-06-18, 82.3800, 85.9500, 81.5200, 85.9500, 59522
2018-06-19, 81.6400, 83.4500, 77.6210, 82.9700, 193434
2018-06-20, 85.4200, 87.3400, 84.6301, 86.6500, 103123
2018-06-21, 87.5000, 87.7200, 81.7500, 82.8200, 112787
2018-06-22, 84.3100, 84.9600, 79.6100, 80.6800, 88494
2018-06-25, 77.9800, 77.9800, 69.6400, 72.7200, 286193
2018-06-26, 74.3800, 76.6100, 72.6200, 75.2744, 146679
2018-06-27, 77.3000, 78.5400, 71.2600, 71.2600, 149570
2018-06-28, 71.2500, 74.8100, 70.7900, 74.3700, 117656
2018-06-29, 75.6700, 76.0000, 72.2500, 72.3000, 95046
2018-07-02, 70.1200, 74.2100, 69.2700, 74.2100, 89457
2018-07-03, 75.0000, 75.0000, 69.4000, 69.5000, 88767
2018-07-05, 71.0600, 72.4000, 68.6210, 72.1100, 118942
2018-07-06, 72.0000, 76.7700, 71.2610, 76.6500, 142871
2018-07-09, 78.9500, 78.9500, 75.5693, 78.5400, 132808
2018-07-10, 79.3100, 80.0000, 77.6800, 78.8000, 60819
2018-07-11, 75.5000, 78.3550, 75.2500, 77.2300, 54310
2018-07-12, 79.4600, 81.5100, 79.0000, 81.0300, 58512
2018-07-13, 81.6600, 81.6600, 78.0200, 79.7364, 50134
2018-07-16, 79.6000, 80.3505, 78.4100, 78.9600, 67796
2018-07-17, 74.5700, 81.3100, 73.2550, 80.6800, 132749
2018-07-18, 81.1200, 81.1200, 77.8000, 79.4500, 41266
2018-07-19, 78.0200, 78.6100, 76.3400, 76.6000, 69398
2018-07-20, 77.5788, 78.4890, 75.7300, 75.7300, 72367
2018-07-23, 75.0000, 75.5000, 72.3200, 75.5000, 61020
2018-07-24, 79.2700, 79.2700, 74.3549, 75.5700, 112839
2018-07-25, 75.8400, 81.2680, 75.8400, 81.1100, 98893
2018-07-26, 73.0000, 75.2512, 72.5301, 74.1871, 213693
2018-07-27, 74.2800, 74.2800, 65.2425, 66.0000, 305740
2018-07-30, 66.7900, 66.7900, 59.0551, 60.5276, 266816
2018-07-31, 61.5000, 63.0800, 58.8900, 61.6264, 175739
2018-08-01, 62.2400, 63.2600, 60.3005, 61.4300, 151269
2018-08-02, 61.5000, 67.3600, 61.1900, 67.3000, 205192
2018-08-03, 68.2000, 68.2299, 66.2026, 66.6700, 64252
2018-08-06, 66.6700, 68.3000, 66.2000, 68.1848, 41214
2018-08-07, 69.2400, 70.7999, 68.0000, 70.5600, 157803
2018-08-08, 69.6900, 71.1700, 68.8871, 69.5000, 76245
2018-08-09, 69.7100, 69.8387, 68.0000, 68.0000, 31027
2018-08-10, 66.5100, 68.4347, 66.3800, 67.3600, 62623
2018-08-13, 68.0800, 69.6280, 67.5000, 67.5000, 36011
2018-08-14, 69.0700, 69.0700, 65.8500, 67.3400, 32409
2018-08-15, 65.0100, 65.9000, 61.7312, 64.1650, 77711
2018-08-16, 66.2500, 66.3704, 63.6900, 64.3000, 53071
2018-08-17, 62.8300, 63.3636, 59.9800, 61.8682, 101133
2018-08-20, 60.9683, 63.0950, 60.0000, 62.6300, 68363
2018-08-21, 63.5229, 66.2900, 63.5229, 65.2800, 71560
2018-08-22, 64.8700, 66.7500, 64.7300, 66.5677, 41117
2018-08-23, 67.0000, 69.1100, 65.4400, 65.7100, 46581
2018-08-24, 67.1507, 68.6800, 66.9106, 68.6800, 52162
2018-08-27, 70.3000, 72.0000, 69.5500, 71.9500, 96827
2018-08-28, 72.1233, 72.1999, 69.8800, 70.9100, 38240
2018-08-29, 71.0700, 72.2820, 70.5500, 72.1500, 87270
2018-08-30, 71.7900, 73.7500, 68.1100, 72.0600, 89852
2018-08-31, 71.8900, 72.6467, 71.0500, 71.5076, 38649
2018-09-04, 69.9800, 70.9990, 68.4800, 69.4204, 68452
2018-09-05, 67.9600, 67.9600, 63.0901, 63.6650, 95597
2018-09-06, 64.4100, 64.6450, 59.0109, 60.5225, 149093
2018-09-07, 58.0100, 61.5000, 57.6578, 59.5000, 96189
2018-09-10, 60.3000, 60.3000, 58.2373, 59.5450, 38535
2018-09-11, 58.4300, 61.8499, 58.2000, 61.5496, 60086
2018-09-12, 61.5000, 61.7700, 58.7700, 61.7600, 51178
2018-09-13, 63.1700, 64.5700, 62.7900, 63.1700, 61705
2018-09-14, 64.0200, 64.1950, 62.4600, 62.9987, 35708
2018-09-17, 61.0600, 62.0500, 58.5260, 58.7300, 97139
2018-09-18, 59.0500, 61.1900, 58.6665, 59.3000, 50280
2018-09-19, 59.6893, 61.8000, 58.5200, 61.7839, 28234
2018-09-20, 62.8200, 63.9300, 62.3450, 62.8019, 57701
2018-09-21, 63.9000, 64.0000, 60.5000, 60.5400, 79932
2018-09-24, 59.1900, 61.3956, 57.9500, 61.3956, 36413
2018-09-25, 61.6800, 62.9400, 61.5200, 62.8600, 50583
2018-09-26, 62.8100, 65.8300, 62.8100, 64.0100, 76558
2018-09-27, 65.3600, 66.7040, 65.2071, 65.9800, 41243
2018-09-28, 62.8400, 63.8900, 61.6600, 62.0400, 81727
2018-10-01, 66.0000, 66.8800, 64.8600, 65.4300, 51956
2018-10-02, 63.6176, 64.7562, 62.0409, 62.7500, 48063
2018-10-03, 64.3400, 64.3400, 62.4100, 63.4313, 22871
2018-10-04, 62.0000, 62.1900, 56.5102, 57.8332, 165431
2018-10-05, 57.6500, 57.8054, 52.5800, 54.2000, 179027
2018-10-08, 52.6000, 54.7350, 50.0500, 52.6700, 147263
2018-10-09, 52.5500, 54.8500, 52.0000, 53.4700, 99186
2018-10-10, 51.7000, 52.0289, 44.5001, 44.7000, 327748
2018-10-11, 43.2600, 46.6600, 41.7699, 43.9600, 313344
2018-10-12, 48.5700, 48.8800, 45.1900, 48.3900, 151870
2018-10-15, 47.7200, 47.8599, 45.3800, 46.4700, 110447
2018-10-16, 48.0400, 51.6700, 47.5000, 51.3919, 146989
2018-10-17, 53.3700, 53.7321, 49.8500, 51.1900, 177233
2018-10-18, 50.2700, 50.2700, 46.1400, 46.7000, 192022
2018-10-19, 47.7800, 49.1901, 44.8067, 45.4200, 219638
2018-10-22, 46.6600, 47.4855, 44.7800, 47.0300, 92686
2018-10-23, 43.5300, 47.9000, 42.5301, 47.4900, 150317
2018-10-24, 47.8000, 48.0000, 39.5800, 39.6000, 236540
2018-10-25, 43.9600, 47.4000, 43.5600, 46.5700, 277588
2018-10-26, 41.0400, 47.6184, 41.0001, 43.8300, 304559
2018-10-29, 45.8100, 46.2041, 36.7722, 40.0800, 216211
2018-10-30, 38.4200, 42.1900, 37.3300, 42.0800, 235662
2018-10-31, 45.6300, 48.1800, 45.2050, 46.8000, 276040
2018-11-01, 47.2500, 50.2700, 45.0000, 50.2700, 237804
2018-11-02, 49.6500, 51.4900, 46.3900, 47.2995, 172540
2018-11-05, 46.9900, 46.9900, 43.3700, 45.4400, 105979
2018-11-06, 45.4400, 47.6556, 45.1244, 46.4700, 98527
2018-11-07, 48.5000, 50.4600, 47.7103, 50.4600, 147980
2018-11-08, 49.8500, 50.2600, 46.9901, 47.6100, 114281
2018-11-09, 45.7500, 46.3791, 43.9769, 45.1900, 95986
