2013-01-29, 20.1000, 20.1000, 20.0500, 20.0700, 41300
2013-01-30, 20.2000, 20.2500, 20.1700, 20.2000, 35960
2013-01-31, 20.1400, 20.1500, 20.0200, 20.0799, 57723
2013-02-01, 31.7100, 31.7100, 20.1000, 20.1400, 61511
2013-02-04, 20.1100, 20.2200, 20.1000, 20.2000, 35726
2013-02-05, 20.2599, 20.2600, 20.1290, 20.1800, 34500
2013-02-06, 20.1800, 20.2440, 20.1800, 20.2400, 31742
2013-02-07, 20.1300, 20.2700, 20.1000, 20.2000, 26944
2013-02-08, 20.1600, 20.1900, 20.1300, 20.1400, 14255
2013-02-11, 22.8800, 22.8800, 19.9299, 19.9600, 39109
2013-02-12, 19.9400, 20.0200, 19.9000, 19.9800, 34202
2013-02-13, 19.9300, 19.9400, 19.8600, 19.8700, 15750
2013-02-14, 19.9400, 19.9460, 19.8100, 19.8300, 8936
2013-02-15, 19.4900, 19.4900, 19.3299, 19.3600, 34169
2013-02-19, 19.3800, 19.4100, 19.3300, 19.3300, 10591
2013-02-20, 19.1300, 19.1501, 18.8500, 18.8500, 9970
2013-02-21, 18.9200, 19.0901, 18.9200, 19.0000, 9300
2013-02-22, 19.0000, 19.0500, 18.9999, 19.0500, 9250
2013-02-25, 19.1400, 19.2700, 19.1032, 19.2499, 25215
2013-02-26, 19.1700, 19.4700, 19.1700, 19.4700, 26600
2013-02-27, 19.3800, 19.3800, 19.2088, 19.2600, 10440
2013-02-28, 19.1500, 19.1500, 18.9800, 19.0399, 23591
2013-03-01, 19.0800, 19.0800, 19.0000, 19.0000, 20320
2013-03-04, 19.0400, 19.0400, 18.9400, 18.9400, 12735
2013-03-05, 19.0700, 19.0700, 18.9210, 18.9800, 6786
2013-03-06, 18.9600, 19.0900, 18.9600, 19.0700, 29663
2013-03-07, 19.0200, 19.0200, 18.9868, 19.0100, 22327
2013-03-08, 22.4700, 22.4700, 18.8600, 19.0300, 108531
2013-03-11, 19.1600, 19.1600, 19.0300, 19.0700, 9979
2013-03-12, 19.1900, 19.1994, 19.1600, 19.1860, 10550
2013-03-13, 19.2100, 19.2100, 19.1101, 19.1400, 39407
2013-03-14, 19.0900, 19.1900, 19.0900, 19.1400, 17746
2013-03-15, 19.2000, 19.2100, 19.1800, 19.1800, 5897
2013-03-18, 19.4400, 19.4400, 19.1800, 19.2000, 19334
2013-03-19, 19.2300, 19.2500, 19.2101, 19.2300, 7043
2013-03-20, 19.2200, 19.2700, 19.1701, 19.2399, 8554
2013-03-21, 19.2600, 19.2800, 19.2516, 19.2800, 8249
2013-03-22, 19.2200, 19.2500, 19.2200, 19.2431, 10871
2013-03-25, 19.1400, 19.2500, 19.1400, 19.2400, 21116
2013-03-26, 19.1656, 19.2200, 19.1656, 19.2200, 3100
2013-03-27, 19.2000, 19.2800, 19.2000, 19.2500, 65700
2013-03-28, 19.1999, 19.2170, 19.1741, 19.1741, 1514
2013-04-01, 19.1800, 19.2317, 19.1700, 19.1900, 10300
2013-04-02, 19.0700, 19.0900, 18.9800, 18.9801, 29490
2013-04-03, 18.9600, 19.0098, 18.7300, 18.8000, 94873
2013-04-04, 18.6700, 18.7770, 18.6430, 18.7200, 4486
2013-04-05, 18.9100, 19.0500, 18.9000, 19.0000, 13836
2013-04-08, 19.0000, 19.0000, 18.9400, 18.9600, 1801
2013-04-09, 19.1201, 19.1268, 19.1020, 19.1200, 13565
2013-04-10, 18.9600, 19.0200, 18.7800, 18.7800, 17494
2013-04-11, 18.8744, 18.8900, 18.8200, 18.8200, 1900
2013-04-12, 18.5400, 18.5600, 17.9551, 17.9600, 84351
2013-04-15, 17.0700, 17.0700, 16.2801, 16.4400, 127603
2013-04-16, 17.3300, 17.3300, 16.5010, 16.5400, 5060
2013-04-17, 16.8200, 16.8299, 16.6000, 16.6400, 5400
2013-04-18, 16.7500, 16.8100, 16.6600, 16.6600, 124532
2013-04-19, 16.9420, 16.9420, 16.7589, 16.8200, 5677
2013-04-22, 17.0000, 17.1200, 17.0000, 17.0900, 18985
2013-04-23, 17.0500, 17.0500, 16.8900, 17.0000, 10075
2013-04-24, 17.1700, 17.1700, 17.0770, 17.1500, 17243
2013-04-25, 17.7200, 17.7200, 17.3400, 17.5800, 21731
2013-04-26, 17.6700, 17.7500, 17.4400, 17.5000, 34881
2013-04-29, 17.6001, 17.8575, 17.5900, 17.6500, 13254
2013-04-30, 17.6300, 17.6907, 17.5900, 17.6900, 8395
2013-05-01, 17.5400, 17.6400, 17.3080, 17.4676, 8577
2013-05-02, 17.6395, 17.6395, 17.5648, 17.6100, 2300
2013-05-03, 17.6900, 17.6900, 17.5584, 17.6100, 6320
2013-05-06, 17.7400, 17.7500, 17.6000, 17.6500, 7899
2013-05-07, 17.6500, 18.4606, 17.3600, 17.4400, 69506
2013-05-08, 18.1000, 18.1000, 17.5700, 17.6800, 20520
2013-05-09, 17.5599, 17.6552, 17.4810, 17.4900, 9652
2013-05-10, 17.1500, 17.3500, 17.0800, 17.3500, 10737
2013-05-13, 17.2511, 17.2560, 17.2100, 17.2100, 5616
2013-05-14, 17.2500, 17.2800, 17.1330, 17.1600, 6968
2013-05-15, 17.0200, 17.0300, 16.7235, 16.7900, 16280
2013-05-16, 16.6400, 16.7594, 16.6400, 16.7399, 9874
2013-05-17, 16.6300, 16.6300, 16.3752, 16.3752, 32023
2013-05-20, 16.3000, 16.6900, 16.2900, 16.6500, 27009
2013-05-21, 16.4600, 16.5800, 16.3800, 16.5100, 8687
2013-05-22, 16.6900, 16.9000, 16.3399, 16.4000, 19358
2013-05-23, 16.7300, 16.7300, 16.6060, 16.6910, 35530
2013-05-24, 16.7184, 16.7184, 16.6540, 16.6540, 3486
2013-05-28, 16.6500, 16.8000, 16.5400, 16.6000, 13455
2013-05-29, 16.6600, 16.7500, 16.6600, 16.7400, 4559
2013-05-30, 17.0000, 17.0199, 16.9800, 17.0199, 4330
2013-05-31, 16.9300, 16.9300, 16.6900, 16.7000, 7010
2013-06-03, 16.7500, 17.0300, 16.7300, 16.9633, 9557
2013-06-04, 16.8500, 16.8500, 16.8000, 16.8300, 3843
2013-06-05, 16.8300, 16.9540, 16.8300, 16.8800, 6850
2013-06-06, 16.8100, 17.0600, 16.8100, 17.0000, 11062
2013-06-07, 16.7600, 16.7600, 16.6100, 16.6100, 5597
2013-06-10, 16.5800, 16.6800, 16.5800, 16.6752, 33983
2013-06-11, 16.5300, 16.5901, 16.5200, 16.5901, 3467
2013-06-12, 16.5700, 16.7440, 16.5655, 16.7440, 7050
2013-06-13, 16.6300, 16.6300, 16.6109, 16.6109, 200
2013-06-14, 16.7100, 16.7256, 16.7100, 16.7256, 2790
2013-06-17, 16.9400, 16.9400, 16.6500, 16.6600, 5156
2013-06-18, 16.5600, 16.5600, 16.3400, 16.3940, 55441
2013-06-19, 16.4000, 16.4652, 16.3500, 16.3500, 7705
2013-06-20, 15.9900, 15.9900, 15.3700, 15.4282, 62600
2013-06-21, 15.5540, 15.6100, 15.5540, 15.6070, 5050
2013-06-24, 15.5001, 15.5400, 15.4010, 15.4620, 8800
2013-06-25, 15.3900, 15.4036, 15.3300, 15.3845, 17994
2013-06-26, 14.9600, 15.0400, 14.7600, 14.7700, 22398
2013-06-27, 14.8500, 14.9200, 14.4610, 14.5200, 30746
2013-06-28, 14.6500, 14.8197, 14.3800, 14.8000, 32680
2013-07-01, 15.0500, 15.1200, 14.9000, 15.1200, 3334
2013-07-02, 15.1499, 15.1499, 15.0000, 15.0055, 14333
2013-07-03, 15.0900, 15.1800, 15.0899, 15.0999, 4860
2013-07-05, 14.7600, 14.7600, 14.6225, 14.6600, 5186
2013-07-08, 14.8500, 15.0900, 14.8500, 14.9290, 10070
2013-07-09, 15.1400, 15.1899, 15.0100, 15.0401, 5436
2013-07-10, 15.2900, 15.2900, 14.7800, 15.1600, 6187
2013-07-11, 15.4001, 15.4300, 15.3800, 15.4200, 5444
2013-07-12, 15.4776, 15.4776, 15.3700, 15.3800, 3181
2013-07-15, 15.4500, 15.4500, 15.4200, 15.4300, 4954
2013-07-16, 15.4600, 15.5000, 15.4600, 15.4710, 7226
2013-07-17, 15.4900, 15.5400, 15.3600, 15.4190, 10126
2013-07-18, 15.3200, 15.3400, 15.2900, 15.3200, 16603
2013-07-19, 15.3900, 15.4000, 15.3500, 15.3501, 3699
2013-07-22, 15.4700, 15.5400, 15.4700, 15.5390, 19601
2013-07-23, 15.5500, 15.5600, 15.5300, 15.5590, 17838
2013-07-24, 15.6000, 15.6000, 15.4800, 15.5000, 4135
2013-07-25, 15.6000, 15.6000, 15.4700, 15.5300, 1264
2013-07-26, 15.5500, 15.5500, 15.4700, 15.5100, 3000
2013-07-29, 15.5500, 15.5500, 15.5100, 15.5100, 2952
2013-07-30, 15.5243, 15.5400, 15.5200, 15.5300, 3100
2013-07-31, 15.5200, 15.5200, 15.4470, 15.4500, 3570
2013-08-01, 15.5100, 15.5100, 15.4601, 15.4934, 5090
2013-08-02, 15.4930, 15.5300, 15.4930, 15.5000, 3600
2013-08-05, 15.5300, 15.5300, 15.4800, 15.5000, 7966
2013-08-06, 15.4600, 15.4600, 15.3952, 15.4299, 15907
2013-08-07, 15.4400, 16.4390, 15.4390, 15.4500, 26288
2013-08-08, 15.5099, 15.6299, 15.5070, 15.5977, 6583
2013-08-09, 15.5801, 15.6500, 15.5801, 15.6399, 5750
2013-08-12, 15.8000, 15.8000, 15.7500, 15.7600, 15807
2013-08-13, 15.7400, 15.7400, 15.6500, 15.6755, 16639
2013-08-14, 15.7300, 15.8500, 15.7299, 15.7400, 13265
2013-08-15, 15.6966, 15.9200, 15.6966, 15.9070, 22398
2013-08-16, 16.0200, 16.0200, 15.9000, 15.9500, 22330
2013-08-19, 16.3800, 16.3800, 15.5300, 15.5300, 9283
2013-08-20, 15.5800, 15.6100, 15.5701, 15.5999, 7154
2013-08-21, 15.5800, 15.6200, 15.5200, 15.6100, 12102
2013-08-22, 15.6599, 15.6599, 15.6300, 15.6366, 4877
2013-08-23, 15.6990, 15.7300, 15.6900, 15.6900, 15295
2013-08-26, 15.7156, 15.7300, 15.7001, 15.7001, 6100
2013-08-27, 15.7300, 15.7800, 15.7200, 15.7600, 31262
2013-08-28, 15.7700, 15.7700, 15.7100, 15.7462, 22713
2013-08-29, 15.8000, 15.8000, 15.7010, 15.7900, 4210
2013-08-30, 15.7300, 15.7307, 15.6900, 15.7236, 8924
2013-09-03, 15.7599, 15.8000, 15.7500, 15.7700, 34500
2013-09-04, 15.7500, 15.7500, 15.7000, 15.7500, 10104
2013-09-05, 15.7800, 15.7800, 15.6325, 15.6597, 1159
2013-09-06, 15.7050, 15.7600, 15.7050, 15.7500, 2500
2013-09-09, 15.7800, 15.7900, 15.7800, 15.7900, 7066
2013-09-10, 15.6900, 15.7200, 15.6700, 15.7200, 12260
2013-09-11, 15.6990, 15.7300, 15.6800, 15.7000, 4323
2013-09-12, 15.7600, 15.7600, 15.4000, 15.4000, 27068
2013-09-13, 15.3600, 15.4900, 15.2680, 15.4200, 16246
2013-09-16, 15.3900, 15.8900, 15.2800, 15.2800, 15493
2013-09-17, 15.2300, 15.3500, 15.0100, 15.2900, 12246
2013-09-18, 14.9500, 15.6200, 14.9100, 15.6000, 25079
2013-09-19, 15.6600, 15.7200, 15.6000, 15.6600, 57203
2013-09-20, 15.5400, 15.5400, 15.2800, 15.2800, 6573
2013-09-23, 15.2100, 15.2800, 15.1700, 15.2147, 2142
2013-09-24, 15.0900, 15.2337, 15.0900, 15.2100, 3879
2013-09-25, 15.2994, 15.3836, 15.2882, 15.3316, 6934
2013-09-26, 15.3000, 15.3000, 15.1910, 15.2300, 6430
2013-09-27, 15.3901, 15.4055, 15.2700, 15.2700, 2330
2013-09-30, 15.2300, 15.3500, 15.2280, 15.2848, 3169
2013-10-01, 14.9600, 14.9600, 14.8199, 14.8400, 22738
2013-10-02, 14.9700, 15.1900, 14.9490, 15.1697, 7528
2013-10-03, 15.1300, 15.2100, 15.1300, 15.1999, 2060
2013-10-04, 15.1300, 15.1300, 15.0400, 15.0700, 2120
2013-10-07, 15.2000, 15.2599, 15.2000, 15.2151, 1900
2013-10-08, 15.2500, 15.2701, 15.1900, 15.1900, 5187
2013-10-09, 15.6400, 15.6400, 14.9500, 15.0700, 19774
2013-10-10, 15.0100, 15.0100, 14.8600, 14.8600, 26400
2013-10-11, 14.6900, 14.6900, 14.6200, 14.6900, 20300
2013-10-14, 14.8900, 14.8900, 14.7200, 14.7800, 14100
2013-10-15, 14.7100, 14.8500, 14.6500, 14.8000, 8751
2013-10-16, 14.8000, 14.8400, 14.6999, 14.7900, 14455
2013-10-17, 14.9900, 15.2300, 14.9900, 15.2000, 23200
2013-10-18, 15.0800, 15.1000, 15.0600, 15.1000, 2700
2013-10-21, 15.1200, 15.1200, 15.0900, 15.1000, 3500
2013-10-22, 15.1900, 15.3400, 15.1900, 15.3300, 5700
2013-10-23, 15.2700, 15.3000, 15.2500, 15.2500, 1900
2013-10-24, 15.3100, 15.4200, 15.3100, 15.3800, 10500
2013-10-25, 15.3600, 15.4400, 15.3600, 15.4200, 36760
2013-10-28, 15.4200, 15.4580, 15.4000, 15.4400, 3960
2013-10-29, 15.4300, 15.4300, 15.3700, 15.3900, 9700
2013-10-30, 15.3800, 15.4690, 15.3600, 15.3700, 4647
2013-10-31, 15.2600, 15.2900, 15.2200, 15.2300, 4800
2013-11-01, 15.1500, 15.1600, 15.0500, 15.1600, 18400
2013-11-04, 15.1900, 15.2100, 15.1400, 15.1600, 4700
2013-11-05, 15.1000, 15.1200, 15.1000, 15.1200, 1400
2013-11-06, 15.2000, 15.2000, 15.1600, 15.2000, 4900
2013-11-07, 15.1500, 15.1500, 15.0500, 15.0600, 24100
2013-11-08, 15.0400, 15.0400, 14.8400, 14.8800, 13200
2013-11-11, 14.7400, 14.8500, 14.7400, 14.8400, 15100
2013-11-12, 14.8500, 14.8500, 14.6600, 14.6900, 6005
2013-11-13, 14.7600, 14.7900, 14.7300, 14.7500, 5000
2013-11-14, 14.8400, 14.9400, 14.8400, 14.9100, 6200
2013-11-15, 14.9000, 14.9290, 14.8700, 14.9165, 9195
2013-11-18, 14.7400, 14.7400, 14.6200, 14.6400, 9700
2013-11-19, 14.6400, 14.6600, 14.6200, 14.6500, 10076
2013-11-20, 14.5000, 14.5500, 14.3100, 14.3100, 23700
2013-11-21, 14.3100, 14.3400, 14.2500, 14.3100, 26062
2013-11-22, 14.3700, 14.3700, 14.3200, 14.3200, 12800
2013-11-25, 14.3000, 14.4139, 14.2300, 14.4000, 7234
2013-11-26, 14.3000, 14.3500, 14.2800, 14.3100, 8000
2013-11-27, 14.3000, 14.4000, 14.2400, 14.2400, 13434
2013-11-29, 14.4200, 14.4200, 14.3800, 14.3801, 2600
2013-12-02, 14.2000, 14.2080, 14.0300, 14.0400, 16197
2013-12-03, 14.0420, 14.1000, 14.0400, 14.0720, 15704
2013-12-04, 14.1000, 14.3800, 14.1000, 14.3599, 37207
2013-12-05, 14.3700, 14.3700, 14.0700, 14.1300, 63190
2013-12-06, 14.1600, 14.2300, 14.1160, 14.1516, 5193
2013-12-09, 14.2110, 14.3000, 14.2100, 14.3000, 6731
2013-12-10, 14.5000, 14.5700, 14.4900, 14.5500, 20877
2013-12-11, 14.5700, 14.5700, 14.4000, 14.4000, 61116
2013-12-12, 14.1000, 14.1748, 14.1000, 14.1300, 10663
2013-12-13, 14.1400, 14.2600, 14.1400, 14.2300, 13848
2013-12-16, 14.3100, 14.3600, 14.2500, 14.3000, 41676
2013-12-17, 14.2281, 14.2300, 14.1933, 14.1948, 6041
2013-12-18, 14.0799, 14.1604, 13.9559, 13.9700, 34564
2013-12-19, 13.8400, 13.8400, 13.6700, 13.6700, 13500
2013-12-20, 13.5200, 13.8800, 13.5200, 13.8336, 9641
2013-12-23, 13.8100, 13.8490, 13.7600, 13.7890, 16811
2013-12-24, 13.8000, 13.8463, 13.8000, 13.8463, 8145
2013-12-26, 13.9500, 13.9899, 13.9000, 13.9030, 14396
2013-12-27, 14.0000, 14.0000, 13.9300, 13.9330, 36152
2013-12-30, 13.8860, 13.8900, 13.7510, 13.7510, 13984
2013-12-31, 13.8600, 13.9700, 13.7000, 13.8200, 28252
2014-01-02, 14.0400, 14.1000, 14.0300, 14.0310, 21751
2014-01-03, 14.1200, 14.2299, 14.1150, 14.1803, 11509
2014-01-06, 14.2700, 14.2900, 14.0000, 14.2499, 19612
2014-01-07, 14.1400, 14.1501, 14.0900, 14.1500, 7487
2014-01-08, 14.1500, 14.1500, 14.0208, 14.0652, 7762
2014-01-09, 14.1500, 14.1500, 14.1000, 14.1101, 1549
2014-01-10, 14.2662, 14.3300, 14.2662, 14.3000, 11381
2014-01-13, 14.5000, 14.5000, 14.3101, 14.3999, 6787
2014-01-14, 14.4200, 14.4200, 14.3299, 14.3300, 2098
2014-01-15, 14.2500, 14.2970, 14.2399, 14.2970, 11294
2014-01-16, 14.3101, 14.3200, 14.2601, 14.3199, 25085
2014-01-17, 14.1900, 14.3000, 14.1900, 14.3000, 7519
2014-01-21, 14.1400, 14.2000, 14.1400, 14.1993, 8168
2014-01-22, 14.1500, 14.1799, 14.1400, 14.1400, 4905
2014-01-23, 14.2700, 14.3800, 14.2700, 14.3800, 8812
2014-01-24, 14.3800, 14.4000, 14.3408, 14.3778, 14683
2014-01-27, 14.3500, 14.3500, 14.2500, 14.2600, 9217
2014-01-28, 14.2501, 14.2799, 14.2357, 14.2401, 7770
2014-01-29, 14.3720, 14.4000, 14.3300, 14.3800, 15002
2014-01-30, 14.1600, 14.2000, 14.1600, 14.1840, 4859
2014-01-31, 14.2500, 14.2500, 14.1505, 14.2100, 7296
2014-02-03, 14.3100, 14.3600, 14.2900, 14.2900, 8955
2014-02-04, 14.2700, 14.2900, 14.2418, 14.2899, 5002
2014-02-05, 14.3452, 14.3500, 14.2800, 14.3500, 10774
2014-02-06, 14.3699, 14.3700, 14.3100, 14.3301, 10725
2014-02-07, 14.3800, 14.4500, 14.3799, 14.4499, 14337
2014-02-10, 14.4700, 14.5300, 14.4700, 14.5200, 16589
2014-02-11, 14.5900, 14.6297, 14.5800, 14.6200, 3356
2014-02-12, 14.5900, 14.6500, 14.5900, 14.6399, 6128
2014-02-13, 14.8600, 14.8600, 14.6480, 14.7000, 17942
2014-02-14, 14.9500, 14.9500, 14.7500, 14.7700, 31261
2014-02-18, 14.9900, 14.9900, 14.7784, 14.8000, 31749
2014-02-19, 14.8000, 14.8000, 14.6199, 14.6280, 57885
2014-02-20, 14.6300, 14.7100, 14.6300, 14.7080, 25150
2014-02-21, 14.7100, 14.7300, 14.6880, 14.6900, 13463
2014-02-24, 14.7686, 14.7900, 14.7600, 14.7900, 26146
2014-02-25, 14.7700, 14.8100, 14.7601, 14.8000, 49499
2014-02-26, 14.7690, 14.7700, 14.7100, 14.7301, 13751
2014-02-27, 14.7800, 14.7800, 14.7401, 14.7548, 10548
2014-02-28, 14.7900, 14.7900, 14.7230, 14.7500, 25310
2014-03-03, 14.8400, 14.8400, 14.8101, 14.8204, 25496
2014-03-04, 14.8000, 14.8180, 14.7600, 14.8100, 23522
2014-03-05, 14.8160, 14.8299, 14.7908, 14.8199, 10442
2014-03-06, 14.8500, 14.8700, 14.8200, 14.8680, 35348
2014-03-07, 14.8200, 14.8500, 14.8090, 14.8399, 18637
2014-03-10, 14.8500, 14.8700, 14.8140, 14.8600, 23080
2014-03-11, 14.8900, 14.9500, 14.8600, 14.8700, 49305
2014-03-12, 14.9500, 15.0499, 14.9000, 14.9200, 12401
2014-03-13, 15.0000, 15.0000, 14.9101, 14.9400, 71965
2014-03-14, 15.1000, 15.1000, 14.9103, 14.9600, 30342
2014-03-17, 15.1200, 15.1200, 14.8500, 14.8800, 71909
2014-03-18, 15.0400, 15.0400, 14.5548, 14.6000, 36300
2014-03-19, 14.5300, 14.5300, 14.3600, 14.3700, 67012
2014-03-20, 14.3300, 14.4100, 14.3300, 14.3800, 23750
2014-03-21, 14.4600, 14.4800, 14.4100, 14.4100, 58797
2014-03-24, 14.2900, 14.4100, 14.1901, 14.2200, 14722
2014-03-25, 14.2500, 14.2700, 14.2001, 14.2300, 9780
2014-03-26, 14.2400, 14.2400, 14.1100, 14.1300, 10485
2014-03-27, 14.1000, 14.1300, 14.0000, 14.0100, 21967
2014-03-28, 14.0000, 14.0600, 13.9800, 14.0500, 11984
2014-03-31, 14.0500, 14.0700, 13.9220, 13.9500, 15902
2014-04-01, 13.9600, 13.9690, 13.8901, 13.9300, 14831
2014-04-02, 14.0400, 14.0500, 14.0151, 14.0300, 18389
2014-04-03, 13.9700, 14.0000, 13.9500, 13.9700, 11531
2014-04-04, 14.0900, 14.1800, 14.0900, 14.1600, 17886
2014-04-07, 14.2900, 14.2900, 14.0800, 14.0900, 33119
2014-04-08, 14.1100, 14.2300, 14.1100, 14.2096, 19032
2014-04-09, 14.2600, 14.2600, 14.1397, 14.2400, 43963
2014-04-10, 14.4900, 14.4900, 14.2700, 14.3000, 30145
2014-04-11, 14.3900, 14.4079, 14.2702, 14.2900, 13677
2014-04-14, 14.4100, 14.4100, 14.3410, 14.3700, 17361
2014-04-15, 14.3500, 14.3999, 14.0970, 14.1900, 270905
2014-04-16, 14.1700, 14.2100, 14.1499, 14.2100, 101344
2014-04-17, 14.0100, 14.0200, 13.9200, 13.9400, 48150
2014-04-21, 13.8900, 14.0200, 13.8400, 13.8774, 53864
2014-04-22, 13.8900, 13.9200, 13.7700, 13.8600, 86388
2014-04-23, 13.8500, 13.8700, 13.8013, 13.8300, 24581
2014-04-24, 13.8700, 13.9500, 13.7400, 13.9400, 52114
2014-04-25, 14.0000, 14.2070, 13.9800, 14.0100, 61788
2014-04-28, 14.0100, 14.0100, 13.9200, 13.9790, 37149
2014-04-29, 13.9800, 14.0000, 13.9501, 13.9800, 28872
2014-04-30, 13.9100, 13.9800, 13.8700, 13.9200, 33961
2014-05-01, 13.8000, 13.8700, 13.8000, 13.8700, 23991
2014-05-02, 13.8200, 14.0300, 13.8100, 14.0000, 36895
2014-05-05, 14.1100, 14.1400, 14.0800, 14.1200, 79652
2014-05-06, 14.1100, 14.1100, 14.0600, 14.0900, 47501
2014-05-07, 14.1100, 14.1100, 13.8800, 13.9100, 58053
2014-05-08, 14.0200, 14.0200, 13.8800, 13.9100, 34245
2014-05-09, 13.9800, 13.9800, 13.8600, 13.9000, 12904
2014-05-12, 13.9100, 14.0200, 13.9100, 13.9510, 4525
2014-05-13, 13.9500, 14.0000, 13.9300, 13.9600, 48027
2014-05-14, 14.0900, 14.0900, 14.0401, 14.0700, 41275
2014-05-15, 13.9900, 14.0340, 13.9301, 13.9700, 50409
2014-05-16, 13.9400, 13.9600, 13.9200, 13.9600, 15632
2014-05-19, 14.2200, 14.2200, 13.8400, 14.0000, 35534
2014-05-20, 13.7500, 13.9000, 13.7500, 13.8699, 44583
2014-05-21, 13.7500, 13.8499, 13.7500, 13.8499, 15850
2014-05-22, 13.9600, 13.9600, 13.8301, 13.8631, 9977
2014-05-23, 13.8700, 13.9200, 13.7801, 13.8400, 15624
2014-05-27, 13.7100, 13.7100, 13.5600, 13.5800, 80480
2014-05-28, 13.5100, 13.5500, 13.4712, 13.4900, 24829
2014-05-29, 13.4800, 13.5399, 13.4500, 13.4600, 11545
2014-05-30, 13.4400, 13.4600, 13.3254, 13.4100, 49763
2014-06-02, 13.3800, 13.4100, 13.3200, 13.3300, 21928
2014-06-03, 13.3200, 13.3900, 13.3200, 13.3900, 35650
2014-06-04, 13.3600, 13.3800, 13.3310, 13.3500, 19766
2014-06-05, 13.4200, 13.4610, 13.4100, 13.4300, 28151
2014-06-06, 13.4000, 13.4600, 13.3775, 13.4600, 55858
2014-06-09, 13.5500, 13.5500, 13.4360, 13.4400, 13984
2014-06-10, 13.4400, 13.7500, 13.4400, 13.5300, 159227
2014-06-11, 13.5000, 13.5500, 13.4501, 13.5200, 27028
2014-06-12, 13.6100, 13.6597, 13.5890, 13.6301, 13973
2014-06-13, 13.6500, 13.6800, 13.5300, 13.6800, 19204
2014-06-16, 13.8300, 13.8300, 13.6200, 13.6200, 27586
2014-06-17, 13.5900, 13.6300, 13.5000, 13.6180, 15123
2014-06-18, 13.7500, 13.7500, 13.5500, 13.6100, 15773
2014-06-19, 13.7000, 13.8400, 13.7000, 13.8300, 28652
2014-06-20, 13.8400, 13.8500, 13.7700, 13.8500, 45923
2014-06-23, 13.8600, 13.8700, 13.8300, 13.8400, 20504
2014-06-24, 13.9000, 13.9000, 13.8413, 13.8500, 18660
2014-06-25, 13.8649, 13.8700, 13.8510, 13.8601, 12783
2014-06-26, 13.8500, 13.8700, 13.8400, 13.8400, 9609
2014-06-27, 13.9000, 13.9000, 13.8500, 13.8600, 6178
2014-06-30, 13.8600, 13.9000, 13.8301, 13.9000, 17531
2014-07-01, 13.8800, 13.9000, 13.8701, 13.9000, 13479
2014-07-02, 13.8800, 13.9170, 13.8710, 13.8900, 20602
2014-07-03, 13.8400, 13.9000, 13.8400, 13.8530, 14656
2014-07-07, 13.8500, 13.9099, 13.8500, 13.9099, 5401
2014-07-08, 13.9200, 13.9200, 13.8835, 13.9084, 12159
2014-07-09, 14.0000, 14.0170, 13.8701, 13.9300, 23817
2014-07-10, 13.9900, 13.9900, 13.9300, 13.9692, 8853
2014-07-11, 13.9500, 13.9700, 13.9201, 13.9600, 28966
2014-07-14, 13.9500, 13.9500, 13.6600, 13.7500, 40285
2014-07-15, 13.7499, 13.7999, 13.6000, 13.6000, 23480
2014-07-16, 13.6400, 13.7100, 13.6300, 13.6600, 27575
2014-07-17, 13.7300, 13.8600, 13.7000, 13.8500, 45575
2014-07-18, 13.7800, 13.7800, 13.6270, 13.7100, 11569
2014-07-21, 13.7100, 13.7400, 13.6910, 13.7254, 10445
2014-07-22, 13.7000, 13.7001, 13.6300, 13.6793, 15541
2014-07-23, 13.6800, 13.7000, 13.6501, 13.6700, 16211
2014-07-24, 13.6000, 13.6000, 13.4900, 13.5400, 23838
2014-07-25, 13.5673, 13.6600, 13.5500, 13.6500, 10157
2014-07-28, 13.6500, 13.6700, 13.6400, 13.6700, 12750
2014-07-29, 13.7000, 13.7000, 13.5900, 13.6300, 8516
2014-07-30, 13.5800, 13.5999, 13.5400, 13.5900, 10136
2014-07-31, 13.4900, 13.5000, 13.4100, 13.4147, 137366
2014-08-01, 13.2700, 13.5440, 13.2300, 13.5300, 285940
2014-08-04, 13.4600, 13.5322, 13.4360, 13.4600, 36333
2014-08-05, 13.4500, 13.5000, 13.4200, 13.4700, 16591
2014-08-06, 13.4000, 13.6600, 13.4000, 13.6200, 16503
2014-08-07, 13.6200, 13.7099, 13.6100, 13.7000, 13648
2014-08-08, 13.6200, 13.6900, 13.6200, 13.6799, 10365
2014-08-11, 13.7000, 13.7000, 13.6400, 13.6501, 7142
2014-08-12, 13.7201, 13.7499, 13.7000, 13.7100, 12098
2014-08-13, 13.7400, 13.7400, 13.7000, 13.7000, 23977
2014-08-14, 13.7406, 13.7406, 13.6900, 13.7000, 10513
2014-08-15, 13.6299, 13.6999, 13.6000, 13.6930, 5831
2014-08-18, 13.6800, 13.6800, 13.5000, 13.5500, 26668
2014-08-19, 13.6000, 13.6000, 13.5100, 13.5200, 5353
2014-08-20, 13.5800, 13.5800, 13.4900, 13.5012, 29817
2014-08-21, 13.3900, 13.4030, 13.3700, 13.4000, 22695
2014-08-22, 13.4200, 13.4300, 13.3700, 13.4000, 21859
2014-08-25, 13.4034, 13.4034, 13.3803, 13.3910, 15617
2014-08-26, 13.4800, 13.4800, 13.4245, 13.4500, 16488
2014-08-27, 13.4300, 13.4400, 13.4100, 13.4300, 14721
2014-08-28, 13.5100, 13.5400, 13.4941, 13.5280, 5619
2014-08-29, 13.5100, 13.5400, 13.4990, 13.5200, 35912
2014-09-02, 13.4600, 13.4600, 13.3000, 13.3200, 34248
2014-09-03, 13.3100, 13.3401, 13.3000, 13.3401, 8034
2014-09-04, 13.3600, 13.3800, 13.2600, 13.2600, 18917
2014-09-05, 13.3010, 13.3200, 13.2993, 13.3090, 11790
2014-09-08, 13.2500, 13.2500, 13.1800, 13.2000, 16703
2014-09-09, 13.1800, 13.2000, 13.1201, 13.1800, 35293
2014-09-10, 13.1699, 13.1800, 13.0900, 13.1420, 32723
2014-09-11, 13.1400, 13.1400, 12.9800, 13.0300, 72957
2014-09-12, 12.9900, 12.9900, 12.9000, 12.9100, 16891
2014-09-15, 12.9600, 13.0000, 12.9500, 12.9500, 5671
2014-09-16, 13.0100, 13.0100, 12.9500, 12.9500, 13740
2014-09-17, 13.0200, 13.0200, 12.8900, 12.8900, 19153
2014-09-18, 12.7100, 12.8900, 12.4500, 12.7300, 57800
2014-09-19, 12.7500, 12.8000, 12.6200, 12.6800, 24667
2014-09-22, 12.6000, 12.6701, 12.6000, 12.6300, 11663
2014-09-23, 12.7700, 12.7794, 12.6700, 12.7401, 104733
2014-09-24, 12.7000, 12.7100, 12.6600, 12.6800, 22014
2014-09-25, 12.5800, 12.7700, 12.5300, 12.7400, 20416
2014-09-26, 12.7500, 12.7500, 12.6059, 12.6500, 21584
2014-09-29, 12.7000, 12.7199, 12.6740, 12.6740, 5573
2014-09-30, 12.6544, 12.6625, 12.5400, 12.5930, 64888
2014-10-01, 12.5900, 12.6700, 12.5900, 12.6300, 4412
2014-10-02, 12.6300, 12.6600, 12.5976, 12.6100, 5776
2014-10-03, 12.5500, 12.6000, 12.4000, 12.4000, 31953
2014-10-06, 12.4000, 12.5900, 12.4000, 12.5900, 10897
2014-10-07, 12.5400, 12.6199, 12.5400, 12.6100, 10080
2014-10-08, 12.6100, 12.7500, 12.5300, 12.7400, 58006
2014-10-09, 12.7600, 12.7870, 12.6801, 12.7558, 8040
2014-10-10, 12.6600, 12.7300, 12.6600, 12.6770, 11355
2014-10-13, 12.7758, 12.8000, 12.7600, 12.7970, 9307
2014-10-14, 12.8299, 12.8300, 12.7600, 12.8170, 5686
2014-10-15, 12.8500, 12.8500, 12.7705, 12.8099, 22359
2014-10-16, 12.6000, 12.8675, 12.6000, 12.8100, 23960
2014-10-17, 12.9100, 12.9100, 12.7300, 12.8400, 15233
2014-10-20, 12.8489, 12.8570, 12.7710, 12.8200, 9140
2014-10-21, 12.8201, 12.8970, 12.8201, 12.8700, 2926
2014-10-22, 12.8000, 12.8570, 12.7900, 12.8300, 17069
2014-10-23, 12.8068, 12.8200, 12.7401, 12.8200, 34376
2014-10-24, 12.8158, 12.8199, 12.7610, 12.7957, 6971
2014-10-27, 12.8000, 12.8000, 12.7601, 12.7780, 3072
2014-10-28, 12.7752, 12.8072, 12.7601, 12.7747, 7817
2014-10-29, 12.7601, 12.7627, 12.6640, 12.7400, 53412
2014-10-30, 12.6500, 12.6670, 12.5342, 12.5400, 33425
2014-10-31, 12.2900, 12.2999, 12.1200, 12.2999, 54960
2014-11-03, 12.2100, 12.2972, 12.2000, 12.2200, 9829
2014-11-04, 12.1000, 12.2835, 12.1000, 12.2300, 4320
2014-11-05, 12.0700, 12.1000, 12.0000, 12.0100, 19931
2014-11-06, 12.0000, 12.0260, 11.9000, 12.0000, 12884
2014-11-07, 12.0100, 12.3000, 12.0100, 12.3000, 6713
2014-11-10, 12.3100, 12.3100, 12.0100, 12.0400, 29297
2014-11-11, 12.0400, 12.2301, 12.0400, 12.2101, 3979
2014-11-12, 12.1500, 12.2500, 12.1301, 12.1700, 18583
2014-11-13, 12.1600, 12.2199, 12.1600, 12.2000, 887
2014-11-14, 12.1515, 12.4000, 12.1515, 12.3930, 4394
2014-11-17, 12.4600, 12.4600, 12.3100, 12.3700, 13219
2014-11-18, 12.3700, 12.3700, 12.2200, 12.3100, 12137
2014-11-19, 12.3000, 12.3000, 12.1700, 12.2400, 20156
2014-11-20, 12.3400, 12.3900, 12.2500, 12.2900, 59787
2014-11-21, 12.3800, 12.3800, 12.3100, 12.3600, 10356
2014-11-24, 12.2800, 12.3200, 12.2600, 12.3100, 27858
2014-11-25, 12.3200, 12.3700, 12.3200, 12.3354, 18708
2014-11-26, 12.3700, 12.3700, 12.3499, 12.3499, 13034
2014-11-28, 12.3600, 12.3600, 12.1499, 12.1499, 4732
2014-12-01, 12.2200, 12.4400, 12.2200, 12.4000, 24582
2014-12-02, 12.3400, 12.3700, 12.3101, 12.3700, 2860
2014-12-03, 12.4000, 12.4300, 12.3754, 12.4100, 17184
2014-12-04, 12.3200, 12.4300, 12.3200, 12.4000, 32782
2014-12-05, 12.4100, 12.4100, 12.3300, 12.3300, 21138
2014-12-08, 12.3200, 12.4500, 12.3200, 12.4200, 18621
2014-12-09, 12.4500, 12.5000, 12.4400, 12.4500, 16613
2014-12-10, 12.4890, 12.4901, 12.4600, 12.4600, 20578
2014-12-11, 12.4000, 12.4777, 12.4000, 12.4777, 1550
2014-12-12, 12.5300, 12.5300, 12.4201, 12.4750, 14865
2014-12-15, 12.5100, 12.5100, 12.2500, 12.2524, 34765
2014-12-16, 12.3000, 12.4000, 12.2100, 12.2500, 21688
2014-12-17, 12.2860, 12.2900, 12.1896, 12.1900, 14008
2014-12-18, 12.1700, 12.1700, 12.0400, 12.1500, 13338
2014-12-19, 12.0900, 12.0900, 12.0430, 12.0600, 8042
2014-12-22, 12.0401, 12.0775, 11.8600, 11.8700, 17080
2014-12-23, 11.8300, 11.9499, 11.8300, 11.8700, 9478
2014-12-24, 11.8996, 11.8999, 11.8635, 11.8800, 3343
2014-12-26, 12.0000, 12.0900, 12.0000, 12.0700, 16626
2014-12-29, 12.0000, 12.0600, 11.8835, 12.0000, 25445
2014-12-30, 12.0900, 12.1965, 12.0900, 12.1300, 30038
2014-12-31, 12.1700, 12.1700, 11.9300, 11.9700, 16960
2015-01-02, 11.9200, 12.0600, 11.8501, 12.0300, 16193
2015-01-05, 12.0000, 12.2100, 12.0000, 12.2000, 8208
2015-01-06, 12.2185, 12.3400, 12.2001, 12.3400, 21423
2015-01-07, 12.4000, 12.4000, 12.2500, 12.3000, 12082
2015-01-08, 12.2275, 12.3000, 12.2100, 12.2100, 24612
2015-01-09, 12.2000, 12.3500, 12.2000, 12.3104, 6721
2015-01-12, 12.4200, 12.4200, 12.3490, 12.3800, 51482
2015-01-13, 12.4300, 12.4500, 12.3600, 12.3600, 9863
2015-01-14, 12.5300, 12.5300, 12.3600, 12.3949, 16327
2015-01-15, 12.5500, 12.5890, 12.4700, 12.5300, 92360
2015-01-16, 12.5700, 12.5700, 12.4000, 12.4300, 27403
2015-01-20, 12.5500, 12.5500, 12.4500, 12.4900, 18756
2015-01-21, 12.5700, 12.5700, 12.4600, 12.4701, 31385
2015-01-22, 12.5800, 12.5800, 12.5000, 12.5200, 36495
2015-01-23, 12.5800, 12.5900, 12.5000, 12.5100, 11119
2015-01-26, 12.5000, 12.5190, 12.4500, 12.4700, 29808
2015-01-27, 12.5300, 12.5799, 12.5192, 12.5500, 9703
2015-01-28, 12.6000, 12.6000, 12.5000, 12.5352, 14176
2015-01-29, 12.5000, 12.5096, 12.4101, 12.4471, 15968
2015-01-30, 12.4410, 12.5600, 12.4410, 12.5101, 14404
2015-02-02, 12.5000, 12.5490, 12.4600, 12.5199, 4603
2015-02-03, 12.5100, 12.5100, 12.4200, 12.4899, 9415
2015-02-04, 12.4700, 12.5099, 12.4601, 12.5000, 3374
2015-02-05, 12.4720, 12.5200, 12.4690, 12.5200, 7945
2015-02-06, 12.3300, 12.3940, 12.3300, 12.3510, 27244
2015-02-09, 12.5400, 12.5400, 12.3801, 12.4270, 8444
2015-02-10, 12.3900, 12.4099, 12.3700, 12.3900, 9063
2015-02-11, 12.4900, 12.4900, 12.2600, 12.3000, 14447
2015-02-12, 12.3200, 12.3500, 12.3000, 12.3299, 13947
2015-02-13, 12.4000, 12.4090, 12.3660, 12.3900, 12426
2015-02-17, 12.2700, 12.2800, 12.1300, 12.2700, 28167
2015-02-18, 12.2500, 12.2500, 11.9510, 12.0900, 65208
2015-02-19, 12.1400, 12.1400, 12.0200, 12.0401, 24778
2015-02-20, 12.1200, 12.1200, 11.9500, 12.0000, 25074
2015-02-23, 12.0800, 12.0800, 11.9560, 12.0000, 16277
2015-02-24, 11.9000, 12.0399, 11.9000, 11.9900, 55870
2015-02-25, 12.0700, 12.0700, 12.0000, 12.0400, 9887
2015-02-26, 12.1900, 12.1900, 12.0401, 12.0700, 14354
2015-02-27, 12.1700, 12.1800, 12.1000, 12.1000, 19989
2015-03-02, 12.1200, 12.1200, 12.0398, 12.0398, 15345
2015-03-03, 12.0100, 12.1000, 12.0100, 12.0168, 24033
2015-03-04, 12.0000, 12.0200, 11.9600, 11.9600, 14400
2015-03-05, 11.9600, 12.0500, 11.9597, 11.9800, 24771
2015-03-06, 11.9600, 11.9600, 11.6200, 11.6663, 47761
2015-03-09, 11.6721, 11.7200, 11.6300, 11.6500, 35372
2015-03-10, 11.7300, 11.7300, 11.5800, 11.6050, 9437
2015-03-11, 11.5800, 11.5890, 11.4700, 11.5220, 21083
2015-03-12, 11.5210, 11.5500, 11.5010, 11.5103, 19135
2015-03-13, 11.5400, 11.5663, 11.5201, 11.5599, 13080
2015-03-16, 11.5400, 11.5700, 11.4800, 11.5465, 23703
2015-03-17, 11.4800, 11.9400, 11.4600, 11.4700, 107961
2015-03-18, 11.4600, 11.6300, 11.3804, 11.5800, 12638
2015-03-19, 11.6300, 11.6800, 11.5600, 11.6300, 18598
2015-03-20, 11.7300, 11.7300, 11.6630, 11.7200, 17175
2015-03-23, 11.8600, 11.8600, 11.7280, 11.7800, 17986
2015-03-24, 11.8400, 11.8400, 11.7610, 11.8200, 6458
2015-03-25, 11.8300, 11.8499, 11.8300, 11.8400, 17885
2015-03-26, 11.8510, 11.9088, 11.8501, 11.8786, 6862
2015-03-27, 11.8500, 11.8799, 11.8400, 11.8500, 9997
2015-03-30, 11.8000, 11.8000, 11.7308, 11.7700, 9249
2015-03-31, 11.7100, 11.7752, 11.7100, 11.7500, 8779
2015-04-01, 11.8000, 11.9100, 11.8000, 11.9000, 8821
2015-04-02, 11.9000, 11.9000, 11.8204, 11.8899, 14100
2015-04-06, 11.9800, 11.9900, 11.9432, 11.9899, 11130
2015-04-07, 12.0000, 12.0000, 11.9500, 11.9600, 4904
2015-04-08, 12.0600, 12.0600, 11.9100, 11.9145, 19204
2015-04-09, 11.8650, 11.9220, 11.8501, 11.8601, 17140
2015-04-10, 11.9405, 11.9800, 11.9310, 11.9772, 8476
2015-04-13, 11.8600, 11.9100, 11.8600, 11.8999, 14839
2015-04-14, 11.8328, 11.8802, 11.8328, 11.8460, 12292
2015-04-15, 11.9000, 11.9599, 11.8600, 11.9400, 25289
2015-04-16, 11.9300, 11.9300, 11.8400, 11.9001, 16255
2015-04-17, 11.9300, 11.9400, 11.9000, 11.9400, 11292
2015-04-20, 12.0400, 12.0400, 11.7500, 11.7860, 32738
2015-04-21, 11.8600, 11.8899, 11.8279, 11.8500, 10107
2015-04-22, 11.8300, 11.8300, 11.7100, 11.7200, 26385
2015-04-23, 11.7355, 11.8324, 11.7355, 11.8324, 4183
2015-04-24, 11.7000, 11.7000, 11.6100, 11.6303, 25861
2015-04-27, 11.7700, 11.8900, 11.6000, 11.8763, 40121
2015-04-28, 11.8900, 11.9996, 11.8900, 11.9400, 7451
2015-04-29, 12.0000, 12.0000, 11.8800, 11.9153, 6857
2015-04-30, 11.8000, 11.8000, 11.6500, 11.7000, 12457
2015-05-01, 11.6500, 11.6500, 11.5700, 11.6300, 209589
2015-05-04, 11.6300, 11.7800, 11.6300, 11.7600, 16484
2015-05-05, 11.8147, 11.8190, 11.7600, 11.8000, 10021
2015-05-06, 11.9800, 11.9800, 11.7373, 11.7900, 31921
2015-05-07, 11.8800, 11.8800, 11.6781, 11.7100, 7689
2015-05-08, 11.7486, 11.7600, 11.7236, 11.7600, 5355
2015-05-11, 11.7600, 11.7800, 11.6700, 11.7379, 12067
2015-05-12, 11.8400, 11.8400, 11.7500, 11.8100, 15928
2015-05-13, 11.9400, 11.9400, 11.8600, 11.8600, 225284
2015-05-14, 11.9800, 11.9890, 11.9400, 11.9400, 18531
2015-05-15, 11.9652, 11.9800, 11.9541, 11.9700, 11892
2015-05-18, 11.9600, 11.9814, 11.9400, 11.9700, 18687
2015-05-19, 11.9500, 11.9500, 11.8301, 11.8700, 7848
2015-05-20, 11.8601, 11.9002, 11.8400, 11.8600, 9405
2015-05-21, 11.8401, 11.8900, 11.8401, 11.8802, 8508
2015-05-22, 11.8000, 11.8800, 11.8000, 11.8799, 11151
2015-05-26, 11.8600, 11.8600, 11.7221, 11.7400, 10748
2015-05-27, 11.7001, 11.7500, 11.7001, 11.7452, 19864
2015-05-28, 11.7034, 11.7500, 11.7000, 11.7334, 5853
2015-05-29, 11.7300, 11.7850, 11.7300, 11.7700, 11345
2015-06-01, 11.8100, 11.8657, 11.7301, 11.7600, 5259
2015-06-02, 11.7770, 11.8000, 11.7600, 11.8000, 11671
2015-06-03, 11.7800, 11.7800, 11.6700, 11.7300, 20634
2015-06-04, 11.6600, 11.7600, 11.6230, 11.6900, 119717
2015-06-05, 11.5500, 11.6200, 11.5500, 11.6200, 6343
2015-06-08, 11.6000, 11.6600, 11.5953, 11.6303, 8714
2015-06-09, 11.7000, 11.7000, 11.6790, 11.6800, 17886
2015-06-10, 11.8000, 11.8000, 11.7200, 11.7300, 21056
2015-06-11, 11.6701, 11.7400, 11.6701, 11.7400, 39771
2015-06-12, 11.6903, 11.7200, 11.6901, 11.6901, 2328
2015-06-15, 11.7600, 11.7600, 11.7270, 11.7500, 1439
2015-06-16, 11.7200, 11.7300, 11.6880, 11.6900, 9542
2015-06-17, 11.7050, 11.7260, 11.6501, 11.7260, 2896
2015-06-18, 11.7700, 11.7900, 11.7260, 11.7900, 26341
2015-06-19, 11.8400, 11.8400, 11.7641, 11.7684, 12011
2015-06-22, 11.7700, 11.7700, 11.6500, 11.6500, 18535
2015-06-23, 11.5800, 11.6395, 11.5800, 11.5960, 36792
2015-06-24, 11.5800, 11.6100, 11.5600, 11.6100, 7361
2015-06-25, 11.6300, 11.6300, 11.5300, 11.5900, 28507
2015-06-26, 11.5435, 11.6100, 11.5435, 11.6000, 261244
2015-06-29, 11.6300, 11.6300, 11.6000, 11.6222, 2987
2015-06-30, 11.6200, 11.6244, 11.5500, 11.5500, 12978
2015-07-01, 11.5210, 11.5673, 11.4800, 11.5499, 7345
2015-07-02, 11.4700, 11.5100, 11.4700, 11.4866, 9019
2015-07-06, 11.4700, 11.5640, 11.4700, 11.5148, 11076
2015-07-07, 11.5000, 11.5000, 11.3700, 11.4110, 24378
2015-07-08, 11.4500, 11.4899, 11.4105, 11.4200, 6977
2015-07-09, 11.5000, 11.5000, 11.4601, 11.4799, 1788
2015-07-10, 11.5000, 11.5000, 11.4300, 11.4706, 5881
2015-07-13, 11.5200, 11.5200, 11.3700, 11.4320, 57829
2015-07-14, 11.4340, 11.4408, 11.3700, 11.4000, 4027
2015-07-15, 11.4100, 11.4100, 11.3100, 11.3300, 12483
2015-07-16, 11.3300, 11.3300, 11.3100, 11.3290, 4713
2015-07-17, 11.3100, 11.3100, 11.1900, 11.2300, 18806
2015-07-20, 11.0000, 11.0000, 10.8300, 10.8400, 70596
2015-07-21, 10.9600, 10.9600, 10.7900, 10.8000, 15125
2015-07-22, 10.6805, 10.7800, 10.6752, 10.7400, 17694
2015-07-23, 10.7506, 10.7728, 10.6700, 10.6800, 11891
2015-07-24, 10.5700, 10.7500, 10.5505, 10.7500, 14349
2015-07-27, 10.7600, 10.8290, 10.7200, 10.7300, 8859
2015-07-28, 10.7700, 10.7800, 10.7300, 10.7700, 35953
2015-07-29, 10.8000, 10.8000, 10.7300, 10.7700, 11106
2015-07-30, 10.7400, 10.7700, 10.6815, 10.6815, 14694
2015-07-31, 10.7400, 10.8000, 10.7400, 10.8000, 7473
2015-08-03, 10.7800, 10.7800, 10.6500, 10.7100, 16890
2015-08-04, 10.7100, 10.7285, 10.6600, 10.6700, 9114
2015-08-05, 10.6700, 10.6725, 10.6400, 10.6500, 2904
2015-08-06, 10.7050, 10.7500, 10.6900, 10.7300, 8371
2015-08-07, 10.7500, 10.8000, 10.7400, 10.7550, 8474
2015-08-10, 10.8000, 10.8890, 10.7916, 10.8316, 15828
2015-08-11, 10.8500, 10.9400, 10.8500, 10.8800, 9229
2015-08-12, 10.9916, 11.0456, 10.9916, 11.0100, 3177
2015-08-13, 11.0000, 11.0000, 10.9400, 10.9400, 3038
2015-08-14, 10.9500, 10.9558, 10.9400, 10.9400, 1672
2015-08-17, 10.9500, 11.0700, 10.9500, 10.9586, 1622
2015-08-18, 10.8000, 10.9599, 10.8000, 10.9300, 2241
2015-08-19, 11.0200, 11.0900, 10.9536, 11.0400, 85779
2015-08-20, 11.0600, 11.1200, 11.0500, 11.0700, 113325
2015-08-21, 11.0200, 11.1290, 11.0200, 11.1181, 29802
2015-08-24, 11.1600, 11.1700, 10.8110, 11.0400, 44821
2015-08-25, 11.0100, 11.0500, 10.9800, 11.0100, 16871
2015-08-26, 11.0400, 11.0400, 10.9000, 10.9300, 20868
2015-08-27, 10.9499, 10.9899, 10.9400, 10.9700, 11600
2015-08-28, 10.9400, 11.0500, 10.9400, 11.0100, 3574
2015-08-31, 10.9800, 11.0600, 10.9800, 11.0500, 10783
2015-09-01, 11.0000, 11.0900, 11.0000, 11.0401, 3571
2015-09-02, 11.0240, 11.0800, 11.0200, 11.0540, 5005
2015-09-03, 11.0600, 11.0600, 10.9700, 11.0099, 7201
2015-09-04, 10.9604, 11.0200, 10.9500, 10.9600, 47051
2015-09-08, 11.0000, 11.0500, 11.0000, 11.0000, 14133
2015-09-09, 10.9600, 10.9600, 10.8700, 10.8900, 2160
2015-09-10, 10.9422, 10.9699, 10.8900, 10.9000, 18593
2015-09-11, 10.8500, 10.9099, 10.8500, 10.9099, 3013
2015-09-14, 10.8300, 10.9400, 10.8300, 10.9187, 16159
2015-09-15, 10.9000, 10.9070, 10.8730, 10.9000, 12670
2015-09-16, 10.9500, 11.0599, 10.9500, 10.9930, 26202
2015-09-17, 11.0100, 11.1320, 10.9720, 11.1100, 10096
2015-09-18, 11.1100, 11.1200, 11.0000, 11.0500, 19791
2015-09-21, 10.9500, 11.0500, 10.9500, 11.0400, 13407
2015-09-22, 10.8700, 10.9900, 10.8700, 10.9301, 5539
2015-09-23, 11.0110, 11.0320, 11.0000, 11.0190, 53310
2015-09-24, 11.0500, 11.1320, 11.0500, 11.1200, 12197
2015-09-25, 11.1800, 11.1800, 11.1360, 11.1360, 882
2015-09-28, 11.0500, 11.0600, 11.0100, 11.0400, 15751
2015-09-29, 11.0040, 11.0500, 10.9830, 11.0000, 7210
2015-09-30, 10.8600, 10.9500, 10.8600, 10.9100, 5486
2015-10-01, 10.9040, 10.9040, 10.8700, 10.9020, 1851
2015-10-02, 10.9800, 11.1600, 10.9800, 11.1400, 27617
2015-10-05, 11.0668, 11.1100, 11.0584, 11.0690, 8090
2015-10-06, 11.0800, 11.1900, 11.0800, 11.1807, 16768
2015-10-07, 11.1500, 11.1900, 11.1500, 11.1900, 4224
2015-10-08, 11.1500, 11.1504, 11.1199, 11.1504, 2969
2015-10-09, 11.1900, 11.2699, 11.1900, 11.2565, 4234
2015-10-12, 11.2500, 11.2500, 11.2411, 11.2500, 686
2015-10-13, 11.2500, 11.3200, 11.2500, 11.3100, 3661
2015-10-14, 11.4800, 11.4800, 11.3201, 11.4200, 9535
2015-10-15, 11.4100, 11.4200, 11.3501, 11.3810, 26091
2015-10-16, 11.3800, 11.4100, 11.3800, 11.3900, 6299
2015-10-19, 11.3700, 11.3700, 11.2800, 11.3000, 12143
2015-10-20, 11.3000, 11.3000, 11.2900, 11.2900, 2506
2015-10-21, 11.2318, 11.2745, 11.2301, 11.2745, 3535
2015-10-22, 11.2700, 11.2876, 11.2600, 11.2876, 1760
2015-10-23, 11.2699, 11.2699, 11.2201, 11.2500, 2878
2015-10-26, 11.3500, 11.3500, 11.2510, 11.2510, 4008
2015-10-27, 11.3199, 11.3200, 11.2901, 11.3100, 23243
2015-10-28, 11.3699, 11.3800, 11.2000, 11.2003, 20813
2015-10-29, 11.1960, 11.2000, 11.1300, 11.1900, 28212
2015-10-30, 11.0600, 11.1700, 11.0600, 11.1101, 32113
2015-11-02, 11.1000, 11.1500, 11.0803, 11.1369, 111687
2015-11-03, 11.0800, 11.0800, 10.8700, 11.0100, 34825
2015-11-04, 10.9800, 10.9830, 10.8300, 10.8600, 11539
2015-11-05, 10.9100, 10.9200, 10.8000, 10.8101, 18011
2015-11-06, 10.7400, 10.7400, 10.6500, 10.6700, 14815
2015-11-09, 10.6200, 10.7799, 10.6200, 10.6500, 2239
2015-11-10, 10.6202, 10.7300, 10.6202, 10.7200, 15499
2015-11-11, 10.7200, 10.7300, 10.6149, 10.7100, 6624
2015-11-12, 10.6000, 10.6400, 10.5600, 10.6000, 16952
2015-11-13, 10.6400, 10.6400, 10.5734, 10.5734, 5312
2015-11-16, 10.5700, 10.8100, 10.5700, 10.6000, 22798
2015-11-17, 10.6300, 10.6300, 10.4800, 10.5200, 8171
2015-11-18, 10.4300, 10.4499, 10.3302, 10.4165, 7220
2015-11-19, 10.4514, 10.5200, 10.4514, 10.4700, 36890
2015-11-20, 10.5170, 10.5170, 10.3858, 10.4500, 26495
2015-11-23, 10.4100, 10.4300, 10.3388, 10.3889, 16924
2015-11-24, 10.5000, 10.5000, 10.3960, 10.4400, 17333
2015-11-25, 10.4500, 10.4500, 10.3700, 10.3930, 9176
2015-11-27, 10.3000, 10.3400, 10.2400, 10.2601, 14172
2015-11-30, 10.3000, 10.3700, 10.2760, 10.3400, 17360
2015-12-01, 10.4299, 10.4299, 10.3426, 10.3900, 11202
2015-12-02, 10.3000, 10.3200, 10.1980, 10.2300, 16163
2015-12-03, 10.2400, 10.3595, 10.2400, 10.3180, 54052
2015-12-04, 10.4700, 10.5900, 10.4700, 10.5510, 44591
2015-12-07, 10.5500, 10.5900, 10.3950, 10.4500, 19899
2015-12-08, 10.4600, 10.4600, 10.3840, 10.4000, 13315
2015-12-09, 10.4900, 10.5000, 10.3800, 10.4300, 12402
2015-12-10, 10.4100, 10.4800, 10.3800, 10.3800, 4734
2015-12-11, 10.3700, 10.5100, 10.3000, 10.3907, 40153
2015-12-14, 10.4000, 10.4113, 10.3100, 10.3700, 8463
2015-12-15, 10.3195, 10.3900, 10.3000, 10.3100, 12259
2015-12-16, 10.3700, 10.5100, 10.3440, 10.4100, 113952
2015-12-17, 10.3500, 10.3500, 10.2042, 10.2300, 57763
2015-12-18, 10.3012, 10.3600, 10.2710, 10.3489, 37334
2015-12-21, 10.3500, 10.4850, 10.3500, 10.4400, 5176
2015-12-22, 10.3640, 10.4100, 10.3540, 10.3810, 14731
2015-12-23, 10.4300, 10.4300, 10.3100, 10.3400, 9360
2015-12-24, 10.3600, 10.4100, 10.3600, 10.4100, 2565
2015-12-28, 10.3200, 10.3900, 10.3200, 10.3400, 14076
2015-12-29, 10.3400, 10.3900, 10.3400, 10.3700, 39949
2015-12-30, 10.3200, 10.3400, 10.2900, 10.2900, 13300
2015-12-31, 10.2500, 10.3100, 10.2500, 10.2600, 32731
2016-01-04, 10.4100, 10.4900, 10.4000, 10.4000, 13578
2016-01-05, 10.4100, 10.4900, 10.4100, 10.4668, 7043
2016-01-06, 10.4900, 10.6100, 10.4900, 10.5700, 25735
2016-01-07, 10.6100, 10.7400, 10.6100, 10.6800, 112870
2016-01-08, 10.6300, 10.6500, 10.6068, 10.6500, 14215
2016-01-11, 10.6500, 10.6500, 10.5420, 10.6000, 7607
2016-01-12, 10.6000, 10.6000, 10.5201, 10.5311, 7768
2016-01-13, 10.6192, 10.6300, 10.5424, 10.5643, 6876
2016-01-14, 10.5700, 10.5900, 10.4100, 10.4715, 19716
2016-01-15, 10.4601, 10.5190, 10.4500, 10.4786, 37910
2016-01-19, 10.4500, 10.5000, 10.4500, 10.4800, 30269
2016-01-20, 10.6200, 10.6200, 10.5500, 10.5800, 13710
2016-01-21, 10.5200, 10.5900, 10.4800, 10.5789, 20283
2016-01-22, 10.5700, 10.5700, 10.5557, 10.5558, 4428
2016-01-25, 10.6500, 10.6500, 10.6000, 10.6400, 15484
2016-01-26, 10.7200, 10.7200, 10.6400, 10.7100, 14675
2016-01-27, 10.6760, 10.7000, 10.6340, 10.7000, 8108
2016-01-28, 10.6500, 10.6899, 10.6300, 10.6899, 30441
2016-01-29, 10.6411, 10.7300, 10.6411, 10.7001, 22114
2016-02-01, 10.7000, 10.7600, 10.7000, 10.7433, 20685
2016-02-02, 10.7500, 10.7586, 10.6900, 10.7250, 11544
2016-02-03, 10.7520, 10.7899, 10.7422, 10.7422, 8693
2016-02-04, 10.7800, 10.8430, 10.7492, 10.8430, 41311
2016-02-05, 11.0500, 11.0500, 10.7520, 10.8200, 11977
2016-02-08, 10.7700, 10.8700, 10.7400, 10.7834, 56368
2016-02-09, 10.8599, 10.8599, 10.7400, 10.7500, 21081
2016-02-10, 10.7300, 10.8169, 10.7300, 10.8169, 8902
2016-02-11, 11.0900, 11.0900, 10.7800, 10.8200, 43393
2016-02-12, 10.7000, 10.8830, 10.7000, 10.7800, 20645
2016-02-16, 10.8200, 10.8200, 10.7000, 10.7100, 18056
2016-02-17, 10.7500, 10.8030, 10.7500, 10.7800, 47785
2016-02-18, 10.6100, 10.7168, 10.5700, 10.6600, 6557
2016-02-19, 10.7120, 10.7120, 10.6300, 10.6342, 18780
2016-02-22, 10.4800, 10.6600, 10.4800, 10.6200, 15599
2016-02-23, 10.6400, 10.7400, 10.6115, 10.6600, 19218
2016-02-24, 10.7300, 10.8280, 10.6800, 10.7300, 22684
2016-02-25, 10.7600, 10.7800, 10.7413, 10.7600, 3866
2016-02-26, 10.8000, 10.8000, 10.6780, 10.7450, 11335
2016-02-29, 10.7900, 10.8000, 10.7400, 10.7999, 4931
2016-03-01, 10.7600, 10.7840, 10.7500, 10.7660, 6775
2016-03-02, 10.7800, 10.8080, 10.7775, 10.8080, 4738
2016-03-03, 10.8800, 10.8900, 10.8696, 10.8861, 10099
2016-03-04, 10.9200, 10.9800, 10.8900, 10.9289, 31313
2016-03-07, 11.0200, 11.0200, 10.8700, 10.8800, 103693
2016-03-08, 10.9400, 11.0000, 10.9400, 10.9799, 41716
2016-03-09, 10.9300, 10.9489, 10.8600, 10.8990, 12346
2016-03-10, 10.9300, 11.0000, 10.8872, 10.9900, 26024
2016-03-11, 10.9880, 10.9988, 10.8701, 10.8900, 22116
2016-03-14, 10.8700, 10.9300, 10.7100, 10.7500, 22862
2016-03-15, 10.7500, 10.8300, 10.7500, 10.7801, 9352
2016-03-16, 10.8300, 10.9899, 10.7500, 10.9800, 16859
2016-03-17, 11.0000, 11.0400, 10.9600, 11.0100, 110563
2016-03-18, 11.0000, 11.0000, 10.7000, 10.7400, 24112
2016-03-21, 10.7300, 10.7300, 10.6300, 10.6400, 48314
2016-03-22, 10.7699, 10.7699, 10.6815, 10.7100, 6085
2016-03-23, 10.5600, 10.5600, 10.4594, 10.5250, 12613
2016-03-24, 10.4500, 10.5600, 10.4500, 10.4800, 47750
2016-03-28, 10.5500, 10.5500, 10.4601, 10.5100, 36076
2016-03-29, 10.5700, 10.6900, 10.5400, 10.6700, 22073
2016-03-30, 10.6700, 10.6700, 10.5400, 10.5600, 14872
2016-03-31, 10.5933, 10.6600, 10.5700, 10.6100, 66140
2016-04-01, 10.5100, 10.5600, 10.4301, 10.5500, 45395
2016-04-04, 10.5400, 10.5450, 10.4600, 10.4700, 16198
2016-04-05, 10.5200, 10.5899, 10.5200, 10.5660, 12482
2016-04-06, 10.5500, 10.5548, 10.5000, 10.5300, 12759
2016-04-07, 10.4900, 10.6899, 10.4900, 10.6500, 20455
2016-04-08, 10.9100, 10.9100, 10.6000, 10.6500, 24465
2016-04-11, 10.7680, 10.7994, 10.6850, 10.7500, 29559
2016-04-12, 10.7700, 10.7800, 10.7180, 10.7500, 12823
2016-04-13, 10.7700, 10.7700, 10.7000, 10.7000, 16074
2016-04-14, 10.7100, 10.7100, 10.6100, 10.6100, 21037
2016-04-15, 10.6388, 10.7480, 10.6100, 10.6800, 8771
2016-04-18, 10.6099, 10.6099, 10.5200, 10.5200, 56749
2016-04-19, 10.6299, 10.6400, 10.5800, 10.6100, 12571
2016-04-20, 10.6400, 10.6493, 10.5900, 10.5900, 19941
2016-04-21, 10.6820, 10.6820, 10.6100, 10.6240, 16118
2016-04-22, 10.6400, 10.6400, 10.5300, 10.5599, 19899
2016-04-25, 10.5900, 10.6199, 10.5889, 10.5900, 13157
2016-04-26, 10.6699, 10.6699, 10.6000, 10.6200, 17849
2016-04-27, 10.6000, 10.6400, 10.5700, 10.6200, 18136
2016-04-28, 10.6400, 10.7500, 10.6400, 10.7300, 15545
2016-04-29, 10.7600, 10.7999, 10.7500, 10.7900, 45686
2016-05-02, 10.7905, 10.8100, 10.7201, 10.8000, 22943
2016-05-03, 10.7800, 10.8000, 10.7700, 10.8000, 33186
2016-05-04, 10.8250, 10.8290, 10.7701, 10.7820, 22884
2016-05-05, 10.8000, 10.8000, 10.7560, 10.7700, 30217
2016-05-06, 10.8800, 10.8800, 10.7750, 10.8400, 30759
2016-05-09, 10.8400, 10.8400, 10.7500, 10.7700, 31961
2016-05-10, 10.8000, 10.8000, 10.7600, 10.7800, 24756
2016-05-11, 10.8500, 10.8500, 10.8000, 10.8299, 33592
2016-05-12, 10.8500, 10.8500, 10.8000, 10.8000, 45302
2016-05-13, 10.8700, 10.8700, 10.7700, 10.8500, 30049
2016-05-16, 10.9600, 10.9600, 10.8100, 10.8600, 57420
2016-05-17, 10.8800, 10.9000, 10.8242, 10.9000, 51574
2016-05-18, 10.6700, 10.6700, 10.5300, 10.6000, 97722
2016-05-19, 10.5800, 10.5800, 10.4500, 10.5400, 28076
2016-05-20, 10.4900, 10.5696, 10.4900, 10.5600, 43746
2016-05-23, 10.4500, 10.5599, 10.4500, 10.5100, 20776
2016-05-24, 10.5700, 10.5700, 10.3203, 10.3699, 44929
2016-05-25, 10.3300, 10.3650, 10.2500, 10.3400, 56626
2016-05-26, 10.3700, 10.4099, 10.2800, 10.3100, 27075
2016-05-27, 10.2990, 10.2990, 10.2100, 10.2500, 108316
2016-05-31, 10.3400, 10.3400, 10.2242, 10.2800, 13474
2016-06-01, 10.2800, 10.2920, 10.1800, 10.2300, 24775
2016-06-02, 10.2700, 10.2700, 10.2004, 10.2400, 18274
2016-06-03, 10.4100, 10.5200, 10.3450, 10.4600, 30641
2016-06-06, 10.5000, 10.5000, 10.4500, 10.5000, 28138
2016-06-07, 10.4500, 10.4900, 10.4100, 10.4879, 14841
2016-06-08, 10.5200, 10.6300, 10.5200, 10.6100, 19344
2016-06-09, 10.6500, 10.6900, 10.6138, 10.6600, 49921
2016-06-10, 10.6990, 10.7000, 10.6301, 10.6800, 20907
2016-06-13, 10.7500, 10.7500, 10.6873, 10.7350, 36976
2016-06-14, 10.8100, 10.8100, 10.7000, 10.7320, 29363
2016-06-15, 10.8000, 10.8000, 10.7365, 10.7800, 11639
2016-06-16, 10.8400, 10.8900, 10.7300, 10.7300, 55817
2016-06-17, 10.7754, 10.8199, 10.7300, 10.8099, 35780
2016-06-20, 10.6900, 10.6999, 10.6000, 10.6799, 58869
2016-06-21, 10.6200, 10.6200, 10.5500, 10.5500, 18838
2016-06-22, 10.5200, 10.5700, 10.5200, 10.5400, 4755
2016-06-23, 10.5200, 10.5700, 10.5076, 10.5200, 12205
2016-06-24, 10.7800, 10.7900, 10.6800, 10.7800, 78534
2016-06-27, 10.8400, 10.8400, 10.7500, 10.7899, 41031
2016-06-28, 10.7500, 10.8200, 10.6900, 10.7900, 22601
2016-06-29, 10.7200, 10.8300, 10.7200, 10.7998, 21663
2016-06-30, 10.8400, 10.8400, 10.7600, 10.8299, 22400
2016-07-01, 10.8400, 10.9100, 10.8200, 10.8700, 23645
2016-07-05, 10.8400, 10.9000, 10.8300, 10.8920, 38705
2016-07-06, 10.9000, 10.9000, 10.8301, 10.8899, 57580
2016-07-07, 10.9500, 10.9500, 10.8501, 10.8600, 57857
2016-07-08, 10.9100, 10.9100, 10.8300, 10.8900, 29475
2016-07-11, 10.9300, 10.9300, 10.8500, 10.8643, 56889
2016-07-12, 10.8700, 10.8700, 10.7500, 10.8100, 112864
2016-07-13, 10.8000, 10.8475, 10.7800, 10.8100, 71629
2016-07-14, 10.7900, 10.8000, 10.6900, 10.7700, 43985
2016-07-15, 10.7400, 10.7650, 10.7000, 10.7400, 83655
2016-07-18, 10.6800, 10.6800, 10.5500, 10.5800, 71447
2016-07-19, 10.5900, 10.6600, 10.5500, 10.6300, 166117
2016-07-20, 10.5400, 10.5580, 10.4800, 10.4900, 59232
2016-07-21, 10.5100, 10.6000, 10.4800, 10.6000, 26102
2016-07-22, 10.6000, 10.6000, 10.5000, 10.5300, 66581
2016-07-25, 10.5400, 10.5400, 10.4600, 10.4600, 45133
2016-07-26, 10.5600, 10.5600, 10.5000, 10.5200, 47130
2016-07-27, 10.5000, 10.6400, 10.5000, 10.6250, 20699
2016-07-28, 10.6600, 10.6600, 10.6015, 10.6300, 27528
2016-07-29, 10.6300, 10.7500, 10.6300, 10.7100, 28180
2016-08-01, 10.7600, 10.7800, 10.7100, 10.7800, 46393
2016-08-02, 10.8000, 10.8300, 10.7700, 10.8300, 52353
2016-08-03, 10.8300, 10.8300, 10.7760, 10.8196, 25448
2016-08-04, 10.8300, 10.8300, 10.7600, 10.8150, 45629
2016-08-05, 10.7700, 10.7700, 10.6400, 10.6700, 56560
2016-08-08, 10.7000, 10.7000, 10.6320, 10.6600, 47694
2016-08-09, 10.7600, 10.7600, 10.6600, 10.7500, 37823
2016-08-10, 10.8300, 10.8300, 10.7002, 10.7500, 35235
2016-08-11, 10.7900, 10.8100, 10.6610, 10.6800, 66393
2016-08-12, 10.7001, 10.7900, 10.6200, 10.6800, 143677
2016-08-15, 10.7850, 10.7900, 10.7000, 10.7178, 123202
2016-08-16, 10.7500, 10.8100, 10.7100, 10.7699, 97977
2016-08-17, 10.8900, 10.8900, 10.6606, 10.7000, 44833
2016-08-18, 10.5500, 10.6500, 10.5500, 10.5800, 46062
2016-08-19, 10.6000, 10.6200, 10.5400, 10.5899, 71647
2016-08-22, 10.6600, 10.6800, 10.5100, 10.5101, 88172
2016-08-23, 10.5900, 10.6000, 10.5200, 10.5700, 65859
2016-08-24, 10.6100, 10.6100, 10.4200, 10.4300, 85417
2016-08-25, 10.4900, 10.5982, 10.4000, 10.4100, 36182
2016-08-26, 10.4200, 10.5499, 10.3860, 10.4400, 35653
2016-08-29, 10.4400, 10.4799, 10.4000, 10.4300, 12498
2016-08-30, 10.4300, 10.4500, 10.3200, 10.3343, 37098
2016-08-31, 10.3200, 10.3600, 10.3000, 10.3400, 34757
2016-09-01, 10.3300, 10.3500, 10.3300, 10.3500, 30112
2016-09-02, 10.3500, 10.4800, 10.3500, 10.4600, 17366
2016-09-06, 10.5500, 10.6400, 10.5133, 10.6300, 35453
2016-09-07, 10.6600, 10.6700, 10.5900, 10.6000, 33185
2016-09-08, 10.5900, 10.6500, 10.5500, 10.5559, 38015
2016-09-09, 10.5900, 10.5900, 10.4935, 10.5100, 48363
2016-09-12, 10.5300, 10.5300, 10.4542, 10.4800, 15587
2016-09-13, 10.4500, 10.5200, 10.4056, 10.4300, 28610
2016-09-14, 10.4299, 10.4950, 10.4299, 10.4500, 16888
2016-09-15, 10.5000, 10.5000, 10.3800, 10.4400, 26460
2016-09-16, 10.4500, 10.4500, 10.3510, 10.3900, 73601
2016-09-19, 10.3900, 10.3900, 10.3100, 10.3400, 49532
2016-09-20, 10.3400, 10.3758, 10.3200, 10.3429, 58092
2016-09-21, 10.3500, 10.4800, 10.3500, 10.4654, 77059
2016-09-22, 10.4300, 10.5299, 10.4300, 10.5042, 23504
2016-09-23, 10.5199, 10.5300, 10.4800, 10.5100, 14981
2016-09-26, 10.4700, 10.5400, 10.4700, 10.4891, 10895
2016-09-27, 10.4400, 10.4700, 10.4200, 10.4550, 42861
2016-09-28, 10.4200, 10.4499, 10.3900, 10.4299, 31178
2016-09-29, 10.4400, 10.4400, 10.3810, 10.4200, 22737
2016-09-30, 10.4160, 10.4200, 10.3700, 10.4000, 24333
2016-10-03, 10.3900, 10.3900, 10.3200, 10.3500, 62538
2016-10-04, 10.2500, 10.2500, 10.0200, 10.0399, 122605
2016-10-05, 10.0300, 10.0900, 9.9500, 9.9880, 32104
2016-10-06, 9.9500, 9.9500, 9.8700, 9.8824, 59380
2016-10-07, 9.9300, 9.9799, 9.8400, 9.9100, 61708
2016-10-10, 9.9700, 9.9700, 9.9300, 9.9600, 44223
2016-10-11, 9.9400, 9.9450, 9.9200, 9.9300, 41132
2016-10-12, 9.9700, 9.9700, 9.9000, 9.9300, 39430
2016-10-13, 9.9300, 9.9800, 9.9300, 9.9800, 56376
2016-10-14, 9.9500, 9.9800, 9.9000, 9.9168, 67662
2016-10-17, 9.9700, 9.9700, 9.9000, 9.9390, 51362
2016-10-18, 9.9200, 9.9200, 9.8249, 9.8717, 25252
2016-10-19, 9.9003, 9.9200, 9.8833, 9.9200, 19333
2016-10-20, 9.8900, 9.9500, 9.8621, 9.8901, 28611
2016-10-21, 9.9000, 9.9000, 9.8601, 9.9000, 16259
2016-10-24, 9.9800, 9.9800, 9.8600, 9.8900, 15261
2016-10-25, 9.9600, 9.9600, 9.9101, 9.9300, 30388
2016-10-26, 9.9300, 9.9400, 9.8700, 9.8900, 22528
2016-10-27, 9.8600, 9.9199, 9.8600, 9.9010, 10338
2016-10-28, 9.9400, 9.9900, 9.9026, 9.9568, 26833
2016-10-31, 9.9600, 9.9600, 9.9128, 9.9400, 11467
2016-11-01, 9.9500, 10.0000, 9.9500, 9.9800, 23456
2016-11-02, 10.0700, 10.0700, 10.0200, 10.0423, 63550
2016-11-03, 10.0700, 10.0700, 9.9500, 10.0000, 98484
2016-11-04, 10.0200, 10.0600, 10.0200, 10.0200, 23207
2016-11-07, 9.9500, 9.9899, 9.9300, 9.9400, 38251
2016-11-08, 9.9421, 9.9899, 9.9100, 9.9100, 33246
2016-11-09, 10.0000, 10.0600, 9.9301, 10.0300, 53210
2016-11-10, 9.9800, 9.9800, 9.8000, 9.8456, 45010
2016-11-11, 9.8700, 9.8700, 9.5900, 9.6001, 101246
2016-11-14, 9.6000, 9.6258, 9.4901, 9.5500, 52099
2016-11-15, 9.6000, 9.8600, 9.5284, 9.6300, 51846
2016-11-16, 9.5100, 9.6700, 9.5100, 9.6400, 40545
2016-11-17, 9.6300, 9.6300, 9.4492, 9.5000, 41100
2016-11-18, 9.5000, 9.5000, 9.4100, 9.4500, 68522
2016-11-21, 9.4701, 9.4931, 9.4400, 9.4400, 56069
2016-11-22, 9.5000, 9.5000, 9.4200, 9.4700, 34439
2016-11-23, 9.4000, 9.4000, 9.2500, 9.2898, 100317
2016-11-25, 9.3200, 9.3200, 9.2077, 9.2100, 29038
2016-11-28, 9.2100, 9.3200, 9.2100, 9.3007, 34969
2016-11-29, 9.2899, 9.2899, 9.2574, 9.2700, 21376
2016-11-30, 9.2700, 9.2700, 9.1200, 9.1500, 74777
2016-12-01, 9.1300, 9.1499, 9.0600, 9.1200, 45420
2016-12-02, 9.1741, 9.1890, 9.1600, 9.1695, 10069
2016-12-05, 9.1000, 9.1552, 9.0400, 9.1000, 168091
2016-12-06, 9.0900, 9.1579, 9.0800, 9.1100, 24393
2016-12-07, 9.1800, 9.1900, 9.1100, 9.1100, 46151
2016-12-08, 9.0600, 9.1300, 9.0600, 9.1000, 38571
2016-12-09, 9.1500, 9.1500, 9.0400, 9.0400, 88249
2016-12-12, 9.0400, 9.0700, 9.0300, 9.0400, 68494
2016-12-13, 9.0200, 9.0419, 9.0200, 9.0400, 11031
2016-12-14, 9.0200, 9.1900, 8.9200, 8.9300, 61350
2016-12-15, 8.8200, 8.8800, 8.8110, 8.8500, 60426
2016-12-16, 8.8600, 8.9299, 8.8335, 8.8600, 106917
2016-12-19, 8.9500, 8.9500, 8.8600, 8.8700, 59479
2016-12-20, 8.8000, 8.8500, 8.7800, 8.8300, 77458
2016-12-21, 8.8100, 8.8400, 8.8000, 8.8100, 31208
2016-12-22, 8.8300, 8.8379, 8.7900, 8.8100, 174452
2016-12-23, 8.8257, 8.8570, 8.8100, 8.8100, 16118
2016-12-27, 8.7900, 8.8900, 8.7900, 8.8700, 50163
2016-12-28, 8.9000, 8.9300, 8.8700, 8.9100, 32220
2016-12-29, 8.9700, 9.0200, 8.9000, 8.9900, 101500
2016-12-30, 8.9400, 9.0300, 8.9400, 8.9400, 100861
2017-01-03, 9.0300, 9.0599, 8.9560, 9.0100, 34527
2017-01-04, 9.0000, 9.0900, 9.0000, 9.0700, 27915
2017-01-05, 9.1000, 9.2100, 9.1000, 9.2000, 103743
2017-01-06, 9.1700, 9.1800, 9.1300, 9.1500, 27690
2017-01-09, 9.2200, 9.2200, 9.1600, 9.2200, 37219
2017-01-10, 9.2100, 9.2400, 9.2100, 9.2200, 22545
2017-01-11, 9.2201, 9.2889, 9.1852, 9.2700, 35003
2017-01-12, 9.2800, 9.3300, 9.2800, 9.3000, 24766
2017-01-13, 9.3000, 9.3800, 9.2593, 9.3800, 16722
2017-01-17, 9.4900, 9.4900, 9.3901, 9.4300, 107758
2017-01-18, 9.3800, 9.3800, 9.2410, 9.2852, 36582
2017-01-19, 9.2235, 9.3500, 9.2235, 9.3500, 22210
2017-01-20, 9.3100, 9.3400, 9.2831, 9.3200, 15519
2017-01-23, 9.4200, 9.4200, 9.3100, 9.3600, 29636
2017-01-24, 9.3800, 9.3900, 9.3200, 9.3400, 45780
2017-01-25, 9.3300, 9.3300, 9.2000, 9.3000, 61252
2017-01-26, 9.2500, 9.2697, 9.2000, 9.2600, 44425
2017-01-27, 9.2300, 9.2600, 9.1900, 9.2300, 39576
2017-01-30, 9.2900, 9.3100, 9.2400, 9.2800, 62254
2017-01-31, 9.3100, 9.4357, 9.3100, 9.3700, 65299
2017-02-01, 9.3800, 9.3800, 9.3000, 9.3490, 24081
2017-02-02, 9.3700, 9.4400, 9.3500, 9.3500, 129223
2017-02-03, 9.4199, 9.4199, 9.3710, 9.4089, 26944
2017-02-06, 9.4300, 9.4700, 9.4300, 9.4600, 49556
2017-02-07, 9.4600, 9.4900, 9.4500, 9.4800, 42319
2017-02-08, 9.5500, 9.5500, 9.4600, 9.5100, 69116
2017-02-09, 9.5400, 9.5400, 9.4500, 9.4700, 30379
2017-02-10, 9.4600, 9.4900, 9.4400, 9.4700, 22674
2017-02-13, 9.5000, 9.5000, 9.4006, 9.5000, 43517
2017-02-14, 9.5000, 9.5000, 9.4000, 9.4507, 63909
2017-02-15, 9.4500, 9.5000, 9.4295, 9.5000, 64310
2017-02-16, 9.5400, 9.5500, 9.5032, 9.5500, 39261
2017-02-17, 9.4500, 9.5000, 9.4400, 9.4500, 45582
2017-02-21, 9.4200, 9.4700, 9.3925, 9.4700, 41882
2017-02-22, 9.4500, 9.4700, 9.4200, 9.4602, 31622
2017-02-23, 9.4700, 9.5400, 9.4700, 9.5300, 54986
2017-02-24, 9.5500, 9.5900, 9.5400, 9.5900, 59901
2017-02-27, 9.6100, 9.6200, 9.5400, 9.5500, 35184
2017-02-28, 9.5804, 9.5900, 9.5200, 9.5600, 43679
2017-03-01, 9.5000, 9.5500, 9.4778, 9.5500, 28523
2017-03-02, 9.4742, 9.5005, 9.4338, 9.4600, 40570
2017-03-03, 9.4000, 9.4652, 9.3700, 9.4600, 55577
2017-03-06, 9.4800, 9.4800, 9.3800, 9.4000, 22493
2017-03-07, 9.3700, 9.3700, 9.3099, 9.3199, 35029
2017-03-08, 9.2500, 9.2726, 9.2500, 9.2601, 37388
2017-03-09, 9.2500, 9.2593, 9.1800, 9.1900, 85676
2017-03-10, 9.2200, 9.2200, 9.1700, 9.2100, 36811
2017-03-13, 9.2200, 9.2366, 9.1900, 9.1900, 35820
2017-03-14, 9.1600, 9.2199, 9.1560, 9.1560, 48170
2017-03-15, 9.1862, 9.3300, 9.1727, 9.3300, 29603
2017-03-16, 9.4000, 9.4100, 9.3600, 9.3900, 24950
2017-03-17, 9.4300, 9.4300, 9.3700, 9.4000, 41179
2017-03-20, 9.4000, 9.4000, 9.3519, 9.3800, 25819
2017-03-21, 9.4500, 9.4500, 9.3959, 9.4400, 22032
2017-03-22, 9.4600, 9.4900, 9.4396, 9.4600, 29769
2017-03-23, 9.5300, 9.5300, 9.4201, 9.4600, 19242
2017-03-24, 9.4000, 9.4700, 9.4000, 9.4700, 15689
2017-03-27, 9.6100, 9.6100, 9.4900, 9.5800, 52457
2017-03-28, 9.5280, 9.5300, 9.4700, 9.4990, 27667
2017-03-29, 9.4920, 9.5300, 9.4801, 9.5165, 29938
2017-03-30, 9.5200, 9.5200, 9.4501, 9.4800, 12591
2017-03-31, 9.4750, 9.5000, 9.4515, 9.4600, 17156
2017-04-03, 9.4600, 9.5200, 9.4600, 9.4900, 135402
2017-04-04, 9.5800, 9.5800, 9.5000, 9.5300, 39659
2017-04-05, 9.5300, 9.5600, 9.4600, 9.5100, 26880
2017-04-06, 9.5052, 9.5200, 9.5000, 9.5100, 17315
2017-04-07, 9.5800, 9.5836, 9.5100, 9.5100, 26745
2017-04-10, 9.4800, 9.5200, 9.4800, 9.5186, 23344
2017-04-11, 9.6000, 9.6300, 9.5600, 9.6200, 95498
2017-04-12, 9.6600, 9.6600, 9.6000, 9.6300, 24865
2017-04-13, 9.6504, 9.6700, 9.6300, 9.6400, 29048
2017-04-17, 9.6400, 9.6900, 9.6400, 9.6500, 35868
2017-04-18, 9.6800, 9.6800, 9.6598, 9.6790, 32128
2017-04-19, 9.6400, 9.6400, 9.5800, 9.6200, 15293
2017-04-20, 9.6144, 9.6423, 9.6144, 9.6400, 11946
2017-04-21, 9.6000, 9.6500, 9.6000, 9.6400, 12230
2017-04-24, 9.5200, 9.6299, 9.5200, 9.6200, 24727
2017-04-25, 9.6200, 9.6399, 9.5301, 9.5800, 43378
2017-04-26, 9.5500, 9.6251, 9.5500, 9.6200, 10740
2017-04-27, 9.6200, 9.6200, 9.5500, 9.5900, 11114
2017-04-28, 9.5899, 9.6000, 9.5700, 9.5900, 16880
2017-05-01, 9.5500, 9.5900, 9.4800, 9.4900, 76524
2017-05-02, 9.4700, 9.5300, 9.4700, 9.5100, 30275
2017-05-03, 9.5200, 9.5200, 9.4095, 9.4095, 35921
2017-05-04, 9.3600, 9.3600, 9.2800, 9.3225, 48649
2017-05-05, 9.3113, 9.3380, 9.2900, 9.3380, 18239
2017-05-08, 9.3500, 9.3500, 9.2800, 9.3000, 58111
2017-05-09, 9.2400, 9.2600, 9.2100, 9.2600, 33365
2017-05-10, 9.2710, 9.2808, 9.2500, 9.2600, 24719
2017-05-11, 9.2711, 9.3000, 9.2500, 9.2900, 12238
2017-05-12, 9.3025, 9.3400, 9.3025, 9.3160, 31016
2017-05-15, 9.3320, 9.3500, 9.3000, 9.3300, 17514
2017-05-16, 9.3400, 9.3900, 9.3400, 9.3722, 10559
2017-05-17, 9.5000, 9.5000, 9.4100, 9.4900, 43620
2017-05-18, 9.4400, 9.4400, 9.2800, 9.3000, 41516
2017-05-19, 9.3220, 9.3600, 9.3000, 9.3500, 10746
2017-05-22, 9.4000, 9.4000, 9.3391, 9.3700, 44846
2017-05-23, 9.4300, 9.4300, 9.3100, 9.3500, 34819
2017-05-24, 9.3700, 9.3799, 9.3200, 9.3400, 20554
2017-05-25, 9.4000, 9.4000, 9.3400, 9.3599, 11844
2017-05-26, 9.4300, 9.4400, 9.4000, 9.4000, 17688
2017-05-30, 9.4200, 9.4286, 9.4100, 9.4200, 7045
2017-05-31, 9.4100, 9.4600, 9.4100, 9.4500, 10606
2017-06-01, 9.3000, 9.4500, 9.3000, 9.4400, 42248
2017-06-02, 9.4500, 9.4900, 9.4500, 9.4890, 18474
2017-06-05, 9.4900, 9.5000, 9.4614, 9.5000, 26794
2017-06-06, 9.6000, 9.6000, 9.5000, 9.5100, 38602
2017-06-07, 9.5300, 9.5300, 9.4701, 9.5000, 26829
2017-06-08, 9.5500, 9.5500, 9.4400, 9.4700, 21555
2017-06-09, 9.4500, 9.4700, 9.4074, 9.4300, 23119
2017-06-12, 9.4000, 9.4200, 9.4000, 9.4100, 32221
2017-06-13, 9.4000, 9.4200, 9.3700, 9.3800, 30985
2017-06-14, 9.4300, 9.4900, 9.3500, 9.3500, 21276
2017-06-15, 9.3500, 9.3500, 9.3232, 9.3300, 14702
2017-06-16, 9.3468, 9.3500, 9.3200, 9.3371, 12988
2017-06-19, 9.2900, 9.2900, 9.2500, 9.2500, 29183
2017-06-20, 9.2500, 9.2500, 9.2249, 9.2353, 3788
2017-06-21, 9.2000, 9.2499, 9.2000, 9.2436, 21740
2017-06-22, 9.3000, 9.3199, 9.2600, 9.2700, 20717
2017-06-23, 9.2900, 9.3400, 9.2900, 9.3400, 11830
2017-06-26, 9.2700, 9.2700, 9.2200, 9.2200, 34916
2017-06-27, 9.3200, 9.3200, 9.2550, 9.2700, 26889
2017-06-28, 9.3000, 9.3000, 9.2600, 9.2600, 52942
2017-06-29, 9.2500, 9.2500, 9.2100, 9.2200, 35772
2017-06-30, 9.2400, 9.2400, 9.1900, 9.2000, 168030
2017-07-03, 9.1400, 9.1400, 9.0500, 9.0500, 37855
2017-07-05, 9.0100, 9.1000, 9.0100, 9.0800, 32691
2017-07-06, 9.0300, 9.0900, 9.0300, 9.0800, 17415
2017-07-07, 9.0700, 9.0700, 8.9700, 8.9900, 43193
2017-07-10, 8.9500, 9.0100, 8.9500, 9.0000, 26026
2017-07-11, 8.9900, 9.0399, 8.9600, 9.0200, 45854
2017-07-12, 9.0800, 9.0800, 9.0400, 9.0500, 32206
2017-07-13, 9.0400, 9.0500, 9.0210, 9.0400, 10721
2017-07-14, 8.9000, 9.1300, 8.9000, 9.0901, 26046
2017-07-17, 9.0600, 9.1400, 9.0600, 9.1400, 11243
2017-07-18, 9.1400, 9.1400, 9.1100, 9.1200, 9448
2017-07-19, 9.1393, 9.1437, 9.1000, 9.1100, 62190
2017-07-20, 9.1000, 9.1599, 9.1000, 9.1300, 13460
2017-07-21, 9.2000, 9.2000, 9.1600, 9.1700, 12039
2017-07-24, 9.1700, 9.1999, 9.1700, 9.1700, 25914
2017-07-25, 9.2100, 9.2100, 9.1500, 9.1600, 15949
2017-07-26, 9.1800, 9.2100, 9.1501, 9.1914, 27094
2017-07-27, 9.2200, 9.2200, 9.1900, 9.2000, 18375
2017-07-28, 9.2000, 9.2500, 9.1900, 9.2300, 12614
2017-07-31, 9.2000, 9.2434, 9.2000, 9.2400, 28785
2017-08-01, 9.1800, 9.2600, 9.1800, 9.2400, 18728
2017-08-02, 9.2500, 9.2600, 9.2300, 9.2300, 29544
2017-08-03, 9.2315, 9.2500, 9.2300, 9.2300, 12294
2017-08-04, 9.1800, 9.2384, 9.1800, 9.2200, 53575
2017-08-07, 9.2200, 9.2500, 9.2200, 9.2300, 15215
2017-08-08, 9.2325, 9.2500, 9.2176, 9.2426, 26558
2017-08-09, 9.1500, 9.2700, 9.1500, 9.2600, 14972
2017-08-10, 9.2800, 9.3000, 9.2700, 9.2800, 17120
2017-08-11, 9.2800, 9.3100, 9.2800, 9.2900, 80293
2017-08-14, 9.2739, 9.2800, 9.2500, 9.2600, 17017
2017-08-15, 9.2000, 9.2400, 9.2000, 9.2200, 20911
2017-08-16, 9.2000, 9.2940, 9.2000, 9.2700, 19608
2017-08-17, 9.3000, 9.3100, 9.2814, 9.3000, 11093
2017-08-18, 9.2400, 9.3100, 9.2400, 9.2600, 9561
2017-08-21, 9.3000, 9.3000, 9.2800, 9.2800, 8371
2017-08-22, 9.2500, 9.2800, 9.2500, 9.2650, 17744
2017-08-23, 9.2500, 9.3000, 9.2500, 9.2900, 20086
2017-08-24, 9.2900, 9.3000, 9.2600, 9.2600, 24121
2017-08-25, 9.2900, 9.3100, 9.2300, 9.2900, 18009
2017-08-28, 9.1100, 9.3800, 9.1100, 9.3700, 39500
2017-08-29, 9.4000, 9.4300, 9.3600, 9.3600, 27928
2017-08-30, 9.3200, 9.3900, 9.3200, 9.3800, 35422
2017-08-31, 9.3800, 9.4266, 9.3800, 9.4100, 25343
2017-09-01, 9.4200, 9.4393, 9.4138, 9.4200, 14317
2017-09-05, 9.4700, 9.4700, 9.4300, 9.4563, 66329
2017-09-06, 9.4500, 9.4600, 9.4500, 9.4500, 39719
2017-09-07, 9.4100, 9.4700, 9.4100, 9.4600, 38720
2017-09-08, 9.4650, 9.4800, 9.4500, 9.4700, 33925
2017-09-11, 9.4500, 9.4500, 9.4100, 9.4100, 56289
2017-09-12, 9.4100, 9.4500, 9.4000, 9.4400, 18876
2017-09-13, 9.4100, 9.4100, 9.3800, 9.3990, 17169
2017-09-14, 9.4100, 9.4337, 9.3907, 9.4300, 5693
2017-09-15, 9.4000, 9.4200, 9.3601, 9.4000, 58318
2017-09-18, 9.4000, 9.4000, 9.2800, 9.3000, 45645
2017-09-19, 9.2000, 9.2600, 9.2000, 9.2400, 12807
2017-09-20, 9.1900, 9.2800, 9.1600, 9.1900, 44378
2017-09-21, 9.2900, 9.2900, 9.1000, 9.1300, 14325
2017-09-22, 9.0900, 9.1700, 9.0900, 9.1700, 17389
2017-09-25, 9.1500, 9.2700, 9.1001, 9.2700, 18870
2017-09-26, 9.2100, 9.2100, 9.1479, 9.1700, 43575
2017-09-27, 9.1100, 9.1100, 9.0700, 9.0800, 27145
2017-09-28, 9.0400, 9.1200, 9.0400, 9.1049, 24997
2017-09-29, 9.1400, 9.1400, 9.0700, 9.0700, 30405
2017-10-02, 9.1100, 9.1100, 8.9900, 9.0000, 80438
2017-10-03, 9.0000, 9.0100, 8.9900, 9.0100, 32127
2017-10-04, 9.0136, 9.0200, 8.9900, 9.0100, 11300
2017-10-05, 9.0000, 9.0190, 8.9500, 8.9500, 35194
2017-10-06, 8.9400, 9.0030, 8.9110, 8.9900, 24223
2017-10-09, 8.9000, 9.0700, 8.9000, 9.0645, 21096
2017-10-10, 9.1200, 9.1400, 9.1000, 9.1100, 13730
2017-10-11, 9.1000, 9.1400, 9.0870, 9.1287, 26380
2017-10-12, 9.1150, 9.1500, 9.1150, 9.1300, 23162
2017-10-13, 9.1500, 9.2000, 9.1500, 9.2000, 29342
2017-10-16, 9.2200, 9.2200, 9.1251, 9.1600, 26961
2017-10-17, 9.1300, 9.1300, 9.0700, 9.1100, 20911
2017-10-18, 9.0900, 9.0900, 9.0619, 9.0800, 43508
2017-10-19, 9.0500, 9.0500, 9.0028, 9.0190, 8993
2017-10-20, 8.9700, 9.0000, 8.9700, 8.9802, 27282
2017-10-23, 8.9800, 8.9890, 8.9200, 8.9700, 75786
2017-10-24, 8.9590, 8.9779, 8.9317, 8.9779, 28788
2017-10-25, 8.9900, 8.9900, 8.9300, 8.9700, 24919
2017-10-26, 8.9500, 8.9500, 8.9000, 8.9000, 24178
2017-10-27, 8.9200, 8.9460, 8.9000, 8.9200, 21992
2017-10-30, 8.9400, 8.9700, 8.9200, 8.9700, 20335
2017-10-31, 8.9000, 8.9305, 8.9000, 8.9100, 19033
2017-11-01, 8.9100, 8.9700, 8.9100, 8.9500, 20373
2017-11-02, 8.9700, 9.0112, 8.9510, 8.9600, 51103
2017-11-03, 8.9400, 8.9825, 8.8900, 8.9300, 16431
2017-11-06, 8.8800, 9.0085, 8.8800, 8.9903, 36597
2017-11-07, 9.0100, 9.0100, 8.9410, 8.9700, 12154
2017-11-08, 9.0000, 9.0240, 9.0000, 9.0000, 6056
2017-11-09, 9.0500, 9.0500, 8.9900, 9.0250, 11350
2017-11-10, 9.0300, 9.0300, 8.9429, 8.9429, 24075
2017-11-13, 8.9545, 9.0665, 8.9545, 9.0200, 206181
2017-11-14, 9.0600, 9.0600, 8.9500, 9.0000, 25405
2017-11-15, 8.9800, 9.0320, 8.9610, 8.9800, 13771
2017-11-16, 8.9700, 9.0100, 8.9700, 9.0000, 25006
2017-11-17, 9.0250, 9.0900, 9.0100, 9.0803, 15555
2017-11-20, 9.0800, 9.0800, 8.8900, 8.9100, 30980
2017-11-21, 8.9400, 9.0000, 8.9300, 8.9300, 6369
2017-11-22, 9.0200, 9.0500, 8.9910, 9.0200, 30647
2017-11-24, 9.0020, 9.0100, 9.0000, 9.0100, 1716
2017-11-27, 8.9500, 9.0698, 8.9500, 9.0332, 25364
2017-11-28, 9.0100, 9.0500, 9.0100, 9.0300, 38196
2017-11-29, 9.0100, 9.0100, 8.9500, 8.9719, 17326
2017-11-30, 8.9000, 8.9599, 8.8910, 8.9250, 14308
2017-12-01, 8.9200, 9.0100, 8.9000, 8.9400, 24660
2017-12-04, 8.9400, 8.9400, 8.9000, 8.9390, 35727
2017-12-05, 8.9000, 8.9000, 8.8200, 8.8400, 55633
2017-12-06, 8.8000, 8.8500, 8.7500, 8.8400, 26260
2017-12-07, 8.5500, 8.9800, 8.5500, 8.7050, 41816
2017-12-08, 8.5600, 8.7510, 8.5600, 8.7100, 48468
2017-12-11, 8.7400, 8.7400, 8.6506, 8.6600, 12339
2017-12-12, 8.5700, 8.7000, 8.5700, 8.6800, 22440
2017-12-13, 8.6700, 8.7680, 8.6700, 8.7415, 25298
2017-12-14, 8.6500, 8.7652, 8.6500, 8.7464, 27116
2017-12-15, 8.7500, 8.7700, 8.7500, 8.7613, 26311
2017-12-18, 8.7500, 8.8300, 8.7500, 8.8000, 39780
2017-12-19, 8.8000, 8.8000, 8.7510, 8.7800, 25025
2017-12-20, 8.7700, 8.8200, 8.7700, 8.7800, 89630
2017-12-21, 8.8200, 8.8300, 8.7900, 8.8000, 35874
2017-12-22, 8.8000, 8.8664, 8.8000, 8.8524, 24608
2017-12-26, 8.7600, 8.9200, 8.7600, 8.9200, 28663
2017-12-27, 8.9200, 8.9590, 8.8900, 8.9300, 149346
2017-12-28, 8.9600, 9.0000, 8.9532, 8.9700, 29047
2017-12-29, 9.0000, 9.0500, 8.9900, 9.0300, 51022
2018-01-02, 9.0500, 9.0800, 9.0300, 9.0800, 67786
2018-01-03, 9.0600, 9.0900, 9.0400, 9.0800, 38126
2018-01-04, 9.0300, 9.1182, 9.0300, 9.1000, 67964
2018-01-05, 9.0100, 9.1200, 9.0100, 9.1105, 11857
2018-01-08, 9.1000, 9.1200, 9.0600, 9.1200, 8760
2018-01-09, 9.1200, 9.1200, 9.0339, 9.0800, 15295
2018-01-10, 9.0700, 9.2000, 9.0700, 9.1390, 14876
2018-01-11, 9.1200, 9.1499, 9.1200, 9.1400, 11284
2018-01-12, 9.1500, 9.2000, 9.1400, 9.2000, 25165
2018-01-16, 9.2400, 9.2400, 9.1700, 9.1871, 67565
2018-01-17, 9.1800, 9.2200, 9.1600, 9.1600, 16362
2018-01-18, 9.1500, 9.1799, 9.1100, 9.1393, 6571
2018-01-19, 9.1604, 9.1700, 9.1470, 9.1576, 24347
2018-01-22, 9.1400, 9.1832, 9.1400, 9.1600, 36760
2018-01-23, 9.1724, 9.2100, 9.1700, 9.2000, 14729
2018-01-24, 9.2300, 9.3090, 9.2300, 9.2900, 32301
2018-01-25, 9.2700, 9.3100, 9.2200, 9.2900, 40085
2018-01-26, 9.2900, 9.2900, 9.2500, 9.2528, 29837
2018-01-29, 9.1900, 9.2500, 9.1900, 9.2200, 31843
2018-01-30, 9.2300, 9.2487, 9.1900, 9.1900, 28071
2018-01-31, 9.1100, 9.2400, 8.8842, 9.2300, 33297
2018-02-01, 9.1500, 9.2600, 9.1500, 9.2600, 14534
2018-02-02, 9.2400, 9.2400, 9.1500, 9.1700, 35913
2018-02-05, 9.1700, 9.2102, 9.1700, 9.1810, 10502
2018-02-06, 9.1900, 9.1900, 9.0110, 9.0910, 72188
2018-02-07, 8.9800, 9.1300, 8.9800, 9.0500, 92573
2018-02-08, 9.0400, 9.0819, 9.0300, 9.0601, 19378
2018-02-09, 9.1100, 9.1100, 9.0210, 9.0210, 15720
2018-02-12, 9.1000, 9.1266, 9.0900, 9.1000, 12337
2018-02-13, 9.1099, 9.1500, 9.1099, 9.1300, 6816
2018-02-14, 9.1300, 9.3000, 9.1300, 9.2710, 31309
2018-02-15, 9.3200, 9.3200, 9.2400, 9.2700, 33238
2018-02-16, 9.2543, 9.2987, 9.2543, 9.2700, 3405
2018-02-20, 8.8800, 9.2000, 8.8800, 9.1500, 57656
2018-02-21, 9.1300, 9.1600, 9.0900, 9.0900, 14671
2018-02-22, 9.1400, 9.1500, 9.1100, 9.1400, 11723
2018-02-23, 9.0700, 9.1400, 9.0700, 9.1300, 21642
2018-02-26, 9.1900, 9.1900, 9.1400, 9.1510, 19059
2018-02-27, 9.1199, 9.1200, 9.0500, 9.0607, 40191
2018-02-28, 9.0800, 9.0810, 9.0600, 9.0796, 10884
2018-03-01, 9.0100, 9.0800, 8.9900, 9.0400, 22904
2018-03-02, 9.1300, 9.1300, 9.0611, 9.0801, 4209
2018-03-05, 9.0801, 9.1024, 9.0700, 9.0700, 18778
2018-03-06, 9.0100, 9.1990, 9.0100, 9.1800, 41972
2018-03-07, 9.1700, 9.1700, 9.1000, 9.1133, 15123
2018-03-08, 9.0700, 9.1056, 9.0700, 9.1000, 4043
2018-03-09, 9.0670, 9.1290, 9.0670, 9.1010, 15542
2018-03-12, 9.0300, 9.1100, 9.0300, 9.1100, 3809
2018-03-13, 9.1200, 9.1302, 9.1000, 9.1200, 8841
2018-03-14, 9.1190, 9.1234, 9.0931, 9.1200, 29196
2018-03-15, 9.1200, 9.1200, 9.0900, 9.1000, 44794
2018-03-16, 9.0900, 9.0900, 9.0600, 9.0756, 19066
2018-03-19, 9.0700, 9.1100, 9.0700, 9.0850, 8871
2018-03-20, 9.0400, 9.0400, 9.0000, 9.0310, 7523
2018-03-21, 9.0800, 9.1700, 9.0700, 9.1700, 48805
2018-03-22, 9.1500, 9.1500, 9.0950, 9.0950, 12108
2018-03-23, 9.1700, 9.2200, 9.1700, 9.1900, 26054
2018-03-26, 9.2200, 9.2500, 9.2100, 9.2300, 21809
2018-03-27, 9.2500, 9.2500, 9.1800, 9.2099, 10700
2018-03-28, 9.1550, 9.1600, 9.1000, 9.1200, 9144
2018-03-29, 9.1000, 9.1120, 9.0900, 9.1000, 10333
2018-04-02, 9.1500, 9.1900, 9.1500, 9.1900, 5658
2018-04-03, 9.1800, 9.1800, 9.1300, 9.1400, 13570
2018-04-04, 9.1800, 9.2100, 9.1600, 9.1700, 2764
2018-04-05, 9.0900, 9.1400, 9.0900, 9.1101, 15462
2018-04-06, 9.1500, 9.1700, 9.1500, 9.1500, 9714
2018-04-09, 9.1700, 9.1817, 9.1400, 9.1701, 17079
2018-04-10, 9.1500, 9.2000, 9.1500, 9.2000, 3086
2018-04-11, 9.2300, 9.2900, 9.2190, 9.2300, 24738
2018-04-12, 9.2000, 9.2000, 9.1600, 9.1600, 20687
2018-04-13, 9.2162, 9.2290, 9.1900, 9.2163, 6221
2018-04-16, 9.2200, 9.2390, 9.1906, 9.1906, 6958
2018-04-17, 9.1710, 9.2400, 9.1710, 9.2300, 14196
2018-04-18, 9.2300, 9.2800, 9.2300, 9.2449, 18012
2018-04-19, 9.2200, 9.2200, 9.1320, 9.1900, 5496
2018-04-20, 9.1552, 9.1600, 9.1200, 9.1200, 13129
2018-04-23, 9.1000, 9.1000, 9.0400, 9.0722, 5336
2018-04-24, 9.0998, 9.1200, 9.0998, 9.1000, 6407
2018-04-25, 9.0800, 9.0900, 9.0410, 9.0600, 39805
2018-04-26, 9.0500, 9.0600, 9.0100, 9.0200, 23468
2018-04-27, 9.0600, 9.0900, 9.0400, 9.0900, 61805
2018-04-30, 9.0400, 9.0600, 9.0120, 9.0300, 9050
2018-05-01, 8.9700, 8.9800, 8.9500, 8.9600, 11050
2018-05-02, 8.9689, 9.0000, 8.9500, 8.9600, 16795
2018-05-03, 9.0100, 9.0290, 9.0000, 9.0100, 20555
2018-05-04, 9.0098, 9.0200, 8.9867, 9.0000, 14019
2018-05-07, 9.0000, 9.0100, 9.0000, 9.0000, 38700
2018-05-08, 9.0000, 9.0200, 8.9700, 9.0200, 16166
2018-05-09, 8.9900, 9.0400, 8.9900, 8.9900, 7998
2018-05-10, 9.0476, 9.0600, 9.0300, 9.0483, 3837
2018-05-11, 9.0800, 9.0800, 9.0400, 9.0400, 9331
2018-05-14, 9.1000, 9.1000, 9.0195, 9.0195, 7820
2018-05-15, 8.9300, 8.9300, 8.8600, 8.8663, 67395
2018-05-16, 8.9000, 8.9000, 8.8610, 8.8890, 15892
2018-05-17, 8.8800, 8.8900, 8.8600, 8.8800, 107216
2018-05-18, 8.8800, 8.8900, 8.8800, 8.8900, 8970
2018-05-21, 8.7900, 8.8300, 8.7900, 8.8125, 21819
2018-05-22, 8.8287, 8.8300, 8.8100, 8.8173, 24672
2018-05-23, 8.8200, 8.8226, 8.8000, 8.8100, 18601
2018-05-24, 8.8200, 8.9200, 8.8200, 8.9000, 30083
2018-05-25, 8.9100, 8.9100, 8.8510, 8.8800, 20531
2018-05-29, 8.8000, 8.9200, 8.8000, 8.8990, 12476
2018-05-30, 8.8100, 8.9000, 8.8100, 8.8600, 6644
2018-05-31, 8.8950, 8.9000, 8.8668, 8.8700, 6022
2018-06-01, 8.8000, 8.8500, 8.8000, 8.8400, 4959
2018-06-04, 8.8000, 8.8460, 8.8000, 8.8200, 32585
2018-06-05, 8.7700, 8.8700, 8.7700, 8.8496, 12301
2018-06-06, 8.8625, 8.8700, 8.8200, 8.8400, 4743
2018-06-07, 8.8301, 8.8690, 8.8300, 8.8400, 117345
2018-06-08, 8.7200, 8.8590, 8.7200, 8.8450, 63432
2018-06-11, 8.9000, 8.9000, 8.8277, 8.8500, 14166
2018-06-12, 8.8700, 8.8700, 8.8206, 8.8400, 4512
2018-06-13, 8.8400, 8.8700, 8.8400, 8.8700, 7069
2018-06-14, 8.9050, 8.9100, 8.8678, 8.8990, 22255
2018-06-15, 8.8600, 8.8600, 8.7200, 8.7501, 170417
2018-06-18, 8.7300, 8.7700, 8.7300, 8.7590, 45308
2018-06-19, 8.7100, 8.7100, 8.6800, 8.6900, 12778
2018-06-20, 8.6812, 8.6990, 8.6510, 8.6700, 5209
2018-06-21, 8.6600, 8.6600, 8.6200, 8.6377, 17327
2018-06-22, 8.6429, 8.6800, 8.6300, 8.6800, 18385
2018-06-25, 8.6100, 8.6500, 8.6100, 8.6200, 10993
2018-06-26, 8.5600, 8.6000, 8.5600, 8.5800, 24969
2018-06-27, 8.5500, 8.5660, 8.5330, 8.5330, 22110
2018-06-28, 8.5100, 8.5400, 8.5000, 8.5000, 79427
2018-06-29, 8.5100, 8.5500, 8.5100, 8.5300, 23850
2018-07-02, 8.5000, 8.5190, 8.4700, 8.4700, 11204
2018-07-03, 8.4600, 8.5700, 8.4600, 8.5500, 17599
2018-07-05, 8.5900, 8.5900, 8.5400, 8.5700, 16663
2018-07-06, 8.5790, 8.5790, 8.5510, 8.5543, 3041
2018-07-09, 8.5900, 8.6250, 8.5600, 8.5775, 16309
2018-07-10, 8.5200, 8.5800, 8.5200, 8.5600, 25822
2018-07-11, 8.5500, 8.5500, 8.4800, 8.4800, 19312
2018-07-12, 8.4700, 8.5000, 8.4700, 8.4800, 7836
2018-07-13, 8.4610, 8.4799, 8.4400, 8.4600, 8443
2018-07-16, 8.4790, 8.4790, 8.4200, 8.4400, 12343
2018-07-17, 8.2700, 8.4100, 8.2500, 8.3700, 13535
2018-07-18, 8.2700, 8.3800, 8.2700, 8.3700, 70084
2018-07-19, 8.3100, 8.3380, 8.2700, 8.3100, 32181
2018-07-20, 8.2600, 8.3700, 8.2600, 8.3600, 22820
2018-07-23, 8.3600, 8.3600, 8.3065, 8.3268, 9943
2018-07-24, 8.3000, 8.3500, 8.3000, 8.3100, 6071
2018-07-25, 8.3300, 8.3697, 8.3000, 8.3400, 29497
2018-07-26, 8.3100, 8.3500, 8.2900, 8.2910, 18141
2018-07-27, 8.2800, 8.3124, 8.2800, 8.3000, 1816
2018-07-30, 8.2900, 8.3200, 8.2900, 8.2900, 27765
2018-07-31, 8.2930, 8.3300, 8.2800, 8.3000, 11700
2018-08-01, 8.3000, 8.3000, 8.2500, 8.2500, 4106
2018-08-02, 8.2400, 8.2790, 8.2210, 8.2210, 5776
2018-08-03, 8.2200, 8.2800, 8.2100, 8.2400, 7726
2018-08-06, 8.2200, 8.2400, 8.2100, 8.2100, 15337
2018-08-07, 8.2320, 8.2497, 8.2100, 8.2200, 2544
2018-08-08, 8.2101, 8.2490, 8.2101, 8.2410, 15555
2018-08-09, 8.1800, 8.2500, 8.1800, 8.2200, 33431
2018-08-10, 8.2000, 8.2556, 8.2000, 8.2100, 4919
2018-08-13, 8.2000, 8.2000, 8.1000, 8.1342, 38071
2018-08-14, 8.1300, 8.1454, 8.1000, 8.1000, 13762
2018-08-15, 7.9300, 8.0742, 7.9010, 8.0000, 27377
2018-08-16, 8.0000, 8.0300, 7.9900, 7.9900, 6130
2018-08-17, 8.0062, 8.0800, 8.0062, 8.0600, 18598
2018-08-20, 8.0900, 8.0900, 8.0660, 8.0800, 2538
2018-08-21, 8.0956, 8.1400, 8.0700, 8.1300, 74753
2018-08-22, 8.0800, 8.1600, 8.0800, 8.1300, 21688
2018-08-23, 8.0952, 8.1170, 8.0600, 8.0600, 13377
2018-08-24, 8.1100, 8.2140, 8.1100, 8.1964, 14578
2018-08-27, 8.1600, 8.2490, 8.1600, 8.2200, 18375
2018-08-28, 8.1900, 8.2414, 8.1500, 8.1610, 13030
2018-08-29, 8.1300, 8.2270, 8.1300, 8.1900, 6633
2018-08-30, 8.1500, 8.1700, 8.1500, 8.1610, 22499
2018-08-31, 8.1986, 8.2041, 8.1520, 8.1550, 10422
2018-09-04, 8.1500, 8.1500, 8.1000, 8.1200, 11508
2018-09-05, 8.1400, 8.1400, 8.1300, 8.1400, 18770
2018-09-06, 8.1500, 8.2200, 8.1500, 8.1600, 43586
2018-09-07, 8.1510, 8.1627, 8.1300, 8.1317, 15132
2018-09-10, 8.1510, 8.1510, 8.1300, 8.1373, 3968
2018-09-11, 8.1200, 8.1399, 8.1000, 8.1300, 8390
2018-09-12, 8.1332, 8.2200, 8.1300, 8.2000, 38922
2018-09-13, 8.1900, 8.2400, 8.1736, 8.1850, 3805
2018-09-14, 8.2400, 8.2400, 8.1200, 8.1206, 36889
2018-09-17, 8.2400, 8.2400, 8.1300, 8.1650, 26935
2018-09-18, 8.1500, 8.1600, 8.1300, 8.1300, 4659
2018-09-19, 8.3200, 8.3200, 8.1400, 8.1504, 8474
2018-09-20, 8.1500, 8.1900, 8.1400, 8.1900, 8063
2018-09-21, 8.1400, 8.1400, 8.0900, 8.1200, 18383
2018-09-24, 8.0900, 8.1400, 8.0900, 8.1215, 14719
2018-09-25, 8.2000, 8.2000, 8.1200, 8.1300, 5095
2018-09-26, 8.1300, 8.1300, 8.1000, 8.1069, 4676
2018-09-27, 8.0700, 8.0700, 8.0201, 8.0353, 11056
2018-09-28, 8.0500, 8.1000, 8.0500, 8.0600, 4822
2018-10-01, 8.0500, 8.0703, 8.0500, 8.0600, 4054
2018-10-02, 8.1300, 8.1726, 8.1300, 8.1500, 9858
2018-10-03, 8.1620, 8.1669, 8.1100, 8.1400, 10796
2018-10-04, 8.1300, 8.1800, 8.1100, 8.1200, 9268
2018-10-05, 8.2200, 8.2200, 8.1200, 8.1480, 15980
2018-10-08, 8.0400, 8.0670, 8.0400, 8.0620, 6906
2018-10-09, 8.0800, 8.0800, 8.0400, 8.0600, 5985
2018-10-10, 8.0600, 8.0999, 8.0500, 8.0800, 8924
2018-10-11, 8.1500, 8.2757, 8.1500, 8.2348, 14907
2018-10-12, 8.1300, 8.2300, 8.1300, 8.2200, 8608
2018-10-15, 8.2100, 8.2750, 8.2100, 8.2600, 15282
2018-10-16, 8.2800, 8.2800, 8.2400, 8.2600, 13447
2018-10-17, 8.2500, 8.2790, 8.2500, 8.2600, 14711
2018-10-18, 8.2735, 8.2800, 8.2600, 8.2800, 2467
2018-10-19, 8.2402, 8.2511, 8.2300, 8.2300, 12519
2018-10-22, 8.2300, 8.2400, 8.2200, 8.2400, 27669
2018-10-23, 8.2200, 8.2719, 8.2200, 8.2400, 4481
2018-10-24, 8.2502, 8.2799, 8.2300, 8.2500, 26616
2018-10-25, 8.2800, 8.2800, 8.2440, 8.2600, 9683
2018-10-26, 8.2600, 8.2958, 8.2500, 8.2800, 11934
2018-10-29, 8.2200, 8.2800, 8.2200, 8.2400, 17355
2018-10-30, 8.2300, 8.2699, 8.2300, 8.2600, 5182
2018-10-31, 8.2236, 8.2500, 8.2200, 8.2385, 14005
2018-11-01, 8.2712, 8.3000, 8.2310, 8.3000, 16404
2018-11-02, 8.2900, 8.3000, 8.2500, 8.3000, 24276
2018-11-05, 8.2600, 8.3000, 8.2600, 8.3000, 33677
2018-11-06, 8.2900, 8.3000, 8.2800, 8.2899, 5475
2018-11-07, 8.2600, 8.2993, 8.2600, 8.2900, 13146
2018-11-08, 8.2700, 8.2900, 8.2700, 8.2900, 3290
2018-11-09, 8.2700, 8.2900, 8.2000, 8.2100, 32540
