2018-06-26, 12.6000, 12.6200, 12.5800, 12.5879, 1521148
2018-06-27, 12.5600, 12.5685, 12.5200, 12.5200, 165608
2018-06-28, 12.6200, 12.6200, 12.4700, 12.4864, 110656
2018-06-29, 12.5200, 12.5600, 12.5000, 12.5250, 202781
2018-07-02, 12.4900, 12.4900, 12.4000, 12.4100, 51189
2018-07-03, 12.5400, 12.5760, 12.5400, 12.5400, 16724
2018-07-05, 12.5600, 12.5900, 12.5499, 12.5800, 150097
2018-07-06, 12.5700, 12.5700, 12.5400, 12.5570, 151096
2018-07-09, 12.6400, 12.6400, 12.5862, 12.5900, 1284349
2018-07-10, 12.5700, 12.5700, 12.5400, 12.5600, 740850
2018-07-11, 12.5100, 12.5101, 12.4252, 12.4299, 1073963
2018-07-12, 12.4600, 12.4869, 12.4600, 12.4700, 219679
2018-07-13, 12.4198, 12.4300, 12.4000, 12.4100, 276135
2018-07-16, 12.4200, 12.4200, 12.3850, 12.4200, 112744
2018-07-17, 12.3300, 12.3310, 12.2648, 12.2899, 157355
2018-07-18, 12.2700, 12.3300, 12.2350, 12.2700, 129255
2018-07-19, 12.1600, 12.2950, 12.1600, 12.2200, 1528047
2018-07-20, 12.3000, 12.3200, 12.2800, 12.3000, 729876
2018-07-23, 12.2800, 12.2800, 12.2262, 12.2500, 90568
2018-07-24, 12.2700, 12.2900, 12.2400, 12.2400, 69811
2018-07-25, 12.3400, 12.3400, 12.2899, 12.3200, 117657
2018-07-26, 12.2800, 12.3000, 12.2299, 12.2299, 200931
2018-07-27, 12.2400, 12.2600, 12.2200, 12.2300, 40214
2018-07-30, 12.2300, 12.2490, 12.2170, 12.2200, 117548
2018-07-31, 12.2000, 12.2800, 12.1800, 12.2500, 87274
2018-08-01, 12.2100, 12.2150, 12.1650, 12.1650, 1710402
2018-08-02, 12.1700, 12.1700, 12.0900, 12.0900, 1052774
2018-08-03, 12.1600, 12.1999, 12.1300, 12.1400, 685953
2018-08-06, 12.1100, 12.1100, 12.0700, 12.0700, 48307
2018-08-07, 12.1400, 12.1400, 12.0830, 12.1000, 237989
2018-08-08, 12.1200, 12.1300, 12.0800, 12.1300, 651705
2018-08-09, 12.1500, 12.1566, 12.1150, 12.1200, 197958
2018-08-10, 12.1200, 12.1600, 12.1066, 12.1100, 117114
2018-08-13, 12.0100, 12.0200, 11.9200, 11.9400, 444825
2018-08-14, 11.9700, 11.9800, 11.9200, 11.9400, 96767
2018-08-15, 11.8500, 11.8500, 11.7399, 11.7400, 152419
2018-08-16, 11.7700, 11.8100, 11.7363, 11.7363, 383102
2018-08-17, 11.8000, 11.8300, 11.7700, 11.8300, 58501
2018-08-20, 11.8700, 11.9100, 11.8500, 11.8957, 94672
2018-08-21, 11.9100, 11.9399, 11.8784, 11.9300, 60088
2018-08-22, 11.9800, 11.9800, 11.9400, 11.9600, 544427
2018-08-23, 11.9100, 11.9161, 11.8400, 11.8500, 105104
2018-08-24, 11.9700, 12.0800, 11.9600, 12.0600, 77850
2018-08-27, 12.0600, 12.1150, 12.0595, 12.1000, 69414
2018-08-28, 12.1200, 12.1300, 12.0000, 12.0100, 116838
2018-08-29, 12.0600, 12.0600, 12.0300, 12.0600, 18165
2018-08-30, 12.0300, 12.0300, 11.9701, 12.0100, 91374
2018-08-31, 12.0200, 12.0400, 11.9900, 12.0000, 64378
2018-09-04, 11.9100, 11.9300, 11.9000, 11.9300, 27615
2018-09-05, 11.9800, 11.9800, 11.9500, 11.9550, 36084
2018-09-06, 12.0300, 12.0600, 11.9800, 11.9900, 344389
2018-09-07, 11.9700, 11.9900, 11.9400, 11.9600, 59840
2018-09-10, 11.9600, 11.9800, 11.9400, 11.9486, 935620
2018-09-11, 11.9100, 11.9800, 11.8800, 11.9600, 359759
2018-09-12, 11.9500, 12.0800, 11.9476, 12.0569, 1380628
2018-09-13, 12.1200, 12.1200, 12.0000, 12.0000, 750176
2018-09-14, 12.0300, 12.0300, 11.9300, 11.9400, 770729
2018-09-17, 12.0100, 12.0500, 12.0000, 12.0100, 185862
2018-09-18, 12.0200, 12.0300, 11.9699, 11.9800, 54737
2018-09-19, 12.0400, 12.0500, 12.0200, 12.0300, 239544
2018-09-20, 12.0700, 12.0800, 12.0200, 12.0700, 47965
2018-09-21, 11.9300, 12.0025, 11.9200, 11.9800, 4396346
2018-09-24, 12.0100, 12.0350, 11.9800, 11.9800, 5225472
2018-09-25, 12.0100, 12.0300, 12.0000, 12.0100, 3390746
2018-09-26, 11.9600, 11.9800, 11.9200, 11.9500, 3576460
2018-09-27, 11.8500, 11.8700, 11.8200, 11.8400, 761688
2018-09-28, 11.8500, 11.9300, 11.8500, 11.9100, 190809
2018-10-01, 11.8800, 11.9000, 11.8500, 11.9000, 65701
2018-10-02, 12.0100, 12.0800, 12.0000, 12.0300, 526333
2018-10-03, 12.0300, 12.0500, 11.9700, 11.9900, 586066
2018-10-04, 12.0300, 12.0600, 11.9700, 12.0000, 424488
2018-10-05, 12.0300, 12.0499, 12.0000, 12.0300, 135806
2018-10-08, 11.8700, 11.8921, 11.8300, 11.8900, 241305
2018-10-09, 11.8800, 11.9100, 11.8399, 11.9000, 81764
2018-10-10, 11.8900, 11.9300, 11.8700, 11.9200, 170993
2018-10-11, 12.0700, 12.2600, 12.0560, 12.2200, 462800
2018-10-12, 12.2200, 12.2300, 12.1690, 12.1700, 194385
2018-10-15, 12.2700, 12.3000, 12.2400, 12.2400, 120028
2018-10-16, 12.3100, 12.3100, 12.2400, 12.2400, 721508
2018-10-17, 12.2500, 12.2900, 12.2200, 12.2400, 73127
2018-10-18, 12.2300, 12.3000, 12.2300, 12.2500, 107062
2018-10-19, 12.2900, 12.2900, 12.2500, 12.2600, 136265
2018-10-22, 12.2100, 12.2350, 12.2000, 12.2300, 393329
2018-10-23, 12.3800, 12.3800, 12.3000, 12.3000, 501666
2018-10-24, 12.3000, 12.3300, 12.2700, 12.3200, 778898
2018-10-25, 12.3200, 12.3300, 12.2800, 12.2900, 175625
2018-10-26, 12.3500, 12.4300, 12.3100, 12.3400, 653869
2018-10-29, 12.3100, 12.3100, 12.2400, 12.2900, 264596
2018-10-30, 12.2500, 12.2600, 12.2200, 12.2200, 158419
2018-10-31, 12.1500, 12.1700, 12.1200, 12.1600, 334818
2018-11-01, 12.3000, 12.3650, 12.2800, 12.3300, 1196610
2018-11-02, 12.3300, 12.3500, 12.3010, 12.3200, 97167
2018-11-05, 12.2900, 12.3200, 12.2800, 12.3000, 2727191
2018-11-06, 12.3100, 12.3100, 12.2400, 12.2600, 147812
2018-11-07, 12.2900, 12.2900, 12.2400, 12.2600, 130710
2018-11-08, 12.2400, 12.2600, 12.2001, 12.2300, 360229
2018-11-09, 12.1100, 12.1200, 12.0600, 12.0900, 136108
