2013-06-21, 16.0000, 16.7200, 15.3900, 16.0000, 8547400
2013-06-24, 15.4100, 15.6500, 14.1700, 14.2700, 1504500
2013-06-25, 14.8000, 15.1340, 14.7100, 14.9100, 633000
2013-06-26, 15.2200, 15.2200, 14.3500, 14.5000, 523000
2013-06-27, 14.3600, 14.5020, 13.6100, 14.0000, 1065100
2013-06-28, 14.1800, 14.2200, 13.6300, 13.9700, 1140000
2013-07-01, 14.2500, 14.2600, 13.6000, 13.7000, 256800
2013-07-02, 13.5200, 13.7960, 12.9000, 13.1900, 938500
2013-07-03, 13.2500, 13.2500, 12.7600, 13.0000, 341500
2013-07-05, 13.2000, 13.3460, 12.7100, 13.2300, 319000
2013-07-08, 13.1000, 13.3200, 12.9800, 13.0000, 360300
2013-07-09, 12.8200, 13.1800, 12.6900, 12.7000, 634900
2013-07-10, 12.6000, 12.7600, 12.3400, 12.4500, 719300
2013-07-11, 12.6000, 13.1500, 12.6000, 13.0900, 918300
2013-07-12, 13.2900, 14.0500, 12.8950, 13.9900, 955200
2013-07-15, 14.0500, 14.3500, 13.9900, 14.0000, 437400
2013-07-16, 14.2800, 14.2900, 12.8700, 13.3000, 2343500
2013-07-17, 13.4300, 13.4800, 12.9000, 13.0200, 674300
2013-07-18, 13.2000, 13.3500, 13.0000, 13.2600, 300500
2013-07-19, 13.2700, 13.3400, 12.9400, 13.0300, 473900
2013-07-22, 13.0200, 13.2700, 12.8200, 12.9100, 319300
2013-07-23, 12.7600, 13.0502, 12.7200, 13.0300, 341800
2013-07-24, 13.0100, 13.0500, 12.5000, 12.5900, 343200
2013-07-25, 12.5100, 12.7900, 12.4500, 12.5400, 162200
2013-07-26, 12.5000, 12.7300, 12.2600, 12.3300, 224200
2013-07-29, 12.3500, 12.4600, 12.0100, 12.1700, 351800
2013-07-30, 12.3000, 12.3600, 12.0200, 12.0900, 237700
2013-07-31, 12.1800, 12.1800, 11.8000, 12.0300, 448000
2013-08-01, 12.1000, 12.2000, 11.9100, 12.0500, 306100
2013-08-02, 12.1000, 12.3300, 11.9800, 12.0400, 106800
2013-08-05, 12.0000, 12.6950, 11.9600, 12.6300, 525500
2013-08-06, 13.2000, 13.2400, 12.6600, 12.8700, 625700
2013-08-07, 13.6500, 13.8900, 12.6600, 12.7700, 1421700
2013-08-08, 12.9800, 13.0300, 11.8500, 11.9800, 675900
2013-08-09, 12.0000, 12.0800, 10.9000, 11.0200, 1024100
2013-08-12, 11.0200, 11.1785, 10.3950, 10.4500, 821500
2013-08-13, 10.5700, 10.8800, 10.4100, 10.7600, 900600
2013-08-14, 10.6900, 11.7700, 10.5800, 11.1500, 895100
2013-08-15, 11.2700, 11.9800, 11.0700, 11.3900, 503200
2013-08-16, 11.3600, 11.4700, 11.0700, 11.3300, 255400
2013-08-19, 11.3400, 11.3400, 10.6700, 10.7500, 253500
2013-08-20, 10.9300, 11.2000, 10.1600, 10.1700, 809500
2013-08-21, 10.1700, 10.2360, 9.7100, 9.9800, 1518200
2013-08-22, 10.0000, 10.2800, 9.7850, 10.2400, 232400
2013-08-23, 10.4300, 10.4300, 10.1200, 10.2900, 537400
2013-08-26, 10.3400, 10.3900, 10.1100, 10.2700, 277500
2013-08-27, 10.1800, 10.2550, 10.1000, 10.1780, 351100
2013-08-28, 10.2300, 10.8590, 10.2000, 10.7300, 607500
2013-08-29, 11.1000, 11.4400, 10.8700, 11.2200, 881300
2013-08-30, 11.4500, 11.4900, 11.0700, 11.3000, 362100
2013-09-03, 11.8900, 11.9000, 11.0500, 11.2900, 456700
2013-09-04, 11.4500, 11.5373, 11.1800, 11.3300, 199300
2013-09-05, 11.5400, 12.0200, 11.2400, 11.7600, 784400
2013-09-06, 12.0000, 12.2900, 11.7000, 11.8900, 805700
2013-09-09, 11.9700, 12.3500, 11.8000, 12.0400, 360000
2013-09-10, 12.2900, 12.3600, 12.0700, 12.2500, 543800
2013-09-11, 12.4100, 13.7500, 12.2810, 13.5700, 3041700
2013-09-12, 14.0300, 14.9800, 13.7500, 13.9500, 3626700
2013-09-13, 14.4700, 15.2290, 14.0699, 15.1100, 1949500
2013-09-16, 15.4200, 15.8000, 14.7900, 15.2200, 1983500
2013-09-17, 15.2200, 15.7800, 15.0000, 15.7300, 1590200
2013-09-18, 15.6700, 16.4900, 15.6000, 16.4500, 1462400
2013-09-19, 17.0100, 19.1100, 16.8000, 18.0100, 2304700
2013-09-20, 18.3700, 19.1800, 18.0100, 18.5700, 2377300
2013-09-23, 19.0000, 19.1000, 17.2900, 18.3400, 1783300
2013-09-24, 18.1000, 18.7500, 17.8300, 17.9800, 1030900
2013-09-25, 18.4200, 19.0000, 18.1825, 18.4600, 1343500
2013-09-26, 18.5500, 19.8000, 18.2500, 18.9900, 2196500
2013-09-27, 19.0200, 19.1800, 18.4850, 18.5600, 698000
2013-09-30, 18.1200, 18.2300, 17.4100, 17.7700, 2456300
2013-10-01, 18.0000, 18.0300, 16.5600, 17.0600, 1230300
2013-10-02, 16.9000, 17.9100, 16.8500, 17.5000, 672800
2013-10-03, 17.4000, 17.6300, 16.7600, 17.1200, 420400
2013-10-04, 17.0700, 17.6400, 17.0700, 17.1500, 551500
2013-10-07, 17.0000, 17.2500, 16.6200, 16.9500, 842600
2013-10-08, 17.0400, 17.5500, 16.8900, 17.1500, 825600
2013-10-09, 17.2900, 17.2900, 16.0500, 16.2000, 961700
2013-10-10, 16.3900, 17.2400, 16.3800, 17.1400, 784400
2013-10-11, 17.1300, 17.4000, 16.7950, 16.9200, 392700
2013-10-14, 16.7500, 16.8000, 16.3400, 16.6800, 350500
2013-10-15, 16.7500, 16.9899, 16.2400, 16.3700, 473500
2013-10-16, 16.4200, 17.0300, 16.4000, 16.9400, 561800
2013-10-17, 16.9700, 17.8358, 16.8000, 16.9500, 765800
2013-10-18, 17.0000, 17.2900, 16.3100, 16.6900, 538100
2013-10-21, 16.7200, 17.0100, 16.3500, 16.5600, 440900
2013-10-22, 16.6800, 16.6800, 15.4600, 15.9700, 771900
2013-10-23, 15.8600, 16.0999, 15.5200, 16.0900, 592300
2013-10-24, 16.1000, 16.2800, 15.9000, 16.1500, 220500
2013-10-25, 16.3500, 16.8000, 16.0800, 16.2300, 467300
2013-10-28, 16.5100, 18.3800, 16.5000, 17.8600, 1493100
2013-10-29, 18.4000, 18.6500, 17.7600, 17.8300, 857500
2013-10-30, 17.8800, 17.9800, 17.5700, 17.8400, 353500
2013-10-31, 17.7900, 19.2000, 17.4200, 18.6400, 1946000
2013-11-01, 19.1500, 19.4900, 18.6000, 18.6700, 1093000
2013-11-04, 19.0000, 19.1090, 18.0700, 18.2500, 664700
2013-11-05, 18.4600, 18.6800, 17.6500, 18.5900, 589900
2013-11-06, 18.5700, 18.6100, 17.6000, 18.0400, 635500
2013-11-07, 18.4500, 18.5350, 17.4100, 17.5300, 524500
2013-11-08, 17.4800, 19.0000, 17.1100, 18.7500, 1085000
2013-11-11, 21.8700, 24.8500, 21.6300, 24.1500, 6004600
2013-11-12, 24.3500, 25.8790, 23.5600, 24.9100, 3303700
2013-11-13, 25.5300, 28.5000, 25.0210, 28.3000, 4296200
2013-11-14, 30.5000, 31.5500, 27.4000, 28.8000, 7566000
2013-11-15, 27.9700, 29.4500, 26.4500, 28.0600, 4343000
2013-11-18, 28.1500, 28.4500, 24.8700, 24.9000, 4186500
2013-11-19, 25.6000, 26.3600, 24.2400, 25.1500, 2464700
2013-11-20, 25.8200, 27.7500, 25.6100, 27.6400, 2679300
2013-11-21, 28.4600, 30.2600, 27.1102, 29.7000, 2890500
2013-11-22, 30.0000, 30.2400, 27.7500, 27.7800, 2153800
2013-11-25, 28.0000, 28.3800, 26.3900, 26.7300, 1170200
2013-11-26, 26.5500, 28.2000, 26.3100, 27.4900, 928200
2013-11-27, 27.5000, 27.8990, 26.5500, 26.9300, 600300
2013-11-29, 27.1400, 27.1400, 26.4100, 26.6700, 292500
2013-12-02, 27.4700, 31.6500, 27.2700, 31.3100, 4754400
2013-12-03, 32.0000, 34.7100, 31.4000, 34.3000, 5712000
2013-12-04, 33.8300, 35.7700, 32.2839, 34.3400, 4029700
2013-12-05, 34.2200, 34.5000, 32.7035, 32.8900, 1676400
2013-12-06, 33.8600, 33.9800, 31.8000, 32.8900, 1267700
2013-12-09, 33.0100, 33.0899, 30.4500, 30.6200, 1943600
2013-12-10, 30.2400, 31.4000, 29.7100, 31.0600, 1414100
2013-12-11, 31.0500, 31.5000, 29.9600, 30.0800, 877900
2013-12-12, 29.9000, 30.9400, 27.5900, 29.7900, 3406900
2013-12-13, 29.1900, 30.4400, 28.2600, 29.2700, 1725900
2013-12-16, 29.1100, 30.0000, 28.5000, 28.9000, 1036200
2013-12-17, 28.7600, 32.4800, 28.5600, 30.7350, 3629200
2013-12-18, 27.5650, 28.1800, 25.8000, 25.9100, 8156300
2013-12-19, 27.0100, 27.4500, 25.3300, 25.5399, 5169900
2013-12-20, 25.2300, 25.3700, 23.9100, 24.2700, 6112700
2013-12-23, 24.0000, 24.9600, 23.7200, 24.0800, 3965700
2013-12-24, 24.2500, 26.3700, 23.3100, 25.2100, 4525100
2013-12-26, 26.2100, 27.3000, 25.5500, 26.6400, 5926700
2013-12-27, 27.3200, 27.4000, 25.2500, 25.4600, 3353000
2013-12-30, 25.7500, 25.7900, 24.5000, 25.5900, 2684900
2013-12-31, 25.7000, 25.8000, 24.5300, 24.8240, 4987700
2014-01-02, 24.8500, 25.1000, 24.1200, 24.3800, 2224900
2014-01-03, 24.6100, 24.9500, 23.5600, 23.9100, 3232700
2014-01-06, 24.0000, 25.3100, 23.3700, 23.8800, 3752300
2014-01-07, 24.1000, 26.3800, 24.0100, 26.2500, 6648500
2014-01-08, 26.4200, 26.9000, 23.8100, 23.9200, 7906900
2014-01-09, 24.5000, 24.7000, 23.8200, 24.1600, 4079900
2014-01-10, 24.1600, 24.2500, 22.2500, 22.7200, 6484900
2014-01-13, 22.4900, 23.4000, 22.1100, 23.0100, 3093400
2014-01-14, 23.0500, 23.4400, 22.5300, 23.0050, 2698900
2014-01-15, 23.0000, 23.8800, 22.6100, 22.6900, 3273100
2014-01-16, 22.4500, 23.1600, 22.1300, 23.0100, 2531000
2014-01-17, 22.9900, 24.3000, 22.8300, 23.3800, 4658200
2014-01-21, 23.8600, 25.2000, 23.4900, 24.7000, 5248800
2014-01-22, 24.9400, 25.4200, 24.2100, 25.1400, 5178300
2014-01-23, 24.1100, 24.1900, 23.0000, 24.0400, 3119700
2014-01-24, 23.5800, 24.2475, 23.1100, 23.2200, 3073900
2014-01-27, 23.7800, 23.8299, 20.6574, 21.0000, 4688700
2014-01-28, 21.1300, 21.3099, 20.7100, 21.0000, 2051700
2014-01-29, 20.5800, 21.0000, 19.8000, 20.1600, 3302000
2014-01-30, 20.8500, 22.0800, 20.2000, 21.3400, 4371100
2014-01-31, 20.9000, 21.2600, 20.3500, 20.3900, 1767500
2014-02-03, 20.5000, 20.6300, 18.5700, 18.8500, 3679700
2014-02-04, 19.2800, 19.7000, 18.9500, 19.3200, 1983800
2014-02-05, 19.1500, 19.5000, 18.1800, 19.2200, 2892500
2014-02-06, 19.4900, 20.1000, 19.2000, 19.7700, 1650900
2014-02-07, 19.7600, 20.9800, 19.3101, 20.8200, 3561200
2014-02-10, 21.1400, 21.3400, 20.5500, 20.9000, 1909300
2014-02-11, 21.0000, 21.3500, 20.7000, 21.0900, 1963700
2014-02-12, 21.0900, 21.6500, 20.9500, 21.5800, 1589200
2014-02-13, 21.2500, 22.0500, 21.0100, 21.9100, 1973000
2014-02-14, 22.0000, 22.5200, 19.7680, 19.8700, 5380800
2014-02-18, 20.1100, 20.2500, 19.3100, 20.0000, 2229100
2014-02-19, 20.6600, 21.4900, 20.4700, 20.5600, 3382600
2014-02-20, 20.9400, 20.9900, 19.9700, 20.0200, 1920000
2014-02-21, 20.0100, 20.2900, 19.8900, 20.0300, 1566100
2014-02-24, 20.3900, 20.4500, 19.4300, 19.5200, 2098000
2014-02-25, 19.4700, 20.5400, 19.4600, 20.4500, 2275300
2014-02-26, 21.1800, 21.2000, 20.2700, 20.4700, 1947400
2014-02-27, 20.5000, 21.5200, 20.2710, 21.3000, 1939100
2014-02-28, 21.3800, 21.7000, 20.4500, 20.8500, 1806900
2014-03-03, 20.3500, 20.7500, 20.0300, 20.6500, 1635900
2014-03-04, 20.9100, 21.8700, 20.8200, 21.7000, 2843400
2014-03-05, 22.2200, 24.4300, 22.0235, 24.3500, 7115000
2014-03-06, 24.9700, 25.0000, 23.4000, 24.2900, 5170100
2014-03-07, 24.9700, 25.0400, 23.8000, 24.8000, 4431200
2014-03-10, 24.8200, 25.0800, 24.0200, 24.5500, 2990700
2014-03-11, 24.6600, 24.9000, 23.5100, 23.6700, 3236400
2014-03-12, 23.6600, 24.2900, 22.3100, 23.8800, 4067400
2014-03-13, 23.7500, 23.7500, 21.5201, 21.9900, 10569100
2014-03-14, 21.1500, 22.5000, 21.1000, 21.8500, 3081200
2014-03-17, 21.9600, 22.7700, 21.7200, 22.5500, 2501900
2014-03-18, 22.7700, 23.6600, 22.6600, 23.0800, 2212300
2014-03-19, 23.1400, 23.5000, 22.4600, 22.6900, 1553600
2014-03-20, 22.5500, 23.0500, 22.1800, 22.8000, 1349000
2014-03-21, 23.0000, 23.0000, 21.7201, 21.9300, 4161400
2014-03-24, 21.9600, 22.7500, 20.8501, 21.7700, 2017400
2014-03-25, 21.8400, 22.0350, 21.1000, 21.8600, 2116900
2014-03-26, 21.9100, 22.8500, 21.5900, 21.6900, 2470000
2014-03-27, 21.6000, 21.8600, 21.0600, 21.1700, 1228600
2014-03-28, 21.0600, 21.2190, 19.9700, 20.1300, 3103300
2014-03-31, 20.1800, 20.6300, 19.7300, 20.5400, 2027800
2014-04-01, 20.7200, 21.4900, 20.5000, 21.4200, 2820400
2014-04-02, 21.3700, 22.5000, 21.1200, 22.1300, 3576100
2014-04-03, 22.2800, 22.4000, 20.6401, 21.1700, 2710700
2014-04-04, 21.4600, 21.4600, 19.9000, 20.2700, 2965500
2014-04-07, 20.0500, 20.1900, 18.0700, 18.6500, 4935300
2014-04-08, 19.1000, 19.1000, 18.0900, 18.1300, 2554300
2014-04-09, 18.5500, 19.5200, 18.2200, 19.3600, 3347700
2014-04-10, 20.9800, 21.4000, 19.3700, 19.5600, 7024900
2014-04-11, 19.0200, 19.0300, 18.1100, 18.1900, 3149600
2014-04-14, 18.4100, 18.6465, 16.4400, 16.7900, 5920200
2014-04-15, 16.7800, 16.9000, 15.1800, 16.1300, 4996300
2014-04-16, 16.4400, 17.0800, 15.8100, 16.9900, 3153200
2014-04-17, 17.7500, 18.2400, 17.2500, 17.9700, 4301900
2014-04-21, 18.2700, 19.2800, 18.1000, 19.1100, 3425400
2014-04-22, 18.9800, 20.2000, 18.9700, 19.5700, 3149900
2014-04-23, 19.7900, 20.5300, 19.5400, 19.7500, 3129900
2014-04-24, 19.8600, 19.9600, 18.6000, 19.3200, 1766400
2014-04-25, 18.9900, 18.9900, 17.9000, 18.2500, 2557200
2014-04-28, 18.2500, 18.4500, 17.0100, 18.3787, 4211500
2014-04-29, 15.3900, 15.4600, 12.8500, 13.1200, 19358600
2014-04-30, 13.4200, 13.7700, 13.0601, 13.5200, 4244300
2014-05-01, 13.5100, 13.6396, 12.9200, 13.3100, 3050200
2014-05-02, 13.2400, 13.6800, 13.0100, 13.4200, 2295800
2014-05-05, 13.4300, 14.0800, 13.1200, 13.6600, 3233600
2014-05-06, 13.6300, 13.7900, 13.0700, 13.2600, 1700900
2014-05-07, 13.2200, 13.5000, 11.8000, 12.6800, 2941200
2014-05-08, 12.6100, 13.1677, 12.2165, 12.2300, 2159500
2014-05-09, 12.1200, 12.2500, 11.6600, 11.9300, 3371600
2014-05-12, 12.9300, 13.2000, 12.3600, 12.6700, 9647100
2014-05-13, 13.0000, 13.0600, 12.2400, 12.8400, 3816800
2014-05-14, 12.7300, 13.7200, 12.5000, 13.4200, 4677600
2014-05-15, 13.2300, 13.3500, 12.6000, 12.9900, 2968300
2014-05-16, 13.0200, 13.8200, 12.5100, 13.6800, 5231400
2014-05-19, 14.3100, 15.1200, 14.3100, 14.4800, 6726000
2014-05-20, 14.5100, 14.9400, 14.2700, 14.5100, 3034600
2014-05-21, 14.4200, 15.4400, 14.4200, 15.2500, 3527000
2014-05-22, 15.8000, 16.4600, 15.3500, 16.4300, 4115300
2014-05-23, 16.3700, 16.7400, 15.7600, 16.3800, 3552300
2014-05-27, 16.7300, 17.5300, 16.5400, 17.4900, 4189400
2014-05-28, 17.1700, 17.7500, 16.5600, 17.6800, 2800400
2014-05-29, 17.4000, 19.0300, 17.3600, 18.6700, 3240900
2014-05-30, 18.4600, 18.8500, 17.4000, 18.0900, 4167200
2014-06-02, 18.1500, 18.4500, 17.7000, 17.8200, 1597100
2014-06-03, 17.6200, 18.2750, 17.1000, 18.0800, 1704100
2014-06-04, 17.9000, 18.9600, 17.7300, 18.3000, 2332500
2014-06-05, 18.4200, 19.1500, 18.1200, 18.1500, 3444700
2014-06-06, 18.1800, 18.5900, 18.0600, 18.4800, 1975700
2014-06-09, 18.5000, 19.3600, 18.3200, 19.2900, 3068400
2014-06-10, 19.4000, 19.4400, 18.6500, 19.0100, 1782600
2014-06-11, 18.8100, 18.9900, 18.4500, 18.6800, 1436300
2014-06-12, 18.7100, 18.8899, 17.8700, 18.1400, 2633900
2014-06-13, 17.9700, 18.1900, 17.5214, 18.0900, 1748300
2014-06-16, 17.9900, 18.9400, 17.9200, 18.7500, 2177800
2014-06-17, 18.6600, 19.4200, 18.4600, 18.9200, 2209900
2014-06-18, 18.9200, 19.2000, 18.3700, 18.8900, 3077500
2014-06-19, 18.9900, 19.3200, 18.7000, 18.9540, 2107700
2014-06-20, 18.9400, 19.0000, 18.2050, 18.4100, 2709800
2014-06-23, 18.3500, 19.8200, 18.2500, 19.4900, 3919600
2014-06-24, 19.5000, 19.5000, 18.5500, 18.5800, 2550100
2014-06-25, 18.6000, 19.2800, 18.4200, 19.2400, 1832700
2014-06-26, 19.1500, 19.3100, 18.7200, 18.8200, 1232200
2014-06-27, 18.7400, 19.1400, 18.6400, 18.9700, 7152900
2014-06-30, 18.9500, 19.7900, 18.8200, 19.5600, 2001600
2014-07-01, 19.6000, 19.6000, 18.9100, 18.9500, 2196500
2014-07-02, 19.0600, 19.5000, 18.6500, 18.7700, 1739000
2014-07-03, 18.9700, 19.1000, 18.8500, 18.9800, 473200
2014-07-07, 18.9700, 19.0799, 18.0450, 18.1200, 1512600
2014-07-08, 18.1200, 18.1900, 16.6420, 17.2500, 3080000
2014-07-09, 17.2400, 17.5000, 16.8100, 17.0300, 1017400
2014-07-10, 16.3000, 16.4700, 15.4300, 16.2200, 2230700
2014-07-11, 16.2800, 16.8791, 15.8550, 16.5800, 1338700
2014-07-14, 16.7400, 17.4100, 16.5000, 16.9400, 1159900
2014-07-15, 16.9400, 17.2200, 16.0800, 16.2000, 1969400
2014-07-16, 16.3700, 16.5250, 15.8900, 16.1300, 1510800
2014-07-17, 15.9900, 16.4700, 15.8400, 16.0500, 1399500
2014-07-18, 16.0300, 16.5100, 15.9420, 16.4800, 1079400
2014-07-21, 16.3100, 16.7800, 16.0100, 16.6100, 924900
2014-07-22, 16.7400, 17.7900, 16.6100, 16.9400, 1753900
2014-07-23, 17.0000, 17.2300, 16.5800, 16.9600, 1169600
2014-07-24, 17.0100, 17.0502, 16.6218, 16.8700, 1012500
2014-07-25, 16.7600, 17.1199, 16.7600, 16.9900, 900800
2014-07-28, 16.8500, 16.9500, 16.3000, 16.3900, 1247700
2014-07-29, 16.4400, 17.1460, 16.2900, 16.7400, 1198200
2014-07-30, 16.8500, 17.5800, 16.7300, 17.2800, 1339200
2014-07-31, 17.0800, 17.1201, 16.2100, 16.2100, 1620400
2014-08-01, 16.2200, 16.4400, 15.2781, 15.8300, 1647800
2014-08-04, 15.9400, 16.4100, 15.6800, 16.2400, 1251100
2014-08-05, 16.1300, 16.3200, 15.6900, 16.0610, 1139900
2014-08-06, 15.9200, 16.0700, 15.4100, 15.6900, 1606000
2014-08-07, 15.8300, 16.2000, 15.4000, 15.6600, 1525900
2014-08-08, 15.7600, 16.0100, 15.4500, 15.9700, 1770800
2014-08-11, 15.5600, 15.6000, 14.0300, 15.2400, 5224900
2014-08-12, 15.0800, 15.1600, 14.3500, 14.5100, 1872900
2014-08-13, 14.5700, 14.9900, 14.4300, 14.5900, 1578300
2014-08-14, 14.5600, 14.8000, 14.4800, 14.8000, 1195000
2014-08-15, 15.0000, 16.0800, 14.9118, 15.8100, 2735400
2014-08-18, 16.0900, 16.5900, 15.9200, 16.3600, 1592900
2014-08-19, 16.4600, 16.7500, 16.1700, 16.4700, 1298000
2014-08-20, 16.4100, 17.2000, 16.3800, 16.7900, 1895700
2014-08-21, 16.8500, 18.0700, 16.8100, 17.7500, 3753400
2014-08-22, 17.7000, 17.8399, 17.1000, 17.6500, 1514800
2014-08-25, 17.7900, 17.9500, 17.6200, 17.7900, 917800
2014-08-26, 17.7600, 17.8100, 17.2850, 17.4900, 1183900
2014-08-27, 17.5300, 17.8100, 17.1400, 17.1900, 1186200
2014-08-28, 17.0600, 17.0900, 16.6800, 16.8300, 730600
2014-08-29, 16.8500, 17.0645, 16.7514, 16.9300, 639000
2014-09-02, 16.9900, 17.1645, 16.6088, 17.0500, 787800
2014-09-03, 17.0600, 17.4100, 16.7800, 16.9700, 976900
2014-09-04, 16.9900, 17.4600, 16.8800, 16.9700, 962100
2014-09-05, 16.8900, 17.2700, 16.6500, 17.1800, 609300
2014-09-08, 17.0900, 17.7500, 17.0691, 17.7300, 986800
2014-09-09, 17.6100, 17.7300, 16.8200, 17.0000, 1070800
2014-09-10, 17.0100, 17.1500, 16.5000, 16.9800, 872200
2014-09-11, 17.5200, 18.8500, 17.5200, 18.5800, 4646200
2014-09-12, 18.7000, 18.8000, 18.3001, 18.5100, 2203800
2014-09-15, 18.4400, 18.8500, 18.2300, 18.2500, 1778000
2014-09-16, 18.2000, 18.4500, 17.8300, 17.9500, 1386400
2014-09-17, 18.4000, 18.7500, 18.1700, 18.4700, 1869500
2014-09-18, 18.6300, 19.4200, 18.6000, 19.1600, 2944400
2014-09-19, 19.2500, 19.4800, 18.3600, 18.6900, 3501100
2014-09-22, 18.4400, 18.4400, 17.7600, 18.0000, 1928500
2014-09-23, 17.8400, 18.9800, 17.7400, 18.8500, 2394300
2014-09-24, 18.8200, 18.9800, 18.5200, 18.8300, 1330880
2014-09-25, 18.7400, 18.8100, 17.7600, 17.7900, 1765916
2014-09-26, 17.8200, 18.2400, 17.5200, 18.2100, 1071471
2014-09-29, 17.8900, 18.0700, 17.3100, 17.5000, 1108859
2014-09-30, 17.4900, 17.6657, 16.8500, 16.8600, 1319876
2014-10-01, 16.8400, 16.8500, 15.7800, 16.1900, 2221225
2014-10-02, 16.2000, 17.1180, 15.9100, 17.0200, 2158389
2014-10-03, 17.2100, 17.8200, 17.0000, 17.3900, 1382041
2014-10-06, 17.3200, 17.3300, 16.2000, 16.2400, 1462393
2014-10-07, 16.0500, 16.3970, 16.0000, 16.0100, 1160312
2014-10-08, 15.9400, 16.4460, 15.2700, 16.2900, 1839244
2014-10-09, 16.2600, 16.5000, 15.2500, 15.4000, 1682925
2014-10-10, 15.3200, 15.6900, 14.4000, 14.7000, 1925671
2014-10-13, 14.7700, 15.2100, 14.5000, 14.7800, 1328503
2014-10-14, 15.0000, 15.4300, 14.7600, 15.2500, 1128931
2014-10-15, 14.9700, 16.5900, 14.7000, 16.3000, 2924842
2014-10-16, 16.1100, 16.8800, 15.6740, 16.4500, 1333344
2014-10-17, 16.7500, 16.8900, 15.8300, 15.9200, 1125122
2014-10-20, 15.7600, 16.4454, 15.7600, 16.4000, 756409
2014-10-21, 16.5000, 16.7200, 16.3000, 16.4200, 1705818
2014-10-22, 16.4000, 16.7000, 15.8800, 15.9200, 843478
2014-10-23, 16.1300, 16.5900, 15.8100, 16.3900, 1688200
2014-10-24, 16.3100, 16.7000, 16.1600, 16.5100, 483933
2014-10-27, 16.4100, 16.5000, 15.9800, 16.1900, 774809
2014-10-28, 16.2900, 16.8800, 16.0800, 16.6000, 984243
2014-10-29, 16.5800, 16.8000, 16.2000, 16.6900, 699401
2014-10-30, 16.6500, 16.9000, 16.4150, 16.7100, 773843
2014-10-31, 17.0900, 17.2000, 16.4200, 16.6100, 1011743
2014-11-03, 16.6100, 17.2000, 16.4300, 16.6300, 640403
2014-11-04, 16.6200, 16.8000, 16.4100, 16.6500, 462934
2014-11-05, 16.8000, 16.8600, 16.0600, 16.3300, 572604
2014-11-06, 16.3300, 16.5799, 16.1500, 16.3100, 494287
2014-11-07, 16.2800, 17.0100, 16.2000, 16.6400, 1387298
2014-11-10, 15.2500, 18.5000, 15.1000, 18.4000, 9182075
2014-11-11, 18.0600, 18.5500, 17.3500, 18.1900, 3611777
2014-11-12, 17.8900, 19.0900, 17.8900, 18.7500, 2527532
2014-11-13, 18.8100, 18.8112, 17.5900, 17.8800, 1783484
2014-11-14, 17.8200, 18.0200, 17.4900, 17.7700, 1052723
2014-11-17, 17.6700, 17.8000, 16.9800, 17.0000, 1158283
2014-11-18, 17.0400, 17.3000, 16.6900, 16.8400, 1027475
2014-11-19, 16.9000, 16.9000, 16.1300, 16.2000, 1177801
2014-11-20, 16.0600, 16.6900, 16.0100, 16.1800, 897765
2014-11-21, 16.4000, 16.6600, 16.1000, 16.2700, 831210
2014-11-24, 16.7000, 16.7000, 16.0000, 16.1300, 961544
2014-11-25, 16.1900, 16.4600, 16.0000, 16.0500, 766401
2014-11-26, 16.1000, 16.2900, 16.0000, 16.0500, 460273
2014-11-28, 16.0500, 16.0900, 15.7300, 15.8200, 574189
2014-12-01, 15.7200, 16.1300, 15.5800, 15.8200, 936131
2014-12-02, 15.8200, 16.1500, 15.7800, 15.9600, 704035
2014-12-03, 15.9900, 16.5000, 15.8800, 16.3500, 797633
2014-12-04, 16.3400, 16.4500, 15.7700, 15.9000, 887684
2014-12-05, 15.9600, 16.2000, 15.6400, 15.7500, 670066
2014-12-08, 15.6900, 15.8300, 14.8100, 14.8400, 1783802
2014-12-09, 14.6200, 15.4200, 14.4800, 15.3900, 1334599
2014-12-10, 15.3000, 15.6901, 15.0900, 15.1850, 613651
2014-12-11, 15.7100, 16.3500, 15.3800, 15.4300, 1497611
2014-12-12, 15.1700, 15.8500, 15.1700, 15.4600, 655531
2014-12-15, 15.5400, 15.9000, 15.2100, 15.3500, 897556
2014-12-16, 15.2800, 15.8200, 15.0400, 15.0500, 1126855
2014-12-17, 15.0900, 15.7800, 14.9600, 15.6800, 786455
2014-12-18, 16.0400, 16.4610, 15.9600, 16.0900, 1545112
2014-12-19, 16.0700, 16.5000, 16.0500, 16.4500, 1506684
2014-12-22, 16.4500, 16.9500, 16.3400, 16.4500, 895802
2014-12-23, 16.6600, 16.9500, 16.2500, 16.4350, 1301996
2014-12-24, 16.2800, 16.6800, 16.2800, 16.4800, 324515
2014-12-26, 16.5500, 16.9200, 16.4400, 16.5300, 566644
2014-12-29, 16.4400, 16.7400, 16.3000, 16.6200, 680674
2014-12-30, 16.5400, 16.8200, 16.4432, 16.6700, 563284
2014-12-31, 16.7000, 16.7500, 16.2300, 16.5300, 695486
2015-01-02, 16.7000, 16.8000, 16.1400, 16.6600, 653622
2015-01-05, 16.4100, 16.5500, 16.0200, 16.1400, 815042
2015-01-06, 16.2600, 16.2600, 15.0800, 15.3800, 1633526
2015-01-07, 15.5300, 15.5600, 15.0000, 15.1000, 1043530
2015-01-08, 15.3000, 15.4800, 14.8800, 15.3800, 1231984
2015-01-09, 15.4300, 15.5400, 15.0100, 15.2500, 1315057
2015-01-12, 15.2000, 15.2299, 14.6000, 15.0200, 1274145
2015-01-13, 15.1100, 15.2400, 14.5200, 14.8700, 1440401
2015-01-14, 14.6100, 14.8000, 14.2500, 14.7400, 959598
2015-01-15, 14.8100, 15.0000, 14.1400, 14.2500, 1352100
2015-01-16, 14.2600, 14.4195, 14.0000, 14.2400, 776069
2015-01-20, 14.2000, 14.5000, 13.8700, 13.9800, 1150715
2015-01-21, 13.9100, 14.2100, 13.5500, 13.6100, 1087336
2015-01-22, 13.7800, 13.8500, 13.2600, 13.7500, 1349031
2015-01-23, 13.7000, 14.1600, 13.5200, 14.1500, 1341283
2015-01-26, 14.1000, 15.4900, 14.0000, 15.2600, 2174558
2015-01-27, 15.0000, 15.2500, 14.4500, 15.1000, 1239073
2015-01-28, 15.1800, 15.2900, 14.4400, 14.4600, 720740
2015-01-29, 14.5500, 14.7900, 14.2700, 14.7800, 533693
2015-01-30, 14.6800, 14.7800, 14.4300, 14.5350, 608860
2015-02-02, 14.5200, 14.5999, 14.0700, 14.4200, 738404
2015-02-03, 14.5000, 15.0000, 14.4800, 14.8000, 873351
2015-02-04, 14.7100, 15.2200, 14.6500, 15.1750, 826744
2015-02-05, 15.2000, 15.7900, 15.1500, 15.7000, 1013352
2015-02-06, 15.7400, 16.4200, 15.6100, 16.1400, 1631931
2015-02-09, 16.0900, 16.3300, 15.5400, 15.7300, 540366
2015-02-10, 15.8200, 15.8500, 15.4400, 15.7100, 255222
2015-02-11, 15.6600, 15.7500, 15.2000, 15.5000, 492748
2015-02-12, 15.6800, 15.7310, 15.4120, 15.6400, 377147
2015-02-13, 15.7000, 16.2000, 15.7000, 16.0800, 914796
2015-02-17, 16.1700, 16.4200, 15.5100, 15.7600, 1211405
2015-02-18, 15.6900, 15.8800, 15.6100, 15.6400, 393501
2015-02-19, 15.6100, 16.2600, 15.6000, 15.9400, 663986
2015-02-20, 15.9400, 16.4600, 15.6000, 16.2200, 3876719
2015-02-23, 16.2600, 16.4500, 15.9000, 16.0400, 1384366
2015-02-24, 16.0400, 16.6000, 16.0400, 16.5800, 1146725
2015-02-25, 16.9100, 18.1400, 16.9000, 17.4900, 4690446
2015-02-26, 18.7500, 18.9200, 17.6100, 18.2000, 4458216
2015-02-27, 18.0100, 18.1100, 17.5900, 17.9800, 1213687
2015-03-02, 17.9000, 18.6495, 17.7800, 18.4300, 1553809
2015-03-03, 18.0000, 19.4800, 17.9300, 19.4700, 4027686
2015-03-04, 19.4700, 19.8800, 19.3300, 19.6300, 1836942
2015-03-05, 19.6300, 20.6300, 19.6300, 20.0700, 2529747
2015-03-06, 20.1800, 20.5400, 19.7300, 20.2100, 1308166
2015-03-09, 20.1600, 20.4300, 19.2600, 19.7200, 1484000
2015-03-10, 19.3700, 19.6400, 18.8800, 19.2700, 1308437
2015-03-11, 19.2800, 19.4200, 18.9100, 19.2800, 532620
2015-03-12, 19.3400, 20.1000, 19.1300, 20.0400, 869904
2015-03-13, 20.0300, 20.1500, 19.7300, 20.1100, 1196897
2015-03-16, 20.1500, 20.9900, 19.9000, 20.9300, 1801948
2015-03-17, 20.8000, 22.0000, 20.5900, 21.3700, 2942854
2015-03-18, 21.2300, 21.7100, 20.9400, 21.1400, 939150
2015-03-19, 20.9900, 21.5200, 20.6801, 21.0800, 757755
2015-03-20, 21.1100, 21.3640, 20.8101, 20.9100, 742159
2015-03-23, 20.7700, 21.2100, 20.5100, 20.7100, 687176
2015-03-24, 20.6500, 20.7100, 19.5000, 19.5100, 2479694
2015-03-25, 19.6600, 19.7600, 18.8100, 19.0400, 1400108
2015-03-26, 18.9000, 19.0999, 18.5200, 18.8100, 789005
2015-03-27, 18.8400, 19.2400, 18.8300, 19.1100, 561638
2015-03-30, 19.2900, 19.6639, 18.9300, 19.0900, 714221
2015-03-31, 18.9600, 19.3400, 18.8800, 19.0600, 806822
2015-04-01, 19.0700, 19.3300, 18.4000, 18.8600, 1217934
2015-04-02, 18.8200, 19.0900, 18.6500, 19.0600, 446048
2015-04-06, 18.8600, 19.4500, 18.8500, 19.4000, 454881
2015-04-07, 19.4300, 20.0100, 19.4300, 19.7000, 1253526
2015-04-08, 19.6700, 19.8700, 19.5400, 19.7700, 682018
2015-04-09, 19.7300, 19.8600, 19.5416, 19.8600, 415917
2015-04-10, 19.9000, 20.1600, 19.6800, 19.8600, 508231
2015-04-13, 19.8200, 20.1300, 19.6600, 19.6900, 560588
2015-04-14, 19.7500, 19.8500, 19.4500, 19.8300, 326302
2015-04-15, 20.0500, 21.1200, 20.0101, 21.0900, 1095840
2015-04-16, 20.9700, 22.0500, 20.8818, 22.0350, 1658312
2015-04-17, 21.8600, 21.8700, 21.0300, 21.0900, 934643
2015-04-20, 21.1700, 21.3600, 20.7400, 21.3100, 988396
2015-04-21, 21.3200, 22.1000, 21.0200, 22.0200, 1614532
2015-04-22, 22.0200, 22.4000, 21.4000, 22.0100, 1521697
2015-04-23, 21.9200, 22.2300, 21.7910, 21.9200, 561304
2015-04-24, 21.9700, 22.0600, 21.5400, 21.6500, 683199
2015-04-27, 21.6900, 22.0000, 21.2600, 21.7600, 744416
2015-04-28, 21.7800, 22.1600, 21.4305, 21.8000, 410295
2015-04-29, 21.6500, 22.1600, 21.1200, 21.4500, 551406
2015-04-30, 21.3300, 21.4700, 20.7000, 21.1400, 821293
2015-05-01, 21.3000, 21.4300, 20.4600, 21.0400, 585879
2015-05-04, 21.0100, 21.4000, 20.9000, 21.2600, 437491
2015-05-05, 21.1100, 21.4520, 20.8700, 21.0200, 959703
2015-05-06, 20.9600, 21.1400, 20.5600, 20.8000, 1261290
2015-05-07, 21.5000, 22.1600, 20.0100, 20.0500, 1768775
2015-05-08, 20.1900, 20.3000, 19.6600, 19.8900, 1056604
2015-05-11, 19.9200, 20.8700, 19.7700, 20.5700, 1295046
2015-05-12, 20.4300, 21.1300, 20.3500, 20.9400, 526329
2015-05-13, 20.9400, 21.1500, 20.6300, 20.6700, 437299
2015-05-14, 20.7000, 21.0400, 20.2100, 20.4900, 859619
2015-05-15, 20.5400, 21.3000, 20.5200, 21.0500, 1411114
2015-05-18, 21.0700, 21.7500, 20.8340, 21.3100, 700139
2015-05-19, 21.4500, 21.4940, 20.7800, 21.0300, 607547
2015-05-20, 21.0300, 22.0800, 20.9000, 22.0100, 1751126
2015-05-21, 21.9300, 22.2500, 21.6501, 21.9900, 904799
2015-05-22, 21.9900, 22.5000, 21.6600, 22.4000, 817155
2015-05-26, 22.3100, 22.4900, 21.2200, 21.4500, 993007
2015-05-27, 21.4400, 21.7900, 21.0550, 21.7800, 556612
2015-05-28, 21.7200, 21.7500, 21.3500, 21.6000, 480974
2015-05-29, 21.6200, 21.7100, 21.2200, 21.4000, 487275
2015-06-01, 21.4600, 22.2300, 21.2800, 22.1900, 869470
2015-06-02, 22.0000, 22.3200, 21.8310, 22.1100, 1008678
2015-06-03, 22.1400, 23.1000, 22.0700, 22.5000, 1975928
2015-06-04, 22.3900, 22.8700, 21.5000, 22.1800, 1173912
2015-06-05, 22.1800, 22.4400, 21.8200, 22.2200, 446939
2015-06-08, 22.2200, 22.3500, 21.5800, 21.7500, 472578
2015-06-09, 21.7100, 21.7900, 21.0400, 21.5300, 626815
2015-06-10, 21.6200, 22.1500, 21.6200, 22.0200, 609402
2015-06-11, 21.9400, 22.1400, 21.7700, 21.9600, 543226
2015-06-12, 21.8800, 22.5600, 21.7900, 22.0800, 851901
2015-06-15, 21.8900, 22.5000, 21.6910, 22.3800, 1099024
2015-06-16, 22.2500, 22.5699, 22.0400, 22.2400, 523603
2015-06-17, 22.3800, 22.8800, 22.3400, 22.5100, 1022141
2015-06-18, 22.5500, 23.0500, 22.5200, 22.8900, 815471
2015-06-19, 22.9200, 23.0500, 22.0702, 22.4900, 934944
2015-06-22, 22.6100, 22.9300, 21.9400, 22.0000, 793568
2015-06-23, 21.9200, 22.4000, 21.8500, 22.3300, 570157
2015-06-24, 22.2500, 22.4200, 21.8150, 21.8300, 561987
2015-06-25, 21.8800, 23.2000, 21.8701, 23.1600, 2375941
2015-06-26, 23.1600, 23.1999, 21.7100, 22.6400, 2109059
2015-06-29, 22.1900, 22.4500, 20.6800, 20.7500, 1736555
2015-06-30, 21.0000, 21.6300, 20.8400, 21.4300, 1249908
2015-07-01, 21.6800, 22.1700, 21.2600, 21.3500, 1169980
2015-07-02, 21.4100, 21.4700, 20.5100, 21.3400, 1165804
2015-07-06, 21.1200, 21.2850, 20.3500, 20.3600, 897823
2015-07-07, 20.4000, 20.4480, 18.5200, 19.5000, 2404767
2015-07-08, 19.4500, 19.7100, 19.2200, 19.5100, 996692
2015-07-09, 19.7900, 19.8350, 19.3250, 19.3900, 523553
2015-07-10, 19.7100, 19.8400, 19.4280, 19.7200, 492317
2015-07-13, 19.8000, 19.9700, 19.5000, 19.7500, 463721
2015-07-14, 19.5700, 19.9600, 19.5500, 19.8200, 759497
2015-07-15, 19.8400, 19.9900, 19.6300, 19.7900, 443976
2015-07-16, 19.9200, 20.1600, 19.7640, 19.9900, 435303
2015-07-17, 19.9900, 20.2500, 19.6000, 19.6700, 520249
2015-07-20, 19.6600, 19.7500, 19.2800, 19.3400, 672083
2015-07-21, 19.3400, 19.5900, 19.2150, 19.3100, 478268
2015-07-22, 19.1600, 19.3600, 18.9200, 19.0700, 562839
2015-07-23, 19.1600, 19.7200, 19.0600, 19.3300, 831581
2015-07-24, 19.3700, 19.5100, 18.4500, 18.4800, 1047015
2015-07-27, 18.3800, 18.4000, 17.4400, 17.7800, 1333596
2015-07-28, 17.9900, 18.5550, 17.4600, 18.4400, 1412635
2015-07-29, 18.4400, 18.6700, 18.0600, 18.5700, 642745
2015-07-30, 18.5500, 18.8400, 18.2800, 18.5000, 817456
2015-07-31, 18.5600, 18.5650, 18.0750, 18.2300, 676006
2015-08-03, 18.2400, 18.6600, 18.1000, 18.3600, 870706
2015-08-04, 18.4800, 18.5700, 18.0900, 18.1200, 689691
2015-08-05, 18.2400, 18.7300, 18.1600, 18.2900, 851565
2015-08-06, 18.5000, 18.7500, 16.5400, 16.9600, 4490603
2015-08-07, 16.9000, 17.2700, 16.4500, 16.6800, 1041238
2015-08-10, 16.8200, 17.5100, 16.6390, 17.4400, 803677
2015-08-11, 17.2000, 17.4500, 16.7801, 16.8700, 753830
2015-08-12, 16.5400, 17.1200, 16.3700, 17.0000, 588839
2015-08-13, 17.0000, 17.0000, 16.5300, 16.5400, 531571
2015-08-14, 16.4600, 16.7800, 16.3100, 16.5700, 480634
2015-08-17, 16.5700, 16.5800, 16.2200, 16.4400, 549345
2015-08-18, 16.3500, 16.6100, 16.1450, 16.2900, 800152
2015-08-19, 16.2900, 16.5500, 16.0500, 16.3100, 627860
2015-08-20, 16.1600, 16.3000, 15.6900, 15.8300, 1109714
2015-08-21, 15.4000, 15.9800, 15.3100, 15.4800, 757227
2015-08-24, 14.3100, 16.3700, 12.5000, 15.4100, 1559876
2015-08-25, 16.1700, 16.3499, 14.9900, 15.0100, 1652847
2015-08-26, 15.2700, 15.5600, 14.6700, 15.4000, 1626871
2015-08-27, 15.5800, 15.7537, 15.2500, 15.5000, 836591
2015-08-28, 15.3600, 16.0400, 15.3600, 15.6700, 648130
2015-08-31, 15.5200, 16.0100, 15.4500, 15.8900, 538866
2015-09-01, 15.6300, 16.1200, 15.3800, 15.6100, 808580
2015-09-02, 15.8400, 16.4600, 15.2500, 16.4400, 1043490
2015-09-03, 16.3500, 16.5900, 15.7200, 15.9000, 812143
2015-09-04, 15.7000, 16.2500, 15.5500, 15.8900, 442907
2015-09-08, 16.0800, 16.1700, 15.6300, 15.8800, 570381
2015-09-09, 16.0100, 16.1160, 15.6300, 15.7400, 535356
2015-09-10, 15.7500, 15.9400, 15.1700, 15.3200, 685073
2015-09-11, 15.2200, 15.3100, 14.9000, 15.1800, 511208
2015-09-14, 15.1700, 15.2200, 14.7700, 15.1900, 665338
2015-09-15, 15.1500, 15.3600, 14.9600, 15.0200, 470705
2015-09-16, 14.9900, 15.2600, 14.9200, 15.0000, 594069
2015-09-17, 14.9900, 15.5800, 14.9900, 15.4100, 655072
2015-09-18, 15.1400, 15.5900, 15.1200, 15.4100, 832031
2015-09-21, 15.5500, 15.5500, 14.9100, 15.1500, 702286
2015-09-22, 15.0000, 15.1300, 14.7000, 15.0800, 1266569
2015-09-23, 15.0800, 15.1500, 14.6350, 14.7150, 662083
2015-09-24, 14.6000, 14.9200, 14.3400, 14.7900, 1038817
2015-09-25, 14.8700, 14.9200, 14.5400, 14.6400, 938742
2015-09-28, 14.5300, 14.6500, 13.6400, 14.0000, 1328627
2015-09-29, 13.9500, 14.8300, 13.8450, 14.7400, 1783332
2015-09-30, 14.8700, 15.4400, 14.7500, 15.2800, 1101092
2015-10-01, 15.2500, 15.4399, 14.5900, 14.8700, 839923
2015-10-02, 14.7200, 15.5100, 14.6500, 15.5000, 596555
2015-10-05, 15.6200, 16.2700, 15.5600, 16.1000, 753497
2015-10-06, 16.0500, 16.3200, 15.8400, 16.0000, 653700
2015-10-07, 16.1000, 17.0000, 15.9200, 16.9700, 945277
2015-10-08, 16.9600, 17.2240, 16.4100, 16.9900, 865617
2015-10-09, 17.0100, 17.3400, 16.8800, 17.0400, 601260
2015-10-12, 17.1300, 17.2200, 16.7400, 16.8300, 645880
2015-10-13, 16.6600, 16.8700, 16.4000, 16.4700, 414015
2015-10-14, 16.5100, 16.8800, 16.2500, 16.3100, 773828
2015-10-15, 16.3700, 17.0100, 16.3240, 16.9200, 755931
2015-10-16, 16.9600, 17.2900, 16.4600, 16.6000, 823538
2015-10-19, 16.5700, 16.7400, 16.1600, 16.5500, 532019
2015-10-20, 16.4900, 16.9300, 16.4200, 16.5500, 532079
2015-10-21, 16.5700, 16.8020, 15.7000, 15.7100, 555371
2015-10-22, 15.8600, 16.0800, 15.3300, 15.5400, 760986
2015-10-23, 15.7800, 15.8500, 15.3960, 15.6000, 701980
2015-10-26, 15.6000, 15.7000, 14.8900, 14.9300, 1648329
2015-10-27, 14.9200, 15.2700, 14.6750, 14.7800, 1259481
2015-10-28, 14.8000, 15.1200, 14.2000, 14.4500, 1613111
2015-10-29, 14.5000, 14.6700, 14.0600, 14.2600, 1588305
2015-10-30, 14.2600, 14.4760, 13.9400, 14.1300, 944451
2015-11-02, 14.1500, 14.5600, 14.0600, 14.2900, 1693602
2015-11-03, 14.2100, 15.0700, 14.1600, 14.8400, 1120592
2015-11-04, 14.8500, 15.2300, 14.5300, 14.9000, 1636299
2015-11-05, 16.2500, 17.0400, 16.2200, 16.4100, 3997403
2015-11-06, 16.4100, 17.9934, 16.2732, 17.8000, 2403975
2015-11-09, 17.7200, 18.0500, 16.8450, 16.9500, 1602809
2015-11-10, 16.9700, 17.1700, 16.0100, 16.2300, 1196712
2015-11-11, 16.2100, 16.5450, 15.9600, 16.1200, 768910
2015-11-12, 16.1000, 16.4600, 15.9700, 16.1900, 1042846
2015-11-13, 16.2100, 16.5200, 15.3600, 15.5400, 893077
2015-11-16, 15.6300, 16.2500, 15.2426, 16.2500, 911955
2015-11-17, 16.1800, 17.6300, 16.0000, 17.0900, 1980081
2015-11-18, 17.1100, 17.5700, 16.7300, 17.2400, 953641
2015-11-19, 17.1700, 18.1300, 17.1100, 18.0000, 953404
2015-11-20, 18.0800, 18.4900, 17.9500, 18.1800, 1059834
2015-11-23, 18.1100, 18.1900, 17.5200, 17.7000, 774726
2015-11-24, 17.6500, 18.1400, 17.3800, 17.9000, 947247
2015-11-25, 18.4000, 18.4000, 17.6650, 17.8500, 297708
2015-11-27, 17.8000, 17.9900, 17.5800, 17.7300, 178420
2015-11-30, 17.7600, 18.0600, 17.5600, 17.9500, 521127
2015-12-01, 17.9900, 18.3900, 17.7300, 18.3500, 527610
2015-12-02, 18.4100, 19.6100, 18.2350, 19.4600, 1868104
2015-12-03, 19.4000, 19.4050, 18.7100, 18.9400, 557035
2015-12-04, 19.0400, 19.5800, 18.7400, 19.2100, 517691
2015-12-07, 19.4800, 19.4800, 18.6800, 18.8800, 461904
2015-12-08, 18.4000, 19.1400, 18.2877, 18.8000, 419093
2015-12-09, 18.6600, 19.3400, 18.4500, 18.5000, 396498
2015-12-10, 18.5400, 18.8800, 18.4400, 18.6600, 348508
2015-12-11, 18.2300, 18.5000, 17.4500, 17.4500, 572787
2015-12-14, 17.4200, 17.7900, 16.9500, 17.1100, 720113
2015-12-15, 17.1400, 17.9200, 17.1100, 17.4800, 691690
2015-12-16, 17.3100, 18.4000, 17.3100, 18.3500, 505978
2015-12-17, 18.3400, 18.5400, 18.0800, 18.3300, 418855
2015-12-18, 18.3000, 18.5600, 17.3360, 17.4200, 673106
2015-12-21, 17.4600, 18.1200, 17.2000, 18.0800, 444190
2015-12-22, 18.1200, 18.5000, 17.9400, 18.4300, 338399
2015-12-23, 18.5000, 19.0500, 18.3500, 19.0500, 455789
2015-12-24, 19.0400, 19.2600, 18.6599, 18.6800, 226607
2015-12-28, 18.6100, 18.7700, 18.4100, 18.6200, 227521
2015-12-29, 18.7700, 19.0600, 18.6001, 18.7300, 177618
2015-12-30, 18.6600, 18.6900, 18.1800, 18.2500, 238879
2015-12-31, 18.1100, 18.3350, 17.3808, 17.8000, 341924
2016-01-04, 17.5000, 17.7900, 16.8500, 17.0100, 666330
2016-01-05, 17.1900, 17.1900, 16.5700, 16.6700, 451599
2016-01-06, 16.4200, 16.8400, 16.2500, 16.3500, 511661
2016-01-07, 16.0000, 16.4000, 15.8000, 15.8700, 453888
2016-01-08, 15.8500, 16.1660, 15.3300, 15.3500, 581888
2016-01-11, 15.4000, 15.6500, 14.7700, 15.5200, 702131
2016-01-12, 15.6000, 15.9800, 14.8600, 15.1000, 743171
2016-01-13, 15.1200, 15.3247, 14.4100, 14.6600, 709300
2016-01-14, 14.7400, 15.2400, 13.9700, 15.1100, 1093138
2016-01-15, 14.4500, 14.8000, 14.1101, 14.6300, 999680
2016-01-19, 14.9300, 14.9400, 13.7200, 13.7600, 1273323
2016-01-20, 13.5600, 13.9300, 12.8300, 13.6800, 1623156
2016-01-21, 13.7300, 14.7800, 13.5000, 14.6400, 1014762
2016-01-22, 15.0000, 15.1000, 14.6900, 14.8800, 408171
2016-01-25, 14.6800, 14.9800, 13.9700, 14.0500, 440990
2016-01-26, 14.0700, 14.5500, 13.8100, 14.3400, 475951
2016-01-27, 14.2100, 14.4100, 13.9420, 14.0400, 560606
2016-01-28, 14.4900, 14.6000, 13.9500, 14.0300, 632193
2016-01-29, 14.0200, 14.6200, 13.9700, 14.5500, 787915
2016-02-01, 14.5200, 14.5200, 14.1200, 14.2800, 472387
2016-02-02, 14.1100, 14.3500, 13.6254, 13.8600, 665635
2016-02-03, 13.9600, 14.0750, 12.8900, 13.4100, 1048433
2016-02-04, 13.3400, 13.8556, 13.1900, 13.6500, 381721
2016-02-05, 13.5900, 13.6450, 13.0100, 13.2100, 1188629
2016-02-08, 13.0000, 13.1300, 12.1900, 12.4100, 1298893
2016-02-09, 12.1600, 13.3300, 11.9300, 13.0400, 1618853
2016-02-10, 13.1500, 13.7150, 12.9800, 13.1800, 585141
2016-02-11, 12.8500, 13.5600, 12.8500, 13.5200, 675296
2016-02-12, 13.6600, 13.9500, 13.3000, 13.8900, 518601
2016-02-16, 9.4700, 10.2100, 7.9000, 10.0800, 20981801
2016-02-17, 10.0400, 10.3300, 9.4802, 9.6200, 4736119
2016-02-18, 9.6700, 10.1200, 9.3900, 9.9400, 2480826
2016-02-19, 9.9600, 10.0999, 9.6705, 10.0500, 1174315
2016-02-22, 10.1200, 12.4900, 9.9900, 11.0500, 5560896
2016-02-23, 11.0100, 11.4599, 10.9000, 10.9600, 1892504
2016-02-24, 10.8000, 10.8900, 10.3500, 10.4800, 1797561
2016-02-25, 9.7500, 10.2250, 9.5300, 10.2000, 2512136
2016-02-26, 10.3100, 10.6600, 10.0700, 10.5900, 1206529
2016-02-29, 10.6500, 11.1400, 10.5601, 10.8800, 1105984
2016-03-01, 11.0000, 11.6200, 10.9050, 11.6100, 1243830
2016-03-02, 11.5600, 11.7000, 10.8800, 11.6500, 824302
2016-03-03, 11.6700, 12.0000, 11.4200, 11.9600, 948015
2016-03-04, 12.0000, 12.5500, 11.8400, 12.2400, 1086885
2016-03-07, 12.1800, 12.4000, 11.5200, 11.7500, 1271273
2016-03-08, 11.7300, 11.9000, 11.2900, 11.3700, 1108980
2016-03-09, 11.4200, 11.6600, 11.1600, 11.5600, 683724
2016-03-10, 11.6500, 11.8900, 11.2100, 11.4200, 642280
2016-03-11, 11.5200, 11.9400, 11.5200, 11.7900, 691325
2016-03-14, 11.7400, 12.4290, 11.6900, 11.9200, 1183281
2016-03-15, 11.8300, 11.9200, 11.1100, 11.2400, 872363
2016-03-16, 11.2100, 11.6800, 11.2100, 11.4700, 539231
2016-03-17, 11.4400, 11.8300, 11.3801, 11.6200, 958079
2016-03-18, 11.6600, 11.7400, 10.9700, 11.0000, 1796411
2016-03-21, 11.1000, 11.6500, 11.0000, 11.6500, 1550716
2016-03-22, 11.6300, 11.7600, 11.2500, 11.3000, 834231
2016-03-23, 11.2000, 11.3000, 10.6000, 10.6700, 1050004
2016-03-24, 10.6400, 10.6975, 10.2300, 10.6700, 1115542
2016-03-28, 10.6700, 10.6900, 10.3800, 10.5000, 710894
2016-03-29, 10.4200, 10.9001, 10.4100, 10.8600, 1026292
2016-03-30, 10.9800, 11.0500, 10.8500, 10.9300, 1027912
2016-03-31, 10.9500, 11.1200, 10.9100, 11.0100, 891786
2016-04-01, 10.8600, 11.0400, 10.5200, 10.6700, 857729
2016-04-04, 10.6200, 10.6750, 10.3600, 10.4900, 899642
2016-04-05, 10.3800, 10.6900, 10.3600, 10.4900, 576763
2016-04-06, 10.6200, 11.0000, 10.6200, 10.9500, 1465201
2016-04-07, 10.8100, 11.2000, 10.7600, 10.8400, 1215162
2016-04-08, 10.9500, 11.3000, 10.6100, 10.8900, 683090
2016-04-11, 10.9500, 11.1300, 10.7300, 10.7500, 617197
2016-04-12, 10.7000, 10.9500, 10.5100, 10.8100, 514838
2016-04-13, 10.9400, 11.3200, 10.7900, 11.1600, 683382
2016-04-14, 11.1300, 11.6200, 11.0400, 11.5100, 677535
2016-04-15, 11.4400, 11.7800, 11.4300, 11.7000, 840592
2016-04-18, 11.6900, 11.7200, 11.4600, 11.5600, 597538
2016-04-19, 11.5700, 11.6800, 11.1865, 11.5900, 876440
2016-04-20, 11.6000, 11.6900, 10.9800, 11.0500, 2084728
2016-04-21, 11.0400, 11.4400, 10.8875, 10.9000, 2209391
2016-04-22, 10.9400, 11.7300, 10.9000, 11.4100, 1727067
2016-04-25, 11.4100, 11.5199, 10.7200, 10.8900, 1032349
2016-04-26, 11.0200, 11.3000, 10.8400, 10.8700, 878165
2016-04-27, 10.8200, 10.9800, 10.7800, 10.9000, 352457
2016-04-28, 10.8300, 11.1800, 10.8100, 10.8600, 534119
2016-04-29, 10.7800, 10.9999, 10.3600, 10.5900, 773650
2016-05-02, 10.6100, 10.7808, 10.4900, 10.7000, 597051
2016-05-03, 10.5500, 10.6500, 10.3400, 10.4300, 647520
2016-05-04, 10.4000, 10.9500, 9.7500, 10.1500, 3779484
2016-05-05, 10.3500, 10.6300, 10.0200, 10.3000, 3041073
2016-05-06, 10.4600, 10.5800, 9.7500, 10.0400, 1869201
2016-05-09, 9.9500, 10.0000, 9.1500, 9.6900, 2142404
2016-05-10, 9.7300, 9.9450, 9.4800, 9.8800, 1518042
2016-05-11, 9.8800, 9.9500, 9.6600, 9.7400, 820945
2016-05-12, 9.8000, 9.9400, 9.3700, 9.5300, 1599407
2016-05-13, 9.4200, 9.9100, 9.2800, 9.7300, 1409429
2016-05-16, 9.7900, 9.9000, 9.4500, 9.6600, 1255524
2016-05-17, 9.6400, 9.7500, 9.4900, 9.5500, 1071596
2016-05-18, 9.4600, 9.7000, 9.4150, 9.6700, 1075773
2016-05-19, 9.5600, 9.7400, 9.3800, 9.5000, 1221863
2016-05-20, 9.5100, 9.7900, 9.3850, 9.7400, 659016
2016-05-23, 9.6700, 10.1100, 9.6300, 9.9600, 2268243
2016-05-24, 10.0100, 10.1700, 9.5000, 9.6000, 1863810
2016-05-25, 9.6100, 9.7100, 9.4841, 9.6350, 914101
2016-05-26, 9.6800, 11.7500, 9.5900, 11.2100, 9271211
2016-05-27, 11.1500, 11.3500, 11.0100, 11.2000, 2045059
2016-05-31, 11.2900, 11.4700, 11.1400, 11.2400, 1213718
2016-06-01, 11.1100, 11.1500, 10.6050, 10.8200, 2760748
2016-06-02, 10.7900, 11.2000, 10.7900, 11.0700, 1139153
2016-06-03, 10.4000, 11.1600, 9.2600, 9.2900, 11946846
2016-06-06, 9.2600, 9.4300, 9.1000, 9.1800, 2304665
2016-06-07, 9.2600, 9.6700, 9.2000, 9.5900, 2321317
2016-06-08, 9.6000, 9.8900, 9.5000, 9.7900, 1506838
2016-06-09, 9.7300, 9.7750, 9.3500, 9.5100, 1762053
2016-06-10, 9.4500, 9.4500, 8.9000, 8.9700, 1361655
2016-06-13, 8.9900, 9.0200, 8.7400, 8.8100, 1236630
2016-06-14, 8.7200, 9.0100, 8.5100, 8.6000, 1374684
2016-06-15, 8.5100, 8.7399, 8.2000, 8.4500, 1869232
2016-06-16, 8.3000, 8.4400, 8.0800, 8.2300, 1532024
2016-06-17, 8.2600, 8.6300, 8.2100, 8.2400, 1464320
2016-06-20, 8.3900, 8.5700, 8.2500, 8.4000, 898374
2016-06-21, 8.4300, 8.4600, 8.2300, 8.2800, 647470
2016-06-22, 8.3300, 8.4800, 8.1600, 8.3000, 1083227
2016-06-23, 8.3800, 9.0000, 8.3750, 8.8800, 1898875
2016-06-24, 8.4000, 8.5950, 8.2900, 8.3700, 1455817
2016-06-27, 8.2600, 8.3450, 7.8000, 7.8600, 1566253
2016-06-28, 7.9500, 8.2900, 7.9000, 7.9900, 1829532
2016-06-29, 8.1300, 8.2900, 7.9900, 8.2300, 2216558
2016-06-30, 8.2800, 8.4300, 8.1600, 8.3900, 992680
2016-07-01, 8.4400, 8.8200, 8.3250, 8.7600, 903040
2016-07-05, 8.7600, 8.7600, 8.3039, 8.4000, 999151
2016-07-06, 8.3100, 8.5500, 8.2000, 8.4400, 1467638
2016-07-07, 8.4400, 8.6600, 8.2600, 8.4000, 948054
2016-07-08, 8.5500, 8.6900, 8.2300, 8.6000, 1117706
2016-07-11, 8.7600, 8.8300, 8.6400, 8.6700, 1037245
2016-07-12, 8.8000, 9.0200, 8.6800, 8.9200, 1612990
2016-07-13, 8.9900, 9.0200, 8.7600, 8.7900, 1132921
2016-07-14, 8.8500, 9.0000, 8.6400, 8.7700, 902254
2016-07-15, 8.8100, 8.8900, 8.7100, 8.8400, 512605
2016-07-18, 8.7500, 8.8500, 8.4400, 8.5400, 1193512
2016-07-19, 8.5700, 8.6000, 8.2500, 8.2600, 703347
2016-07-20, 8.3300, 8.6100, 8.2100, 8.5700, 971159
2016-07-21, 8.5100, 8.7200, 8.2900, 8.3200, 723156
2016-07-22, 8.3300, 8.4100, 8.2500, 8.3300, 411542
2016-07-25, 8.3200, 8.4100, 8.2200, 8.3200, 346258
2016-07-26, 8.2900, 8.5400, 8.2700, 8.4600, 825636
2016-07-27, 8.4500, 8.6000, 8.2600, 8.3700, 1088812
2016-07-28, 8.3700, 8.4800, 8.2030, 8.4000, 753013
2016-07-29, 8.4000, 8.4700, 8.2000, 8.4100, 984678
2016-08-01, 8.4500, 8.5500, 8.2600, 8.4500, 879008
2016-08-02, 8.4100, 8.5700, 8.2700, 8.5000, 1490623
2016-08-03, 8.4700, 8.5700, 8.2800, 8.4200, 1289834
2016-08-04, 8.9900, 9.8400, 8.8800, 9.7600, 4203414
2016-08-05, 9.7500, 10.4400, 9.5800, 10.2800, 2354005
2016-08-08, 10.2000, 11.1000, 10.1500, 10.6300, 1999504
2016-08-09, 10.5800, 11.4000, 10.5100, 11.3200, 2719634
2016-08-10, 11.2600, 11.4000, 11.0925, 11.2800, 1388375
2016-08-11, 11.3800, 11.5500, 11.3200, 11.3700, 1560682
2016-08-12, 11.3100, 11.3500, 11.1200, 11.1800, 1132986
2016-08-15, 11.4500, 11.8440, 11.3000, 11.6900, 1859097
2016-08-16, 11.7200, 11.9200, 11.4801, 11.7900, 1111463
2016-08-17, 11.8700, 11.9000, 11.6300, 11.7100, 712787
2016-08-18, 11.7500, 11.9500, 11.4800, 11.7900, 842619
2016-08-19, 11.7200, 11.8200, 11.6200, 11.7000, 558314
2016-08-22, 11.6400, 11.7500, 11.4500, 11.7300, 702473
2016-08-23, 11.7700, 11.9700, 11.7100, 11.8900, 577942
2016-08-24, 11.8300, 12.0600, 11.6400, 11.6900, 1204452
2016-08-25, 11.7800, 11.8600, 11.5000, 11.6000, 705882
2016-08-26, 11.5600, 11.9100, 11.4400, 11.6600, 685607
2016-08-29, 11.6500, 11.9400, 11.5300, 11.8100, 805940
2016-08-30, 11.8000, 12.2100, 11.8000, 12.0900, 893451
2016-08-31, 12.0500, 12.8000, 11.8300, 12.2300, 2123714
2016-09-01, 12.1900, 12.5700, 12.1301, 12.5300, 1598557
2016-09-02, 12.6700, 12.7000, 12.2300, 12.2900, 774898
2016-09-06, 12.2900, 12.4411, 12.1910, 12.2900, 1314302
2016-09-07, 12.2600, 12.6400, 12.2600, 12.3800, 1070519
2016-09-08, 12.3400, 12.4500, 12.2800, 12.3400, 771238
2016-09-09, 12.2100, 12.3500, 11.7650, 12.0100, 1520765
2016-09-12, 11.9300, 12.2300, 11.9100, 12.1800, 628818
2016-09-13, 12.0500, 12.2691, 11.7400, 11.9300, 830628
2016-09-14, 11.9000, 12.2000, 11.7510, 11.8800, 1734474
2016-09-15, 11.8700, 12.0970, 11.8500, 11.9400, 680852
2016-09-16, 11.9200, 12.0200, 11.6600, 11.9800, 1706921
2016-09-19, 11.9900, 12.1100, 11.8000, 11.9500, 817449
2016-09-20, 11.9500, 12.0600, 11.7300, 11.9700, 1145016
2016-09-21, 12.0500, 12.2200, 11.8200, 12.1700, 875084
2016-09-22, 12.2300, 12.4600, 12.2100, 12.3800, 561936
2016-09-23, 12.3900, 12.4800, 12.2700, 12.3600, 519251
2016-09-26, 12.2800, 12.4000, 12.0050, 12.0900, 979618
2016-09-27, 12.0300, 12.3800, 11.9800, 12.3500, 928708
2016-09-28, 12.4600, 13.2800, 12.2900, 12.8900, 2665082
2016-09-29, 13.0100, 13.2000, 11.6700, 11.6900, 3735614
2016-09-30, 11.8000, 11.8150, 10.9550, 11.0400, 3364235
2016-10-03, 11.1100, 11.2920, 10.9900, 11.1200, 818877
2016-10-04, 11.1700, 11.2700, 10.9890, 11.0900, 826258
2016-10-05, 11.1100, 11.4100, 11.0800, 11.2700, 732336
2016-10-06, 11.2700, 11.3200, 10.4300, 10.9100, 3539071
2016-10-07, 11.0000, 11.2900, 10.6900, 10.8200, 1048315
2016-10-10, 10.9200, 11.3200, 10.9200, 11.1400, 796855
2016-10-11, 11.1000, 11.1500, 10.7000, 10.8400, 651850
2016-10-12, 10.8800, 10.9700, 10.7400, 10.7500, 416401
2016-10-13, 10.6900, 10.7700, 10.5100, 10.7400, 816745
2016-10-14, 10.8300, 10.9100, 10.7500, 10.7500, 567669
2016-10-17, 10.7200, 10.8200, 10.6400, 10.7800, 259377
2016-10-18, 10.8900, 11.0500, 10.8100, 10.8700, 540773
2016-10-19, 10.8500, 11.0700, 10.8100, 10.9500, 543993
2016-10-20, 10.8900, 10.9500, 10.6400, 10.7300, 513934
2016-10-21, 10.6200, 10.7800, 10.6100, 10.7100, 348256
2016-10-24, 10.7400, 10.9200, 10.6600, 10.7500, 391998
2016-10-25, 10.6700, 10.8100, 10.5400, 10.5500, 432582
2016-10-26, 10.4600, 10.6500, 10.4400, 10.4600, 418236
2016-10-27, 10.5100, 10.5300, 10.3200, 10.3500, 581222
2016-10-28, 10.3700, 10.5300, 10.0000, 10.0300, 1140387
2016-10-31, 10.0300, 10.2200, 9.7800, 10.1100, 1902068
2016-11-01, 10.1000, 10.1500, 9.5600, 9.8100, 1365929
2016-11-02, 9.7000, 9.8200, 9.6300, 9.6700, 1470088
2016-11-03, 9.8500, 10.0410, 9.4100, 9.7500, 2104569
2016-11-04, 9.6600, 9.7900, 9.5100, 9.5200, 943243
2016-11-07, 9.7200, 9.7700, 9.5900, 9.6800, 773655
2016-11-08, 9.6800, 9.7500, 9.4500, 9.6700, 633594
2016-11-09, 9.4600, 9.5000, 8.8800, 8.9100, 4645450
2016-11-10, 9.0400, 9.0800, 8.6100, 8.7800, 2747523
2016-11-11, 8.7800, 9.2100, 8.5800, 9.1700, 2336771
2016-11-14, 9.1600, 9.2200, 8.8500, 9.0500, 2556130
2016-11-15, 9.0700, 9.4150, 8.8100, 9.0900, 2312303
2016-11-16, 9.0700, 9.1900, 8.9500, 9.0400, 1841490
2016-11-17, 9.1400, 9.2864, 8.9000, 8.9700, 1715410
2016-11-18, 9.0000, 9.1199, 8.8400, 8.9800, 1574588
2016-11-21, 8.9700, 9.2900, 8.9000, 9.2300, 1293952
2016-11-22, 9.3000, 9.3695, 9.0300, 9.2400, 819518
2016-11-23, 9.2400, 9.5000, 9.0900, 9.4900, 886806
2016-11-25, 9.4700, 9.6900, 9.3600, 9.5400, 612498
2016-11-28, 9.5400, 9.6300, 9.2800, 9.3100, 856700
2016-11-29, 9.3400, 9.5000, 9.2100, 9.4200, 1288441
2016-11-30, 9.4200, 9.5200, 9.2800, 9.3900, 740858
2016-12-01, 9.3800, 9.4600, 8.9250, 9.0100, 887719
2016-12-02, 9.0400, 9.2700, 8.8850, 9.2000, 1108615
2016-12-05, 9.2800, 9.4700, 9.2050, 9.3500, 750765
2016-12-06, 9.3300, 9.5000, 9.2150, 9.4100, 740778
2016-12-07, 9.5200, 9.6300, 9.2700, 9.6000, 768968
2016-12-08, 9.4000, 9.7100, 9.2100, 9.6500, 1040443
2016-12-09, 9.8300, 9.9770, 9.6001, 9.7000, 899582
2016-12-12, 9.7700, 9.8500, 9.3500, 9.3700, 742890
2016-12-13, 9.4300, 9.5900, 9.3000, 9.5100, 758578
2016-12-14, 9.4000, 9.5500, 9.3500, 9.4400, 816467
2016-12-15, 9.4600, 9.7483, 9.4000, 9.6900, 1129506
2016-12-16, 9.6800, 9.8100, 9.5500, 9.7000, 2422775
2016-12-19, 9.0300, 10.2400, 9.0000, 9.9900, 2034781
2016-12-20, 10.0000, 10.2790, 9.6400, 10.2200, 2394195
2016-12-21, 10.2600, 10.4500, 9.9000, 9.9200, 1358433
2016-12-22, 9.9500, 9.9500, 9.6300, 9.6800, 654776
2016-12-23, 9.6600, 9.8166, 9.3900, 9.5700, 633795
2016-12-27, 9.5600, 9.6399, 9.3900, 9.4800, 682977
2016-12-28, 9.4800, 9.6500, 9.4000, 9.4500, 772220
2016-12-29, 9.4500, 9.5700, 9.2500, 9.3200, 500245
2016-12-30, 9.3000, 9.3100, 9.1500, 9.2200, 741528
2017-01-03, 9.3300, 9.6450, 9.2200, 9.5600, 958602
2017-01-04, 9.6200, 9.9000, 9.5800, 9.7000, 787856
2017-01-05, 9.7000, 9.7700, 9.2400, 9.2800, 766077
2017-01-06, 9.3000, 9.3200, 9.1325, 9.2350, 1224184
2017-01-09, 9.2700, 9.3300, 9.0300, 9.2400, 763317
2017-01-10, 9.2400, 9.4000, 9.1300, 9.2700, 398115
2017-01-11, 9.2800, 9.5000, 9.2600, 9.4400, 457125
2017-01-12, 9.4200, 9.5000, 9.1600, 9.4700, 610407
2017-01-13, 9.5000, 9.7000, 9.4796, 9.5400, 414812
2017-01-17, 9.5200, 9.6500, 9.3900, 9.4800, 469537
2017-01-18, 9.5000, 9.5300, 9.3200, 9.3500, 572492
2017-01-19, 9.3400, 9.4100, 9.1800, 9.2400, 708697
2017-01-20, 9.3400, 9.3400, 8.9400, 8.9600, 1435200
2017-01-23, 8.9600, 8.9800, 8.5600, 8.7700, 1307010
2017-01-24, 8.8000, 8.8800, 8.6000, 8.7100, 1409058
2017-01-25, 9.0700, 9.6100, 9.0100, 9.4200, 2509622
2017-01-26, 9.4600, 9.4600, 9.2500, 9.2500, 631370
2017-01-27, 9.3100, 9.4100, 9.1400, 9.3600, 649571
2017-01-30, 9.2500, 9.3500, 9.0100, 9.1900, 472804
2017-01-31, 9.1700, 9.1900, 8.9800, 9.1500, 616000
2017-02-01, 9.2300, 9.3400, 9.0600, 9.0800, 543598
2017-02-02, 9.0900, 9.1400, 8.9250, 8.9800, 939702
2017-02-03, 9.0400, 9.1100, 8.9100, 8.9300, 634459
2017-02-06, 8.8900, 9.0000, 8.8100, 8.8600, 553569
2017-02-07, 8.9000, 8.9700, 8.6600, 8.8000, 610077
2017-02-08, 8.7500, 8.8600, 8.6500, 8.8600, 791210
2017-02-09, 8.8400, 8.9900, 8.7200, 8.9500, 513643
2017-02-10, 8.9600, 9.0200, 8.7900, 9.0000, 559190
2017-02-13, 9.0500, 9.1000, 8.9500, 8.9600, 396784
2017-02-14, 8.9600, 9.2600, 8.9340, 9.2400, 607724
2017-02-15, 9.2400, 9.4500, 9.1700, 9.4300, 551212
2017-02-16, 9.4500, 9.5000, 9.0200, 9.1000, 1122313
2017-02-17, 9.1100, 9.2400, 9.0100, 9.2200, 517825
2017-02-21, 9.2700, 9.4300, 9.1100, 9.3700, 797942
2017-02-22, 9.3500, 9.3500, 9.1200, 9.1600, 507678
2017-02-23, 9.1800, 9.2700, 9.1300, 9.1900, 572138
2017-02-24, 9.1400, 9.2900, 9.1100, 9.1200, 913031
2017-02-27, 10.2500, 11.0500, 10.1500, 10.4900, 8709536
2017-02-28, 10.4500, 10.9500, 10.3310, 10.6000, 2486978
2017-03-01, 10.6400, 11.6500, 10.6100, 11.4100, 2983722
2017-03-02, 11.4000, 11.4800, 10.7650, 10.7700, 1897529
2017-03-03, 10.7800, 10.8000, 10.4800, 10.6900, 1214238
2017-03-06, 10.6100, 10.9400, 10.6100, 10.9400, 1312732
2017-03-07, 10.9100, 11.1550, 10.7700, 11.1300, 1875623
2017-03-08, 11.1900, 11.4150, 11.1400, 11.4000, 1758210
2017-03-09, 11.4300, 12.0700, 11.3300, 12.0700, 2332540
2017-03-10, 12.0000, 12.0500, 11.8000, 11.9900, 1220592
2017-03-13, 12.0600, 12.1000, 11.8500, 12.0300, 847469
2017-03-14, 11.8700, 12.0800, 11.8400, 11.9600, 796314
2017-03-15, 12.0200, 12.0400, 11.7200, 12.0300, 648640
2017-03-16, 12.0800, 12.0900, 11.9400, 12.0500, 352279
2017-03-17, 11.9900, 12.2100, 11.8800, 12.1600, 902438
2017-03-20, 12.1700, 12.2500, 12.0200, 12.2500, 673569
2017-03-21, 12.3000, 12.3000, 11.8400, 11.9600, 1031683
2017-03-22, 11.8500, 11.9100, 11.4150, 11.7400, 1320038
2017-03-23, 11.7300, 11.7300, 11.0900, 11.1200, 2661605
2017-03-24, 11.1300, 11.1430, 10.8000, 10.8000, 1262580
2017-03-27, 10.6700, 10.7300, 10.5100, 10.7100, 1360220
2017-03-28, 10.7100, 10.8400, 10.5700, 10.8400, 870785
2017-03-29, 10.8300, 10.8900, 10.6950, 10.8500, 751131
2017-03-30, 10.8400, 11.0700, 10.7500, 10.9600, 694644
2017-03-31, 10.9700, 11.2580, 10.9500, 11.0000, 1166908
2017-04-03, 11.0400, 11.0700, 10.8500, 10.9100, 745287
2017-04-04, 10.9400, 12.0500, 10.9400, 11.6500, 3268096
2017-04-05, 11.7100, 11.8400, 11.3300, 11.3500, 1021151
2017-04-06, 11.3500, 11.5000, 11.2400, 11.4900, 609173
2017-04-07, 11.4200, 11.5200, 11.2000, 11.2000, 1051054
2017-04-10, 11.1500, 11.4100, 11.0620, 11.3100, 558250
2017-04-11, 11.2600, 11.5700, 11.2500, 11.4600, 683150
2017-04-12, 11.4400, 11.4800, 11.2800, 11.4400, 403202
2017-04-13, 11.4700, 11.4700, 11.2700, 11.2900, 542346
2017-04-17, 11.3100, 11.4500, 11.2300, 11.4300, 475659
2017-04-18, 11.3500, 11.3600, 11.1400, 11.2400, 400090
2017-04-19, 11.2500, 11.6700, 11.2500, 11.5600, 646482
2017-04-20, 11.6500, 11.8700, 11.5300, 11.8500, 639401
2017-04-21, 11.8500, 12.4000, 11.8260, 12.3400, 1501007
2017-04-24, 12.4600, 12.5400, 12.2700, 12.5000, 1058676
2017-04-25, 12.5300, 12.6950, 12.5000, 12.6600, 750894
2017-04-26, 12.7000, 13.0200, 12.6900, 12.8900, 1631681
2017-04-27, 12.9900, 13.0700, 12.7700, 12.7800, 1235336
2017-04-28, 12.8500, 12.8500, 12.5300, 12.6100, 582389
2017-05-01, 12.6400, 12.7500, 12.4800, 12.6400, 673182
2017-05-02, 12.6500, 12.7500, 12.4900, 12.6200, 790469
2017-05-03, 12.5600, 12.5900, 12.3050, 12.3400, 1692225
2017-05-04, 12.3200, 13.6900, 12.0400, 12.8500, 2922346
2017-05-05, 12.9800, 13.2900, 12.6300, 13.2200, 1393613
2017-05-08, 13.3300, 13.3700, 12.9300, 13.1000, 771971
2017-05-09, 13.1000, 13.2400, 12.8000, 13.2100, 782198
2017-05-10, 13.2000, 13.3500, 13.0900, 13.2800, 611466
2017-05-11, 13.2100, 13.5900, 13.1200, 13.4400, 955129
2017-05-12, 13.4400, 13.4400, 13.0900, 13.2700, 533954
2017-05-15, 13.3400, 13.6500, 13.2600, 13.4400, 611056
2017-05-16, 13.4400, 13.5000, 13.1800, 13.1900, 822407
2017-05-17, 13.0600, 13.1200, 12.6600, 12.6900, 1248961
2017-05-18, 12.6900, 12.7300, 12.3500, 12.5000, 973339
2017-05-19, 12.5700, 12.9400, 12.4800, 12.6800, 1037650
2017-05-22, 12.7100, 12.9420, 12.7100, 12.8500, 1016896
2017-05-23, 12.8800, 12.8800, 12.2510, 12.4400, 726049
2017-05-24, 12.4700, 12.6200, 12.3200, 12.5700, 1099929
2017-05-25, 12.6000, 12.7300, 12.5100, 12.6800, 552212
2017-05-26, 12.6800, 12.8400, 12.5200, 12.7100, 461685
2017-05-30, 12.6500, 12.7300, 12.5500, 12.6500, 802926
2017-05-31, 13.0100, 13.0760, 12.6800, 12.9300, 1531447
2017-06-01, 12.9800, 13.0000, 12.1900, 12.2100, 1721014
2017-06-02, 12.2300, 12.3480, 11.4800, 11.8200, 2258580
2017-06-05, 11.7900, 11.8110, 11.4950, 11.5900, 976691
2017-06-06, 11.5000, 11.7450, 11.2800, 11.6800, 977354
2017-06-07, 11.6600, 11.7000, 11.3100, 11.4400, 663579
2017-06-08, 11.4200, 11.7700, 11.3300, 11.7100, 593094
2017-06-09, 11.7100, 11.9100, 11.4100, 11.6100, 714333
2017-06-12, 11.5500, 11.7100, 11.4300, 11.6100, 480779
2017-06-13, 11.6700, 11.8400, 11.5900, 11.7800, 1157066
2017-06-14, 11.7700, 11.9900, 11.7130, 11.8100, 552161
2017-06-15, 11.6800, 11.8300, 11.5100, 11.8000, 719480
2017-06-16, 11.7200, 12.2500, 11.6900, 12.0300, 1761781
2017-06-19, 12.0800, 12.2000, 11.8300, 12.1400, 661608
2017-06-20, 12.1000, 12.1000, 11.8700, 12.0000, 648424
2017-06-21, 12.0000, 12.0800, 11.8300, 11.9500, 463801
2017-06-22, 11.9400, 11.9400, 11.7600, 11.8100, 467036
2017-06-23, 11.8200, 11.9700, 11.7630, 11.9400, 550153
2017-06-26, 11.9700, 12.0000, 11.8000, 11.9400, 279267
2017-06-27, 11.8800, 11.9300, 11.4400, 11.4800, 538062
2017-06-28, 11.5500, 11.8600, 11.4500, 11.8200, 578597
2017-06-29, 11.7700, 11.8500, 11.4700, 11.6600, 405348
2017-06-30, 11.6700, 11.8100, 11.4900, 11.5300, 536269
2017-07-03, 11.5900, 11.7500, 11.3300, 11.3800, 399833
2017-07-05, 11.4300, 11.4900, 11.1600, 11.4300, 478380
2017-07-06, 11.3400, 11.3567, 11.0700, 11.1100, 637479
2017-07-07, 11.1500, 11.1900, 11.0500, 11.1800, 342657
2017-07-10, 11.1700, 11.2600, 11.0250, 11.2400, 430547
2017-07-11, 11.1600, 11.3400, 11.1500, 11.2700, 432560
2017-07-12, 11.3200, 11.4900, 11.3200, 11.3700, 296966
2017-07-13, 11.4000, 11.6800, 11.3100, 11.6400, 474561
2017-07-14, 11.6300, 11.9300, 11.5600, 11.8400, 737832
2017-07-17, 11.8400, 11.9000, 11.6600, 11.7900, 416722
2017-07-18, 11.7100, 11.8400, 11.5900, 11.7900, 516876
2017-07-19, 11.7700, 11.9700, 11.6070, 11.8700, 555605
2017-07-20, 11.8800, 12.3100, 11.8800, 11.9500, 672107
2017-07-21, 12.0600, 12.1400, 11.8700, 12.1200, 360308
2017-07-24, 12.1200, 12.1900, 12.0200, 12.0700, 364659
2017-07-25, 12.0500, 12.5000, 12.0100, 12.3100, 536459
2017-07-26, 12.3300, 12.3700, 12.2200, 12.2400, 342883
2017-07-27, 12.2800, 12.3400, 12.1000, 12.2200, 377071
2017-07-28, 12.1400, 12.3700, 12.1400, 12.2600, 280579
2017-07-31, 12.2900, 12.3500, 11.9900, 12.1800, 549597
2017-08-01, 12.2200, 12.5700, 12.2000, 12.5300, 508200
2017-08-02, 12.5200, 12.7900, 12.1950, 12.7600, 920650
2017-08-03, 12.7800, 13.0500, 12.7050, 13.0000, 1148777
2017-08-04, 13.0900, 13.5600, 13.0900, 13.1200, 1908078
2017-08-07, 12.1400, 12.9000, 11.8000, 12.8200, 2228231
2017-08-08, 12.6700, 13.0000, 12.2200, 12.5500, 1086405
2017-08-09, 12.5300, 12.7900, 12.3400, 12.5100, 770126
2017-08-10, 12.4000, 12.5600, 12.3200, 12.4700, 608453
2017-08-11, 12.4600, 12.6200, 12.2500, 12.5600, 468487
2017-08-14, 12.6500, 13.0900, 12.6400, 13.0500, 722186
2017-08-15, 13.0600, 13.1200, 12.7350, 12.7700, 630209
2017-08-16, 12.8600, 13.0500, 12.7700, 12.8600, 474467
2017-08-17, 12.8000, 13.0400, 12.6300, 12.7000, 817280
2017-08-18, 12.5900, 12.8900, 12.5600, 12.6900, 842859
2017-08-21, 12.6900, 12.9000, 12.6200, 12.8900, 575826
2017-08-22, 12.9600, 13.3500, 12.9600, 13.2200, 1164660
2017-08-23, 13.1200, 13.4600, 13.0800, 13.4400, 524327
2017-08-24, 13.3600, 13.7100, 13.3500, 13.6700, 613870
2017-08-25, 13.7500, 13.9300, 13.6900, 13.8100, 535569
2017-08-28, 13.8200, 13.8200, 13.5300, 13.6100, 732743
2017-08-29, 13.5500, 13.6200, 13.4100, 13.4600, 613541
2017-08-30, 13.5000, 13.8200, 13.3700, 13.8000, 571070
2017-08-31, 13.8100, 14.0500, 13.7100, 14.0100, 1341028
2017-09-01, 14.0700, 14.0900, 13.7000, 13.8900, 781512
2017-09-05, 13.8400, 14.2800, 13.8400, 14.2300, 1156665
2017-09-06, 14.2500, 14.4100, 14.2000, 14.4000, 715825
2017-09-07, 14.4100, 14.5000, 14.2500, 14.3500, 518491
2017-09-08, 14.3500, 14.4200, 14.1900, 14.2700, 415450
2017-09-11, 14.3000, 14.7600, 14.1600, 14.4800, 1062842
2017-09-12, 14.5000, 14.5700, 14.2900, 14.3500, 365239
2017-09-13, 14.3200, 14.4200, 14.2200, 14.2500, 340184
2017-09-14, 14.2200, 14.3250, 14.1200, 14.2200, 926695
2017-09-15, 14.2400, 14.2400, 13.9500, 14.1100, 1000427
2017-09-18, 14.1400, 14.2900, 14.0700, 14.2000, 614932
2017-09-19, 13.3900, 13.6000, 13.1200, 13.2800, 2408693
2017-09-20, 13.0200, 13.3500, 13.0200, 13.1300, 701011
2017-09-21, 13.1400, 13.1400, 12.3000, 12.4000, 1418559
2017-09-22, 12.3700, 12.5000, 12.1600, 12.4500, 1079450
2017-09-25, 12.4000, 12.5400, 11.8000, 12.0000, 1320212
2017-09-26, 12.0900, 12.2800, 11.9950, 12.0900, 843239
2017-09-27, 12.1300, 12.4200, 11.9700, 12.3000, 1132226
2017-09-28, 12.2000, 12.2600, 11.9200, 12.0300, 742465
2017-09-29, 12.0500, 12.0500, 11.6100, 11.8100, 1502225
2017-10-02, 11.7700, 11.9900, 11.7700, 11.9700, 773833
2017-10-03, 11.9500, 12.0200, 11.8600, 11.9400, 944216
2017-10-04, 11.9100, 12.1800, 11.9100, 12.0500, 859202
2017-10-05, 12.1000, 12.1400, 11.8500, 12.1100, 1420622
2017-10-06, 12.1000, 12.2600, 11.7700, 11.7800, 1206678
2017-10-09, 11.8200, 11.8800, 11.6000, 11.7100, 1035275
2017-10-10, 11.7500, 11.7600, 11.5500, 11.7100, 1413909
2017-10-11, 11.7500, 11.9700, 11.5500, 11.6900, 887014
2017-10-12, 11.6500, 11.7500, 11.3800, 11.3800, 1036381
2017-10-13, 11.3500, 11.4200, 11.1500, 11.1500, 864616
2017-10-16, 11.1600, 11.2600, 10.6800, 10.7300, 1152503
2017-10-17, 10.6800, 11.0100, 10.6700, 10.9000, 1127515
2017-10-18, 10.8000, 10.9100, 10.4100, 10.8300, 2213760
2017-10-19, 10.7300, 10.8970, 10.3400, 10.3500, 1821787
2017-10-20, 10.4500, 10.7250, 10.2600, 10.6500, 1170479
2017-10-23, 10.6400, 10.6700, 10.4500, 10.5700, 700587
2017-10-24, 10.6900, 10.7800, 10.5200, 10.5800, 1450006
2017-10-25, 10.5600, 10.5900, 10.0400, 10.0800, 1787623
2017-10-26, 10.1300, 10.1300, 9.9400, 10.0200, 1239612
2017-10-27, 10.0600, 10.0900, 9.9400, 9.9900, 774099
2017-10-30, 10.0100, 10.0500, 9.8300, 9.9200, 922093
2017-10-31, 9.9000, 10.0600, 9.8700, 9.9400, 976835
2017-11-01, 9.9900, 10.0900, 9.7500, 9.9300, 1868787
2017-11-02, 10.3300, 10.8900, 8.8800, 8.9500, 4397649
2017-11-03, 8.8800, 9.1000, 8.6250, 8.7500, 3271757
2017-11-06, 8.7600, 9.0650, 8.5700, 8.8500, 2188739
2017-11-07, 8.9800, 9.2000, 8.6200, 9.1100, 1499469
2017-11-08, 9.0800, 9.9050, 9.0100, 9.7500, 2808381
2017-11-09, 9.7900, 9.9900, 9.4350, 9.7200, 1844460
2017-11-10, 9.6600, 9.8600, 9.5700, 9.7200, 1544288
2017-11-13, 9.6400, 9.9100, 9.5200, 9.7600, 1262479
2017-11-14, 9.6500, 9.7600, 9.5800, 9.6500, 874727
2017-11-15, 9.5500, 9.7700, 9.4600, 9.7400, 803586
2017-11-16, 9.9600, 10.9300, 9.8800, 10.6500, 3040269
2017-11-17, 10.6700, 11.2250, 10.3000, 10.5400, 3210174
2017-11-20, 10.5300, 10.5900, 10.1300, 10.1700, 1985903
2017-11-21, 10.2400, 10.2800, 9.9900, 9.9900, 982046
2017-11-22, 10.0300, 10.0680, 9.7400, 10.0500, 1052456
2017-11-24, 10.1100, 10.1800, 10.0000, 10.1100, 235712
2017-11-27, 10.1500, 10.4200, 10.1500, 10.2900, 1044718
2017-11-28, 10.3500, 10.5350, 10.1800, 10.5200, 983411
2017-11-29, 10.5000, 10.6900, 10.4950, 10.6800, 918118
2017-11-30, 10.7500, 11.0211, 10.5900, 11.0100, 1148691
2017-12-01, 11.0500, 11.2300, 10.7300, 11.2300, 1090546
2017-12-04, 11.4100, 11.4100, 10.8000, 11.0100, 1086440
2017-12-05, 10.9500, 11.2000, 10.8900, 11.1500, 998648
2017-12-06, 11.1600, 11.2350, 10.6100, 10.6400, 1098732
2017-12-07, 10.6100, 10.8800, 10.5200, 10.6300, 664700
2017-12-08, 10.7300, 10.9600, 10.6300, 10.9600, 590930
2017-12-11, 10.8400, 10.9050, 10.5400, 10.7700, 903774
2017-12-12, 10.7600, 10.8600, 10.5800, 10.6100, 489189
2017-12-13, 10.5600, 10.6800, 10.3000, 10.3900, 933310
2017-12-14, 10.3900, 10.8500, 10.3800, 10.6800, 1446980
2017-12-15, 10.7300, 10.8000, 10.4400, 10.7600, 1173796
2017-12-18, 10.8100, 11.2050, 10.7900, 11.1900, 1235203
2017-12-19, 11.1800, 11.1900, 10.9400, 11.1500, 893039
2017-12-20, 11.2000, 11.2600, 10.9750, 11.2300, 1118478
2017-12-21, 11.2900, 11.2900, 11.1300, 11.1800, 628233
2017-12-22, 11.1400, 11.1600, 10.9700, 11.0500, 295722
2017-12-26, 11.0300, 11.5500, 11.0200, 11.4500, 579220
2017-12-27, 11.4300, 11.7500, 11.4100, 11.5600, 504485
2017-12-28, 11.5500, 11.6002, 11.2300, 11.4400, 577498
2017-12-29, 11.4900, 11.5000, 11.2250, 11.2800, 879417
2018-01-02, 11.3500, 11.5500, 11.1500, 11.3600, 642500
2018-01-03, 11.4500, 11.6350, 11.2300, 11.3000, 863577
2018-01-04, 11.3800, 11.4100, 11.1300, 11.1500, 621534
2018-01-05, 11.1500, 11.3600, 11.0500, 11.1500, 623756
2018-01-08, 11.1300, 11.3600, 10.9000, 10.9800, 688889
2018-01-09, 10.9600, 11.2200, 10.8210, 10.9100, 554677
2018-01-10, 10.8300, 10.9300, 10.5100, 10.5600, 676187
2018-01-11, 10.5600, 10.7500, 10.3101, 10.4500, 1279757
2018-01-12, 10.4800, 10.6700, 10.3300, 10.3500, 792941
2018-01-16, 10.3500, 10.4600, 10.0200, 10.0900, 959703
2018-01-17, 10.1000, 10.2800, 9.8500, 10.1900, 859377
2018-01-18, 10.1700, 10.3100, 10.0600, 10.1300, 471341
2018-01-19, 10.1100, 10.2800, 9.9600, 10.2300, 503108
2018-01-22, 10.2000, 10.4300, 10.1600, 10.4100, 477831
2018-01-23, 10.4400, 10.5200, 10.3100, 10.4800, 768883
2018-01-24, 10.5100, 10.5610, 10.2100, 10.2200, 825767
2018-01-25, 10.2400, 10.4600, 9.9600, 10.0400, 770902
2018-01-26, 10.0500, 10.2000, 9.9900, 10.0500, 651252
2018-01-29, 10.0000, 10.0800, 9.8300, 9.9000, 602142
2018-01-30, 9.8100, 9.8900, 9.5800, 9.6700, 818471
2018-01-31, 9.6800, 9.7700, 9.5400, 9.6400, 812752
2018-02-01, 9.5900, 9.6700, 9.1500, 9.2200, 1302266
2018-02-02, 9.1500, 9.3800, 9.0600, 9.2000, 892354
2018-02-05, 9.1100, 9.2676, 8.9300, 8.9600, 1029366
2018-02-06, 8.8000, 9.0400, 8.7400, 8.9400, 1290983
2018-02-07, 8.9000, 9.2500, 8.9000, 9.1800, 1509809
2018-02-08, 9.1500, 9.1500, 8.7000, 8.8100, 1398230
2018-02-09, 8.8500, 8.9650, 8.5200, 8.8000, 1630793
2018-02-12, 8.8000, 8.9517, 8.5800, 8.7300, 906235
2018-02-13, 8.6800, 8.7500, 8.6000, 8.6900, 568828
2018-02-14, 8.5800, 9.1700, 8.5800, 9.0900, 967680
2018-02-15, 9.2500, 10.0600, 9.2500, 9.8100, 2178967
2018-02-16, 9.8000, 10.3200, 9.8000, 10.2300, 1175608
2018-02-20, 10.2200, 10.5600, 10.1100, 10.4800, 1195245
2018-02-21, 10.5200, 10.8350, 10.4100, 10.5100, 1516662
2018-02-22, 10.6700, 10.7500, 8.9000, 9.1300, 4100902
2018-02-23, 8.8500, 9.2200, 8.6200, 8.8800, 3210233
2018-02-26, 8.9000, 9.3800, 8.8300, 9.3700, 1168812
2018-02-27, 9.5100, 9.9800, 9.5000, 9.5400, 1318200
2018-02-28, 9.6000, 9.6300, 9.0600, 9.0800, 743006
2018-03-01, 9.0600, 9.3100, 8.9700, 9.2500, 771847
2018-03-02, 9.2500, 9.4450, 9.1600, 9.3900, 785128
2018-03-05, 9.3200, 9.5237, 9.3000, 9.3900, 517072
2018-03-06, 9.7300, 9.7700, 8.6400, 9.3300, 3739690
2018-03-07, 8.9500, 9.4300, 8.9400, 9.1100, 1540994
2018-03-08, 9.1600, 9.4550, 9.1100, 9.1500, 1491093
2018-03-09, 9.2200, 9.3100, 9.0800, 9.2500, 755828
2018-03-12, 9.2500, 9.5400, 9.1300, 9.4900, 1574944
2018-03-13, 9.5400, 9.8400, 9.4700, 9.8200, 1139501
2018-03-14, 9.8200, 9.8776, 9.5500, 9.5900, 577580
2018-03-15, 9.5000, 9.5900, 9.2000, 9.2300, 536038
2018-03-16, 9.2100, 9.6400, 9.0500, 9.3600, 1202677
2018-03-19, 9.3300, 9.3500, 8.9900, 9.1900, 685301
2018-03-20, 9.3600, 9.5700, 9.0500, 9.1400, 708793
2018-03-21, 9.1800, 9.3600, 9.1000, 9.2700, 371620
2018-03-22, 9.1800, 9.5400, 8.7407, 9.0600, 870276
2018-03-23, 9.0500, 9.1400, 8.8200, 8.8400, 718293
2018-03-26, 8.9400, 8.9999, 8.6200, 8.7800, 904389
2018-03-27, 8.8400, 9.1100, 8.7000, 8.7300, 874608
2018-03-28, 8.7000, 8.9400, 8.5500, 8.5900, 907022
2018-03-29, 8.6000, 8.7100, 8.4500, 8.6300, 848685
2018-04-02, 8.6400, 8.7000, 8.0700, 8.2400, 1216862
2018-04-03, 8.2800, 8.4400, 8.0200, 8.3800, 655319
2018-04-04, 8.2800, 8.4900, 8.2100, 8.4700, 604672
2018-04-05, 8.5200, 8.7200, 8.3300, 8.5200, 786145
2018-04-06, 8.4500, 8.8128, 8.3500, 8.4900, 1152556
2018-04-09, 8.5400, 8.8600, 8.4800, 8.6900, 900859
2018-04-10, 8.8500, 9.1800, 8.4800, 8.8600, 1699197
2018-04-11, 8.8800, 9.0400, 8.7000, 8.8900, 1074153
2018-04-12, 8.9600, 9.1200, 8.7800, 8.9800, 809030
2018-04-13, 8.9500, 9.2500, 8.8900, 9.0300, 942303
2018-04-16, 9.0400, 9.4200, 8.9700, 9.3400, 819784
2018-04-17, 9.3400, 9.7300, 9.2956, 9.6800, 1065228
2018-04-18, 9.7200, 9.7395, 9.1700, 9.2500, 1077564
2018-04-19, 9.1500, 9.3000, 9.0300, 9.1500, 479038
2018-04-20, 9.1200, 9.3550, 9.0500, 9.0700, 620830
2018-04-23, 9.0800, 9.1400, 8.8950, 8.9600, 443715
2018-04-24, 9.0300, 9.2200, 8.8900, 8.9900, 882885
2018-04-25, 9.0400, 9.0600, 8.8300, 9.0300, 477692
2018-04-26, 9.0200, 9.2300, 8.9630, 9.2100, 799277
2018-04-27, 9.3300, 9.5100, 9.2100, 9.4800, 829039
2018-04-30, 9.5300, 9.5500, 9.3150, 9.4200, 634203
2018-05-01, 9.3700, 9.5200, 9.1900, 9.5200, 604235
2018-05-02, 9.5400, 9.7200, 9.4300, 9.5100, 734539
2018-05-03, 9.4100, 9.6500, 9.3800, 9.5900, 1423983
2018-05-04, 8.6000, 8.9900, 8.2500, 8.3300, 3320217
2018-05-07, 8.3400, 8.3900, 7.8600, 7.8650, 1920932
2018-05-08, 7.8300, 7.8350, 5.0500, 5.0600, 13784043
2018-05-09, 5.2000, 5.8393, 5.1400, 5.3200, 6497342
2018-05-10, 5.4100, 5.9300, 5.3800, 5.6300, 4209876
2018-05-11, 5.7700, 5.7900, 5.4200, 5.4600, 1963818
2018-05-14, 5.4600, 5.7100, 5.4000, 5.4100, 1717438
2018-05-15, 5.6400, 5.6400, 5.3400, 5.3900, 2144542
2018-05-16, 5.4600, 5.5390, 5.2100, 5.2200, 2258976
2018-05-17, 5.2200, 5.3900, 5.1500, 5.3300, 1328610
2018-05-18, 5.2900, 5.5100, 5.2400, 5.2900, 1370008
2018-05-21, 5.0500, 5.2800, 5.0500, 5.1500, 1434694
2018-05-22, 5.1400, 5.1850, 4.8700, 4.8900, 2778305
2018-05-23, 4.8700, 5.0934, 4.8200, 4.8400, 1732620
2018-05-24, 4.8200, 5.0300, 4.8058, 4.8500, 1996184
2018-05-25, 4.8800, 5.1900, 4.7900, 5.1300, 2925313
2018-05-29, 5.1500, 5.3974, 5.0900, 5.2500, 3231388
2018-05-30, 5.0700, 5.0800, 4.5500, 4.8800, 3897788
2018-05-31, 4.8900, 5.1300, 4.8500, 5.1300, 1760833
2018-06-01, 5.0800, 5.1100, 4.9600, 4.9900, 1608212
2018-06-04, 5.0100, 5.1700, 4.8200, 5.1000, 1430279
2018-06-05, 5.1400, 5.3000, 5.0000, 5.0400, 1979402
2018-06-06, 5.0000, 5.0900, 4.9500, 4.9900, 1365701
2018-06-07, 5.0100, 5.1200, 4.9300, 5.0900, 1583738
2018-06-08, 5.0800, 5.1300, 4.9500, 5.0100, 701058
2018-06-11, 4.9800, 5.3600, 4.9800, 5.2200, 2216327
2018-06-12, 5.2400, 5.4058, 4.9800, 5.0300, 1616046
2018-06-13, 5.0500, 5.3000, 4.9500, 5.1300, 2279193
2018-06-14, 5.1200, 5.1999, 5.0300, 5.1800, 878039
2018-06-15, 5.1500, 5.2500, 5.0750, 5.2300, 733863
2018-06-18, 5.1800, 5.3300, 5.1400, 5.2700, 876230
2018-06-19, 5.2200, 5.4000, 5.0300, 5.3600, 1467124
2018-06-20, 5.3300, 5.4750, 5.2650, 5.3200, 972344
2018-06-21, 5.3000, 5.3100, 4.9600, 5.0200, 1858673
2018-06-22, 5.0100, 5.1600, 4.9800, 5.1000, 1718820
2018-06-25, 5.1100, 5.1500, 4.8500, 4.9600, 1461052
2018-06-26, 4.9800, 5.0100, 4.8300, 4.8400, 680825
2018-06-27, 4.8300, 4.9000, 4.6600, 4.6800, 1120967
2018-06-28, 4.6700, 4.8700, 4.5000, 4.7900, 1214175
2018-06-29, 4.8000, 4.9100, 4.6500, 4.8600, 1297837
2018-07-02, 4.8500, 4.8900, 4.7100, 4.8500, 1060232
2018-07-03, 4.8500, 4.8600, 4.7500, 4.8000, 404791
2018-07-05, 4.8000, 4.9800, 4.8000, 4.9000, 1304834
2018-07-06, 4.9200, 4.9900, 4.8900, 4.8900, 857777
2018-07-09, 4.8500, 4.9100, 4.1500, 4.5700, 3472603
2018-07-10, 4.6400, 4.7400, 4.6100, 4.6800, 961180
2018-07-11, 4.6400, 4.7700, 4.4700, 4.5900, 1204468
2018-07-12, 4.6300, 4.9300, 4.5600, 4.8200, 2078882
2018-07-13, 5.2000, 5.2000, 3.9700, 4.0400, 11328400
2018-07-16, 4.0200, 4.0900, 3.5200, 3.7600, 5897351
2018-07-17, 3.6600, 3.9900, 3.6000, 3.7700, 3962919
2018-07-18, 3.8200, 4.1000, 3.7600, 3.9100, 2704779
2018-07-19, 3.9800, 4.1100, 3.9100, 4.0400, 1866086
2018-07-20, 4.0500, 4.0900, 3.8200, 3.8400, 1899271
2018-07-23, 3.8000, 3.8000, 3.6700, 3.7400, 1504010
2018-07-24, 3.6100, 3.8250, 3.5500, 3.6900, 2364236
2018-07-25, 3.6700, 3.7000, 3.5800, 3.6500, 1537418
2018-07-26, 3.6700, 3.7700, 3.6201, 3.6700, 1573125
2018-07-27, 3.6800, 3.9142, 3.6300, 3.6700, 1852460
2018-07-30, 3.6600, 3.7400, 3.5600, 3.6000, 1236449
2018-07-31, 3.6000, 3.7600, 3.5600, 3.5800, 1077160
2018-08-01, 3.5800, 3.6400, 3.5500, 3.6100, 1544536
2018-08-02, 3.6000, 3.8700, 3.5500, 3.6300, 1450326
2018-08-03, 3.6500, 3.8200, 3.6500, 3.7600, 915259
2018-08-06, 3.7600, 3.9000, 3.7600, 3.8400, 867823
2018-08-07, 3.8700, 3.9190, 3.7800, 3.8400, 1090541
2018-08-08, 4.2200, 4.4400, 3.8450, 4.0900, 2987374
2018-08-09, 4.0100, 4.3200, 4.0000, 4.2400, 1828372
2018-08-10, 4.2500, 4.4624, 4.2200, 4.2600, 1810452
2018-08-13, 4.2700, 4.3750, 4.1800, 4.3700, 1430825
2018-08-14, 4.4600, 4.6400, 4.3900, 4.4200, 1512221
2018-08-15, 4.4000, 4.4200, 4.1900, 4.3600, 1091431
2018-08-16, 4.4000, 4.5500, 4.3800, 4.5300, 831013
2018-08-17, 4.5000, 4.6200, 4.4450, 4.5700, 841753
2018-08-20, 4.5800, 4.6900, 4.5100, 4.5500, 1126772
2018-08-21, 4.5500, 4.6299, 4.5000, 4.5400, 1024148
2018-08-22, 4.5400, 4.6206, 4.4300, 4.5300, 1462174
2018-08-23, 4.5400, 4.5625, 4.3610, 4.4000, 1178229
2018-08-24, 4.4000, 4.4900, 4.3991, 4.4200, 659883
2018-08-27, 4.4200, 4.6600, 4.4106, 4.6200, 1289644
2018-08-28, 4.6500, 4.6700, 4.5000, 4.5300, 720493
2018-08-29, 4.5100, 4.6100, 4.5100, 4.5900, 901169
2018-08-30, 4.5700, 4.5900, 4.4400, 4.4700, 510870
2018-08-31, 4.4800, 4.6300, 4.4400, 4.4900, 1061534
2018-09-04, 4.4900, 4.5100, 4.2000, 4.2800, 1447915
2018-09-05, 4.2800, 4.2900, 4.1100, 4.1400, 754459
2018-09-06, 4.1100, 4.2300, 4.0000, 4.1100, 816259
2018-09-07, 4.0700, 4.3700, 4.0400, 4.2900, 814300
2018-09-10, 4.3100, 4.4100, 4.2700, 4.3900, 862715
2018-09-11, 4.3800, 4.4000, 4.2700, 4.3500, 422509
2018-09-12, 4.3500, 4.9100, 4.3500, 4.8800, 3001686
2018-09-13, 4.9100, 5.2100, 4.8900, 5.0700, 1974395
2018-09-14, 5.1000, 5.2000, 4.9100, 4.9700, 1480307
2018-09-17, 4.9400, 5.1000, 4.8300, 5.0900, 1205015
2018-09-18, 5.0800, 5.1900, 5.0350, 5.1900, 1054068
2018-09-19, 5.2000, 5.4400, 5.1800, 5.4000, 1699699
2018-09-20, 5.5000, 5.7399, 5.3700, 5.6800, 3370262
2018-09-21, 5.6900, 5.7800, 5.3500, 5.4300, 2583700
2018-09-24, 5.3900, 5.4500, 5.2400, 5.2900, 1049322
2018-09-25, 5.3100, 5.6400, 5.3000, 5.4700, 2120808
2018-09-26, 5.4700, 5.6000, 5.1100, 5.2200, 1719323
2018-09-27, 5.2100, 5.2600, 5.0500, 5.1300, 1799364
2018-09-28, 5.1100, 5.4600, 5.1100, 5.1900, 1433417
2018-10-01, 5.2600, 5.5300, 5.1300, 5.3500, 1602127
2018-10-02, 5.3800, 5.5200, 5.3400, 5.4400, 1342935
2018-10-03, 5.5900, 5.7700, 5.4500, 5.7500, 2370481
2018-10-04, 5.7300, 5.9300, 5.5600, 5.6200, 1560910
2018-10-05, 5.7900, 5.8000, 5.5200, 5.5900, 1527226
2018-10-08, 5.5900, 5.6297, 5.3450, 5.4500, 1541747
2018-10-09, 5.4100, 5.5950, 5.3590, 5.5300, 880905
2018-10-10, 5.5100, 5.7300, 5.4800, 5.5400, 1827078
2018-10-11, 5.4700, 5.5400, 5.3200, 5.4300, 1272453
2018-10-12, 5.4800, 5.5500, 5.4000, 5.5000, 1743591
2018-10-15, 5.5100, 5.8300, 5.4801, 5.6300, 1345800
2018-10-16, 5.6400, 6.3900, 5.5000, 6.3900, 4554349
2018-10-17, 6.3400, 6.5200, 6.0401, 6.2000, 1983104
2018-10-18, 6.1900, 6.1900, 5.8200, 6.0200, 2227355
2018-10-19, 6.0200, 6.1600, 5.8900, 6.0000, 1819121
2018-10-22, 5.9900, 6.5500, 5.9100, 6.0700, 1445291
2018-10-23, 6.0000, 6.0001, 5.7200, 5.9600, 1232463
2018-10-24, 5.9700, 6.1400, 5.9500, 6.0800, 1390015
2018-10-25, 6.0900, 6.2510, 6.0100, 6.2200, 941359
2018-10-26, 6.1200, 6.3900, 5.9700, 6.3300, 1406489
2018-10-29, 6.3900, 6.5250, 5.9200, 6.0600, 2152896
2018-10-30, 6.0700, 6.1864, 5.8000, 6.0100, 997071
2018-10-31, 6.0500, 6.1100, 5.4200, 5.7200, 1628109
2018-11-01, 5.7400, 5.9400, 5.4700, 5.5400, 1679142
2018-11-02, 5.5800, 5.7500, 5.4100, 5.5900, 1204673
2018-11-05, 5.6300, 5.9300, 5.4050, 5.7900, 1414225
2018-11-06, 6.0500, 7.8200, 6.0500, 7.3100, 12557107
2018-11-07, 7.4400, 7.5400, 6.7900, 6.9200, 3718943
2018-11-08, 6.9000, 7.0200, 5.9400, 6.2500, 7725597
2018-11-09, 6.1700, 6.4700, 6.0500, 6.1800, 1936480
