2015-05-29, 39.6000, 39.7500, 39.3900, 39.6199, 550
2015-06-01, 38.6099, 38.6099, 38.6099, 38.6099, 300
2015-06-02, 38.6099, 38.6099, 38.6099, 38.6099, 10
2015-06-03, 40.8600, 40.8600, 40.0000, 40.0000, 460
2015-06-04, 38.0000, 38.0000, 37.7000, 37.7000, 849
2015-06-05, 39.9100, 39.9100, 39.3100, 39.3100, 510
2015-06-08, 39.8000, 39.8000, 38.1150, 38.9100, 811
2015-06-09, 39.9900, 39.9900, 39.4098, 39.4098, 291
2015-06-10, 41.0600, 41.0600, 40.7100, 40.7100, 650
2015-06-11, 40.6699, 40.6699, 40.0000, 40.0000, 383
2015-06-12, 40.0000, 40.0000, 40.0000, 40.0000, 136
2015-06-15, 37.0000, 38.6300, 37.0000, 38.5800, 880
2015-06-16, 38.3900, 38.4000, 38.3900, 38.3900, 1497
2015-06-17, 39.0800, 39.0800, 39.0800, 39.0800, 290
2015-06-18, 38.5700, 38.5700, 38.5700, 38.5700, 200
2015-06-19, 37.7300, 37.7300, 35.8200, 36.0300, 5830
2015-06-22, 35.4002, 35.4002, 35.4002, 35.4002, 160
2015-06-23, 38.4701, 38.5400, 38.4701, 38.5400, 300
2015-06-24, 38.5400, 38.5400, 38.5400, 38.5400, 0
2015-06-25, 36.9999, 36.9999, 36.9999, 36.9999, 159
2015-06-26, 35.9700, 35.9700, 35.0000, 35.0000, 700
2015-06-29, 33.8200, 33.8200, 32.4700, 32.4700, 3261
2015-06-30, 33.0200, 33.0200, 32.5500, 33.0000, 1274
2015-07-01, 31.8800, 32.7500, 29.6100, 29.6100, 1014
2015-07-02, 29.7000, 29.7000, 29.7000, 29.7000, 412
2015-07-06, 27.5801, 27.6900, 26.6000, 26.7601, 6487
2015-07-07, 26.0000, 29.2601, 24.4999, 29.2601, 2817
2015-07-08, 29.1201, 29.1201, 25.3920, 25.9100, 2904
2015-07-09, 28.4700, 28.5250, 27.5484, 27.5484, 3203
2015-07-10, 26.7500, 26.7500, 26.4700, 26.4700, 1029
2015-07-13, 26.4200, 26.4200, 26.2100, 26.2100, 433
2015-07-14, 26.5700, 29.3500, 26.5700, 29.3500, 2608
2015-07-15, 28.5000, 28.6470, 25.5700, 26.0800, 9647
2015-07-16, 26.1900, 26.1900, 25.0000, 25.1300, 3752
2015-07-17, 24.0000, 24.0800, 23.0500, 23.0500, 8192
2015-07-20, 22.5000, 22.5000, 20.4500, 20.5399, 12440
2015-07-21, 21.2700, 22.3700, 20.7500, 20.9401, 15894
2015-07-22, 19.8400, 20.3000, 19.5108, 19.6143, 7195
2015-07-23, 19.9200, 19.9800, 18.7500, 19.7500, 10805
2015-07-24, 19.8000, 19.9000, 17.5900, 17.8599, 12725
2015-07-27, 17.0900, 17.4700, 16.2000, 16.2700, 16204
2015-07-28, 16.5100, 18.2100, 16.1000, 18.1700, 36450
2015-07-29, 17.7600, 20.3100, 17.7600, 19.7400, 142457
2015-07-30, 19.4100, 19.8800, 18.2000, 18.5699, 19402
2015-07-31, 18.0400, 18.4000, 17.3500, 17.3500, 7035
2015-08-03, 16.3400, 17.1110, 15.5900, 15.7040, 57516
2015-08-04, 16.5000, 17.0500, 15.2900, 15.8000, 53261
2015-08-05, 16.8200, 16.9800, 15.1500, 15.4599, 15209
2015-08-06, 14.7400, 17.3400, 14.7400, 17.3400, 47153
2015-08-07, 16.8400, 17.5900, 15.5600, 15.7499, 42896
2015-08-10, 16.0280, 18.9599, 15.9800, 18.9300, 25501
2015-08-11, 17.0700, 18.7999, 16.8400, 18.7999, 45496
2015-08-12, 18.8500, 20.3199, 18.4300, 20.1500, 26395
2015-08-13, 19.9100, 19.9100, 18.0520, 18.5100, 116556
2015-08-14, 19.0000, 19.1700, 17.8400, 18.0100, 92100
2015-08-17, 18.2000, 18.4299, 17.6000, 17.9000, 10462
2015-08-18, 17.5700, 18.3600, 17.3500, 17.8500, 10043
2015-08-19, 18.0687, 18.0687, 15.5299, 16.1100, 50969
2015-08-20, 16.0300, 16.2400, 14.8000, 14.8100, 78963
2015-08-21, 14.2600, 14.5400, 13.1900, 13.3050, 139969
2015-08-24, 11.0000, 12.7600, 10.9000, 11.3200, 132535
2015-08-25, 12.5500, 12.6563, 10.4500, 10.4500, 124088
2015-08-26, 11.2200, 11.2400, 10.3340, 11.1501, 35908
2015-08-27, 12.3000, 13.9299, 12.2000, 13.4500, 210267
2015-08-28, 13.4200, 15.7700, 13.4200, 14.7800, 209434
2015-08-31, 14.8500, 16.4600, 13.5300, 16.1000, 190164
2015-09-01, 14.5000, 15.2201, 13.1300, 13.5200, 115065
2015-09-02, 14.2500, 14.3000, 12.3500, 13.9900, 98764
2015-09-03, 14.5000, 15.5200, 13.9306, 14.2400, 64802
2015-09-04, 14.0000, 14.0000, 13.1800, 13.4301, 50424
2015-09-08, 14.0200, 14.4800, 13.0570, 14.2000, 42543
2015-09-09, 14.7200, 15.2899, 13.0000, 13.0199, 55957
2015-09-10, 13.4600, 13.7700, 12.6000, 13.3276, 64265
2015-09-11, 12.7100, 12.8000, 11.8900, 12.5300, 86256
2015-09-14, 12.2601, 12.2601, 11.6000, 11.7317, 49035
2015-09-15, 11.9900, 12.5400, 11.8800, 12.3100, 139540
2015-09-16, 12.9000, 14.1600, 12.9000, 14.1000, 106108
2015-09-17, 14.0100, 14.9700, 13.8168, 13.8445, 53252
2015-09-18, 13.0000, 13.0200, 12.2715, 12.3300, 66591
2015-09-21, 12.9100, 13.0600, 12.3500, 12.3601, 51611
2015-09-22, 11.8700, 12.5110, 11.5000, 11.8900, 54721
2015-09-23, 12.0999, 12.1101, 11.4100, 11.4100, 61005
2015-09-24, 11.0000, 11.2300, 10.1500, 10.8901, 239447
2015-09-25, 11.2700, 11.6000, 10.3600, 10.5700, 122970
2015-09-28, 10.2000, 10.2879, 8.9300, 8.9600, 195959
2015-09-29, 9.3200, 9.6200, 8.9000, 9.1300, 104404
2015-09-30, 9.6100, 10.0500, 9.3500, 9.9000, 55793
2015-10-01, 10.5600, 11.2190, 9.9212, 10.2800, 59323
2015-10-02, 10.2500, 12.1000, 9.9000, 12.0400, 212823
2015-10-05, 12.7500, 14.0200, 12.6800, 13.9999, 232782
2015-10-06, 14.1500, 16.2800, 13.7300, 16.0800, 329592
2015-10-07, 17.5500, 17.9900, 14.7700, 16.2600, 326515
2015-10-08, 16.3600, 18.4100, 15.6900, 18.0901, 198364
2015-10-09, 18.5000, 18.5000, 16.4500, 17.2900, 118514
2015-10-12, 17.0100, 17.0100, 14.6500, 15.4850, 127348
2015-10-13, 14.9400, 16.1000, 14.4601, 14.5100, 111649
2015-10-14, 14.4400, 15.2116, 14.2000, 14.9500, 53526
2015-10-15, 14.7500, 16.3300, 14.3600, 16.2201, 90587
2015-10-16, 16.8800, 16.8800, 15.5000, 16.4200, 36478
2015-10-19, 16.2400, 16.2400, 14.2600, 14.6300, 117276
2015-10-20, 14.5300, 15.7302, 14.2800, 14.9500, 49921
2015-10-21, 14.4800, 14.9520, 13.4413, 13.5700, 90713
2015-10-22, 14.1600, 14.2917, 13.1200, 13.6800, 73883
2015-10-23, 13.2800, 14.1000, 12.9900, 13.5300, 46421
2015-10-26, 13.5500, 13.5500, 12.4700, 12.4700, 62085
2015-10-27, 11.8200, 11.8699, 11.1000, 11.4368, 313216
2015-10-28, 11.7600, 13.1500, 11.3000, 12.7200, 242969
2015-10-29, 13.0000, 13.9300, 12.9100, 12.9500, 107510
2015-10-30, 13.2200, 13.9599, 12.1800, 13.4400, 115942
2015-11-02, 13.5000, 14.7500, 13.0001, 14.4300, 133060
2015-11-03, 14.9400, 16.5525, 14.9400, 16.0000, 186778
2015-11-04, 16.1600, 16.7380, 14.7500, 15.5900, 106793
2015-11-05, 15.8200, 17.0700, 14.9619, 15.7900, 159497
2015-11-06, 15.7900, 16.1800, 15.1000, 15.5200, 57663
2015-11-09, 15.9500, 16.5000, 15.2200, 15.7100, 47404
2015-11-10, 15.4800, 16.3300, 15.1490, 15.8400, 70532
2015-11-11, 15.7600, 15.8500, 13.7701, 13.8500, 137122
2015-11-12, 12.9400, 13.5100, 12.4100, 12.5400, 217753
2015-11-13, 12.5200, 13.1592, 11.7800, 12.7600, 99923
2015-11-16, 13.0600, 14.4300, 12.7300, 14.4300, 217554
2015-11-17, 14.2300, 14.3500, 13.3100, 13.5600, 80600
2015-11-18, 14.0500, 14.5000, 13.0859, 14.3501, 138483
2015-11-19, 13.7300, 14.1500, 12.6300, 13.2500, 163926
2015-11-20, 13.0600, 13.4300, 12.3500, 12.3900, 110348
2015-11-23, 12.3700, 13.0180, 12.0801, 12.6800, 84804
2015-11-24, 13.2600, 14.3500, 13.0700, 14.0400, 187747
2015-11-25, 13.6100, 14.3720, 13.1000, 13.8600, 127951
2015-11-27, 13.2800, 13.5500, 12.7500, 12.9500, 122663
2015-11-30, 13.0600, 13.8500, 12.9700, 13.1100, 118013
2015-12-01, 13.3300, 13.4300, 13.1500, 13.3900, 46436
2015-12-02, 12.9000, 13.0300, 11.5000, 11.7161, 312506
2015-12-03, 12.2500, 12.2500, 11.0720, 11.2101, 220491
2015-12-04, 10.8200, 10.9990, 9.9000, 10.3400, 239853
2015-12-07, 9.4800, 9.4800, 7.8900, 7.8900, 748975
2015-12-08, 7.6200, 8.6000, 7.4300, 8.3600, 328710
2015-12-09, 8.5000, 9.4800, 8.1000, 8.5211, 239526
2015-12-10, 8.3400, 9.2200, 8.2000, 9.0100, 112033
2015-12-11, 8.7800, 8.7800, 7.6300, 7.7100, 695147
2015-12-14, 7.5100, 7.5900, 6.8501, 7.1400, 851837
2015-12-15, 7.5800, 7.7795, 7.2900, 7.5401, 321927
2015-12-16, 7.5600, 7.7000, 6.8799, 7.0200, 524305
2015-12-17, 7.2400, 7.2400, 6.1000, 6.3500, 687864
2015-12-18, 6.3400, 6.5480, 6.0500, 6.0550, 325685
2015-12-21, 5.9900, 6.0800, 5.5900, 5.7800, 418053
2015-12-22, 5.8100, 6.1900, 5.7001, 5.9800, 350653
2015-12-23, 6.5500, 7.4000, 6.4572, 7.3998, 898107
2015-12-24, 7.5000, 7.5200, 6.9401, 7.2300, 306260
2015-12-28, 6.9200, 6.9200, 6.3000, 6.4341, 285253
2015-12-29, 6.8600, 7.0000, 6.3900, 6.7400, 470794
2015-12-30, 6.4100, 6.7500, 6.1500, 6.1800, 359019
2015-12-31, 6.0600, 6.6900, 6.0600, 6.6300, 325326
2016-01-04, 6.7300, 7.0184, 6.2500, 6.7500, 328482
2016-01-05, 6.6300, 6.6900, 6.2700, 6.6800, 181307
2016-01-06, 6.0500, 6.1300, 5.1384, 5.2800, 1790814
2016-01-07, 5.0000, 5.5000, 4.8000, 4.9250, 754004
2016-01-08, 5.1000, 5.1700, 4.6500, 4.9422, 625090
2016-01-11, 5.0000, 5.0100, 4.1500, 4.3800, 979409
2016-01-12, 4.7800, 4.7800, 3.7101, 4.1700, 2030277
2016-01-13, 4.4300, 4.5300, 3.5800, 3.7600, 1504882
2016-01-14, 3.9000, 4.2100, 3.5900, 4.1300, 1471282
2016-01-15, 3.6200, 3.7800, 3.3200, 3.6900, 1694409
2016-01-19, 3.7600, 3.8000, 2.9000, 3.1592, 2048709
2016-01-20, 2.8800, 3.2300, 2.4300, 3.0644, 3152169
2016-01-21, 3.2000, 3.7800, 2.9800, 3.6900, 1922158
2016-01-22, 4.2800, 4.5390, 3.9300, 4.1500, 2817122
2016-01-25, 3.7700, 4.2300, 3.2500, 3.2600, 1212447
2016-01-26, 3.5400, 3.8800, 3.3100, 3.8800, 1128998
2016-01-27, 3.8200, 4.3800, 3.6900, 3.9500, 1939006
2016-01-28, 4.7500, 4.7600, 4.1129, 4.3700, 1569873
2016-01-29, 4.5100, 5.0000, 4.4000, 5.0000, 1857343
2016-02-01, 4.6000, 4.6200, 4.1900, 4.4700, 872955
2016-02-02, 4.0000, 4.1800, 3.8115, 3.9400, 1067698
2016-02-03, 4.2100, 4.4500, 3.5500, 4.4300, 2049425
2016-02-04, 4.5400, 4.9100, 4.2300, 4.3400, 1611195
2016-02-05, 4.2100, 4.2100, 3.7610, 3.8600, 1506968
2016-02-08, 3.6500, 3.6500, 3.2000, 3.5400, 1928541
2016-02-09, 3.3200, 3.4500, 2.8700, 3.1399, 2710563
2016-02-10, 3.1000, 3.4200, 2.9000, 3.0400, 1607536
2016-02-11, 2.8700, 2.9653, 2.5300, 2.8900, 4836109
2016-02-12, 3.1200, 3.2200, 2.8200, 3.0900, 2943558
2016-02-16, 3.2800, 3.3100, 2.8000, 2.9700, 2226339
2016-02-17, 3.0900, 3.4390, 2.9500, 3.3650, 3640082
2016-02-18, 3.5100, 3.5200, 2.9100, 2.9900, 3380596
2016-02-19, 2.7200, 2.8200, 2.5700, 2.8200, 3519474
2016-02-22, 3.0800, 3.2601, 3.0100, 3.2100, 3675424
2016-02-23, 3.0900, 3.0900, 2.6800, 2.6950, 3646297
2016-02-24, 2.5000, 2.8600, 2.4700, 2.8550, 3180101
2016-02-25, 2.7900, 2.9700, 2.6100, 2.8500, 2077445
2016-02-26, 3.0800, 3.2000, 2.9400, 3.0500, 3175968
2016-02-29, 3.1200, 3.1500, 2.9000, 3.0199, 1945788
2016-03-01, 3.0700, 3.2400, 2.7900, 3.2100, 3721973
2016-03-02, 3.1200, 3.7700, 3.1200, 3.7500, 4116811
2016-03-03, 3.6300, 4.3690, 3.6300, 4.3200, 3937478
2016-03-04, 4.4900, 5.2100, 4.2500, 4.8100, 5343268
2016-03-07, 4.8600, 5.4500, 4.7400, 5.3900, 5180865
2016-03-08, 5.2000, 5.2000, 4.0200, 4.0700, 4247011
2016-03-09, 4.4600, 4.7290, 4.0700, 4.4800, 3748650
2016-03-10, 4.4000, 4.5100, 3.9690, 4.4400, 3177966
2016-03-11, 4.7600, 5.1500, 4.7400, 5.0400, 3292858
2016-03-14, 4.6600, 4.9101, 4.5200, 4.8000, 2881255
2016-03-15, 4.5600, 4.8000, 4.3750, 4.7950, 2102116
2016-03-16, 5.0100, 5.4000, 4.9400, 5.3500, 4829051
2016-03-17, 5.5000, 5.8000, 5.3000, 5.6350, 3536203
2016-03-18, 5.8200, 6.0700, 5.4000, 5.6400, 4219928
2016-03-21, 5.5400, 5.8500, 5.3300, 5.6050, 2662231
2016-03-22, 5.3800, 5.8100, 5.3701, 5.6600, 2013128
2016-03-23, 5.4400, 5.5750, 4.8168, 4.8500, 2553690
2016-03-24, 45.3500, 50.7400, 43.8833, 50.2400, 190856
2016-03-28, 50.2600, 50.4400, 46.0000, 48.8300, 142665
2016-03-29, 45.7400, 51.1700, 44.7501, 50.8800, 190482
2016-03-30, 53.0400, 54.0000, 48.9700, 50.5800, 208684
2016-03-31, 49.9800, 53.7400, 49.6000, 52.9600, 139163
2016-04-01, 49.0400, 51.0100, 47.6800, 50.3800, 224542
2016-04-04, 49.3900, 53.5899, 48.1100, 48.5700, 155063
2016-04-05, 47.2000, 49.0000, 46.3095, 47.4000, 136232
2016-04-06, 49.3400, 52.2900, 47.1400, 52.1100, 255888
2016-04-07, 50.8100, 53.5000, 49.7500, 52.2600, 104815
2016-04-08, 56.5500, 58.5600, 55.9030, 58.1000, 228680
2016-04-11, 59.3800, 60.7300, 57.5004, 58.0100, 122657
2016-04-12, 59.4800, 70.9400, 59.1884, 69.6900, 277276
2016-04-13, 68.6700, 70.7300, 65.0000, 67.4200, 181544
2016-04-14, 68.6700, 68.8300, 64.7400, 67.5200, 121453
2016-04-15, 64.0700, 66.5700, 62.7000, 64.4500, 139916
2016-04-18, 56.0200, 68.8600, 55.7400, 67.9500, 266312
2016-04-19, 69.3200, 75.3779, 69.1800, 73.0900, 175485
2016-04-20, 71.0000, 78.2800, 70.0000, 76.2300, 166398
2016-04-21, 76.7400, 77.8000, 71.8300, 73.8200, 124899
2016-04-22, 75.6400, 82.0000, 75.6400, 81.6100, 153423
2016-04-25, 81.5700, 81.5700, 75.1900, 78.1000, 168465
2016-04-26, 80.7100, 85.5500, 78.5000, 84.9200, 166927
2016-04-27, 89.0400, 94.5300, 87.3820, 92.7900, 357385
2016-04-28, 91.8700, 95.2000, 83.6900, 84.1400, 237224
2016-04-29, 87.9300, 90.5500, 77.2500, 83.3100, 313610
2016-05-02, 82.0000, 83.0200, 76.2500, 81.4600, 153696
2016-05-03, 77.3200, 77.3200, 69.0107, 70.1500, 342696
2016-05-04, 71.4200, 74.9999, 63.3870, 65.2800, 348067
2016-05-05, 73.4300, 74.1799, 66.6368, 69.6000, 239921
2016-05-06, 67.5000, 73.5300, 65.9300, 67.0100, 158300
2016-05-09, 64.7200, 65.6990, 59.9800, 62.5900, 201270
2016-05-10, 63.8800, 70.0700, 63.3920, 69.9800, 246197
2016-05-11, 69.2800, 75.0899, 65.4660, 71.9410, 218438
2016-05-12, 75.9900, 78.6700, 69.2800, 71.4400, 169110
2016-05-13, 68.2500, 72.8000, 67.3300, 67.9800, 141331
2016-05-16, 73.1700, 75.5000, 71.8400, 72.4000, 155376
2016-05-17, 72.6700, 77.5500, 71.5900, 75.4200, 134597
2016-05-18, 75.0400, 78.2400, 70.8600, 72.3601, 209549
2016-05-19, 69.3000, 72.1419, 65.0001, 71.2600, 198002
2016-05-20, 71.7100, 73.7400, 69.0000, 73.0300, 133256
2016-05-23, 69.8600, 74.0300, 68.7175, 72.6600, 101010
2016-05-24, 74.3300, 75.9118, 70.7300, 74.0200, 185872
2016-05-25, 76.0100, 81.2500, 76.0100, 81.0500, 270766
2016-05-26, 84.5400, 85.4042, 78.7200, 79.2700, 152508
2016-05-27, 78.2900, 78.4100, 75.4701, 78.1900, 109685
2016-05-31, 77.9900, 83.7100, 77.9900, 79.9700, 142048
2016-06-01, 76.2000, 82.7700, 75.7700, 82.4500, 183318
2016-06-02, 78.6100, 83.2500, 77.5300, 83.2300, 187624
2016-06-03, 83.6400, 85.2438, 78.1700, 80.2400, 168185
2016-06-06, 83.3800, 87.1875, 81.2500, 86.7800, 185485
2016-06-07, 88.5900, 94.7700, 87.9100, 93.6700, 193477
2016-06-08, 96.7300, 99.2900, 91.0500, 91.3300, 208293
2016-06-09, 86.5600, 90.9109, 85.6701, 89.8100, 119786
2016-06-10, 85.0300, 86.3000, 76.3100, 76.8200, 336119
2016-06-13, 73.8700, 79.2899, 72.8700, 75.1000, 238028
2016-06-14, 74.3000, 77.8400, 70.4750, 75.5600, 153554
2016-06-15, 73.4900, 79.5000, 72.0000, 75.6400, 197578
2016-06-16, 72.0000, 72.0100, 65.4874, 69.9100, 377511
2016-06-17, 76.5300, 77.6600, 73.1000, 75.7900, 267602
2016-06-20, 80.0700, 82.2598, 78.3883, 79.7700, 208763
2016-06-21, 79.0500, 84.6400, 77.0500, 83.7600, 152777
2016-06-22, 85.2000, 85.2000, 80.0000, 81.4600, 126959
2016-06-23, 84.8500, 85.9699, 82.8300, 85.9699, 104006
2016-06-24, 71.9800, 78.4418, 71.5000, 72.1600, 364569
2016-06-27, 70.4000, 70.4000, 58.5222, 60.9000, 548717
2016-06-28, 65.8500, 70.1957, 65.4101, 69.4400, 235668
2016-06-29, 72.9600, 75.5800, 70.8400, 74.0300, 275409
2016-06-30, 71.8300, 73.4900, 69.0000, 72.0000, 189827
2016-07-01, 70.5700, 77.6500, 70.5700, 76.1300, 256036
2016-07-05, 71.0000, 71.4200, 63.6560, 67.2800, 509629
2016-07-06, 65.2700, 68.6550, 64.0000, 68.6000, 216316
2016-07-07, 71.0600, 73.6262, 63.3500, 64.8100, 370810
2016-07-08, 67.7400, 69.4200, 64.5210, 68.5500, 277977
2016-07-11, 70.3000, 71.1700, 67.3900, 67.6900, 139853
2016-07-12, 73.0600, 79.5000, 72.4380, 77.5900, 454788
2016-07-13, 75.3400, 78.4999, 69.1900, 72.8900, 318436
2016-07-14, 75.6400, 76.2900, 71.7968, 72.3800, 189328
2016-07-15, 74.4600, 74.5000, 70.2500, 71.0800, 116083
2016-07-18, 69.0100, 72.3300, 67.8440, 72.1000, 175524
2016-07-19, 71.5600, 71.8400, 69.1000, 69.8500, 100172
2016-07-20, 67.7500, 71.6900, 64.7100, 69.9600, 336753
2016-07-21, 70.1100, 73.7400, 66.1500, 66.5900, 364839
2016-07-22, 67.7400, 68.3000, 65.1700, 66.9300, 204003
2016-07-25, 64.6800, 65.0000, 60.2000, 61.8500, 370275
2016-07-26, 60.8600, 65.5000, 60.0000, 65.2800, 270595
2016-07-27, 65.0200, 68.6500, 59.7500, 61.1700, 425071
2016-07-28, 61.2800, 63.6600, 60.3800, 62.0900, 292443
2016-07-29, 60.0000, 67.0500, 59.2500, 66.8900, 407517
2016-08-01, 64.6500, 64.6500, 57.8100, 58.5600, 739235
2016-08-02, 60.8900, 61.6900, 55.3400, 59.6800, 374811
2016-08-03, 59.7000, 66.7200, 58.6710, 66.6200, 649457
2016-08-04, 64.7200, 71.2500, 64.4400, 67.7000, 418000
2016-08-05, 68.4800, 71.4200, 66.4600, 70.8300, 203626
2016-08-08, 73.7800, 78.8800, 72.9600, 75.2100, 451640
2016-08-09, 76.3100, 76.3300, 71.4500, 72.5100, 243350
2016-08-10, 73.0000, 75.3300, 69.2300, 69.5950, 226199
2016-08-11, 72.2400, 76.9500, 70.7600, 75.0700, 324276
2016-08-12, 76.8200, 78.0000, 74.8400, 76.9900, 192616
2016-08-15, 78.9100, 82.5000, 78.2100, 81.7200, 286760
2016-08-16, 81.1400, 82.8900, 77.6673, 81.5700, 226171
2016-08-17, 80.5000, 82.1300, 77.7500, 81.8700, 308719
2016-08-18, 83.4100, 88.9200, 83.4100, 88.8800, 246443
2016-08-19, 87.0500, 87.7900, 84.8675, 87.0100, 190248
2016-08-22, 82.4900, 84.0725, 80.0000, 81.9900, 225588
2016-08-23, 79.4700, 87.0800, 79.4700, 85.8200, 238754
2016-08-24, 83.2200, 87.1400, 82.7700, 83.3300, 138624
2016-08-25, 83.5900, 84.6699, 81.4000, 83.4700, 114979
2016-08-26, 84.5800, 88.0000, 82.2800, 84.1500, 227239
2016-08-29, 83.2400, 87.0000, 82.7350, 86.5600, 201432
2016-08-30, 87.8200, 90.5700, 84.3560, 86.1700, 185904
2016-08-31, 84.5000, 85.9600, 79.2500, 80.9600, 192905
2016-09-01, 79.9200, 81.0300, 77.3000, 80.1600, 181746
2016-09-02, 83.4800, 85.8800, 82.4804, 84.6800, 161656
2016-09-06, 85.0000, 88.1000, 83.8000, 88.0700, 137718
2016-09-07, 89.2000, 91.8100, 87.8560, 89.9500, 144329
2016-09-08, 94.9800, 97.9999, 90.4400, 96.8000, 314280
2016-09-09, 93.2800, 95.3790, 87.2800, 87.3800, 244863
2016-09-12, 84.1400, 91.4600, 82.6100, 89.6600, 232582
2016-09-13, 85.9200, 86.9700, 77.7800, 78.9200, 498928
2016-09-14, 78.9500, 81.7100, 72.5300, 73.0700, 517588
2016-09-15, 74.0600, 78.6695, 73.5000, 76.3000, 266202
2016-09-16, 72.8500, 76.1300, 72.0000, 75.8100, 172037
2016-09-19, 78.7000, 79.4000, 75.2842, 75.6400, 217404
2016-09-20, 75.2500, 76.5900, 72.0300, 72.0300, 242731
2016-09-21, 75.0000, 80.2599, 74.8600, 79.9300, 311871
2016-09-22, 84.1000, 85.6500, 81.1900, 82.2800, 277226
2016-09-23, 81.2000, 83.6900, 73.3280, 75.5600, 382591
2016-09-26, 77.5000, 79.3000, 74.8500, 74.8500, 247674
2016-09-27, 71.6700, 71.6900, 67.6000, 69.9000, 407781
2016-09-28, 71.7200, 83.2500, 68.5900, 82.9400, 703203
2016-09-29, 83.3300, 89.6900, 81.0200, 85.0200, 561448
2016-09-30, 85.9000, 91.1600, 84.1700, 89.6500, 310696
2016-10-03, 90.3000, 91.3400, 86.0000, 90.0500, 165291
2016-10-04, 90.5700, 92.7554, 85.4050, 86.8900, 212772
2016-10-05, 92.5800, 95.0000, 90.4200, 93.2300, 241586
2016-10-06, 95.9900, 96.8600, 89.8700, 92.4300, 130728
2016-10-07, 93.1000, 93.3900, 87.3610, 88.4400, 128010
2016-10-10, 91.9200, 96.7600, 91.9200, 94.0600, 173243
2016-10-11, 93.1900, 93.9200, 88.2523, 90.5200, 134060
2016-10-12, 88.8600, 89.1859, 84.8000, 87.8700, 113136
2016-10-13, 85.7800, 88.1100, 82.1000, 86.5100, 157133
2016-10-14, 87.8600, 88.5116, 83.0896, 83.7400, 169441
2016-10-17, 83.6800, 85.1000, 80.1587, 81.8500, 183209
2016-10-18, 84.9200, 85.8800, 80.9695, 81.7900, 148700
2016-10-19, 84.8500, 89.0000, 83.7210, 85.9800, 184215
2016-10-20, 82.6300, 88.1800, 81.1200, 86.5800, 120999
2016-10-21, 85.5000, 87.1134, 83.4700, 85.2600, 87948
2016-10-24, 85.2800, 86.1000, 78.1646, 82.3000, 239339
2016-10-25, 81.2900, 83.9300, 77.3200, 77.6400, 237902
2016-10-26, 74.7500, 79.6690, 72.9800, 77.7100, 295452
2016-10-27, 79.7000, 80.6691, 76.8300, 77.7000, 205039
2016-10-28, 77.4200, 80.8800, 72.5100, 73.9700, 292570
2016-10-31, 72.7200, 73.8100, 68.1720, 69.0600, 391477
2016-11-01, 72.4200, 73.5800, 65.3010, 69.3000, 321557
2016-11-02, 66.4700, 67.1896, 61.7800, 65.6200, 413189
2016-11-03, 67.3400, 69.0900, 64.5000, 66.9800, 191674
2016-11-04, 66.3200, 69.0000, 63.6560, 65.3400, 194915
2016-11-07, 69.3000, 70.5500, 68.1500, 69.8600, 196695
2016-11-08, 68.4800, 71.0920, 66.4700, 69.3000, 158737
2016-11-09, 71.2900, 80.3100, 70.0100, 78.5100, 447312
2016-11-10, 76.2700, 80.8639, 76.0000, 78.0500, 185898
2016-11-11, 75.5000, 77.0000, 70.2300, 74.9700, 198222
2016-11-14, 74.4800, 78.0900, 71.7200, 77.8400, 184331
2016-11-15, 81.3000, 88.7500, 81.1700, 87.4000, 294168
2016-11-16, 86.0000, 90.2000, 84.1051, 85.1600, 161397
2016-11-17, 89.2400, 92.8800, 84.2600, 84.7900, 171398
2016-11-18, 86.4200, 88.9600, 84.8800, 86.2300, 128559
2016-11-21, 92.7500, 97.4644, 92.5500, 97.4400, 364215
2016-11-22, 97.3400, 99.2900, 91.5700, 96.7600, 213069
2016-11-23, 93.8100, 99.5902, 93.0100, 99.0200, 158155
2016-11-25, 96.0000, 97.1100, 93.1600, 95.2100, 73531
2016-11-28, 97.6800, 98.2500, 85.0724, 85.6200, 263851
2016-11-29, 78.7700, 84.0000, 77.0000, 80.6300, 335761
2016-11-30, 98.9900, 108.9800, 97.6220, 108.5300, 837429
2016-12-01, 118.4300, 118.8400, 107.0500, 109.6800, 432594
2016-12-02, 107.7100, 110.8900, 106.2800, 109.1400, 164983
2016-12-05, 115.0800, 117.6600, 112.3400, 112.6300, 240606
2016-12-06, 107.5000, 115.6200, 107.0200, 114.4000, 292246
2016-12-07, 111.3400, 118.0000, 111.3400, 115.9600, 189636
2016-12-08, 118.0900, 121.0000, 113.1400, 119.9000, 370728
2016-12-09, 122.9900, 122.9900, 117.2000, 118.6700, 211720
2016-12-12, 134.0000, 134.0000, 115.0000, 116.1200, 449027
2016-12-13, 119.8300, 123.4500, 113.5300, 120.3900, 253091
2016-12-14, 116.1500, 118.2700, 106.2500, 106.8000, 393725
2016-12-15, 105.5000, 109.7000, 100.7800, 108.2200, 455949
2016-12-16, 110.1000, 110.2000, 106.2137, 108.9900, 287617
2016-12-19, 109.4100, 111.4034, 107.5600, 110.7100, 159519
2016-12-20, 110.0000, 110.1500, 104.8500, 105.9500, 158442
2016-12-21, 108.1800, 109.1160, 105.0200, 105.2000, 125136
2016-12-22, 105.5800, 109.0900, 105.1415, 106.9800, 90704
2016-12-23, 108.0000, 108.5900, 106.0000, 107.2900, 69825
2016-12-27, 109.5200, 110.2251, 107.7290, 109.2600, 97992
2016-12-28, 110.8100, 110.8100, 103.9440, 105.0000, 206955
2016-12-29, 104.1500, 105.0000, 101.5000, 102.9600, 128022
2016-12-30, 102.1600, 105.9600, 100.2488, 101.5200, 134348
2017-01-03, 105.8000, 110.2700, 99.5000, 105.6300, 247593
2017-01-04, 105.5000, 107.3799, 102.3900, 107.1100, 125093
2017-01-05, 108.0000, 109.3900, 102.8300, 106.0300, 199633
2017-01-06, 106.9900, 107.4700, 102.4900, 103.5800, 151007
2017-01-09, 101.2300, 101.2300, 94.8606, 95.2000, 338908
2017-01-10, 96.2400, 98.2671, 94.1200, 94.9900, 187203
2017-01-11, 95.2900, 98.4500, 93.9700, 97.6500, 258784
2017-01-12, 100.3600, 101.0000, 94.8200, 95.6800, 227592
2017-01-13, 93.8500, 96.0370, 93.3400, 94.0700, 134320
2017-01-17, 97.4900, 100.5100, 97.0000, 98.4000, 280787
2017-01-18, 95.8800, 100.2500, 94.5700, 97.9800, 137846
2017-01-19, 98.3900, 99.4900, 95.4200, 96.8800, 206049
2017-01-20, 99.2400, 101.2500, 97.2500, 98.4300, 179715
2017-01-23, 96.2700, 97.8000, 94.1427, 95.3300, 263964
2017-01-24, 96.5800, 101.6401, 96.5800, 99.7900, 278087
2017-01-25, 99.7300, 104.2382, 99.7300, 102.0900, 182646
2017-01-26, 103.7600, 105.6716, 102.4903, 103.2400, 125428
2017-01-27, 101.3400, 102.8194, 98.5972, 99.6000, 130775
2017-01-30, 97.7100, 97.7100, 87.2787, 91.4300, 619332
2017-01-31, 91.6500, 91.7500, 87.6600, 90.7000, 369415
2017-02-01, 92.1500, 93.7500, 85.6000, 88.6700, 511701
2017-02-02, 88.5200, 92.0700, 85.6200, 90.6000, 305759
2017-02-03, 91.5500, 95.8000, 90.1372, 94.6900, 338310
2017-02-06, 93.9800, 96.6000, 89.5000, 90.4600, 237665
2017-02-07, 89.0300, 90.2999, 81.7700, 83.9100, 635288
2017-02-08, 82.0600, 86.1000, 77.9221, 84.3500, 452385
2017-02-09, 86.8400, 89.8203, 86.4200, 89.2200, 349763
2017-02-10, 92.5900, 94.1049, 90.8740, 92.1300, 244956
2017-02-13, 90.4800, 92.4400, 88.7500, 89.8800, 149285
2017-02-14, 90.7000, 92.5500, 87.6000, 92.3300, 258435
2017-02-15, 91.3900, 92.7500, 89.5000, 90.9000, 199576
2017-02-16, 91.2500, 92.1288, 85.7500, 86.1700, 358242
2017-02-17, 85.0300, 87.0186, 83.7500, 85.0500, 201978
2017-02-21, 87.9500, 89.5000, 86.6097, 88.0900, 292291
2017-02-22, 87.0000, 87.0000, 80.2500, 80.5100, 465198
2017-02-23, 84.6500, 85.5500, 76.9400, 80.3300, 484897
2017-02-24, 77.9100, 79.2500, 74.6166, 75.7700, 408963
2017-02-27, 76.6500, 78.5847, 74.8000, 77.3400, 276755
2017-02-28, 75.2000, 77.1400, 74.5000, 75.4200, 105552
2017-03-01, 77.7200, 81.9500, 77.7200, 81.4800, 309152
2017-03-02, 78.7200, 80.5797, 75.5000, 75.7100, 259434
2017-03-03, 76.1500, 77.5100, 74.2147, 74.9000, 229203
2017-03-06, 74.7100, 76.8000, 73.7300, 76.4900, 216677
2017-03-07, 77.1800, 77.8700, 72.9200, 73.2400, 190035
2017-03-08, 72.0000, 73.2800, 63.6450, 64.0600, 946057
2017-03-09, 63.1600, 65.7637, 60.2792, 65.3900, 690250
2017-03-10, 66.5100, 67.1200, 63.0000, 64.5900, 406231
2017-03-13, 64.4400, 67.6114, 64.3200, 66.0700, 263823
2017-03-14, 62.5000, 63.9800, 58.6385, 63.4200, 631364
2017-03-15, 65.4300, 69.6000, 64.0500, 68.9900, 443959
2017-03-16, 69.9500, 70.0000, 66.7500, 67.0100, 203048
2017-03-17, 67.7000, 68.8234, 66.0520, 66.6000, 216391
2017-03-20, 64.7500, 67.1600, 63.5590, 66.8142, 288796
2017-03-21, 67.1800, 67.4900, 61.6000, 62.3900, 474227
2017-03-22, 61.2300, 62.8200, 59.0300, 60.5200, 639653
2017-03-23, 60.1500, 62.0000, 59.2100, 59.8700, 365547
2017-03-24, 60.4700, 61.2500, 59.1698, 59.8800, 378426
2017-03-27, 57.5000, 61.2000, 56.6600, 60.8300, 315890
2017-03-28, 61.5000, 66.0300, 60.4700, 65.6200, 442241
2017-03-29, 65.3300, 71.2800, 64.9700, 70.8100, 431908
2017-03-30, 72.0000, 73.1900, 68.9000, 68.9400, 348736
2017-03-31, 68.6200, 72.2000, 67.8100, 71.5000, 284744
2017-04-03, 71.5000, 72.1700, 67.3300, 70.5600, 350606
2017-04-04, 70.9600, 73.8000, 69.3200, 73.8000, 260410
2017-04-05, 75.8700, 78.5000, 68.3000, 68.5900, 711305
2017-04-06, 70.4000, 72.6099, 69.5946, 71.4700, 265760
2017-04-07, 72.6900, 72.6900, 69.2301, 70.2600, 286571
2017-04-10, 71.6500, 74.3092, 71.1400, 73.7500, 274198
2017-04-11, 73.1500, 73.7900, 70.3700, 73.7900, 291805
2017-04-12, 73.7500, 76.2694, 69.4500, 69.9700, 524298
2017-04-13, 70.0500, 70.8200, 64.4400, 64.9900, 559904
2017-04-17, 65.6100, 65.8700, 63.5000, 65.8700, 280880
2017-04-18, 64.2500, 66.3800, 61.6500, 62.8800, 487431
2017-04-19, 63.1200, 63.9000, 57.2085, 57.7500, 840586
2017-04-20, 58.5000, 59.8200, 57.8300, 57.8800, 491508
2017-04-21, 58.2300, 59.6700, 56.5600, 58.3400, 451316
2017-04-24, 60.6500, 61.2000, 58.6000, 59.7000, 370511
2017-04-25, 59.9900, 63.4600, 58.9200, 63.3200, 423195
2017-04-26, 62.0100, 66.7000, 61.5600, 62.3100, 437387
2017-04-27, 60.7200, 60.7200, 56.0000, 58.8700, 1069718
2017-04-28, 60.0000, 60.7900, 57.1732, 57.6800, 486420
2017-05-01, 28.6200, 29.0000, 28.1200, 28.6400, 558868
2017-05-02, 28.8200, 29.8555, 27.3600, 28.1200, 915804
2017-05-03, 28.0900, 28.8300, 27.0500, 27.9200, 1041466
2017-05-04, 27.0600, 27.1700, 24.0900, 25.2500, 2204824
2017-05-05, 25.2700, 28.2200, 24.7500, 28.0700, 1068211
2017-05-08, 28.0800, 29.6000, 27.6400, 29.2900, 867433
2017-05-09, 29.2900, 29.5379, 27.9600, 28.2000, 700489
2017-05-10, 29.0600, 30.6400, 28.7800, 30.0800, 1094605
2017-05-11, 30.7300, 30.8400, 29.1700, 29.5500, 755644
2017-05-12, 29.6400, 29.9149, 28.8500, 29.2200, 474423
2017-05-15, 31.5000, 31.6500, 29.3610, 29.7600, 1224630
2017-05-16, 30.1900, 30.2700, 28.3738, 28.9600, 700290
2017-05-17, 28.3300, 29.2830, 27.6100, 27.7800, 699071
2017-05-18, 27.5000, 28.1810, 26.6000, 27.5800, 568336
2017-05-19, 28.3500, 29.8998, 28.0200, 29.6800, 848684
2017-05-22, 30.2300, 30.3500, 28.6100, 28.9400, 520822
2017-05-23, 29.0600, 29.2100, 28.1000, 28.9300, 437949
2017-05-24, 28.6800, 29.5100, 27.2200, 27.8900, 903767
2017-05-25, 27.4900, 29.4700, 25.0324, 25.6300, 2366366
2017-05-26, 26.0300, 26.0300, 25.0000, 25.8500, 1024018
2017-05-30, 25.1700, 25.2300, 23.6100, 23.6500, 1567295
2017-05-31, 22.8500, 23.2200, 21.6700, 22.8000, 1730609
2017-06-01, 23.1400, 24.3100, 22.4900, 23.5900, 1273672
2017-06-02, 22.8500, 22.9688, 21.4500, 22.1800, 1512189
2017-06-05, 21.7800, 22.5000, 21.4200, 21.9700, 1026603
2017-06-06, 21.6500, 23.7800, 21.5300, 23.6900, 1336709
2017-06-07, 23.0400, 23.6300, 20.4900, 20.7200, 2500808
2017-06-08, 20.3600, 21.2600, 20.1100, 20.2200, 1323961
2017-06-09, 20.4800, 22.7600, 20.3100, 22.4500, 1832154
2017-06-12, 23.2800, 24.0000, 22.5000, 22.9000, 1151428
2017-06-13, 22.7900, 24.6900, 22.6500, 24.6400, 1181109
2017-06-14, 24.0000, 24.1100, 21.2900, 21.4600, 2263509
2017-06-15, 21.2700, 21.7700, 19.4210, 19.8800, 3051174
2017-06-16, 20.4700, 20.4900, 19.5600, 20.4500, 1090845
2017-06-19, 20.6700, 20.9700, 20.1000, 20.3200, 901062
2017-06-20, 19.2600, 19.9000, 18.0600, 19.5800, 2430096
2017-06-21, 19.4000, 19.9800, 17.1401, 17.6300, 3658108
2017-06-22, 18.0400, 18.6200, 17.5900, 17.7600, 1137075
2017-06-23, 17.8400, 19.1300, 17.6800, 19.1200, 1013168
2017-06-26, 19.4300, 20.1300, 18.8000, 19.3200, 952650
2017-06-27, 19.6000, 20.2200, 19.2600, 19.4000, 984002
2017-06-28, 19.2600, 20.4200, 18.9300, 19.6400, 1554886
2017-06-29, 20.0000, 21.2400, 19.9000, 20.4800, 1260566
2017-06-30, 20.8000, 21.5000, 20.0105, 20.8300, 1242371
2017-07-03, 21.3500, 22.4900, 21.1500, 22.3000, 842022
2017-07-05, 21.4200, 21.5000, 19.6101, 19.9200, 2149504
2017-07-06, 20.6300, 20.6500, 18.3600, 18.5700, 2254394
2017-07-07, 18.0600, 18.3699, 16.9600, 18.3300, 1744155
2017-07-10, 17.8400, 19.3660, 17.8400, 19.2100, 1257019
2017-07-11, 19.0600, 20.2300, 18.5700, 19.6700, 929206
2017-07-12, 20.5000, 21.1000, 19.3600, 19.6600, 1311324
2017-07-13, 19.6800, 20.1400, 19.1346, 20.1400, 959602
2017-07-14, 20.3800, 20.7700, 20.0300, 20.5800, 606419
2017-07-17, 20.4300, 21.2100, 20.2500, 20.5800, 493172
2017-07-18, 21.1300, 21.2500, 19.4000, 19.8500, 1045529
2017-07-19, 19.7600, 22.0400, 19.7600, 21.9500, 2269622
2017-07-20, 22.4100, 22.6000, 20.5900, 20.8500, 1241803
2017-07-21, 20.6700, 20.9420, 19.7210, 20.0200, 1554047
2017-07-24, 20.4300, 20.4800, 19.5800, 19.9600, 979943
2017-07-25, 21.0000, 22.4600, 20.8000, 21.7900, 1568231
2017-07-26, 22.2500, 23.0800, 21.4100, 21.7400, 1501388
2017-07-27, 21.8300, 22.5000, 21.2000, 22.3900, 688662
2017-07-28, 22.3900, 23.6700, 21.7000, 22.2200, 1015235
2017-07-31, 22.0000, 22.2700, 20.7500, 21.6500, 1106204
2017-08-01, 21.3000, 21.8400, 20.6700, 21.1100, 920449
2017-08-02, 20.7400, 20.7500, 19.1200, 19.9600, 2223060
2017-08-03, 20.0900, 20.0900, 17.6400, 17.8200, 4174794
2017-08-04, 18.0400, 19.1800, 17.8200, 19.0700, 1974936
2017-08-07, 18.6800, 18.7400, 17.7000, 18.0900, 1540580
2017-08-08, 17.8500, 18.9300, 17.6100, 18.0300, 1718574
2017-08-09, 18.2000, 18.8000, 17.8400, 18.2100, 1219046
2017-08-10, 18.5900, 18.9000, 17.3639, 17.4700, 2320912
2017-08-11, 17.3800, 17.7172, 17.0000, 17.5700, 1617357
2017-08-14, 17.6500, 17.8700, 16.8500, 16.9600, 1474293
2017-08-15, 16.8600, 16.8700, 16.1300, 16.7300, 2028004
2017-08-16, 16.8500, 17.1400, 15.8000, 16.0000, 2173460
2017-08-17, 15.7600, 16.5800, 15.2800, 15.3300, 2518703
2017-08-18, 15.4100, 16.2200, 15.0900, 15.8500, 1772593
2017-08-21, 15.6500, 15.8500, 15.0400, 15.2500, 1755221
2017-08-22, 15.4900, 15.8300, 15.4200, 15.6300, 1555005
2017-08-23, 15.4500, 16.4700, 15.2600, 16.1200, 1729434
2017-08-24, 15.9000, 16.4248, 15.7900, 16.2400, 1555024
2017-08-25, 16.3900, 16.5500, 16.1700, 16.3200, 976125
2017-08-28, 16.4700, 16.6500, 15.4300, 16.0100, 2245855
2017-08-29, 15.5300, 16.0700, 15.0700, 15.9600, 2014987
2017-08-30, 15.6200, 16.3600, 15.2710, 16.1000, 1420402
2017-08-31, 16.4400, 17.1600, 16.2800, 16.9500, 2494861
2017-09-01, 16.9500, 17.8400, 16.5500, 17.7200, 1803069
2017-09-05, 18.1900, 18.4000, 16.9281, 17.4400, 1617382
2017-09-06, 17.7300, 18.6300, 17.7300, 18.2700, 1305114
2017-09-07, 18.0300, 18.2100, 17.2476, 17.9300, 1192848
2017-09-08, 17.7300, 17.8700, 15.9000, 16.4300, 3045703
2017-09-11, 16.5000, 17.2006, 16.4200, 16.8800, 1213382
2017-09-12, 16.9500, 18.5100, 16.9500, 17.9700, 2438974
2017-09-13, 18.2800, 19.8500, 18.2800, 19.4900, 2603251
2017-09-14, 20.0100, 20.6500, 19.3000, 19.7800, 1987461
2017-09-15, 19.9100, 20.0300, 19.2800, 19.8700, 1020190
2017-09-18, 19.6800, 20.4500, 19.5700, 20.3900, 1258026
2017-09-19, 20.5500, 20.7700, 20.1400, 20.5500, 1014456
2017-09-20, 20.8000, 22.2400, 20.8000, 21.8100, 2552663
2017-09-21, 21.6400, 21.9700, 21.1492, 21.9600, 962447
2017-09-22, 21.6800, 22.5000, 21.5800, 22.1800, 1046274
2017-09-25, 22.7300, 24.1900, 22.7300, 24.1100, 1886082
2017-09-26, 23.5300, 24.4800, 23.2100, 24.3600, 1154718
2017-09-27, 24.6400, 24.9500, 23.3400, 24.9500, 1402663
2017-09-28, 25.1400, 25.6090, 23.8298, 24.7000, 1001690
2017-09-29, 24.2200, 24.6800, 23.6810, 24.3200, 794902
2017-10-02, 23.0300, 24.7246, 22.5000, 24.7000, 1109119
2017-10-03, 24.4400, 24.8700, 24.1400, 24.6900, 521257
2017-10-04, 24.6600, 25.1718, 23.8721, 24.2700, 944475
2017-10-05, 24.3400, 25.1600, 24.3200, 24.8200, 666393
2017-10-06, 23.9000, 24.2200, 22.9800, 23.2200, 950414
2017-10-09, 23.3300, 23.6400, 22.9362, 23.4100, 428331
2017-10-10, 24.2300, 24.4800, 23.1900, 23.3000, 780820
2017-10-11, 23.4200, 23.7600, 22.6653, 23.7500, 569422
2017-10-12, 22.7400, 23.4900, 22.2500, 23.4000, 793893
2017-10-13, 23.9300, 24.1000, 23.1000, 23.1800, 947773
2017-10-16, 23.6200, 24.0000, 23.0200, 23.1900, 924524
2017-10-17, 23.1000, 23.7200, 22.5600, 23.3000, 606350
2017-10-18, 23.5500, 24.0229, 22.7100, 22.7200, 948931
2017-10-19, 22.1900, 22.6700, 21.8500, 22.2500, 872373
2017-10-20, 22.0700, 22.7400, 22.0410, 22.5600, 511098
2017-10-23, 22.6200, 22.9100, 20.9200, 21.0100, 1222985
2017-10-24, 21.2200, 21.6400, 20.5410, 20.9400, 881389
2017-10-25, 20.7600, 20.9540, 19.6100, 20.4500, 926385
2017-10-26, 20.3600, 20.7700, 19.3500, 20.7600, 836139
2017-10-27, 20.2200, 22.7000, 20.0310, 22.5800, 1311782
2017-10-30, 22.7300, 23.8388, 22.7000, 23.3500, 1059893
2017-10-31, 23.2400, 24.6800, 22.9000, 24.4500, 991242
2017-11-01, 25.0800, 26.9100, 25.0000, 26.5500, 1737936
2017-11-02, 26.2700, 26.6900, 24.8400, 25.7000, 1094482
2017-11-03, 25.6900, 27.3300, 25.2600, 26.7500, 1147391
2017-11-06, 27.0700, 30.1090, 27.0700, 30.0900, 1828016
2017-11-07, 30.1100, 30.1600, 29.1100, 29.8000, 849118
2017-11-08, 29.0600, 29.5500, 27.5701, 28.2600, 1331771
2017-11-09, 27.7900, 29.6064, 27.6810, 29.4800, 1224356
2017-11-10, 29.2800, 30.1701, 28.3400, 29.2000, 968751
2017-11-13, 29.1500, 29.4800, 27.6901, 27.7400, 819003
2017-11-14, 27.2500, 27.3500, 24.7600, 24.8400, 1727349
2017-11-15, 24.0100, 24.3700, 23.1700, 23.9000, 1179095
2017-11-16, 23.9500, 24.5801, 23.3800, 24.1100, 876365
2017-11-17, 24.7600, 25.7200, 24.5700, 25.5200, 998515
2017-11-20, 24.9300, 25.0389, 23.7000, 24.6700, 832456
2017-11-21, 24.9500, 25.6900, 24.4100, 24.8800, 880650
2017-11-22, 25.8500, 26.3100, 25.4600, 26.1100, 1111376
2017-11-24, 26.8500, 26.9200, 26.0901, 26.2600, 536251
2017-11-27, 25.9500, 25.9500, 24.2857, 24.3800, 873712
2017-11-28, 24.2000, 25.1200, 23.8900, 24.8400, 713767
2017-11-29, 24.7000, 25.8000, 24.2100, 25.1700, 823157
2017-11-30, 25.7800, 27.6700, 25.7800, 27.0300, 1235372
2017-12-01, 28.0000, 29.7700, 27.5000, 28.6700, 1205748
2017-12-04, 28.3300, 29.8000, 27.2800, 27.5400, 742599
2017-12-05, 27.3900, 28.0200, 26.6700, 26.7500, 581579
2017-12-06, 26.0000, 26.1600, 24.2700, 24.3500, 1144656
2017-12-07, 24.4100, 25.2399, 24.0400, 24.8900, 634193
2017-12-08, 25.8100, 26.6500, 25.1400, 25.8400, 719998
2017-12-11, 25.9000, 27.4617, 25.9000, 26.8800, 470018
2017-12-12, 27.2500, 27.2800, 25.4500, 25.6900, 637171
2017-12-13, 26.0700, 26.0700, 24.7358, 24.9400, 775304
2017-12-14, 24.9700, 25.3900, 24.1000, 24.1400, 694517
2017-12-15, 24.2900, 24.6300, 23.3600, 23.4300, 945135
2017-12-18, 24.5200, 25.2300, 23.7500, 24.7800, 790159
2017-12-19, 24.7700, 25.8600, 24.6700, 24.9400, 511793
2017-12-20, 24.9300, 26.8600, 24.7501, 26.7700, 750999
2017-12-21, 26.4700, 29.1600, 26.3891, 28.9600, 1057786
2017-12-22, 28.7800, 30.1800, 28.5210, 29.4400, 928077
2017-12-26, 29.8200, 31.4200, 29.4600, 31.3800, 953622
2017-12-27, 31.2000, 31.3200, 30.3700, 30.5800, 620119
2017-12-28, 30.5900, 31.4000, 30.3400, 31.2700, 457787
2017-12-29, 31.5500, 31.7500, 30.3000, 30.3500, 685083
2018-01-02, 31.2200, 32.6900, 30.9900, 32.6400, 714557
2018-01-03, 33.2500, 34.3600, 33.0000, 33.6400, 732579
2018-01-04, 33.9100, 34.3900, 32.5600, 34.1900, 853656
2018-01-05, 33.5200, 33.7700, 32.5600, 33.5100, 618447
2018-01-08, 33.5500, 34.1617, 32.5800, 34.1100, 467190
2018-01-09, 34.3400, 34.8200, 33.6800, 33.9500, 606975
2018-01-10, 34.4000, 34.7700, 33.2844, 33.3900, 529735
2018-01-11, 33.9400, 36.9000, 33.6000, 35.7100, 1312892
2018-01-12, 35.6500, 36.6500, 35.1600, 36.5600, 675089
2018-01-16, 36.7400, 37.0700, 34.4800, 34.6200, 1077517
2018-01-17, 34.7400, 36.3300, 33.9200, 35.5000, 760179
2018-01-18, 35.2700, 35.5344, 33.5510, 34.2000, 692643
2018-01-19, 33.3300, 33.8847, 32.9000, 33.8000, 804604
2018-01-22, 33.4800, 36.6800, 33.4800, 36.6800, 804601
2018-01-23, 37.1800, 37.2500, 35.4700, 36.8000, 971614
2018-01-24, 36.8000, 37.7100, 35.5504, 36.4100, 728463
2018-01-25, 37.0800, 37.0800, 33.7400, 34.1200, 847276
2018-01-26, 34.5000, 34.9200, 33.8401, 34.4300, 414611
2018-01-29, 33.5000, 34.3200, 32.3900, 32.5900, 915133
2018-01-30, 31.1600, 31.4500, 28.6600, 29.1600, 1779209
2018-01-31, 29.0100, 29.6900, 28.2000, 29.0000, 1002967
2018-02-01, 29.1300, 30.0700, 28.3400, 29.4000, 1096912
2018-02-02, 28.0300, 28.2700, 25.3500, 25.6800, 1897513
2018-02-05, 24.8200, 26.1090, 22.5200, 23.2300, 1632533
2018-02-06, 21.9700, 24.4470, 21.3900, 24.0700, 1365986
2018-02-07, 24.2300, 25.1600, 21.7500, 21.8000, 1687009
2018-02-08, 22.0700, 22.5400, 19.0700, 19.1000, 2556103
2018-02-09, 19.6700, 19.7600, 16.7900, 19.2300, 2901721
2018-02-12, 19.8100, 21.2350, 19.8100, 20.7100, 1837753
2018-02-13, 19.9000, 20.5300, 19.5010, 19.8900, 1275930
2018-02-14, 18.9700, 22.2300, 18.9700, 22.1200, 1309263
2018-02-15, 22.1800, 22.4100, 20.3590, 22.2300, 1219238
2018-02-16, 21.6400, 22.9900, 21.5800, 21.9000, 1471344
2018-02-20, 22.0100, 22.7000, 21.3296, 21.7100, 1380498
2018-02-21, 21.2500, 22.0200, 20.1300, 20.1800, 1344076
2018-02-22, 20.5800, 22.5000, 20.3801, 21.4100, 1325639
2018-02-23, 21.7900, 23.1900, 21.7490, 23.1900, 1155124
2018-02-26, 23.3500, 24.0000, 22.8500, 23.5200, 1074566
2018-02-27, 23.2000, 23.8900, 21.7800, 21.7800, 1334354
2018-02-28, 22.2600, 22.7165, 20.0500, 20.0800, 1427619
2018-03-01, 20.0500, 21.4000, 20.0500, 20.7200, 1091403
2018-03-02, 20.0600, 22.1300, 19.5803, 22.0600, 1240200
2018-03-05, 21.6100, 23.6700, 21.5500, 23.2800, 1494433
2018-03-06, 23.5700, 23.8100, 22.4100, 22.6100, 991808
2018-03-07, 21.9800, 23.0800, 21.2900, 21.9300, 1112442
2018-03-08, 22.0300, 22.3000, 21.1904, 21.7900, 887560
2018-03-09, 22.3000, 23.3100, 22.3000, 23.2200, 1074863
2018-03-12, 22.8800, 23.8500, 22.5300, 23.3100, 1073836
2018-03-13, 23.2700, 24.0300, 22.6600, 22.9200, 842087
2018-03-14, 23.3900, 23.4500, 22.5200, 22.7600, 808343
2018-03-15, 22.9300, 23.5100, 21.3800, 21.8100, 1560889
2018-03-16, 21.8700, 23.0000, 21.4510, 22.5900, 1036060
2018-03-19, 22.2300, 22.2809, 20.4000, 20.8800, 1655317
2018-03-20, 21.5000, 22.3300, 21.4208, 21.8700, 1226646
2018-03-21, 22.3500, 24.8400, 22.1110, 24.5900, 2186430
2018-03-22, 23.6900, 24.2743, 22.9300, 23.0200, 994869
2018-03-23, 23.6600, 24.9800, 22.7500, 22.9000, 1268465
2018-03-26, 23.5400, 24.2200, 22.4100, 24.2100, 1284812
2018-03-27, 24.3000, 24.5000, 22.0000, 22.4600, 1208914
2018-03-28, 22.7400, 23.3100, 21.6950, 22.0200, 1330717
2018-03-29, 22.2000, 24.1000, 22.1700, 23.8400, 1191715
2018-04-02, 23.2600, 23.3600, 20.1100, 21.4500, 3633348
2018-04-03, 21.9200, 22.5700, 20.5700, 22.5500, 2043725
2018-04-04, 21.1200, 22.5800, 20.7900, 22.5400, 1750168
2018-04-05, 22.6900, 24.9500, 22.6900, 24.4800, 2261210
2018-04-06, 23.9300, 24.4190, 21.1700, 22.5000, 2961058
2018-04-09, 23.3000, 23.7300, 22.5000, 22.5600, 2172528
2018-04-10, 23.8900, 25.9800, 23.7000, 25.4700, 2569572
2018-04-11, 25.5400, 27.2730, 25.2800, 26.8200, 1473521
2018-04-12, 26.5100, 27.1000, 25.6400, 26.5900, 978634
2018-04-13, 26.9900, 28.5500, 26.7600, 27.9800, 970037
2018-04-16, 28.0000, 29.0690, 27.2100, 28.5700, 1345598
2018-04-17, 28.6000, 29.5200, 28.0500, 29.1600, 1234469
2018-04-18, 30.1700, 32.9800, 30.0000, 31.8300, 2467934
2018-04-19, 32.0800, 32.8225, 31.0308, 31.6500, 1523601
2018-04-20, 30.7600, 31.7550, 30.0700, 31.3000, 1034151
2018-04-23, 30.4300, 31.9900, 29.8500, 31.9200, 1240838
2018-04-24, 32.0900, 33.1900, 29.9010, 30.8000, 1718413
2018-04-25, 30.6800, 32.0700, 29.8600, 32.0000, 1195745
2018-04-26, 32.4400, 33.2900, 31.6300, 33.2200, 1329907
2018-04-27, 32.6500, 32.8900, 31.2000, 31.4300, 1187484
2018-04-30, 31.0300, 33.4100, 31.0000, 32.4500, 1413099
2018-05-01, 31.6000, 32.2600, 30.6700, 32.0500, 1171832
2018-05-02, 31.5700, 33.7100, 31.5700, 32.9100, 1102605
2018-05-03, 32.2400, 32.5500, 30.2800, 31.2500, 1330190
2018-05-04, 31.2500, 33.1800, 31.0250, 32.9400, 999946
2018-05-07, 34.0000, 36.4000, 33.3800, 33.6100, 1844683
2018-05-08, 33.4000, 35.6100, 30.9100, 35.6000, 2754984
2018-05-09, 37.2600, 39.2602, 37.0600, 37.5700, 2112545
2018-05-10, 37.9400, 38.5500, 36.8412, 38.0500, 1118763
2018-05-11, 37.9200, 38.4800, 36.7700, 37.1500, 877713
2018-05-14, 37.7900, 38.7844, 37.6101, 38.5700, 799433
2018-05-15, 38.4800, 39.1900, 37.1500, 39.0400, 700079
2018-05-16, 38.5700, 40.0585, 38.0000, 39.8400, 779449
2018-05-17, 40.4900, 43.7400, 40.4000, 43.4500, 1409398
2018-05-18, 43.2300, 43.7400, 41.8000, 42.4700, 1052908
2018-05-21, 43.4000, 45.2300, 42.7618, 45.1900, 1258595
2018-05-22, 45.6900, 47.0000, 41.2300, 41.8700, 1956864
2018-05-23, 41.2700, 41.9490, 38.8500, 41.1400, 1591309
2018-05-24, 38.9600, 40.4799, 38.2400, 39.4600, 1348972
2018-05-25, 36.1500, 36.5600, 33.4000, 35.5900, 2848817
2018-05-29, 34.3500, 36.7700, 34.2900, 35.9600, 1754923
2018-05-30, 36.7600, 40.5800, 36.7000, 40.2000, 1930894
2018-05-31, 38.8900, 41.8900, 38.8342, 39.1100, 1208737
2018-06-01, 38.9900, 40.4900, 37.6700, 38.9700, 1235521
2018-06-04, 39.4600, 40.0100, 35.4600, 36.2900, 1838019
2018-06-05, 35.0000, 36.9500, 34.6900, 35.9300, 1418328
2018-06-06, 36.4400, 36.9248, 34.8200, 36.0100, 1343998
2018-06-07, 36.8400, 39.4000, 36.7000, 38.9600, 1604328
2018-06-08, 38.7400, 39.2100, 36.9000, 38.4300, 1257432
2018-06-11, 37.7200, 39.8200, 37.5300, 39.1700, 876000
2018-06-12, 39.1400, 40.2500, 38.1700, 38.7300, 1023759
2018-06-13, 38.3000, 39.4200, 37.5500, 38.6100, 815992
2018-06-14, 39.3300, 40.0500, 37.1100, 37.2500, 1381744
2018-06-15, 36.5000, 36.7500, 33.8800, 34.0800, 1755109
2018-06-18, 34.2300, 37.7100, 34.1500, 36.3600, 1621315
2018-06-19, 34.8100, 37.7900, 34.2900, 37.3400, 936631
2018-06-20, 38.4800, 39.4500, 37.1800, 39.1900, 1735925
2018-06-21, 38.1400, 38.6400, 35.6700, 36.0600, 1649952
2018-06-22, 39.7300, 40.8700, 39.1300, 39.6000, 1351778
2018-06-25, 39.3800, 39.8700, 35.8707, 36.4100, 2251405
2018-06-26, 37.1500, 39.4500, 36.0800, 38.6800, 2239529
2018-06-27, 40.2800, 42.9511, 40.2400, 40.3400, 1985281
2018-06-28, 41.0200, 41.4100, 38.9301, 40.2500, 1320143
2018-06-29, 41.0000, 42.8900, 40.5000, 40.6100, 1214852
2018-07-02, 39.6100, 39.6100, 37.3500, 38.3100, 1637109
2018-07-03, 40.4600, 41.7000, 38.8500, 39.7000, 1818198
2018-07-05, 40.3000, 40.8900, 38.5300, 39.3700, 1319874
2018-07-06, 38.7500, 41.8900, 38.3518, 41.5200, 1212174
2018-07-09, 42.5600, 44.9000, 42.2000, 44.8200, 1238998
2018-07-10, 46.0200, 47.5500, 43.8401, 44.6600, 1510313
2018-07-11, 43.0700, 44.9300, 39.8100, 40.9900, 1841160
2018-07-12, 42.0400, 42.0688, 39.2000, 40.6400, 1516693
2018-07-13, 40.5400, 42.3200, 40.2533, 40.6700, 1829145
2018-07-16, 38.8800, 39.9900, 36.5701, 38.2700, 1794288
2018-07-17, 37.8000, 39.1320, 37.0000, 38.3400, 1221276
2018-07-18, 37.7100, 38.9800, 35.7500, 38.6300, 1910534
2018-07-19, 38.1000, 39.6600, 37.9300, 39.3500, 1455799
2018-07-20, 39.5300, 39.7300, 37.7010, 38.6100, 1200152
2018-07-23, 39.2100, 39.4900, 37.8512, 38.2500, 794581
2018-07-24, 38.6100, 40.5500, 38.5100, 39.1200, 1216426
2018-07-25, 39.3000, 40.1390, 38.4300, 39.9700, 1126957
2018-07-26, 40.0500, 41.2500, 39.6000, 40.4700, 851449
2018-07-27, 39.7700, 40.6490, 37.6500, 37.9300, 1406079
2018-07-30, 39.3300, 40.5200, 39.1880, 40.0000, 1251584
2018-07-31, 39.7500, 40.5290, 38.2500, 39.8500, 1024338
2018-08-01, 38.7000, 38.8000, 36.5100, 38.0400, 2233546
2018-08-02, 37.1500, 38.7200, 36.2500, 38.3900, 1403501
2018-08-03, 38.3000, 38.6300, 36.2000, 37.0900, 1698009
2018-08-06, 37.8200, 38.9288, 36.8600, 37.9500, 1512647
2018-08-07, 39.2100, 39.5600, 37.9500, 38.0300, 949211
2018-08-08, 37.0100, 37.3200, 35.3221, 36.2700, 2070227
2018-08-09, 36.4700, 36.6230, 35.0480, 35.3500, 1103265
2018-08-10, 35.5600, 36.4400, 34.7700, 36.2500, 1176423
2018-08-13, 35.8000, 36.4000, 33.5500, 33.6200, 1447584
2018-08-14, 34.8900, 35.2100, 33.6490, 34.4700, 875978
2018-08-15, 33.2600, 33.4029, 28.8300, 29.7600, 2840883
2018-08-16, 30.3000, 31.1200, 29.9203, 30.4800, 1130821
2018-08-17, 31.0600, 31.5800, 30.4800, 31.0300, 1073689
2018-08-20, 30.8400, 32.2300, 30.8000, 31.9200, 683007
2018-08-21, 32.7800, 34.4900, 32.7800, 33.8000, 1163302
2018-08-22, 35.0000, 36.0200, 34.7500, 35.7300, 1123832
2018-08-23, 35.0000, 35.6000, 34.3500, 35.4100, 597559
2018-08-24, 36.7200, 37.5000, 36.1695, 36.5500, 848398
2018-08-27, 37.0000, 37.7700, 36.5900, 36.9700, 612780
2018-08-28, 37.0100, 37.5318, 35.3300, 36.0600, 588361
2018-08-29, 36.9000, 38.0400, 35.9400, 37.5300, 956593
2018-08-30, 37.7000, 38.2800, 36.7182, 38.0700, 791740
2018-08-31, 37.5800, 37.7500, 36.4800, 37.3800, 725405
2018-09-04, 38.1000, 38.5000, 35.6300, 36.1300, 1078454
2018-09-05, 35.4000, 35.7325, 33.6500, 35.4100, 817848
2018-09-06, 35.0000, 35.3000, 31.7100, 32.1700, 1615543
2018-09-07, 31.2500, 31.6800, 30.0681, 31.2800, 1144335
2018-09-10, 31.9400, 32.3199, 31.1795, 31.4100, 811564
2018-09-11, 31.2600, 33.7850, 30.8300, 33.2700, 1113811
2018-09-12, 34.4200, 35.4800, 33.7800, 34.6100, 1324441
2018-09-13, 33.9900, 34.5528, 32.7000, 34.0600, 900649
2018-09-14, 34.0500, 35.3300, 33.8238, 34.3900, 643652
2018-09-17, 34.8000, 35.2500, 33.9600, 34.2700, 534839
2018-09-18, 35.0700, 36.4400, 35.0600, 35.6800, 812748
2018-09-19, 35.5100, 37.2300, 35.4101, 36.8400, 666734
2018-09-20, 37.4100, 37.8400, 36.1801, 36.5400, 632013
2018-09-21, 37.1200, 37.9100, 36.4300, 37.5000, 733223
2018-09-24, 39.2800, 40.5100, 38.5500, 39.9500, 1150584
2018-09-25, 40.9600, 41.8003, 40.4398, 40.5900, 653878
2018-09-26, 39.6400, 40.2400, 38.1800, 38.3300, 747478
2018-09-27, 39.5200, 39.6500, 38.6000, 39.3300, 469320
2018-09-28, 38.8300, 40.9000, 38.7900, 39.6100, 643206
2018-10-01, 40.1500, 41.6500, 39.6200, 40.8800, 527167
2018-10-02, 40.9400, 41.3200, 39.0300, 40.1100, 638344
2018-10-03, 40.6200, 43.3940, 40.2300, 43.2400, 744575
2018-10-04, 42.2100, 43.7700, 40.2500, 40.9200, 824571
2018-10-05, 40.9100, 41.6700, 39.0200, 40.3600, 580433
2018-10-08, 39.3000, 40.2500, 38.1000, 39.7100, 479144
2018-10-09, 39.9500, 42.5599, 39.9200, 41.3200, 742881
2018-10-10, 41.1000, 41.4000, 35.4163, 35.5400, 1537589
2018-10-11, 34.5800, 35.5701, 31.8900, 32.3600, 1579889
2018-10-12, 34.1000, 34.3900, 31.4700, 33.5400, 1264608
2018-10-15, 33.9500, 34.7900, 32.7361, 33.7500, 996677
2018-10-16, 34.0800, 35.4800, 33.4000, 35.2600, 1009769
2018-10-17, 34.4100, 35.0500, 32.1100, 33.2700, 1389147
2018-10-18, 31.9100, 32.6200, 30.9000, 31.7400, 1390251
2018-10-19, 31.9700, 32.5000, 30.2600, 30.6500, 1571834
2018-10-22, 30.5500, 30.8300, 28.6001, 29.2000, 1408582
2018-10-23, 26.8600, 27.0500, 24.9400, 26.1600, 2603331
2018-10-24, 26.8200, 26.9205, 21.4000, 21.4300, 2833935
2018-10-25, 22.5000, 23.1700, 21.5100, 22.5500, 2168622
2018-10-26, 21.5700, 22.8100, 20.1803, 21.7200, 2189118
2018-10-29, 22.0400, 22.1450, 18.3000, 19.3500, 2014891
2018-10-30, 18.7200, 20.8000, 18.5400, 20.7300, 1911574
2018-10-31, 21.3100, 23.4900, 21.3100, 21.9300, 3073396
2018-11-01, 22.2371, 23.5900, 21.5000, 23.1100, 1763331
2018-11-02, 23.4000, 23.9000, 21.2900, 21.9500, 2255528
2018-11-05, 23.0000, 24.0956, 22.8000, 23.8400, 2048078
2018-11-06, 24.0000, 24.1800, 22.4000, 23.2300, 2073446
2018-11-07, 24.7400, 25.8399, 23.7212, 24.9500, 3077302
2018-11-08, 24.6000, 24.9000, 22.0400, 22.2700, 2036948
2018-11-09, 21.2000, 22.6000, 20.3000, 22.2500, 2279178
