2013-06-27, 18.0000, 19.2500, 17.8000, 18.6600, 34989500
2013-06-28, 18.6500, 18.9700, 18.2600, 18.7900, 3850400
2013-07-01, 18.7800, 19.2000, 18.5300, 18.9200, 2050900
2013-07-02, 19.0000, 19.4000, 18.7725, 19.1100, 2127800
2013-07-03, 19.2500, 19.5500, 19.1200, 19.3800, 1320900
2013-07-05, 19.4600, 19.7000, 19.4000, 19.6100, 1445500
2013-07-08, 19.7500, 19.8700, 19.5600, 19.8000, 1147300
2013-07-09, 19.9000, 20.0899, 19.4600, 19.7700, 1610200
2013-07-10, 19.6300, 19.6500, 19.2900, 19.5000, 991100
2013-07-11, 19.4200, 19.7800, 19.2800, 19.3000, 1978900
2013-07-12, 19.2500, 19.5500, 19.0000, 19.3300, 1402500
2013-07-15, 19.3500, 19.4800, 19.0500, 19.3200, 1656600
2013-07-16, 19.4000, 19.4800, 19.2200, 19.2600, 2158900
2013-07-17, 19.2100, 19.4200, 19.0400, 19.0500, 3239800
2013-07-18, 19.0500, 19.5900, 18.9900, 19.5100, 4891000
2013-07-19, 19.3700, 20.5900, 19.3400, 20.3600, 5291900
2013-07-22, 20.6000, 21.0000, 20.3700, 20.8200, 2767900
2013-07-23, 20.8400, 21.5500, 20.1200, 21.4900, 2418900
2013-07-24, 21.7100, 21.9200, 20.6700, 21.6400, 1160700
2013-07-25, 21.6500, 21.9543, 21.1500, 21.2900, 939900
2013-07-26, 21.4700, 21.6200, 21.2500, 21.3900, 399900
2013-07-29, 21.3900, 21.4900, 20.9900, 21.2000, 458400
2013-07-30, 21.5200, 21.7500, 21.0857, 21.4000, 343600
2013-07-31, 21.4500, 21.5500, 21.2100, 21.4400, 375000
2013-08-01, 21.5900, 22.4280, 21.4100, 22.0800, 3734400
2013-08-02, 22.0600, 22.6200, 22.0200, 22.5700, 1777700
2013-08-05, 22.5200, 23.3300, 22.5200, 23.0000, 1470200
2013-08-06, 23.7300, 23.8300, 22.6600, 23.4000, 3294100
2013-08-07, 23.4200, 23.6500, 23.1500, 23.2800, 1449900
2013-08-08, 23.3600, 23.4300, 23.1100, 23.2700, 780900
2013-08-09, 23.6800, 23.7500, 23.0000, 23.0800, 669900
2013-08-12, 24.0000, 24.0000, 23.3600, 23.4700, 1534800
2013-08-13, 23.7000, 23.9550, 23.2300, 23.9000, 1582900
2013-08-14, 24.0600, 24.2000, 23.6000, 23.6700, 713000
2013-08-15, 23.7500, 23.7500, 22.6000, 22.8100, 1590800
2013-08-16, 22.8400, 23.4200, 22.8300, 23.1800, 1055200
2013-08-19, 23.2800, 23.4800, 22.6800, 22.6900, 757100
2013-08-20, 23.0200, 23.8300, 22.3500, 23.2500, 1211100
2013-08-21, 23.3600, 23.8500, 22.9700, 23.3700, 982900
2013-08-22, 23.4400, 23.7750, 22.9500, 23.3400, 550700
2013-08-23, 23.4700, 23.7900, 22.8900, 23.5500, 718100
2013-08-26, 23.7200, 23.8100, 23.3200, 23.8100, 662200
2013-08-27, 23.6900, 23.6900, 22.5800, 22.8800, 907700
2013-08-28, 22.9500, 23.2480, 22.5000, 22.8700, 384800
2013-08-29, 22.8500, 23.3840, 22.5503, 23.0400, 463000
2013-08-30, 23.0900, 23.0900, 22.7000, 22.7400, 255300
2013-09-03, 22.9200, 23.2200, 22.8100, 23.0100, 536600
2013-09-04, 23.0100, 23.3100, 22.7900, 23.2200, 639700
2013-09-05, 23.3500, 24.3000, 23.3200, 23.9500, 1143300
2013-09-06, 24.0500, 24.2200, 23.7700, 23.9500, 772100
2013-09-09, 24.2000, 25.0600, 24.0100, 24.7480, 2259500
2013-09-10, 22.6000, 22.6500, 21.2900, 21.9670, 9570200
2013-09-11, 21.7100, 22.3700, 21.4200, 22.1800, 2597700
2013-09-12, 22.1200, 23.1300, 22.1200, 22.7100, 1800700
2013-09-13, 22.6800, 23.1500, 22.5100, 22.8700, 748400
2013-09-16, 23.2200, 23.3390, 22.5100, 22.8900, 634000
2013-09-17, 22.8300, 23.2000, 22.8300, 23.0500, 1086200
2013-09-18, 23.0000, 23.5000, 22.6800, 23.1200, 1811000
2013-09-19, 23.2100, 23.5000, 23.0980, 23.3400, 2032100
2013-09-20, 23.4300, 23.7800, 22.6400, 22.7500, 3576100
2013-09-23, 22.7200, 22.9000, 21.9400, 21.9800, 1813300
2013-09-24, 22.1100, 22.7400, 21.9200, 22.3800, 760900
2013-09-25, 23.4900, 23.4900, 22.1101, 22.1500, 459500
2013-09-26, 22.1100, 22.6200, 22.1100, 22.4700, 934000
2013-09-27, 22.3100, 22.4600, 21.8700, 22.0300, 1382400
2013-09-30, 21.7200, 22.2800, 21.5200, 21.9700, 4945100
2013-10-01, 21.8400, 22.4400, 21.7900, 22.2200, 1015500
2013-10-02, 22.0000, 22.8400, 21.8800, 22.4000, 885000
2013-10-03, 22.5600, 22.5800, 22.0300, 22.1500, 637900
2013-10-04, 22.2100, 22.4300, 22.0920, 22.2000, 409100
2013-10-07, 21.9100, 22.1100, 21.5400, 21.8700, 896200
2013-10-08, 21.8500, 21.8700, 21.0400, 21.0900, 1306400
2013-10-09, 21.0800, 21.2600, 20.6800, 20.8400, 958200
2013-10-10, 21.0600, 21.1400, 20.7750, 21.0200, 1069200
2013-10-11, 21.0000, 21.0700, 20.4100, 21.0000, 2069300
2013-10-14, 20.7900, 21.3500, 20.3300, 21.3100, 646200
2013-10-15, 21.1500, 21.2860, 20.4700, 20.4700, 2057200
2013-10-16, 20.5900, 20.7800, 19.9700, 20.3700, 4497800
2013-10-17, 20.3300, 20.6500, 19.9700, 20.5300, 2197100
2013-10-18, 20.7000, 21.1400, 20.3700, 20.9600, 1349600
2013-10-21, 21.0500, 21.4210, 20.4700, 20.6000, 1975700
2013-10-22, 20.6100, 21.5600, 20.6100, 21.3920, 2043000
2013-10-23, 21.3500, 21.3800, 20.9200, 21.1200, 687600
2013-10-24, 21.1000, 21.6700, 20.9700, 21.6700, 862600
2013-10-25, 21.7500, 22.7100, 21.6700, 22.1600, 998400
2013-10-28, 22.1000, 22.3600, 21.6800, 21.6800, 1071800
2013-10-29, 21.8500, 22.0600, 21.3300, 21.7300, 1066700
2013-10-30, 21.7400, 21.7700, 20.9500, 20.9700, 2391900
2013-10-31, 20.9400, 20.9900, 19.8800, 20.1900, 2367700
2013-11-01, 20.1700, 20.3900, 19.8300, 19.8400, 1819600
2013-11-04, 19.8800, 20.3700, 19.8800, 20.2800, 707900
2013-11-05, 20.3300, 21.7500, 20.3300, 20.8000, 4787100
2013-11-06, 20.8700, 20.8700, 20.1700, 20.2820, 1507900
2013-11-07, 20.3500, 20.6100, 19.6900, 19.7000, 1213100
2013-11-08, 19.7000, 20.2000, 19.6500, 19.8300, 1219700
2013-11-11, 19.8900, 20.2200, 19.6700, 20.0300, 946600
2013-11-12, 19.9200, 20.0300, 19.5500, 19.9700, 806100
2013-11-13, 19.9300, 20.3300, 19.8000, 20.2900, 975900
2013-11-14, 20.2100, 20.7700, 19.9200, 20.5300, 999600
2013-11-15, 20.7400, 21.0200, 20.6700, 20.8600, 1381500
2013-11-18, 20.9500, 21.0600, 20.6000, 20.7600, 1136500
2013-11-19, 20.9700, 20.9800, 20.5500, 20.7500, 600500
2013-11-20, 20.8600, 21.0000, 20.5000, 20.6700, 490500
2013-11-21, 20.6700, 21.0200, 20.4200, 21.0100, 493100
2013-11-22, 21.0200, 21.1700, 20.8000, 21.0400, 599600
2013-11-25, 21.0500, 21.1800, 20.8200, 20.9000, 499000
2013-11-26, 20.8800, 21.2600, 20.8600, 20.9700, 1197200
2013-11-27, 20.9800, 21.1400, 20.8200, 21.0600, 547900
2013-11-29, 21.1300, 21.3800, 20.9600, 21.0700, 382900
2013-12-02, 21.2800, 21.6600, 21.0500, 21.5200, 883100
2013-12-03, 21.3700, 21.4500, 21.1800, 21.2200, 385100
2013-12-04, 21.0300, 21.3700, 20.6900, 20.9400, 1053300
2013-12-05, 20.9500, 20.9700, 20.6400, 20.7200, 347800
2013-12-06, 20.9800, 21.3000, 20.6600, 21.0600, 474600
2013-12-09, 21.0300, 21.7600, 20.9900, 21.6500, 2387800
2013-12-10, 22.5500, 23.5000, 22.2200, 23.0100, 3192500
2013-12-11, 23.0700, 23.3700, 22.8100, 23.0000, 1300000
2013-12-12, 21.8700, 23.1600, 21.7000, 23.0900, 1592500
2013-12-13, 23.2200, 23.2200, 22.7100, 22.9800, 881700
2013-12-16, 23.6800, 23.8900, 22.8800, 23.1800, 2134300
2013-12-17, 23.2400, 23.4900, 22.9400, 23.1100, 648200
2013-12-18, 23.2400, 24.3000, 23.1900, 24.2600, 1170100
2013-12-19, 24.1800, 24.3600, 23.8000, 23.9500, 612300
2013-12-20, 24.0000, 24.5000, 23.7600, 24.3300, 1387800
2013-12-23, 24.4700, 24.7900, 24.2300, 24.5300, 721600
2013-12-24, 24.8800, 24.8800, 24.2600, 24.3300, 589000
2013-12-26, 24.3400, 24.5400, 24.0400, 24.1600, 639100
2013-12-27, 24.1100, 24.6000, 24.0120, 24.4500, 657500
2013-12-30, 24.0300, 24.5450, 23.8500, 24.1300, 767300
2013-12-31, 24.2700, 24.2900, 23.7900, 24.0100, 789300
2014-01-02, 23.3500, 24.0000, 23.2700, 23.7300, 1154000
2014-01-03, 24.0300, 24.0300, 23.4200, 23.4400, 927700
2014-01-06, 23.4600, 23.6000, 22.6200, 22.7100, 1277600
2014-01-07, 22.9700, 23.3400, 22.9300, 23.1200, 1175700
2014-01-08, 22.8900, 23.2600, 22.8600, 23.1900, 992800
2014-01-09, 24.7200, 24.7500, 22.7300, 23.7400, 1765700
2014-01-10, 23.7500, 24.3500, 23.4800, 24.3000, 1040700
2014-01-13, 24.0300, 24.3000, 23.3400, 23.3600, 660300
2014-01-14, 23.3400, 23.7200, 23.0300, 23.1800, 675600
2014-01-15, 23.1900, 24.0100, 23.0400, 23.5800, 569000
2014-01-16, 23.5400, 24.0599, 23.4600, 23.9700, 401100
2014-01-17, 24.0000, 24.1860, 23.5300, 23.7600, 691600
2014-01-21, 23.8100, 24.0600, 23.6100, 23.7300, 668900
2014-01-22, 23.8200, 23.9400, 23.3500, 23.6100, 469800
2014-01-23, 23.5400, 23.7500, 23.1400, 23.3100, 679700
2014-01-24, 23.1900, 23.3050, 22.3200, 22.5300, 702100
2014-01-27, 22.6400, 22.8880, 21.9400, 22.7800, 749100
2014-01-28, 22.0700, 22.6420, 21.3800, 21.7600, 3442100
2014-01-29, 21.7000, 22.2400, 21.4600, 21.6900, 1384900
2014-01-30, 21.8900, 22.3700, 21.5200, 21.6500, 1833200
2014-01-31, 21.4100, 22.3500, 21.4100, 21.4700, 840400
2014-02-03, 21.4300, 21.5300, 20.5900, 20.9000, 1264700
2014-02-04, 21.0600, 21.7400, 20.9200, 21.6000, 1052000
2014-02-05, 21.6700, 21.6700, 21.0500, 21.4100, 792600
2014-02-06, 21.5300, 22.2650, 21.0542, 22.0900, 857600
2014-02-07, 22.0900, 22.2900, 21.6500, 21.7200, 959700
2014-02-10, 21.6900, 21.7500, 21.4400, 21.6100, 338600
2014-02-11, 21.6300, 22.5000, 21.5500, 21.9600, 1070400
2014-02-12, 21.9300, 22.4400, 21.8920, 22.2000, 615200
2014-02-13, 22.1000, 22.2500, 21.8300, 22.1800, 638800
2014-02-14, 22.1900, 22.4400, 21.9900, 22.0700, 755100
2014-02-18, 22.0600, 22.5300, 21.5200, 21.6800, 963000
2014-02-19, 21.6800, 22.6000, 21.5600, 21.6300, 1990200
2014-02-20, 21.5800, 21.7500, 21.1950, 21.3600, 1170100
2014-02-21, 21.3500, 22.1100, 21.3100, 22.0300, 966600
2014-02-24, 22.0900, 22.5000, 21.9600, 22.1600, 609200
2014-02-25, 22.2800, 22.4700, 21.8700, 22.1700, 441100
2014-02-26, 22.2400, 22.9900, 22.1300, 22.7500, 918200
2014-02-27, 22.6300, 23.2000, 22.2700, 23.1700, 958300
2014-02-28, 23.1700, 23.5100, 22.7320, 23.2700, 1084300
2014-03-03, 23.0700, 23.4100, 23.0000, 23.0900, 687200
2014-03-04, 23.2400, 23.5500, 23.1700, 23.3900, 821900
2014-03-05, 23.3100, 24.2000, 23.0500, 23.7300, 1340200
2014-03-06, 24.5900, 24.5900, 23.3800, 24.2000, 577000
2014-03-07, 24.3000, 24.3000, 23.9200, 24.2300, 329400
2014-03-10, 24.1500, 24.2575, 23.6500, 24.0300, 482500
2014-03-11, 24.0200, 24.3000, 23.5400, 23.5800, 484800
2014-03-12, 23.3400, 23.4000, 22.9100, 23.2000, 1006900
2014-03-13, 23.1800, 23.3330, 22.9200, 22.9900, 318200
2014-03-14, 23.0100, 23.2200, 22.4900, 22.5400, 679600
2014-03-17, 22.6600, 22.9100, 22.3800, 22.4700, 823000
2014-03-18, 22.5000, 23.4300, 22.5000, 23.3900, 1176300
2014-03-19, 23.6500, 23.9260, 22.8100, 23.5900, 535800
2014-03-20, 23.5700, 23.5700, 23.0000, 23.3200, 872600
2014-03-21, 23.4900, 23.5000, 22.9600, 23.1900, 2026800
2014-03-24, 23.1700, 23.2200, 22.2500, 23.0700, 2155400
2014-03-25, 24.5000, 25.2400, 24.5000, 24.9600, 3869200
2014-03-26, 25.2500, 26.8500, 25.2250, 25.7500, 4751500
2014-03-27, 25.8000, 25.8500, 24.7600, 25.6900, 2010100
2014-03-28, 25.9500, 27.0200, 25.9500, 26.6800, 1669700
2014-03-31, 25.8400, 26.4700, 25.3800, 26.1500, 1574700
2014-04-01, 26.2300, 26.7500, 25.7720, 26.6000, 879700
2014-04-02, 26.6100, 26.8000, 26.2300, 26.4400, 825900
2014-04-03, 26.4700, 26.7000, 26.0700, 26.6300, 1100400
2014-04-04, 26.8200, 27.3900, 26.5200, 26.8600, 1432300
2014-04-07, 26.7400, 26.8000, 25.6450, 25.8400, 1988800
2014-04-08, 25.7800, 26.1450, 25.2600, 25.4600, 918000
2014-04-09, 25.5800, 25.9600, 25.4400, 25.8700, 496100
2014-04-10, 25.9100, 26.1700, 25.2600, 25.3100, 840900
2014-04-11, 25.0000, 25.5200, 24.8400, 24.8900, 992400
2014-04-14, 25.1300, 25.4400, 24.7000, 24.9300, 617100
2014-04-15, 24.9500, 25.4100, 24.5201, 25.1300, 885800
2014-04-16, 25.2700, 25.6100, 25.0500, 25.2600, 617500
2014-04-17, 25.2700, 26.2600, 25.0180, 25.5500, 762500
2014-04-21, 25.5600, 26.1000, 25.2400, 25.8900, 615400
2014-04-22, 25.8600, 26.4300, 25.6700, 26.2700, 604300
2014-04-23, 26.2500, 26.7750, 26.0100, 26.3000, 704800
2014-04-24, 26.2600, 26.7075, 26.2600, 26.4900, 544800
2014-04-25, 26.4100, 26.5400, 25.6400, 25.9300, 717400
2014-04-28, 26.0700, 26.3500, 25.7150, 26.2200, 1329600
2014-04-29, 26.3000, 26.7600, 25.8900, 26.7100, 1502400
2014-04-30, 25.9800, 26.2000, 25.6100, 25.7800, 2032700
2014-05-01, 25.8300, 26.6000, 25.6500, 26.3600, 2115600
2014-05-02, 26.0000, 26.2000, 25.5000, 25.7100, 17160800
2014-05-05, 25.5500, 26.2108, 25.5000, 25.9400, 2532000
2014-05-06, 25.8200, 26.1700, 25.6500, 25.9300, 2142100
2014-05-07, 26.0700, 26.2400, 25.5400, 25.9500, 1822100
2014-05-08, 25.9700, 26.0600, 25.7000, 25.8000, 1225700
2014-05-09, 25.6000, 25.8900, 25.6000, 25.8300, 2094300
2014-05-12, 26.0400, 26.8000, 25.7300, 26.6700, 2112000
2014-05-13, 26.4000, 26.8000, 26.0100, 26.6200, 1087800
2014-05-14, 26.5500, 26.6800, 26.1100, 26.3500, 812700
2014-05-15, 26.2300, 26.6700, 25.5450, 25.8500, 1114900
2014-05-16, 25.8000, 26.2000, 25.3200, 25.9700, 1277700
2014-05-19, 25.9100, 26.2700, 25.9000, 26.0500, 717900
2014-05-20, 26.1100, 26.2740, 25.2700, 25.4300, 936600
2014-05-21, 25.5500, 25.8800, 25.3400, 25.7800, 668500
2014-05-22, 25.7300, 25.9000, 25.5860, 25.6800, 646400
2014-05-23, 25.6900, 25.8830, 25.4500, 25.6900, 1095900
2014-05-27, 25.8900, 26.0800, 25.5700, 26.0100, 1009600
2014-05-28, 26.0600, 26.4400, 25.9000, 26.1400, 898900
2014-05-29, 26.1700, 26.3650, 25.8500, 26.2600, 1062500
2014-05-30, 26.3000, 26.3500, 25.9100, 26.2700, 1386600
2014-06-02, 26.4200, 26.6300, 26.0000, 26.5100, 573900
2014-06-03, 26.9400, 28.8700, 26.4300, 26.7900, 1819400
2014-06-04, 26.8100, 27.2150, 26.6900, 26.9800, 830600
2014-06-05, 26.6700, 27.3100, 26.6700, 27.2300, 746400
2014-06-06, 27.3300, 27.6500, 27.1800, 27.3700, 879100
2014-06-09, 27.9200, 27.9900, 27.2900, 27.6000, 1863900
2014-06-10, 28.3000, 28.6400, 27.9200, 28.6000, 3012800
2014-06-11, 28.8900, 29.2000, 28.4100, 28.7700, 2236300
2014-06-12, 28.3900, 28.8500, 27.6100, 27.6200, 1606600
2014-06-13, 27.6300, 28.1100, 27.4100, 27.8100, 979200
2014-06-16, 28.0600, 28.3500, 27.6200, 28.2400, 874200
2014-06-17, 28.1700, 28.5800, 27.9700, 28.0100, 912800
2014-06-18, 27.9800, 28.7700, 27.8000, 28.7200, 941300
2014-06-19, 28.6800, 28.9800, 28.1100, 28.1690, 1096600
2014-06-20, 28.1000, 28.8400, 27.9700, 28.5300, 2022000
2014-06-23, 28.5400, 28.8475, 28.1100, 28.1900, 1016200
2014-06-24, 28.1400, 28.2700, 27.7000, 27.8400, 1418400
2014-06-25, 27.8000, 27.9700, 27.3200, 27.8500, 1098900
2014-06-26, 27.9200, 28.1900, 27.5640, 28.0500, 1029400
2014-06-27, 27.9300, 28.5100, 27.5701, 28.0300, 4242200
2014-06-30, 28.1000, 28.7000, 28.0500, 28.3900, 1048000
2014-07-01, 28.4900, 28.7900, 27.9900, 28.0500, 874800
2014-07-02, 28.0000, 28.4400, 27.6800, 28.0500, 999700
2014-07-03, 28.0700, 28.7600, 28.0700, 28.7100, 1383400
2014-07-07, 28.6000, 28.6800, 27.8500, 27.9500, 688400
2014-07-08, 27.9500, 27.9900, 27.2300, 27.5500, 888000
2014-07-09, 27.7300, 27.8500, 27.0900, 27.2300, 799500
2014-07-10, 26.8800, 27.3700, 26.3200, 27.1700, 1135600
2014-07-11, 27.1100, 27.2700, 26.6300, 26.6900, 572700
2014-07-14, 26.8300, 27.1500, 26.7700, 26.9400, 535000
2014-07-15, 26.9600, 27.0800, 26.3600, 26.6600, 748200
2014-07-16, 26.8000, 27.0100, 26.4100, 27.0100, 876300
2014-07-17, 26.8700, 27.3400, 26.4801, 26.5600, 660200
2014-07-18, 26.6000, 26.9700, 26.3380, 26.9000, 359900
2014-07-21, 26.6700, 27.1550, 26.6200, 26.8700, 664900
2014-07-22, 26.9500, 27.5800, 26.9100, 27.3600, 932200
2014-07-23, 27.3900, 27.6225, 27.1300, 27.3200, 860900
2014-07-24, 27.3500, 27.6300, 27.0800, 27.1200, 733800
2014-07-25, 27.0700, 27.1600, 26.5900, 26.8800, 651200
2014-07-28, 26.8400, 26.8400, 25.8200, 26.4100, 1156800
2014-07-29, 26.4100, 26.6500, 26.0300, 26.1900, 734100
2014-07-30, 26.3400, 26.3400, 25.5200, 25.9600, 1138100
2014-07-31, 25.7800, 25.8500, 25.1600, 25.4200, 1046800
2014-08-01, 25.4700, 25.9200, 25.1900, 25.2300, 984900
2014-08-04, 25.2100, 25.6700, 25.2100, 25.5500, 858000
2014-08-05, 25.5200, 25.9400, 25.4700, 25.5800, 1083800
2014-08-06, 25.4500, 25.7700, 25.2500, 25.5900, 850800
2014-08-07, 25.7400, 25.9000, 25.5800, 25.7900, 922800
2014-08-08, 25.8500, 26.1800, 25.7800, 25.9400, 886600
2014-08-11, 26.1600, 26.5600, 25.9900, 26.4500, 544800
2014-08-12, 25.9000, 26.6700, 25.9000, 26.3900, 1684500
2014-08-13, 26.5200, 26.6800, 26.1600, 26.4900, 591500
2014-08-14, 26.4400, 26.9000, 26.4400, 26.8900, 488100
2014-08-15, 27.0000, 27.0000, 26.4900, 26.6000, 421900
2014-08-18, 26.8300, 27.3500, 26.3450, 27.1700, 953800
2014-08-19, 27.3600, 27.6700, 27.3000, 27.6000, 666900
2014-08-20, 27.5700, 27.7400, 27.0900, 27.6000, 592300
2014-08-21, 27.6300, 28.1600, 27.2100, 27.8300, 686400
2014-08-22, 27.7500, 28.2300, 27.7500, 28.0300, 733600
2014-08-25, 28.1700, 28.2900, 27.9100, 27.9700, 462500
2014-08-26, 27.9900, 28.2400, 27.6300, 27.6400, 598900
2014-08-27, 27.7700, 27.8900, 27.5400, 27.6800, 520600
2014-08-28, 27.5500, 27.8400, 27.4200, 27.7600, 445000
2014-08-29, 27.9100, 27.9400, 27.6500, 27.7700, 337900
2014-09-02, 27.8700, 27.8700, 27.0100, 27.2100, 1416500
2014-09-03, 27.3500, 27.3750, 27.0600, 27.1900, 859500
2014-09-04, 27.2700, 27.4800, 27.0800, 27.1000, 1075900
2014-09-05, 27.1500, 27.6600, 27.0600, 27.6200, 785000
2014-09-08, 27.6500, 27.9535, 27.2800, 27.3900, 1055900
2014-09-09, 28.2000, 28.8800, 28.0600, 28.1500, 3068300
2014-09-10, 28.5000, 28.9300, 27.6900, 27.8300, 1129600
2014-09-11, 27.7600, 28.3600, 27.4900, 27.7800, 1474800
2014-09-12, 27.8800, 28.8000, 27.7900, 28.2000, 6601900
2014-09-15, 28.2500, 28.4700, 28.1400, 28.2100, 1552100
2014-09-16, 28.0600, 28.5700, 27.8300, 28.5500, 1289000
2014-09-17, 28.4100, 28.7100, 27.9700, 28.5200, 1400400
2014-09-18, 28.5000, 29.2500, 28.3500, 29.1800, 1952600
2014-09-19, 29.2700, 29.5800, 28.9500, 29.3500, 2432100
2014-09-22, 29.1000, 29.2500, 28.6875, 28.7600, 1256700
2014-09-23, 28.7200, 28.8500, 28.3500, 28.6900, 965200
2014-09-24, 28.7300, 28.8000, 28.3500, 28.7300, 692800
2014-09-25, 28.7400, 28.7600, 28.0800, 28.0800, 1025900
2014-09-26, 28.1500, 28.4000, 27.9800, 28.1400, 1070100
2014-09-29, 27.7900, 28.0700, 27.5100, 27.9100, 842800
2014-09-30, 27.9700, 27.9700, 26.9700, 27.2600, 1368900
2014-10-01, 27.3700, 27.3700, 26.6300, 26.9700, 1546000
2014-10-02, 26.8800, 27.4000, 26.7300, 27.0700, 1861700
2014-10-03, 27.3000, 27.5100, 27.1350, 27.3200, 1135900
2014-10-06, 27.5000, 27.5600, 27.0570, 27.3000, 526400
2014-10-07, 27.1000, 27.4900, 26.7500, 26.9800, 1104900
2014-10-08, 27.0300, 27.2600, 26.5750, 27.0900, 1497900
2014-10-09, 27.1100, 27.2300, 26.3100, 26.4300, 1632800
2014-10-10, 26.4000, 26.4650, 25.0850, 25.2300, 3159900
2014-10-13, 25.3400, 25.3700, 23.8100, 23.9100, 4634700
2014-10-14, 23.8600, 24.5300, 23.3400, 23.9900, 4778600
2014-10-15, 23.4100, 24.2700, 22.1800, 23.9100, 5375500
2014-10-16, 23.4000, 24.7100, 23.1800, 24.5100, 2338500
2014-10-17, 24.8300, 25.6600, 24.7500, 25.4000, 2552300
2014-10-20, 25.2800, 25.6900, 25.1900, 25.5400, 1083500
2014-10-21, 25.7800, 26.7590, 25.4300, 26.7200, 2021200
2014-10-22, 26.8300, 27.0300, 25.4900, 26.6100, 1402100
2014-10-23, 26.9200, 27.5450, 26.5190, 27.2200, 1634500
2014-10-24, 27.2300, 27.7600, 27.0600, 27.6800, 1037200
2014-10-27, 27.4600, 28.0900, 27.1500, 27.3400, 934600
2014-10-28, 27.6000, 28.1100, 26.8600, 28.0200, 698300
2014-10-29, 28.1500, 28.2900, 27.6100, 27.9100, 828500
2014-10-30, 27.7100, 28.0700, 27.4700, 27.9400, 1259700
2014-10-31, 28.2500, 28.8700, 28.2000, 28.8400, 1221500
2014-11-03, 28.9300, 29.0100, 28.7000, 28.7400, 1264000
2014-11-04, 28.6700, 28.8500, 28.3600, 28.7800, 986900
2014-11-05, 29.0000, 29.5200, 28.7400, 29.4900, 1520500
2014-11-06, 29.4400, 29.5900, 29.0100, 29.3300, 872200
2014-11-07, 29.3500, 29.4400, 28.8200, 29.0100, 1257500
2014-11-10, 28.9800, 29.1700, 28.6594, 29.0600, 674200
2014-11-11, 29.0500, 29.1900, 28.4700, 28.6700, 961200
2014-11-12, 28.5500, 28.9500, 28.3800, 28.4000, 1439500
2014-11-13, 27.1750, 28.8000, 27.1750, 28.2500, 1670900
2014-11-14, 28.2300, 28.3600, 27.9800, 28.0500, 1033500
2014-11-17, 28.0100, 28.4600, 27.9500, 28.2000, 970300
2014-11-18, 28.1800, 28.9600, 28.1300, 28.6300, 1224200
2014-11-19, 28.6400, 29.3100, 28.3300, 28.4400, 2055500
2014-11-20, 28.2400, 28.8900, 27.9800, 28.4900, 1717700
2014-11-21, 29.0000, 29.2000, 28.7500, 29.0800, 1329700
2014-11-24, 29.1000, 29.6650, 29.0700, 29.6300, 871800
2014-11-25, 29.6300, 29.7499, 29.3100, 29.4800, 778000
2014-11-26, 29.4700, 29.5300, 29.1350, 29.2350, 838700
2014-11-28, 29.3800, 29.3800, 28.7800, 29.0800, 247300
2014-12-01, 28.9400, 29.0300, 28.2000, 28.3000, 1125700
2014-12-02, 29.0500, 29.3200, 28.6900, 29.2300, 1471000
2014-12-03, 29.2100, 30.0000, 29.2100, 29.9400, 1090300
2014-12-04, 29.8000, 30.1700, 29.6900, 30.1100, 2101400
2014-12-05, 30.2100, 30.4600, 29.9900, 30.1800, 1586200
2014-12-08, 30.0300, 30.3500, 29.6850, 29.7600, 1497500
2014-12-09, 29.4300, 29.4300, 27.8500, 28.7050, 2547200
2014-12-10, 28.2900, 29.4800, 28.1000, 28.2300, 1723600
2014-12-11, 27.5000, 28.0400, 27.3700, 27.4000, 9228100
2014-12-12, 27.2200, 27.6500, 27.0350, 27.3800, 2904600
2014-12-15, 27.5500, 27.9100, 27.0000, 27.4400, 3426900
2014-12-16, 27.2900, 27.7150, 27.0900, 27.2400, 2867300
2014-12-17, 26.7800, 27.6600, 26.7800, 27.4400, 2111400
2014-12-18, 27.9400, 28.6500, 27.7100, 28.6400, 3070000
2014-12-19, 28.9300, 29.5600, 28.6300, 29.2800, 4951600
2014-12-22, 29.3700, 29.6600, 29.1750, 29.5400, 1449000
2014-12-23, 29.7100, 29.9700, 29.2000, 29.7100, 1292800
2014-12-24, 29.7300, 29.9900, 29.6900, 29.7200, 318000
2014-12-26, 29.8000, 30.0050, 29.7000, 29.9400, 590200
2014-12-29, 29.9000, 30.1900, 29.7000, 29.9700, 895400
2014-12-30, 29.8700, 29.9700, 29.5400, 29.5850, 933700
2014-12-31, 29.6700, 29.8700, 29.4775, 29.4900, 655700
2015-01-02, 29.7700, 29.8900, 29.1400, 29.4600, 990400
2015-01-05, 29.3900, 29.4600, 28.2500, 28.6300, 1373700
2015-01-06, 28.6500, 28.8200, 27.7000, 28.2000, 2088400
2015-01-07, 28.4600, 28.7700, 28.1900, 28.3300, 765000
2015-01-08, 28.6200, 29.0200, 28.4500, 28.5100, 900600
2015-01-09, 28.5800, 28.7200, 28.2000, 28.6100, 839600
2015-01-12, 28.5900, 28.7100, 28.2900, 28.3400, 939900
2015-01-13, 28.6400, 29.0000, 28.2500, 28.3800, 1413600
2015-01-14, 28.0100, 28.9100, 27.5800, 27.7500, 2068800
2015-01-15, 27.9100, 27.9150, 27.0200, 27.0200, 2185500
2015-01-16, 26.8500, 27.3000, 26.5150, 27.2300, 1448900
2015-01-20, 27.4000, 27.6650, 26.9200, 27.5800, 1792500
2015-01-21, 27.5000, 28.1400, 27.3260, 28.0400, 1650300
2015-01-22, 28.3000, 28.5500, 27.9100, 28.5000, 1851200
2015-01-23, 28.6800, 28.9300, 28.1480, 28.4600, 2192700
2015-01-26, 28.5400, 28.9500, 28.1140, 28.9200, 2190500
2015-01-27, 28.5100, 29.0000, 28.2900, 28.7000, 1429800
2015-01-28, 28.9400, 28.9440, 28.3900, 28.4100, 906200
2015-01-29, 28.4100, 29.0300, 28.0900, 28.9900, 1263000
2015-01-30, 28.8000, 29.1500, 28.5000, 28.8300, 1435200
2015-02-02, 28.7800, 29.1800, 28.6300, 29.1400, 1516400
2015-02-03, 29.2800, 29.5700, 29.0900, 29.5450, 1523400
2015-02-04, 29.4700, 29.5200, 28.4200, 28.5100, 1161300
2015-02-05, 28.5200, 28.8100, 28.2200, 28.2600, 1962500
2015-02-06, 28.3600, 28.5700, 28.1000, 28.1900, 1727400
2015-02-09, 28.1700, 28.4125, 28.1100, 28.1500, 950000
2015-02-10, 28.2400, 28.3600, 27.7600, 28.0600, 1287200
2015-02-11, 27.9600, 28.2600, 27.7100, 28.0600, 833100
2015-02-12, 28.1600, 28.4900, 27.7900, 28.3800, 1983800
2015-02-13, 28.5100, 28.9300, 28.4500, 28.6200, 2091000
2015-02-17, 28.4700, 28.7500, 27.9600, 28.1300, 2222900
2015-02-18, 28.2300, 28.7700, 28.1400, 28.6400, 2079500
2015-02-19, 28.6700, 28.8400, 28.3800, 28.4500, 3425700
2015-02-20, 28.5000, 29.6400, 28.3000, 29.6200, 3537200
2015-02-23, 29.7000, 30.0000, 29.5600, 29.6100, 1884400
2015-02-24, 29.7100, 30.6800, 29.5240, 30.4300, 3573900
2015-02-25, 30.6900, 30.8800, 29.7100, 29.7400, 2940000
2015-02-26, 29.7700, 30.1400, 29.2800, 29.6000, 1428800
2015-02-27, 29.6300, 30.0300, 29.4400, 29.5050, 1172000
2015-03-02, 29.4600, 30.0700, 29.3840, 29.9700, 1903800
2015-03-03, 29.8000, 29.9500, 29.2502, 29.4600, 1517800
2015-03-04, 29.3500, 29.4600, 29.0600, 29.4400, 957400
2015-03-05, 29.5800, 29.8100, 29.4000, 29.6800, 908200
2015-03-06, 29.5500, 29.6599, 28.9500, 29.0200, 1338800
2015-03-09, 29.0300, 29.3600, 28.8500, 29.3000, 1817000
2015-03-10, 29.0500, 29.5200, 28.6700, 28.7400, 1970000
2015-03-11, 28.8500, 29.5100, 28.6300, 29.3600, 1831400
2015-03-12, 29.4300, 30.0885, 29.2500, 30.0000, 2108700
2015-03-13, 29.8700, 30.1200, 29.6000, 29.8700, 2716100
2015-03-16, 30.0400, 30.3600, 29.9000, 30.3200, 1542600
2015-03-17, 30.0500, 30.4100, 29.9200, 30.3050, 1265700
2015-03-18, 30.1300, 30.9600, 30.0300, 30.7300, 1886500
2015-03-19, 30.5900, 30.9900, 30.0700, 30.2100, 1780600
2015-03-20, 30.4900, 30.4940, 29.6500, 29.6900, 5248200
2015-03-23, 28.8000, 29.6600, 28.6000, 29.4000, 5061700
2015-03-24, 29.4900, 30.8600, 29.0108, 30.7700, 6572900
2015-03-25, 30.9100, 30.9100, 29.9550, 30.0800, 3070100
2015-03-26, 29.9500, 30.0700, 29.5100, 29.7400, 1608700
2015-03-27, 29.3500, 30.3100, 29.3000, 30.2300, 1812700
2015-03-30, 30.9000, 31.4100, 30.7300, 31.4100, 3211600
2015-03-31, 31.3200, 31.3800, 30.9900, 31.1550, 2446800
2015-04-01, 31.1800, 31.4200, 30.8300, 31.2100, 1461300
2015-04-02, 31.2700, 31.8200, 31.2000, 31.5100, 3243200
2015-04-06, 31.3900, 31.9900, 31.3000, 31.9400, 1847400
2015-04-07, 32.0000, 32.1900, 31.7950, 32.1400, 2377300
2015-04-08, 32.0000, 32.1100, 31.7400, 31.9250, 1497500
2015-04-09, 31.8400, 32.1300, 31.6000, 31.6600, 1456600
2015-04-10, 31.8300, 31.9800, 31.6000, 31.7600, 1031700
2015-04-13, 31.7200, 32.0000, 31.6600, 31.6700, 988600
2015-04-14, 31.7100, 31.8600, 31.5300, 31.8400, 731800
2015-04-15, 31.9800, 32.7000, 31.8700, 32.6800, 1635900
2015-04-16, 32.6100, 33.0100, 32.3100, 32.9600, 2156300
2015-04-17, 32.6600, 32.7000, 32.1900, 32.4000, 2285500
2015-04-20, 32.4800, 32.7100, 32.4300, 32.6000, 1157800
2015-04-21, 32.8000, 33.2600, 32.6600, 33.1400, 1666900
2015-04-22, 33.1100, 33.3600, 33.0400, 33.3300, 1499100
2015-04-23, 33.2100, 33.8100, 33.1100, 33.6500, 2320500
2015-04-24, 33.6900, 33.8000, 33.4300, 33.5000, 1686600
2015-04-27, 33.6000, 33.7600, 33.4417, 33.5800, 1706800
2015-04-28, 33.5200, 33.7000, 33.2300, 33.6900, 1210200
2015-04-29, 33.5000, 33.7800, 33.3500, 33.7400, 960100
2015-04-30, 33.6100, 33.8000, 32.9500, 33.0000, 1442400
2015-05-01, 33.0200, 33.1700, 32.7400, 32.9800, 1475700
2015-05-04, 33.1000, 33.1200, 32.9100, 32.9400, 1387100
2015-05-05, 32.8300, 33.0100, 32.3500, 32.3800, 1306000
2015-05-06, 32.4400, 32.6800, 32.1300, 32.4700, 712000
2015-05-07, 32.4400, 32.8700, 32.3500, 32.5400, 917000
2015-05-08, 32.9000, 33.1000, 32.3800, 32.8200, 1631300
2015-05-11, 32.7700, 32.8900, 32.4700, 32.5700, 1256300
2015-05-12, 32.3200, 32.7700, 32.1900, 32.6900, 1470100
2015-05-13, 32.7700, 32.9020, 32.4400, 32.5800, 1119400
2015-05-14, 32.6700, 32.9840, 32.4600, 32.5500, 1326200
2015-05-15, 32.6200, 32.7260, 32.2100, 32.2300, 1602000
2015-05-18, 32.3200, 33.0850, 32.1300, 32.9400, 1079400
2015-05-19, 32.9900, 33.2000, 32.8300, 33.0600, 842300
2015-05-20, 33.1700, 33.3150, 32.8900, 33.1900, 888600
2015-05-21, 33.2000, 33.6900, 33.0400, 33.5700, 1124400
2015-05-22, 33.5800, 33.6600, 33.3100, 33.3200, 924500
2015-05-26, 33.3200, 33.4900, 32.9600, 32.9900, 1005200
2015-05-27, 33.0500, 33.1900, 32.8900, 33.0000, 1029800
2015-05-28, 32.9200, 33.0200, 32.7400, 32.8100, 653200
2015-05-29, 32.7100, 32.8600, 32.1900, 32.4500, 1321400
2015-06-01, 32.5800, 33.0000, 32.4750, 32.9150, 879000
2015-06-02, 32.7800, 33.4400, 32.7800, 33.2100, 828600
2015-06-03, 33.3400, 33.5200, 33.0200, 33.4600, 1179100
2015-06-04, 33.3500, 33.3500, 33.0600, 33.1600, 954800
2015-06-05, 33.2200, 33.4100, 32.8901, 33.2300, 1629800
2015-06-08, 33.2500, 33.4000, 32.4000, 32.4500, 2920100
2015-06-09, 34.0000, 34.4900, 33.5200, 33.9500, 5814900
2015-06-10, 34.2100, 34.6100, 33.6800, 33.9000, 2497600
2015-06-11, 33.5600, 34.3600, 33.2600, 33.9000, 2461600
2015-06-12, 33.8200, 33.9500, 33.6000, 33.7900, 888300
2015-06-15, 33.8900, 34.5600, 33.6700, 34.4000, 3325600
2015-06-16, 34.2900, 34.5750, 34.2000, 34.4000, 2011400
2015-06-17, 34.4300, 34.7300, 34.1400, 34.6000, 1704400
2015-06-18, 34.7400, 35.0400, 34.6300, 34.9900, 2885500
2015-06-19, 35.0300, 35.1300, 34.6699, 34.7600, 4824400
2015-06-22, 34.9400, 35.4600, 34.9000, 35.4300, 1667800
2015-06-23, 35.3700, 35.5600, 35.2940, 35.5000, 1607000
2015-06-24, 35.3500, 35.7300, 35.2200, 35.2600, 2025100
2015-06-25, 35.4400, 35.5900, 34.9050, 35.1000, 1183100
2015-06-26, 35.2300, 35.4200, 35.1200, 35.3600, 6859800
2015-06-29, 35.2800, 35.3000, 34.6200, 34.7150, 1598700
2015-06-30, 35.1900, 35.2900, 34.7100, 35.1800, 1949200
2015-07-01, 35.3900, 35.4900, 34.9300, 35.0000, 1832800
2015-07-02, 35.1700, 35.1700, 34.8650, 35.0200, 903500
2015-07-06, 34.7500, 35.2900, 34.7400, 34.9200, 1628800
2015-07-07, 35.0300, 35.0300, 33.8400, 34.7800, 2064900
2015-07-08, 34.6100, 34.6100, 33.9300, 34.1800, 1523000
2015-07-09, 34.6500, 34.8600, 34.1000, 34.2900, 1763000
2015-07-10, 34.7500, 34.9000, 34.5500, 34.8100, 1267100
2015-07-13, 35.1400, 35.4210, 34.9450, 35.4200, 1250000
2015-07-14, 35.3500, 35.7400, 35.2200, 35.6000, 2108400
2015-07-15, 35.7700, 35.7700, 35.1400, 35.3300, 1452900
2015-07-16, 35.6400, 36.8100, 35.5300, 36.6900, 4327300
2015-07-17, 36.4800, 36.4800, 35.8100, 36.1200, 1692700
2015-07-20, 36.2400, 36.3600, 36.0800, 36.1000, 1360000
2015-07-21, 36.1600, 36.3200, 35.6550, 35.6800, 1426000
2015-07-22, 35.7100, 36.1000, 35.7000, 35.7400, 1522800
2015-07-23, 35.5400, 35.5600, 34.5600, 34.5600, 8043800
2015-07-24, 34.5800, 34.9000, 33.3100, 33.5900, 4036600
2015-07-27, 33.4800, 33.6800, 32.8400, 33.5300, 2261300
2015-07-28, 33.6500, 34.0250, 33.3850, 33.7100, 1616600
2015-07-29, 34.4700, 34.7600, 33.9100, 34.6400, 3124000
2015-07-30, 35.1500, 35.3100, 34.6000, 35.2100, 2303900
2015-07-31, 35.3000, 35.8800, 35.1700, 35.8000, 3305500
2015-08-03, 35.8600, 36.0000, 34.7000, 34.9900, 2574200
2015-08-04, 34.9000, 35.7300, 34.4900, 34.5600, 1466200
2015-08-05, 34.7100, 35.1200, 34.5800, 34.9200, 1582900
2015-08-06, 35.0500, 35.0500, 34.1100, 34.2600, 1998400
2015-08-07, 34.0000, 34.3000, 33.9100, 34.2400, 1261200
2015-08-10, 34.9200, 34.9200, 34.5800, 34.8100, 1716100
2015-08-11, 34.5600, 34.6299, 34.1950, 34.2600, 1953400
2015-08-12, 33.6100, 34.2800, 33.2500, 34.1100, 2875000
2015-08-13, 34.1500, 34.4000, 34.0200, 34.2600, 811300
2015-08-14, 34.2900, 34.9700, 34.2900, 34.8900, 1216500
2015-08-17, 34.8600, 34.9600, 34.1700, 34.8000, 1227000
2015-08-18, 34.6100, 35.5700, 34.5800, 34.6900, 780900
2015-08-19, 34.6200, 34.8800, 34.2000, 34.6000, 1204000
2015-08-20, 34.1300, 34.3300, 33.5220, 33.7500, 1606900
2015-08-21, 33.6000, 33.6550, 33.0300, 33.0800, 2007200
2015-08-24, 31.0100, 32.5200, 29.7800, 31.2600, 2922300
2015-08-25, 32.4700, 32.7300, 30.8700, 30.8800, 2572900
2015-08-26, 31.7700, 31.8800, 30.4100, 31.7800, 4045300
2015-08-27, 32.1800, 33.1200, 31.8700, 32.9400, 3545600
2015-08-28, 32.9400, 33.3800, 32.8265, 33.2900, 2128500
2015-08-31, 32.9700, 33.2300, 32.8200, 33.0000, 1330000
2015-09-01, 32.3800, 32.6400, 31.6900, 31.8100, 1967400
2015-09-02, 32.3500, 32.4700, 31.8600, 32.1900, 2445000
2015-09-03, 32.1200, 32.9100, 32.1200, 32.4800, 2182300
2015-09-04, 32.1300, 32.4700, 31.9450, 32.1700, 2598700
2015-09-08, 32.7100, 33.4000, 32.2000, 33.2500, 3308700
2015-09-09, 34.0000, 34.4300, 32.4300, 32.4900, 4488200
2015-09-10, 32.3000, 32.7500, 32.1200, 32.1700, 3045700
2015-09-11, 32.3500, 32.4800, 31.9400, 32.2800, 3896200
2015-09-14, 32.2900, 32.5600, 32.0700, 32.3200, 2340800
2015-09-15, 32.6200, 32.7600, 32.2500, 32.6700, 2075200
2015-09-16, 32.7300, 33.4100, 32.4400, 33.3300, 2542100
2015-09-17, 33.4000, 33.8600, 33.2000, 33.4300, 2653300
2015-09-18, 32.9800, 33.1900, 32.4600, 32.5100, 3133200
2015-09-21, 32.8900, 33.0400, 32.4750, 32.5950, 1463500
2015-09-22, 32.0900, 32.4600, 31.8650, 31.9700, 1793400
2015-09-23, 32.2300, 32.3300, 31.5200, 31.6600, 1554400
2015-09-24, 31.3000, 31.4800, 30.7600, 31.3700, 1957100
2015-09-25, 31.8800, 31.8950, 30.4300, 30.6300, 2445000
2015-09-28, 30.4200, 30.5725, 28.3650, 28.4400, 5865000
2015-09-29, 28.4100, 28.7500, 27.8000, 28.1000, 4251800
2015-09-30, 28.4500, 28.7500, 28.1400, 28.6200, 4121300
2015-10-01, 28.5300, 28.7200, 27.9700, 28.3500, 3076500
2015-10-02, 27.8500, 28.9100, 27.6600, 28.8700, 3666100
2015-10-05, 29.1100, 29.7100, 29.0800, 29.6500, 3107800
2015-10-06, 29.6300, 29.8600, 29.4500, 29.6300, 1947900
2015-10-07, 29.8200, 30.2000, 29.6420, 30.1000, 2822400
2015-10-08, 29.9200, 30.8600, 29.9100, 30.8000, 2256400
2015-10-09, 30.8600, 31.4000, 28.7500, 31.3300, 3403500
2015-10-12, 31.2100, 31.3500, 30.7600, 30.9200, 1448900
2015-10-13, 30.6600, 30.7900, 29.8400, 29.8700, 2889300
2015-10-14, 30.1400, 30.1400, 29.0100, 29.7300, 3202200
2015-10-15, 30.2200, 30.3800, 29.4800, 29.7900, 2440000
2015-10-16, 29.7300, 29.7600, 28.6600, 28.8300, 3402900
2015-10-19, 28.7200, 28.9100, 28.3900, 28.5200, 2149700
2015-10-20, 28.4300, 28.7701, 28.3600, 28.5700, 2558400
2015-10-21, 28.5900, 29.6800, 28.5415, 29.4000, 3374900
2015-10-22, 29.5200, 29.9600, 29.2900, 29.7500, 3149200
2015-10-23, 30.0000, 30.0500, 29.5700, 29.8300, 2909300
2015-10-26, 29.7000, 30.1300, 29.7000, 29.8000, 2557500
2015-10-27, 29.6800, 29.9900, 28.9300, 29.0000, 4155100
2015-10-28, 29.0000, 29.3900, 28.8500, 29.3500, 5538800
2015-10-29, 29.3500, 29.6600, 29.2600, 29.6500, 2026600
2015-10-30, 29.5600, 29.9200, 29.4500, 29.7900, 1933800
2015-11-02, 29.8300, 30.5000, 29.5100, 30.3500, 1846200
2015-11-03, 30.4100, 30.5100, 30.1300, 30.2700, 2760100
2015-11-04, 30.4000, 31.3300, 30.1800, 30.8400, 3417400
2015-11-05, 30.9100, 30.9860, 30.1400, 30.5100, 2772000
2015-11-06, 30.4400, 30.6400, 29.5200, 30.5400, 1982100
2015-11-09, 30.4100, 30.6000, 29.5910, 29.9700, 1480300
2015-11-10, 29.9700, 30.1900, 29.4200, 29.7000, 1378000
2015-11-11, 29.6700, 29.9500, 29.3300, 29.8000, 1609000
2015-11-12, 29.5300, 29.5550, 28.3300, 28.3400, 2365400
2015-11-13, 28.1900, 28.5500, 28.0600, 28.3900, 2947600
2015-11-16, 28.3600, 29.0000, 28.2700, 28.9600, 1885500
2015-11-17, 29.3500, 29.6600, 29.0600, 29.2100, 2911400
2015-11-18, 29.3400, 30.4100, 29.2400, 30.3900, 2421100
2015-11-19, 30.2900, 30.7200, 30.1400, 30.5500, 1552000
2015-11-20, 30.7000, 31.1100, 30.6100, 30.7700, 2334800
2015-11-23, 30.8500, 31.2950, 30.6900, 31.0900, 2051000
2015-11-24, 31.0100, 31.2800, 30.9100, 31.1800, 2648100
2015-11-25, 31.1100, 31.6850, 31.0400, 31.6600, 1748100
2015-11-27, 31.6200, 31.7600, 31.5100, 31.5600, 653000
2015-11-30, 31.5500, 31.8400, 31.4450, 31.6300, 1634900
2015-12-01, 31.7900, 32.2400, 31.7050, 32.1700, 2534700
2015-12-02, 32.0400, 32.1200, 31.3100, 31.5100, 2100200
2015-12-03, 31.6500, 31.7500, 31.0050, 31.3800, 1966000
2015-12-04, 31.4000, 31.5900, 31.2000, 31.5600, 2458300
2015-12-07, 31.3200, 31.5600, 30.8850, 31.4900, 3751700
2015-12-08, 31.0000, 31.2499, 29.1500, 29.1700, 7306000
2015-12-09, 29.1800, 30.3300, 29.1700, 29.6600, 3208100
2015-12-10, 29.3500, 30.1100, 29.1700, 30.0200, 2335200
2015-12-11, 29.4900, 29.9900, 29.4500, 29.6000, 3260600
2015-12-14, 29.4900, 29.6700, 29.0400, 29.1500, 2857500
2015-12-15, 29.3700, 29.6800, 29.2601, 29.4100, 1412800
2015-12-16, 29.6900, 30.1150, 29.4500, 30.0000, 1588400
2015-12-17, 30.0300, 30.1200, 29.0800, 29.1000, 2208900
2015-12-18, 29.0700, 29.3250, 28.9600, 29.0400, 2662000
2015-12-21, 29.1600, 29.3600, 28.7100, 28.8400, 1629400
2015-12-22, 28.9400, 29.5900, 28.8200, 29.5000, 1073800
2015-12-23, 29.6700, 30.2800, 29.0801, 30.2500, 1251600
2015-12-24, 30.2600, 30.5300, 30.1901, 30.3700, 479500
2015-12-28, 30.1000, 30.2800, 29.8300, 30.1700, 1106700
2015-12-29, 30.4800, 30.5600, 30.1000, 30.5000, 1049600
2015-12-30, 30.2800, 30.4000, 29.9900, 30.1200, 837300
2015-12-31, 29.9800, 30.3300, 29.8800, 30.0300, 1080000
2016-01-04, 29.4900, 30.4900, 28.8900, 30.4800, 3323800
2016-01-05, 30.4400, 31.0000, 29.1700, 29.2900, 2712900
2016-01-06, 28.7600, 29.4950, 28.1600, 28.4200, 2494100
2016-01-07, 27.9400, 28.4100, 27.4500, 27.6200, 3868200
2016-01-08, 27.7400, 27.9450, 27.1850, 27.2100, 3931600
2016-01-11, 26.2400, 27.3281, 25.9249, 27.2400, 3189300
2016-01-12, 27.5300, 27.7050, 27.1300, 27.4500, 3021500
2016-01-13, 27.5600, 27.8500, 26.3200, 26.4300, 2901600
2016-01-14, 26.4700, 27.1600, 25.6350, 26.8700, 2809100
2016-01-15, 25.9600, 26.3000, 25.5600, 26.0300, 2365200
2016-01-19, 26.2900, 27.1399, 25.3367, 25.4300, 2834200
2016-01-20, 25.0300, 25.4300, 23.9600, 25.0800, 2951500
2016-01-21, 25.1000, 25.6900, 24.9000, 25.5000, 1828300
2016-01-22, 25.7200, 26.3700, 25.6600, 26.0000, 1368000
2016-01-25, 25.8000, 25.8000, 24.6850, 24.8400, 1608200
2016-01-26, 25.0900, 25.7900, 24.8400, 25.5700, 1462700
2016-01-27, 25.4600, 25.7500, 24.0301, 25.1700, 1410300
2016-01-28, 25.4900, 25.7100, 24.8200, 25.0100, 1864600
2016-01-29, 25.1200, 26.2700, 25.0650, 26.2700, 2426200
2016-02-01, 25.9500, 26.7499, 25.6300, 26.1600, 2282800
2016-02-02, 25.8100, 25.9550, 24.9000, 24.9800, 2279300
2016-02-03, 25.3500, 25.3500, 23.8000, 24.6300, 2651900
2016-02-04, 24.5600, 26.4000, 24.5000, 25.5200, 3310700
2016-02-05, 25.3400, 25.8400, 24.1150, 24.2400, 2644100
2016-02-08, 23.9500, 26.0750, 22.0650, 22.4000, 4189500
2016-02-09, 22.1900, 22.7650, 21.2600, 22.5800, 3377500
2016-02-10, 23.1600, 23.5300, 22.5000, 23.1400, 3072300
2016-02-11, 22.4400, 23.4900, 22.1250, 22.4800, 2492100
2016-02-12, 22.8600, 23.5050, 22.0101, 23.3100, 2236400
2016-02-16, 23.7200, 24.6100, 23.1664, 24.2900, 2677800
2016-02-17, 24.4500, 26.1500, 24.0850, 25.9100, 4666900
2016-02-18, 25.9000, 26.1800, 25.4800, 25.9700, 2121900
2016-02-19, 25.8300, 26.2400, 25.6000, 26.1200, 1569200
2016-02-22, 26.5600, 27.2800, 26.2700, 27.1500, 2902500
2016-02-23, 27.1100, 27.2800, 26.6300, 26.7300, 1116600
2016-02-24, 26.2000, 27.0700, 26.0700, 26.9900, 1293200
2016-02-25, 27.0000, 27.4100, 26.6900, 27.2000, 1572200
2016-02-26, 27.1400, 28.0800, 26.8500, 27.9800, 2128000
2016-02-29, 28.0000, 28.3300, 27.7400, 27.7900, 2305500
2016-03-01, 28.0400, 28.5250, 27.7900, 28.4100, 2561000
2016-03-02, 28.2100, 28.5700, 28.2100, 28.5550, 2836400
2016-03-03, 28.5900, 28.9100, 28.4450, 28.8000, 2249000
2016-03-04, 28.9000, 29.7300, 28.3900, 28.9900, 3671000
2016-03-07, 28.8400, 30.0000, 28.5600, 28.8200, 2650500
2016-03-08, 28.5600, 28.8200, 27.6450, 27.7200, 2862900
2016-03-09, 27.8000, 29.7900, 27.5900, 27.8800, 4751400
2016-03-10, 27.9100, 27.9500, 26.9900, 27.3300, 2975300
2016-03-11, 27.5300, 28.3800, 27.3200, 28.3200, 4021700
2016-03-14, 28.2600, 28.7000, 27.8600, 28.4400, 3016500
2016-03-15, 29.8300, 30.1500, 29.4500, 29.8300, 5311500
2016-03-16, 30.0000, 30.8200, 29.6300, 30.4900, 5003500
2016-03-17, 30.4100, 32.0200, 30.2800, 31.8000, 3386900
2016-03-18, 31.7600, 32.3100, 31.4101, 31.9300, 4501300
2016-03-21, 31.9600, 32.1950, 31.8100, 32.1400, 4731700
2016-03-22, 31.8000, 32.2500, 31.5300, 32.1900, 2036900
2016-03-23, 32.1400, 32.2500, 31.8100, 31.8100, 2159600
2016-03-24, 31.6200, 32.0700, 31.4800, 32.0600, 1439400
2016-03-28, 32.2600, 32.6800, 31.8100, 32.5700, 2652900
2016-03-29, 32.5600, 33.6200, 32.2700, 33.5800, 2914000
2016-03-30, 33.8800, 33.8900, 32.5750, 33.0800, 2407400
2016-03-31, 33.3200, 33.3200, 32.9100, 33.0700, 1950500
2016-04-01, 32.6700, 33.4500, 32.5800, 33.3400, 2108900
2016-04-04, 33.2300, 33.3500, 32.7200, 32.8600, 1885600
2016-04-05, 32.5100, 33.0400, 32.2800, 33.0200, 3073700
2016-04-06, 32.9500, 33.6400, 32.5500, 33.2000, 3028300
2016-04-07, 33.0400, 33.5000, 32.6500, 33.2300, 2261500
2016-04-08, 33.5200, 33.8600, 33.3350, 33.6000, 1805600
2016-04-11, 33.8500, 33.9500, 33.2300, 33.2900, 1458800
2016-04-12, 33.0300, 33.4900, 32.9200, 33.0700, 1602500
2016-04-13, 33.4700, 33.6100, 33.1500, 33.5000, 1961200
2016-04-14, 33.5700, 33.6900, 33.1300, 33.3900, 1648100
2016-04-15, 33.2800, 33.6250, 33.0400, 33.3300, 2301200
2016-04-18, 33.0700, 33.5600, 32.9500, 33.4600, 1316000
2016-04-19, 33.6600, 33.7300, 33.1700, 33.2600, 1520500
2016-04-20, 33.4700, 33.8400, 33.0000, 33.7600, 1720500
2016-04-21, 33.8700, 33.9300, 33.4501, 33.5900, 818900
2016-04-22, 33.5600, 34.5525, 33.4900, 34.4000, 2202500
2016-04-25, 34.3400, 34.3900, 33.5800, 33.9800, 1549600
2016-04-26, 34.2500, 34.8500, 34.2500, 34.6400, 1591000
2016-04-27, 34.6400, 35.3200, 34.5100, 35.2900, 1669300
2016-04-28, 35.1200, 35.5100, 34.2250, 34.3300, 2585100
2016-04-29, 34.3300, 34.7000, 33.8900, 34.2800, 1440600
2016-05-02, 34.4600, 34.9800, 33.8700, 34.9500, 1471600
2016-05-03, 34.5100, 34.9200, 33.6700, 33.9700, 2110200
2016-05-04, 33.8300, 34.0200, 33.4900, 33.7600, 1094800
2016-05-05, 33.8700, 33.9400, 33.2700, 33.3600, 1311300
2016-05-06, 33.1800, 33.6850, 33.0400, 33.5100, 1176200
2016-05-09, 33.4000, 33.5100, 33.0800, 33.2000, 1228700
2016-05-10, 33.4800, 33.7900, 33.4040, 33.6200, 1630400
2016-05-11, 33.4300, 33.8000, 33.1400, 33.2300, 1052400
2016-05-12, 33.4100, 33.6300, 32.9142, 33.1400, 1161500
2016-05-13, 32.9700, 33.2200, 32.5000, 32.7700, 1433900
2016-05-16, 32.9000, 33.6250, 32.9000, 33.3300, 1098900
2016-05-17, 33.2000, 34.1250, 33.2000, 33.6300, 1476500
2016-05-18, 33.4900, 33.6800, 33.0000, 33.2200, 949100
2016-05-19, 32.8500, 33.4050, 32.8000, 33.3000, 1129300
2016-05-20, 33.5000, 33.7500, 33.2000, 33.3800, 895300
2016-05-23, 33.3000, 33.8550, 33.1700, 33.6900, 1065000
2016-05-24, 33.9200, 34.4100, 33.9000, 34.3300, 1557100
2016-05-25, 34.4400, 34.5800, 34.2600, 34.4100, 1250400
2016-05-26, 34.4800, 34.5300, 34.1699, 34.2400, 733900
2016-05-27, 34.1800, 34.7429, 33.9920, 34.5000, 973200
2016-05-31, 34.7600, 35.4500, 34.6700, 35.3000, 2361900
2016-06-01, 35.2200, 35.2600, 34.0600, 35.1500, 2667800
2016-06-02, 35.3600, 35.4400, 34.7201, 34.7800, 1990600
2016-06-03, 34.6800, 34.8800, 34.3600, 34.7000, 2389500
2016-06-06, 34.8600, 35.1700, 34.5450, 34.9200, 3367100
2016-06-07, 35.0400, 35.8700, 33.8900, 35.7700, 3708500
2016-06-08, 35.9500, 36.7900, 35.9400, 36.4200, 2629200
2016-06-09, 36.2900, 36.4900, 35.9900, 36.2900, 1982400
2016-06-10, 35.8200, 36.0000, 34.5900, 34.7000, 2057800
2016-06-13, 34.5800, 34.9600, 34.1400, 34.1400, 1468700
2016-06-14, 33.9600, 34.4000, 33.7100, 33.9700, 1607500
2016-06-15, 34.0400, 34.6100, 33.8850, 34.2200, 1744800
2016-06-16, 33.8500, 34.6450, 33.5000, 34.5700, 1883500
2016-06-17, 34.5700, 35.1100, 34.1300, 34.1800, 1858200
2016-06-20, 34.6300, 35.5900, 34.4650, 35.2900, 2242000
2016-06-21, 35.3400, 35.5200, 35.0650, 35.2700, 1667100
2016-06-22, 35.2700, 35.4750, 34.8800, 34.9000, 1034300
2016-06-23, 35.4000, 35.7700, 35.1300, 35.2700, 1836900
2016-06-24, 33.8100, 34.5200, 33.4600, 34.2400, 5772800
2016-06-27, 33.7600, 33.9800, 32.3300, 32.8700, 3272700
2016-06-28, 33.2800, 33.6550, 32.9900, 33.2400, 2306000
2016-06-29, 33.4700, 34.1500, 33.4700, 34.0600, 1389600
2016-06-30, 34.2300, 34.8200, 33.9700, 34.8200, 1511700
2016-07-01, 34.6500, 35.4300, 34.5900, 34.7000, 1830800
2016-07-05, 34.4500, 34.7100, 33.5400, 33.8600, 1288400
2016-07-06, 33.4400, 33.9600, 33.4000, 33.9000, 1979000
2016-07-07, 34.0300, 34.6300, 33.7750, 34.3000, 1739300
2016-07-08, 34.6700, 35.7300, 34.4400, 35.4100, 1729000
2016-07-11, 35.7200, 36.2900, 35.6388, 36.0000, 2178500
2016-07-12, 36.7300, 36.7300, 35.7500, 35.8700, 2618500
2016-07-13, 36.1100, 36.1100, 35.4400, 35.6300, 1154800
2016-07-14, 35.8900, 36.7850, 35.8900, 36.6600, 1763500
2016-07-15, 36.6900, 36.8900, 36.4500, 36.8400, 1621900
2016-07-18, 36.7700, 36.9927, 36.0800, 36.1700, 1102400
2016-07-19, 36.0400, 36.0500, 35.6150, 35.8400, 1277400
2016-07-20, 35.9000, 36.3200, 35.6000, 36.1900, 1427100
2016-07-21, 36.1600, 36.4000, 35.8300, 36.0000, 925300
2016-07-22, 35.9600, 36.4800, 35.6842, 36.4000, 1120600
2016-07-25, 36.2500, 36.4300, 36.1100, 36.1900, 754900
2016-07-26, 36.2700, 36.8600, 36.2700, 36.7100, 1580900
2016-07-27, 36.8500, 36.9900, 36.1300, 36.4300, 635400
2016-07-28, 36.3400, 36.5600, 35.8800, 36.4100, 920200
2016-07-29, 36.3100, 36.6300, 35.9900, 36.1900, 1098800
2016-08-01, 36.1000, 36.2400, 35.4200, 35.5800, 1375500
2016-08-02, 35.5600, 35.5600, 34.7200, 34.9200, 1572700
2016-08-03, 34.8500, 35.3500, 34.6300, 35.3300, 901200
2016-08-04, 35.2600, 35.6300, 35.0100, 35.2800, 919000
2016-08-05, 35.4500, 36.0000, 35.2800, 35.6300, 1385600
2016-08-08, 35.6400, 35.9400, 35.4300, 35.6000, 789700
2016-08-09, 35.5200, 35.9300, 35.5200, 35.6700, 786000
2016-08-10, 35.7800, 35.9700, 35.5901, 35.8300, 704100
2016-08-11, 36.0000, 36.2500, 35.8050, 36.1300, 1299900
2016-08-12, 35.8900, 36.1600, 35.5700, 36.0500, 888400
2016-08-15, 36.2500, 36.7400, 35.9700, 36.6500, 1103200
2016-08-16, 36.7300, 36.8400, 36.2200, 36.2400, 1002000
2016-08-17, 36.3400, 36.5200, 35.6300, 35.7100, 1108600
2016-08-18, 35.7000, 36.2200, 35.5100, 36.2200, 1371400
2016-08-19, 36.2200, 36.6200, 36.1100, 36.3100, 981400
2016-08-22, 36.3400, 36.6300, 36.0600, 36.6100, 873000
2016-08-23, 36.1200, 36.6500, 36.0000, 36.2700, 3153900
2016-08-24, 36.1200, 36.5000, 35.9750, 36.0200, 1698200
2016-08-25, 35.8800, 36.2100, 35.5200, 35.6900, 1817700
2016-08-26, 35.8500, 36.0700, 35.3920, 35.6000, 1794500
2016-08-29, 35.6200, 36.6100, 35.6200, 36.4300, 1604300
2016-08-30, 36.4400, 36.6500, 36.1100, 36.4500, 1135000
2016-08-31, 36.3600, 36.4600, 35.9299, 36.1100, 1037100
2016-09-01, 36.2800, 36.4900, 35.7500, 36.1600, 1972800
2016-09-02, 36.4700, 36.8000, 36.2800, 36.7800, 2003800
2016-09-06, 36.9400, 36.9720, 36.0400, 36.2600, 2624100
2016-09-07, 31.8700, 32.4600, 30.0500, 31.8800, 18305000
2016-09-08, 31.9100, 31.9500, 31.3800, 31.7900, 6210000
2016-09-09, 31.4500, 31.4500, 30.2300, 30.5400, 6051900
2016-09-12, 30.4500, 31.1300, 30.0500, 31.0800, 4431100
2016-09-13, 30.8900, 31.5900, 30.6800, 31.2300, 5148000
2016-09-14, 31.2400, 31.8900, 31.1800, 31.7400, 5833800
2016-09-15, 31.7300, 32.3500, 31.6300, 32.0000, 4103400
2016-09-16, 31.7200, 31.7950, 31.1850, 31.4700, 3766900
2016-09-19, 31.3900, 31.9200, 31.2200, 31.5100, 2143500
2016-09-20, 31.1500, 31.4100, 30.4500, 30.6300, 4500700
2016-09-21, 31.0000, 31.0000, 30.1600, 30.6300, 3014500
2016-09-22, 30.9500, 31.3050, 30.6900, 31.1400, 3033900
2016-09-23, 31.5400, 32.2000, 31.5325, 31.9000, 4726800
2016-09-26, 31.8000, 31.8950, 31.2300, 31.2700, 3287100
2016-09-27, 31.1600, 31.4600, 31.0500, 31.3500, 2423800
2016-09-28, 31.6800, 31.7500, 30.9800, 31.2300, 2275700
2016-09-29, 31.0700, 31.7600, 30.8600, 31.4300, 1935700
2016-09-30, 31.6700, 32.1400, 31.3000, 31.9800, 1376100
2016-10-03, 31.9300, 32.2400, 31.8700, 31.9700, 1881700
2016-10-04, 31.9700, 32.2500, 31.5100, 31.6200, 1592000
2016-10-05, 31.7600, 32.1000, 31.5500, 31.6700, 1552000
2016-10-06, 31.7300, 32.7700, 31.6700, 32.7300, 2331100
2016-10-07, 32.8300, 32.9400, 32.0400, 32.7200, 2573000
2016-10-10, 32.9100, 33.3500, 32.7200, 32.7500, 2520300
2016-10-11, 32.7200, 32.7200, 31.8700, 32.0100, 2021600
2016-10-12, 32.0500, 32.3100, 31.5400, 31.5900, 1594400
2016-10-13, 31.3000, 31.6700, 30.9300, 31.5600, 1250600
2016-10-14, 31.6800, 32.0200, 31.3300, 31.4000, 890500
2016-10-17, 31.2500, 32.0500, 31.2200, 31.9800, 2697700
2016-10-18, 32.4200, 32.4200, 31.9050, 32.1900, 3046900
2016-10-19, 32.1800, 32.4600, 31.8400, 32.2700, 1922100
2016-10-20, 32.0600, 32.4500, 31.7800, 31.8200, 1854800
2016-10-21, 31.6400, 31.9600, 31.3200, 31.8700, 1465400
2016-10-24, 32.3700, 32.5200, 31.9100, 32.3300, 2123700
2016-10-25, 32.4500, 32.4600, 31.9050, 32.1500, 2534700
2016-10-26, 31.8900, 32.3250, 31.6800, 32.2600, 1382500
2016-10-27, 33.6300, 33.8700, 32.8100, 32.9300, 3753800
2016-10-28, 32.7900, 33.0400, 32.0501, 32.7600, 1326800
2016-10-31, 32.9000, 33.0400, 32.7325, 33.0000, 1579700
2016-11-01, 33.0000, 33.2500, 32.4600, 32.7300, 1370100
2016-11-02, 32.5900, 33.0300, 32.4450, 32.9500, 1812600
2016-11-03, 32.9600, 33.1900, 32.6900, 32.7300, 1355200
2016-11-04, 32.7200, 33.0499, 31.8750, 31.9500, 3263400
2016-11-07, 31.7300, 33.0500, 31.7300, 32.8000, 3068900
2016-11-08, 32.8100, 33.7650, 32.3900, 33.5800, 3028300
2016-11-09, 34.2500, 35.9500, 34.1500, 35.5800, 4200100
2016-11-10, 36.1100, 37.1200, 35.6500, 36.9300, 5231000
2016-11-11, 36.9100, 37.2200, 36.4100, 36.8400, 2369800
2016-11-14, 36.9400, 37.8200, 36.9300, 37.3100, 3562200
2016-11-15, 37.1700, 38.0000, 36.9200, 38.0000, 2037200
2016-11-16, 37.7700, 38.5200, 37.6700, 38.3500, 2672600
2016-11-17, 38.3500, 38.7300, 37.9600, 38.3400, 2374800
2016-11-18, 38.2200, 38.4800, 37.8800, 38.3500, 2028900
2016-11-21, 38.5800, 39.0100, 38.5600, 38.8900, 1632700
2016-11-22, 39.0800, 39.4300, 38.9600, 39.3800, 1548300
2016-11-23, 39.3100, 39.5000, 39.0300, 39.2900, 1944800
2016-11-25, 39.3500, 39.6800, 39.1000, 39.6700, 866900
2016-11-28, 39.5100, 39.5100, 38.5200, 38.6600, 1848000
2016-11-29, 38.7000, 38.8900, 38.2800, 38.4900, 2418500
2016-11-30, 38.6800, 39.5300, 38.6400, 39.2400, 2547500
2016-12-01, 39.2900, 40.0000, 39.1740, 39.6500, 1893100
2016-12-02, 39.7100, 39.8000, 38.9500, 39.0800, 2518000
2016-12-05, 39.5400, 40.1900, 39.3000, 39.7500, 3530600
2016-12-06, 40.0000, 41.2900, 39.6300, 40.8900, 3953300
2016-12-07, 41.2700, 41.2700, 40.0600, 40.7900, 4167800
2016-12-08, 40.7900, 41.7000, 40.7900, 41.3700, 2712000
2016-12-09, 41.5500, 41.6400, 41.2100, 41.5400, 1475600
2016-12-12, 41.3900, 41.9800, 41.3100, 41.4900, 1941000
2016-12-13, 41.7700, 41.8800, 41.3100, 41.5400, 1401100
2016-12-14, 41.5800, 42.3800, 41.5400, 41.6100, 2250400
2016-12-15, 41.5200, 42.1200, 41.1200, 41.9000, 1651800
2016-12-16, 41.8900, 42.0500, 41.3900, 41.4500, 2718300
2016-12-19, 41.3000, 42.2700, 41.1600, 41.5300, 1537900
2016-12-20, 42.4000, 43.5100, 41.9100, 43.3300, 3743300
2016-12-21, 43.5000, 43.7700, 42.7800, 43.3800, 3006500
2016-12-22, 43.4400, 43.7100, 42.7000, 42.8300, 1608600
2016-12-23, 42.8200, 43.5348, 42.6800, 42.9100, 948300
2016-12-27, 44.2000, 44.2000, 43.3101, 43.7300, 1385700
2016-12-28, 43.9400, 43.9600, 42.8400, 42.9500, 1126300
2016-12-29, 42.9100, 43.4090, 42.5500, 42.7400, 909600
2016-12-30, 42.7700, 42.9200, 42.3050, 42.5100, 1140200
2017-01-03, 43.3800, 43.4400, 42.2900, 43.0700, 2456900
2017-01-04, 43.0200, 43.5200, 42.8200, 43.4400, 2335200
2017-01-05, 43.5000, 43.5600, 42.4600, 42.7700, 2379300
2017-01-06, 42.9000, 42.9900, 42.0300, 42.0400, 1918300
2017-01-09, 41.9400, 42.4400, 41.7200, 42.0200, 1902400
2017-01-10, 42.2800, 43.0300, 41.8650, 41.9900, 4114000
2017-01-11, 42.1800, 42.5400, 41.9200, 42.5200, 2840400
2017-01-12, 42.5000, 42.8200, 41.9500, 42.7500, 2364500
2017-01-13, 42.6900, 42.8000, 41.7300, 41.8700, 3577900
2017-01-17, 41.7200, 42.1000, 40.7050, 40.9500, 2792800
2017-01-18, 41.1500, 41.7900, 40.8300, 41.6800, 3550400
2017-01-19, 41.6000, 41.8600, 41.1250, 41.2800, 2031100
2017-01-20, 41.6400, 41.7100, 41.1100, 41.6600, 1579900
2017-01-23, 41.6300, 41.9300, 41.4500, 41.8700, 918900
2017-01-24, 41.9900, 42.7700, 41.1700, 42.6000, 2052300
2017-01-25, 42.7800, 43.4550, 42.7300, 43.2500, 1984100
2017-01-26, 43.2500, 43.6600, 42.9300, 43.2600, 2104900
2017-01-27, 43.2400, 43.2899, 42.5400, 42.6900, 851900
2017-01-30, 42.2500, 42.3200, 41.3500, 42.2300, 985800
2017-01-31, 42.2500, 42.3600, 41.6200, 42.3000, 2163400
2017-02-01, 42.5000, 43.0100, 41.7200, 42.2300, 1498700
2017-02-02, 41.9600, 42.6400, 41.8200, 42.1300, 1323500
2017-02-03, 42.3500, 43.0900, 42.3500, 42.6400, 1177100
2017-02-06, 42.4300, 42.9400, 42.2300, 42.6200, 1466100
2017-02-07, 42.6200, 43.8700, 42.6200, 43.5000, 3055100
2017-02-08, 43.4800, 43.4800, 42.8500, 43.0300, 1985500
2017-02-09, 43.1900, 43.4700, 42.7900, 43.4500, 774400
2017-02-10, 43.7700, 44.4800, 43.6300, 44.2400, 2044200
2017-02-13, 44.7000, 44.7300, 43.4600, 43.5100, 1609300
2017-02-14, 43.3500, 43.5600, 42.8800, 43.1400, 1940900
2017-02-15, 43.1300, 43.2500, 42.6200, 43.0800, 1467000
2017-02-16, 43.1300, 43.2500, 42.8800, 43.1700, 1103500
2017-02-17, 43.0000, 43.7600, 42.8600, 43.2500, 936600
2017-02-21, 43.5200, 43.8900, 43.4600, 43.7800, 1302100
2017-02-22, 43.6800, 44.1700, 43.4300, 43.9200, 1940200
2017-02-23, 44.2000, 44.4900, 42.2000, 42.3300, 2880100
2017-02-24, 42.0700, 42.5700, 41.4700, 42.5700, 2190400
2017-02-27, 42.6400, 43.4400, 42.6200, 43.3700, 1007900
2017-02-28, 43.2100, 43.3900, 42.7500, 43.0000, 1364000
2017-03-01, 43.6000, 43.9500, 43.3800, 43.4400, 1452900
2017-03-02, 43.3400, 43.7100, 42.5900, 42.7000, 1226600
2017-03-03, 42.7200, 43.3500, 42.4700, 43.2800, 1498900
2017-03-06, 43.0100, 43.4500, 42.8400, 43.2400, 1117500
2017-03-07, 43.2000, 43.6200, 42.5100, 42.6700, 1348000
2017-03-08, 42.8400, 43.0900, 42.5000, 42.7400, 1272800
2017-03-09, 42.5500, 42.8800, 41.5700, 41.9200, 2168400
2017-03-10, 42.0600, 42.5400, 41.9200, 41.9900, 2630400
2017-03-13, 42.0700, 42.8000, 41.9700, 42.6800, 3717300
2017-03-14, 41.3000, 41.5000, 40.1100, 41.0200, 5738800
2017-03-15, 41.4600, 41.9400, 41.0300, 41.8100, 3485500
2017-03-16, 41.8400, 42.1900, 41.3500, 41.3900, 3046800
2017-03-17, 41.6500, 42.0400, 41.5200, 41.7800, 1837200
2017-03-20, 41.6800, 41.7300, 41.1300, 41.1400, 1495000
2017-03-21, 41.3100, 41.5600, 39.9500, 40.3900, 1720700
2017-03-22, 40.1700, 40.4700, 39.9500, 40.3300, 1333500
2017-03-23, 40.2900, 40.8700, 39.9900, 40.4400, 1341200
2017-03-24, 40.6800, 40.7500, 40.0100, 40.3300, 1050200
2017-03-27, 39.7700, 40.3000, 38.2600, 40.1200, 2152700
2017-03-28, 40.0800, 40.6100, 39.9600, 40.5600, 1159600
2017-03-29, 40.6800, 40.9900, 40.1900, 40.2600, 2474000
2017-03-30, 40.2100, 41.3100, 40.2100, 41.1000, 2059300
2017-03-31, 41.0000, 41.6000, 40.6300, 41.1300, 2202000
2017-04-03, 41.1000, 41.3800, 40.1500, 40.5300, 1523800
2017-04-04, 40.4000, 40.6600, 40.0200, 40.2700, 1376400
2017-04-05, 40.6100, 41.1600, 40.3200, 40.3400, 2019400
2017-04-06, 40.4200, 40.7400, 40.0100, 40.3100, 868900
2017-04-07, 40.2200, 40.4800, 40.0000, 40.0400, 1745700
2017-04-10, 39.9500, 41.1200, 39.3300, 40.9100, 1647800
2017-04-11, 40.8000, 41.0100, 40.2700, 40.7700, 1085400
2017-04-12, 40.5900, 40.7400, 40.1000, 40.1500, 1793900
2017-04-13, 39.9700, 40.5300, 39.5300, 39.5500, 1873200
2017-04-17, 39.6000, 39.8800, 39.5000, 39.7000, 867300
2017-04-18, 39.0000, 39.5400, 38.8500, 39.0600, 3608300
2017-04-19, 39.3900, 39.8700, 38.9700, 39.1500, 2687400
2017-04-20, 39.3100, 39.8700, 39.1900, 39.7700, 1413900
2017-04-21, 39.8000, 40.1300, 39.4900, 39.9200, 1678700
2017-04-24, 40.5300, 40.8000, 39.7900, 40.0100, 1745000
2017-04-25, 40.2700, 40.5600, 40.0300, 40.4000, 1331700
2017-04-26, 40.3400, 40.7400, 40.3400, 40.5100, 1297400
2017-04-27, 40.4900, 41.0700, 39.8300, 40.2700, 1578500
2017-04-28, 40.3300, 40.5300, 39.9700, 40.3000, 1628200
2017-05-01, 40.4200, 40.5400, 39.7800, 40.1800, 1353900
2017-05-02, 40.2100, 40.4300, 39.9100, 40.0100, 1425900
2017-05-03, 39.8700, 40.1200, 39.6100, 39.8800, 1109000
2017-05-04, 39.9300, 40.3000, 39.5600, 39.9700, 1031800
2017-05-05, 40.1600, 40.7200, 39.9400, 40.5000, 1462500
2017-05-08, 40.3700, 40.6700, 40.0000, 40.6300, 1900500
2017-05-09, 40.7200, 40.9400, 40.2500, 40.2900, 1745400
2017-05-10, 40.3100, 40.7000, 40.1600, 40.5400, 1242000
2017-05-11, 40.3600, 40.7800, 39.9900, 40.7400, 1160100
2017-05-12, 40.5300, 40.7700, 40.0700, 40.1200, 750300
2017-05-15, 40.2700, 40.5200, 40.0200, 40.2200, 1668077
2017-05-16, 40.4000, 40.4000, 39.8900, 40.1100, 1910179
2017-05-17, 39.6600, 39.8700, 38.5900, 39.5100, 3040148
2017-05-18, 39.3800, 41.8600, 38.9500, 40.0400, 2900828
2017-05-19, 40.3400, 41.9000, 40.3100, 41.8900, 2976278
2017-05-22, 42.0500, 42.2500, 41.4700, 41.6600, 1470499
2017-05-23, 41.8800, 41.9600, 41.0900, 41.5400, 1423482
2017-05-24, 41.6500, 41.8400, 41.0500, 41.1800, 992178
2017-05-25, 41.3800, 41.6900, 41.2500, 41.3200, 1896512
2017-05-26, 41.3200, 41.5900, 40.7900, 41.4100, 2032272
2017-05-30, 41.3000, 41.3800, 40.3900, 40.7900, 2336285
2017-05-31, 40.6900, 40.6900, 39.6100, 40.3500, 11742019
2017-06-01, 40.4300, 41.2400, 40.1200, 41.1500, 2723272
2017-06-02, 41.0700, 41.6600, 40.8400, 41.4700, 2362368
2017-06-05, 41.3700, 41.8900, 41.2000, 41.2700, 3334529
2017-06-06, 37.0500, 37.3000, 32.7200, 34.0300, 28023025
2017-06-07, 33.5900, 34.1400, 31.9500, 32.8100, 13592936
2017-06-08, 32.8500, 33.1100, 31.9500, 32.0200, 8839731
2017-06-09, 31.5400, 31.9200, 30.8900, 31.5100, 9182724
2017-06-12, 31.4500, 31.6800, 30.7400, 31.4100, 4228877
2017-06-13, 31.4100, 31.6700, 31.1700, 31.3400, 5402359
2017-06-14, 31.0400, 32.5800, 30.9000, 32.5100, 6251612
2017-06-15, 32.1800, 32.5200, 31.3600, 32.0400, 5259488
2017-06-16, 31.9400, 32.0900, 31.3100, 31.7200, 6207361
2017-06-19, 31.9000, 32.5300, 31.3100, 32.3800, 4294169
2017-06-20, 32.3000, 32.4100, 31.8800, 32.0800, 3811612
2017-06-21, 32.0500, 32.5200, 31.8200, 32.1900, 7839041
2017-06-22, 32.2700, 32.5300, 31.9100, 31.9200, 4685237
2017-06-23, 31.8800, 31.9700, 31.1900, 31.2000, 4873031
2017-06-26, 31.4100, 31.7000, 31.1700, 31.3000, 2898656
2017-06-27, 31.2400, 31.6300, 30.7800, 30.9900, 3177098
2017-06-28, 31.1100, 31.3000, 30.4100, 30.6200, 6569953
2017-06-29, 30.7500, 30.9600, 30.4800, 30.5600, 3831737
2017-06-30, 30.7200, 30.9200, 30.3700, 30.6300, 2906511
2017-07-03, 30.7400, 31.4900, 30.6800, 31.1500, 1758212
2017-07-05, 31.2200, 31.3500, 30.5800, 30.8800, 2408345
2017-07-06, 30.7000, 31.0400, 30.3400, 30.3500, 3855940
2017-07-07, 30.3200, 30.6700, 30.1500, 30.4200, 3265293
2017-07-10, 30.0300, 30.5800, 29.8100, 30.4900, 3981347
2017-07-11, 30.5700, 30.6300, 29.7800, 29.8200, 4129577
2017-07-12, 29.9500, 30.3500, 28.9700, 29.4600, 5345780
2017-07-13, 29.5800, 30.4700, 29.0601, 30.2100, 4678257
2017-07-14, 31.1800, 31.7000, 30.3900, 30.7000, 5609362
2017-07-17, 30.6100, 30.9400, 30.1700, 30.2400, 3787156
2017-07-18, 30.2400, 31.4250, 30.0310, 31.2700, 5474443
2017-07-19, 31.3300, 31.7000, 30.9400, 31.2600, 4345008
2017-07-20, 31.1900, 32.0200, 30.8700, 31.9100, 3725486
2017-07-21, 31.7200, 32.0600, 31.5800, 31.7000, 3626930
2017-07-24, 31.6900, 32.2700, 31.2400, 32.1100, 4035143
2017-07-25, 32.1000, 32.4500, 31.7200, 32.1300, 3602458
2017-07-26, 32.2400, 32.4000, 31.9700, 32.1800, 3802657
2017-07-27, 32.1800, 32.6300, 31.9800, 32.4100, 3357617
2017-07-28, 32.3300, 32.4900, 31.9400, 32.3500, 2911162
2017-07-31, 32.4200, 32.5200, 32.0000, 32.4900, 2893823
2017-08-01, 32.6200, 32.6900, 31.8800, 32.0400, 2511699
2017-08-02, 31.9600, 32.0300, 31.1000, 31.4800, 6152589
2017-08-03, 31.5800, 31.9000, 31.5100, 31.6000, 2375861
2017-08-04, 31.5800, 31.8300, 31.4200, 31.5900, 4382360
2017-08-07, 31.6000, 32.1100, 31.5000, 31.8100, 2013742
2017-08-08, 31.6600, 31.9600, 31.2700, 31.3100, 2043662
2017-08-09, 31.2400, 31.4600, 30.8800, 30.8900, 1833247
2017-08-10, 30.8300, 30.9400, 29.9700, 30.0600, 4121570
2017-08-11, 30.0700, 30.9700, 29.9100, 30.7600, 2308144
2017-08-14, 30.8900, 31.8000, 30.8300, 31.5900, 2546349
2017-08-15, 31.5300, 31.6300, 30.8500, 31.0100, 1791053
2017-08-16, 31.0400, 31.2800, 30.5000, 30.5600, 2202539
2017-08-17, 30.3800, 30.9600, 30.3000, 30.3200, 2085888
2017-08-18, 30.3000, 30.6400, 30.0100, 30.3900, 2058755
2017-08-21, 30.3600, 30.3600, 30.0200, 30.1100, 2939873
2017-08-22, 30.1200, 31.1900, 30.1200, 31.0700, 2059316
2017-08-23, 30.7400, 30.9500, 30.5400, 30.7800, 2218059
2017-08-24, 30.7900, 31.4400, 30.7800, 31.0800, 1824584
2017-08-25, 31.2000, 31.7200, 30.9800, 31.5200, 1713643
2017-08-28, 31.6900, 31.7100, 31.0000, 31.4900, 1872089
2017-08-29, 31.4400, 32.2300, 31.2600, 32.1500, 2997034
2017-08-30, 32.2700, 32.8200, 32.1400, 32.7500, 2329975
2017-08-31, 32.7900, 33.4000, 32.6900, 33.3000, 2981780
2017-09-01, 33.3100, 33.4200, 32.9700, 33.0200, 2185539
2017-09-05, 32.9300, 33.1300, 32.2400, 32.6900, 4289320
2017-09-06, 34.2400, 34.5000, 33.2600, 33.7900, 4657377
2017-09-07, 33.9300, 33.9500, 33.3700, 33.5500, 2485151
2017-09-08, 33.3400, 33.9600, 33.1900, 33.4500, 3305345
2017-09-11, 33.6400, 33.8100, 33.3100, 33.4200, 2922455
2017-09-12, 33.5800, 33.8400, 33.4000, 33.7500, 1954838
2017-09-13, 33.7100, 33.7100, 33.2900, 33.5400, 2031748
2017-09-14, 33.3400, 33.6700, 32.7600, 32.8100, 2685874
2017-09-15, 32.6700, 32.9700, 32.2300, 32.4600, 3774179
2017-09-18, 32.5000, 33.2300, 32.4500, 33.2100, 2927396
2017-09-19, 33.2500, 33.5200, 32.9800, 33.3900, 2103966
2017-09-20, 33.6300, 34.3400, 33.4900, 34.3200, 2249881
2017-09-21, 34.2000, 34.3600, 33.9400, 34.1300, 1470746
2017-09-22, 34.2200, 35.1000, 34.2200, 34.9200, 4588719
2017-09-25, 34.9100, 35.3500, 34.4600, 35.3300, 3243343
2017-09-26, 35.2200, 35.8900, 35.0100, 35.7600, 3070267
2017-09-27, 35.9700, 36.3400, 35.3000, 36.2500, 4161194
2017-09-28, 36.2800, 36.5400, 36.0100, 36.1300, 2178444
2017-09-29, 35.9700, 36.5000, 35.9700, 36.0700, 1505469
2017-10-02, 36.0900, 36.9500, 36.0600, 36.9200, 2164150
2017-10-03, 36.9200, 37.1600, 36.5300, 36.6400, 2260153
2017-10-04, 36.6400, 37.1000, 36.5300, 36.9600, 1718920
2017-10-05, 36.9800, 37.1700, 36.4100, 36.4400, 1890399
2017-10-06, 36.4400, 36.8600, 36.3500, 36.3900, 1438196
2017-10-09, 36.5300, 36.6700, 36.0300, 36.1400, 1960538
2017-10-10, 36.3100, 36.4300, 35.3900, 35.4100, 2062262
2017-10-11, 35.2300, 35.3900, 34.5800, 34.9500, 3331232
2017-10-12, 34.8600, 35.7200, 34.8000, 35.5900, 2298867
2017-10-13, 35.6700, 35.8900, 35.4500, 35.7400, 1344246
2017-10-16, 35.8700, 35.9400, 35.4100, 35.4800, 1304780
2017-10-17, 35.6700, 36.1400, 35.4400, 36.1100, 3263817
2017-10-18, 36.3000, 36.7100, 36.1600, 36.2900, 2237904
2017-10-19, 36.0300, 36.6400, 35.7100, 36.2400, 3234890
2017-10-20, 36.3600, 37.2300, 36.3600, 36.7500, 3170970
2017-10-23, 36.5700, 36.8400, 36.3200, 36.4100, 1601090
2017-10-24, 36.4800, 36.7300, 35.3000, 35.3700, 2664183
2017-10-25, 35.3000, 35.4800, 34.8700, 35.1700, 2544307
2017-10-26, 35.2400, 35.8200, 34.9900, 35.5000, 2062004
2017-10-27, 35.5100, 35.6700, 34.6000, 35.1700, 2152222
2017-10-30, 35.1900, 35.6400, 35.1500, 35.2500, 1460101
2017-10-31, 35.5000, 35.8400, 35.1600, 35.3900, 1497733
2017-11-01, 35.5300, 35.7800, 35.1000, 35.4600, 1211546
2017-11-02, 35.3600, 35.9700, 35.2500, 35.7700, 1852918
2017-11-03, 35.7900, 36.2500, 35.6700, 36.1200, 1648526
2017-11-06, 36.2500, 36.8700, 36.1400, 36.5500, 2738065
2017-11-07, 36.6600, 36.7900, 36.1900, 36.3400, 922298
2017-11-08, 36.1400, 36.2300, 35.9500, 36.1200, 1575701
2017-11-09, 35.7900, 36.0300, 35.5500, 35.8100, 757424
2017-11-10, 35.6400, 36.2900, 35.6400, 35.6700, 945655
2017-11-13, 35.4900, 35.5000, 34.9700, 34.9800, 1650768
2017-11-14, 34.7600, 34.9600, 34.0200, 34.5800, 2858134
2017-11-15, 34.5100, 34.9200, 34.2600, 34.4400, 1139581
2017-11-16, 34.5600, 35.4000, 34.3732, 35.1300, 1616310
2017-11-17, 35.1300, 35.2500, 34.8400, 34.9800, 2163381
2017-11-20, 34.9400, 35.1200, 34.3100, 34.8900, 2553034
2017-11-21, 35.1300, 35.3400, 34.7900, 35.1600, 2467172
2017-11-22, 35.1500, 35.6800, 35.1500, 35.2000, 1273428
2017-11-24, 35.3600, 35.3600, 34.8100, 35.0300, 527364
2017-11-27, 34.9300, 35.5800, 34.9300, 35.0800, 1686280
2017-11-28, 35.1400, 36.0100, 34.8400, 35.9300, 2950710
2017-11-29, 36.0600, 36.8700, 35.9100, 36.5400, 2595441
2017-11-30, 36.7700, 37.2000, 36.5100, 36.9800, 2013572
2017-12-01, 36.9900, 36.9900, 35.3500, 36.2300, 2010165
2017-12-04, 36.7300, 37.3800, 36.4250, 36.4900, 3805769
2017-12-05, 39.0000, 40.2500, 38.6600, 38.8000, 2605070
2017-12-06, 38.9000, 39.1300, 38.3800, 38.6400, 2756616
2017-12-07, 38.7900, 39.3600, 38.6300, 39.2300, 2775308
2017-12-08, 39.5500, 39.7000, 38.9500, 39.3200, 2919769
2017-12-11, 39.3500, 39.7800, 38.9300, 38.9700, 2265075
2017-12-12, 38.8900, 38.9950, 38.3500, 38.6500, 2097047
2017-12-13, 38.7200, 38.8900, 38.3500, 38.6000, 2798727
2017-12-14, 38.7300, 38.7700, 37.6050, 37.8400, 2599913
2017-12-15, 37.9900, 38.5600, 37.9800, 38.3900, 3581961
2017-12-18, 38.7000, 38.8650, 38.2100, 38.5000, 2323679
2017-12-19, 38.5000, 39.1500, 38.2800, 38.6800, 2295442
2017-12-20, 38.8200, 39.7850, 38.7400, 39.4400, 1548111
2017-12-21, 39.4800, 39.9500, 39.3900, 39.6800, 2617395
2017-12-22, 39.6600, 39.6600, 39.2400, 39.3700, 789884
2017-12-26, 39.1900, 39.8300, 39.1850, 39.5200, 837854
2017-12-27, 39.6400, 39.7950, 39.3600, 39.4300, 1112714
2017-12-28, 39.6200, 40.2400, 39.4400, 40.2200, 1260573
2017-12-29, 40.3400, 40.5075, 40.0050, 40.0300, 1192097
2018-01-02, 40.1700, 40.5200, 39.5600, 39.6200, 1404242
2018-01-03, 39.1600, 39.8400, 38.7400, 39.6400, 7687165
2018-01-04, 39.6500, 39.8300, 39.0500, 39.3600, 3384337
2018-01-05, 39.4100, 39.5200, 38.9900, 39.3500, 1566414
2018-01-08, 39.4500, 39.5200, 39.0800, 39.1700, 2047717
2018-01-09, 39.4300, 39.7100, 39.0300, 39.0600, 1666514
2018-01-10, 38.4800, 38.5750, 37.9100, 38.5000, 2442714
2018-01-11, 38.6500, 38.9900, 38.4400, 38.9600, 2280270
2018-01-12, 39.1100, 39.6700, 38.8300, 39.2300, 2286101
2018-01-16, 39.3000, 39.3000, 38.0200, 38.4500, 2122443
2018-01-17, 38.2000, 38.3100, 37.4900, 38.0100, 2390505
2018-01-18, 38.3700, 39.0400, 38.2900, 38.3000, 2272969
2018-01-19, 38.4900, 39.1100, 38.3700, 39.0200, 1826700
2018-01-22, 39.0600, 39.1900, 38.1500, 38.7700, 1899466
2018-01-23, 38.8000, 39.0100, 38.2250, 38.6400, 2356874
2018-01-24, 39.2400, 39.9200, 39.0000, 39.5500, 2692269
2018-01-25, 39.2700, 39.9600, 38.1900, 39.4300, 1462497
2018-01-26, 39.4400, 39.7200, 39.0700, 39.6400, 933092
2018-01-29, 39.6400, 39.9450, 39.1100, 39.1300, 884489
2018-01-30, 38.8200, 39.0300, 38.4600, 39.0000, 1399991
2018-01-31, 39.1700, 39.8500, 38.6400, 38.8900, 1547457
2018-02-01, 38.5800, 38.8500, 37.7510, 37.9200, 1542433
2018-02-02, 37.5000, 37.7550, 36.5000, 36.8600, 1867418
2018-02-05, 36.6300, 37.1300, 35.6500, 35.9200, 2935302
2018-02-06, 35.2500, 36.6600, 35.0000, 36.3300, 3967649
2018-02-07, 36.2800, 36.7700, 36.0700, 36.1100, 1581613
2018-02-08, 36.1600, 36.3200, 35.5500, 35.5700, 3840838
2018-02-09, 36.0400, 36.3600, 34.4900, 35.8000, 2170089
2018-02-12, 36.0200, 36.5000, 35.2500, 36.0600, 2636282
2018-02-13, 35.9500, 36.3100, 35.8600, 36.2400, 1132348
2018-02-14, 35.7800, 36.2000, 35.6600, 35.9800, 1992626
2018-02-15, 36.3700, 36.6700, 35.9500, 36.4300, 2960172
2018-02-16, 36.4000, 36.8700, 36.2000, 36.2400, 1601092
2018-02-20, 36.0000, 36.7700, 35.8116, 36.1600, 1228970
2018-02-21, 36.1100, 37.0200, 36.1100, 36.3900, 2272174
2018-02-22, 36.6100, 36.9100, 36.2000, 36.4000, 1179366
2018-02-23, 36.5700, 37.1400, 36.2450, 36.5400, 1800118
2018-02-26, 36.5900, 37.1700, 36.3200, 36.9200, 1258163
2018-02-27, 36.9000, 37.0600, 36.3700, 36.3900, 986185
2018-02-28, 36.5100, 36.5900, 35.5400, 36.2500, 3329190
2018-03-01, 36.1800, 36.5300, 35.2700, 35.5000, 1263448
2018-03-02, 35.1400, 36.0100, 34.7500, 35.8600, 1590030
2018-03-05, 35.7400, 36.3300, 35.5700, 36.2100, 1622296
2018-03-06, 36.2700, 36.6900, 35.9500, 36.4700, 2669392
2018-03-07, 36.2000, 36.8650, 36.1500, 36.5300, 1766946
2018-03-08, 36.4800, 36.8600, 36.3200, 36.5400, 1702848
2018-03-09, 36.9400, 37.6400, 36.6900, 37.6100, 1416584
2018-03-12, 37.6200, 37.7950, 36.4200, 36.8700, 2633595
2018-03-13, 38.8300, 39.1400, 37.1600, 38.0900, 4416677
2018-03-14, 38.6000, 39.8810, 37.7300, 38.0100, 2775784
2018-03-15, 39.3800, 39.3800, 38.0200, 38.2300, 1928455
2018-03-16, 38.2400, 39.2400, 37.9500, 39.1900, 3472672
2018-03-19, 39.1500, 39.1500, 38.4100, 38.7500, 1449851
2018-03-20, 38.9100, 39.3300, 38.6000, 38.6500, 2351287
2018-03-21, 38.3500, 39.1400, 38.0900, 38.7200, 1351012
2018-03-22, 38.4300, 38.5900, 37.9300, 37.9800, 1433093
2018-03-23, 38.0800, 38.1203, 36.9100, 36.9500, 1650660
2018-03-26, 37.5100, 38.0900, 37.3100, 38.0400, 1658132
2018-03-27, 38.3300, 38.3600, 37.2600, 37.4300, 2053834
2018-03-28, 37.5800, 38.0100, 37.4000, 37.4700, 1213096
2018-03-29, 37.7800, 38.1800, 37.6600, 37.9400, 1258473
2018-04-02, 37.9200, 38.0900, 37.0100, 37.5900, 1711946
2018-04-03, 37.7200, 38.2700, 37.5000, 38.2600, 2669576
2018-04-04, 37.8400, 38.4300, 37.7700, 38.3400, 3125798
2018-04-05, 38.7100, 39.2700, 38.4100, 38.7500, 2808384
2018-04-06, 38.5300, 39.1200, 37.7500, 38.0500, 1574844
2018-04-09, 38.4000, 38.8600, 38.2400, 38.3800, 2506211
2018-04-10, 38.8600, 39.2000, 38.3300, 38.7900, 2212734
2018-04-11, 38.3900, 38.5300, 37.6100, 37.9800, 2838012
2018-04-12, 38.1300, 38.7000, 38.1300, 38.5300, 850987
2018-04-13, 38.6500, 39.0600, 37.9700, 38.0700, 1091188
2018-04-16, 38.3800, 39.0600, 38.3100, 38.7800, 1329199
2018-04-17, 38.8800, 39.1300, 38.5900, 39.0100, 1310390
2018-04-18, 39.1600, 39.5800, 38.8400, 39.3800, 1354004
2018-04-19, 39.6200, 40.1000, 39.1800, 39.2500, 1882018
2018-04-20, 39.4100, 39.6050, 39.0200, 39.3500, 1658142
2018-04-23, 39.3200, 39.5500, 39.0200, 39.1500, 778450
2018-04-24, 39.2700, 39.4400, 37.9500, 38.2800, 1523527
2018-04-25, 38.1200, 38.3600, 37.7900, 38.2100, 1287169
2018-04-26, 38.3000, 38.6400, 37.5500, 38.3200, 1328471
2018-04-27, 38.3100, 39.1100, 38.0900, 39.0700, 1740584
2018-04-30, 38.9900, 39.0250, 38.6000, 38.7100, 1459162
2018-05-01, 38.5500, 38.5900, 37.8040, 38.4100, 1787100
2018-05-02, 38.4500, 38.9500, 38.3700, 38.4500, 1260813
2018-05-03, 38.3400, 38.7000, 37.5700, 38.1200, 1172527
2018-05-04, 38.1000, 39.3000, 38.1000, 39.1700, 1385742
2018-05-07, 39.4500, 39.5300, 38.7700, 38.8200, 1429866
2018-05-08, 38.9700, 39.1500, 38.6800, 38.9600, 1907068
2018-05-09, 39.1700, 39.4100, 38.8200, 39.2800, 1216490
2018-05-10, 39.3700, 39.9100, 39.2100, 39.6600, 1652101
2018-05-11, 39.7700, 40.1350, 39.6400, 39.8800, 1012610
2018-05-14, 39.9500, 40.1090, 39.6600, 39.9200, 1076775
2018-05-15, 39.6500, 39.8200, 39.2900, 39.8000, 1172721
2018-05-16, 39.8900, 40.9800, 39.8900, 40.7700, 1146102
2018-05-17, 40.6000, 40.9000, 39.9305, 40.7200, 809654
2018-05-18, 40.7600, 40.8100, 40.4700, 40.6100, 1061269
2018-05-21, 40.8600, 41.3500, 40.8600, 41.0400, 870017
2018-05-22, 41.0700, 41.4600, 40.2100, 40.2500, 1208984
2018-05-23, 40.1900, 40.3050, 39.9200, 40.2900, 641644
2018-05-24, 40.2000, 40.7900, 40.1350, 40.6500, 1029402
2018-05-25, 40.4600, 40.7200, 39.6400, 40.4200, 1601067
2018-05-29, 40.3300, 40.6700, 39.7600, 40.1500, 874986
2018-05-30, 40.2600, 40.6900, 40.1200, 40.4200, 1333260
2018-05-31, 40.4100, 40.9050, 39.3400, 40.7300, 2453629
2018-06-01, 40.9700, 41.6099, 40.9700, 41.1800, 1760887
2018-06-04, 41.4000, 41.5200, 40.8300, 41.4400, 2846909
2018-06-05, 42.5000, 43.9800, 42.3200, 43.1600, 4192471
2018-06-06, 43.4000, 43.4000, 42.4600, 42.9300, 4451539
2018-06-07, 43.1400, 43.4100, 42.7600, 42.9500, 2120876
2018-06-08, 42.5300, 43.3375, 42.5300, 42.8900, 2008737
2018-06-11, 42.7900, 43.3100, 42.0100, 42.9600, 1865590
2018-06-12, 42.9900, 43.5400, 42.9800, 43.2300, 2039478
2018-06-13, 43.2400, 44.2500, 42.6200, 42.6500, 1874992
2018-06-14, 42.6700, 43.3300, 42.5800, 43.2900, 2216806
2018-06-15, 43.2200, 44.2800, 42.8200, 44.2200, 2787468
2018-06-18, 43.8800, 44.3500, 43.8200, 44.3100, 1354304
2018-06-19, 44.0700, 44.0700, 43.3700, 43.4700, 1644878
2018-06-20, 43.7600, 44.0500, 43.3700, 43.5700, 1148512
2018-06-21, 43.6100, 43.8900, 43.1300, 43.4800, 1939021
2018-06-22, 43.8800, 44.4700, 43.4900, 44.4600, 5921855
2018-06-25, 44.1000, 44.6300, 42.9200, 43.1600, 2723824
2018-06-26, 43.4100, 43.6200, 42.8700, 42.9000, 2640335
2018-06-27, 43.2400, 43.7700, 42.8800, 43.1900, 2431215
2018-06-28, 43.0300, 43.2200, 42.5200, 43.1200, 1773990
2018-06-29, 42.5400, 43.5500, 42.5400, 42.8900, 2709250
2018-07-02, 42.8100, 43.5149, 42.4400, 43.0100, 1429531
2018-07-03, 43.1200, 43.9800, 42.5800, 42.6800, 827406
2018-07-05, 42.9700, 43.2400, 42.7900, 43.0900, 2209416
2018-07-06, 42.9500, 43.5300, 42.8200, 43.2900, 1247836
2018-07-09, 43.5000, 44.0900, 43.4700, 43.9500, 1623896
2018-07-10, 44.1600, 44.5900, 43.5500, 44.0100, 1492815
2018-07-11, 43.6500, 44.3000, 42.8400, 43.9500, 1500513
2018-07-12, 44.0800, 44.2400, 43.4200, 43.8600, 1526559
2018-07-13, 43.8800, 44.6400, 43.8700, 44.0000, 1028968
2018-07-16, 44.1000, 44.7990, 43.7100, 43.8800, 725635
2018-07-17, 43.7800, 44.3800, 43.5400, 44.2200, 1083126
2018-07-18, 44.6600, 45.0100, 44.2900, 44.9200, 1424484
2018-07-19, 44.7400, 45.2400, 44.7400, 44.9600, 1221073
2018-07-20, 44.7700, 45.1100, 44.6100, 44.7400, 800820
2018-07-23, 44.7500, 44.9000, 44.5000, 44.6300, 984777
2018-07-24, 44.9200, 45.0000, 43.8800, 43.9700, 992400
2018-07-25, 43.7900, 44.7300, 43.0000, 44.0300, 1319499
2018-07-26, 43.8800, 44.3500, 43.6800, 43.8900, 1170249
2018-07-27, 44.0600, 44.2700, 43.2600, 43.5300, 933853
2018-07-30, 43.5900, 43.7900, 43.2500, 43.3100, 981883
2018-07-31, 43.4900, 44.0900, 43.1511, 43.9800, 1147497
2018-08-01, 43.8800, 43.9300, 42.6300, 42.9700, 884587
2018-08-02, 42.6400, 43.2400, 42.5500, 43.1300, 901163
2018-08-03, 43.1000, 43.4700, 42.6950, 42.8200, 962805
2018-08-06, 42.9400, 43.6100, 42.7100, 43.6000, 716137
2018-08-07, 43.8000, 44.2000, 43.8000, 44.0500, 846730
2018-08-08, 44.0800, 44.1900, 43.7010, 44.1200, 605449
2018-08-09, 44.0400, 44.7600, 43.9100, 43.9600, 1000934
2018-08-10, 43.7300, 44.0100, 43.6000, 43.7900, 540481
2018-08-13, 43.7500, 44.0700, 43.5100, 43.7500, 820987
2018-08-14, 43.8900, 44.5500, 43.6600, 44.3000, 959017
2018-08-15, 44.0100, 44.1590, 43.6200, 43.7600, 824071
2018-08-16, 43.9800, 44.2900, 43.5100, 44.2400, 847501
2018-08-17, 44.2900, 44.6800, 44.0100, 44.6100, 1160438
2018-08-20, 44.6200, 45.1900, 44.3700, 45.0200, 743641
2018-08-21, 45.1300, 45.8400, 45.0075, 45.7900, 956833
2018-08-22, 45.8000, 46.0200, 45.6500, 45.9400, 830288
2018-08-23, 45.9300, 46.2900, 45.7900, 45.8700, 1420669
2018-08-24, 46.0400, 46.1800, 44.9200, 44.9500, 1199900
2018-08-27, 45.0100, 45.5300, 44.7950, 44.8400, 957523
2018-08-28, 45.0700, 45.3400, 44.7000, 44.9000, 1586815
2018-08-29, 45.0500, 45.2300, 44.8200, 44.9900, 1029605
2018-08-30, 46.1100, 46.2500, 45.4700, 45.5500, 1666611
2018-08-31, 45.5900, 45.7400, 45.2700, 45.5900, 1710530
2018-09-04, 45.7700, 46.0400, 44.9600, 45.0200, 2428120
2018-09-05, 46.0500, 46.0500, 43.5200, 44.1800, 3782400
2018-09-06, 44.2800, 44.9000, 43.4100, 43.6200, 2433987
2018-09-07, 43.5500, 43.9799, 42.3600, 42.5400, 2330086
2018-09-10, 42.5900, 43.2100, 42.4700, 43.1200, 2287971
2018-09-11, 43.0500, 44.1700, 42.8200, 43.8500, 3009730
2018-09-12, 43.7200, 44.0200, 43.4000, 43.6000, 1714578
2018-09-13, 43.8100, 43.9500, 43.1900, 43.5400, 3541124
2018-09-14, 43.7300, 43.7800, 42.6250, 42.7100, 2433649
2018-09-17, 42.6200, 42.7809, 41.5800, 41.8100, 2663331
2018-09-18, 42.1100, 42.4300, 41.6700, 42.2100, 2300993
2018-09-19, 42.1000, 42.4200, 41.9100, 41.9800, 1855098
2018-09-20, 42.1200, 42.4500, 41.7000, 42.3800, 2024823
2018-09-21, 42.5200, 42.6700, 42.2500, 42.5400, 2349726
2018-09-24, 42.4000, 42.7200, 41.9400, 42.4600, 1723845
2018-09-25, 42.5800, 42.7900, 42.0600, 42.6200, 2213214
2018-09-26, 42.5000, 42.9300, 42.3600, 42.4800, 2411250
2018-09-27, 42.7000, 42.8300, 42.0039, 42.4600, 1576068
2018-09-28, 42.3400, 42.8800, 42.0400, 42.7900, 1576252
2018-10-01, 43.0400, 43.4760, 42.1600, 42.4000, 1742559
2018-10-02, 42.2500, 42.3809, 41.6700, 41.9000, 1584315
2018-10-03, 41.9600, 42.8100, 41.6500, 42.7800, 2514774
2018-10-04, 42.7500, 42.9200, 41.9600, 42.3300, 2126988
2018-10-05, 42.2600, 42.7900, 41.7250, 41.9200, 2373923
2018-10-08, 41.7100, 41.9200, 41.0800, 41.4800, 1128009
2018-10-09, 41.2800, 41.4900, 40.7000, 41.1200, 2162938
2018-10-10, 40.9200, 40.9200, 39.4300, 39.4800, 3823590
2018-10-11, 39.4100, 39.6500, 37.9600, 38.0300, 3119752
2018-10-12, 38.8000, 39.3700, 38.4300, 38.9600, 1825899
2018-10-15, 39.0900, 39.5950, 38.9400, 39.5500, 2176243
2018-10-16, 39.1700, 39.5100, 38.3000, 39.0900, 1990933
2018-10-17, 38.9900, 39.4600, 38.7600, 39.0500, 1341546
2018-10-18, 38.6500, 39.1100, 38.3272, 38.4400, 1024156
2018-10-19, 38.4700, 38.7000, 37.9600, 38.1200, 1301961
2018-10-22, 38.2000, 38.2500, 37.4400, 37.6400, 1512256
2018-10-23, 36.9000, 37.9300, 36.5900, 37.7200, 1542113
2018-10-24, 37.8300, 38.9900, 36.4400, 36.4700, 1883261
2018-10-25, 36.7800, 37.5200, 36.5200, 37.1100, 1364539
2018-10-26, 36.6400, 37.4500, 36.4200, 37.0900, 1525953
2018-10-29, 37.5800, 37.9600, 36.7200, 36.9000, 1998771
2018-10-30, 36.7800, 37.6200, 36.7800, 37.3600, 2091692
2018-10-31, 37.7300, 37.9800, 37.4000, 37.5700, 2346556
2018-11-01, 37.8700, 38.4500, 37.4850, 37.8700, 1954524
2018-11-02, 38.1000, 38.6700, 38.0500, 38.4400, 1789293
2018-11-05, 38.6100, 38.8100, 38.3100, 38.4600, 1672182
2018-11-06, 38.4800, 39.2200, 38.2800, 38.8500, 2159813
2018-11-07, 39.2100, 39.8800, 38.8400, 39.5500, 2019520
2018-11-08, 39.3800, 39.9900, 39.2400, 39.4200, 1123238
2018-11-09, 39.1600, 39.4300, 38.6600, 38.7500, 1578262
