2015-09-04, 25.1200, 25.1200, 25.0000, 25.0000, 200
2015-09-08, 25.0400, 25.0400, 25.0400, 25.0400, 1000
2015-09-09, 25.0900, 25.0900, 25.0700, 25.0700, 7566
2015-09-10, 25.0600, 25.1000, 25.0600, 25.0700, 21900
2015-09-11, 25.0650, 25.0986, 25.0400, 25.0500, 12840
2015-09-14, 25.1000, 25.1000, 25.0500, 25.0500, 26000
2015-09-15, 25.0800, 25.0800, 24.9032, 24.9650, 7472
2015-09-16, 24.9900, 24.9900, 24.9900, 24.9900, 757
2015-09-17, 24.9900, 25.0400, 24.9900, 25.0200, 10133
2015-09-18, 25.0800, 25.1000, 25.0800, 25.1000, 5600
2015-09-21, 25.1600, 25.2100, 25.1600, 25.1900, 15300
2015-09-22, 25.2400, 25.2600, 25.2300, 25.2550, 29119
2015-09-23, 25.2900, 25.3000, 25.2800, 25.2800, 3000
2015-09-24, 25.2900, 25.3599, 25.2900, 25.2900, 1202
2015-09-25, 25.2900, 25.2900, 25.2900, 25.2900, 0
2015-09-28, 25.2900, 25.2900, 25.2900, 25.2900, 0
2015-09-29, 25.4500, 25.4500, 25.3900, 25.4000, 2940
2015-09-30, 25.4061, 25.4061, 25.4061, 25.4061, 181
2015-10-01, 25.3100, 25.4288, 25.2500, 25.3800, 6126
2015-10-02, 25.3800, 25.5000, 25.3800, 25.5000, 10172
2015-10-05, 25.4800, 25.5000, 25.3900, 25.3900, 6085
2015-10-06, 25.3900, 25.4600, 25.3900, 25.4100, 18459
2015-10-07, 25.4290, 25.4290, 25.4100, 25.4200, 13939
2015-10-08, 25.4600, 25.4800, 25.4400, 25.4750, 1867
2015-10-09, 25.4400, 25.4500, 25.4400, 25.4480, 2000
2015-10-12, 25.4500, 25.5000, 25.4500, 25.5000, 1065
2015-10-13, 25.4800, 25.4800, 25.4592, 25.4600, 1501
2015-10-14, 25.4600, 25.4600, 25.4600, 25.4600, 10
2015-10-15, 25.4600, 25.4600, 25.4600, 25.4600, 0
2015-10-16, 25.5000, 25.5000, 25.4973, 25.4973, 746
2015-10-19, 25.4900, 25.5200, 25.4900, 25.4900, 4522
2015-10-20, 25.5000, 25.5100, 25.4700, 25.5000, 37519
2015-10-21, 25.5600, 25.5600, 25.4800, 25.4800, 7273
2015-10-22, 25.4800, 25.4800, 25.4800, 25.4800, 0
2015-10-23, 25.5000, 25.5100, 25.5000, 25.5100, 716
2015-10-26, 25.4700, 25.4700, 25.4700, 25.4700, 200
2015-10-27, 25.5100, 25.5800, 25.5000, 25.5800, 2705
2015-10-28, 25.4900, 25.6085, 25.4600, 25.4600, 29848
2015-10-29, 25.5500, 25.5600, 25.4650, 25.4650, 3201
2015-10-30, 25.5000, 25.5430, 25.5000, 25.5430, 2000
2015-11-02, 25.4700, 25.4700, 25.4600, 25.4700, 684
2015-11-03, 25.4400, 25.4400, 25.4400, 25.4400, 715
2015-11-04, 25.4000, 25.4610, 25.4000, 25.4050, 3470
2015-11-05, 25.4499, 25.4499, 25.4000, 25.4100, 7364
2015-11-06, 25.3600, 25.3600, 25.2800, 25.3500, 6980
2015-11-09, 25.4100, 25.4100, 25.2850, 25.3284, 4966
2015-11-10, 25.2900, 25.3300, 25.2900, 25.3300, 4100
2015-11-11, 25.2900, 25.2900, 25.2900, 25.2900, 457
2015-11-12, 25.2900, 25.2900, 25.2900, 25.2900, 0
2015-11-13, 25.3700, 25.4100, 25.3000, 25.3100, 6372
2015-11-16, 25.3400, 25.3500, 25.3400, 25.3500, 4108
2015-11-17, 25.3999, 25.3999, 25.3500, 25.3900, 4393
2015-11-18, 25.3700, 25.3700, 25.3700, 25.3700, 401
2015-11-19, 25.4300, 25.5399, 25.4300, 25.4550, 8587
2015-11-20, 25.4880, 25.4890, 25.4400, 25.4500, 1500
2015-11-23, 25.5300, 25.5300, 25.4850, 25.4850, 6479
2015-11-24, 25.5300, 25.5300, 25.5000, 25.5300, 2843
2015-11-25, 25.5188, 25.6000, 25.5000, 25.5200, 12616
2015-11-27, 25.5200, 25.5200, 25.5200, 25.5200, 29
2015-11-30, 25.5100, 25.5200, 25.5000, 25.5200, 3000
2015-12-01, 25.5200, 25.5899, 25.5200, 25.5350, 4028
2015-12-02, 25.5237, 25.5600, 25.5237, 25.5550, 905
2015-12-03, 25.5300, 25.6000, 25.5100, 25.6000, 6656
2015-12-04, 25.6000, 25.6000, 25.6000, 25.6000, 5
2015-12-07, 25.5699, 25.5699, 25.4801, 25.4801, 899
2015-12-08, 25.4801, 25.4801, 25.4801, 25.4801, 1
2015-12-09, 25.5635, 25.6178, 25.5635, 25.5700, 5747
2015-12-10, 25.5700, 25.5700, 25.5700, 25.5700, 100
2015-12-11, 25.6100, 25.6100, 25.6100, 25.6100, 560
2015-12-14, 25.5600, 25.6400, 25.5600, 25.6380, 3765
2015-12-15, 25.6100, 25.6300, 25.6100, 25.6300, 4775
2015-12-16, 25.5800, 25.5800, 25.5300, 25.5500, 3340
2015-12-17, 25.6100, 25.6100, 25.5400, 25.5500, 9230
2015-12-18, 25.5059, 25.5864, 25.5059, 25.5864, 929
2015-12-21, 25.6200, 25.6500, 25.6176, 25.6386, 9136
2015-12-22, 25.6200, 25.6300, 25.6200, 25.6300, 598
2015-12-23, 25.5900, 25.6600, 25.5617, 25.6600, 9153
2015-12-24, 25.6500, 25.6600, 25.6450, 25.6600, 5202
2015-12-28, 25.6500, 25.6500, 25.6500, 25.6500, 271
2015-12-29, 25.6899, 25.7100, 25.5900, 25.5900, 17319
2015-12-30, 25.6700, 25.7000, 25.5501, 25.7000, 5458
2015-12-31, 25.6950, 25.6950, 25.6950, 25.6950, 210
2016-01-04, 25.7250, 25.7250, 25.7250, 25.7250, 927
2016-01-05, 25.6601, 25.6601, 25.6601, 25.6601, 150
2016-01-06, 25.9060, 25.9200, 25.8700, 25.9153, 3844
2016-01-07, 25.9100, 26.0400, 25.9100, 26.0100, 41900
2016-01-08, 26.0000, 26.0000, 25.9000, 25.9600, 4307
2016-01-11, 26.0000, 26.0200, 25.9100, 26.0000, 4607
2016-01-12, 26.0000, 26.0300, 25.9892, 26.0300, 1520
2016-01-13, 26.0100, 26.0100, 25.9100, 25.9100, 38359
2016-01-14, 26.0500, 26.0500, 26.0110, 26.0300, 2775
2016-01-15, 26.0600, 26.0600, 25.9600, 26.0500, 5952
2016-01-19, 26.0300, 26.0402, 25.9400, 25.9400, 4069
2016-01-20, 26.1560, 26.1560, 26.1300, 26.1300, 2911
2016-01-21, 26.0900, 26.1499, 26.0700, 26.1000, 3710
2016-01-22, 26.0800, 26.0800, 26.0600, 26.0600, 4378
2016-01-25, 26.0500, 26.1100, 26.0500, 26.0500, 12421
2016-01-26, 26.0400, 26.0699, 26.0400, 26.0699, 1671
2016-01-27, 26.0599, 26.0599, 25.9601, 25.9601, 1255
2016-01-28, 25.9601, 25.9601, 25.9601, 25.9601, 106
2016-01-29, 26.1000, 26.1600, 26.0206, 26.1500, 12110
2016-02-01, 26.0700, 26.1500, 26.0600, 26.0600, 21664
2016-02-02, 26.1500, 26.1700, 26.1200, 26.1200, 6834
2016-02-03, 26.1200, 26.1999, 26.1200, 26.1999, 5450
2016-02-04, 26.2199, 26.2199, 26.1700, 26.1728, 11142
2016-02-05, 26.2400, 26.2500, 26.1250, 26.2500, 6085
2016-02-08, 26.3000, 26.3400, 26.2100, 26.3300, 2304
2016-02-09, 26.3200, 26.3600, 26.3192, 26.3300, 12792
2016-02-10, 26.2300, 26.3400, 26.2300, 26.3000, 3489
2016-02-11, 26.3900, 26.4490, 26.3300, 26.3900, 51653
2016-02-12, 26.3600, 26.4300, 26.2500, 26.4300, 122992
2016-02-16, 26.3600, 26.3700, 26.3100, 26.3400, 3908
2016-02-17, 26.3400, 26.3400, 26.2201, 26.2944, 5553
2016-02-18, 26.1800, 26.3800, 26.1800, 26.3800, 6211
2016-02-19, 26.2501, 26.3600, 26.2501, 26.3400, 15290
2016-02-22, 26.3300, 26.3490, 26.2200, 26.2200, 23320
2016-02-23, 26.2500, 26.2974, 26.2192, 26.2900, 8804
2016-02-24, 26.2899, 26.2900, 26.2200, 26.2200, 15092
2016-02-25, 26.2700, 26.2800, 26.2100, 26.2100, 16981
2016-02-26, 26.2000, 26.2020, 26.1500, 26.1500, 7924
2016-02-29, 26.1700, 26.2200, 26.1600, 26.2200, 7494
2016-03-01, 26.1600, 26.2060, 26.0750, 26.0750, 11538
2016-03-02, 26.2000, 26.2000, 25.9200, 25.9200, 31667
2016-03-03, 25.9651, 26.0200, 25.9651, 26.0200, 5829
2016-03-04, 25.9500, 25.9799, 25.8600, 25.8600, 3024
2016-03-07, 25.9200, 25.9300, 25.8940, 25.9300, 2576
2016-03-08, 25.9600, 25.9700, 25.8300, 25.9178, 16179
2016-03-09, 25.9000, 25.9800, 25.8596, 25.9000, 21294
2016-03-10, 25.8500, 25.9250, 25.8201, 25.8300, 4189
2016-03-11, 25.9574, 25.9800, 25.8400, 25.8400, 7513
2016-03-14, 25.9700, 25.9700, 25.8950, 25.9500, 4649
2016-03-15, 25.9300, 25.9400, 25.8300, 25.8300, 9303
2016-03-16, 25.8697, 26.0000, 25.8098, 25.9700, 17693
2016-03-17, 25.9900, 26.0900, 25.9600, 26.0100, 23637
2016-03-18, 26.0100, 26.0500, 25.9869, 26.0100, 13705
2016-03-21, 25.9900, 26.0400, 25.9600, 25.9900, 30021
2016-03-22, 26.0100, 26.0100, 25.9662, 26.0100, 4924
2016-03-23, 26.0000, 26.0300, 25.9950, 26.0300, 19779
2016-03-24, 26.0300, 26.0300, 25.9607, 26.0200, 4606
2016-03-28, 26.0500, 26.0500, 25.9700, 26.0100, 9586
2016-03-29, 26.0400, 26.0400, 25.9800, 26.0300, 30044
2016-03-30, 26.0200, 26.0600, 25.9860, 26.0200, 5339
2016-03-31, 26.0300, 26.0500, 26.0140, 26.0500, 9461
2016-04-01, 26.0400, 26.0400, 25.9800, 26.0300, 12457
2016-04-04, 26.0200, 26.0399, 25.9900, 26.0300, 11156
2016-04-05, 26.0700, 26.0950, 26.0400, 26.0825, 20193
2016-04-06, 26.1300, 26.1500, 26.0701, 26.1300, 10721
2016-04-07, 26.1899, 26.2050, 26.1715, 26.1882, 3460
2016-04-08, 26.2100, 26.2100, 26.1600, 26.1900, 4554
2016-04-11, 26.1800, 26.2080, 26.1798, 26.1800, 14820
2016-04-12, 26.1800, 26.1900, 26.1700, 26.1800, 10447
2016-04-13, 26.1900, 26.2080, 26.1301, 26.1900, 4417
2016-04-14, 26.1885, 26.1900, 26.1824, 26.1900, 2675
2016-04-15, 26.1900, 26.2200, 26.1900, 26.2050, 6209
2016-04-18, 26.1999, 26.2100, 26.1483, 26.2100, 6983
2016-04-19, 26.2200, 26.2200, 26.1801, 26.2100, 1533
2016-04-20, 26.2400, 26.2400, 26.1900, 26.2200, 7816
2016-04-21, 26.2150, 26.2300, 26.1300, 26.1500, 16729
2016-04-22, 26.1800, 26.2200, 26.1232, 26.1900, 7232
2016-04-25, 26.1700, 26.2100, 26.1300, 26.1800, 11662
2016-04-26, 26.2000, 26.2000, 26.1700, 26.1700, 4907
2016-04-27, 26.1600, 26.2199, 26.1600, 26.1600, 4696
2016-04-28, 26.1800, 26.3394, 26.1800, 26.2199, 17472
2016-04-29, 26.2100, 26.2300, 26.2100, 26.2300, 145971
2016-05-02, 26.2100, 26.2200, 26.1400, 26.1900, 6188
2016-05-03, 26.2000, 26.2700, 26.2000, 26.2665, 17825
2016-05-04, 26.2900, 26.3500, 26.2600, 26.3000, 22544
2016-05-05, 26.2900, 26.3300, 26.2300, 26.3150, 35994
2016-05-06, 26.2400, 26.3489, 26.2400, 26.3001, 31046
2016-05-09, 26.3500, 26.3500, 26.3299, 26.3299, 2300
2016-05-10, 26.3500, 26.3500, 26.2950, 26.3300, 17131
2016-05-11, 26.3503, 26.3650, 26.3160, 26.3200, 7620
2016-05-12, 26.3300, 26.3799, 26.2701, 26.3600, 18720
2016-05-13, 26.3700, 26.4000, 26.3700, 26.3900, 6288
2016-05-16, 26.3400, 26.3500, 26.3323, 26.3400, 8219
2016-05-17, 26.3800, 26.4000, 26.3583, 26.3800, 6249
2016-05-18, 26.3500, 26.3800, 26.2500, 26.3093, 9304
2016-05-19, 26.2699, 26.3300, 26.2600, 26.2900, 5365
2016-05-20, 26.2350, 26.2900, 26.2199, 26.2900, 10991
2016-05-23, 26.2500, 26.2500, 26.2000, 26.2100, 17161
2016-05-24, 26.1900, 26.2100, 26.1500, 26.1500, 8959
2016-05-25, 26.2200, 26.2700, 26.1500, 26.1900, 26825
2016-05-26, 26.1500, 26.2100, 26.1500, 26.1600, 27925
2016-05-27, 26.1500, 26.1610, 26.0600, 26.1001, 17353
2016-05-31, 26.1600, 26.1700, 26.0500, 26.0600, 38873
2016-06-01, 26.1700, 26.1700, 26.0399, 26.0400, 6086
2016-06-02, 26.1600, 26.1699, 26.0799, 26.1600, 12699
2016-06-03, 26.1593, 26.2000, 26.1020, 26.1020, 2095
2016-06-06, 26.1900, 26.1900, 26.0800, 26.1500, 39089
2016-06-07, 26.2000, 26.2500, 26.0900, 26.1800, 24526
2016-06-08, 26.1800, 26.1900, 26.1291, 26.1899, 10078
2016-06-09, 26.2299, 26.2299, 26.1707, 26.2000, 2224
2016-06-10, 26.2590, 26.2800, 26.1601, 26.2600, 6169
2016-06-13, 26.2700, 26.2900, 26.2300, 26.2899, 16635
2016-06-14, 26.2101, 26.3182, 26.2101, 26.3100, 11723
2016-06-15, 26.3500, 26.3700, 26.3112, 26.3700, 12643
2016-06-16, 26.3790, 26.3790, 26.3600, 26.3700, 6026
2016-06-17, 26.3900, 26.3900, 26.3547, 26.3750, 5303
2016-06-20, 26.3600, 26.3600, 26.3381, 26.3400, 8756
2016-06-21, 26.3300, 26.3400, 26.2953, 26.3200, 7374
2016-06-22, 26.3300, 26.3300, 26.2970, 26.3200, 29079
2016-06-23, 26.2800, 26.2850, 26.2400, 26.2700, 14465
2016-06-24, 26.3900, 26.4900, 26.3900, 26.4600, 10713
2016-06-27, 26.5300, 26.5400, 26.4200, 26.5400, 1079
2016-06-28, 26.4500, 26.5100, 26.4117, 26.4900, 6201
2016-06-29, 26.4700, 26.4700, 26.4183, 26.4400, 7930
2016-06-30, 26.4500, 26.4500, 26.3401, 26.4400, 20415
2016-07-01, 26.4500, 26.4500, 26.3720, 26.3800, 26501
2016-07-05, 26.4925, 26.5200, 26.4601, 26.5000, 28301
2016-07-06, 26.4300, 26.4300, 26.4201, 26.4201, 1695
2016-07-07, 26.4201, 26.4201, 26.4201, 26.4201, 169
2016-07-08, 26.4600, 26.4946, 26.4600, 26.4946, 96864
2016-07-11, 26.4700, 26.5000, 26.4689, 26.4706, 2597
2016-07-12, 26.4500, 26.4699, 26.3996, 26.4450, 13097
2016-07-13, 26.4700, 26.4900, 26.4700, 26.4800, 6662
2016-07-14, 26.4600, 26.4799, 26.4400, 26.4600, 3622
2016-07-15, 26.4400, 26.4600, 26.3600, 26.4400, 13510
2016-07-18, 26.4600, 26.4600, 26.3900, 26.4300, 15383
2016-07-19, 26.4599, 26.4599, 26.4127, 26.4400, 5509
2016-07-20, 26.4499, 26.4500, 26.4150, 26.4500, 6647
2016-07-21, 26.3619, 26.4600, 26.3619, 26.3900, 12047
2016-07-22, 26.4334, 26.4334, 26.4300, 26.4300, 724
2016-07-25, 26.4328, 26.4600, 26.3700, 26.4099, 13347
2016-07-26, 26.4600, 26.4600, 26.4100, 26.4300, 7907
2016-07-27, 26.4500, 26.5000, 26.4403, 26.5000, 10441
2016-07-28, 26.4185, 26.5000, 26.4100, 26.4600, 25386
2016-07-29, 26.5000, 26.5195, 26.4600, 26.4600, 30487
2016-08-01, 26.4500, 26.4899, 26.4500, 26.4500, 4306
2016-08-02, 26.4400, 26.4490, 26.3950, 26.4450, 16694
2016-08-03, 26.4300, 26.4400, 26.3501, 26.3925, 4208
2016-08-04, 26.4300, 26.4600, 26.3846, 26.4400, 8555
2016-08-05, 26.4400, 26.4400, 26.3900, 26.3900, 1052
2016-08-08, 26.4184, 26.4400, 26.4000, 26.4400, 7125
2016-08-09, 26.4300, 26.4600, 26.4300, 26.4300, 13689
2016-08-10, 26.4138, 26.4700, 26.4060, 26.4060, 8961
2016-08-11, 26.3800, 26.4900, 26.3800, 26.4500, 8745
2016-08-12, 26.4400, 26.4500, 26.4100, 26.4300, 4731
2016-08-15, 26.4400, 26.4405, 26.4100, 26.4400, 57242
2016-08-16, 26.4700, 26.4700, 26.4276, 26.4500, 9346
2016-08-17, 26.4600, 26.4800, 26.4495, 26.4800, 9330
2016-08-18, 26.4700, 26.4900, 26.4500, 26.4800, 10837
2016-08-19, 26.4467, 26.4500, 26.4450, 26.4450, 18248
2016-08-22, 26.4500, 26.5000, 26.4500, 26.5000, 7305
2016-08-23, 26.4700, 26.5000, 26.4550, 26.4700, 23609
2016-08-24, 26.4900, 26.4900, 26.4401, 26.4600, 4682
2016-08-25, 26.4700, 26.4800, 26.4501, 26.4680, 12874
2016-08-26, 26.4800, 26.5000, 26.4300, 26.4300, 13518
2016-08-29, 26.4900, 26.4900, 26.4601, 26.4601, 6312
2016-08-30, 26.4550, 26.4800, 26.4550, 26.4700, 14303
2016-08-31, 26.4500, 26.4700, 26.4500, 26.4700, 12382
2016-09-01, 26.4234, 26.4500, 26.4150, 26.4500, 3842
2016-09-02, 26.4000, 26.4100, 26.3648, 26.4100, 11514
2016-09-06, 26.4000, 26.4200, 26.3414, 26.3414, 9568
2016-09-07, 26.3890, 26.4000, 26.3793, 26.3900, 14947
2016-09-08, 26.3899, 26.4000, 26.3400, 26.3650, 73218
2016-09-09, 26.3800, 26.3800, 26.3483, 26.3600, 25976
2016-09-12, 26.3500, 26.3500, 26.3300, 26.3400, 15891
2016-09-13, 26.3400, 26.3400, 26.2836, 26.3000, 5734
2016-09-14, 26.3400, 26.3400, 26.2700, 26.3050, 49195
2016-09-15, 26.2400, 26.3100, 26.2400, 26.3000, 9555
2016-09-16, 26.3000, 26.3000, 26.2200, 26.2800, 10615
2016-09-19, 26.3100, 26.3100, 26.2698, 26.2900, 6572
2016-09-20, 26.2900, 26.3000, 26.2400, 26.2682, 14891
2016-09-21, 26.2889, 26.3100, 26.2655, 26.3000, 6755
2016-09-22, 26.3103, 26.3190, 26.2600, 26.2600, 4211
2016-09-23, 26.3300, 26.3399, 26.2900, 26.3200, 20611
2016-09-26, 26.3400, 26.3596, 26.3250, 26.3500, 25425
2016-09-27, 26.3144, 26.3500, 26.3144, 26.3400, 12396
2016-09-28, 26.3700, 26.3700, 26.3201, 26.3700, 4838
2016-09-29, 26.3500, 26.3900, 26.3380, 26.3900, 5579
2016-09-30, 26.3800, 26.3800, 26.3400, 26.3400, 9170
2016-10-03, 26.3500, 26.3500, 26.3100, 26.3400, 10029
2016-10-04, 26.3300, 26.3300, 26.2500, 26.2812, 13234
2016-10-05, 26.2989, 26.3000, 26.2879, 26.3000, 43653
2016-10-06, 26.2800, 26.2800, 26.2480, 26.2700, 5435
2016-10-07, 26.2499, 26.2500, 26.2200, 26.2350, 25333
2016-10-10, 26.2200, 26.2200, 26.1600, 26.1939, 45800
2016-10-11, 26.2100, 26.2200, 26.1981, 26.2100, 8808
2016-10-12, 26.1900, 26.1900, 26.1682, 26.1700, 14476
2016-10-13, 26.2000, 26.2000, 26.1795, 26.2000, 13402
2016-10-14, 26.1900, 26.1900, 26.1600, 26.1700, 4591
2016-10-17, 26.1870, 26.2000, 26.1478, 26.2000, 10219
2016-10-18, 26.1700, 26.1814, 26.1547, 26.1600, 5440
2016-10-19, 26.1800, 26.1800, 26.1572, 26.1578, 2220
2016-10-20, 26.1800, 26.1800, 26.1301, 26.1501, 29728
2016-10-21, 26.1757, 26.1900, 26.1700, 26.1900, 10485
2016-10-24, 26.1900, 26.1900, 26.1301, 26.1700, 16321
2016-10-25, 26.1782, 26.1900, 26.1669, 26.1900, 10868
2016-10-26, 26.1515, 26.1800, 26.1402, 26.1800, 15007
2016-10-27, 26.1800, 26.1800, 26.1060, 26.1600, 59948
2016-10-28, 26.1625, 26.1700, 26.1220, 26.1500, 6995
2016-10-31, 26.1500, 26.1800, 26.1260, 26.1680, 5818
2016-11-01, 26.1400, 26.1500, 26.1001, 26.1500, 19900
2016-11-02, 26.1800, 26.1900, 26.1200, 26.1700, 29521
2016-11-03, 26.1676, 26.1676, 26.1676, 26.1676, 181
2016-11-04, 26.2000, 26.2000, 26.1800, 26.1900, 1830
2016-11-07, 26.1700, 26.1900, 26.0900, 26.1800, 4653
2016-11-08, 26.1716, 26.1900, 26.1400, 26.1613, 10634
2016-11-09, 26.1400, 26.1400, 26.0100, 26.0300, 53951
2016-11-10, 26.0000, 26.0100, 25.8382, 25.9143, 90587
2016-11-11, 25.8890, 25.8890, 25.7958, 25.8500, 11705
2016-11-14, 25.7100, 25.7200, 25.5200, 25.6300, 61837
2016-11-15, 25.7100, 25.7599, 25.6500, 25.7500, 72420
2016-11-16, 25.6300, 25.6700, 25.5800, 25.5800, 40529
2016-11-17, 25.6007, 25.6400, 25.5400, 25.5593, 16510
2016-11-18, 25.6300, 25.6300, 25.5492, 25.5700, 31634
2016-11-21, 25.5485, 25.5500, 25.5141, 25.5500, 7608
2016-11-22, 25.4700, 25.4904, 25.4300, 25.4750, 10728
2016-11-23, 25.4200, 25.4200, 25.3400, 25.3400, 2503
2016-11-25, 25.3800, 25.3800, 25.3526, 25.3526, 2386
2016-11-28, 25.3400, 25.3600, 25.2900, 25.3600, 28533
2016-11-29, 25.3089, 25.3100, 25.1700, 25.2000, 13069
2016-11-30, 25.1200, 25.1400, 25.1200, 25.1200, 11986
2016-12-01, 25.1000, 25.1000, 24.9834, 24.9900, 15946
2016-12-02, 25.0700, 25.1400, 25.0000, 25.0600, 31666
2016-12-05, 25.1100, 25.1100, 25.0200, 25.0200, 44842
2016-12-06, 25.1800, 25.2095, 25.1100, 25.1200, 95309
2016-12-07, 25.2900, 25.3315, 25.2100, 25.2600, 106302
2016-12-08, 25.2900, 25.3400, 25.2100, 25.3100, 166032
2016-12-09, 25.3300, 25.3300, 25.2250, 25.3100, 65229
2016-12-12, 25.3300, 25.3300, 25.2800, 25.2900, 109621
2016-12-13, 25.3200, 25.3299, 25.2630, 25.3200, 21086
2016-12-14, 25.3600, 25.3600, 25.2104, 25.2104, 14927
2016-12-15, 25.2399, 25.2399, 25.0900, 25.0900, 58060
2016-12-16, 25.1900, 25.2000, 25.1000, 25.1900, 50676
2016-12-19, 25.1300, 25.2399, 25.1300, 25.1728, 22911
2016-12-20, 25.1900, 25.2395, 25.1400, 25.2300, 71664
2016-12-21, 25.1500, 25.2700, 25.1500, 25.1800, 59130
2016-12-22, 25.1600, 25.2600, 25.1600, 25.2600, 45861
2016-12-23, 25.2500, 25.2900, 25.2100, 25.2317, 22370
2016-12-27, 25.1900, 25.2736, 25.1900, 25.1900, 29895
2016-12-28, 25.3000, 25.3300, 25.2110, 25.2500, 30102
2016-12-29, 25.2638, 25.3300, 25.2559, 25.3084, 46920
2016-12-30, 25.3400, 25.3500, 25.3000, 25.3400, 44406
2017-01-03, 25.3100, 25.3400, 25.3000, 25.3400, 6828
2017-01-04, 25.3550, 25.3800, 25.3181, 25.3553, 34615
2017-01-05, 25.3907, 25.4299, 25.3579, 25.3600, 16304
2017-01-06, 25.4300, 25.4300, 25.3549, 25.4100, 77439
2017-01-09, 25.4800, 25.5093, 25.4100, 25.5000, 25407
2017-01-10, 25.4703, 25.5200, 25.4400, 25.5100, 48615
2017-01-11, 25.5500, 25.6100, 25.4600, 25.5300, 324682
2017-01-12, 25.6200, 25.6600, 25.5800, 25.5900, 15547
2017-01-13, 25.5900, 25.6755, 25.5748, 25.6400, 23450
2017-01-17, 25.6300, 25.7100, 25.6300, 25.7077, 6458
2017-01-18, 25.6700, 25.6900, 25.6416, 25.6500, 32233
2017-01-19, 25.5500, 25.6000, 25.5200, 25.5800, 9742
2017-01-20, 25.5700, 25.5700, 25.5250, 25.5585, 8513
2017-01-23, 25.5500, 25.5900, 25.5201, 25.5558, 12991
2017-01-24, 25.5499, 25.5500, 25.5299, 25.5400, 10572
2017-01-25, 25.5200, 25.5400, 25.4500, 25.5300, 38787
2017-01-26, 25.5000, 25.5300, 25.4690, 25.5100, 16092
2017-01-27, 25.5400, 25.5700, 25.5077, 25.5700, 15368
2017-01-30, 25.5600, 25.5700, 25.5164, 25.5700, 16701
2017-01-31, 25.5700, 25.6100, 25.5603, 25.6000, 14901
2017-02-01, 25.4700, 25.5600, 25.4700, 25.5600, 24139
2017-02-02, 25.5900, 25.5900, 25.5301, 25.5700, 55768
2017-02-03, 25.6234, 25.6300, 25.5501, 25.5950, 30489
2017-02-06, 25.5997, 25.6600, 25.5997, 25.6298, 15747
2017-02-07, 25.6308, 25.7000, 25.6101, 25.6900, 21033
2017-02-08, 25.7400, 25.7700, 25.7200, 25.7600, 42575
2017-02-09, 25.6815, 25.7400, 25.6815, 25.7300, 42831
2017-02-10, 25.7200, 25.7300, 25.6729, 25.7300, 32524
2017-02-13, 25.7100, 25.7200, 25.6300, 25.7200, 15058
2017-02-14, 25.6786, 25.6786, 25.5701, 25.6399, 37430
2017-02-15, 25.5500, 25.6100, 25.5500, 25.5855, 8530
2017-02-16, 25.5500, 25.6390, 25.5500, 25.6390, 7111
2017-02-17, 25.6700, 25.6800, 25.6000, 25.6700, 69823
2017-02-21, 25.6590, 25.6900, 25.6000, 25.6499, 16554
2017-02-22, 25.6300, 25.7300, 25.6300, 25.6300, 13066
2017-02-23, 25.7400, 25.7500, 25.6915, 25.7500, 33859
2017-02-24, 25.7687, 25.8100, 25.7101, 25.8096, 8252
2017-02-27, 25.7900, 25.7900, 25.7320, 25.7622, 38824
2017-02-28, 25.7900, 25.8100, 25.7075, 25.7900, 19342
2017-03-01, 25.7200, 25.7200, 25.6515, 25.6800, 32845
2017-03-02, 25.6200, 25.6900, 25.6100, 25.6899, 18884
2017-03-03, 25.6400, 25.6700, 25.6100, 25.6200, 48860
2017-03-06, 25.6100, 25.6499, 25.6100, 25.6269, 26184
2017-03-07, 25.6171, 25.6400, 25.6100, 25.6200, 17034
2017-03-08, 25.6100, 25.6100, 25.5280, 25.5593, 18799
2017-03-09, 25.5300, 25.5300, 25.5142, 25.5142, 2688
2017-03-10, 25.5081, 25.5500, 25.5025, 25.5500, 42407
2017-03-13, 25.5300, 25.5300, 25.4539, 25.5200, 13252
2017-03-14, 25.5400, 25.5400, 25.4601, 25.5400, 12320
2017-03-15, 25.5400, 25.5500, 25.5076, 25.5320, 10637
2017-03-16, 25.5400, 25.5700, 25.5057, 25.5057, 46729
2017-03-17, 25.5500, 25.5600, 25.5108, 25.5600, 66067
2017-03-20, 25.5700, 25.5800, 25.5317, 25.5800, 15947
2017-03-21, 25.5900, 25.6200, 25.5400, 25.6200, 18477
2017-03-22, 25.6500, 25.6600, 25.5900, 25.6272, 12917
2017-03-23, 25.6600, 25.6700, 25.5000, 25.6700, 74325
2017-03-24, 25.6900, 25.7000, 25.6320, 25.6600, 27957
2017-03-27, 25.7200, 25.7200, 25.6850, 25.7200, 28269
2017-03-28, 25.6835, 25.7200, 25.6835, 25.7035, 16887
2017-03-29, 25.7400, 25.7500, 25.7000, 25.7500, 33100
2017-03-30, 25.7310, 25.7310, 25.7200, 25.7300, 22822
2017-03-31, 25.7300, 25.7500, 25.7200, 25.7400, 26627
2017-04-03, 25.6700, 25.7300, 25.6700, 25.7096, 21712
2017-04-04, 25.7300, 25.7300, 25.6500, 25.7199, 44909
2017-04-05, 25.7400, 25.7400, 25.7015, 25.7375, 17902
2017-04-06, 25.7700, 25.7700, 25.7300, 25.7500, 29499
2017-04-07, 25.8100, 25.8100, 25.7511, 25.7600, 54091
2017-04-10, 25.8100, 25.8300, 25.7500, 25.7898, 65471
2017-04-11, 25.8198, 25.8600, 25.7701, 25.8500, 23187
2017-04-12, 25.8672, 25.9000, 25.8101, 25.9000, 23714
2017-04-13, 25.8200, 25.8999, 25.8100, 25.8900, 11837
2017-04-17, 25.9000, 25.9100, 25.8271, 25.9000, 7078
2017-04-18, 25.9400, 25.9700, 25.8969, 25.9700, 18174
2017-04-19, 25.9600, 25.9600, 25.9148, 25.9375, 23886
2017-04-20, 25.9500, 25.9500, 25.9201, 25.9332, 26861
2017-04-21, 25.9600, 25.9700, 25.9211, 25.9211, 16825
2017-04-24, 25.9200, 25.9400, 25.9000, 25.9000, 20493
2017-04-25, 25.9000, 25.9200, 25.8830, 25.8900, 34675
2017-04-26, 25.9100, 25.9200, 25.8900, 25.8900, 8164
2017-04-27, 25.9300, 25.9300, 25.8900, 25.9050, 12498
2017-04-28, 25.8900, 25.9100, 25.8900, 25.9080, 4598
2017-05-01, 25.8800, 25.8800, 25.8500, 25.8536, 11114
2017-05-02, 25.8700, 25.8900, 25.8503, 25.8601, 37110
2017-05-03, 25.8874, 25.8999, 25.8785, 25.8890, 2434
2017-05-04, 25.8780, 25.8900, 25.8500, 25.8780, 14127
2017-05-05, 25.9100, 25.9199, 25.8510, 25.9000, 11375
2017-05-08, 25.9200, 25.9200, 25.8840, 25.9198, 19367
2017-05-09, 25.9100, 25.9100, 25.9000, 25.9100, 20369
2017-05-10, 25.9000, 25.9420, 25.9000, 25.9400, 9336
2017-05-11, 25.9300, 25.9542, 25.9300, 25.9400, 9805
2017-05-12, 25.9600, 26.0000, 25.9511, 25.9700, 18301
2017-05-15, 25.9300, 25.9900, 25.9300, 25.9415, 24905
2017-05-16, 25.9900, 26.0100, 25.9800, 26.0000, 12623
2017-05-17, 26.0000, 26.0900, 26.0000, 26.0900, 25130
2017-05-18, 26.0800, 26.0900, 26.0544, 26.0900, 9752
2017-05-19, 26.0900, 26.0900, 26.0713, 26.0900, 21258
2017-05-22, 26.0370, 26.1100, 26.0370, 26.0500, 13449
2017-05-23, 26.1300, 26.1400, 26.0501, 26.1100, 7328
2017-05-24, 26.1200, 26.1300, 26.1130, 26.1300, 21105
2017-05-25, 26.1500, 26.1600, 26.1105, 26.1308, 14971
2017-05-26, 26.1482, 26.1638, 26.1180, 26.1500, 24188
2017-05-30, 26.1600, 26.1800, 26.1338, 26.1372, 10061
2017-05-31, 26.2000, 26.2100, 26.1572, 26.1950, 20257
2017-06-01, 26.1700, 26.1800, 26.0960, 26.1700, 11224
2017-06-02, 26.2000, 26.2350, 26.1700, 26.2150, 18711
2017-06-05, 26.2000, 26.2040, 26.1500, 26.1903, 16761
2017-06-06, 26.2200, 26.2500, 26.2200, 26.2400, 14379
2017-06-07, 26.1800, 26.2500, 26.1701, 26.2500, 13019
2017-06-08, 26.2100, 26.2300, 26.1700, 26.2300, 38929
2017-06-09, 26.2100, 26.2100, 26.1700, 26.1800, 25298
2017-06-12, 26.1500, 26.1970, 26.1500, 26.1681, 13746
2017-06-13, 26.1690, 26.1699, 26.1400, 26.1550, 17579
2017-06-14, 26.1866, 26.1866, 26.1300, 26.1500, 39638
2017-06-15, 26.1400, 26.1699, 26.1110, 26.1268, 12017
2017-06-16, 26.0900, 26.1699, 26.0900, 26.1100, 9927
2017-06-19, 26.1234, 26.1500, 26.1031, 26.1400, 12162
2017-06-20, 26.1400, 26.1750, 26.1255, 26.1700, 58342
2017-06-21, 26.1500, 26.1600, 26.1201, 26.1582, 26198
2017-06-22, 26.1500, 26.1700, 26.1397, 26.1620, 37629
2017-06-23, 26.1500, 26.1600, 26.1450, 26.1450, 17413
2017-06-26, 26.1600, 26.1700, 26.1200, 26.1700, 8828
2017-06-27, 26.1100, 26.1204, 26.0300, 26.0400, 31986
2017-06-28, 26.0934, 26.1292, 26.0709, 26.1200, 42506
2017-06-29, 26.0500, 26.0537, 26.0030, 26.0122, 22079
2017-06-30, 26.0300, 26.0300, 25.9600, 26.0100, 16887
2017-07-03, 26.0200, 26.0200, 25.9482, 25.9491, 10832
2017-07-05, 25.9500, 25.9900, 25.9100, 25.9700, 38758
2017-07-06, 25.9520, 25.9800, 25.9297, 25.9800, 46825
2017-07-07, 25.9654, 25.9900, 25.9300, 25.9600, 12272
2017-07-10, 25.9900, 26.0200, 25.9400, 25.9400, 36031
2017-07-11, 25.9600, 26.0300, 25.9300, 26.0300, 21742
2017-07-12, 26.0400, 26.0700, 25.9700, 26.0700, 33994
2017-07-13, 26.0400, 26.0500, 25.9700, 26.0500, 139148
2017-07-14, 26.1000, 26.1100, 26.0410, 26.1000, 18802
2017-07-17, 26.1100, 26.1200, 26.0708, 26.1127, 9058
2017-07-18, 26.1450, 26.1500, 26.0900, 26.1500, 7580
2017-07-19, 26.1600, 26.1800, 26.1101, 26.1800, 28706
2017-07-20, 26.1900, 26.2100, 26.1507, 26.1750, 20225
2017-07-21, 26.1900, 26.2000, 26.1498, 26.2000, 27337
2017-07-24, 26.1659, 26.2300, 26.1500, 26.2300, 49422
2017-07-25, 26.2200, 26.2200, 26.1442, 26.1900, 11560
2017-07-26, 26.2253, 26.2480, 26.1707, 26.2200, 26909
2017-07-27, 26.2100, 26.2300, 26.1706, 26.1706, 15895
2017-07-28, 26.1971, 26.2300, 26.1614, 26.2300, 21600
2017-07-31, 26.2300, 26.2300, 26.1575, 26.2300, 10726
2017-08-01, 26.2061, 26.2100, 26.1800, 26.2050, 17530
2017-08-02, 26.1847, 26.2300, 26.1500, 26.2200, 14801
2017-08-03, 26.2400, 26.2700, 26.2148, 26.2600, 28757
2017-08-04, 26.2200, 26.2400, 26.1700, 26.2149, 19592
2017-08-07, 26.2500, 26.2500, 26.2101, 26.2182, 10863
2017-08-08, 26.2600, 26.2600, 26.2150, 26.2500, 23187
2017-08-09, 26.2800, 26.3100, 26.2699, 26.2741, 16544
2017-08-10, 26.3031, 26.3199, 26.2964, 26.3100, 7745
2017-08-11, 26.3100, 26.3490, 26.2850, 26.3200, 33121
2017-08-14, 26.3360, 26.3499, 26.2800, 26.3038, 4707
2017-08-15, 26.3000, 26.3100, 26.2785, 26.2990, 16482
2017-08-16, 26.3000, 26.3100, 26.2800, 26.2900, 23959
2017-08-17, 26.2900, 26.3100, 26.2900, 26.3100, 8459
2017-08-18, 26.2900, 26.3200, 26.2866, 26.3200, 200033
2017-08-21, 26.3025, 26.3200, 26.3000, 26.3199, 12244
2017-08-22, 26.3100, 26.3200, 26.2928, 26.3080, 6953
2017-08-23, 26.3200, 26.3400, 26.2900, 26.3000, 23289
2017-08-24, 26.2600, 26.3300, 26.2600, 26.3110, 26499
2017-08-25, 26.3200, 26.3200, 26.2701, 26.2869, 6688
2017-08-28, 26.3200, 26.3300, 26.2700, 26.2934, 28355
2017-08-29, 26.3700, 26.3700, 26.3300, 26.3600, 9904
2017-08-30, 26.3600, 26.3700, 26.3100, 26.3200, 29655
2017-08-31, 26.3600, 26.3600, 26.3400, 26.3500, 4191
2017-09-01, 26.3000, 26.3199, 26.2601, 26.3000, 11470
2017-09-05, 26.3051, 26.3600, 26.3000, 26.3452, 31876
2017-09-06, 26.3700, 26.3700, 26.2900, 26.3334, 55861
2017-09-07, 26.3500, 26.3699, 26.3328, 26.3456, 10890
2017-09-08, 26.3399, 26.3400, 26.3200, 26.3390, 6889
2017-09-11, 26.3200, 26.3200, 26.3000, 26.3100, 46532
2017-09-12, 26.3146, 26.3200, 26.2500, 26.2900, 32641
2017-09-13, 26.2703, 26.2800, 26.2564, 26.2650, 50037
2017-09-14, 26.2500, 26.2700, 26.2223, 26.2300, 21487
2017-09-15, 26.2500, 26.2500, 26.2000, 26.2200, 11775
2017-09-18, 26.2200, 26.2300, 26.2101, 26.2300, 68670
2017-09-19, 26.2400, 26.2475, 26.2000, 26.2300, 73262
2017-09-20, 26.2100, 26.2192, 26.1329, 26.1502, 18697
2017-09-21, 26.1300, 26.1899, 26.1300, 26.1799, 16609
2017-09-22, 26.1600, 26.1700, 26.1453, 26.1600, 40311
2017-09-25, 26.1591, 26.1900, 26.1400, 26.1720, 24661
2017-09-26, 26.1200, 26.2250, 26.1200, 26.1700, 46603
2017-09-27, 26.1300, 26.1350, 26.0958, 26.1200, 25475
2017-09-28, 26.0800, 26.1000, 26.0745, 26.0900, 30831
2017-09-29, 26.0800, 26.0846, 26.0410, 26.0700, 30779
2017-10-02, 26.0471, 26.0471, 26.0018, 26.0390, 18002
2017-10-03, 26.0200, 26.0400, 26.0116, 26.0200, 38581
2017-10-04, 26.0500, 26.0600, 26.0216, 26.0380, 43944
2017-10-05, 26.0500, 26.0500, 26.0001, 26.0400, 32647
2017-10-06, 26.0200, 26.0300, 25.9700, 26.0300, 18342
2017-10-09, 26.0600, 26.0600, 26.0216, 26.0450, 6438
2017-10-10, 26.0600, 26.0700, 26.0100, 26.0600, 28924
2017-10-11, 26.0700, 26.0900, 26.0300, 26.0860, 29170
2017-10-12, 26.0300, 26.0900, 26.0300, 26.0800, 15380
2017-10-13, 26.0900, 26.1000, 26.0601, 26.0816, 20240
2017-10-16, 26.0900, 26.1000, 26.0550, 26.0632, 33503
2017-10-17, 26.0900, 26.1000, 26.0742, 26.0943, 21444
2017-10-18, 26.0800, 26.0800, 26.0500, 26.0683, 10328
2017-10-19, 26.1100, 26.1100, 26.0826, 26.0845, 15412
2017-10-20, 26.0600, 26.0600, 26.0384, 26.0590, 16017
2017-10-23, 26.0650, 26.0800, 26.0200, 26.0690, 41617
2017-10-24, 26.0100, 26.0500, 25.9901, 26.0000, 44859
2017-10-25, 26.0300, 26.0300, 25.9990, 26.0001, 15095
2017-10-26, 26.0174, 26.0300, 26.0000, 26.0000, 29262
2017-10-27, 26.0006, 26.0250, 26.0000, 26.0100, 19909
2017-10-30, 26.0300, 26.0300, 25.9800, 26.0000, 14371
2017-10-31, 25.9700, 26.0200, 25.9700, 26.0100, 17443
2017-11-01, 25.9800, 25.9900, 25.9600, 25.9760, 27596
2017-11-02, 25.9800, 26.0000, 25.9565, 25.9900, 23451
2017-11-03, 25.9900, 26.0150, 25.9600, 25.9900, 27399
2017-11-06, 26.0100, 26.0199, 25.9800, 26.0100, 17713
2017-11-07, 26.0100, 26.0100, 25.9834, 25.9900, 88242
2017-11-08, 25.9979, 26.0200, 25.9979, 26.0000, 14151
2017-11-09, 26.0000, 26.0100, 25.9600, 26.0000, 15252
2017-11-10, 25.9300, 25.9300, 25.9101, 25.9300, 18053
2017-11-13, 25.9300, 25.9300, 25.9175, 25.9200, 24598
2017-11-14, 25.9000, 25.9100, 25.8700, 25.8900, 25890
2017-11-15, 25.9200, 25.9300, 25.8944, 25.9183, 16999
2017-11-16, 25.9000, 25.9080, 25.8500, 25.8883, 18009
2017-11-17, 25.8225, 25.8700, 25.8225, 25.8700, 23350
2017-11-20, 25.8400, 25.8700, 25.8400, 25.8450, 5918
2017-11-21, 25.8400, 25.8550, 25.8000, 25.8112, 14664
2017-11-22, 25.8200, 25.8300, 25.7900, 25.8100, 47086
2017-11-24, 25.7650, 25.7900, 25.7650, 25.7899, 8663
2017-11-27, 25.7600, 25.7750, 25.6900, 25.7495, 20041
2017-11-28, 25.7000, 25.7000, 25.6300, 25.6900, 14655
2017-11-29, 25.6300, 25.6390, 25.5900, 25.5900, 24268
2017-11-30, 25.6336, 25.6800, 25.6290, 25.6700, 24958
2017-12-01, 25.6600, 25.6880, 25.5919, 25.6600, 20818
2017-12-04, 25.6400, 25.6750, 25.5900, 25.6750, 13822
2017-12-05, 25.6900, 25.7300, 25.6500, 25.7200, 28949
2017-12-06, 25.8050, 25.8200, 25.7700, 25.7700, 30842
2017-12-07, 25.7900, 25.8000, 25.7501, 25.7750, 21057
2017-12-08, 25.7770, 25.7770, 25.6710, 25.6902, 36288
2017-12-11, 25.7303, 25.7318, 25.6800, 25.7100, 15706
2017-12-12, 25.6800, 25.7200, 25.6700, 25.6700, 68559
2017-12-13, 25.7110, 25.8300, 25.7100, 25.8100, 235275
2017-12-14, 25.8200, 25.8200, 25.7600, 25.7600, 23503
2017-12-15, 25.7700, 25.7800, 25.7300, 25.7708, 21438
2017-12-18, 25.7300, 25.7850, 25.7000, 25.7105, 65334
2017-12-19, 25.6990, 25.7100, 25.6500, 25.6802, 27500
2017-12-20, 25.6400, 25.6700, 25.6000, 25.6300, 13870
2017-12-21, 25.6150, 25.6350, 25.5800, 25.6000, 57630
2017-12-22, 25.5810, 25.6300, 25.5800, 25.5810, 50241
2017-12-26, 25.6500, 25.6600, 25.6075, 25.6500, 40427
2017-12-27, 25.6837, 25.7250, 25.6500, 25.7120, 19043
2017-12-28, 25.7200, 25.7200, 25.6600, 25.7200, 19559
2017-12-29, 25.6400, 25.7100, 25.6400, 25.6750, 16133
2018-01-02, 25.6900, 25.6900, 25.6300, 25.6797, 16662
2018-01-03, 25.6400, 25.7000, 25.6400, 25.6900, 41722
2018-01-04, 25.6800, 25.7100, 25.6800, 25.7100, 27135
2018-01-05, 25.7200, 25.7200, 25.6910, 25.6930, 27230
2018-01-08, 25.7300, 25.7300, 25.6700, 25.7200, 25554
2018-01-09, 25.7200, 25.7200, 25.6600, 25.6800, 62173
2018-01-10, 25.7000, 25.7000, 25.6700, 25.6990, 25825
2018-01-11, 25.7200, 25.7400, 25.6800, 25.7382, 94175
2018-01-12, 25.7000, 25.7200, 25.6701, 25.7110, 17591
2018-01-16, 25.7300, 25.7300, 25.6800, 25.7100, 25299
2018-01-17, 25.7400, 25.7400, 25.6810, 25.7300, 39147
2018-01-18, 25.7200, 25.7300, 25.6900, 25.7100, 39018
2018-01-19, 25.7100, 25.7100, 25.6700, 25.7000, 112737
2018-01-22, 25.7200, 25.7300, 25.6701, 25.7072, 52997
2018-01-23, 25.7480, 25.7700, 25.7193, 25.7500, 125346
2018-01-24, 25.7200, 25.7200, 25.6700, 25.7000, 13633
2018-01-25, 25.7300, 25.7700, 25.7224, 25.7600, 37311
2018-01-26, 25.7100, 25.7300, 25.7036, 25.7250, 18034
2018-01-29, 25.7100, 25.7100, 25.6700, 25.6800, 19943
2018-01-30, 25.6700, 25.6800, 25.6200, 25.6200, 23825
2018-01-31, 25.6699, 25.6800, 25.6149, 25.6800, 223666
2018-02-01, 25.5700, 25.6100, 25.5500, 25.5666, 26736
2018-02-02, 25.5700, 25.5700, 25.5100, 25.5400, 50138
2018-02-05, 25.5100, 25.6100, 25.5000, 25.6100, 55870
2018-02-06, 25.5634, 25.6100, 25.5438, 25.5438, 19739
2018-02-07, 25.5500, 25.5900, 25.5000, 25.5200, 38855
2018-02-08, 25.5600, 25.5600, 25.4900, 25.5500, 22721
2018-02-09, 25.5400, 25.5953, 25.5400, 25.5690, 21147
2018-02-12, 25.5400, 25.5400, 25.4900, 25.5250, 36160
2018-02-13, 25.5100, 25.5500, 25.5000, 25.5500, 18457
2018-02-14, 25.4900, 25.5300, 25.4800, 25.4800, 59850
2018-02-15, 25.5046, 25.5400, 25.4800, 25.5146, 44109
2018-02-16, 25.5400, 25.5400, 25.4800, 25.5100, 42022
2018-02-20, 25.4600, 25.5100, 25.4600, 25.5100, 43354
2018-02-21, 25.5386, 25.5400, 25.4950, 25.4992, 10467
2018-02-22, 25.5500, 25.5500, 25.4800, 25.5200, 31864
2018-02-23, 25.5500, 25.5500, 25.5000, 25.5172, 34587
2018-02-26, 25.5500, 25.5500, 25.5000, 25.5010, 44728
2018-02-27, 25.5600, 25.5600, 25.5100, 25.5100, 9781
2018-02-28, 25.5500, 25.5500, 25.4900, 25.5300, 25739
2018-03-01, 25.5288, 25.5600, 25.5001, 25.5499, 44214
2018-03-02, 25.5300, 25.5300, 25.4950, 25.5000, 11174
2018-03-05, 25.5168, 25.5300, 25.4500, 25.4500, 63619
2018-03-06, 25.5400, 25.5400, 25.4800, 25.5400, 41493
2018-03-07, 25.5500, 25.5500, 25.5033, 25.5033, 12507
2018-03-08, 25.5136, 25.5500, 25.5000, 25.5499, 10855
2018-03-09, 25.5000, 25.5100, 25.4700, 25.5000, 31367
2018-03-12, 25.4990, 25.5000, 25.4600, 25.4800, 28936
2018-03-13, 25.4658, 25.5000, 25.4301, 25.4750, 80062
2018-03-14, 25.4900, 25.5100, 25.4601, 25.4882, 14319
2018-03-15, 25.4886, 25.5000, 25.4600, 25.5000, 31771
2018-03-16, 25.4900, 25.4900, 25.4554, 25.4650, 54417
2018-03-19, 25.4500, 25.4990, 25.4500, 25.4601, 9854
2018-03-20, 25.4900, 25.4900, 25.4200, 25.4690, 17488
2018-03-21, 25.4700, 25.5100, 25.4500, 25.4800, 82836
2018-03-22, 25.5000, 25.5051, 25.4600, 25.4600, 21735
2018-03-23, 25.4600, 25.4900, 25.4500, 25.4880, 10201
2018-03-26, 25.4500, 25.4700, 25.4200, 25.4598, 22564
2018-03-27, 25.4700, 25.5000, 25.4500, 25.4700, 8275
2018-03-28, 25.4850, 25.5200, 25.4500, 25.5000, 44109
2018-03-29, 25.4900, 25.5000, 25.4500, 25.4999, 23427
2018-04-02, 25.4400, 25.4600, 25.4210, 25.4580, 10777
2018-04-03, 25.4400, 25.4400, 25.4200, 25.4250, 22644
2018-04-04, 25.4201, 25.4400, 25.4200, 25.4300, 21807
2018-04-05, 25.4200, 25.4200, 25.3600, 25.4099, 35035
2018-04-06, 25.3950, 25.4200, 25.3700, 25.3915, 26599
2018-04-09, 25.4000, 25.4000, 25.3400, 25.3900, 23559
2018-04-10, 25.4000, 25.4000, 25.3645, 25.3858, 134523
2018-04-11, 25.4199, 25.4200, 25.3700, 25.3801, 23507
2018-04-12, 25.4100, 25.4100, 25.3500, 25.3600, 29156
2018-04-13, 25.3500, 25.4000, 25.3500, 25.3841, 44766
2018-04-16, 25.3500, 25.4000, 25.3410, 25.3700, 22774
2018-04-17, 25.3500, 25.4100, 25.3500, 25.3999, 40576
2018-04-18, 25.4000, 25.4000, 25.3400, 25.3900, 43627
2018-04-19, 25.3900, 25.3900, 25.3450, 25.3800, 9451
2018-04-20, 25.3600, 25.3600, 25.3100, 25.3500, 20710
2018-04-23, 25.3500, 25.3800, 25.3200, 25.3380, 19316
2018-04-24, 25.3495, 25.3600, 25.3152, 25.3590, 31098
2018-04-25, 25.3500, 25.3500, 25.3000, 25.3300, 31946
2018-04-26, 25.3100, 25.3300, 25.3000, 25.3105, 12516
2018-04-27, 25.3200, 25.3300, 25.2700, 25.3300, 31626
2018-04-30, 25.3300, 25.3300, 25.3029, 25.3300, 8467
2018-05-01, 25.3100, 25.3100, 25.2400, 25.2612, 9945
2018-05-02, 25.3000, 25.3000, 25.2701, 25.2900, 11886
2018-05-03, 25.3300, 25.3400, 25.2800, 25.3300, 42765
2018-05-04, 25.3400, 25.3664, 25.3033, 25.3033, 38637
2018-05-07, 25.3310, 25.3500, 25.3150, 25.3378, 34115
2018-05-08, 25.3700, 25.3700, 25.3100, 25.3300, 37471
2018-05-09, 25.4000, 25.4000, 25.3600, 25.3834, 22168
2018-05-10, 25.3980, 25.4200, 25.3868, 25.4190, 15440
2018-05-11, 25.4000, 25.4350, 25.4000, 25.4250, 36758
2018-05-14, 25.4400, 25.4500, 25.3900, 25.4066, 24248
2018-05-15, 25.3899, 25.3900, 25.3501, 25.3510, 7548
2018-05-16, 25.4000, 25.4000, 25.3500, 25.3800, 42072
2018-05-17, 25.4048, 25.4100, 25.3701, 25.3701, 37336
2018-05-18, 25.3700, 25.4200, 25.3700, 25.4000, 19525
2018-05-21, 25.4000, 25.4000, 25.3724, 25.3900, 24982
2018-05-22, 25.4000, 25.4100, 25.3800, 25.4000, 49523
2018-05-23, 25.4200, 25.4500, 25.4200, 25.4400, 14669
2018-05-24, 25.4400, 25.4699, 25.4358, 25.4510, 43885
2018-05-25, 25.4559, 25.4700, 25.4401, 25.4600, 21147
2018-05-29, 25.4900, 25.5500, 25.4844, 25.5000, 129619
2018-05-30, 25.4806, 25.4890, 25.4300, 25.4700, 29916
2018-05-31, 25.5100, 25.5300, 25.4774, 25.5100, 40287
2018-06-01, 25.3800, 25.4300, 25.3701, 25.4300, 102966
2018-06-04, 25.4400, 25.4400, 25.4000, 25.4200, 17217
2018-06-05, 25.4600, 25.4700, 25.4417, 25.4600, 26596
2018-06-06, 25.4600, 25.4700, 25.4201, 25.4700, 28368
2018-06-07, 25.4859, 25.5100, 25.4688, 25.5100, 15348
2018-06-08, 25.5000, 25.5100, 25.4700, 25.5100, 24191
2018-06-11, 25.4900, 25.4900, 25.4500, 25.4900, 25772
2018-06-12, 25.4400, 25.4900, 25.4400, 25.4700, 28946
2018-06-13, 25.4900, 25.5000, 25.4500, 25.4850, 36904
2018-06-14, 25.5100, 25.5200, 25.4800, 25.5200, 15864
2018-06-15, 25.5000, 25.5200, 25.4752, 25.5100, 22574
2018-06-18, 25.5200, 25.5200, 25.4801, 25.5000, 28125
2018-06-19, 25.5085, 25.5400, 25.5001, 25.5300, 19612
2018-06-20, 25.5300, 25.5300, 25.4700, 25.4800, 48935
2018-06-21, 25.5200, 25.5500, 25.5000, 25.5500, 45024
2018-06-22, 25.5100, 25.5200, 25.4800, 25.5200, 30612
2018-06-25, 25.5300, 25.5300, 25.5000, 25.5300, 26883
2018-06-26, 25.5200, 25.5300, 25.4994, 25.5278, 36760
2018-06-27, 25.5500, 25.5600, 25.5210, 25.5600, 26618
2018-06-28, 25.5500, 25.5500, 25.5216, 25.5400, 30707
2018-06-29, 25.5300, 25.5300, 25.4984, 25.5200, 9736
2018-07-02, 25.5000, 25.5000, 25.4400, 25.4500, 18964
2018-07-03, 25.5100, 25.5200, 25.4700, 25.5200, 20588
2018-07-05, 25.4700, 25.5200, 25.4700, 25.5200, 12721
2018-07-06, 25.5126, 25.5400, 25.4900, 25.5144, 16226
2018-07-09, 25.5100, 25.5100, 25.4721, 25.5100, 22812
2018-07-10, 25.5200, 25.5300, 25.4900, 25.5200, 33186
2018-07-11, 25.4900, 25.5400, 25.4900, 25.5350, 25916
2018-07-12, 25.5500, 25.5500, 25.5300, 25.5400, 17832
2018-07-13, 25.5300, 25.5699, 25.5100, 25.5300, 98115
2018-07-16, 25.5600, 25.5695, 25.5480, 25.5600, 16787
2018-07-17, 25.5700, 25.5900, 25.5600, 25.5700, 25421
2018-07-18, 25.5900, 25.5900, 25.5500, 25.5800, 29798
2018-07-19, 25.5900, 25.6300, 25.5900, 25.6300, 19323
2018-07-20, 25.6100, 25.6100, 25.5600, 25.6000, 13774
2018-07-23, 25.5900, 25.5900, 25.5410, 25.5800, 25078
2018-07-24, 25.5900, 25.5900, 25.5500, 25.5900, 20577
2018-07-25, 25.5800, 25.6000, 25.5600, 25.5890, 41010
2018-07-26, 25.5900, 25.5999, 25.5500, 25.5740, 20123
2018-07-27, 25.5900, 25.5900, 25.5400, 25.5400, 40403
2018-07-30, 25.5800, 25.5800, 25.5500, 25.5604, 10114
2018-07-31, 25.5690, 25.5900, 25.5601, 25.5900, 23596
2018-08-01, 25.5400, 25.5400, 25.5100, 25.5202, 24888
2018-08-02, 25.5500, 25.5800, 25.5348, 25.5800, 21469
2018-08-03, 25.5605, 25.5800, 25.5300, 25.5800, 45526
2018-08-06, 25.5600, 25.5800, 25.5400, 25.5700, 27970
2018-08-07, 25.5462, 25.5600, 25.5200, 25.5254, 33466
2018-08-08, 25.5700, 25.5700, 25.5200, 25.5600, 17315
2018-08-09, 25.5400, 25.5781, 25.5400, 25.5762, 19827
2018-08-10, 25.5800, 25.5899, 25.5410, 25.5514, 13687
2018-08-13, 25.5800, 25.5850, 25.5400, 25.5813, 16296
2018-08-14, 25.5899, 25.5900, 25.5400, 25.5521, 29910
2018-08-15, 25.6199, 25.6199, 25.5700, 25.5900, 26601
2018-08-16, 25.6000, 25.6016, 25.5501, 25.5501, 63655
2018-08-17, 25.5700, 25.5950, 25.5510, 25.5664, 35242
2018-08-20, 25.6000, 25.6023, 25.5700, 25.5886, 13533
2018-08-21, 25.6100, 25.6100, 25.5600, 25.5650, 13994
2018-08-22, 25.5700, 25.6199, 25.5700, 25.6052, 18324
2018-08-23, 25.5650, 25.6100, 25.5600, 25.6100, 32556
2018-08-24, 25.5999, 25.6000, 25.5768, 25.6000, 7170
2018-08-27, 25.5900, 25.6000, 25.5500, 25.6000, 16139
2018-08-28, 25.5850, 25.6100, 25.5772, 25.5900, 60164
2018-08-29, 25.6000, 25.6000, 25.5661, 25.6000, 58020
2018-08-30, 25.5700, 25.5900, 25.5600, 25.5724, 19269
2018-08-31, 25.5900, 25.5900, 25.5400, 25.5400, 37211
2018-09-04, 25.5400, 25.5400, 25.5100, 25.5121, 14891
2018-09-05, 25.5100, 25.5201, 25.4900, 25.5034, 6582
2018-09-06, 25.5300, 25.5300, 25.4800, 25.5300, 16649
2018-09-07, 25.5000, 25.5000, 25.4600, 25.4750, 42838
2018-09-10, 25.4400, 25.4800, 25.4300, 25.4619, 29554
2018-09-11, 25.4800, 25.4800, 25.4301, 25.4800, 89800
2018-09-12, 25.4300, 25.4800, 25.4300, 25.4408, 31340
2018-09-13, 25.4800, 25.4900, 25.4400, 25.4900, 58655
2018-09-14, 25.4300, 25.4700, 25.4201, 25.4700, 53633
2018-09-17, 25.4530, 25.4700, 25.4100, 25.4101, 44211
2018-09-18, 25.4600, 25.4600, 25.3900, 25.4346, 62865
2018-09-19, 25.4400, 25.4400, 25.3800, 25.4300, 30345
2018-09-20, 25.4000, 25.4200, 25.3600, 25.4200, 67636
2018-09-21, 25.4100, 25.4280, 25.3924, 25.4101, 65755
2018-09-24, 25.4000, 25.4000, 25.3620, 25.3620, 27998
2018-09-25, 25.3527, 25.3900, 25.3300, 25.3800, 16497
2018-09-26, 25.4000, 25.4100, 25.3600, 25.3801, 15704
2018-09-27, 25.4000, 25.4200, 25.3800, 25.4200, 32758
2018-09-28, 25.4200, 25.4200, 25.3700, 25.4100, 40564
2018-10-01, 25.3800, 25.3800, 25.3200, 25.3370, 29721
2018-10-02, 25.3727, 25.3800, 25.3400, 25.3800, 22559
2018-10-03, 25.3800, 25.3800, 25.3301, 25.3400, 104167
2018-10-04, 25.3300, 25.3400, 25.2800, 25.3042, 48166
2018-10-05, 25.3200, 25.3200, 25.2900, 25.3100, 34620
2018-10-08, 25.3200, 25.3300, 25.2700, 25.3199, 26495
2018-10-09, 25.2700, 25.3000, 25.2600, 25.3000, 61078
2018-10-10, 25.2736, 25.2999, 25.2500, 25.2600, 31192
2018-10-11, 25.3200, 25.3299, 25.2900, 25.2900, 14776
2018-10-12, 25.2956, 25.3199, 25.2866, 25.2950, 30859
2018-10-15, 25.2920, 25.2999, 25.2600, 25.2600, 15294
2018-10-16, 25.3000, 25.3198, 25.3000, 25.3100, 37731
2018-10-17, 25.3200, 25.3200, 25.2850, 25.3100, 24677
2018-10-18, 25.3200, 25.3400, 25.2901, 25.3400, 36726
2018-10-19, 25.3200, 25.3200, 25.2700, 25.2700, 27527
2018-10-22, 25.2900, 25.3300, 25.2800, 25.3300, 28450
2018-10-23, 25.3500, 25.3500, 25.3000, 25.3330, 45374
2018-10-24, 25.3500, 25.3600, 25.3100, 25.3300, 53672
2018-10-25, 25.3500, 25.3500, 25.3100, 25.3379, 14449
2018-10-26, 25.3700, 25.3700, 25.3200, 25.3500, 60271
2018-10-29, 25.3401, 25.3600, 25.3100, 25.3200, 40056
2018-10-30, 25.3250, 25.3600, 25.3101, 25.3600, 68587
2018-10-31, 25.3400, 25.3400, 25.2900, 25.2900, 27477
2018-11-01, 25.2400, 25.2900, 25.2400, 25.2600, 38751
2018-11-02, 25.2800, 25.2800, 25.2200, 25.2400, 39922
2018-11-05, 25.2500, 25.2637, 25.2100, 25.2100, 10306
2018-11-06, 25.2200, 25.2600, 25.2100, 25.2100, 37293
2018-11-07, 25.2500, 25.3000, 25.2500, 25.2900, 30725
2018-11-08, 25.2500, 25.2850, 25.2500, 25.2500, 31684
2018-11-09, 25.2900, 25.3300, 25.2700, 25.3200, 17809
