2018-03-22, 25.0700, 25.0700, 25.0700, 25.0700, 100
2018-03-23, 25.0500, 25.0500, 25.0500, 25.0500, 11000
2018-03-26, 25.0500, 25.0500, 25.0500, 25.0500, 57
2018-03-27, 25.0500, 25.0500, 25.0500, 25.0500, 0
2018-03-28, 25.0500, 25.0500, 25.0500, 25.0500, 0
2018-03-29, 25.1100, 25.1200, 25.0850, 25.1025, 13897
2018-04-02, 25.0600, 25.0600, 25.0500, 25.0500, 2394
2018-04-03, 25.0900, 25.0900, 25.0514, 25.0514, 3100
2018-04-04, 25.0500, 25.0500, 25.0500, 25.0500, 11000
2018-04-05, 25.0399, 25.0400, 25.0399, 25.0400, 2049
2018-04-06, 25.0400, 25.0400, 25.0400, 25.0400, 0
2018-04-09, 25.0400, 25.0400, 25.0400, 25.0400, 2797
2018-04-10, 25.0200, 25.0200, 25.0010, 25.0010, 1996
2018-04-11, 25.0700, 25.0700, 25.0600, 25.0600, 600
2018-04-12, 25.0100, 25.0100, 25.0100, 25.0100, 455
2018-04-13, 25.0142, 25.0400, 25.0142, 25.0400, 2500
2018-04-16, 25.0300, 25.0300, 25.0201, 25.0201, 860
2018-04-17, 25.0271, 25.0500, 25.0250, 25.0405, 37833
2018-04-18, 25.0300, 25.0300, 25.0018, 25.0300, 2932
2018-04-19, 25.0000, 25.0000, 24.9700, 24.9899, 21112
2018-04-20, 24.9900, 25.0000, 24.9700, 24.9700, 8655
2018-04-23, 24.9772, 24.9800, 24.9553, 24.9800, 2659
2018-04-24, 24.9300, 24.9790, 24.9300, 24.9549, 1500
2018-04-25, 24.9350, 24.9400, 24.8400, 24.8400, 3100
2018-04-26, 24.8400, 24.8400, 24.8400, 24.8400, 31
2018-04-27, 24.9290, 24.9300, 24.9050, 24.9100, 30182
2018-04-30, 24.9300, 24.9300, 24.9300, 24.9300, 262
2018-05-01, 24.8630, 24.8799, 24.8630, 24.8799, 500
2018-05-02, 24.8799, 24.8799, 24.8799, 24.8799, 0
2018-05-03, 24.9700, 24.9800, 24.9700, 24.9700, 5490
2018-05-04, 24.9900, 24.9900, 24.9900, 24.9900, 208
2018-05-07, 24.9900, 24.9900, 24.9745, 24.9900, 981
2018-05-08, 24.9800, 25.0800, 24.9800, 25.0800, 19819
2018-05-09, 25.0400, 25.0500, 25.0400, 25.0500, 4000
2018-05-10, 25.0668, 25.0800, 25.0668, 25.0800, 8094
2018-05-11, 25.0900, 25.1100, 25.0900, 25.0932, 1237
2018-05-14, 25.0979, 25.1000, 25.0830, 25.0972, 3349
2018-05-15, 25.0100, 25.0300, 25.0100, 25.0200, 10903
2018-05-16, 25.0200, 25.0300, 25.0000, 25.0300, 2547
2018-05-17, 25.0200, 25.0300, 25.0141, 25.0300, 22226
2018-05-18, 25.0300, 25.0400, 25.0300, 25.0400, 2149
2018-05-21, 25.0200, 25.0200, 25.0100, 25.0200, 1939
2018-05-22, 25.0400, 25.0400, 25.0200, 25.0400, 34376
2018-05-23, 25.0800, 25.0800, 25.0800, 25.0800, 428
2018-05-24, 25.1217, 25.1217, 25.1133, 25.1133, 584
2018-05-25, 25.1500, 25.1500, 25.1500, 25.1500, 1274
2018-05-29, 25.2100, 25.2300, 25.2000, 25.2300, 5302
2018-05-30, 25.2000, 25.2100, 25.1470, 25.1900, 13794
2018-05-31, 25.1765, 25.2200, 25.1765, 25.2200, 1430
2018-06-01, 25.0900, 25.1400, 25.0900, 25.1400, 2066
2018-06-04, 25.1000, 25.1100, 25.1000, 25.1100, 785
2018-06-05, 25.1550, 25.1700, 25.1550, 25.1700, 1189
2018-06-06, 25.1400, 25.1400, 25.1200, 25.1300, 1957
2018-06-07, 25.1500, 25.1700, 25.1500, 25.1700, 1597
2018-06-08, 25.1700, 25.1700, 25.1700, 25.1700, 49
2018-06-11, 25.1500, 25.1500, 25.1100, 25.1100, 2422
2018-06-12, 25.1500, 25.1500, 25.1500, 25.1500, 199
2018-06-13, 25.1600, 25.1700, 25.1375, 25.1500, 2951
2018-06-14, 25.1599, 25.1750, 25.1599, 25.1698, 2424
2018-06-15, 25.1599, 25.1700, 25.1564, 25.1700, 2946
2018-06-18, 25.1800, 25.1800, 25.1800, 25.1800, 1200
2018-06-19, 25.1971, 25.2100, 25.1895, 25.2100, 5655
2018-06-20, 25.1800, 25.1800, 25.1630, 25.1699, 3342
2018-06-21, 25.2050, 25.2100, 25.1932, 25.2100, 5378
2018-06-22, 25.2100, 25.2100, 25.2100, 25.2100, 116
2018-06-25, 25.2000, 25.2000, 25.1500, 25.1990, 2439
2018-06-26, 25.1800, 25.1800, 25.1520, 25.1520, 9643
2018-06-27, 25.1800, 25.2113, 25.1800, 25.2113, 3377
2018-06-28, 25.1700, 25.1700, 25.1500, 25.1565, 20585
2018-06-29, 25.1400, 25.2000, 25.1400, 25.2000, 3358
2018-07-02, 25.1600, 25.1600, 25.1600, 25.1600, 1024
2018-07-03, 25.1900, 25.2000, 25.1780, 25.2000, 12441
2018-07-05, 25.2000, 25.2000, 25.2000, 25.2000, 1493
2018-07-06, 25.2200, 25.2200, 25.2079, 25.2100, 3989
2018-07-09, 25.2000, 25.2000, 25.1925, 25.1925, 1266
2018-07-10, 25.1904, 25.2000, 25.1787, 25.1787, 8114
2018-07-11, 25.1787, 25.1787, 25.1787, 25.1787, 73
2018-07-12, 25.2700, 25.2700, 25.2690, 25.2690, 651
2018-07-13, 25.2800, 25.2900, 25.2672, 25.2900, 185216
2018-07-16, 25.2400, 25.2400, 25.2400, 25.2400, 365
2018-07-17, 25.2799, 25.2900, 25.2799, 25.2900, 6340
2018-07-18, 25.3199, 25.3200, 25.3065, 25.3200, 2443
2018-07-19, 25.3380, 25.3500, 25.3237, 25.3500, 4915
2018-07-20, 25.2750, 25.3030, 25.2750, 25.3030, 844
2018-07-23, 25.3000, 25.3000, 25.2563, 25.2700, 5807
2018-07-24, 25.2628, 25.2800, 25.2628, 25.2800, 433
2018-07-25, 25.3300, 25.3300, 25.2805, 25.2900, 7355
2018-07-26, 25.2930, 25.3100, 25.2930, 25.2999, 828
2018-07-27, 25.2999, 25.2999, 25.2900, 25.2999, 978
2018-07-30, 25.2900, 25.2900, 25.2620, 25.2620, 392
2018-07-31, 25.3100, 25.3100, 25.2716, 25.2716, 1183
2018-08-01, 25.2300, 25.2300, 25.2200, 25.2300, 679
2018-08-02, 25.2500, 25.2500, 25.1900, 25.2500, 1855
2018-08-03, 25.2300, 25.2350, 25.2300, 25.2350, 302
2018-08-06, 25.2400, 25.2400, 25.2330, 25.2330, 1230
2018-08-07, 25.2140, 25.2168, 25.2140, 25.2168, 1240
2018-08-08, 25.2500, 25.2500, 25.2000, 25.2200, 634
2018-08-09, 25.2100, 25.2100, 25.2100, 25.2100, 7009
2018-08-10, 25.2600, 25.2600, 25.2600, 25.2600, 400
2018-08-13, 25.2600, 25.2600, 25.2514, 25.2514, 1396
2018-08-14, 25.2700, 25.2700, 25.2280, 25.2700, 5429
2018-08-15, 25.2915, 25.3000, 25.2900, 25.3000, 2109
2018-08-16, 25.2900, 25.3100, 25.2500, 25.2500, 19945
2018-08-17, 25.2990, 25.3000, 25.2510, 25.2689, 4738
2018-08-20, 25.2987, 25.3100, 25.2610, 25.3100, 5295
2018-08-21, 25.3300, 25.3300, 25.2961, 25.3000, 21124
2018-08-22, 25.3200, 25.3200, 25.2941, 25.2941, 856
2018-08-23, 25.2800, 25.3100, 25.2800, 25.3100, 11209
2018-08-24, 25.2800, 25.2900, 25.2800, 25.2900, 1044
2018-08-27, 25.3100, 25.3100, 25.2501, 25.2999, 3395
2018-08-28, 25.2900, 25.3000, 25.2500, 25.2800, 42687
2018-08-29, 25.2633, 25.2731, 25.2200, 25.2651, 2595
2018-08-30, 25.2651, 25.2651, 25.2651, 25.2651, 0
2018-08-31, 25.2900, 25.2900, 25.2900, 25.2900, 522
2018-09-04, 25.2100, 25.2300, 25.2100, 25.2300, 7918
2018-09-05, 25.2000, 25.2000, 25.1900, 25.1900, 6064
2018-09-06, 25.2099, 25.2100, 25.2099, 25.2100, 2536
2018-09-07, 25.1368, 25.1368, 25.0948, 25.1300, 1954
2018-09-10, 25.1203, 25.1300, 25.1000, 25.1000, 8220
2018-09-11, 25.1200, 25.1300, 25.1000, 25.1155, 38768
2018-09-12, 25.1300, 25.1400, 25.1063, 25.1200, 24503
2018-09-13, 25.1161, 25.1300, 25.1000, 25.1300, 44805
2018-09-14, 25.1000, 25.1100, 25.0400, 25.0400, 34405
2018-09-17, 25.0400, 25.1000, 25.0300, 25.0300, 6307
2018-09-18, 25.0690, 25.0700, 25.0690, 25.0700, 7283
2018-09-19, 25.0000, 25.0500, 25.0000, 25.0500, 10931
2018-09-20, 25.0231, 25.0400, 25.0001, 25.0400, 3350
2018-09-21, 25.0500, 25.0600, 25.0000, 25.0000, 3986
2018-09-24, 25.0300, 25.0300, 25.0200, 25.0255, 3197
2018-09-25, 25.0300, 25.0300, 24.9500, 25.0200, 9099
2018-09-26, 25.0400, 25.0500, 25.0085, 25.0500, 31529
2018-09-27, 25.0500, 25.0600, 25.0500, 25.0600, 11602
2018-09-28, 25.0599, 25.0600, 25.0290, 25.0290, 6600
2018-10-01, 24.9800, 24.9800, 24.9800, 24.9800, 22100
2018-10-02, 25.0100, 25.0100, 24.9500, 24.9500, 2517
2018-10-03, 24.9925, 24.9925, 24.9500, 24.9500, 13930
2018-10-04, 24.9143, 24.9143, 24.9143, 24.9143, 161
2018-10-05, 24.9300, 24.9300, 24.8600, 24.9100, 13205
2018-10-08, 24.9069, 24.9069, 24.9069, 24.9069, 1314
2018-10-09, 24.8896, 24.9000, 24.8400, 24.8900, 12404
2018-10-10, 24.8900, 24.9000, 24.8897, 24.9000, 10136
2018-10-11, 24.9000, 24.9181, 24.9000, 24.9181, 36317
2018-10-12, 24.9181, 24.9181, 24.9181, 24.9181, 0
2018-10-15, 24.8400, 24.9200, 24.8400, 24.8400, 25091
2018-10-16, 24.9000, 24.9000, 24.8500, 24.8542, 3465
2018-10-17, 24.8998, 24.9100, 24.8998, 24.9100, 2928
2018-10-18, 24.9200, 24.9200, 24.8700, 24.8700, 4595
2018-10-19, 24.9100, 24.9100, 24.8565, 24.8900, 601
2018-10-22, 24.9200, 24.9300, 24.8897, 24.9200, 20892
2018-10-23, 24.9347, 24.9500, 24.9254, 24.9400, 14519
2018-10-24, 24.9790, 24.9800, 24.9505, 24.9505, 7189
2018-10-25, 24.9900, 24.9900, 24.9422, 24.9700, 12292
2018-10-26, 25.0000, 25.0100, 24.9600, 24.9900, 55591
2018-10-29, 24.9547, 24.9700, 24.9400, 24.9400, 1294
2018-10-30, 24.9439, 24.9600, 24.9371, 24.9599, 12063
2018-10-31, 24.9007, 24.9144, 24.9001, 24.9001, 1758
2018-11-01, 24.8553, 24.8799, 24.8553, 24.8602, 885
2018-11-02, 24.8800, 24.8800, 24.8299, 24.8400, 20842
2018-11-05, 24.8400, 24.8500, 24.8400, 24.8500, 703
2018-11-06, 24.8390, 24.8390, 24.8300, 24.8300, 1392
2018-11-07, 24.8836, 24.8980, 24.8836, 24.8858, 4284
2018-11-08, 24.8800, 24.9000, 24.8401, 24.8525, 22286
2018-11-09, 24.8700, 24.9235, 24.8700, 24.8963, 1186
