2017-08-21, 0.5000, 0.5500, 0.4000, 0.4500, 79700
2017-08-22, 0.4500, 0.4600, 0.4200, 0.4500, 373805
2017-08-23, 0.4500, 0.4500, 0.4300, 0.4500, 80700
2017-08-24, 0.4400, 0.4400, 0.3700, 0.4274, 8000
2017-08-25, 0.4400, 0.4400, 0.4400, 0.4400, 25000
2017-08-28, 0.4300, 0.4400, 0.4000, 0.4400, 19950
2017-08-29, 0.4300, 0.4400, 0.4000, 0.4150, 130900
2017-08-30, 0.4200, 0.4200, 0.4150, 0.4150, 49700
2017-08-31, 0.4210, 0.4210, 0.4200, 0.4200, 91200
2017-09-01, 0.4200, 0.4200, 0.4100, 0.4100, 20705
2017-09-05, 0.4000, 0.4200, 0.4000, 0.4200, 15700
2017-09-06, 0.4100, 0.4100, 0.4100, 0.4100, 100
2017-09-07, 0.4100, 0.4100, 0.4000, 0.4100, 625700
2017-09-08, 0.4000, 0.4050, 0.4000, 0.4050, 200
2017-09-11, 0.3900, 0.4050, 0.3900, 0.3940, 271506
2017-09-12, 0.4100, 0.4100, 0.4100, 0.4100, 100
2017-09-13, 0.3900, 0.3900, 0.3900, 0.3900, 100
2017-09-14, 0.4000, 0.4200, 0.4000, 0.4200, 4600
2017-09-15, 0.4000, 0.4000, 0.3700, 0.3700, 68200
2017-09-18, 0.3800, 0.3800, 0.3800, 0.3800, 100
2017-09-19, 0.3800, 0.4000, 0.3800, 0.3800, 134800
2017-09-21, 0.3800, 0.4000, 0.3800, 0.4000, 75300
2017-09-22, 0.4000, 0.4100, 0.4000, 0.4100, 31000
2017-09-25, 0.3900, 0.4000, 0.3900, 0.4000, 6000
2017-09-26, 0.4100, 0.4100, 0.4100, 0.4100, 200
2017-09-27, 0.4200, 0.4200, 0.4000, 0.4200, 5000
2017-09-28, 0.4150, 0.4150, 0.4100, 0.4150, 7700
2017-09-29, 0.4150, 0.4200, 0.4000, 0.4000, 207818
2017-10-03, 0.3900, 0.3900, 0.3900, 0.3900, 1000
2017-10-04, 0.4000, 0.4200, 0.4000, 0.4150, 28500
2017-10-05, 0.4150, 0.4200, 0.4150, 0.4200, 19500
2017-10-06, 0.4000, 0.4000, 0.4000, 0.4000, 11100
2017-10-09, 0.4000, 0.4000, 0.4000, 0.4000, 100
2017-10-10, 0.4000, 0.4400, 0.4000, 0.4300, 264450
2017-10-11, 0.4000, 0.4300, 0.4000, 0.4300, 109600
2017-10-13, 0.4300, 0.4300, 0.4300, 0.4300, 1000
2017-10-17, 0.4000, 0.4000, 0.4000, 0.4000, 50000
2017-10-19, 0.4200, 0.4200, 0.4010, 0.4010, 111250
2017-10-20, 0.4000, 0.4000, 0.3900, 0.3999, 29000
2017-10-24, 0.4000, 0.4000, 0.4000, 0.4000, 12800
2017-10-27, 0.4000, 0.4309, 0.4000, 0.4000, 46600
2017-10-31, 0.4000, 0.4000, 0.4000, 0.4000, 100
2017-11-01, 0.4000, 0.4000, 0.4000, 0.4000, 313100
2017-11-02, 0.4000, 0.4100, 0.4000, 0.4000, 62900
2017-11-03, 0.4000, 0.4000, 0.4000, 0.4000, 11500
2017-11-06, 0.4000, 0.4000, 0.4000, 0.4000, 900
2017-11-07, 0.4005, 0.4005, 0.4000, 0.4000, 4600
2017-11-08, 0.4000, 0.4000, 0.3950, 0.3950, 36770
2017-11-09, 0.4000, 0.4000, 0.3950, 0.3950, 10000
2017-11-10, 0.4000, 0.4000, 0.3600, 0.4000, 110000
2017-11-13, 0.3801, 0.3900, 0.3800, 0.3800, 72309
2017-11-14, 0.4000, 0.4000, 0.3920, 0.3950, 78321
2017-11-17, 0.3800, 0.3800, 0.3800, 0.3800, 46291
2017-11-20, 0.3900, 0.3900, 0.3750, 0.3750, 5400
2017-11-21, 0.3775, 0.3800, 0.3701, 0.3701, 32500
2017-11-27, 0.3660, 0.3900, 0.3600, 0.3850, 58479
2017-11-28, 0.3700, 0.3900, 0.3700, 0.3700, 97300
2017-11-29, 0.3611, 0.3750, 0.3611, 0.3700, 6650
2017-11-30, 0.3610, 0.4000, 0.3610, 0.4000, 30300
2017-12-04, 0.4000, 0.4000, 0.4000, 0.4000, 200
2017-12-05, 0.4000, 0.4100, 0.4000, 0.4000, 10010
2017-12-06, 0.4100, 0.4550, 0.4100, 0.4500, 5000
2017-12-13, 0.4300, 0.4300, 0.4300, 0.4300, 3500
2017-12-21, 0.4000, 0.4300, 0.4000, 0.4300, 26200
2017-12-27, 0.4175, 0.4175, 0.4050, 0.4050, 600
2017-12-29, 0.4209, 0.4209, 0.4209, 0.4209, 1000
2018-01-02, 0.4300, 0.4300, 0.4200, 0.4200, 10300
2018-01-03, 0.4000, 0.4000, 0.4000, 0.4000, 227822
2018-01-04, 0.4000, 0.4000, 0.4000, 0.4000, 47800
2018-01-05, 0.4400, 0.4400, 0.4400, 0.4400, 1000
2018-01-08, 0.4300, 0.4300, 0.4300, 0.4300, 10000
2018-01-10, 0.4300, 0.4300, 0.4300, 0.4300, 22
2018-01-11, 0.4500, 0.4500, 0.4500, 0.4500, 82500
2018-01-12, 0.4200, 0.4200, 0.4200, 0.4200, 47000
2018-01-17, 0.4000, 0.4200, 0.4000, 0.4200, 59878
2018-01-19, 0.4500, 0.5500, 0.4500, 0.5400, 96390
2018-01-22, 0.6920, 0.9399, 0.4999, 0.5683, 7060
2018-01-23, 0.6699, 0.6699, 0.4999, 0.4999, 13300
2018-01-24, 0.5999, 0.5999, 0.5498, 0.5498, 1130
2018-01-25, 0.5000, 0.5498, 0.4600, 0.4800, 511822
2018-01-26, 0.5498, 0.5500, 0.4800, 0.4999, 4400
2018-01-29, 0.4600, 0.4900, 0.4400, 0.4400, 300
2018-01-30, 0.4900, 0.4900, 0.4800, 0.4800, 400
2018-01-31, 0.5334, 0.5500, 0.4800, 0.4800, 1600
2018-02-01, 0.4999, 0.5000, 0.4999, 0.4999, 1900
2018-02-02, 0.4800, 0.4800, 0.4800, 0.4800, 1900
2018-02-05, 0.5050, 0.5050, 0.4700, 0.4700, 1300
2018-02-06, 0.5500, 0.6000, 0.5499, 0.6000, 50011
2018-02-08, 0.4800, 0.5900, 0.4700, 0.5799, 3589
2018-02-09, 0.5700, 0.5998, 0.5700, 0.5700, 3989
2018-02-13, 0.5998, 0.5998, 0.5698, 0.5698, 2700
2018-02-14, 0.5799, 0.5998, 0.5200, 0.5500, 74557
2018-02-15, 0.5799, 0.5900, 0.5000, 0.5900, 7682
2018-02-20, 0.4308, 0.5599, 0.4210, 0.5598, 3600
2018-02-21, 0.5599, 0.5599, 0.5598, 0.5598, 400
2018-02-23, 0.5400, 0.5500, 0.5300, 0.5500, 300
2018-02-26, 0.5500, 0.5500, 0.5500, 0.5500, 5100
2018-02-27, 0.5000, 0.6000, 0.5000, 0.6000, 145900
2018-02-28, 0.5500, 0.6000, 0.5500, 0.5900, 526840
2018-03-05, 0.6080, 0.6080, 0.6080, 0.6080, 500
2018-03-06, 0.6080, 0.6080, 0.5900, 0.6080, 100291
2018-03-07, 0.5900, 0.6080, 0.5900, 0.6080, 200100
2018-03-09, 0.5900, 0.6090, 0.5900, 0.6090, 121100
2018-03-12, 0.6000, 0.6000, 0.6000, 0.6000, 21000
2018-03-13, 0.6000, 0.6098, 0.5999, 0.6048, 286700
2018-03-14, 0.6098, 0.6098, 0.6098, 0.6098, 100
2018-03-15, 0.5800, 0.7755, 0.5800, 0.6199, 306200
2018-03-16, 0.6200, 0.6200, 0.6000, 0.6000, 17300
2018-03-19, 0.6699, 0.6699, 0.5923, 0.6190, 6800
2018-03-20, 0.5900, 0.6400, 0.5900, 0.6399, 300
2018-03-21, 0.5800, 0.6399, 0.5699, 0.6099, 10100
2018-03-22, 0.6199, 0.6200, 0.5700, 0.6099, 222500
2018-03-23, 0.6099, 0.6099, 0.5700, 0.6000, 2300
2018-03-26, 0.6000, 0.6000, 0.5700, 0.6000, 64786
2018-03-28, 0.5800, 0.6399, 0.5800, 0.5900, 212500
2018-03-29, 0.5900, 0.5900, 0.5400, 0.5475, 16300
2018-04-02, 0.5800, 0.6000, 0.5600, 0.5900, 10186
2018-04-04, 0.6399, 0.6399, 0.6100, 0.6199, 400
2018-04-06, 0.5842, 0.5900, 0.5842, 0.5900, 5000
2018-04-09, 0.5857, 0.5857, 0.5857, 0.5857, 100
2018-04-10, 0.5900, 0.5900, 0.5890, 0.5890, 200
2018-04-11, 0.6000, 0.6000, 0.6000, 0.6000, 100
2018-04-16, 0.5900, 0.6000, 0.5800, 0.5800, 327795
2018-04-17, 0.5500, 0.6277, 0.5500, 0.5800, 66500
2018-04-19, 0.5800, 0.5800, 0.5800, 0.5800, 133000
2018-04-20, 0.5500, 0.5500, 0.5500, 0.5500, 1000
2018-04-23, 0.5700, 0.5800, 0.5700, 0.5800, 10600
2018-04-24, 0.5900, 0.5998, 0.5899, 0.5998, 98800
2018-04-25, 0.5900, 0.5900, 0.5900, 0.5900, 400
2018-04-27, 0.5800, 0.5801, 0.5800, 0.5800, 1000
2018-05-01, 0.5700, 0.5998, 0.5700, 0.5998, 18800
2018-05-02, 0.6000, 0.6000, 0.5900, 0.5998, 626500
2018-05-03, 0.6000, 0.6000, 0.6000, 0.6000, 900
2018-05-04, 0.6000, 0.6000, 0.5800, 0.5900, 24100
2018-05-07, 0.5800, 0.5825, 0.5800, 0.5825, 14400
2018-05-08, 0.5800, 0.5800, 0.5800, 0.5800, 5000
2018-05-09, 0.5800, 0.5800, 0.5800, 0.5800, 3000
2018-05-10, 0.5800, 0.5800, 0.5800, 0.5800, 2000
2018-05-14, 0.5800, 0.5800, 0.5800, 0.5800, 2000
2018-05-21, 0.6299, 0.6299, 0.6299, 0.6299, 200
2018-05-22, 0.6100, 0.6200, 0.5900, 0.6100, 1700
2018-05-23, 0.6046, 0.6198, 0.6000, 0.6000, 23100
2018-05-25, 0.5900, 0.6000, 0.5900, 0.6000, 200100
2018-05-29, 0.5800, 0.5800, 0.5800, 0.5800, 100
2018-05-30, 0.6490, 0.6490, 0.6299, 0.6299, 400
2018-05-31, 0.6200, 0.6200, 0.5800, 0.6199, 138100
2018-06-12, 0.5500, 0.6200, 0.4340, 0.5800, 26300
2018-06-13, 0.5501, 0.6000, 0.5500, 0.6000, 3300
2018-06-14, 0.5800, 0.5800, 0.5800, 0.5800, 100
2018-06-19, 0.5800, 0.6000, 0.5500, 0.6000, 162100
2018-06-25, 0.5900, 0.5900, 0.5800, 0.5800, 135869
2018-06-26, 0.5700, 0.6200, 0.5400, 0.5400, 5302
2018-06-27, 0.5400, 0.6200, 0.5000, 0.5100, 64832
2018-06-28, 0.6100, 0.6100, 0.6000, 0.6000, 200301
2018-07-02, 0.7000, 0.7000, 0.6200, 0.6200, 600
2018-07-03, 0.6200, 0.6330, 0.6100, 0.6100, 329195
2018-07-06, 0.6200, 0.6849, 0.6100, 0.6100, 8200
2018-07-09, 0.7000, 0.7400, 0.6300, 0.6500, 35100
2018-07-10, 0.7490, 0.7490, 0.6800, 0.6800, 700
2018-07-27, 0.6500, 0.6600, 0.6400, 0.6600, 500
2018-07-30, 0.6400, 0.6400, 0.6400, 0.6400, 100
2018-08-13, 0.6400, 0.6400, 0.6000, 0.6000, 6200
2018-08-14, 0.6400, 0.6400, 0.6400, 0.6400, 100
2018-08-16, 0.6400, 0.6400, 0.6400, 0.6400, 3000
2018-08-24, 0.6789, 0.6789, 0.6789, 0.6789, 100
2018-08-27, 0.6789, 0.6789, 0.6789, 0.6789, 10
2018-08-29, 0.6400, 0.6600, 0.5199, 0.6600, 8530
2018-08-30, 0.6600, 0.6600, 0.6000, 0.6400, 50200
2018-08-31, 0.6000, 0.6000, 0.6000, 0.6000, 180000
2018-09-04, 0.5900, 0.6417, 0.5900, 0.6400, 38000
2018-09-05, 0.6400, 0.6800, 0.6300, 0.6400, 29010
2018-09-06, 0.6400, 0.6400, 0.6000, 0.6000, 97900
2018-09-07, 0.6400, 0.6415, 0.6400, 0.6415, 492300
2018-09-10, 0.8510, 0.9304, 0.8500, 0.9200, 5282132
2018-09-11, 0.9399, 0.9500, 0.9100, 0.9300, 174825
2018-09-12, 1.0900, 1.0900, 0.9001, 0.9400, 37001
2018-09-13, 0.9100, 1.0000, 0.9000, 0.9500, 132845
2018-09-14, 0.9500, 0.9500, 0.9500, 0.9500, 1000
2018-09-17, 0.9700, 1.0000, 0.9500, 0.9500, 17400
2018-09-18, 0.9500, 0.9500, 0.9400, 0.9400, 5600
2018-09-19, 0.9400, 1.0000, 0.9400, 0.9800, 25400
2018-09-20, 0.9900, 0.9900, 0.9400, 0.9700, 110654
2018-09-21, 0.9900, 0.9900, 0.9500, 0.9600, 490403
2018-09-24, 0.9500, 0.9500, 0.9100, 0.9500, 169100
2018-09-25, 0.9500, 0.9599, 0.9400, 0.9400, 114100
2018-09-26, 0.9400, 0.9400, 0.9200, 0.9300, 22900
2018-09-27, 0.9400, 0.9400, 0.9200, 0.9400, 453400
2018-09-28, 0.9400, 1.0000, 0.9000, 1.0000, 892850
2018-10-01, 1.0000, 1.0400, 0.9900, 1.0000, 496199
2018-10-02, 1.0400, 1.0400, 1.0000, 1.0000, 27000
2018-10-03, 1.0400, 1.0500, 1.0000, 1.0300, 117600
2018-10-04, 1.0400, 1.0500, 1.0300, 1.0400, 73100
2018-10-05, 1.0400, 1.0400, 1.0300, 1.0400, 110200
2018-10-08, 1.0400, 1.0400, 1.0300, 1.0400, 30100
2018-10-09, 1.0400, 1.0400, 1.0300, 1.0300, 93300
2018-10-10, 1.0300, 1.0300, 1.0200, 1.0200, 4900
2018-10-11, 1.0200, 1.0200, 0.9890, 0.9900, 112600
2018-10-12, 1.0300, 1.0300, 0.9800, 1.0000, 165800
2018-10-15, 1.0100, 1.0100, 0.9320, 0.9800, 208700
2018-10-16, 0.9800, 0.9900, 0.9600, 0.9900, 30100
2018-10-17, 1.0200, 1.0200, 0.9400, 0.9800, 154000
2018-10-18, 0.9500, 1.0200, 0.9500, 0.9600, 28200
2018-10-19, 0.9500, 0.9500, 0.9500, 0.9500, 577296
2018-10-23, 0.9400, 0.9400, 0.8900, 0.9299, 89453
2018-10-24, 0.9400, 0.9400, 0.9300, 0.9300, 300
2018-10-25, 0.9300, 0.9300, 0.7800, 0.9200, 37100
2018-10-26, 0.9400, 0.9400, 0.9400, 0.9400, 200
2018-10-29, 0.9400, 0.9400, 0.8800, 0.9300, 33000
2018-10-31, 0.9445, 0.9500, 0.8800, 0.8900, 103300
2018-11-01, 0.9400, 0.9487, 0.8700, 0.8700, 73702
2018-11-02, 0.9400, 0.9400, 0.8500, 0.8600, 23902
2018-11-05, 0.9400, 0.9400, 0.7000, 0.8500, 71600
2018-11-06, 0.8600, 0.8700, 0.8500, 0.8700, 5300
2018-11-07, 0.8600, 0.9000, 0.8500, 0.9000, 141941
2018-11-08, 0.8900, 0.8900, 0.8250, 0.8700, 28000
2018-11-09, 0.8600, 0.8700, 0.8600, 0.8700, 200
