2015-04-09, 25.5600, 25.7400, 25.5300, 25.7399, 72004
2015-04-10, 25.7300, 25.7400, 25.5800, 25.7000, 42385
2015-04-13, 25.6300, 25.6600, 25.5600, 25.5700, 29291
2015-04-14, 25.7000, 25.7000, 25.4700, 25.6300, 26776
2015-04-15, 25.7500, 25.7500, 25.5900, 25.6500, 44574
2015-04-16, 25.6100, 25.6500, 25.5922, 25.6300, 62028
2015-04-17, 25.5500, 25.5500, 25.3399, 25.3800, 31927
2015-04-20, 25.5600, 25.6100, 25.5600, 25.5730, 2466
2015-04-21, 26.0101, 26.0500, 25.9600, 25.9904, 29044
2015-04-22, 26.1300, 26.2675, 26.0600, 26.1700, 10212
2015-04-23, 26.1600, 26.1900, 26.1300, 26.1700, 21128
2015-04-24, 26.2100, 26.2100, 26.0900, 26.1200, 17394
2015-04-27, 26.3700, 26.3700, 26.1200, 26.1300, 9022
2015-04-28, 26.3200, 26.3200, 26.0700, 26.0750, 18674
2015-04-29, 26.0000, 26.0400, 25.6600, 25.9090, 21474
2015-04-30, 25.4700, 25.5200, 25.3000, 25.3000, 37581
2015-05-01, 25.5900, 25.8100, 25.5500, 25.7300, 35940
2015-05-04, 25.8600, 25.9100, 25.7900, 25.8800, 11205
2015-05-05, 25.8000, 25.8000, 25.3100, 25.3500, 6398
2015-05-06, 25.1982, 25.2900, 25.1982, 25.2900, 2250
2015-05-07, 25.2400, 25.3900, 25.2400, 25.3500, 12250
2015-05-08, 25.6100, 25.8600, 25.6100, 25.8300, 32155
2015-05-11, 25.6499, 25.6599, 25.6499, 25.6599, 1100
2015-05-12, 25.4699, 25.5099, 25.4699, 25.4970, 476
2015-05-13, 25.5500, 25.5900, 25.5199, 25.5199, 4010
2015-05-14, 25.6100, 25.6301, 25.6100, 25.6301, 200
2015-05-15, 25.9100, 25.9900, 25.8560, 25.9000, 12701
2015-05-18, 26.2000, 26.2500, 26.1532, 26.2470, 10260
2015-05-19, 26.3600, 26.4900, 26.3600, 26.4300, 10472
2015-05-20, 26.4400, 26.5300, 26.3982, 26.5200, 7370
2015-05-21, 26.4600, 26.5500, 26.4300, 26.5500, 28248
2015-05-22, 26.5900, 26.6599, 26.5874, 26.6599, 6297
2015-05-26, 26.7100, 26.7100, 26.4969, 26.5900, 6870
2015-05-27, 26.9000, 26.9000, 26.7898, 26.8400, 8841
2015-05-28, 26.8000, 26.8000, 26.5900, 26.7400, 23358
2015-05-29, 26.5800, 26.5800, 26.4490, 26.4880, 11206
2015-06-01, 26.7500, 26.8580, 26.7500, 26.8361, 3986
2015-06-02, 26.8200, 26.8200, 26.6300, 26.6500, 3113
2015-06-03, 26.8400, 26.8500, 26.7300, 26.8000, 4465
2015-06-04, 26.7100, 26.7100, 26.5701, 26.5852, 4050
2015-06-05, 26.7200, 26.8000, 26.7000, 26.7330, 4159
2015-06-08, 26.5100, 26.5100, 26.3302, 26.3700, 3885
2015-06-09, 26.0690, 26.1917, 26.0600, 26.1300, 13980
2015-06-10, 26.1500, 26.2700, 26.1090, 26.1700, 3024
2015-06-11, 26.4600, 26.5100, 26.4100, 26.4400, 8900
2015-06-12, 26.2600, 26.3000, 26.2590, 26.3000, 2124
2015-06-15, 26.2828, 26.3230, 26.2828, 26.3230, 400
2015-06-16, 26.2503, 26.2503, 26.2503, 26.2503, 100
2015-06-17, 26.2100, 26.3400, 26.0900, 26.1500, 11440
2015-06-18, 25.9500, 26.1500, 25.8900, 26.1200, 9500
2015-06-19, 26.1100, 26.1800, 26.1100, 26.1300, 600
2015-06-22, 26.5000, 26.6900, 26.5000, 26.6200, 19027
2015-06-23, 26.8100, 26.8710, 26.7800, 26.8710, 37887
2015-06-24, 26.7460, 26.7460, 26.6901, 26.7107, 2160
2015-06-25, 26.7500, 26.7500, 26.6099, 26.6099, 2182
2015-06-26, 26.7500, 26.7500, 26.6940, 26.6940, 337
2015-06-29, 26.2200, 26.2200, 25.9003, 25.9011, 4306
2015-06-30, 26.1800, 26.1800, 25.9100, 25.9800, 10344
2015-07-01, 26.2600, 26.2600, 26.2600, 26.2600, 242
2015-07-02, 26.2600, 26.2600, 26.2600, 26.2600, 161
2015-07-06, 25.9200, 26.1590, 25.9200, 26.0500, 2036
2015-07-07, 25.7100, 25.9500, 25.6600, 25.9500, 26843
2015-07-08, 25.3800, 25.3800, 24.5999, 24.6400, 47118
2015-07-09, 25.0700, 25.1500, 24.9600, 24.9600, 5517
2015-07-10, 24.9600, 24.9600, 24.9600, 24.9600, 216
2015-07-13, 26.0126, 26.1100, 26.0126, 26.0800, 15447
2015-07-14, 26.0800, 26.2300, 26.0799, 26.2300, 2037
2015-07-15, 26.2900, 26.2900, 26.2601, 26.2601, 200
2015-07-16, 26.4400, 26.4400, 26.4400, 26.4400, 248
2015-07-17, 26.4400, 26.4400, 26.4400, 26.4400, 3
2015-07-20, 26.7000, 26.7000, 26.5799, 26.6100, 2984
2015-07-21, 26.4700, 26.4700, 26.2800, 26.3400, 2717
2015-07-22, 26.3305, 26.3305, 26.2980, 26.2980, 1220
2015-07-23, 26.3178, 26.3178, 26.2241, 26.2241, 7581
2015-07-24, 26.2400, 26.2400, 25.9700, 25.9700, 4700
2015-07-27, 25.8000, 25.8000, 25.6800, 25.6800, 7045
2015-07-28, 25.8300, 25.9300, 25.8100, 25.8900, 8936
2015-07-29, 26.0300, 26.2700, 26.0080, 26.2699, 8177
2015-07-30, 26.2700, 26.3100, 26.2700, 26.3100, 11382
2015-07-31, 26.4100, 26.4100, 26.3000, 26.3600, 2363
2015-08-03, 26.4500, 26.4900, 26.3700, 26.4800, 10781
2015-08-04, 26.3299, 26.3300, 26.3295, 26.3300, 848
2015-08-05, 26.6260, 26.6803, 26.6260, 26.6803, 1886
2015-08-06, 26.7200, 26.7200, 26.5500, 26.6000, 79006
2015-08-07, 26.7100, 26.7100, 26.5400, 26.6100, 33200
2015-08-10, 27.0499, 27.0900, 27.0100, 27.0500, 37626
2015-08-11, 26.7001, 26.8000, 26.7001, 26.8000, 14265
2015-08-12, 26.1892, 26.4759, 26.1892, 26.4759, 1280
2015-08-13, 26.5700, 26.5800, 26.5700, 26.5800, 3760
2015-08-14, 26.5500, 26.6500, 26.5200, 26.6200, 3195
2015-08-17, 26.6400, 26.6968, 26.6374, 26.6968, 1553
2015-08-18, 26.4999, 26.4999, 26.4800, 26.4800, 2507
2015-08-19, 26.2800, 26.3500, 26.0600, 26.0600, 34379
2015-08-20, 25.5900, 25.5900, 25.2100, 25.2100, 1249
2015-08-21, 24.8600, 25.0301, 24.2900, 24.2900, 9065
2015-08-24, 21.6400, 23.2300, 21.5001, 22.8950, 35106
2015-08-25, 23.6500, 23.7100, 22.9700, 23.0000, 11873
2015-08-26, 23.2800, 23.8900, 23.2800, 23.8900, 8887
2015-08-27, 24.1200, 24.5800, 24.1200, 24.5300, 6432
2015-08-28, 24.5500, 24.7400, 24.5500, 24.7300, 3067
2015-08-31, 24.2799, 24.2799, 24.2799, 24.2799, 436
2015-09-01, 23.4750, 23.4750, 22.8430, 22.8600, 6595
2015-09-02, 23.4600, 23.5100, 23.2500, 23.4581, 8585
2015-09-03, 23.6900, 23.6900, 23.6000, 23.6000, 33133
2015-09-04, 22.9100, 22.9400, 22.6400, 22.8523, 8042
2015-09-08, 23.3400, 23.4800, 23.2600, 23.4800, 7125
2015-09-09, 24.0000, 24.0000, 23.5501, 23.5501, 18423
2015-09-10, 23.6500, 23.6500, 23.5100, 23.5400, 3379
2015-09-11, 23.3000, 23.4800, 23.3000, 23.4800, 3397
2015-09-14, 23.1037, 23.1801, 23.1037, 23.1801, 1865
2015-09-15, 23.2300, 23.4623, 23.2200, 23.4623, 5426
2015-09-16, 23.7000, 23.7000, 23.7000, 23.7000, 100
2015-09-17, 23.7100, 23.8900, 23.5500, 23.5500, 15893
2015-09-18, 23.0000, 23.0100, 23.0000, 23.0000, 4500
2015-09-21, 23.1800, 23.1800, 23.1200, 23.1390, 1001
2015-09-22, 22.6200, 22.6830, 22.6100, 22.6830, 3547
2015-09-23, 22.7400, 22.8300, 22.6800, 22.7800, 3083
2015-09-24, 22.3400, 22.3400, 22.2200, 22.2599, 23908
2015-09-25, 23.2300, 23.3200, 23.0400, 23.0400, 4543
2015-09-28, 22.8000, 22.8000, 22.4000, 22.4000, 5499
2015-09-29, 22.0800, 22.1500, 22.0000, 22.1000, 18987
2015-09-30, 22.3900, 22.4900, 22.3500, 22.4900, 700
2015-10-01, 22.4900, 22.5000, 22.3943, 22.4993, 10324
2015-10-02, 22.7100, 22.8700, 22.7100, 22.8700, 1222
2015-10-05, 23.2200, 23.5400, 23.2200, 23.4800, 17100
2015-10-06, 23.4800, 23.4800, 23.4800, 23.4800, 11
2015-10-07, 23.7248, 23.7400, 23.6700, 23.7400, 2150
2015-10-08, 23.7500, 23.8700, 23.6600, 23.8200, 14315
2015-10-09, 24.0175, 24.0400, 24.0175, 24.0400, 543
2015-10-12, 24.1300, 24.1300, 23.9300, 24.0100, 16364
2015-10-13, 23.8300, 23.8300, 23.6800, 23.6800, 1200
2015-10-14, 23.5500, 23.5500, 23.2000, 23.2100, 11820
2015-10-15, 23.5800, 23.8700, 23.5800, 23.8700, 625
2015-10-16, 24.0000, 24.0000, 23.9000, 23.9400, 5232
2015-10-19, 23.9400, 23.9400, 23.9400, 23.9400, 50
2015-10-20, 23.8800, 23.8900, 23.8800, 23.8900, 5004
2015-10-21, 24.3100, 24.3100, 24.3100, 24.3100, 100
2015-10-22, 24.5300, 24.6580, 24.5300, 24.6580, 269
2015-10-23, 24.9000, 25.0800, 24.9000, 25.0800, 200
2015-10-26, 24.9600, 24.9600, 24.9400, 24.9400, 2567
2015-10-27, 24.5048, 24.5766, 24.5048, 24.5766, 3868
2015-10-28, 24.6700, 24.9500, 24.6700, 24.9500, 1511
2015-10-29, 24.7100, 24.7100, 24.6800, 24.7100, 2901
2015-10-30, 24.6700, 24.7100, 24.6000, 24.6000, 7138
2015-11-02, 24.6400, 24.6520, 24.6400, 24.6520, 700
2015-11-03, 24.8300, 24.8300, 24.7800, 24.8000, 6700
2015-11-04, 24.8100, 24.8300, 24.7400, 24.7900, 911
2015-11-05, 25.0100, 25.1200, 25.0000, 25.0900, 3201
2015-11-06, 25.1600, 25.2401, 25.1600, 25.2401, 1303
2015-11-09, 25.2500, 25.2500, 25.0780, 25.0780, 3318
2015-11-10, 25.3035, 25.3200, 25.2800, 25.2800, 2201
2015-11-11, 25.4570, 25.4570, 25.4100, 25.4100, 254
2015-11-12, 25.1800, 25.2100, 25.0900, 25.1180, 15722
2015-11-13, 25.1180, 25.1180, 25.1180, 25.1180, 0
2015-11-16, 25.2800, 25.3800, 25.2100, 25.3800, 10390
2015-11-17, 25.5000, 25.5300, 25.4700, 25.4700, 2470
2015-11-18, 25.4900, 25.5800, 25.4700, 25.5800, 1818
2015-11-19, 25.5800, 25.5800, 25.5800, 25.5800, 54
2015-11-20, 25.6000, 25.6198, 25.5999, 25.5999, 2872
2015-11-23, 25.5700, 25.6200, 25.4920, 25.5300, 3351
2015-11-24, 25.5100, 25.5700, 25.4400, 25.5600, 45131
2015-11-25, 25.5100, 25.5400, 25.5100, 25.5400, 500
2015-11-27, 25.5400, 25.5400, 25.5400, 25.5400, 0
2015-11-30, 25.3800, 25.4000, 25.3300, 25.3300, 4901
2015-12-01, 25.5200, 25.6135, 25.5200, 25.6100, 3595
2015-12-02, 25.7700, 25.7700, 25.6000, 25.6000, 1921
2015-12-03, 25.2200, 25.2200, 25.0550, 25.2000, 59448
2015-12-04, 25.2700, 25.4800, 25.2700, 25.4800, 8798
2015-12-07, 25.3800, 25.5000, 25.3800, 25.4400, 18194
2015-12-08, 25.4400, 25.4400, 25.4400, 25.4400, 0
2015-12-09, 24.4900, 24.5700, 24.4900, 24.5400, 737
2015-12-10, 24.8200, 24.8230, 24.7999, 24.8000, 2334
2015-12-11, 24.2600, 24.3700, 24.2100, 24.3300, 15402
2015-12-14, 24.4300, 24.4300, 24.1700, 24.4100, 2836
2015-12-15, 24.5400, 24.6600, 24.5300, 24.5400, 24226
2015-12-16, 25.0600, 25.2900, 25.0300, 25.2900, 1085
2015-12-17, 25.4100, 25.4100, 25.3000, 25.3000, 2305
2015-12-18, 24.6200, 24.6848, 24.6037, 24.6084, 2229
2015-12-21, 24.3734, 24.3734, 24.3734, 24.3734, 0
2015-12-22, 24.4300, 24.5800, 24.3800, 24.5300, 73025
2015-12-23, 24.8000, 24.8499, 24.7900, 24.8499, 5308
2015-12-24, 24.4600, 24.5090, 24.4600, 24.4900, 475
2015-12-28, 24.5000, 24.5500, 24.5000, 24.5301, 461
2015-12-29, 24.8800, 24.9600, 24.8800, 24.9100, 14666
2015-12-30, 24.8100, 24.8446, 24.7780, 24.8446, 3455
2015-12-31, 24.6200, 24.6200, 24.5374, 24.5400, 6131
2016-01-04, 23.8500, 24.0000, 23.8252, 23.9900, 4843
2016-01-05, 24.1100, 24.1100, 24.0200, 24.1000, 4900
2016-01-06, 23.6200, 23.6800, 23.6000, 23.6000, 5161
2016-01-07, 23.2800, 23.3230, 23.2800, 23.3230, 1786
2016-01-08, 22.7700, 22.8088, 22.5600, 22.5600, 5347
2016-01-11, 22.6500, 22.6500, 22.6500, 22.6500, 110
2016-01-12, 22.6400, 22.7800, 22.6400, 22.7800, 532
2016-01-13, 22.9400, 22.9400, 22.7000, 22.7000, 600
2016-01-14, 22.4800, 22.8500, 22.4799, 22.8500, 1543
2016-01-15, 21.9300, 22.0900, 21.9100, 21.9900, 3695
2016-01-19, 22.5600, 22.5600, 22.1620, 22.1620, 1492
2016-01-20, 21.4200, 21.4700, 21.1499, 21.4700, 8658
2016-01-21, 21.5300, 21.6400, 21.3200, 21.4600, 6935
2016-01-22, 22.5500, 22.5500, 22.5500, 22.5500, 519
2016-01-25, 22.3200, 22.3706, 22.3200, 22.3700, 2704
2016-01-26, 22.3300, 22.4699, 22.3300, 22.4103, 3320
2016-01-27, 22.8100, 22.8100, 22.4010, 22.4010, 316
2016-01-28, 22.6600, 22.6600, 22.6600, 22.6600, 201
2016-01-29, 23.4600, 23.7500, 23.4600, 23.7500, 10656
2016-02-01, 23.7700, 23.8800, 23.7200, 23.8700, 4319
2016-02-02, 23.4701, 23.4701, 23.4400, 23.4400, 1550
2016-02-03, 22.5000, 22.5600, 22.5000, 22.5600, 215
2016-02-04, 22.4000, 22.4300, 22.4000, 22.4300, 556
2016-02-05, 22.4700, 22.4700, 22.2856, 22.2856, 2483
2016-02-08, 22.0910, 22.1300, 21.9170, 21.9700, 7384
2016-02-09, 21.6200, 21.6200, 21.4525, 21.6023, 6763
2016-02-10, 21.2100, 21.4600, 20.6600, 20.7200, 13751
2016-02-11, 19.9800, 20.2440, 19.9800, 20.1700, 7919
2016-02-12, 19.9900, 20.4500, 19.9300, 20.4500, 8698
2016-02-16, 21.1220, 21.1540, 20.9700, 21.1401, 7217
2016-02-17, 21.5998, 21.6000, 21.4400, 21.4400, 2608
2016-02-18, 21.4400, 21.4400, 21.4400, 21.4400, 16
2016-02-19, 21.2501, 21.2501, 21.0900, 21.1000, 24115
2016-02-22, 21.8000, 21.8000, 21.6800, 21.6900, 2855
2016-02-23, 21.2100, 21.2100, 21.1200, 21.1200, 204
2016-02-24, 20.8200, 21.2600, 20.8200, 21.2600, 919
2016-02-25, 21.5400, 21.5400, 21.5300, 21.5300, 5124
2016-02-26, 22.0100, 22.0300, 21.9300, 21.9300, 39226
2016-02-29, 21.4912, 21.5170, 21.4400, 21.4400, 1009
2016-03-01, 21.8900, 22.1653, 21.8900, 22.1653, 3507
2016-03-02, 22.2900, 22.2900, 22.1600, 22.1600, 258
2016-03-03, 22.4724, 22.4724, 22.4460, 22.4460, 613
2016-03-04, 22.4500, 22.6900, 22.4500, 22.6810, 2505
2016-03-07, 22.2700, 22.3050, 22.2700, 22.3050, 8528
2016-03-08, 22.1000, 22.1000, 22.0100, 22.0200, 4513
2016-03-09, 22.1900, 22.2800, 22.1700, 22.2430, 4541
2016-03-10, 22.5350, 22.5350, 21.9100, 22.1499, 3226
2016-03-11, 22.5200, 22.7300, 22.5100, 22.7300, 3757
2016-03-14, 22.6200, 22.6200, 22.6100, 22.6100, 4635
2016-03-15, 22.6100, 22.6100, 22.6100, 22.6100, 11
2016-03-16, 22.4200, 22.4200, 22.4000, 22.4000, 333
2016-03-17, 22.2018, 22.2018, 22.2018, 22.2018, 581
2016-03-18, 22.2000, 22.2170, 22.1500, 22.2082, 4364
2016-03-21, 22.2476, 22.3180, 22.2476, 22.3180, 600
2016-03-22, 22.4157, 22.5400, 22.4157, 22.5200, 1726
2016-03-23, 22.5200, 22.5200, 22.5200, 22.5200, 2
2016-03-24, 22.1568, 22.2404, 22.1400, 22.2404, 1350
2016-03-28, 22.7200, 22.7603, 22.6810, 22.6910, 9600
2016-03-29, 22.6900, 22.7885, 22.6800, 22.7879, 3280
2016-03-30, 22.8000, 22.8300, 22.7900, 22.7901, 1324
2016-03-31, 22.4379, 22.4379, 22.4379, 22.4379, 251
2016-04-01, 21.7280, 21.8100, 21.7221, 21.8100, 647
2016-04-04, 21.8100, 21.8100, 21.8100, 21.8100, 102
2016-04-05, 20.9400, 21.0100, 20.9400, 20.9800, 718
2016-04-06, 21.0001, 21.0980, 20.9874, 21.0860, 803
2016-04-07, 21.0860, 21.0860, 21.0860, 21.0860, 7
2016-04-08, 21.5400, 21.5400, 21.5000, 21.5000, 9205
2016-04-11, 21.4694, 21.4694, 21.2500, 21.2600, 2343
2016-04-12, 21.5800, 21.8075, 21.5800, 21.7200, 5168
2016-04-13, 22.3100, 22.5000, 22.3100, 22.4600, 4207
2016-04-14, 22.6000, 22.6200, 22.6000, 22.6100, 5549
2016-04-15, 22.3700, 22.3815, 22.3700, 22.3815, 801
2016-04-18, 22.4900, 22.4900, 22.4900, 22.4900, 244
2016-04-19, 22.9500, 22.9599, 22.8600, 22.8800, 3421
2016-04-20, 22.9300, 23.2200, 22.9000, 23.1601, 3550
2016-04-21, 23.1601, 23.1601, 23.1601, 23.1601, 45
2016-04-22, 23.4800, 23.5899, 23.4400, 23.5781, 3372
2016-04-25, 23.0900, 23.1100, 23.0900, 23.1100, 1296
2016-04-26, 23.1801, 23.1900, 23.1800, 23.1800, 7756
2016-04-27, 23.0000, 23.1100, 23.0000, 23.0899, 2793
2016-04-28, 21.9400, 22.0900, 21.7276, 21.7276, 6294
2016-04-29, 21.1680, 21.1800, 21.1680, 21.1689, 379
2016-05-02, 21.6370, 21.6673, 21.6200, 21.6370, 1018
2016-05-03, 21.2970, 21.3690, 21.2970, 21.3399, 7251
2016-05-04, 21.2999, 21.2999, 21.2700, 21.2899, 1017
2016-05-05, 21.3932, 21.3962, 21.3901, 21.3901, 1500
2016-05-06, 21.4720, 21.6000, 21.3401, 21.5777, 4220
2016-05-09, 21.9300, 21.9300, 21.8080, 21.8399, 1017
2016-05-10, 22.2300, 22.4600, 22.2300, 22.4600, 4229
2016-05-11, 22.1070, 22.1177, 22.0000, 22.0376, 1555
2016-05-12, 22.2975, 22.3135, 22.1500, 22.2829, 3975
2016-05-13, 22.0199, 22.0199, 22.0112, 22.0185, 804
2016-05-16, 22.2470, 22.2470, 22.2200, 22.2368, 713
2016-05-17, 22.1100, 22.1100, 22.0100, 22.0100, 344
2016-05-18, 22.2433, 22.2600, 22.1701, 22.1701, 2696
2016-05-19, 22.0000, 22.0000, 21.9900, 22.0000, 12103
2016-05-20, 22.2000, 22.2000, 22.2000, 22.2000, 168
2016-05-23, 22.0101, 22.0232, 21.9525, 21.9670, 1787
2016-05-24, 22.2770, 22.2770, 22.2220, 22.2400, 2072
2016-05-25, 22.4700, 22.4760, 22.4700, 22.4760, 325
2016-05-26, 22.3000, 22.3200, 22.3000, 22.3200, 601
2016-05-27, 22.3160, 22.3999, 22.3100, 22.3701, 1300
2016-05-31, 22.7600, 22.7726, 22.5500, 22.5516, 2012
2016-06-01, 22.3480, 22.3480, 22.3000, 22.3000, 3800
2016-06-02, 22.3000, 22.3000, 22.3000, 22.3000, 0
2016-06-03, 21.6600, 21.7600, 21.6400, 21.7200, 1517
2016-06-06, 22.0900, 22.2800, 22.0800, 22.2600, 5263
2016-06-07, 22.2600, 22.2600, 22.2600, 22.2600, 0
2016-06-08, 22.3400, 22.3400, 22.3400, 22.3400, 120
2016-06-09, 22.3400, 22.3400, 22.3400, 22.3400, 3
2016-06-10, 21.7701, 21.7800, 21.7400, 21.7574, 1613
2016-06-13, 21.2900, 21.2900, 21.2500, 21.2500, 515
2016-06-14, 20.9093, 20.9093, 20.9093, 20.9093, 594
2016-06-15, 21.1900, 21.1900, 21.1000, 21.1000, 6984
2016-06-16, 20.7768, 20.7981, 20.7500, 20.7981, 493
2016-06-17, 20.7170, 20.7499, 20.6900, 20.7400, 800
2016-06-20, 21.1000, 21.1150, 20.8320, 20.8320, 1595
2016-06-21, 21.3340, 21.4275, 21.3100, 21.4100, 3906
2016-06-22, 21.1830, 21.1830, 21.0878, 21.1277, 1310
2016-06-23, 21.7359, 21.7600, 21.7100, 21.7100, 1244
2016-06-24, 20.2280, 20.4300, 20.2280, 20.3150, 2655
2016-06-27, 20.0310, 20.0310, 19.8670, 19.8800, 13726
2016-06-28, 20.4500, 20.5700, 20.4492, 20.5700, 5303
2016-06-29, 20.7800, 20.8500, 20.7400, 20.8300, 7258
2016-06-30, 20.5700, 20.7900, 20.5500, 20.7760, 5278
2016-07-01, 20.5800, 20.5971, 20.5800, 20.5970, 603
2016-07-05, 20.5670, 20.5699, 20.5360, 20.5360, 1903
2016-07-06, 20.3316, 20.4870, 20.3220, 20.4870, 1114
2016-07-07, 20.3990, 20.3990, 20.3600, 20.3600, 1886
2016-07-08, 20.4860, 20.5070, 20.4800, 20.4981, 1002
2016-07-11, 21.2200, 21.4277, 21.2200, 21.3801, 8651
2016-07-12, 21.7500, 21.8800, 21.7500, 21.8800, 4879
2016-07-13, 21.6600, 21.6600, 21.6600, 21.6600, 2750
2016-07-14, 21.8756, 21.8899, 21.8340, 21.8340, 14520
2016-07-15, 21.7100, 21.7100, 21.6801, 21.6801, 875
2016-07-18, 21.7700, 21.8800, 21.7700, 21.8800, 33996
2016-07-19, 21.7400, 21.7546, 21.6710, 21.7100, 3230
2016-07-20, 21.7100, 21.7100, 21.7100, 21.7100, 20
2016-07-21, 21.7500, 21.8500, 21.6801, 21.7100, 4670
2016-07-22, 21.8600, 21.9500, 21.8600, 21.9138, 1467
2016-07-25, 21.9138, 21.9138, 21.9138, 21.9138, 0
2016-07-26, 21.5700, 21.6099, 21.5700, 21.5950, 65595
2016-07-27, 21.9500, 21.9500, 21.8200, 21.8200, 2290
2016-07-28, 21.6100, 21.8200, 21.5580, 21.8200, 1500
2016-07-29, 21.5300, 21.5600, 21.3628, 21.3628, 6349
2016-08-01, 21.5200, 21.5400, 21.5000, 21.5300, 4315
2016-08-02, 20.9800, 20.9800, 20.9200, 20.9570, 1275
2016-08-03, 20.9500, 21.0400, 20.9500, 21.0280, 1602
2016-08-04, 21.1623, 21.1999, 21.1620, 21.1999, 1370
2016-08-05, 21.2500, 21.3734, 21.2500, 21.3560, 2935
2016-08-08, 21.5181, 21.5181, 21.5000, 21.5038, 1406
2016-08-09, 21.6800, 21.6800, 21.6800, 21.6800, 2500
2016-08-10, 21.6430, 21.6430, 21.6430, 21.6430, 273
2016-08-11, 21.7800, 21.8970, 21.7800, 21.8874, 1357
2016-08-12, 21.6600, 21.6781, 21.6600, 21.6774, 501
2016-08-15, 21.7700, 21.7700, 21.7200, 21.7200, 1033
2016-08-16, 21.7200, 21.7200, 21.7200, 21.7200, 52
2016-08-17, 21.5060, 21.5600, 21.5060, 21.5200, 500
2016-08-18, 21.3400, 21.3400, 21.2900, 21.2900, 2269
2016-08-19, 21.3000, 21.3180, 21.2960, 21.2960, 400
2016-08-22, 21.4200, 21.4200, 21.4200, 21.4200, 300
2016-08-23, 21.5100, 21.5100, 21.5055, 21.5055, 201
2016-08-24, 21.5300, 21.5308, 21.5200, 21.5308, 6141
2016-08-25, 21.4800, 21.4800, 21.4608, 21.4608, 1100
2016-08-26, 21.4608, 21.4608, 21.4608, 21.4608, 1
2016-08-29, 21.6790, 21.6900, 21.6790, 21.6800, 12352
2016-08-30, 21.8740, 21.8740, 21.8740, 21.8740, 100
2016-08-31, 21.8100, 21.8801, 21.8100, 21.8700, 7271
2016-09-01, 22.1300, 22.1300, 21.9700, 21.9900, 5642
2016-09-02, 22.1700, 22.2800, 22.1700, 22.2800, 2600
2016-09-06, 21.9700, 22.0314, 21.9700, 22.0163, 1761
2016-09-07, 22.1000, 22.1100, 22.0944, 22.1040, 2373
2016-09-08, 22.0700, 22.0700, 22.0200, 22.0200, 3367
2016-09-09, 22.0200, 22.0200, 22.0200, 22.0200, 75
2016-09-12, 22.0200, 22.0200, 22.0200, 22.0200, 6
2016-09-13, 21.6660, 21.6856, 21.6600, 21.6856, 400
2016-09-14, 21.6856, 21.6856, 21.6856, 21.6856, 2
2016-09-15, 21.5200, 21.5200, 21.5200, 21.5200, 879
2016-09-16, 21.5200, 21.5200, 21.5200, 21.5200, 62
2016-09-19, 21.3800, 21.3900, 21.3695, 21.3695, 13841
2016-09-20, 21.6400, 21.6400, 21.6300, 21.6300, 1504
2016-09-21, 21.8400, 21.9000, 21.7400, 21.9000, 12654
2016-09-22, 21.9000, 21.9000, 21.9000, 21.9000, 5
2016-09-23, 21.9600, 21.9600, 21.9600, 21.9600, 1601
2016-09-26, 21.9400, 21.9400, 21.9400, 21.9400, 6
2016-09-27, 21.9400, 21.9400, 21.9400, 21.9400, 100
2016-09-28, 21.9700, 22.0600, 21.9700, 22.0600, 1512
2016-09-29, 22.1600, 22.1600, 21.9000, 21.9000, 928
2016-09-30, 22.0300, 22.0300, 22.0300, 22.0300, 475
2016-10-03, 22.0300, 22.0300, 22.0300, 22.0300, 1
2016-10-04, 22.2499, 22.2499, 22.1568, 22.1799, 1007
2016-10-05, 22.4100, 22.4100, 22.4100, 22.4100, 224
2016-10-06, 22.4100, 22.4100, 22.4100, 22.4100, 17
2016-10-07, 22.4100, 22.4100, 22.4100, 22.4100, 10
2016-10-10, 22.3970, 22.4044, 22.3970, 22.4022, 716
2016-10-11, 22.2801, 22.2801, 22.2801, 22.2801, 210
2016-10-12, 22.2801, 22.2801, 22.2801, 22.2801, 0
2016-10-13, 22.1200, 22.1552, 22.1200, 22.1552, 1730
2016-10-14, 22.3300, 22.3300, 22.3300, 22.3300, 504
2016-10-17, 22.3300, 22.3300, 22.3300, 22.3300, 23
2016-10-18, 22.4178, 22.4183, 22.4101, 22.4101, 1630
2016-10-19, 22.3800, 22.3913, 22.3800, 22.3913, 301
2016-10-20, 22.3913, 22.3913, 22.3913, 22.3913, 0
2016-10-21, 22.3913, 22.3913, 22.3913, 22.3913, 0
2016-10-24, 22.6300, 22.6300, 22.6300, 22.6300, 775
2016-10-25, 22.6300, 22.6300, 22.6300, 22.6300, 61
2016-10-26, 22.7400, 22.7600, 22.7400, 22.7600, 23761
2016-10-27, 22.7600, 22.7600, 22.7600, 22.7600, 1
2016-10-28, 22.9200, 22.9700, 22.8500, 22.8500, 1100
2016-10-31, 22.9800, 23.0100, 22.9500, 22.9500, 1085
2016-11-01, 22.8800, 22.8800, 22.7200, 22.7400, 1927
2016-11-02, 22.4535, 22.4535, 22.3200, 22.3901, 4681
2016-11-03, 22.3901, 22.3901, 22.3901, 22.3901, 35
2016-11-04, 22.1900, 22.1900, 22.1000, 22.1000, 412
2016-11-07, 22.1000, 22.1000, 22.1000, 22.1000, 4
2016-11-08, 22.7500, 22.7500, 22.7500, 22.7500, 11305
2016-11-09, 22.3000, 22.7190, 22.2800, 22.6500, 7405
2016-11-10, 22.6500, 22.6500, 22.6500, 22.6500, 11
2016-11-11, 22.5413, 22.5413, 22.5300, 22.5300, 470
2016-11-14, 22.7730, 22.7730, 22.7730, 22.7730, 133
2016-11-15, 22.9700, 23.0200, 22.9700, 23.0100, 33646
2016-11-16, 22.9700, 22.9700, 22.9700, 22.9700, 3709
2016-11-17, 23.1300, 23.2800, 23.1300, 23.2800, 27169
2016-11-18, 23.1229, 23.1900, 23.1200, 23.1900, 3497
2016-11-21, 23.3100, 23.3800, 23.2600, 23.3700, 25542
2016-11-22, 23.3400, 23.4500, 23.3400, 23.4100, 21990
2016-11-23, 23.4500, 23.7000, 23.4500, 23.7000, 550
2016-11-25, 23.7200, 23.7500, 23.7100, 23.7500, 3111
2016-11-28, 23.7699, 23.8070, 23.7572, 23.7800, 1177
2016-11-29, 23.9453, 23.9475, 23.9453, 23.9464, 1434
2016-11-30, 24.2200, 24.2242, 24.1600, 24.2200, 20541
2016-12-01, 24.1000, 24.1000, 23.9710, 23.9710, 2736
2016-12-02, 23.7709, 23.8000, 23.7709, 23.8000, 2477
2016-12-05, 23.9800, 24.0001, 23.8150, 23.8593, 11115
2016-12-06, 23.8400, 23.9700, 23.8400, 23.9700, 1321
2016-12-07, 24.0000, 24.2000, 24.0000, 24.1899, 5230
2016-12-08, 24.3500, 24.5500, 24.3500, 24.5000, 9151
2016-12-09, 24.6400, 24.7600, 24.6400, 24.7299, 7051
2016-12-12, 24.7000, 24.7000, 24.5400, 24.5400, 4082
2016-12-13, 24.7000, 24.8450, 24.7000, 24.8335, 56733
2016-12-14, 24.6500, 24.9600, 24.6500, 24.9299, 9565
2016-12-15, 25.0200, 25.1400, 25.0200, 25.1200, 14565
2016-12-16, 24.9570, 24.9700, 24.8367, 24.8367, 3122
2016-12-19, 24.9400, 24.9600, 24.8800, 24.9100, 34635
2016-12-20, 25.0700, 25.2401, 25.0700, 25.1600, 8615
2016-12-21, 24.9800, 25.0450, 24.9600, 25.0100, 4714
2016-12-22, 24.9999, 25.0328, 24.9900, 25.0300, 6576
2016-12-23, 24.7900, 24.8000, 24.7000, 24.8000, 12386
2016-12-27, 24.6800, 24.7000, 24.6795, 24.6800, 1664
2016-12-28, 24.7400, 24.7600, 24.6700, 24.6800, 5043
2016-12-29, 24.3600, 24.3600, 24.2600, 24.2630, 1277
2016-12-30, 24.3200, 24.3200, 24.3200, 24.3200, 773
2017-01-03, 24.5800, 24.6675, 24.4900, 24.6675, 4989
2017-01-04, 24.9100, 25.0099, 24.9100, 25.0099, 551
2017-01-05, 24.9200, 24.9200, 24.9200, 24.9200, 160
2017-01-06, 25.0000, 25.1200, 25.0000, 25.1080, 2224
2017-01-09, 24.8800, 24.9500, 24.8800, 24.9100, 10077
2017-01-10, 24.7900, 24.8199, 24.7900, 24.7900, 855
2017-01-11, 24.7600, 24.7600, 24.7600, 24.7600, 529
2017-01-12, 24.6300, 24.6300, 24.5000, 24.5000, 266
2017-01-13, 24.7900, 24.9300, 24.7900, 24.8059, 767
2017-01-17, 24.3000, 24.3000, 24.1700, 24.1708, 8773
2017-01-18, 24.2901, 24.3800, 24.2901, 24.3800, 1751
2017-01-19, 24.7300, 24.7300, 24.7071, 24.7211, 962
2017-01-20, 24.6600, 24.6600, 24.6600, 24.6600, 275
2017-01-23, 24.4400, 24.4400, 24.4400, 24.4400, 262
2017-01-24, 24.4400, 24.4400, 24.4400, 24.4400, 0
2017-01-25, 24.7995, 24.7995, 24.7995, 24.7995, 101
2017-01-26, 25.0100, 25.1099, 25.0100, 25.0500, 4217
2017-01-27, 24.9620, 24.9620, 24.9302, 24.9400, 715
2017-01-30, 24.5900, 24.6700, 24.5200, 24.6500, 8489
2017-01-31, 24.3425, 24.4000, 24.2700, 24.4000, 14188
2017-02-01, 24.7200, 24.7700, 24.6200, 24.6200, 3885
2017-02-02, 24.4200, 24.5195, 24.3550, 24.5195, 1120
2017-02-03, 24.5800, 24.6000, 24.5597, 24.5848, 6991
2017-02-06, 24.3700, 24.3700, 24.3200, 24.3200, 5484
2017-02-07, 24.4500, 24.4500, 24.3800, 24.3900, 1595
2017-02-08, 24.3599, 24.4141, 24.3478, 24.4141, 1330
2017-02-09, 24.4141, 24.4141, 24.4141, 24.4141, 0
2017-02-10, 24.8199, 24.8799, 24.8199, 24.8790, 1211
2017-02-13, 25.0200, 25.0618, 25.0200, 25.0500, 366
2017-02-14, 24.8200, 25.0400, 24.8200, 25.0399, 1501
2017-02-15, 25.0399, 25.0399, 25.0399, 25.0399, 11
2017-02-16, 24.7400, 24.7600, 24.7400, 24.7600, 364
2017-02-17, 24.6200, 24.6800, 24.6200, 24.6800, 866
2017-02-21, 24.9900, 25.0900, 24.9900, 25.0900, 5931
2017-02-22, 24.9000, 25.0400, 24.9000, 24.9800, 4237
2017-02-23, 24.9500, 24.9500, 24.8030, 24.8900, 888
2017-02-24, 24.7055, 24.7055, 24.7055, 24.7055, 294
2017-02-27, 24.5700, 24.6700, 24.5700, 24.6700, 812
2017-02-28, 24.6500, 24.6600, 24.6192, 24.6266, 2261
2017-03-01, 25.2399, 25.2699, 25.2399, 25.2400, 1091
2017-03-02, 25.1500, 25.1750, 25.1500, 25.1750, 514
2017-03-03, 25.1129, 25.1129, 25.1129, 25.1129, 226
2017-03-06, 24.9700, 24.9700, 24.9589, 24.9589, 2000
2017-03-07, 25.0810, 25.0810, 25.0500, 25.0500, 1029
2017-03-08, 25.0918, 25.1100, 25.0918, 25.0995, 2513
2017-03-09, 25.1300, 25.1300, 25.1300, 25.1300, 115
2017-03-10, 25.3110, 25.3110, 25.2389, 25.2389, 1131
2017-03-13, 25.4200, 25.4200, 25.3800, 25.3800, 12032
2017-03-14, 25.3000, 25.3000, 25.2852, 25.3000, 4116
2017-03-15, 25.3800, 25.3900, 25.3000, 25.3098, 4085
2017-03-16, 25.3500, 25.3500, 25.2500, 25.2811, 3441
2017-03-17, 25.2300, 25.2300, 25.2000, 25.2000, 302
2017-03-20, 25.2200, 25.2300, 25.1900, 25.1900, 4852
2017-03-21, 25.1285, 25.1300, 24.9101, 24.9499, 3215
2017-03-22, 24.7005, 24.7005, 24.7005, 24.7005, 289
2017-03-23, 24.8650, 24.8650, 24.8100, 24.8100, 1000
2017-03-24, 24.9300, 24.9600, 24.9300, 24.9600, 1075
2017-03-27, 24.7500, 24.7500, 24.6900, 24.6900, 3063
2017-03-28, 25.0300, 25.2200, 25.0298, 25.2200, 12497
2017-03-29, 25.0648, 25.0950, 25.0648, 25.0950, 1040
2017-03-30, 25.0350, 25.1400, 25.0350, 25.1250, 5247
2017-03-31, 24.7800, 24.7800, 24.7221, 24.7700, 2346
2017-04-03, 24.8500, 24.8500, 24.7800, 24.7800, 1109
2017-04-04, 24.7700, 24.7700, 24.6600, 24.7450, 35407
2017-04-05, 24.8476, 24.8476, 24.5700, 24.5700, 2869
2017-04-06, 24.4876, 24.5440, 24.4599, 24.4599, 1189
2017-04-07, 24.5194, 24.5194, 24.5194, 24.5194, 100
2017-04-10, 24.4900, 24.5000, 24.4900, 24.5000, 205
2017-04-11, 24.4048, 24.4048, 24.2001, 24.3048, 5328
2017-04-12, 24.1860, 24.2556, 24.1860, 24.2400, 2725
2017-04-13, 24.0000, 24.0000, 23.9101, 23.9101, 859
2017-04-17, 23.8800, 24.0200, 23.8800, 24.0200, 729
2017-04-18, 23.9700, 23.9700, 23.9700, 23.9700, 1468
2017-04-19, 23.9700, 23.9700, 23.9700, 23.9700, 54
2017-04-20, 24.1800, 24.2699, 24.1800, 24.2699, 1114
2017-04-21, 24.2700, 24.3200, 24.2700, 24.3200, 900
2017-04-24, 24.6200, 24.6210, 24.5900, 24.6001, 2910
2017-04-25, 24.9321, 24.9829, 24.9321, 24.9829, 445
2017-04-26, 25.0900, 25.1021, 24.9900, 24.9998, 3833
2017-04-27, 25.0079, 25.0079, 25.0079, 25.0079, 150
2017-04-28, 25.0400, 25.0700, 25.0100, 25.0100, 2810
2017-05-01, 25.2200, 25.2200, 25.2200, 25.2200, 143
2017-05-02, 25.3400, 25.3900, 25.3100, 25.3100, 1131
2017-05-03, 25.3900, 25.5139, 25.3900, 25.4990, 741
2017-05-04, 25.4700, 25.5197, 25.4700, 25.5197, 513
2017-05-05, 25.5197, 25.5197, 25.5197, 25.5197, 162
2017-05-08, 25.8000, 25.8201, 25.7970, 25.8201, 1478
2017-05-09, 25.9700, 26.0064, 25.9100, 25.9500, 4645
2017-05-10, 25.9000, 25.9000, 25.9000, 25.9000, 194
2017-05-11, 25.8013, 25.8200, 25.8013, 25.8200, 461
2017-05-12, 25.7786, 25.7786, 25.7643, 25.7643, 626
2017-05-15, 25.9300, 25.9300, 25.9300, 25.9300, 301
2017-05-16, 25.8300, 25.8600, 25.8300, 25.8400, 983
2017-05-17, 25.8400, 25.8400, 25.8400, 25.8400, 11
2017-05-18, 25.5000, 25.5000, 25.5000, 25.5000, 141
2017-05-19, 25.5000, 25.5000, 25.5000, 25.5000, 1
2017-05-22, 25.5000, 25.5000, 25.5000, 25.5000, 201
2017-05-23, 25.5000, 25.5000, 25.5000, 25.5000, 17
2017-05-24, 25.5000, 25.5000, 25.5000, 25.5000, 14
2017-05-25, 25.5000, 25.5000, 25.5000, 25.5000, 12
2017-05-26, 25.6600, 25.6600, 25.6600, 25.6600, 210
2017-05-30, 25.7149, 25.7200, 25.7100, 25.7151, 731
2017-05-31, 25.7171, 25.7171, 25.7171, 25.7171, 276
2017-06-01, 26.0500, 26.1200, 26.0401, 26.1190, 1120
2017-06-02, 26.1800, 26.3400, 26.1800, 26.2810, 3531
2017-06-05, 26.2810, 26.2810, 26.2810, 26.2810, 46
2017-06-06, 26.0600, 26.0600, 26.0499, 26.0499, 324
2017-06-07, 26.0300, 26.1072, 26.0100, 26.1072, 1768
2017-06-08, 26.0710, 26.0710, 26.0710, 26.0710, 249
2017-06-09, 26.0200, 26.0200, 25.9747, 25.9747, 616
2017-06-12, 25.9747, 25.9747, 25.9747, 25.9747, 1
2017-06-13, 25.9747, 25.9747, 25.9747, 25.9747, 32
2017-06-14, 25.7500, 25.7500, 25.7500, 25.7500, 132
2017-06-15, 25.7900, 25.7900, 25.7900, 25.7900, 211
2017-06-16, 26.0400, 26.0400, 25.9400, 26.0100, 5078
2017-06-19, 26.2068, 26.2068, 26.1930, 26.1930, 455
2017-06-20, 26.1930, 26.1930, 26.1930, 26.1930, 96
2017-06-21, 26.2925, 26.2925, 26.2700, 26.2700, 1774
2017-06-22, 26.2500, 26.2500, 26.2500, 26.2500, 1602
2017-06-23, 26.2500, 26.2500, 26.2500, 26.2500, 59
2017-06-26, 25.9600, 25.9600, 25.9600, 25.9600, 28
2017-06-27, 26.0100, 26.0830, 26.0100, 26.0830, 519
2017-06-28, 26.0830, 26.0830, 26.0830, 26.0830, 54
2017-06-29, 26.0700, 26.1000, 25.7900, 25.8290, 4357
2017-06-30, 25.9350, 26.0025, 25.9350, 26.0025, 1176
2017-07-03, 26.1490, 26.1490, 26.1425, 26.1425, 280
2017-07-05, 26.0750, 26.1300, 26.0750, 26.1225, 4470
2017-07-06, 26.0000, 26.0000, 25.9300, 25.9300, 1653
2017-07-07, 26.0100, 26.0799, 26.0100, 26.0725, 987
2017-07-10, 26.0725, 26.0725, 26.0725, 26.0725, 7
2017-07-11, 26.0725, 26.0725, 26.0725, 26.0725, 99
2017-07-12, 26.2450, 26.2450, 26.2450, 26.2450, 738
2017-07-13, 26.2650, 26.3000, 26.2650, 26.3000, 558
2017-07-14, 26.1500, 26.1500, 26.1401, 26.1401, 930
2017-07-17, 26.1400, 26.1400, 26.1400, 26.1400, 400
2017-07-18, 26.1000, 26.1000, 26.1000, 26.1000, 113
2017-07-19, 26.1000, 26.1000, 26.1000, 26.1000, 10
2017-07-20, 26.3200, 26.3600, 26.3200, 26.3500, 1240
2017-07-21, 26.1977, 26.2199, 26.1977, 26.2132, 1661
2017-07-24, 26.2000, 26.2000, 26.1200, 26.1300, 13383
2017-07-25, 26.2500, 26.3200, 26.2100, 26.3200, 859
2017-07-26, 26.2863, 26.2863, 26.2863, 26.2863, 382
2017-07-27, 26.3713, 26.3713, 26.2201, 26.2201, 356
2017-07-28, 26.2300, 26.2538, 26.2300, 26.2400, 400
2017-07-31, 26.1900, 26.2424, 26.1900, 26.2268, 3980
2017-08-01, 26.3200, 26.3600, 26.3200, 26.3600, 876
2017-08-02, 26.4000, 26.4300, 26.3800, 26.4300, 1511
2017-08-03, 26.3800, 26.3800, 26.3084, 26.3200, 2534
2017-08-04, 26.3200, 26.3200, 26.3200, 26.3200, 41
2017-08-07, 26.4889, 26.4889, 26.4735, 26.4735, 323
2017-08-08, 26.4800, 26.4800, 26.4800, 26.4800, 1153
2017-08-09, 26.1500, 26.1500, 26.1200, 26.1426, 4566
2017-08-10, 25.7000, 25.7000, 25.7000, 25.7000, 479
2017-08-11, 25.6776, 25.6942, 25.6776, 25.6942, 2854
2017-08-14, 25.9200, 25.9800, 25.9200, 25.9500, 3450
2017-08-15, 26.1150, 26.1150, 26.1150, 26.1150, 251
2017-08-16, 26.2300, 26.2300, 26.1300, 26.1300, 5015
2017-08-17, 26.0500, 26.0500, 25.9500, 25.9500, 209
2017-08-18, 25.8000, 25.9750, 25.7200, 25.9750, 421
2017-08-21, 25.7400, 25.7400, 25.7400, 25.7400, 299
2017-08-22, 25.8750, 25.9102, 25.8750, 25.9102, 422
2017-08-23, 25.7900, 25.7900, 25.7900, 25.7900, 258
2017-08-24, 25.7700, 25.7716, 25.7700, 25.7716, 519
2017-08-25, 25.8152, 25.8152, 25.8152, 25.8152, 406
2017-08-28, 25.8510, 25.8510, 25.8321, 25.8321, 313
2017-08-29, 25.7697, 25.7697, 25.7500, 25.7500, 2398
2017-08-30, 25.7500, 25.7500, 25.7500, 25.7500, 1
2017-08-31, 25.7500, 25.7500, 25.7500, 25.7500, 55
2017-09-01, 25.7500, 25.7500, 25.7500, 25.7500, 84
2017-09-05, 25.6343, 25.6343, 25.6343, 25.6343, 253
2017-09-06, 25.7900, 25.8500, 25.7900, 25.8377, 347
2017-09-07, 25.8377, 25.8377, 25.8377, 25.8377, 3
2017-09-08, 25.8600, 25.8714, 25.8600, 25.8714, 302
2017-09-11, 26.2000, 26.3700, 26.2000, 26.3568, 4550
2017-09-12, 26.4999, 26.4999, 26.4776, 26.4900, 607
2017-09-13, 26.5000, 26.5000, 26.5000, 26.5000, 1823
2017-09-14, 26.5000, 26.5000, 26.5000, 26.5000, 208
2017-09-15, 26.6600, 26.6900, 26.6310, 26.6900, 1318
2017-09-18, 26.7500, 26.8250, 26.7500, 26.7900, 7254
2017-09-19, 26.9100, 26.9300, 26.9000, 26.9300, 7444
2017-09-20, 27.1100, 27.1100, 27.1100, 27.1100, 209
2017-09-21, 27.0800, 27.1200, 27.0800, 27.0910, 1022
2017-09-22, 26.9800, 26.9800, 26.9800, 26.9800, 761
2017-09-25, 26.9700, 27.0199, 26.9700, 27.0074, 1491
2017-09-26, 27.1300, 27.1800, 27.1300, 27.1349, 9367
2017-09-27, 27.2100, 27.3250, 27.2100, 27.3250, 22102
2017-09-28, 27.2690, 27.2700, 27.2690, 27.2700, 421
2017-09-29, 27.2850, 27.2850, 27.2800, 27.2800, 365
2017-10-02, 27.2300, 27.2700, 27.1700, 27.2300, 36098
2017-10-03, 27.3761, 27.4399, 27.3761, 27.4399, 975
2017-10-04, 27.3701, 27.4280, 27.3700, 27.4190, 6293
2017-10-05, 27.3700, 27.4050, 27.3700, 27.4050, 1797
2017-10-06, 27.4310, 27.4503, 27.3100, 27.3150, 3975
2017-10-09, 27.3810, 27.3900, 27.3300, 27.3300, 3070
2017-10-10, 27.5000, 27.5350, 27.5000, 27.5350, 1195
2017-10-11, 27.6668, 27.6702, 27.6650, 27.6650, 303
2017-10-12, 27.6770, 27.7300, 27.6600, 27.6750, 9123
2017-10-13, 27.8670, 27.8670, 27.8670, 27.8670, 210
2017-10-16, 27.8670, 27.8670, 27.8670, 27.8670, 126
2017-10-17, 28.0600, 28.0700, 28.0100, 28.0700, 4362
2017-10-18, 28.1600, 28.1610, 28.1400, 28.1610, 2357
2017-10-19, 27.9400, 28.0515, 27.9400, 28.0250, 3906
2017-10-20, 28.2990, 28.3700, 28.2973, 28.3700, 1507
2017-10-23, 28.6100, 28.6100, 28.5280, 28.5280, 1593
2017-10-24, 28.7400, 28.7472, 28.6868, 28.7472, 702
2017-10-25, 28.5900, 28.6800, 28.4500, 28.4560, 2261
2017-10-26, 28.6490, 28.6490, 28.6490, 28.6490, 230
2017-10-27, 28.7190, 28.7600, 28.7190, 28.7400, 2874
2017-10-30, 28.6000, 28.6090, 28.5700, 28.5700, 2692
2017-10-31, 28.7200, 28.8300, 28.7200, 28.8147, 4177
2017-11-01, 29.1300, 29.1300, 29.0200, 29.1199, 33702
2017-11-02, 28.9600, 29.0850, 28.9589, 29.0850, 1492
2017-11-03, 29.0000, 29.2000, 29.0000, 29.1800, 5391
2017-11-06, 29.0877, 29.1156, 29.0525, 29.0900, 1884
2017-11-07, 29.3110, 29.3110, 29.3110, 29.3110, 1121
2017-11-08, 29.5000, 29.6000, 29.4800, 29.5700, 45323
2017-11-09, 29.2100, 29.2100, 28.9190, 29.1100, 3627
2017-11-10, 29.2000, 29.2000, 28.9800, 29.0590, 36330
2017-11-13, 28.7000, 28.9900, 28.7000, 28.9300, 16906
2017-11-14, 28.8240, 28.8240, 28.7700, 28.7900, 2216
2017-11-15, 28.2300, 28.4690, 28.1700, 28.4690, 4386
2017-11-16, 28.8164, 28.9000, 28.7600, 28.9000, 837
2017-11-17, 28.8300, 28.8300, 28.5500, 28.5800, 7596
2017-11-20, 28.7210, 28.8800, 28.7200, 28.8700, 37211
2017-11-21, 29.0000, 29.0100, 28.9500, 29.0100, 10700
2017-11-22, 28.7732, 28.7732, 28.7025, 28.7025, 396
2017-11-24, 29.1000, 29.1100, 29.0820, 29.1100, 907
2017-11-27, 28.9400, 29.0000, 28.8600, 28.9000, 8609
2017-11-28, 28.9169, 28.9169, 28.9169, 28.9169, 264
2017-11-29, 28.9169, 28.9169, 28.9169, 28.9169, 40
2017-11-30, 28.9169, 28.9169, 28.9169, 28.9169, 1
2017-12-01, 28.9600, 29.0100, 28.8800, 28.9827, 15402
2017-12-04, 28.9800, 28.9800, 28.9164, 28.9700, 1509
2017-12-05, 28.9400, 28.9400, 28.9325, 28.9325, 263
2017-12-06, 28.5600, 28.6905, 28.5600, 28.6905, 1245
2017-12-07, 28.6905, 28.6905, 28.6905, 28.6905, 50
2017-12-08, 29.2600, 29.2600, 29.1500, 29.1500, 3978
2017-12-11, 29.2700, 29.3237, 29.2700, 29.3237, 3175
2017-12-12, 29.3400, 29.4180, 29.3400, 29.4180, 782
2017-12-13, 29.2000, 29.2000, 29.2000, 29.2000, 250
2017-12-14, 29.1000, 29.1600, 28.9700, 28.9700, 2744
2017-12-15, 29.0175, 29.0570, 29.0175, 29.0570, 2902
2017-12-18, 29.3400, 29.3400, 29.3200, 29.3300, 2824
2017-12-19, 29.2100, 29.2100, 29.2100, 29.2100, 278
2017-12-20, 29.2400, 29.2400, 29.2300, 29.2300, 1866
2017-12-21, 29.3300, 29.3750, 29.3300, 29.3350, 1981
2017-12-22, 29.3400, 29.3700, 29.3400, 29.3700, 357
2017-12-26, 29.0700, 29.0700, 29.0700, 29.0700, 721
2017-12-27, 29.0900, 29.1400, 29.0500, 29.0800, 2877
2017-12-28, 29.0095, 29.0200, 28.9200, 28.9300, 11493
2017-12-29, 28.9600, 28.9840, 28.9500, 28.9603, 1769
2018-01-02, 28.9400, 28.9790, 28.9000, 28.9400, 39702
2018-01-03, 29.1900, 29.1900, 29.1900, 29.1900, 778
2018-01-04, 29.7520, 29.8004, 29.7456, 29.7456, 3531
2018-01-05, 29.9300, 29.9300, 29.9300, 29.9300, 1311
2018-01-08, 30.0800, 30.0800, 30.0800, 30.0800, 2181
2018-01-09, 29.9300, 29.9881, 29.8700, 29.9650, 11355
2018-01-10, 29.8200, 29.8450, 29.8084, 29.8084, 890
2018-01-11, 29.7800, 29.8105, 29.7800, 29.8105, 408
2018-01-12, 29.8500, 29.9800, 29.8500, 29.9730, 1321
2018-01-16, 30.0447, 30.0447, 29.9700, 29.9700, 1222
2018-01-17, 30.2400, 30.3400, 30.2400, 30.3400, 648
2018-01-18, 29.9902, 30.0416, 29.9820, 30.0416, 1073
2018-01-19, 30.1300, 30.1300, 30.0500, 30.0850, 5921
2018-01-22, 30.1800, 30.3201, 30.1800, 30.3000, 10144
2018-01-23, 30.3200, 30.3200, 30.2779, 30.3002, 757
2018-01-24, 30.2300, 30.2300, 30.0000, 30.0902, 836
2018-01-25, 30.0600, 30.0600, 29.9010, 30.0500, 2635
2018-01-26, 30.0805, 30.0810, 30.0020, 30.0810, 1500
2018-01-29, 29.9200, 30.0410, 29.9200, 30.0410, 1104
2018-01-30, 29.5600, 29.6000, 29.3400, 29.3400, 37116
2018-01-31, 29.5400, 29.6001, 29.4700, 29.5200, 2460
2018-02-01, 29.6000, 29.7960, 29.6000, 29.6916, 9123
2018-02-02, 29.6600, 29.7100, 29.4200, 29.4200, 7553
2018-02-05, 28.9700, 28.9700, 27.9000, 27.9000, 2397
2018-02-06, 28.1000, 28.6100, 28.1000, 28.3801, 1828
2018-02-07, 28.1201, 28.5800, 28.1201, 28.2701, 3087
2018-02-08, 27.6700, 27.6700, 27.4785, 27.4785, 1021
2018-02-09, 27.6700, 27.8600, 27.1400, 27.4905, 3220
2018-02-12, 27.8300, 28.1150, 27.7900, 28.0000, 2252
2018-02-13, 27.2820, 27.4500, 27.2800, 27.4499, 662
2018-02-14, 27.3800, 27.6400, 27.3648, 27.6400, 4359
2018-02-15, 27.5800, 27.6001, 27.4100, 27.5699, 1010
2018-02-16, 28.3700, 28.3700, 27.8700, 27.9300, 2128
2018-02-20, 27.9300, 27.9300, 27.9300, 27.9300, 156
2018-02-21, 28.1200, 28.2344, 28.1131, 28.2210, 2922
2018-02-22, 27.8200, 27.9400, 27.7400, 27.7528, 7191
2018-02-23, 27.7530, 27.7530, 27.7530, 27.7530, 82
2018-02-26, 28.3800, 28.5870, 28.3800, 28.5870, 667
2018-02-27, 28.4900, 28.4900, 28.4600, 28.4600, 1061
2018-02-28, 28.2900, 28.2900, 28.1200, 28.1210, 1327
2018-03-01, 27.4000, 27.4000, 27.2092, 27.2092, 2692
2018-03-02, 27.2092, 27.2092, 27.2092, 27.2092, 62
2018-03-05, 27.0800, 27.2590, 27.0800, 27.2500, 689
2018-03-06, 27.5790, 27.7500, 27.5700, 27.7500, 3514
2018-03-07, 27.4300, 27.5000, 27.4300, 27.5000, 556
2018-03-08, 27.5700, 27.5700, 27.5400, 27.5400, 738
2018-03-09, 27.8010, 27.8300, 27.8010, 27.8300, 7519
2018-03-12, 27.8300, 27.8300, 27.8300, 27.8300, 36
2018-03-13, 27.9168, 27.9300, 27.9168, 27.9300, 1601
2018-03-14, 27.9300, 27.9300, 27.9300, 27.9300, 85
2018-03-15, 27.9700, 27.9700, 27.9700, 27.9700, 400
2018-03-16, 27.7500, 27.8400, 27.7500, 27.8200, 6407
2018-03-19, 27.3493, 27.3500, 27.3493, 27.3500, 689
2018-03-20, 27.6300, 27.6300, 27.5700, 27.6100, 1379
2018-03-21, 27.6415, 27.6600, 27.6415, 27.6600, 346
2018-03-22, 27.3500, 27.4371, 27.3000, 27.4371, 3914
2018-03-23, 26.8500, 26.8700, 26.5300, 26.5400, 4820
2018-03-26, 26.6490, 26.8000, 26.5200, 26.8000, 4923
2018-03-27, 27.2540, 27.2700, 27.2540, 27.2700, 303
2018-03-28, 27.4710, 27.6241, 27.4700, 27.6241, 4589
2018-03-29, 27.9100, 27.9400, 27.9100, 27.9400, 275
2018-04-02, 27.9400, 27.9400, 27.9400, 27.9400, 79
2018-04-03, 27.9400, 27.9400, 27.9400, 27.9400, 0
2018-04-04, 27.9400, 27.9400, 27.9400, 27.9400, 5
2018-04-05, 28.2000, 28.2000, 28.1500, 28.1700, 2123
2018-04-06, 27.9348, 27.9348, 27.8400, 27.8400, 202
2018-04-09, 28.0880, 28.1252, 28.0836, 28.1252, 1385
2018-04-10, 28.1500, 28.1500, 28.1410, 28.1500, 1294
2018-04-11, 28.0480, 28.0480, 28.0480, 28.0480, 200
2018-04-12, 28.0481, 28.0481, 28.0481, 28.0481, 1
2018-04-13, 28.0481, 28.0481, 28.0481, 28.0481, 67
2018-04-16, 28.1100, 28.1100, 28.0717, 28.0717, 1109
2018-04-17, 28.1400, 28.1700, 28.1100, 28.1700, 1115
2018-04-18, 28.1700, 28.1700, 28.1700, 28.1700, 2
2018-04-19, 28.1700, 28.1700, 28.1700, 28.1700, 14
2018-04-20, 28.2200, 28.2200, 28.2200, 28.2200, 193
2018-04-23, 28.3310, 28.3310, 28.3310, 28.3310, 100
2018-04-24, 28.3310, 28.3310, 28.3310, 28.3310, 0
2018-04-25, 28.4550, 28.4586, 28.4500, 28.4500, 706
2018-04-26, 28.4500, 28.4500, 28.4500, 28.4500, 11
2018-04-27, 28.4500, 28.4500, 28.4500, 28.4500, 0
2018-04-30, 28.8000, 28.8000, 28.8000, 28.8000, 2600
2018-05-01, 28.8000, 28.8000, 28.8000, 28.8000, 48
2018-05-02, 28.5000, 28.5000, 28.4800, 28.4900, 756
2018-05-03, 28.4200, 28.4200, 28.2900, 28.2900, 2836
2018-05-04, 28.4142, 28.4142, 28.4142, 28.4142, 474
2018-05-07, 28.4142, 28.4142, 28.4142, 28.4142, 80
2018-05-08, 28.5300, 28.5400, 28.5300, 28.5400, 657
2018-05-09, 28.5400, 28.5400, 28.5400, 28.5400, 3
2018-05-10, 28.5900, 28.6100, 28.5700, 28.5700, 33747
2018-05-11, 28.5700, 28.5700, 28.5700, 28.5700, 1
2018-05-14, 28.8600, 28.9390, 28.8600, 28.9310, 1521
2018-05-15, 28.8500, 28.8990, 28.8420, 28.8990, 2756
2018-05-16, 28.9180, 28.9300, 28.9180, 28.9200, 939
2018-05-17, 29.0517, 29.0517, 29.0100, 29.0290, 771
2018-05-18, 29.0290, 29.0290, 29.0290, 29.0290, 17
2018-05-21, 29.1300, 29.1300, 29.0700, 29.0700, 5080
2018-05-22, 29.0700, 29.1017, 29.0700, 29.1017, 475
2018-05-23, 28.7100, 28.7100, 28.6800, 28.6800, 641
2018-05-24, 28.3890, 28.3890, 28.3890, 28.3890, 154
2018-05-25, 28.3799, 28.3799, 28.3500, 28.3500, 680
2018-05-29, 28.3500, 28.3500, 28.3500, 28.3500, 23
2018-05-30, 28.2401, 28.2401, 28.2401, 28.2401, 205
2018-05-31, 27.9350, 27.9900, 27.9350, 27.9800, 497
2018-06-01, 28.3300, 28.3700, 28.3100, 28.3400, 8081
2018-06-04, 28.5400, 28.5800, 28.5100, 28.5100, 1412
2018-06-05, 28.4900, 28.5100, 28.4900, 28.5100, 858
2018-06-06, 28.5100, 28.5100, 28.5100, 28.5100, 51
2018-06-07, 28.7500, 28.7500, 28.7500, 28.7500, 785
2018-06-08, 28.6373, 28.6700, 28.6373, 28.6700, 2430
2018-06-11, 28.9050, 28.9180, 28.9050, 28.9180, 388
2018-06-12, 28.8100, 28.8100, 28.7900, 28.7900, 875
2018-06-13, 28.7900, 28.7900, 28.7900, 28.7900, 9
2018-06-14, 28.8200, 28.8500, 28.7900, 28.8100, 1186
2018-06-15, 28.8100, 28.8100, 28.8100, 28.8100, 95
2018-06-18, 28.5300, 28.5300, 28.4700, 28.5000, 1266
2018-06-19, 28.5000, 28.5000, 28.5000, 28.5000, 77
2018-06-20, 28.5000, 28.5000, 28.5000, 28.5000, 0
2018-06-21, 28.5000, 28.5000, 28.5000, 28.5000, 21
2018-06-22, 28.5000, 28.5000, 28.5000, 28.5000, 64
2018-06-25, 27.4310, 27.4310, 27.4310, 27.4310, 170
2018-06-26, 27.6800, 27.7760, 27.6800, 27.7760, 875
2018-06-27, 27.7760, 27.7760, 27.7760, 27.7760, 95
2018-06-28, 27.6623, 27.6623, 27.6623, 27.6623, 216
2018-06-29, 27.7095, 27.7095, 27.6800, 27.7000, 1402
2018-07-02, 27.2300, 27.2300, 27.2000, 27.2251, 2607
2018-07-03, 27.2251, 27.2251, 27.2251, 27.2251, 3
2018-07-05, 27.1600, 27.2099, 27.1300, 27.1800, 3592
2018-07-06, 27.1800, 27.1800, 27.1800, 27.1800, 3
2018-07-09, 27.1800, 27.1800, 27.1800, 27.1800, 4
2018-07-10, 27.6600, 27.6600, 27.6600, 27.6600, 172
2018-07-11, 27.4900, 27.4900, 27.4700, 27.4700, 237
2018-07-12, 27.4700, 27.4700, 27.4700, 27.4700, 0
2018-07-13, 27.8000, 27.8200, 27.8000, 27.8200, 267
2018-07-16, 27.8400, 27.8900, 27.8400, 27.8795, 35246
2018-07-17, 28.1950, 28.2280, 28.1950, 28.2280, 654
2018-07-18, 28.2280, 28.2280, 28.2280, 28.2280, 6
2018-07-19, 28.0770, 28.0800, 28.0770, 28.0800, 299
2018-07-20, 28.0800, 28.0800, 28.0800, 28.0800, 34
2018-07-23, 27.9300, 27.9400, 27.9300, 27.9400, 1301
2018-07-24, 27.9400, 27.9400, 27.9400, 27.9400, 1
2018-07-25, 28.1500, 28.2100, 28.1500, 28.2100, 388
2018-07-26, 28.3700, 28.3700, 28.3700, 28.3700, 879
2018-07-27, 28.3350, 28.3700, 28.3350, 28.3700, 260
2018-07-30, 28.3500, 28.3600, 28.2600, 28.2600, 11465
2018-07-31, 28.2700, 28.2700, 28.2300, 28.2300, 1117
2018-08-01, 28.2910, 28.3100, 28.2900, 28.3100, 1421
2018-08-02, 27.9600, 28.1300, 27.9600, 28.1200, 2311
2018-08-03, 27.9599, 28.0110, 27.9300, 28.0110, 1421
2018-08-06, 27.9600, 27.9600, 27.9600, 27.9600, 1181
2018-08-07, 28.1300, 28.2200, 28.1300, 28.2200, 1081
2018-08-08, 28.1300, 28.1300, 28.1300, 28.1300, 400
2018-08-09, 28.0600, 28.0600, 28.0600, 28.0600, 1015
2018-08-10, 27.4900, 27.4900, 27.4700, 27.4700, 217
2018-08-13, 27.4400, 27.4400, 27.3100, 27.3400, 1302
2018-08-14, 27.5800, 27.5900, 27.5800, 27.5900, 500
2018-08-15, 27.1500, 27.1800, 27.1500, 27.1500, 315
2018-08-16, 27.4100, 27.4100, 27.3800, 27.3800, 232
2018-08-17, 27.3100, 27.3100, 27.3100, 27.3100, 109
2018-08-20, 27.2800, 27.3100, 27.2800, 27.3100, 1634
2018-08-21, 27.1800, 27.1902, 27.1300, 27.1600, 38412
2018-08-22, 27.2400, 27.2400, 27.2400, 27.2400, 1157
2018-08-23, 27.2900, 27.3200, 27.2900, 27.3200, 202
2018-08-24, 27.4400, 27.4449, 27.4300, 27.4300, 2056
2018-08-27, 27.6992, 27.7422, 27.6992, 27.7100, 800
2018-08-28, 27.7600, 27.7800, 27.7500, 27.7800, 4306
2018-08-29, 27.7800, 27.7800, 27.7800, 27.7800, 0
2018-08-30, 27.7800, 27.7800, 27.7800, 27.7800, 3
2018-08-31, 27.5900, 27.5900, 27.5900, 27.5900, 502
2018-09-04, 27.2600, 27.2600, 27.2600, 27.2600, 3099
2018-09-05, 27.1425, 27.1425, 27.1400, 27.1400, 323
2018-09-06, 27.0300, 27.0300, 26.9300, 26.9400, 631
2018-09-07, 26.7900, 26.7900, 26.7900, 26.7900, 210
2018-09-10, 26.9400, 26.9400, 26.9400, 26.9400, 1000
2018-09-11, 26.9400, 26.9400, 26.9400, 26.9400, 3
2018-09-12, 27.0000, 27.0400, 27.0000, 27.0400, 203
2018-09-13, 27.4400, 27.4400, 27.4400, 27.4400, 300
2018-09-14, 27.4400, 27.4400, 27.4400, 27.4400, 6
2018-09-17, 27.8900, 27.9099, 27.7433, 27.7433, 1454
2018-09-18, 28.2600, 28.5500, 28.2600, 28.5500, 1391
2018-09-19, 28.5400, 28.5400, 28.5400, 28.5400, 6104
2018-09-20, 28.4900, 28.6100, 28.4900, 28.6100, 897
2018-09-21, 28.6700, 28.6700, 28.6300, 28.6300, 242
2018-09-24, 28.5500, 28.5858, 28.5500, 28.5858, 2307
2018-09-25, 28.8483, 28.8800, 28.8483, 28.8700, 4653
2018-09-26, 28.9700, 28.9800, 28.9585, 28.9800, 2210
2018-09-27, 29.0320, 29.0320, 29.0000, 29.0000, 1200
2018-09-28, 28.8900, 28.9300, 28.8900, 28.9300, 1076
2018-10-01, 29.3060, 29.3060, 29.3060, 29.3060, 180
2018-10-02, 29.1500, 29.1500, 29.1200, 29.1200, 2203
2018-10-03, 29.1300, 29.1300, 29.0690, 29.0690, 38664
2018-10-04, 28.4700, 28.5000, 28.3790, 28.3790, 500
2018-10-05, 28.4600, 28.4800, 28.2600, 28.2600, 5218
2018-10-08, 28.3486, 28.3486, 28.3486, 28.3486, 153
2018-10-09, 28.0000, 28.1262, 27.9200, 28.1262, 7176
2018-10-10, 27.6000, 27.6000, 27.6000, 27.6000, 2036
2018-10-11, 26.8500, 26.9000, 26.6000, 26.6000, 2700
2018-10-12, 26.7250, 26.9633, 26.7250, 26.9100, 2239
2018-10-15, 26.4400, 26.4400, 26.4400, 26.4400, 187
2018-10-16, 27.2400, 27.3100, 27.2400, 27.3100, 1121
2018-10-17, 27.3500, 27.3750, 27.3500, 27.3600, 403
2018-10-18, 27.2600, 27.2800, 27.2600, 27.2800, 1471
2018-10-19, 27.2800, 27.2800, 27.2800, 27.2800, 14
2018-10-22, 27.2800, 27.2800, 27.2800, 27.2800, 127
2018-10-23, 26.1900, 26.3100, 26.1700, 26.3100, 2050
2018-10-24, 26.2500, 26.2500, 25.9600, 25.9600, 1035
2018-10-25, 26.1600, 26.1900, 26.1600, 26.1900, 704
2018-10-26, 25.4900, 25.6800, 25.2100, 25.6600, 13843
2018-10-29, 25.6600, 25.6600, 25.6600, 25.6600, 12
2018-10-30, 25.6600, 25.6600, 25.6600, 25.6600, 2
2018-10-31, 26.1900, 26.1900, 26.1900, 26.1900, 928
2018-11-01, 25.5700, 25.5700, 25.5700, 25.5700, 909
2018-11-02, 26.0300, 26.0300, 25.9200, 25.9427, 918
2018-11-05, 25.9427, 25.9427, 25.9427, 25.9427, 5
2018-11-06, 26.2190, 26.2300, 26.2190, 26.2300, 235
2018-11-07, 26.3600, 26.4951, 26.3600, 26.4951, 1088
2018-11-08, 26.4200, 26.4200, 26.4200, 26.4200, 479
2018-11-09, 26.0700, 26.0800, 26.0700, 26.0800, 1104
