2014-04-09, 16.5000, 17.2500, 15.1500, 15.2000, 8710682
2014-04-10, 15.2000, 15.4800, 14.7500, 15.1100, 1996999
2014-04-11, 15.1100, 15.2000, 14.0000, 14.0500, 958707
2014-04-14, 14.1500, 14.4500, 13.6300, 13.8400, 698102
2014-04-15, 13.9800, 14.1500, 13.0800, 13.4500, 1022505
2014-04-16, 13.9900, 13.9900, 13.3000, 13.6300, 133726
2014-04-17, 13.6000, 13.7900, 13.4100, 13.5900, 220282
2014-04-21, 13.6000, 13.6000, 13.2500, 13.4500, 162378
2014-04-22, 13.6000, 14.2400, 13.4000, 13.9400, 727963
2014-04-23, 13.9700, 13.9990, 13.5000, 13.6100, 214436
2014-04-24, 13.9800, 13.9800, 13.5500, 13.6700, 195275
2014-04-25, 13.7000, 14.0100, 13.7000, 13.8500, 203266
2014-04-28, 13.9000, 14.1800, 13.7300, 13.9200, 378287
2014-04-29, 13.7700, 13.9400, 13.5500, 13.6400, 432499
2014-04-30, 13.9100, 14.0000, 13.5200, 13.7300, 215239
2014-05-01, 13.7000, 14.0700, 13.6600, 13.8500, 141603
2014-05-02, 13.7800, 14.1800, 13.7000, 14.1200, 289116
2014-05-05, 13.8800, 14.0900, 13.5600, 13.9900, 190408
2014-05-06, 13.8900, 13.9460, 13.6600, 13.7000, 70396
2014-05-07, 13.6750, 13.8700, 13.0600, 13.2700, 161454
2014-05-08, 13.3100, 13.6000, 13.0100, 13.2500, 111307
2014-05-09, 13.1700, 13.5150, 12.9000, 13.0600, 140637
2014-05-12, 13.1000, 13.5000, 13.1000, 13.4300, 56610
2014-05-13, 13.3900, 13.3900, 13.1000, 13.2700, 33212
2014-05-14, 13.2600, 13.5800, 13.0200, 13.5800, 115717
2014-05-15, 13.5500, 13.8000, 13.1400, 13.2500, 118258
2014-05-16, 13.3000, 13.5800, 13.0900, 13.4100, 63307
2014-05-19, 13.3100, 13.7500, 13.1320, 13.6700, 75427
2014-05-20, 13.7000, 13.7500, 13.4400, 13.7100, 63360
2014-05-21, 13.7300, 13.9400, 13.4000, 13.5900, 123734
2014-05-22, 13.5600, 13.8400, 13.3200, 13.8400, 204482
2014-05-23, 13.9000, 14.3000, 13.8800, 14.0700, 177267
2014-05-27, 14.1000, 14.4700, 14.0300, 14.4500, 181288
2014-05-28, 14.4500, 14.6000, 14.2900, 14.3800, 80939
2014-05-29, 14.4000, 14.5000, 14.2400, 14.3800, 186862
2014-05-30, 14.4000, 15.6700, 14.0300, 14.5800, 773279
2014-06-02, 14.6300, 15.2000, 14.2300, 15.0000, 373456
2014-06-03, 15.1300, 15.6200, 15.0000, 15.3200, 240543
2014-06-04, 15.2600, 15.6500, 15.0800, 15.1500, 136952
2014-06-05, 15.2300, 16.1900, 15.2000, 16.1000, 216235
2014-06-06, 16.1900, 16.6600, 16.0800, 16.5000, 285300
2014-06-09, 16.6900, 17.1600, 16.4000, 16.9400, 493076
2014-06-10, 17.0000, 17.5900, 16.2912, 17.1200, 780503
2014-06-11, 17.6600, 18.0000, 17.0900, 17.7700, 635832
2014-06-12, 17.8800, 17.9000, 17.5850, 17.8900, 284702
2014-06-13, 17.8300, 17.8500, 17.3600, 17.6100, 161466
2014-06-16, 17.6500, 17.7000, 17.1000, 17.2300, 108609
2014-06-17, 17.1600, 17.6700, 17.1500, 17.6100, 160606
2014-06-18, 17.6400, 18.5700, 17.3601, 18.1800, 447659
2014-06-19, 19.0000, 19.0000, 17.9200, 18.0400, 372301
2014-06-20, 18.1300, 18.4000, 17.2200, 17.5900, 163583
2014-06-23, 17.6700, 18.1100, 17.4300, 17.9300, 115536
2014-06-24, 17.9300, 18.2400, 17.3200, 17.4500, 155115
2014-06-25, 17.1300, 17.4900, 16.8000, 17.0800, 214348
2014-06-26, 17.1400, 17.7500, 16.8800, 17.1400, 410580
2014-06-27, 17.1300, 17.5000, 17.0856, 17.1900, 192128
2014-06-30, 17.2200, 17.7800, 17.2100, 17.3400, 323573
2014-07-01, 17.3500, 18.6400, 17.3400, 18.6100, 494226
2014-07-02, 18.7200, 19.1900, 18.3801, 18.6000, 234454
2014-07-03, 18.7800, 19.7700, 18.6401, 19.3400, 385707
2014-07-07, 19.3400, 19.3400, 18.2701, 18.8700, 203786
2014-07-08, 18.8800, 19.1200, 18.4200, 18.8600, 273455
2014-07-09, 18.9400, 19.9000, 18.7700, 19.8000, 459272
2014-07-10, 19.1500, 19.9000, 18.7010, 19.4600, 160587
2014-07-11, 19.4500, 19.7330, 18.8500, 18.9900, 236865
2014-07-14, 18.9000, 19.1299, 18.5100, 18.9400, 100073
2014-07-15, 18.9900, 19.0499, 18.3700, 18.7000, 110697
2014-07-16, 18.7000, 19.2900, 18.6200, 19.0500, 233583
2014-07-17, 19.0000, 19.3200, 18.8700, 19.0000, 163918
2014-07-18, 18.9600, 19.2900, 18.8000, 18.8000, 166273
2014-07-21, 18.8000, 19.0500, 18.6500, 18.7400, 285444
2014-07-22, 18.8800, 19.1300, 18.7000, 19.0000, 279279
2014-07-23, 19.0800, 19.1100, 18.6600, 18.7700, 51280
2014-07-24, 18.8200, 19.2000, 18.0300, 18.5000, 217027
2014-07-25, 18.2700, 19.2200, 18.2700, 18.9800, 135389
2014-07-28, 18.9600, 19.5900, 18.8600, 19.3900, 265696
2014-07-29, 19.5700, 19.6000, 18.7500, 18.8800, 153972
2014-07-30, 19.1400, 19.3650, 18.4600, 18.9800, 179066
2014-07-31, 19.0400, 19.0400, 18.4000, 18.7600, 118608
2014-08-01, 18.7000, 18.9346, 18.5100, 18.6000, 79588
2014-08-04, 18.6000, 18.9600, 18.3240, 18.6900, 55842
2014-08-05, 18.5700, 19.1500, 18.2800, 18.9900, 122813
2014-08-06, 18.8300, 19.0800, 18.6200, 18.6500, 96405
2014-08-07, 18.7000, 19.0000, 18.5000, 18.8700, 94159
2014-08-08, 18.9400, 19.5000, 18.6600, 18.9300, 133245
2014-08-11, 19.0500, 20.7400, 18.6300, 20.4700, 674257
2014-08-12, 20.6500, 21.7400, 20.5400, 21.2800, 640412
2014-08-13, 21.2800, 21.3500, 20.4000, 20.6200, 399455
2014-08-14, 20.5700, 20.6200, 19.6501, 20.2800, 312448
2014-08-15, 20.3200, 20.4800, 19.8500, 20.2700, 191224
2014-08-18, 20.3600, 21.0200, 19.9100, 20.7900, 332616
2014-08-19, 21.2200, 21.2725, 20.4700, 20.6400, 214931
2014-08-20, 20.5300, 20.6500, 20.2400, 20.4800, 83138
2014-08-21, 20.3000, 20.6000, 19.6600, 20.3600, 179235
2014-08-22, 20.4000, 20.8300, 20.2510, 20.5700, 134749
2014-08-25, 20.6700, 22.8600, 20.4700, 22.6500, 822325
2014-08-26, 19.6200, 21.0600, 19.5000, 19.5800, 982915
2014-08-27, 19.7000, 20.2600, 19.6500, 20.2500, 444717
2014-08-28, 20.2500, 22.0100, 19.8300, 21.3900, 359770
2014-08-29, 21.3500, 21.9100, 20.9986, 21.1900, 428825
2014-09-02, 21.1800, 21.1800, 20.2000, 20.3900, 314413
2014-09-03, 20.1800, 20.3550, 19.7100, 19.8000, 303844
2014-09-04, 19.9700, 21.2100, 19.9000, 20.0600, 217979
2014-09-05, 20.2900, 20.5800, 20.0600, 20.2900, 126181
2014-09-08, 20.3000, 20.3300, 19.3000, 19.5200, 300990
2014-09-09, 19.4900, 19.5400, 17.7500, 17.9900, 296085
2014-09-10, 18.0000, 19.3500, 17.9500, 18.9100, 415864
2014-09-11, 18.7600, 19.1400, 18.3000, 18.8700, 169348
2014-09-12, 18.8900, 19.9500, 18.8000, 19.1400, 200846
2014-09-15, 19.0900, 19.6500, 18.6700, 18.9700, 162605
2014-09-16, 18.9000, 19.7300, 18.7424, 19.4600, 174598
2014-09-17, 19.3900, 19.6150, 19.1000, 19.5000, 179480
2014-09-18, 19.5000, 21.0940, 19.5000, 20.1800, 380836
2014-09-19, 20.3300, 20.8900, 20.2700, 20.5300, 450972
2014-09-22, 20.4400, 20.5723, 18.4700, 18.9900, 366192
2014-09-23, 19.1200, 19.9200, 19.0700, 19.9100, 268214
2014-09-24, 19.8800, 19.9400, 19.1600, 19.4200, 218280
2014-09-25, 19.2700, 19.2700, 18.5000, 18.7600, 132767
2014-09-26, 18.8600, 19.2000, 18.8050, 18.9900, 149009
2014-09-29, 18.7400, 19.7700, 18.7400, 19.4700, 165642
2014-09-30, 19.5000, 20.3300, 18.9900, 19.4600, 427379
2014-10-01, 19.6700, 19.9500, 19.1100, 19.3500, 130143
2014-10-02, 19.3400, 19.3500, 19.0000, 19.2500, 134768
2014-10-03, 19.3200, 20.2900, 19.3200, 19.9900, 463226
2014-10-06, 20.1700, 20.3100, 18.5000, 18.6300, 327814
2014-10-07, 18.6000, 19.0875, 18.6000, 18.8400, 98952
2014-10-08, 18.9000, 19.1900, 18.1200, 18.9900, 135916
2014-10-09, 18.9900, 19.3000, 18.6300, 18.8800, 102171
2014-10-10, 18.7100, 18.7100, 17.8700, 18.1300, 369188
2014-10-13, 18.1800, 18.6000, 17.8100, 18.5700, 259058
2014-10-14, 18.6500, 19.1000, 18.1400, 18.5400, 295019
2014-10-15, 18.3500, 19.8000, 18.1200, 19.5800, 212811
2014-10-16, 19.3000, 19.5500, 18.1801, 19.2600, 150035
2014-10-17, 19.3400, 19.8000, 18.7800, 18.9900, 199411
2014-10-20, 18.8200, 19.4700, 18.3000, 18.9800, 139222
2014-10-21, 19.0000, 19.0000, 18.2100, 18.3000, 207045
2014-10-22, 18.3400, 19.0500, 18.2250, 18.6700, 404867
2014-10-23, 18.7000, 19.0900, 18.4700, 19.0000, 227923
2014-10-24, 19.0300, 19.1000, 18.3200, 18.5800, 267107
2014-10-27, 18.7100, 18.7100, 17.8300, 18.0700, 396480
2014-10-28, 18.1500, 18.9500, 18.0000, 18.7800, 245853
2014-10-29, 18.6900, 18.9000, 18.1000, 18.2000, 177795
2014-10-30, 18.1700, 18.2700, 17.0000, 17.6200, 316566
2014-10-31, 17.8100, 18.6650, 17.7100, 18.2600, 325505
2014-11-03, 18.3800, 18.8600, 18.0000, 18.6500, 248312
2014-11-04, 18.6900, 18.9600, 18.4100, 18.6700, 311428
2014-11-05, 18.4500, 18.9700, 18.0600, 18.1700, 183079
2014-11-06, 18.1900, 18.1900, 17.3700, 17.5100, 412497
2014-11-07, 17.6300, 17.9400, 17.2000, 17.3600, 254651
2014-11-10, 17.4600, 19.3050, 17.4000, 18.8800, 491701
2014-11-11, 18.8300, 19.1500, 18.1200, 18.2000, 208780
2014-11-12, 18.1000, 19.0100, 17.9400, 18.7100, 242083
2014-11-13, 18.6700, 18.9900, 18.4300, 18.5700, 112320
2014-11-14, 18.6300, 18.7000, 18.1300, 18.4600, 96551
2014-11-17, 18.4500, 18.7750, 18.0100, 18.3700, 222574
2014-11-18, 18.5700, 19.0000, 18.5600, 18.9000, 297319
2014-11-19, 18.9600, 19.8400, 18.6900, 18.8000, 505983
2014-11-20, 18.6100, 18.8100, 18.2500, 18.7200, 176517
2014-11-21, 18.7600, 19.1650, 18.4500, 18.7700, 262896
2014-11-24, 18.6800, 18.7500, 18.3805, 18.6100, 339552
2014-11-25, 19.0000, 19.4800, 18.3000, 19.0400, 789802
2014-11-26, 18.9400, 19.4500, 18.8900, 19.0000, 1036734
2014-11-28, 19.0000, 19.1800, 18.6000, 18.8700, 219600
2014-12-01, 18.9000, 19.0000, 18.1000, 18.3900, 366803
2014-12-02, 18.0600, 18.4600, 17.7100, 17.8700, 200886
2014-12-03, 17.9000, 18.1600, 17.7500, 17.9500, 277196
2014-12-04, 17.8800, 18.0800, 16.8800, 17.0400, 365216
2014-12-05, 16.9500, 17.6600, 16.9441, 17.4300, 243931
2014-12-08, 17.4300, 17.4900, 16.3400, 16.7800, 430049
2014-12-09, 16.5500, 16.5500, 15.1000, 15.6800, 591503
2014-12-10, 16.0000, 16.4000, 15.9000, 16.1500, 708731
2014-12-11, 16.2300, 16.4200, 16.1430, 16.2600, 130926
2014-12-12, 16.2200, 16.6300, 16.1200, 16.5300, 417122
2014-12-15, 16.4900, 16.9500, 16.3100, 16.4500, 444205
2014-12-16, 16.4200, 16.4600, 16.1200, 16.1400, 234575
2014-12-17, 16.1200, 16.2700, 16.0200, 16.0200, 119957
2014-12-18, 16.0200, 16.3300, 15.5200, 15.6600, 287217
2014-12-19, 15.5200, 15.8000, 15.4000, 15.6000, 250949
2014-12-22, 15.5700, 15.8400, 15.1000, 15.2700, 331749
2014-12-23, 15.2800, 15.5940, 14.6200, 14.6900, 287258
2014-12-24, 14.7500, 15.4200, 14.6400, 15.3500, 198046
2014-12-26, 15.3700, 15.3900, 14.7200, 14.9900, 113847
2014-12-29, 14.9500, 15.3200, 14.7600, 14.9900, 273365
2014-12-30, 15.0100, 15.3400, 14.8200, 15.0200, 470963
2014-12-31, 15.0000, 15.1800, 14.8200, 15.0400, 345666
2015-01-02, 15.0400, 15.6000, 15.0400, 15.3200, 211639
2015-01-05, 15.3000, 15.4900, 15.2100, 15.3200, 577964
2015-01-06, 15.3200, 15.3850, 15.2100, 15.3000, 346974
2015-01-07, 15.3200, 15.6800, 15.2050, 15.5100, 193593
2015-01-08, 15.5300, 15.8300, 15.3100, 15.6700, 305322
2015-01-09, 15.7200, 15.9500, 15.7200, 15.9200, 314048
2015-01-12, 15.8700, 15.9800, 15.3750, 15.5100, 178031
2015-01-13, 16.0500, 16.2000, 15.2400, 15.3600, 393396
2015-01-14, 15.3400, 15.5980, 15.0500, 15.5400, 263408
2015-01-15, 15.5000, 16.1000, 15.4200, 15.5750, 321822
2015-01-16, 15.4700, 15.8800, 15.3300, 15.5300, 299115
2015-01-20, 15.4900, 15.6000, 15.1700, 15.2500, 271702
2015-01-21, 15.2500, 15.7100, 15.0600, 15.5200, 218897
2015-01-22, 15.6600, 16.5150, 15.5500, 16.3400, 453880
2015-01-23, 16.4100, 17.3000, 16.3900, 17.2400, 729749
2015-01-26, 17.2500, 17.2900, 16.9000, 17.1800, 355828
2015-01-27, 17.0500, 17.4800, 17.0000, 17.3200, 236284
2015-01-28, 17.3500, 17.4100, 16.8700, 16.9700, 507248
2015-01-29, 16.9600, 17.1900, 16.6450, 17.0000, 318337
2015-01-30, 16.9600, 17.2700, 16.9000, 17.0300, 153083
2015-02-02, 17.1500, 17.4300, 16.8100, 17.3300, 523374
2015-02-03, 17.3200, 18.4900, 17.2086, 18.4400, 535006
2015-02-04, 18.3000, 18.3000, 17.6100, 17.8100, 176220
2015-02-05, 17.6000, 17.8300, 17.2800, 17.4800, 226864
2015-02-06, 17.4500, 17.4500, 17.0500, 17.2800, 109190
2015-02-09, 17.2100, 17.4600, 16.8700, 16.9500, 109851
2015-02-10, 16.9600, 17.0300, 16.8000, 16.9600, 69846
2015-02-11, 16.8700, 17.1300, 16.8515, 16.8800, 130886
2015-02-12, 16.9100, 17.0200, 16.8700, 16.9900, 149783
2015-02-13, 17.0000, 17.5000, 16.8800, 17.4900, 144793
2015-02-17, 17.5200, 17.5800, 17.1400, 17.2500, 116815
2015-02-18, 17.2500, 17.4000, 17.0000, 17.2900, 146565
2015-02-19, 17.2900, 17.5700, 17.2000, 17.3400, 72858
2015-02-20, 17.3500, 17.4500, 17.2300, 17.3500, 36154
2015-02-23, 17.2600, 17.5100, 17.1600, 17.3700, 147038
2015-02-24, 17.3000, 17.5900, 17.2100, 17.3400, 139449
2015-02-25, 17.3500, 17.5100, 17.3400, 17.4500, 102250
2015-02-26, 17.4900, 17.5100, 17.1600, 17.3200, 231271
2015-02-27, 17.4000, 17.4000, 16.7500, 16.9900, 257075
2015-03-02, 16.9300, 17.1000, 16.5600, 16.8100, 390511
2015-03-03, 16.7300, 17.3000, 16.7300, 17.0000, 131296
2015-03-04, 17.0000, 17.0500, 16.6500, 17.0000, 106545
2015-03-05, 17.0000, 17.0000, 16.6000, 16.8300, 91080
2015-03-06, 17.0700, 17.3500, 16.5100, 17.3200, 246195
2015-03-09, 17.4700, 17.4700, 16.5600, 17.2000, 207320
2015-03-10, 17.2500, 17.7400, 16.8500, 17.4100, 486690
2015-03-11, 17.4500, 17.4900, 16.8700, 17.0200, 299494
2015-03-12, 16.9500, 17.1000, 16.7500, 17.0000, 290682
2015-03-13, 17.0000, 17.0800, 16.7100, 17.0000, 374633
2015-03-16, 17.0600, 17.1000, 16.9300, 17.0000, 617207
2015-03-17, 17.1000, 17.1000, 16.7800, 16.8100, 384332
2015-03-18, 16.7500, 16.9600, 16.6400, 16.7600, 134433
2015-03-19, 16.8000, 17.1000, 16.5000, 16.9400, 284071
2015-03-20, 17.0000, 17.0000, 16.7000, 16.7500, 258366
2015-03-23, 16.7000, 16.9100, 16.6100, 16.8000, 287073
2015-03-24, 16.9000, 16.9600, 16.5200, 16.6400, 330168
2015-03-25, 16.5500, 16.9500, 16.3900, 16.5300, 487813
2015-03-26, 16.2500, 16.4940, 15.5000, 15.7050, 339691
2015-03-27, 15.7900, 15.9000, 15.4200, 15.4800, 139872
2015-03-30, 15.3000, 15.5600, 14.8200, 15.5000, 431693
2015-03-31, 15.5500, 16.3600, 15.5500, 16.2200, 296396
2015-04-01, 16.1700, 16.6600, 16.1700, 16.3900, 185542
2015-04-02, 16.3900, 16.7000, 16.3200, 16.4500, 156283
2015-04-06, 16.4100, 16.4800, 16.3000, 16.4100, 153516
2015-04-07, 16.3500, 16.4600, 15.9700, 16.1900, 138668
2015-04-08, 16.3000, 16.9800, 16.3000, 16.8500, 543140
2015-04-09, 16.9400, 16.9800, 16.2780, 16.7200, 604685
2015-04-10, 16.8000, 17.2400, 16.7500, 17.2000, 857281
2015-04-13, 17.1700, 18.5200, 17.1700, 18.1800, 1078969
2015-04-14, 18.2000, 18.2000, 16.9000, 17.2900, 1217910
2015-04-15, 17.2500, 17.4300, 16.8700, 17.3500, 1024494
2015-04-16, 17.3500, 17.8700, 17.3100, 17.4100, 486490
2015-04-17, 17.3200, 17.4499, 16.7000, 16.9000, 503356
2015-04-20, 17.0000, 17.0500, 16.7700, 16.9500, 127160
2015-04-21, 16.8700, 17.0400, 16.6350, 17.0100, 228677
2015-04-22, 17.0500, 17.4800, 16.8100, 17.4300, 260931
2015-04-23, 17.4000, 17.9400, 17.2100, 17.8600, 497743
2015-04-24, 17.7800, 17.9600, 17.4400, 17.4900, 307381
2015-04-27, 17.5200, 17.8100, 17.3000, 17.4100, 345020
2015-04-28, 17.3300, 17.7400, 17.2201, 17.7200, 248516
2015-04-29, 17.5700, 17.8500, 17.3200, 17.7100, 251048
2015-04-30, 17.7000, 17.8800, 17.3500, 17.5100, 234377
2015-05-01, 17.6200, 17.7500, 17.0900, 17.1900, 138273
2015-05-04, 17.1300, 18.0000, 16.9300, 17.6700, 353633
2015-05-05, 17.5500, 17.8100, 17.2600, 17.4100, 150693
2015-05-06, 17.3800, 17.6300, 17.1200, 17.3500, 151497
2015-05-07, 17.3600, 17.4100, 17.0000, 17.2200, 137516
2015-05-08, 17.3700, 17.5000, 17.0900, 17.2200, 164536
2015-05-11, 17.2600, 17.6000, 17.1500, 17.3500, 536485
2015-05-12, 17.3000, 17.4500, 17.1800, 17.2400, 141123
2015-05-13, 17.2600, 17.2600, 16.9800, 17.0400, 182409
2015-05-14, 17.0400, 17.3000, 16.8100, 17.2800, 203770
2015-05-15, 17.3200, 17.3400, 16.7800, 17.1700, 170576
2015-05-18, 17.1500, 17.1500, 16.8200, 16.8700, 336013
2015-05-19, 17.0000, 17.1400, 16.6200, 16.7200, 610264
2015-05-20, 16.7800, 17.1000, 16.6000, 16.6700, 270726
2015-05-21, 16.6100, 17.0000, 16.6100, 16.9600, 488402
2015-05-22, 17.0000, 17.7250, 16.7600, 17.5600, 729925
2015-05-26, 17.5800, 18.8800, 17.5600, 18.3900, 1569834
2015-05-27, 18.4700, 19.6100, 18.3200, 19.5000, 1328299
2015-05-28, 18.9500, 19.8000, 18.9000, 19.5700, 618665
2015-05-29, 19.6000, 21.2300, 19.6000, 20.7000, 2648224
2015-06-01, 20.8100, 22.3640, 20.5000, 22.1800, 2087578
2015-06-02, 22.1800, 22.1800, 21.2500, 21.6400, 769388
2015-06-03, 21.8100, 22.6700, 21.5000, 22.3100, 1213633
2015-06-04, 22.4200, 22.4900, 21.4800, 21.6300, 1130638
2015-06-05, 21.5000, 21.6400, 20.1900, 20.8000, 1622040
2015-06-08, 20.9600, 21.2800, 20.7000, 21.0200, 862388
2015-06-09, 20.5000, 20.7000, 18.8000, 19.1900, 1176133
2015-06-10, 19.1700, 20.2700, 19.1000, 20.0900, 1105632
2015-06-11, 20.0600, 20.8500, 19.2900, 20.5500, 1622181
2015-06-12, 20.5000, 21.4900, 20.3800, 20.5500, 1260582
2015-06-15, 20.4000, 20.7700, 20.0300, 20.7000, 953438
2015-06-16, 20.4600, 20.5000, 19.6700, 19.8000, 522182
2015-06-17, 20.0700, 20.4500, 19.7200, 19.8600, 635544
2015-06-18, 19.9800, 20.1800, 19.7800, 20.1100, 804466
2015-06-19, 20.0300, 20.1300, 19.2700, 19.6800, 669766
2015-06-22, 19.7000, 19.8900, 19.4600, 19.4800, 383020
2015-06-23, 19.5900, 19.8400, 19.4000, 19.5000, 313485
2015-06-24, 19.5000, 19.5950, 19.1000, 19.1300, 224314
2015-06-25, 19.1200, 19.5000, 19.0000, 19.3100, 382584
2015-06-26, 19.4200, 19.4200, 18.5000, 18.9000, 537487
2015-06-29, 18.4500, 19.0000, 18.1300, 18.5200, 489028
2015-06-30, 18.6800, 19.4400, 18.5300, 19.3400, 643273
2015-07-01, 19.4900, 19.6500, 19.0300, 19.2500, 416996
2015-07-02, 19.1700, 19.5998, 19.1203, 19.2000, 328231
2015-07-06, 18.3900, 18.4600, 17.1800, 17.6600, 1190990
2015-07-07, 17.1600, 17.3800, 14.6400, 15.6300, 2796429
2015-07-08, 14.6600, 15.8000, 14.6200, 15.5700, 1027255
2015-07-09, 16.2900, 16.9900, 15.9100, 16.0000, 1139222
2015-07-10, 16.3000, 16.6650, 16.0500, 16.2300, 726572
2015-07-13, 16.4400, 16.9800, 16.3500, 16.8100, 852348
2015-07-14, 16.9000, 17.9600, 16.7800, 17.5100, 909626
2015-07-15, 17.4000, 17.9000, 17.1750, 17.2800, 252031
2015-07-16, 17.3400, 17.8100, 17.3400, 17.4700, 369927
2015-07-17, 17.5600, 17.7800, 17.3041, 17.6000, 239820
2015-07-20, 17.7000, 18.0500, 17.4800, 17.5500, 184655
2015-07-21, 17.7500, 17.9000, 17.5300, 17.7900, 366642
2015-07-22, 17.7100, 17.9500, 17.5100, 17.6400, 245987
2015-07-23, 17.5800, 17.8100, 17.4000, 17.5000, 319107
2015-07-24, 17.4500, 17.8600, 17.3910, 17.5800, 147590
2015-07-27, 16.9700, 17.1100, 16.6900, 16.9200, 526310
2015-07-28, 16.9200, 17.1400, 16.6300, 17.0500, 440797
2015-07-29, 16.9500, 17.0700, 16.7200, 16.7500, 967491
2015-07-30, 16.7000, 16.8500, 16.0800, 16.7300, 525831
2015-07-31, 16.8100, 17.2700, 16.6100, 16.7200, 461372
2015-08-03, 16.8200, 17.1000, 16.6200, 17.0800, 170090
2015-08-04, 17.0100, 17.3900, 16.7800, 17.2000, 192924
2015-08-05, 17.2000, 17.4900, 16.8600, 17.0300, 92083
2015-08-06, 16.9600, 17.5500, 16.8700, 17.3700, 267748
2015-08-07, 17.4100, 17.6300, 17.2000, 17.5200, 385823
2015-08-10, 17.6900, 17.8100, 17.2500, 17.5000, 238562
2015-08-11, 17.3600, 17.7900, 17.0000, 17.4900, 274850
2015-08-12, 17.1500, 17.1500, 16.0501, 16.5500, 776308
2015-08-13, 16.4900, 16.7700, 16.2400, 16.5600, 201700
2015-08-14, 16.5600, 16.7600, 16.2700, 16.6000, 99535
2015-08-17, 16.5000, 16.9200, 16.3800, 16.8800, 181689
2015-08-18, 16.4500, 17.2100, 16.0100, 17.0400, 147478
2015-08-19, 17.0400, 17.1700, 16.1000, 16.3700, 255188
2015-08-20, 16.2000, 16.2000, 15.2000, 15.4900, 632261
2015-08-21, 15.3900, 15.3900, 14.8600, 15.0000, 614598
2015-08-24, 13.8000, 14.4200, 10.2000, 14.0000, 1015151
2015-08-25, 14.7700, 15.3200, 14.3000, 14.9000, 1017954
2015-08-26, 15.0000, 15.4200, 14.2760, 15.4200, 1133566
2015-08-27, 15.5900, 16.0300, 15.3550, 15.9700, 443612
2015-08-28, 15.8400, 16.3300, 15.5310, 16.0700, 342933
2015-08-31, 16.1000, 16.2000, 15.5400, 15.7200, 339572
2015-09-01, 15.9000, 15.9000, 15.3700, 15.5000, 752141
2015-09-02, 15.6700, 15.8200, 15.1300, 15.5500, 522187
2015-09-03, 15.6300, 16.0000, 15.3700, 15.5100, 313518
2015-09-04, 15.2500, 15.5600, 14.6400, 14.7400, 580824
2015-09-08, 15.3000, 15.5100, 14.9500, 15.1300, 334127
2015-09-09, 15.4600, 15.9900, 15.1900, 15.7400, 640624
2015-09-10, 15.6900, 17.2500, 15.4400, 15.8700, 576236
2015-09-11, 16.0000, 16.0600, 15.1900, 15.3900, 282265
2015-09-14, 15.3700, 15.6500, 15.0400, 15.2100, 326907
2015-09-15, 15.1700, 15.2900, 14.7100, 14.7700, 427832
2015-09-16, 14.8800, 15.1400, 14.7000, 14.7900, 478182
2015-09-17, 14.7000, 15.0050, 14.3900, 14.5100, 434694
2015-09-18, 14.4900, 14.9892, 14.2880, 14.6200, 233261
2015-09-21, 14.7300, 14.9800, 14.4100, 14.6200, 305565
2015-09-22, 14.3800, 14.7600, 14.3600, 14.6000, 605894
2015-09-23, 14.5400, 14.7200, 14.2000, 14.4700, 451018
2015-09-24, 14.3300, 14.6700, 14.2100, 14.5500, 186475
2015-09-25, 14.5800, 14.7500, 14.3000, 14.5400, 406281
2015-09-28, 14.3800, 14.8500, 14.3800, 14.7100, 468804
2015-09-29, 14.6400, 14.9700, 14.5000, 14.6600, 515327
2015-09-30, 14.7500, 14.9500, 14.6500, 14.8000, 416702
2015-10-01, 14.8600, 15.1800, 14.7300, 15.1800, 113840
2015-10-02, 15.2000, 16.0000, 15.2000, 15.9700, 162446
2015-10-05, 15.9600, 15.9600, 15.1100, 15.2600, 310004
2015-10-06, 15.1900, 15.4550, 15.0000, 15.2700, 420813
2015-10-07, 15.3600, 15.4320, 15.0940, 15.2400, 353955
2015-10-08, 15.1400, 15.4500, 15.0900, 15.3000, 139362
2015-10-09, 15.3900, 15.9260, 15.1600, 15.3000, 255004
2015-10-12, 15.3000, 15.5300, 15.1700, 15.5000, 148759
2015-10-13, 15.3800, 15.5300, 15.2400, 15.4300, 215440
2015-10-14, 15.5100, 15.8400, 15.0600, 15.3700, 214935
2015-10-15, 15.5200, 15.5200, 15.0900, 15.4500, 303018
2015-10-16, 15.5000, 15.5950, 14.8100, 15.4500, 509056
2015-10-19, 15.4800, 15.5000, 15.1400, 15.3000, 845620
2015-10-20, 15.2800, 15.4050, 15.1200, 15.3400, 339207
2015-10-21, 15.2800, 15.3000, 14.9500, 15.2700, 393390
2015-10-22, 15.2000, 15.3100, 14.8500, 15.1500, 303271
2015-10-23, 15.3600, 15.4700, 15.1200, 15.1300, 123381
2015-10-26, 15.0800, 15.3700, 15.0500, 15.3400, 297151
2015-10-27, 15.3500, 15.7700, 15.3500, 15.7400, 210496
2015-10-28, 15.6400, 15.8900, 15.1300, 15.7800, 664004
2015-10-29, 15.8500, 15.8980, 15.0400, 15.0900, 315532
2015-10-30, 15.1000, 15.6300, 15.1000, 15.4600, 107361
2015-11-02, 15.5300, 15.7900, 15.3900, 15.7300, 145977
2015-11-03, 15.5900, 15.7600, 15.5500, 15.6500, 110827
2015-11-04, 15.7700, 15.9600, 15.6300, 15.9100, 1037223
2015-11-05, 15.8800, 16.2500, 15.8800, 15.9900, 337712
2015-11-06, 15.9000, 16.3300, 15.8800, 16.2000, 368880
2015-11-09, 16.2000, 16.2500, 15.6260, 15.8800, 330451
2015-11-10, 15.6800, 16.1600, 15.6800, 16.0600, 301389
2015-11-11, 16.1700, 16.1800, 15.9100, 15.9900, 254845
2015-11-12, 16.0000, 16.1500, 15.9500, 15.9800, 305046
2015-11-13, 15.9700, 16.0825, 15.8300, 15.9600, 282383
2015-11-16, 16.0500, 16.7700, 15.9500, 16.7700, 302901
2015-11-17, 16.8000, 16.8000, 16.3500, 16.5800, 333663
2015-11-18, 16.6800, 16.9800, 16.3400, 16.6900, 180344
2015-11-19, 16.8200, 17.0600, 16.7700, 17.0000, 249954
2015-11-20, 17.1900, 17.3400, 17.0000, 17.1200, 522743
2015-11-23, 17.1000, 17.3000, 16.8800, 16.9700, 408388
2015-11-24, 16.9000, 16.9350, 16.4800, 16.7200, 349155
2015-11-25, 16.7500, 17.1600, 16.7500, 17.0100, 216801
2015-11-27, 16.9700, 16.9700, 16.5500, 16.7700, 197507
2015-11-30, 19.0000, 19.6800, 18.7700, 19.5000, 4141587
2015-12-01, 19.0300, 19.6500, 18.7200, 19.3500, 1717930
2015-12-02, 19.5000, 19.5000, 18.5800, 18.8800, 1316932
2015-12-03, 18.9600, 18.9600, 18.2300, 18.3700, 1159725
2015-12-04, 18.4300, 18.6500, 18.1800, 18.5000, 916703
2015-12-07, 18.6000, 18.8500, 18.4800, 18.5200, 842560
2015-12-08, 18.5300, 18.9300, 18.4100, 18.6900, 713394
2015-12-09, 18.6600, 19.0900, 18.6100, 19.0600, 505045
2015-12-10, 19.0600, 19.5000, 18.9400, 19.2300, 1196254
2015-12-11, 19.4300, 19.5500, 19.1800, 19.4000, 1009901
2015-12-14, 19.3900, 20.1300, 19.3450, 19.5400, 1071057
2015-12-15, 19.8000, 19.8100, 19.4500, 19.6300, 539134
2015-12-16, 19.7300, 20.0600, 19.6200, 19.9700, 1336536
2015-12-17, 20.0200, 20.2500, 19.8400, 20.0900, 347970
2015-12-18, 20.1400, 20.5500, 20.0200, 20.3600, 428027
2015-12-21, 20.4000, 21.0900, 20.3700, 20.4500, 952957
2015-12-22, 20.5500, 20.8900, 20.4500, 20.6500, 327933
2015-12-23, 20.7500, 21.0000, 20.6000, 20.9900, 148869
2015-12-24, 21.0000, 21.4900, 20.8100, 21.3400, 151388
2015-12-28, 21.2400, 21.3000, 20.9000, 21.1600, 145936
2015-12-29, 20.5000, 21.0000, 20.5000, 20.6900, 360875
2015-12-30, 20.6900, 20.6900, 20.3600, 20.4000, 513736
2015-12-31, 20.2900, 20.6897, 20.2900, 20.4400, 263501
2016-01-04, 20.0300, 20.3494, 19.9000, 20.2200, 364862
2016-01-05, 20.9000, 21.5000, 20.6300, 20.9500, 1486351
2016-01-06, 21.9900, 22.0000, 21.2700, 21.6100, 2449617
2016-01-07, 21.3500, 22.0100, 21.3500, 21.9900, 1174375
2016-01-08, 22.0400, 22.5000, 21.9800, 22.0400, 636062
2016-01-11, 22.0000, 22.0001, 21.6200, 21.8000, 981746
2016-01-12, 21.8000, 22.0200, 21.5000, 21.6400, 751417
2016-01-13, 21.8000, 21.9100, 21.1600, 21.2600, 661914
2016-01-14, 21.2500, 21.2885, 19.8400, 20.3300, 1286836
2016-01-15, 20.3200, 20.3200, 19.6600, 20.0000, 715584
2016-01-19, 20.5000, 20.8800, 20.0700, 20.1500, 1088203
2016-01-20, 19.9000, 20.4800, 19.1750, 20.2200, 880070
2016-01-21, 20.1500, 20.6500, 19.8500, 20.3300, 573686
2016-01-22, 20.5500, 20.9400, 20.4700, 20.8300, 394655
2016-01-25, 20.6800, 21.2400, 20.6800, 21.0200, 486210
2016-01-26, 20.9800, 20.9800, 20.2600, 20.8800, 753846
2016-01-27, 20.9000, 20.9000, 20.4000, 20.4500, 502398
2016-01-28, 20.5700, 20.6200, 20.1000, 20.4700, 368119
2016-01-29, 20.4600, 21.0200, 20.4600, 20.8000, 372096
2016-02-01, 20.6600, 20.9500, 20.6200, 20.8600, 355967
2016-02-02, 20.8200, 20.9800, 20.7100, 20.8200, 637735
2016-02-03, 20.8200, 21.0100, 20.7400, 20.9800, 1052819
2016-02-04, 21.0600, 21.2350, 20.8400, 20.9200, 534081
2016-02-05, 20.8900, 21.2000, 20.7100, 21.0600, 443043
2016-02-08, 20.9900, 21.1500, 20.3400, 20.4400, 745879
2016-02-09, 20.2400, 20.5900, 20.1100, 20.1500, 433355
2016-02-10, 20.2300, 20.3400, 19.3800, 19.6200, 1098588
2016-02-11, 19.6000, 19.7000, 18.3500, 19.1400, 820138
2016-02-12, 19.1100, 20.2400, 19.0100, 20.0900, 345865
2016-02-16, 20.2600, 20.6000, 20.2500, 20.5200, 172689
2016-02-17, 20.8100, 21.0400, 20.5300, 20.9900, 588946
2016-02-18, 20.8800, 21.3709, 20.6500, 20.7300, 254797
2016-02-19, 20.8000, 20.9100, 20.7100, 20.8000, 365053
2016-02-22, 20.8800, 21.0400, 20.8100, 20.9800, 303857
2016-02-23, 20.9800, 21.1100, 20.8400, 20.9100, 455897
2016-02-24, 20.8400, 20.9400, 20.5600, 20.5900, 393359
2016-02-25, 20.4400, 20.6700, 19.7100, 20.1000, 540837
2016-02-26, 20.2600, 21.0465, 20.2600, 20.8500, 202151
2016-02-29, 20.8000, 20.9300, 20.6800, 20.8000, 576185
2016-03-01, 20.8900, 21.0200, 20.5601, 20.8800, 558315
2016-03-02, 20.8700, 21.0500, 20.6600, 21.0000, 247342
2016-03-03, 21.0500, 21.1700, 20.9100, 21.0900, 229004
2016-03-04, 21.1600, 21.2300, 20.9900, 21.1300, 782898
2016-03-07, 21.0000, 21.4889, 20.9400, 21.0500, 918078
2016-03-08, 21.0000, 21.1000, 20.8600, 21.0500, 1115453
2016-03-09, 21.0000, 21.1800, 20.6100, 21.1000, 781440
2016-03-10, 21.0000, 21.2200, 20.3200, 20.4000, 975743
2016-03-11, 20.4500, 20.6100, 20.2100, 20.3700, 1428346
2016-03-14, 20.3200, 20.7900, 20.1700, 20.1900, 1021469
2016-03-15, 19.9500, 20.2900, 19.6400, 20.2000, 1195099
2016-03-16, 20.1600, 20.3500, 20.0500, 20.1900, 1088726
2016-03-17, 20.2000, 20.3600, 20.0600, 20.3300, 762503
2016-03-18, 20.3600, 21.0400, 20.3350, 21.0000, 1670878
2016-03-21, 21.0200, 21.3400, 21.0200, 21.3100, 1539347
2016-03-22, 21.1400, 21.5300, 21.1400, 21.5000, 972367
2016-03-23, 21.3200, 21.7000, 21.3200, 21.5700, 765583
2016-03-24, 21.5000, 21.7000, 21.3400, 21.6000, 785785
2016-03-28, 21.6000, 21.6600, 20.9300, 21.0000, 454172
2016-03-29, 20.8700, 22.0000, 20.8400, 21.6800, 1463428
2016-03-30, 21.7400, 21.9700, 21.4900, 21.7400, 584885
2016-03-31, 21.6900, 22.2700, 21.6200, 21.8600, 736980
2016-04-01, 21.8400, 22.0200, 21.7100, 22.0100, 825174
2016-04-04, 22.1000, 22.1000, 21.5600, 21.7100, 215839
2016-04-05, 21.7000, 21.9750, 21.5700, 21.6100, 162102
2016-04-06, 21.6700, 21.9600, 21.5300, 21.8400, 207873
2016-04-07, 21.8000, 22.0600, 21.8000, 22.0200, 403024
2016-04-08, 22.0300, 22.5800, 21.8100, 21.9300, 312851
2016-04-11, 21.9000, 21.9200, 21.6000, 21.6000, 149091
2016-04-12, 21.6600, 21.7800, 21.5200, 21.6500, 138667
2016-04-13, 21.6500, 21.7800, 21.5900, 21.5900, 145470
2016-04-14, 21.5000, 21.9800, 21.3200, 21.8350, 247713
2016-04-15, 21.9600, 21.9600, 21.4500, 21.6300, 144035
2016-04-18, 21.7200, 22.4700, 21.6136, 22.0000, 363284
2016-04-19, 21.9500, 22.1600, 21.8900, 22.0100, 151073
2016-04-20, 22.0000, 22.3800, 21.7900, 22.0400, 373226
2016-04-21, 22.0700, 22.0700, 21.4101, 21.8600, 95047
2016-04-22, 21.8800, 21.8800, 21.4900, 21.5200, 339465
2016-04-25, 21.4300, 21.8100, 21.2300, 21.6300, 202743
2016-04-26, 21.9200, 21.9899, 21.2500, 21.4900, 188903
2016-04-27, 21.3500, 21.5400, 21.2800, 21.4100, 112158
2016-04-28, 21.4800, 21.7400, 21.4301, 21.4800, 180156
2016-04-29, 21.5000, 21.5800, 21.4000, 21.4800, 188168
2016-05-02, 21.4600, 21.5702, 21.4400, 21.5000, 241293
2016-05-03, 21.5000, 21.5400, 21.3200, 21.3200, 188526
2016-05-04, 21.3300, 21.5100, 21.3300, 21.3400, 120581
2016-05-05, 21.4500, 21.4950, 20.0500, 20.4600, 1072348
2016-05-06, 20.0100, 20.3300, 19.6500, 19.9700, 544992
2016-05-09, 19.8000, 20.1300, 18.6700, 19.2800, 942897
2016-05-10, 19.2900, 19.9778, 17.5200, 18.1300, 1045610
2016-05-11, 18.0000, 18.2200, 17.2100, 17.7700, 947417
2016-05-12, 17.1800, 17.5200, 16.7750, 17.2300, 978292
2016-05-13, 17.4500, 18.1700, 17.2600, 17.9800, 614588
2016-05-16, 18.3800, 18.8000, 18.3800, 18.5200, 650185
2016-05-17, 18.3700, 19.0700, 18.3001, 18.5800, 165372
2016-05-18, 18.5300, 18.8600, 18.2000, 18.7400, 392918
2016-05-19, 18.6600, 18.8600, 18.4900, 18.6000, 193490
2016-05-20, 18.7500, 18.7500, 18.2300, 18.4200, 296028
2016-05-23, 18.4100, 19.0800, 18.4100, 18.9900, 442221
2016-05-24, 18.9800, 19.6500, 18.9600, 19.1800, 227905
2016-05-25, 19.0900, 19.1650, 18.9200, 19.0100, 203929
2016-05-26, 19.0000, 19.5000, 18.8800, 19.0300, 135581
2016-05-27, 19.0400, 19.3000, 18.9100, 19.2600, 152972
2016-05-31, 19.5100, 19.9800, 19.5100, 19.9000, 684466
2016-06-01, 19.7900, 20.2700, 19.6300, 20.1900, 355221
2016-06-02, 20.2100, 20.4900, 19.9600, 20.2500, 481899
2016-06-03, 19.9000, 20.4700, 19.7000, 20.2400, 172911
2016-06-06, 20.3500, 21.4900, 20.2880, 21.1200, 1204221
2016-06-07, 21.1200, 21.2000, 19.4000, 19.9700, 2493607
2016-06-08, 19.7000, 19.9300, 18.9515, 19.7500, 1302281
2016-06-09, 19.8000, 19.8250, 19.3800, 19.6400, 548272
2016-06-10, 19.3700, 19.8100, 19.1900, 19.7200, 357416
2016-06-13, 19.8200, 19.8200, 19.2200, 19.2800, 352650
2016-06-14, 19.3500, 19.5300, 19.0300, 19.1400, 187004
2016-06-15, 19.1500, 19.4800, 19.1300, 19.2900, 150512
2016-06-16, 19.1400, 19.4200, 19.0500, 19.3400, 406903
2016-06-17, 19.4600, 19.7000, 19.1150, 19.6500, 441539
2016-06-20, 19.7800, 19.7800, 19.4700, 19.6500, 526401
2016-06-21, 19.6100, 19.7500, 19.5400, 19.6000, 449164
2016-06-22, 19.6000, 19.6500, 19.4550, 19.5900, 364596
2016-06-23, 19.7200, 19.7200, 19.2700, 19.2900, 155122
2016-06-24, 18.8000, 19.0300, 18.7500, 18.9800, 162110
2016-06-27, 18.9000, 18.9200, 18.4900, 18.6500, 139836
2016-06-28, 18.8000, 18.9300, 18.5400, 18.6400, 86954
2016-06-29, 18.7000, 18.8800, 18.4500, 18.5000, 203732
2016-06-30, 19.0000, 19.0100, 17.9300, 18.3400, 555742
2016-07-01, 18.3100, 18.8500, 18.2000, 18.4800, 311213
2016-07-05, 18.3700, 18.5111, 18.1600, 18.2500, 302198
2016-07-06, 18.2000, 18.4900, 18.0700, 18.2400, 1030356
2016-07-07, 18.3200, 18.4150, 17.9000, 17.9400, 217481
2016-07-08, 17.9600, 18.2800, 17.9600, 18.2000, 173715
2016-07-11, 18.2000, 18.3050, 18.1300, 18.1500, 60286
2016-07-12, 18.1600, 18.1600, 17.8950, 18.1000, 65187
2016-07-13, 18.1600, 18.2400, 18.0800, 18.1200, 117018
2016-07-14, 18.2300, 18.2300, 18.0100, 18.1400, 221784
2016-07-15, 18.1800, 18.3700, 18.0100, 18.0500, 55762
2016-07-18, 18.0900, 18.3900, 18.0900, 18.2300, 157142
2016-07-19, 18.2800, 18.5800, 18.1950, 18.2700, 228470
2016-07-20, 18.2700, 18.5300, 18.1700, 18.3400, 146664
2016-07-21, 18.3500, 18.5300, 18.3300, 18.4300, 292946
2016-07-22, 18.5000, 18.5200, 18.3900, 18.4800, 123528
2016-07-25, 18.5000, 18.5100, 18.1750, 18.2100, 179369
2016-07-26, 18.2350, 18.4700, 18.1900, 18.4100, 157977
2016-07-27, 18.4100, 18.4800, 18.2100, 18.3800, 144992
2016-07-28, 18.3800, 18.4600, 18.3800, 18.4600, 117344
2016-07-29, 18.3900, 18.5000, 18.3800, 18.4600, 172418
2016-08-01, 18.5200, 18.5800, 18.4350, 18.4800, 159431
2016-08-02, 18.5000, 18.5800, 18.4350, 18.5400, 154504
2016-08-03, 18.5500, 18.9760, 18.4950, 18.8300, 339623
2016-08-04, 18.8500, 19.3300, 18.8400, 19.1800, 237147
2016-08-05, 19.1200, 19.2300, 19.0500, 19.1800, 212606
2016-08-08, 19.1700, 19.2100, 18.7900, 18.8500, 172129
2016-08-09, 18.8500, 18.8500, 18.5100, 18.6100, 208282
2016-08-10, 18.5600, 18.7100, 18.5500, 18.6200, 69907
2016-08-11, 18.7000, 18.7500, 18.6200, 18.6700, 148405
2016-08-12, 18.6499, 18.6700, 18.4700, 18.5400, 59755
2016-08-15, 18.5500, 18.7200, 18.4400, 18.4700, 154459
2016-08-16, 18.5000, 18.7000, 18.4600, 18.4600, 116815
2016-08-17, 18.4600, 18.6100, 18.3010, 18.5300, 166004
2016-08-18, 18.4600, 18.6100, 18.3700, 18.5500, 178076
2016-08-19, 18.5200, 18.7050, 18.3900, 18.6500, 196032
2016-08-22, 18.5900, 19.2000, 18.5000, 18.9500, 156641
2016-08-23, 18.9400, 19.0600, 18.6100, 18.7100, 199712
2016-08-24, 18.8000, 18.8000, 18.6500, 18.6500, 72640
2016-08-25, 18.6100, 18.7000, 18.5400, 18.6800, 87425
2016-08-26, 18.5900, 18.6700, 18.4400, 18.6000, 141914
2016-08-29, 18.5600, 18.6100, 18.4000, 18.4900, 90439
2016-08-30, 18.6600, 18.6600, 18.4300, 18.4700, 126942
2016-08-31, 18.4900, 18.5150, 18.4000, 18.4400, 142686
2016-09-01, 19.2000, 19.2000, 18.1900, 18.2200, 471140
2016-09-02, 18.2100, 18.5700, 18.2000, 18.2200, 120448
2016-09-06, 18.1800, 18.4900, 18.1800, 18.4000, 204358
2016-09-07, 18.2900, 18.7600, 18.2900, 18.4900, 154354
2016-09-08, 18.3700, 18.9800, 18.3300, 18.5000, 72327
2016-09-09, 18.4600, 18.7900, 18.1100, 18.1600, 99162
2016-09-12, 18.0600, 18.3800, 18.0600, 18.3400, 167990
2016-09-13, 18.1000, 18.3700, 18.1000, 18.2300, 117093
2016-09-14, 18.2500, 18.3000, 18.1700, 18.2100, 168454
2016-09-15, 18.2000, 18.2400, 18.1000, 18.1900, 133395
2016-09-16, 18.1700, 18.1800, 18.0500, 18.0800, 83946
2016-09-19, 18.1000, 18.1800, 18.0200, 18.0600, 120050
2016-09-20, 18.0900, 18.0900, 17.9200, 18.0100, 195696
2016-09-21, 18.0100, 18.1250, 17.9500, 18.0100, 52442
2016-09-22, 18.0500, 18.0700, 17.9414, 18.0700, 101908
2016-09-23, 18.0300, 18.0600, 17.9600, 18.0000, 72953
2016-09-26, 17.9600, 18.0000, 17.9100, 17.9400, 69491
2016-09-27, 17.9700, 18.0700, 17.9100, 18.0500, 90554
2016-09-28, 18.0700, 18.9000, 18.0000, 18.8900, 425469
2016-09-29, 18.9400, 18.9400, 18.3700, 18.6100, 216836
2016-09-30, 18.6100, 18.6100, 18.0300, 18.0850, 182566
2016-10-03, 18.1000, 18.2700, 18.0600, 18.0800, 90252
2016-10-04, 18.0800, 18.1100, 17.9250, 18.0100, 127278
2016-10-05, 18.0700, 18.1400, 17.9872, 18.0100, 259834
2016-10-06, 18.0500, 18.2500, 17.9900, 18.2000, 238941
2016-10-07, 18.2000, 18.4100, 18.0400, 18.1800, 192300
2016-10-10, 18.2400, 18.5200, 18.1500, 18.3900, 270747
2016-10-11, 18.2700, 18.4400, 18.2000, 18.3000, 130665
2016-10-12, 18.3000, 18.4300, 18.1800, 18.3200, 123618
2016-10-13, 18.2400, 18.4100, 18.1000, 18.1800, 192580
2016-10-14, 18.2600, 18.3600, 18.1800, 18.2300, 134287
2016-10-17, 18.2300, 18.3200, 18.1500, 18.2100, 167902
2016-10-18, 18.2900, 18.4200, 18.2400, 18.3000, 158796
2016-10-19, 18.3100, 18.4178, 18.2700, 18.3200, 93948
2016-10-20, 18.3500, 18.5100, 18.3000, 18.4100, 157455
2016-10-21, 18.3900, 18.5700, 18.3700, 18.5600, 154959
2016-10-24, 18.6000, 18.6700, 18.5200, 18.5600, 169075
2016-10-25, 18.5500, 18.5900, 18.3800, 18.4100, 112900
2016-10-26, 18.3800, 18.5000, 18.3100, 18.3700, 132074
2016-10-27, 18.3600, 18.4200, 17.9000, 18.2900, 299386
2016-10-28, 18.2200, 18.3200, 17.9100, 18.0400, 149109
2016-10-31, 18.0200, 18.1900, 17.9100, 18.1900, 186541
2016-11-01, 18.1400, 18.2250, 17.8500, 17.8900, 205091
2016-11-02, 17.9000, 17.9000, 17.6000, 17.6400, 290205
2016-11-03, 17.6900, 17.8500, 17.3300, 17.5200, 236535
2016-11-04, 17.5100, 17.7400, 17.4300, 17.5700, 210524
2016-11-07, 17.9100, 17.9300, 17.0100, 17.1200, 351659
2016-11-08, 17.1500, 17.1650, 17.0200, 17.1100, 133870
2016-11-09, 17.0100, 17.2800, 17.0100, 17.2000, 298516
2016-11-10, 17.1800, 17.3000, 17.0600, 17.1700, 209935
2016-11-11, 17.1100, 17.2900, 17.1000, 17.1600, 174615
2016-11-14, 17.1900, 17.2600, 17.1100, 17.2100, 129243
2016-11-15, 17.2700, 17.3300, 17.1050, 17.1800, 133257
2016-11-16, 17.2300, 17.2900, 17.1600, 17.2000, 156257
2016-11-17, 17.1900, 17.3050, 17.1600, 17.1800, 418144
2016-11-18, 17.2200, 17.3725, 17.1800, 17.2100, 690126
2016-11-21, 17.2600, 17.8950, 17.2600, 17.8900, 223629
2016-11-22, 17.9500, 17.9500, 17.3500, 17.6900, 100898
2016-11-23, 17.0600, 17.4400, 17.0600, 17.3700, 176605
2016-11-25, 17.2400, 17.3900, 15.9100, 16.1000, 765736
2016-11-28, 15.9500, 16.1200, 14.4800, 15.0000, 1088411
2016-11-29, 15.1100, 15.3000, 14.8445, 15.0600, 270341
2016-11-30, 15.1000, 15.5200, 15.0800, 15.3400, 482896
2016-12-01, 15.3200, 15.3800, 15.2200, 15.2700, 288763
2016-12-02, 15.1100, 15.7100, 14.8500, 15.6500, 299597
2016-12-05, 15.5700, 15.8200, 15.3500, 15.7700, 371642
2016-12-06, 15.7700, 15.7900, 15.5000, 15.5700, 200874
2016-12-07, 15.5400, 15.8500, 14.8800, 15.8300, 363605
2016-12-08, 15.9400, 15.9400, 15.7000, 15.8400, 239373
2016-12-09, 15.8000, 16.0700, 15.8000, 16.0600, 182974
2016-12-12, 15.9800, 16.0450, 15.8200, 16.0300, 247024
2016-12-13, 16.1100, 16.1300, 15.8900, 16.0100, 219179
2016-12-14, 16.0000, 16.0200, 15.8000, 15.9300, 189407
2016-12-15, 15.9600, 15.9600, 15.5100, 15.6200, 256597
2016-12-16, 15.3800, 15.5900, 15.0100, 15.3600, 498075
2016-12-19, 15.3100, 15.3100, 14.5100, 14.7600, 435749
2016-12-20, 14.7300, 14.7700, 14.0800, 14.2800, 585362
2016-12-21, 14.3400, 14.3400, 13.8000, 13.8300, 517886
2016-12-22, 13.8200, 14.2500, 13.7200, 14.0000, 524243
2016-12-23, 14.0900, 14.4300, 14.0000, 14.3200, 243948
2016-12-27, 14.4000, 15.3900, 14.3800, 15.3100, 225218
2016-12-28, 15.3000, 16.3900, 15.3000, 16.2200, 431487
2016-12-29, 16.2000, 16.9200, 16.0100, 16.8600, 388503
2016-12-30, 16.8500, 17.3800, 16.4801, 17.3300, 1252681
2017-01-03, 17.2200, 17.3700, 17.0600, 17.2700, 481316
2017-01-04, 17.3000, 18.1000, 17.3000, 18.0100, 650876
2017-01-05, 18.0000, 18.1860, 17.6500, 17.6700, 273146
2017-01-06, 17.5800, 17.9500, 17.3000, 17.8400, 345878
2017-01-09, 17.8600, 17.8600, 17.4600, 17.5100, 91021
2017-01-10, 17.4500, 17.7700, 17.3700, 17.4700, 122098
2017-01-11, 17.4700, 18.1000, 17.4700, 17.7800, 281366
2017-01-12, 17.7500, 17.9850, 17.7500, 17.9000, 203443
2017-01-13, 17.8000, 18.4100, 17.8000, 18.1900, 302372
2017-01-17, 18.1000, 18.2600, 17.8000, 18.1200, 104737
2017-01-18, 18.2000, 18.2000, 17.9100, 18.0800, 104021
2017-01-19, 18.0900, 18.4000, 17.9500, 18.3300, 169782
2017-01-20, 18.2400, 18.3600, 18.1600, 18.1700, 346725
2017-01-23, 18.0700, 18.0700, 16.9300, 16.9800, 272859
2017-01-24, 16.9900, 16.9900, 16.3000, 16.5800, 194029
2017-01-25, 16.6600, 17.0500, 16.6000, 16.8000, 67199
2017-01-26, 16.8000, 16.8300, 16.2800, 16.3000, 110831
2017-01-27, 16.3500, 17.1800, 16.3000, 16.4600, 58843
2017-01-30, 16.4800, 16.9300, 16.1900, 16.8400, 136276
2017-01-31, 16.8000, 17.0500, 16.5597, 16.9300, 405047
2017-02-01, 16.8700, 16.9200, 16.4890, 16.7500, 132959
2017-02-02, 16.6500, 16.9600, 16.3500, 16.4500, 79603
2017-02-03, 16.5700, 16.9800, 16.4300, 16.8700, 85652
2017-02-06, 16.8600, 16.9700, 16.1100, 16.6900, 53593
2017-02-07, 16.6800, 16.9800, 16.6700, 16.8400, 59659
2017-02-08, 16.7900, 17.0400, 16.7900, 17.0000, 74799
2017-02-09, 17.0300, 17.1800, 16.9200, 17.1300, 64146
2017-02-10, 17.2300, 17.2300, 16.9600, 16.9800, 59011
2017-02-13, 17.0000, 17.3700, 16.8400, 17.1800, 172671
2017-02-14, 17.0600, 17.3600, 17.0000, 17.0400, 89785
2017-02-15, 17.0400, 17.2700, 17.0000, 17.1700, 122349
2017-02-16, 17.1500, 17.4100, 17.0600, 17.2000, 85106
2017-02-17, 17.2000, 17.5700, 17.1400, 17.5200, 1105095
2017-02-21, 17.6600, 17.7100, 16.4000, 16.7300, 386630
2017-02-22, 16.7400, 16.9600, 16.3900, 16.8500, 306381
2017-02-23, 16.9900, 17.1000, 16.7100, 17.1000, 206692
2017-02-24, 17.0300, 17.1200, 16.7400, 16.8300, 144893
2017-02-27, 16.9500, 16.9600, 16.0100, 16.0200, 251111
2017-02-28, 16.0200, 16.2650, 15.8800, 16.0200, 199152
2017-03-01, 16.1100, 16.2300, 15.8300, 15.9300, 183914
2017-03-02, 15.9000, 16.0700, 15.8500, 16.0200, 38677
2017-03-03, 16.0400, 16.1000, 15.8990, 16.0500, 89511
2017-03-06, 16.0000, 16.0200, 15.5300, 15.6000, 195108
2017-03-07, 15.6200, 16.2000, 15.6200, 16.0200, 250948
2017-03-08, 16.0000, 16.0500, 15.8700, 15.8900, 868420
2017-03-09, 15.9000, 16.1000, 15.8000, 16.0600, 276439
2017-03-10, 16.0800, 16.0800, 15.7600, 15.9100, 67969
2017-03-13, 15.9300, 15.9400, 15.3600, 15.3800, 291584
2017-03-14, 15.3700, 15.4600, 14.7600, 14.9100, 793046
2017-03-15, 14.8100, 14.8700, 14.5200, 14.7600, 344222
2017-03-16, 14.8400, 15.1000, 14.6100, 14.7500, 492815
2017-03-17, 14.6600, 14.9300, 14.3700, 14.8500, 694175
2017-03-20, 14.9300, 15.4300, 14.8600, 14.9200, 316463
2017-03-21, 14.8100, 15.1200, 14.6800, 14.7700, 250824
2017-03-22, 14.6500, 14.8200, 14.5200, 14.7800, 136226
2017-03-23, 14.6200, 14.9300, 14.6200, 14.7400, 111420
2017-03-24, 14.7300, 14.9900, 14.6450, 14.6900, 120118
2017-03-27, 14.6800, 14.9500, 14.6300, 14.7200, 209016
2017-03-28, 14.6600, 14.8700, 14.6600, 14.7500, 288297
2017-03-29, 14.8000, 14.9600, 14.7000, 14.8100, 109344
2017-03-30, 14.8000, 14.9000, 14.7700, 14.8100, 113441
2017-03-31, 14.8000, 14.8200, 14.5700, 14.6000, 188919
2017-04-03, 14.6000, 14.7000, 14.4000, 14.4100, 204999
2017-04-04, 14.4000, 14.5100, 14.4000, 14.4100, 54646
2017-04-05, 14.4100, 14.6750, 14.4100, 14.4800, 122901
2017-04-06, 14.4800, 14.5770, 14.3000, 14.3200, 128563
2017-04-07, 14.3000, 14.3500, 14.2000, 14.3300, 163936
2017-04-10, 14.2100, 14.5700, 14.2100, 14.5300, 88226
2017-04-11, 14.5800, 14.7400, 14.3800, 14.4400, 109418
2017-04-12, 14.4000, 14.6400, 14.3900, 14.5900, 100142
2017-04-13, 14.6200, 14.6200, 14.3400, 14.3800, 158199
2017-04-17, 14.3500, 14.4300, 14.3300, 14.3600, 143805
2017-04-18, 14.3900, 14.4200, 14.3000, 14.3200, 112971
2017-04-19, 14.3400, 14.5300, 14.2900, 14.4000, 133559
2017-04-20, 14.3200, 14.5100, 14.3200, 14.4400, 55222
2017-04-21, 14.3200, 14.4700, 14.3000, 14.4100, 82029
2017-04-24, 14.4700, 14.7300, 14.4200, 14.6800, 184309
2017-04-25, 14.6800, 14.8800, 14.4800, 14.7600, 347616
2017-04-26, 14.8400, 14.8400, 14.5900, 14.7100, 96182
2017-04-27, 14.7200, 14.7400, 14.4800, 14.5000, 102649
2017-04-28, 14.5000, 14.7000, 14.4100, 14.6700, 165510
2017-05-01, 14.6700, 14.7400, 14.5500, 14.7000, 52241
2017-05-02, 14.6900, 14.7900, 14.6300, 14.7100, 124340
2017-05-03, 14.6400, 14.7550, 14.5600, 14.5600, 84754
2017-05-04, 14.5300, 14.7000, 14.5000, 14.6900, 89777
2017-05-05, 14.6700, 14.8400, 14.6450, 14.7700, 135251
2017-05-08, 14.7500, 14.9000, 14.6800, 14.8400, 126744
2017-05-09, 14.8100, 14.8500, 14.5700, 14.7200, 162285
2017-05-10, 14.7100, 15.6800, 14.5900, 15.6300, 495533
2017-05-11, 15.6200, 16.0100, 14.7000, 14.9400, 304268
2017-05-12, 14.9600, 14.9600, 14.5800, 14.6500, 164059
2017-05-15, 14.7000, 14.9800, 14.6200, 14.9200, 129399
2017-05-16, 14.9300, 15.0200, 14.7200, 14.9000, 129121
2017-05-17, 14.8900, 15.0700, 14.7500, 14.7900, 234508
2017-05-18, 14.8100, 14.9200, 14.6300, 14.8000, 107136
2017-05-19, 14.8300, 15.0300, 14.7200, 14.8100, 159601
2017-05-22, 14.8100, 14.9200, 14.6000, 14.8200, 154435
2017-05-23, 14.7400, 15.0500, 14.7100, 15.0200, 137439
2017-05-24, 15.0000, 15.2500, 14.9300, 15.0700, 183744
2017-05-25, 15.1000, 15.3550, 15.0000, 15.2300, 172009
2017-05-26, 15.2500, 15.2800, 15.1000, 15.2100, 92977
2017-05-30, 15.2000, 15.3500, 15.1400, 15.2100, 290249
2017-05-31, 15.2100, 15.3500, 15.1600, 15.3300, 114123
2017-06-01, 15.0000, 15.4740, 15.0000, 15.2900, 147226
2017-06-02, 15.3300, 15.6400, 15.0900, 15.1400, 143254
2017-06-05, 15.2000, 15.3100, 14.5900, 15.0000, 322949
2017-06-06, 14.9800, 15.0200, 14.6200, 14.9300, 362200
2017-06-07, 14.9300, 14.9600, 14.6600, 14.9000, 222381
2017-06-08, 15.0300, 15.1300, 14.7500, 14.7900, 288784
2017-06-09, 14.8000, 14.8000, 14.6500, 14.7400, 161269
2017-06-12, 14.7200, 14.9500, 14.6100, 14.7100, 290742
2017-06-13, 14.7200, 15.2900, 14.5900, 14.7200, 551293
2017-06-14, 14.7000, 14.8900, 14.2100, 14.2800, 265594
2017-06-15, 14.1700, 14.2400, 13.8600, 14.1800, 272989
2017-06-16, 14.2000, 14.3300, 14.0550, 14.2700, 117881
2017-06-19, 14.2900, 14.3400, 14.0300, 14.2800, 74891
2017-06-20, 14.2600, 14.3400, 14.1000, 14.2000, 83571
2017-06-21, 14.2000, 14.3000, 14.0200, 14.2200, 139942
2017-06-22, 14.2200, 14.3700, 14.2200, 14.3500, 106256
2017-06-23, 14.2800, 14.3800, 13.3500, 13.5500, 807712
2017-06-26, 13.5800, 13.8400, 12.8900, 12.9700, 612807
2017-06-27, 12.9700, 13.1800, 12.3100, 12.4400, 1109841
2017-06-28, 12.5200, 12.8500, 12.2400, 12.6400, 518691
2017-06-29, 12.7900, 12.7900, 12.0200, 12.1500, 464730
2017-06-30, 12.1700, 12.2900, 12.0000, 12.2700, 431414
2017-07-03, 12.3000, 12.5300, 12.2400, 12.3100, 142009
2017-07-05, 12.3200, 12.4500, 11.9600, 12.2300, 307916
2017-07-06, 12.1900, 12.2800, 11.8800, 11.9000, 149275
2017-07-07, 11.9200, 12.2350, 11.7100, 11.8400, 397584
2017-07-10, 11.8400, 12.0800, 11.7300, 11.9500, 170485
2017-07-11, 11.9500, 12.0800, 11.9000, 12.0500, 294570
2017-07-12, 12.1000, 12.6000, 12.1000, 12.5400, 472358
2017-07-13, 12.5400, 12.6800, 12.5200, 12.6400, 418394
2017-07-14, 12.6400, 12.6700, 12.3000, 12.4300, 249210
2017-07-17, 12.4200, 12.6000, 12.3000, 12.3300, 215007
2017-07-18, 12.3600, 12.5300, 12.2000, 12.4100, 170165
2017-07-19, 12.4300, 12.5900, 12.4300, 12.5100, 201008
2017-07-20, 12.4800, 12.4900, 12.1750, 12.3700, 321805
2017-07-21, 12.2900, 12.4400, 12.2420, 12.3600, 325597
2017-07-24, 12.3500, 12.3870, 12.0200, 12.0800, 354111
2017-07-25, 12.1200, 12.2000, 11.9500, 12.0600, 106890
2017-07-26, 12.0500, 12.0500, 11.8800, 12.0000, 160576
2017-07-27, 12.0000, 12.0300, 11.8800, 11.9500, 282731
2017-07-28, 11.9300, 12.0000, 11.8500, 11.9600, 179304
2017-07-31, 11.9700, 12.0050, 11.7200, 11.7300, 424478
2017-08-01, 11.8200, 12.4700, 11.7000, 12.3900, 356924
2017-08-02, 12.3800, 12.7800, 12.2050, 12.6700, 566103
2017-08-03, 12.7000, 13.5000, 12.6900, 13.3400, 427764
2017-08-04, 13.4100, 13.8800, 13.3000, 13.8000, 531529
2017-08-07, 13.8400, 14.2300, 13.7500, 14.0400, 382114
2017-08-08, 14.1400, 14.4900, 14.0000, 14.3400, 514758
2017-08-09, 14.2400, 14.2400, 13.9000, 14.1000, 318787
2017-08-10, 13.9800, 14.0800, 13.6010, 13.6300, 490483
2017-08-11, 13.6500, 13.9200, 13.5000, 13.8300, 148044
2017-08-14, 13.7800, 14.1000, 13.7700, 13.9100, 174800
2017-08-15, 13.9900, 14.0550, 13.8200, 13.8800, 113395
2017-08-16, 13.9500, 14.1000, 13.8400, 13.9100, 128746
2017-08-17, 13.8500, 14.0600, 13.8300, 13.8800, 98674
2017-08-18, 13.8500, 14.1500, 13.7250, 14.1100, 136195
2017-08-21, 14.1400, 14.4800, 14.0100, 14.2500, 316690
2017-08-22, 14.2900, 14.5500, 14.2600, 14.3400, 157331
2017-08-23, 14.3400, 14.4000, 14.1760, 14.2900, 122924
2017-08-24, 14.2800, 14.3600, 14.1400, 14.2000, 127675
2017-08-25, 14.2600, 14.3200, 14.1600, 14.1900, 153125
2017-08-28, 14.2800, 14.5200, 14.2500, 14.5000, 164074
2017-08-29, 14.4400, 14.5300, 14.1200, 14.1800, 137250
2017-08-30, 14.2400, 14.2400, 13.9500, 13.9700, 89206
2017-08-31, 13.9000, 14.6300, 13.9000, 14.5300, 384055
2017-09-01, 14.4900, 14.4900, 14.1400, 14.2200, 205589
2017-09-05, 14.2400, 14.4500, 13.7000, 14.0200, 195488
2017-09-06, 14.0700, 14.3000, 13.9900, 14.2900, 180257
2017-09-07, 14.3800, 14.4600, 14.2800, 14.4100, 89474
2017-09-08, 14.4100, 14.5200, 14.2000, 14.5000, 143439
2017-09-11, 14.5200, 14.6000, 14.3300, 14.5900, 215106
2017-09-12, 14.5200, 14.6000, 14.4500, 14.4600, 94174
2017-09-13, 14.5100, 14.6000, 14.2500, 14.5900, 190776
2017-09-14, 14.6000, 14.6000, 14.2100, 14.4000, 260068
2017-09-15, 14.6600, 14.6600, 13.6300, 13.6800, 545222
2017-09-18, 13.7000, 14.1300, 13.7000, 14.1200, 374911
2017-09-19, 13.8800, 14.1050, 13.4200, 13.5500, 234049
2017-09-20, 13.5500, 13.8300, 13.5200, 13.7400, 187844
2017-09-21, 13.7200, 13.7200, 13.4500, 13.5100, 108764
2017-09-22, 13.4700, 13.5900, 13.3400, 13.5200, 143409
2017-09-25, 13.5000, 13.6700, 13.4000, 13.5000, 250961
2017-09-26, 13.4800, 13.7200, 13.4600, 13.6300, 289763
2017-09-27, 13.6200, 13.7300, 13.4600, 13.4600, 133613
2017-09-28, 13.4600, 13.5800, 13.3100, 13.3600, 174106
2017-09-29, 13.3500, 13.6000, 13.3500, 13.4800, 97361
2017-10-02, 13.5400, 13.8900, 13.5000, 13.7900, 94601
2017-10-03, 13.8700, 13.9700, 13.7600, 13.7900, 77888
2017-10-04, 13.8500, 13.9000, 13.7400, 13.8500, 44860
2017-10-05, 13.8600, 13.8950, 13.6200, 13.6500, 40717
2017-10-06, 13.6600, 13.9200, 13.5400, 13.7400, 67803
2017-10-09, 13.7500, 13.7700, 13.2500, 13.3100, 118153
2017-10-10, 13.3800, 13.4700, 13.1500, 13.2100, 246871
2017-10-11, 13.2500, 13.7600, 13.2500, 13.5300, 190171
2017-10-12, 13.4900, 13.6400, 13.2600, 13.4900, 130634
2017-10-13, 13.5000, 13.5200, 13.4200, 13.4900, 44598
2017-10-16, 13.5000, 13.6050, 13.3000, 13.6000, 242212
2017-10-17, 13.6200, 13.7300, 13.4000, 13.6100, 364214
2017-10-18, 13.6000, 13.7900, 13.5900, 13.6100, 433686
2017-10-19, 13.5400, 13.5700, 13.3500, 13.4700, 131142
2017-10-20, 13.4800, 13.6650, 13.4100, 13.5300, 85969
2017-10-23, 13.5200, 13.9600, 13.5200, 13.9500, 170831
2017-10-24, 13.8900, 14.3400, 13.8200, 14.2300, 589630
2017-10-25, 14.2400, 14.4500, 14.0500, 14.3900, 232844
2017-10-26, 14.3900, 14.5000, 14.3200, 14.3900, 392280
2017-10-27, 14.4000, 14.7300, 14.3900, 14.6000, 256049
2017-10-30, 14.6200, 14.6890, 14.3700, 14.5100, 115998
2017-10-31, 14.4600, 14.5900, 14.2000, 14.2300, 86767
2017-11-01, 14.2800, 14.5900, 14.2200, 14.3200, 236246
2017-11-02, 14.3700, 14.4200, 14.0800, 14.1400, 84650
2017-11-03, 14.2400, 14.3700, 14.0200, 14.2000, 136040
2017-11-06, 14.2800, 14.5000, 14.2300, 14.4700, 331463
2017-11-07, 14.5500, 14.5500, 14.2700, 14.3900, 166544
2017-11-08, 14.3500, 14.5500, 14.3000, 14.5100, 72046
2017-11-09, 14.4700, 14.6400, 14.2900, 14.6300, 45022
2017-11-10, 14.6100, 14.7000, 14.4200, 14.5000, 136409
2017-11-13, 14.4700, 14.6800, 14.2100, 14.5800, 111756
2017-11-14, 14.5200, 14.7000, 14.3400, 14.4400, 159551
2017-11-15, 14.4000, 14.5100, 14.2400, 14.5000, 123680
2017-11-16, 14.5700, 14.6300, 14.3900, 14.5000, 180949
2017-11-17, 14.6100, 14.7000, 14.4600, 14.5050, 139771
2017-11-20, 14.5000, 14.6200, 14.4500, 14.6200, 70729
2017-11-21, 14.6300, 14.8000, 14.4550, 14.6200, 167855
2017-11-22, 14.7000, 14.8420, 14.6300, 14.6900, 91217
2017-11-24, 14.6200, 14.6600, 14.5100, 14.6000, 109882
2017-11-27, 14.5900, 14.6786, 14.4200, 14.6000, 125805
2017-11-28, 14.6400, 14.6700, 14.3200, 14.6400, 109445
2017-11-29, 14.5900, 14.6600, 14.4700, 14.6000, 174284
2017-11-30, 14.6400, 14.6400, 14.3700, 14.6400, 165709
2017-12-01, 14.6100, 14.6200, 14.3650, 14.6200, 111212
2017-12-04, 14.5400, 14.6000, 14.2600, 14.4000, 175319
2017-12-05, 14.4400, 14.5500, 14.3200, 14.4400, 209766
2017-12-06, 14.4300, 14.4300, 14.2500, 14.3900, 178470
2017-12-07, 14.4000, 14.5000, 14.2900, 14.3800, 229145
2017-12-08, 14.4000, 14.8000, 14.2900, 14.7400, 292761
2017-12-11, 14.6500, 14.8000, 14.5000, 14.5600, 232655
2017-12-12, 14.5600, 14.9100, 14.5000, 14.8700, 169774
2017-12-13, 14.9400, 14.9900, 14.4300, 14.6200, 148097
2017-12-14, 14.6500, 14.6600, 14.4100, 14.5700, 156701
2017-12-15, 15.0000, 15.1900, 14.7101, 14.7800, 731205
2017-12-18, 14.9100, 15.4300, 14.7632, 15.3100, 389948
2017-12-19, 15.3100, 15.9300, 15.3100, 15.7800, 369136
2017-12-20, 15.8000, 15.9800, 15.6800, 15.9100, 318860
2017-12-21, 15.9800, 15.9800, 15.5000, 15.8600, 395873
2017-12-22, 15.7900, 15.9000, 15.5000, 15.8400, 334875
2017-12-26, 15.8300, 15.9200, 15.6800, 15.7000, 124122
2017-12-27, 15.6500, 15.7600, 15.4400, 15.5200, 230424
2017-12-28, 15.5100, 15.6800, 15.4800, 15.4800, 187305
2017-12-29, 15.5100, 15.8500, 15.1400, 15.8000, 249632
2018-01-02, 15.8300, 15.9900, 15.8000, 15.9300, 166041
2018-01-03, 15.9500, 15.9500, 15.5800, 15.6500, 143696
2018-01-04, 15.7200, 15.9100, 15.6220, 15.6900, 209338
2018-01-05, 15.7200, 15.8900, 15.6700, 15.8200, 132502
2018-01-08, 15.7900, 15.7900, 15.6000, 15.7100, 49938
2018-01-09, 15.7100, 15.8950, 15.6800, 15.8900, 112353
2018-01-10, 15.8500, 15.8900, 15.4700, 15.6900, 224222
2018-01-11, 15.7400, 15.8276, 15.6600, 15.7400, 44007
2018-01-12, 15.7800, 15.8000, 15.5600, 15.7400, 55044
2018-01-16, 15.8300, 15.8300, 15.6200, 15.6400, 58593
2018-01-17, 15.6500, 15.8200, 15.6500, 15.7600, 42871
2018-01-18, 15.7500, 15.8800, 15.5600, 15.8000, 56465
2018-01-19, 15.8500, 15.8900, 15.6800, 15.8200, 273965
2018-01-22, 15.8200, 15.9800, 15.7000, 15.8800, 115324
2018-01-23, 15.9500, 16.0600, 15.7500, 16.0200, 190792
2018-01-24, 16.0900, 16.5500, 15.9900, 16.4500, 454094
2018-01-25, 16.5700, 16.8300, 16.3600, 16.3800, 129096
2018-01-26, 16.4200, 16.6400, 16.2700, 16.3300, 46728
2018-01-29, 16.3300, 16.3900, 16.1400, 16.2400, 86136
2018-01-30, 16.1600, 16.2400, 15.5500, 16.0400, 145425
2018-01-31, 16.1100, 16.2600, 16.0100, 16.1100, 96491
2018-02-01, 16.0300, 16.4300, 16.0034, 16.3000, 235963
2018-02-02, 16.3000, 16.4300, 16.0400, 16.1000, 176974
2018-02-05, 15.9700, 16.2200, 15.7500, 15.8400, 245465
2018-02-06, 15.6600, 15.8940, 15.4007, 15.7700, 260508
2018-02-07, 15.7200, 15.8800, 15.5301, 15.8600, 131476
2018-02-08, 15.8400, 16.4200, 15.7400, 16.1800, 297160
2018-02-09, 16.0600, 16.2800, 15.6400, 15.9800, 393193
2018-02-12, 16.0300, 16.2000, 15.8400, 16.0500, 92870
2018-02-13, 15.9900, 16.0500, 15.6100, 16.0200, 149232
2018-02-14, 15.9000, 16.2300, 15.8450, 16.0300, 93248
2018-02-15, 16.1000, 16.2000, 16.0300, 16.1600, 30603
2018-02-16, 16.1000, 16.2200, 16.0500, 16.0500, 69366
2018-02-20, 16.0100, 16.2700, 15.9500, 16.2200, 146349
2018-02-21, 16.2400, 16.4300, 16.0400, 16.3000, 242548
2018-02-22, 16.3500, 16.3900, 16.0600, 16.0600, 56838
2018-02-23, 16.1500, 16.3200, 16.0300, 16.1600, 62402
2018-02-26, 16.2400, 16.4000, 16.1000, 16.3300, 90478
2018-02-27, 16.4000, 16.5000, 16.3300, 16.4200, 268101
2018-02-28, 16.4200, 16.5200, 16.4200, 16.4600, 199110
2018-03-01, 16.4800, 16.8000, 16.4500, 16.6200, 372492
2018-03-02, 16.5100, 16.8500, 16.5100, 16.7300, 175855
2018-03-05, 16.6800, 16.7300, 16.4700, 16.6400, 95553
2018-03-06, 16.6900, 17.0800, 16.6900, 17.0200, 131287
2018-03-07, 16.9800, 17.2790, 16.8900, 17.1600, 190136
2018-03-08, 17.2000, 17.6600, 17.1700, 17.5200, 336532
2018-03-09, 17.5900, 18.0000, 17.4100, 17.9200, 584456
2018-03-12, 19.5000, 19.5800, 18.5400, 18.8000, 3033800
2018-03-13, 18.9400, 19.0000, 18.7400, 18.8200, 690316
2018-03-14, 18.8700, 18.9950, 18.5100, 18.5400, 813380
2018-03-15, 18.5800, 18.6750, 18.2100, 18.3900, 808676
2018-03-16, 18.4300, 18.5000, 18.1900, 18.3500, 861515
2018-03-19, 18.4100, 18.5900, 18.3150, 18.5100, 279890
2018-03-20, 18.5200, 18.7000, 18.4900, 18.6200, 305120
2018-03-21, 18.4000, 18.6200, 18.4000, 18.4700, 277007
2018-03-22, 18.4000, 18.5900, 18.3200, 18.4800, 345257
2018-03-23, 18.9400, 18.9400, 18.3100, 18.5200, 278452
2018-03-26, 18.9400, 20.0400, 18.9400, 19.9500, 3830074
2018-03-27, 19.8000, 20.0000, 19.8000, 20.0000, 1556560
2018-03-28, 19.9200, 20.0000, 19.8800, 19.9800, 1436466
2018-03-29, 19.9300, 19.9850, 19.9000, 19.9500, 860821
2018-04-02, 19.9700, 20.1300, 19.9600, 20.0300, 825549
2018-04-03, 20.0000, 20.0500, 19.9800, 20.0000, 1209213
2018-04-04, 19.9900, 20.1400, 19.9600, 20.0700, 1563132
2018-04-05, 20.1400, 20.1400, 19.9800, 19.9800, 662737
2018-04-06, 20.0000, 20.1100, 19.9900, 20.1100, 788033
2018-04-09, 20.1000, 20.1100, 20.0000, 20.0000, 628977
2018-04-10, 20.0300, 20.0800, 20.0100, 20.0400, 719313
2018-04-11, 20.0400, 20.0600, 20.0000, 20.0200, 544774
2018-04-12, 20.0300, 20.0600, 20.0100, 20.0400, 416638
2018-04-13, 20.0400, 20.1000, 20.0400, 20.0700, 523054
2018-04-16, 20.0500, 20.1000, 20.0000, 20.0000, 681392
2018-04-17, 20.0200, 20.0800, 19.6800, 19.8500, 538682
2018-04-18, 19.8400, 19.9300, 19.8400, 19.9000, 231539
2018-04-19, 19.8900, 19.9700, 19.8800, 19.9000, 218256
2018-04-20, 19.9100, 20.0200, 19.9100, 20.0100, 445996
2018-04-23, 20.0400, 20.0400, 19.9675, 19.9800, 615871
2018-04-24, 19.9600, 20.0000, 19.9000, 19.9400, 538689
2018-04-25, 19.9400, 20.0000, 19.9000, 20.0000, 658278
2018-04-26, 19.9900, 20.0000, 19.9300, 20.0000, 600385
2018-04-27, 20.0000, 20.0000, 19.9300, 19.9300, 600119
2018-04-30, 19.9300, 19.9900, 19.9100, 19.9300, 640214
2018-05-01, 19.9400, 19.9900, 19.9400, 19.9900, 958602
2018-05-02, 19.9900, 19.9900, 19.9400, 19.9900, 745689
2018-05-03, 19.9700, 20.0000, 19.9300, 19.9400, 763085
2018-05-04, 19.9400, 19.9800, 19.9400, 19.9500, 766303
2018-05-07, 19.9600, 20.0000, 19.9600, 19.9700, 788900
2018-05-08, 19.9700, 19.9800, 19.9600, 19.9800, 700816
2018-05-09, 19.9700, 20.0500, 19.9600, 19.9900, 1016991
2018-05-10, 19.9800, 20.0100, 19.9600, 19.9600, 942254
2018-05-11, 19.9800, 20.0000, 19.9400, 19.9400, 478446
2018-05-14, 19.9700, 20.0000, 19.9450, 19.9500, 486214
2018-05-15, 19.9700, 20.0000, 19.9400, 20.0000, 857695
2018-05-16, 19.9900, 20.0000, 19.9500, 19.9700, 604945
2018-05-17, 19.9700, 20.0000, 19.9700, 19.9900, 709854
2018-05-18, 19.9900, 20.0350, 19.9850, 20.0000, 619077
2018-05-21, 20.0000, 20.0100, 19.9700, 19.9700, 712145
2018-05-22, 19.9900, 20.0100, 19.9200, 19.9200, 849912
2018-05-23, 19.9600, 20.0100, 19.9100, 19.9400, 685724
2018-05-24, 19.9600, 20.0200, 19.9400, 20.0000, 863816
2018-05-25, 19.9800, 20.3900, 19.9800, 20.3300, 726766
2018-05-29, 20.3100, 20.3300, 20.1500, 20.1600, 762554
2018-05-30, 20.1700, 20.3550, 20.1700, 20.3300, 380042
2018-05-31, 20.3300, 20.3800, 20.2348, 20.3800, 813740
2018-06-01, 20.3500, 20.4000, 20.3300, 20.3800, 258146
2018-06-04, 20.3700, 20.4000, 20.3200, 20.3800, 569304
2018-06-05, 20.3700, 20.5000, 20.3700, 20.4700, 573029
2018-06-06, 20.4900, 20.5600, 20.4900, 20.5600, 443733
2018-06-07, 20.5100, 20.6000, 20.5100, 20.5500, 421187
2018-06-08, 20.5500, 20.5800, 20.5400, 20.5800, 377007
2018-06-11, 20.5700, 20.5800, 20.4800, 20.5500, 304487
2018-06-12, 20.5400, 20.5700, 20.4800, 20.4800, 432123
2018-06-13, 20.5300, 20.5400, 20.4400, 20.4800, 532695
2018-06-14, 20.5000, 20.5100, 20.4200, 20.5000, 927759
2018-06-15, 20.5000, 20.5800, 20.4700, 20.4700, 2332442
2018-06-18, 20.4000, 20.5600, 20.4000, 20.5600, 292153
2018-06-19, 20.5100, 20.6200, 20.5100, 20.6000, 972931
2018-06-20, 20.5500, 20.5900, 20.5100, 20.5100, 493726
2018-06-21, 20.5400, 20.5400, 20.3600, 20.5000, 501846
2018-06-22, 20.4700, 20.5400, 20.1700, 20.3700, 553752
2018-06-25, 20.3300, 20.4800, 20.3000, 20.4500, 583508
2018-06-26, 20.2900, 20.4400, 19.9900, 20.3500, 1589085
2018-06-27, 20.0500, 20.4600, 20.0200, 20.4600, 1041501
2018-06-28, 20.1800, 20.5050, 20.1800, 20.4500, 774243
2018-06-29, 20.3300, 20.4800, 20.3000, 20.4600, 350703
2018-07-02, 20.4600, 20.5200, 20.4500, 20.5000, 261378
2018-07-03, 20.5200, 20.5250, 20.4700, 20.5000, 158830
2018-07-05, 20.5400, 20.5400, 20.4700, 20.4900, 236568
2018-07-06, 20.5200, 20.5800, 20.5200, 20.5600, 443878
2018-07-09, 20.5500, 20.5800, 20.4800, 20.4800, 449185
2018-07-10, 20.5300, 20.5600, 20.4900, 20.5000, 297406
2018-07-11, 20.5100, 20.5200, 20.4600, 20.4900, 243886
2018-07-12, 20.5100, 20.5100, 20.4300, 20.4400, 113900
2018-07-13, 20.4700, 20.5000, 20.4200, 20.4400, 82569
2018-07-16, 20.4500, 20.4600, 20.3100, 20.4200, 453699
2018-07-17, 20.4100, 20.4100, 20.3450, 20.3700, 162343
2018-07-18, 20.3700, 20.5000, 20.3700, 20.4700, 217660
2018-07-19, 20.4700, 20.5900, 20.4700, 20.5600, 701809
2018-07-20, 20.5400, 20.7000, 20.5200, 20.5300, 932090
2018-07-23, 20.5600, 20.5700, 20.4800, 20.5000, 475729
2018-07-24, 20.5100, 20.5200, 20.4200, 20.4900, 182174
2018-07-25, 20.5000, 20.5100, 20.4900, 20.4900, 123359
2018-07-26, 20.4900, 20.5500, 20.4600, 20.5100, 69444
2018-07-27, 20.5000, 20.5100, 20.4300, 20.4800, 207505
2018-07-30, 20.4900, 20.6800, 20.4200, 20.6800, 849000
2018-07-31, 20.5700, 20.5700, 20.4800, 20.4800, 413283
2018-08-01, 20.5400, 20.5400, 20.4500, 20.4600, 260564
2018-08-02, 20.4500, 21.0128, 20.4450, 20.9000, 2017407
2018-08-03, 20.8500, 20.8800, 20.5800, 20.6400, 558890
2018-08-06, 20.6500, 20.6500, 20.4900, 20.4900, 163354
2018-08-07, 20.5600, 20.5600, 20.4300, 20.4800, 290885
2018-08-08, 20.5000, 20.5000, 20.4300, 20.4600, 100084
2018-08-09, 20.4500, 20.4800, 20.4000, 20.4100, 215587
2018-08-10, 20.4000, 20.4500, 20.3800, 20.4000, 176676
2018-08-13, 20.3900, 20.4200, 20.3600, 20.3600, 297954
2018-08-14, 20.3700, 20.3700, 20.0273, 20.1400, 993843
2018-08-15, 19.8000, 19.8650, 18.6000, 18.8300, 1133720
2018-08-16, 18.8900, 18.9900, 18.3500, 18.5100, 787137
2018-08-17, 18.5000, 18.6400, 18.3900, 18.5700, 466908
2018-08-20, 19.0900, 19.3975, 18.4900, 18.6000, 716943
2018-08-21, 18.6800, 18.8100, 18.4000, 18.7500, 506892
2018-08-22, 18.7800, 18.9100, 18.5500, 18.6000, 180616
2018-08-23, 18.6000, 19.0650, 18.5500, 18.7900, 208950
2018-08-24, 18.8000, 18.9900, 18.8000, 18.9000, 77935
2018-08-27, 18.8500, 19.1400, 18.8200, 19.1300, 142313
2018-08-28, 19.1300, 19.3000, 18.9150, 19.0100, 75527
2018-08-29, 18.9400, 19.2500, 18.8700, 19.0700, 109986
2018-08-30, 19.0300, 19.2500, 18.9600, 19.0000, 55411
2018-08-31, 19.0000, 19.7100, 19.0000, 19.6500, 188084
2018-09-04, 19.6000, 19.8600, 19.3000, 19.3200, 336090
2018-09-05, 19.2800, 19.6300, 19.2800, 19.5200, 69920
2018-09-06, 19.5300, 19.5500, 19.0500, 19.0500, 55004
2018-09-07, 18.6300, 18.8500, 18.0000, 18.3700, 366991
2018-09-10, 18.2000, 18.2000, 15.5200, 16.2500, 945555
2018-09-11, 16.4500, 17.6820, 16.3300, 17.0300, 207713
2018-09-12, 17.1600, 17.1600, 16.7400, 16.8500, 103950
2018-09-13, 17.0000, 17.0000, 16.6050, 16.8500, 67062
2018-09-14, 16.9000, 17.1950, 16.8200, 17.1300, 60057
2018-09-17, 17.1100, 17.4500, 17.0200, 17.4100, 34174
2018-09-18, 17.4700, 17.5900, 16.9600, 17.0300, 117545
2018-09-19, 17.0700, 17.2000, 16.7800, 16.8100, 88098
2018-09-20, 16.9000, 17.3000, 16.8850, 17.2500, 135421
2018-09-21, 17.3900, 17.7950, 17.0900, 17.7000, 402383
2018-09-24, 17.4800, 17.8600, 17.2300, 17.3000, 146707
2018-09-25, 17.3500, 17.7400, 17.0400, 17.3000, 80940
2018-09-26, 17.3200, 17.3200, 16.5500, 16.6900, 113834
2018-09-27, 16.6900, 17.2600, 16.6900, 17.1500, 141938
2018-09-28, 17.1900, 18.1600, 17.1500, 18.1000, 115844
2018-10-01, 18.3200, 18.3400, 17.9400, 18.2100, 33800
2018-10-02, 18.2200, 18.2200, 17.9400, 18.1900, 69106
2018-10-03, 18.2700, 18.2800, 17.9500, 18.1500, 223695
2018-10-04, 18.2100, 18.2100, 17.6900, 17.9800, 51415
2018-10-05, 18.0000, 18.0757, 17.5550, 17.9700, 18667
2018-10-08, 17.9700, 17.9700, 17.5150, 17.7600, 51863
2018-10-09, 17.6500, 18.0606, 17.6500, 18.0100, 51844
2018-10-10, 17.9800, 18.0800, 17.4200, 17.5100, 254754
2018-10-11, 17.5000, 17.5500, 17.0100, 17.5200, 138791
2018-10-12, 17.7300, 17.7300, 17.1000, 17.2500, 76451
2018-10-15, 17.2000, 17.3000, 17.0000, 17.0500, 48172
2018-10-16, 17.0600, 18.0100, 16.7200, 17.2000, 106405
2018-10-17, 17.1200, 17.3900, 17.0100, 17.1300, 37948
2018-10-18, 17.0100, 17.1800, 16.9600, 17.0100, 102306
2018-10-19, 17.0200, 17.3450, 16.8100, 17.2100, 78727
2018-10-22, 17.1700, 17.2300, 16.9900, 17.0300, 115668
2018-10-23, 16.9100, 17.2800, 16.5400, 16.6800, 59435
2018-10-24, 16.6600, 16.8400, 15.9200, 16.0500, 147491
2018-10-25, 16.0400, 17.0800, 16.0400, 17.0000, 180347
2018-10-26, 16.8500, 16.8500, 16.4121, 16.5600, 65989
2018-10-29, 16.5700, 17.1095, 15.7700, 15.9000, 71620
2018-10-30, 15.9200, 16.4500, 15.9200, 16.4200, 43208
2018-10-31, 16.4500, 18.0350, 16.3800, 17.4000, 118972
2018-11-01, 17.3300, 17.7652, 16.6900, 17.1500, 92732
2018-11-02, 17.2800, 17.5150, 16.3000, 16.9700, 78684
2018-11-05, 16.9100, 17.7500, 16.9100, 17.0000, 41151
2018-11-06, 17.0100, 17.5000, 17.0100, 17.2700, 42610
2018-11-07, 17.3200, 17.5900, 16.6900, 17.1700, 39402
2018-11-08, 17.0100, 17.0600, 16.2200, 16.3000, 71224
2018-11-09, 16.2300, 16.3100, 15.8500, 15.9000, 36019
