2011-10-20, 51.6600, 51.6600, 51.3600, 51.6000, 2200
2011-10-21, 51.0000, 51.0000, 51.0000, 51.0000, 200
2011-10-24, 52.0000, 52.0000, 50.2100, 50.5100, 2700
2011-10-25, 51.0000, 51.0000, 50.5640, 50.5640, 3100
2011-10-26, 50.2600, 50.3600, 50.2600, 50.3600, 700
2011-10-27, 50.3600, 50.3600, 50.3600, 50.3600, 0
2011-10-28, 52.0000, 52.0000, 51.8200, 51.8200, 1500
2011-10-31, 51.8000, 51.8000, 51.4200, 51.4200, 800
2011-11-01, 51.0000, 51.0000, 51.0000, 51.0000, 490
2011-11-02, 50.8300, 51.0600, 50.8300, 51.0500, 1472
2011-11-03, 51.4500, 51.4500, 51.4500, 51.4500, 300
2011-11-04, 51.4000, 51.4000, 51.4000, 51.4000, 113
2011-11-07, 52.6500, 52.6500, 51.2600, 51.4740, 4450
2011-11-08, 51.5000, 51.5000, 51.1000, 51.4000, 1275
2011-11-09, 51.3000, 51.3000, 51.3000, 51.3000, 100
2011-11-10, 51.1000, 51.1000, 51.1000, 51.1000, 450
2011-11-11, 50.7800, 50.7800, 50.7800, 50.7800, 200
2011-11-14, 50.5500, 50.5500, 50.5500, 50.5500, 100
2011-11-15, 51.8600, 51.8600, 50.1700, 50.1700, 900
2011-11-16, 49.4900, 49.7300, 49.2100, 49.3500, 2000
2011-11-17, 48.9700, 49.9400, 48.6900, 49.8100, 1352
2011-11-18, 50.0200, 50.0200, 50.0200, 50.0200, 300
2011-11-21, 49.6200, 50.1100, 49.4000, 50.1100, 1083
2011-11-22, 50.1100, 50.1100, 50.1100, 50.1100, 170
2011-11-23, 49.6600, 49.7500, 49.3800, 49.7000, 2436
2011-11-25, 49.7000, 49.7000, 49.7000, 49.7000, 0
2011-11-28, 49.7000, 49.7000, 49.6810, 49.6910, 450
2011-11-29, 50.6300, 50.6300, 49.9500, 50.0100, 2000
2011-11-30, 50.4500, 50.5500, 50.3288, 50.3288, 4875
2011-12-01, 50.8000, 50.8000, 50.6200, 50.6200, 1230
2011-12-02, 50.8100, 51.0000, 50.8100, 50.9400, 6042
2011-12-05, 51.2100, 51.2500, 51.1300, 51.2500, 1690
2011-12-06, 51.1100, 51.1100, 49.9000, 49.9100, 13326
2011-12-07, 50.6900, 50.6900, 50.6900, 50.6900, 170
2011-12-08, 49.7000, 49.7000, 49.6400, 49.6400, 800
2011-12-09, 49.6000, 49.9100, 49.5600, 49.9100, 500
2011-12-12, 49.5200, 49.7190, 49.5200, 49.6780, 660
2011-12-13, 49.5100, 49.5100, 48.4200, 49.2600, 2400
2011-12-14, 48.9100, 49.0000, 48.9100, 49.0000, 300
2011-12-15, 49.8400, 49.9600, 49.3980, 49.4200, 1938
2011-12-16, 49.4200, 49.4200, 49.4200, 49.4200, 0
2011-12-19, 48.9300, 48.9900, 48.9300, 48.9900, 1100
2011-12-20, 49.2000, 49.2200, 49.2000, 49.2200, 380
2011-12-21, 49.2200, 49.2200, 49.2200, 49.2200, 0
2011-12-22, 49.2300, 50.0000, 49.2300, 49.3000, 12577
2011-12-23, 49.3975, 49.3975, 49.3975, 49.3975, 165
2011-12-27, 49.5800, 49.8100, 49.5799, 49.7150, 5618
2011-12-28, 49.7400, 50.2000, 49.7250, 50.2000, 10395
2011-12-29, 50.2100, 50.4500, 50.1000, 50.1000, 18884
2011-12-30, 50.2500, 50.2500, 50.1000, 50.1000, 6905
2012-01-03, 50.3500, 50.3500, 50.3000, 50.3000, 2853
2012-01-04, 50.4000, 50.4900, 50.4000, 50.4900, 508
2012-01-05, 50.5000, 50.9800, 50.5000, 50.6000, 3961
2012-01-06, 50.3000, 50.5500, 50.2780, 50.4740, 3931
2012-01-09, 50.5600, 50.5600, 49.9400, 49.9400, 16924
2012-01-10, 50.9000, 50.9000, 49.8120, 49.9020, 31539
2012-01-11, 49.7643, 50.5000, 49.7643, 49.9950, 7010
2012-01-12, 50.2000, 50.2000, 50.0000, 50.0000, 1500
2012-01-13, 49.5000, 50.0000, 49.5000, 50.0000, 1804
2012-01-17, 50.0000, 50.1000, 49.6790, 50.1000, 3401
2012-01-18, 50.5800, 50.6600, 50.3000, 50.3500, 8059
2012-01-19, 50.7000, 50.7000, 50.4500, 50.5970, 3447
2012-01-20, 50.9500, 50.9500, 50.4830, 50.7500, 9185
2012-01-23, 51.2500, 51.2500, 51.2000, 51.2000, 617
2012-01-24, 51.5000, 51.5000, 51.4380, 51.4400, 3460
2012-01-25, 51.6500, 51.6600, 51.1010, 51.3350, 9152
2012-01-26, 51.4900, 51.4900, 51.4900, 51.4900, 200
2012-01-27, 51.5100, 51.6520, 51.3800, 51.6000, 1900
2012-01-30, 51.4778, 51.5000, 51.4000, 51.4999, 3213
2012-01-31, 51.6900, 51.7050, 51.6750, 51.7050, 1000
2012-02-01, 51.7000, 51.8700, 51.7000, 51.8500, 8179
2012-02-02, 52.1800, 52.2000, 52.1750, 52.2000, 4841
2012-02-03, 52.8400, 52.8400, 52.3500, 52.7500, 7635
2012-02-06, 52.5500, 52.7000, 52.0700, 52.7000, 4210
2012-02-07, 52.6500, 52.7100, 52.5500, 52.6000, 11002
2012-02-08, 52.8900, 52.8900, 52.5595, 52.7000, 10080
2012-02-09, 52.9399, 52.9399, 52.9000, 52.9000, 1665
2012-02-10, 52.7500, 52.7600, 52.7500, 52.7600, 4585
2012-02-13, 52.5900, 52.7000, 52.5500, 52.7000, 11793
2012-02-14, 52.7260, 52.7900, 52.3860, 52.7500, 3091
2012-02-15, 52.6600, 52.6600, 52.5610, 52.6600, 4300
2012-02-16, 52.5200, 52.5700, 52.5200, 52.5700, 708
2012-02-17, 53.1500, 53.1500, 52.4100, 52.5000, 11530
2012-02-21, 52.7500, 52.7500, 52.5350, 52.6400, 5942
2012-02-22, 52.3900, 52.7500, 52.3900, 52.7500, 1345
2012-02-23, 52.6100, 52.6100, 52.5600, 52.5600, 435
2012-02-24, 52.6000, 52.6000, 52.6000, 52.6000, 746
2012-02-27, 52.6000, 52.6300, 52.4060, 52.6299, 4418
2012-02-28, 52.0000, 52.5500, 52.0000, 52.5280, 2225
2012-02-29, 52.3900, 52.7400, 52.3300, 52.3300, 3466
2012-03-01, 52.7499, 52.7500, 52.3000, 52.3000, 3384
2012-03-02, 52.6900, 52.6900, 52.3000, 52.5500, 3220
2012-03-05, 52.4599, 52.4599, 52.3654, 52.3654, 1442
2012-03-06, 52.3500, 52.3500, 52.0000, 52.2290, 4986
2012-03-07, 51.8700, 51.8700, 51.7900, 51.7900, 4302
2012-03-08, 52.3000, 52.3000, 51.7867, 51.7867, 3644
2012-03-09, 52.1600, 52.1600, 52.1100, 52.1100, 490
2012-03-12, 51.7000, 51.7900, 51.7000, 51.7900, 2941
2012-03-13, 52.6300, 52.6300, 51.6900, 51.8010, 18356
2012-03-14, 51.7999, 51.9490, 51.7999, 51.9490, 4246
2012-03-15, 51.8100, 51.9000, 51.8000, 51.8840, 780
2012-03-16, 52.0000, 52.0000, 51.9990, 52.0000, 3429
2012-03-19, 51.8000, 51.9855, 51.8000, 51.9710, 4962
2012-03-20, 51.8600, 51.8600, 51.5000, 51.5900, 6300
2012-03-21, 52.0200, 52.1500, 51.8000, 52.1000, 35406
2012-03-22, 52.0300, 52.9600, 52.0300, 52.7800, 16479
2012-03-23, 51.9900, 52.0000, 51.9200, 52.0000, 13414
2012-03-26, 52.0000, 52.0000, 51.9500, 52.0000, 13788
2012-03-27, 52.1500, 52.1500, 52.1250, 52.1250, 4685
2012-03-28, 52.1400, 52.1600, 51.9000, 52.1600, 101991
2012-03-29, 51.9900, 52.0000, 51.7500, 51.8900, 6652
2012-03-30, 51.9300, 51.9500, 51.9200, 51.9460, 5768
2012-04-02, 51.9700, 52.0000, 51.7410, 51.8999, 17342
2012-04-03, 52.0000, 52.0000, 51.6800, 51.6800, 12158
2012-04-04, 52.0000, 52.0000, 51.2900, 51.4900, 2353
2012-04-05, 51.2900, 51.4600, 51.2900, 51.4600, 2648
2012-04-09, 51.7500, 51.7500, 51.3020, 51.3020, 5287
2012-04-10, 51.2900, 51.2900, 51.0010, 51.0900, 16441
2012-04-11, 51.1900, 51.1900, 51.0900, 51.1050, 2887
2012-04-12, 51.2500, 51.3000, 51.2500, 51.3000, 494
2012-04-13, 51.3700, 51.4000, 51.3060, 51.3300, 4500
2012-04-16, 51.3300, 51.3300, 51.2000, 51.3000, 9512
2012-04-17, 51.3300, 51.4500, 51.3300, 51.4300, 11494
2012-04-18, 51.2400, 51.3399, 51.2400, 51.2900, 13513
2012-04-19, 51.2100, 51.2400, 51.1500, 51.2100, 51525
2012-04-20, 51.3400, 51.3700, 51.2000, 51.3000, 16108
2012-04-23, 51.2300, 51.2300, 51.0600, 51.1500, 9120
2012-04-24, 51.2200, 51.3400, 51.2200, 51.2800, 30518
2012-04-25, 51.5200, 51.7000, 51.3700, 51.7000, 231002
2012-04-26, 51.6800, 51.7000, 51.4000, 51.6500, 33222
2012-04-27, 51.6200, 51.7100, 51.6000, 51.6100, 68705
2012-04-30, 51.7000, 51.7800, 51.5500, 51.7600, 108554
2012-05-01, 51.5600, 51.5600, 51.4200, 51.4400, 55174
2012-05-02, 51.2000, 51.5900, 51.2000, 51.5900, 74450
2012-05-03, 51.6400, 51.6500, 51.3700, 51.6000, 106512
2012-05-04, 51.5000, 51.5600, 51.3000, 51.4500, 237044
2012-05-07, 51.3000, 51.4600, 51.2700, 51.4600, 35650
2012-05-08, 51.2700, 51.2700, 51.0600, 51.1000, 68531
2012-05-09, 50.9500, 50.9500, 50.6300, 50.7000, 97380
2012-05-10, 50.7000, 50.7300, 50.6550, 50.7000, 75514
2012-05-11, 50.5900, 50.7600, 50.4800, 50.6400, 199081
2012-05-14, 50.2200, 50.2300, 50.0500, 50.0500, 131777
2012-05-15, 50.0500, 50.0800, 49.8400, 49.8600, 376784
2012-05-16, 49.8000, 49.8000, 49.5700, 49.5740, 69821
2012-05-17, 49.9800, 49.9800, 49.4600, 49.5000, 26357
2012-05-18, 49.5300, 49.5300, 49.2200, 49.2200, 30890
2012-05-21, 49.3900, 49.4600, 49.3200, 49.4600, 23310
2012-05-22, 49.5500, 49.5500, 49.2000, 49.2390, 8527
2012-05-23, 49.0600, 49.1000, 48.7301, 49.0000, 14474
2012-05-24, 48.9000, 48.9000, 48.6300, 48.6300, 9696
2012-05-25, 48.8700, 48.8900, 48.7500, 48.8100, 6005
2012-05-29, 49.3700, 49.3700, 49.0100, 49.1000, 13263
2012-05-30, 48.5600, 48.7900, 48.5600, 48.7300, 1400
2012-05-31, 48.5599, 48.5600, 48.4700, 48.5000, 9646
2012-06-01, 48.5000, 48.5000, 48.3800, 48.3800, 2218
2012-06-04, 48.5200, 48.5200, 48.1100, 48.1120, 5513
2012-06-05, 48.3000, 48.3300, 48.2502, 48.3000, 4047
2012-06-06, 48.6100, 48.9000, 48.5990, 48.8700, 90498
2012-06-07, 49.1500, 49.2300, 49.1500, 49.2300, 2300
2012-06-08, 48.8200, 48.8200, 48.7100, 48.7200, 800
2012-06-11, 49.1163, 49.1163, 48.8200, 48.8300, 6787
2012-06-12, 48.8700, 48.8800, 48.7100, 48.8700, 2542
2012-06-13, 49.0200, 49.1500, 48.9620, 49.0000, 36212
2012-06-14, 49.0100, 49.0100, 48.9000, 48.9500, 80744
2012-06-15, 49.3100, 49.4200, 49.3100, 49.4200, 3350
2012-06-18, 49.1194, 49.2900, 49.0400, 49.2900, 1495
2012-06-19, 49.5000, 49.8600, 49.5000, 49.8176, 10775
2012-06-20, 49.8600, 49.8700, 49.8500, 49.8700, 500
2012-06-21, 49.6681, 49.7900, 49.2500, 49.5100, 5497
2012-06-22, 49.3100, 49.4499, 49.1310, 49.3809, 4060
2012-06-25, 49.0200, 49.0600, 49.0000, 49.0586, 2383
2012-06-26, 49.0400, 49.1500, 49.0400, 49.1000, 22056
2012-06-27, 49.0400, 49.2900, 49.0400, 49.2510, 900
2012-06-28, 48.9501, 49.2500, 48.9500, 49.2200, 1900
2012-06-29, 49.5100, 50.3500, 49.5100, 49.9010, 1966
2012-07-02, 50.1900, 50.4500, 50.0600, 50.2800, 60174
2012-07-03, 50.5000, 50.5499, 50.0500, 50.5370, 2147
2012-07-05, 50.2000, 50.3499, 50.2000, 50.2870, 1785
2012-07-06, 51.0000, 51.0000, 49.9700, 50.0290, 1240
2012-07-09, 49.9613, 49.9800, 49.9613, 49.9800, 3809
2012-07-10, 50.2100, 50.2200, 50.0990, 50.1000, 5334
2012-07-11, 50.2000, 50.4400, 49.9900, 50.4400, 202047
2012-07-12, 50.2900, 50.3000, 49.9300, 50.2615, 10265
2012-07-13, 50.0900, 50.3100, 50.0900, 50.2600, 24300
2012-07-16, 50.7000, 50.7200, 50.5100, 50.7200, 4533
2012-07-17, 50.8699, 50.8700, 50.5700, 50.8700, 17804
2012-07-18, 51.0000, 51.0400, 50.9999, 51.0000, 17502
2012-07-19, 51.0999, 51.0999, 50.9775, 50.9999, 16300
2012-07-20, 51.3200, 51.3200, 51.0000, 51.0300, 13792
2012-07-23, 50.8000, 50.9900, 50.7000, 50.7100, 14293
2012-07-24, 50.8100, 50.8100, 50.2235, 50.7210, 6172
2012-07-25, 50.5600, 50.6400, 50.3194, 50.3194, 1109
2012-07-26, 50.4700, 50.8500, 50.4700, 50.7900, 29127
2012-07-27, 50.8000, 50.8864, 50.7800, 50.8864, 27580
2012-07-30, 50.9800, 51.4100, 50.9800, 50.9800, 1114
2012-07-31, 51.1206, 51.5600, 51.0000, 51.5600, 106804
2012-08-01, 51.4000, 51.4000, 51.2440, 51.2440, 10052
2012-08-02, 50.8775, 51.2000, 50.8775, 51.2000, 12187
2012-08-03, 51.3800, 52.0000, 51.3308, 52.0000, 6586
2012-08-06, 51.5900, 51.7000, 51.4800, 51.4800, 30122
2012-08-07, 51.6500, 51.7200, 51.5000, 51.7000, 23588
2012-08-08, 51.7100, 51.7100, 51.6692, 51.6900, 16890
2012-08-09, 51.6900, 51.7500, 51.5000, 51.5400, 82611
2012-08-10, 51.5100, 51.5200, 51.4500, 51.5199, 18854
2012-08-13, 51.3200, 51.4800, 51.2700, 51.3000, 36000
2012-08-14, 51.4000, 51.4700, 51.1700, 51.2000, 15251
2012-08-15, 51.2400, 51.2500, 51.0200, 51.0200, 12416
2012-08-16, 51.1260, 51.2499, 51.0200, 51.2132, 4779
2012-08-17, 51.0800, 51.2800, 50.9300, 51.1200, 4874
2012-08-20, 50.8700, 51.1300, 50.8700, 51.1300, 19526
2012-08-21, 51.2100, 51.3700, 51.1100, 51.1300, 16276
2012-08-22, 51.0200, 51.2000, 50.8900, 51.0300, 36041
2012-08-23, 51.2051, 51.5800, 51.1400, 51.4820, 35573
2012-08-24, 51.4300, 51.4799, 51.2200, 51.3986, 3836
2012-08-27, 51.4000, 51.5500, 51.0300, 51.4000, 8106
2012-08-28, 51.0000, 51.4900, 51.0000, 51.2404, 16919
2012-08-29, 51.1799, 51.1799, 50.9500, 51.1000, 2834
2012-08-30, 50.9000, 51.1700, 50.9000, 51.0900, 34267
2012-08-31, 51.3000, 51.4700, 51.3000, 51.4200, 39093
2012-09-04, 51.2900, 51.3400, 51.2399, 51.2900, 10896
2012-09-05, 51.3200, 51.4300, 51.2740, 51.4300, 30082
2012-09-06, 51.4100, 51.7100, 51.4100, 51.5900, 22103
2012-09-07, 51.8500, 52.4600, 51.8500, 52.1900, 44422
2012-09-10, 51.9500, 51.9900, 51.8800, 51.9000, 7511
2012-09-11, 52.2900, 52.2900, 52.0000, 52.1177, 10513
2012-09-12, 52.0600, 52.0800, 51.9456, 52.0399, 9146
2012-09-13, 51.9899, 52.3000, 51.6601, 52.3000, 17077
2012-09-14, 52.5500, 52.6900, 52.4760, 52.6358, 20636
2012-09-17, 52.4700, 52.4790, 52.2600, 52.4200, 21126
2012-09-18, 52.1500, 52.3600, 52.1500, 52.3600, 599180
2012-09-19, 52.2000, 52.3700, 52.1201, 52.3500, 22959
2012-09-20, 51.9800, 52.2000, 51.9623, 52.2000, 6347
2012-09-21, 52.3500, 52.3500, 52.2135, 52.2135, 1898
2012-09-24, 52.1600, 52.2300, 52.0200, 52.2300, 4532
2012-09-25, 52.3400, 52.4200, 52.2600, 52.3700, 8503
2012-09-26, 52.1900, 52.1900, 52.0063, 52.0800, 1825
2012-09-27, 52.2868, 52.3900, 52.2600, 52.3783, 8461
2012-09-28, 52.3500, 52.3900, 52.3272, 52.3272, 6795
2012-10-01, 52.3299, 52.3299, 52.1871, 52.2599, 3198
2012-10-02, 52.1228, 52.4000, 52.1228, 52.3400, 6096
2012-10-03, 52.3200, 52.3500, 52.2500, 52.3300, 19644
2012-10-04, 52.4500, 52.5400, 52.4450, 52.5400, 3976
2012-10-05, 52.6400, 52.6800, 52.4800, 52.5100, 35973
2012-10-08, 52.3100, 52.3900, 52.2435, 52.3900, 7537
2012-10-09, 52.2785, 52.3000, 52.1435, 52.1435, 5556
2012-10-10, 52.3100, 52.3400, 51.9300, 51.9801, 74049
2012-10-11, 52.4700, 52.4700, 52.1401, 52.1500, 9171
2012-10-12, 52.2500, 52.4300, 52.1800, 52.4120, 3965
2012-10-15, 52.4900, 52.5499, 52.3511, 52.4400, 8160
2012-10-16, 52.6000, 52.7800, 52.5400, 52.7452, 26009
2012-10-17, 52.9300, 52.9900, 52.8000, 52.9700, 16063
2012-10-18, 52.8800, 52.9400, 52.7700, 52.9000, 23746
2012-10-19, 52.8899, 52.8900, 52.6924, 52.8271, 1216
2012-10-22, 52.8900, 52.9137, 52.8000, 52.8000, 11583
2012-10-23, 52.6824, 52.8000, 52.3400, 52.6100, 5752
2012-10-24, 52.6800, 52.6800, 52.5501, 52.6100, 4349
2012-10-25, 52.8300, 52.8300, 52.6441, 52.7500, 7578
2012-10-26, 52.6900, 52.7500, 52.6000, 52.6000, 4632
2012-10-31, 53.0000, 53.0000, 52.5517, 52.7500, 25914
2012-11-01, 52.7400, 53.5600, 52.5600, 52.7300, 16176
2012-11-02, 53.0300, 53.0300, 52.5500, 52.5900, 103933
2012-11-05, 52.5500, 52.5600, 52.1900, 52.4000, 44327
2012-11-06, 52.3501, 52.6200, 52.3501, 52.6000, 6329
2012-11-07, 52.6000, 52.6100, 52.4120, 52.5199, 10649
2012-11-08, 52.4760, 52.4760, 52.2970, 52.4190, 52311
2012-11-09, 52.5600, 52.5900, 52.3500, 52.3900, 30469
2012-11-12, 52.3400, 52.3700, 52.3100, 52.3300, 28114
2012-11-13, 52.2899, 52.3100, 52.0784, 52.2000, 32972
2012-11-14, 52.3700, 52.5200, 52.1100, 52.2400, 37967
2012-11-15, 52.2700, 52.3000, 52.0401, 52.2100, 30154
2012-11-16, 52.0601, 52.2300, 52.0601, 52.2300, 8817
2012-11-19, 52.4800, 52.5800, 52.3704, 52.5300, 12439
2012-11-20, 52.5260, 52.6300, 52.4100, 52.6300, 14524
2012-11-21, 52.5499, 52.5500, 52.3300, 52.5300, 6625
2012-11-23, 52.6500, 52.7200, 52.6500, 52.6957, 9737
2012-11-26, 52.7400, 52.8000, 52.7350, 52.7900, 31662
2012-11-27, 52.8000, 52.8300, 52.7217, 52.7535, 24647
2012-11-28, 52.6700, 52.8300, 52.6200, 52.8300, 12169
2012-11-29, 52.9899, 52.9899, 52.7835, 52.9500, 6838
2012-11-30, 52.9200, 53.0100, 52.6700, 52.9000, 34612
2012-12-03, 52.9200, 52.9400, 52.6100, 52.6100, 48957
2012-12-04, 52.8000, 53.0200, 52.8000, 53.0200, 12978
2012-12-05, 53.1000, 53.1500, 52.9700, 52.9800, 7977
2012-12-06, 53.0000, 53.1390, 52.9000, 53.1220, 15904
2012-12-07, 53.1600, 53.2100, 53.0000, 53.2100, 15272
2012-12-10, 53.2400, 53.3000, 53.2197, 53.2799, 45621
2012-12-11, 53.4000, 53.4400, 53.3500, 53.3995, 12897
2012-12-12, 53.4900, 53.6200, 53.4500, 53.5800, 16834
2012-12-13, 53.4800, 53.5300, 53.2768, 53.4500, 16282
2012-12-14, 53.2500, 53.5700, 53.2500, 53.5600, 11549
2012-12-17, 53.3700, 53.5100, 53.2500, 53.4755, 25208
2012-12-18, 53.6000, 53.6500, 53.3500, 53.3500, 50622
2012-12-19, 53.7200, 53.7399, 53.5500, 53.6410, 29860
2012-12-20, 53.7700, 53.7800, 53.5901, 53.7700, 31914
2012-12-21, 53.5700, 53.5878, 53.3601, 53.5200, 461116
2012-12-24, 53.6000, 53.6000, 53.5200, 53.5400, 23103
2012-12-26, 53.3500, 53.4700, 53.3500, 53.4700, 3144
2012-12-27, 53.4500, 53.9800, 53.4400, 53.7000, 16698
2012-12-28, 53.6800, 53.7900, 53.6800, 53.7600, 9394
2012-12-31, 53.7480, 53.8800, 53.5637, 53.8600, 12454
2013-01-02, 53.9000, 53.9900, 53.7650, 53.9400, 19179
2013-01-03, 53.7100, 54.0500, 53.7100, 53.7501, 22145
2013-01-04, 53.6100, 53.7500, 53.5254, 53.7380, 57803
2013-01-07, 53.4000, 53.8000, 53.4000, 53.7599, 35404
2013-01-08, 53.6217, 53.7900, 53.4739, 53.5900, 30942
2013-01-09, 53.5100, 53.7200, 53.5100, 53.7200, 25018
2013-01-10, 53.8800, 54.2600, 53.8154, 53.9800, 55363
2013-01-11, 53.9700, 53.9700, 53.8800, 53.9200, 23471
2013-01-14, 53.9700, 54.0500, 53.8400, 54.0500, 19603
2013-01-15, 54.0000, 54.0200, 53.9000, 54.0000, 45827
2013-01-16, 53.8700, 53.9700, 53.8700, 53.9300, 44874
2013-01-17, 54.0075, 54.1200, 53.9900, 54.1200, 66613
2013-01-18, 53.9300, 53.9700, 53.8899, 53.9600, 46229
2013-01-22, 53.8500, 53.8900, 53.7600, 53.8900, 29256
2013-01-23, 53.8800, 53.9000, 53.5000, 53.5000, 310145
2013-01-24, 53.7400, 53.9700, 53.7000, 53.8900, 88826
2013-01-25, 54.0000, 54.3200, 53.6500, 53.8100, 38792
2013-01-28, 53.6100, 53.6400, 53.2700, 53.6400, 37642
2013-01-29, 53.7900, 53.9000, 53.5700, 53.8600, 136733
2013-01-30, 53.7900, 53.8500, 53.5201, 53.7890, 22572
2013-01-31, 53.8800, 53.9400, 53.8283, 53.9200, 88312
2013-02-01, 53.8700, 53.9700, 53.8001, 53.9400, 36773
2013-02-04, 53.8000, 53.8499, 53.5600, 53.7500, 21822
2013-02-05, 53.9600, 54.0000, 53.8801, 53.9500, 11183
2013-02-06, 53.8200, 53.8800, 53.7688, 53.8100, 50430
2013-02-07, 53.9000, 53.9300, 53.6300, 53.8300, 22216
2013-02-08, 53.8300, 53.9800, 53.8000, 53.8200, 50161
2013-02-11, 53.7900, 53.8600, 53.7300, 53.8500, 12891
2013-02-12, 53.8500, 54.0200, 53.8400, 53.9700, 26381
2013-02-13, 54.0700, 54.2000, 53.7700, 53.7700, 24457
2013-02-14, 53.9900, 54.1500, 53.9800, 54.1500, 42377
2013-02-15, 54.1500, 54.1700, 53.8500, 54.0700, 18182
2013-02-19, 54.1700, 54.2700, 53.7400, 54.2500, 33685
2013-02-20, 54.2500, 54.2500, 53.8700, 53.8700, 35648
2013-02-21, 53.8000, 53.8100, 53.6160, 53.7000, 59797
2013-02-22, 53.7500, 53.9100, 53.5244, 53.8200, 58696
2013-02-25, 53.7500, 53.9200, 53.5500, 53.6050, 553733
2013-02-26, 53.6100, 53.6200, 53.4000, 53.5500, 62279
2013-02-27, 53.3100, 53.7400, 53.3100, 53.6400, 18300
2013-02-28, 53.6900, 53.7100, 53.4900, 53.4900, 15214
2013-03-01, 53.3200, 53.4400, 53.1800, 53.2500, 81802
2013-03-04, 53.3100, 53.4000, 53.2000, 53.3900, 54859
2013-03-05, 53.6000, 53.6399, 53.4500, 53.6300, 36231
2013-03-06, 53.5700, 53.5700, 53.3810, 53.4800, 66568
2013-03-07, 53.5400, 53.6500, 53.4700, 53.6400, 35395
2013-03-08, 53.5800, 53.5900, 53.3500, 53.5900, 50889
2013-03-11, 53.4900, 53.5400, 53.4400, 53.5200, 39690
2013-03-12, 53.6000, 53.6499, 53.4300, 53.5000, 15927
2013-03-13, 53.4800, 53.5100, 53.2700, 53.4200, 69573
2013-03-14, 53.3000, 53.4240, 53.2500, 53.4200, 78387
2013-03-15, 53.4700, 53.5400, 53.3000, 53.4100, 48789
2013-03-18, 53.3000, 53.3600, 53.1800, 53.2900, 45394
2013-03-19, 53.4000, 53.4100, 53.1243, 53.2800, 28783
2013-03-20, 53.3800, 53.3800, 53.1600, 53.2600, 34784
2013-03-21, 53.2100, 53.2100, 53.1000, 53.1100, 28919
2013-03-22, 53.2400, 53.2400, 52.9600, 53.1300, 61813
2013-03-25, 53.0800, 53.4200, 53.0299, 53.1500, 49697
2013-03-26, 53.2500, 53.2720, 53.0500, 53.2100, 81170
2013-03-27, 53.0800, 53.2000, 52.9500, 53.1500, 27408
2013-03-28, 53.1600, 53.2599, 53.0900, 53.2000, 60260
2013-04-01, 53.0800, 53.1836, 52.9400, 53.1400, 75407
2013-04-02, 53.0500, 53.1500, 52.8300, 53.1000, 115959
2013-04-03, 53.1000, 53.3399, 53.0001, 53.0900, 29562
2013-04-04, 53.0100, 53.1676, 52.8800, 53.1676, 26968
2013-04-05, 53.2500, 53.5200, 53.0900, 53.5100, 80827
2013-04-08, 53.5500, 53.6300, 53.5097, 53.5900, 92147
2013-04-09, 53.6175, 53.8800, 53.6175, 53.7400, 100861
2013-04-10, 53.7400, 54.0190, 53.7200, 53.7300, 111551
2013-04-11, 53.9000, 53.9499, 53.7901, 53.8200, 26678
2013-04-12, 53.8900, 53.9200, 53.6700, 53.8490, 24180
2013-04-15, 53.8500, 53.9300, 53.5200, 53.5300, 28896
2013-04-16, 53.8100, 54.0800, 53.7200, 53.9000, 170271
2013-04-17, 53.9800, 53.9800, 53.6500, 53.7500, 40121
2013-04-18, 53.8800, 53.8800, 53.6698, 53.7800, 106545
2013-04-19, 53.9500, 54.0100, 53.7300, 53.7300, 26707
2013-04-22, 53.8700, 53.9190, 53.6800, 53.8000, 41477
2013-04-23, 53.7900, 53.9900, 53.7900, 53.8200, 78547
2013-04-24, 53.9000, 53.9890, 53.7200, 53.9800, 21237
2013-04-25, 54.1200, 54.2000, 53.9900, 54.0600, 66718
2013-04-26, 54.1400, 54.1400, 54.0100, 54.0100, 124316
2013-04-29, 54.3900, 54.4800, 54.2200, 54.3100, 30004
2013-04-30, 54.3800, 54.5200, 54.3000, 54.4400, 52237
2013-05-01, 54.4300, 54.4300, 54.2500, 54.2600, 17191
2013-05-02, 54.4400, 54.4400, 54.2200, 54.3800, 59933
2013-05-03, 54.5200, 54.6100, 54.4900, 54.5700, 101276
2013-05-06, 54.5400, 54.5400, 54.3520, 54.4300, 29230
2013-05-07, 54.3400, 54.5900, 54.2700, 54.5400, 44765
2013-05-08, 54.6000, 54.8400, 54.6000, 54.7200, 59079
2013-05-09, 54.7900, 54.7900, 54.3601, 54.4400, 40020
2013-05-10, 54.2900, 54.3000, 53.7600, 54.1090, 43823
2013-05-13, 53.8300, 54.0600, 53.8300, 53.8800, 37388
2013-05-14, 54.0000, 54.0000, 53.7237, 53.7535, 6466
2013-05-15, 53.8100, 53.8100, 53.5300, 53.6400, 60087
2013-05-16, 53.7300, 53.7699, 53.2500, 53.3000, 613171
2013-05-17, 53.1600, 53.4850, 53.0600, 53.0600, 143426
2013-05-20, 53.3100, 53.3900, 53.0800, 53.1500, 104019
2013-05-21, 53.2700, 53.2700, 53.0600, 53.1600, 34946
2013-05-22, 53.3000, 53.3600, 52.8784, 53.0100, 39551
2013-05-23, 52.8700, 52.9000, 52.4500, 52.7600, 51214
2013-05-24, 52.5800, 52.9200, 52.5800, 52.6688, 82148
2013-05-28, 52.8100, 52.8100, 52.1201, 52.3900, 21545
2013-05-29, 52.1400, 52.1400, 51.5600, 51.5900, 126903
2013-05-30, 51.4100, 51.6899, 51.3500, 51.4000, 25713
2013-05-31, 50.9700, 51.4300, 50.8600, 50.8900, 37609
2013-06-03, 50.8500, 50.9974, 50.3100, 50.8500, 80118
2013-06-04, 50.9200, 51.1700, 50.5300, 50.6500, 127381
2013-06-05, 50.7100, 51.0900, 50.3701, 50.7400, 81486
2013-06-06, 50.7800, 50.8400, 50.1200, 50.2100, 191923
2013-06-07, 50.2800, 50.7199, 50.0700, 50.4700, 68056
2013-06-10, 50.2000, 50.3500, 49.8800, 50.3300, 288008
2013-06-11, 49.8500, 50.1500, 49.2800, 49.8900, 1160072
2013-06-12, 49.9000, 50.4090, 49.9000, 50.1500, 31704
2013-06-13, 49.9030, 50.6800, 49.9030, 50.5500, 34594
2013-06-14, 50.8000, 51.0200, 50.3700, 50.7900, 83107
2013-06-17, 50.8500, 50.9700, 50.6300, 50.6900, 99963
2013-06-18, 50.3100, 50.3400, 50.0005, 50.2821, 27065
2013-06-19, 50.1000, 50.4299, 49.7190, 49.7300, 69941
2013-06-20, 48.9100, 48.9100, 47.5701, 48.2100, 74401
2013-06-21, 48.5300, 48.6760, 47.8700, 48.6200, 86640
2013-06-24, 48.3400, 48.8100, 47.7300, 48.6000, 175523
2013-06-25, 48.7100, 48.9800, 48.4300, 48.8000, 156805
2013-06-26, 48.9799, 49.0000, 48.7900, 49.0000, 95219
2013-06-27, 49.3100, 49.5500, 49.2790, 49.4500, 46960
2013-06-28, 49.5200, 50.4000, 49.1400, 49.6800, 129284
2013-07-01, 49.6700, 49.7700, 49.3000, 49.6400, 68983
2013-07-02, 49.6900, 49.7550, 49.1700, 49.4700, 44144
2013-07-03, 49.4100, 49.4186, 49.0076, 49.2900, 65629
2013-07-05, 49.1800, 49.1800, 48.4800, 48.6100, 72586
2013-07-08, 48.5200, 48.8600, 48.4500, 48.6792, 22992
2013-07-09, 48.7200, 49.1800, 48.7000, 49.0300, 29117
2013-07-10, 48.9200, 49.2700, 48.8500, 49.2300, 26941
2013-07-11, 50.0000, 50.0000, 49.4400, 49.7500, 64871
2013-07-12, 49.6800, 50.0000, 49.4758, 49.4758, 26936
2013-07-15, 49.5500, 49.8700, 49.5500, 49.6600, 74553
2013-07-16, 49.8000, 50.1600, 49.7800, 50.0925, 11736
2013-07-17, 49.8800, 50.2300, 49.8700, 50.1200, 42077
2013-07-18, 49.8200, 50.1700, 49.8200, 50.0900, 86771
2013-07-19, 49.8300, 50.2200, 49.8300, 50.1000, 146894
2013-07-22, 50.3900, 50.4400, 50.3100, 50.4000, 21668
2013-07-23, 50.4700, 50.5786, 50.3033, 50.5600, 44565
2013-07-24, 50.1700, 50.3000, 49.9201, 50.1790, 26888
2013-07-25, 49.8500, 49.9300, 49.6000, 49.8900, 28957
2013-07-26, 49.9500, 50.0300, 49.7100, 49.9900, 14552
2013-07-29, 49.8892, 49.9600, 49.7136, 49.9070, 6537
2013-07-30, 49.8000, 49.8000, 49.4900, 49.4901, 54718
2013-07-31, 49.4900, 49.7200, 49.2420, 49.4200, 20944
2013-08-01, 49.5800, 49.5800, 48.9785, 49.0800, 48356
2013-08-02, 49.2300, 49.5400, 49.1900, 49.5400, 28965
2013-08-05, 49.5200, 49.6700, 49.4707, 49.4800, 22893
2013-08-06, 49.5100, 49.7198, 49.4600, 49.6600, 21165
2013-08-07, 49.5500, 49.5500, 49.3196, 49.3522, 10928
2013-08-08, 49.5300, 49.7600, 49.3801, 49.7001, 24592
2013-08-09, 49.5600, 49.8454, 49.5600, 49.6389, 22085
2013-08-12, 49.5899, 49.6900, 49.4200, 49.4200, 22387
2013-08-13, 49.4100, 49.4100, 49.0299, 49.1400, 33362
2013-08-14, 49.1900, 49.1900, 48.8740, 48.9700, 56229
2013-08-15, 48.4900, 48.8800, 48.4900, 48.7100, 43443
2013-08-16, 48.9600, 48.9600, 48.3500, 48.3850, 78263
2013-08-19, 48.3600, 48.3800, 47.9100, 48.0800, 89340
2013-08-20, 48.1153, 48.3600, 48.1100, 48.1500, 125718
2013-08-21, 48.0599, 48.0599, 47.6900, 47.7200, 61940
2013-08-22, 47.6600, 47.7326, 47.5301, 47.6899, 10966
2013-08-23, 47.8000, 48.2100, 47.8000, 48.2000, 67202
2013-08-26, 48.1100, 48.3300, 47.8400, 48.0300, 69683
2013-08-27, 47.6100, 47.7065, 47.4800, 47.6600, 12048
2013-08-28, 47.6800, 47.8309, 47.5292, 47.7400, 26664
2013-08-29, 47.7700, 47.7900, 47.5100, 47.5604, 61592
2013-08-30, 47.7300, 47.9000, 47.5700, 47.5700, 138618
2013-09-03, 47.4863, 47.8000, 47.4250, 47.8000, 228352
2013-09-04, 47.7400, 47.9800, 47.6200, 47.9150, 26548
2013-09-05, 47.7300, 47.7800, 47.4779, 47.5182, 66853
2013-09-06, 47.8300, 48.1315, 47.7600, 48.0000, 16030
2013-09-09, 48.5800, 48.5800, 48.2510, 48.5350, 43163
2013-09-10, 48.6000, 48.6204, 48.1800, 48.4800, 287061
2013-09-11, 48.4200, 48.7600, 48.3810, 48.7000, 45538
2013-09-12, 48.6300, 48.8199, 48.6300, 48.7500, 29722
2013-09-13, 48.9600, 48.9700, 48.8100, 48.9700, 18675
2013-09-16, 49.3200, 49.4383, 49.1600, 49.3300, 11381
2013-09-17, 49.3900, 49.4220, 49.3150, 49.3900, 21263
2013-09-18, 49.3400, 50.4600, 49.3100, 50.4600, 41700
2013-09-19, 50.5800, 50.6000, 50.3000, 50.6000, 22614
2013-09-20, 50.6300, 50.6300, 50.2400, 50.2800, 15438
2013-09-23, 50.3029, 50.4200, 50.2189, 50.3200, 64672
2013-09-24, 50.1500, 50.4300, 49.9100, 50.2000, 30384
2013-09-25, 50.2900, 50.3000, 49.9200, 49.9200, 59405
2013-09-26, 50.0400, 50.1100, 49.7550, 49.9500, 13796
2013-09-27, 49.9990, 49.9990, 49.2800, 49.8450, 26384
2013-09-30, 49.6100, 49.9600, 48.9700, 49.9115, 38351
2013-10-01, 50.0100, 50.0100, 49.6100, 49.8500, 67978
2013-10-02, 49.6600, 50.0339, 49.6600, 49.9000, 26263
2013-10-03, 49.9010, 50.0901, 49.8500, 49.9300, 23180
2013-10-04, 49.9325, 50.2500, 49.9325, 50.1200, 17328
2013-10-07, 50.2399, 50.2399, 50.0000, 50.0000, 2806
2013-10-08, 50.3471, 50.3471, 49.9201, 50.1599, 2700
2013-10-09, 49.8900, 50.1500, 49.8600, 50.0992, 13744
2013-10-10, 50.3000, 50.3800, 50.0500, 50.2600, 43407
2013-10-11, 50.0900, 50.4030, 50.0100, 50.2600, 15117
2013-10-14, 50.1600, 50.4800, 50.1113, 50.2800, 13274
2013-10-15, 50.1300, 50.5000, 50.1300, 50.2300, 36031
2013-10-16, 50.3000, 50.5900, 50.3000, 50.4300, 11849
2013-10-17, 50.7600, 51.0500, 50.7220, 50.9648, 10872
2013-10-18, 51.0050, 51.2100, 50.9501, 50.9800, 5851
2013-10-21, 50.8100, 51.0300, 50.7100, 50.7464, 17243
2013-10-22, 50.9000, 51.4300, 50.9000, 51.4300, 8996
2013-10-23, 51.0673, 51.3499, 51.0673, 51.2919, 57576
2013-10-24, 51.0500, 51.3150, 50.9500, 51.3150, 60173
2013-10-25, 51.3120, 51.3200, 51.0800, 51.1940, 13739
2013-10-28, 51.4900, 51.4900, 50.9800, 51.0400, 146197
2013-10-29, 51.2700, 51.2700, 50.8800, 51.0600, 9191
2013-10-30, 51.2400, 51.2400, 50.8900, 51.1800, 7773
2013-10-31, 50.9300, 50.9300, 50.3100, 50.3200, 35525
2013-11-01, 50.1500, 50.1500, 49.7501, 49.8600, 38424
2013-11-04, 50.2565, 50.2565, 49.9601, 50.1150, 15275
2013-11-05, 49.6100, 49.8015, 49.4701, 49.6090, 25692
2013-11-06, 50.0100, 50.0100, 49.6300, 49.7300, 14648
2013-11-07, 49.7700, 49.7700, 49.3900, 49.5500, 23110
2013-11-08, 49.3000, 49.4400, 48.9800, 49.3900, 23957
2013-11-11, 49.2000, 49.2000, 48.7800, 48.8900, 21702
2013-11-12, 48.6800, 49.0615, 48.6800, 48.8200, 4593
2013-11-13, 49.1400, 49.1400, 48.8785, 49.0400, 22375
2013-11-14, 49.2000, 49.2776, 48.9392, 49.2200, 15309
2013-11-15, 49.3800, 49.3800, 49.2502, 49.3150, 8208
2013-11-18, 49.3900, 49.7800, 49.3900, 49.4500, 6888
2013-11-19, 49.6900, 49.6900, 49.3300, 49.4000, 15169
2013-11-20, 49.6100, 49.6100, 49.1000, 49.1700, 21929
2013-11-21, 48.9700, 49.1500, 48.8400, 49.0800, 68317
2013-11-22, 49.0100, 49.2900, 49.0100, 49.2414, 13212
2013-11-25, 49.2900, 49.2999, 49.0400, 49.0400, 29951
2013-11-26, 49.0499, 49.1000, 49.0176, 49.1000, 64467
2013-11-27, 48.8600, 49.0100, 48.7800, 48.7800, 16691
2013-11-29, 48.7600, 49.8500, 48.7600, 49.5000, 110467
2013-12-02, 49.2000, 49.2000, 48.7000, 48.8047, 22356
2013-12-03, 48.8100, 49.0800, 48.5800, 48.7500, 36975
2013-12-04, 48.8900, 48.8900, 48.5100, 48.5600, 33872
2013-12-05, 48.4900, 48.8700, 48.4900, 48.7500, 23321
2013-12-06, 48.8000, 49.1300, 48.8000, 49.0733, 20628
2013-12-09, 49.1000, 49.4100, 49.0900, 49.0900, 107935
2013-12-10, 48.9700, 49.4800, 48.9700, 49.3800, 88220
2013-12-11, 49.5800, 49.5800, 48.9028, 49.1000, 18258
2013-12-12, 49.2800, 49.2800, 48.8500, 49.0400, 73558
2013-12-13, 48.8700, 49.2000, 48.8600, 48.9700, 67394
2013-12-16, 49.0600, 49.1500, 48.9700, 49.0800, 124044
2013-12-17, 48.9300, 49.1200, 48.9110, 48.9300, 77402
2013-12-18, 48.7800, 49.2300, 48.7704, 49.1500, 138632
2013-12-19, 48.8400, 48.8499, 48.6000, 48.6000, 35203
2013-12-20, 48.4500, 48.7200, 48.4500, 48.5050, 37343
2013-12-23, 48.5700, 48.8300, 48.5353, 48.7900, 68831
2013-12-24, 48.9400, 48.9400, 48.8130, 48.8200, 22578
2013-12-26, 48.6200, 48.8300, 48.2835, 48.6400, 93291
2013-12-27, 48.8500, 49.1200, 48.6500, 48.8880, 2477126
2013-12-30, 49.0100, 49.0100, 48.8000, 48.8900, 31602
2013-12-31, 49.0000, 49.0000, 48.6900, 48.8200, 41906
2014-01-02, 48.5600, 48.5600, 48.3500, 48.4500, 12245
2014-01-03, 48.5700, 48.5925, 48.3710, 48.5200, 25430
2014-01-06, 48.4600, 48.5400, 48.2600, 48.3100, 27416
2014-01-07, 48.2600, 48.9100, 48.2600, 48.5100, 14037
2014-01-08, 48.8900, 48.8900, 48.1000, 48.1773, 39991
2014-01-09, 48.3500, 48.3899, 48.1700, 48.3899, 9795
2014-01-10, 48.2600, 48.6800, 48.2600, 48.5700, 56051
2014-01-13, 48.1900, 48.7700, 48.1900, 48.5200, 91538
2014-01-14, 49.1300, 49.1300, 48.4600, 48.6700, 206538
2014-01-15, 48.5900, 48.5900, 48.3510, 48.4200, 176192
2014-01-16, 48.5500, 48.5600, 48.2916, 48.4600, 11860
2014-01-17, 48.2700, 48.5100, 48.2000, 48.2600, 82889
2014-01-21, 48.2800, 48.2800, 48.0001, 48.0700, 182730
2014-01-22, 48.1600, 48.2800, 47.9800, 47.9800, 14213
2014-01-23, 47.8500, 48.0500, 47.6700, 47.8400, 15756
2014-01-24, 47.5500, 47.5500, 47.2180, 47.4100, 169969
2014-01-27, 47.4700, 47.5900, 47.0900, 47.2500, 107548
2014-01-28, 47.3000, 47.6400, 47.3000, 47.6200, 50794
2014-01-29, 47.1400, 47.5000, 47.1400, 47.3500, 109548
2014-01-30, 47.3700, 47.6200, 47.2200, 47.3900, 181277
2014-01-31, 46.9100, 47.4365, 46.9100, 47.2500, 37370
2014-02-03, 47.5000, 47.5000, 46.7600, 46.8900, 54083
2014-02-04, 47.4200, 47.4200, 47.1200, 47.1500, 97005
2014-02-05, 47.5500, 47.5900, 47.2900, 47.3000, 56560
2014-02-06, 47.6600, 47.8700, 47.4800, 47.7400, 80847
2014-02-07, 47.9000, 47.9000, 47.6101, 47.8700, 28826
2014-02-10, 47.7800, 47.8200, 47.6201, 47.7800, 16813
2014-02-11, 47.6100, 47.9487, 47.6100, 47.8200, 11203
2014-02-12, 48.0000, 48.0300, 47.8000, 47.8300, 12844
2014-02-13, 47.8300, 47.9900, 47.6800, 47.9000, 33827
2014-02-14, 47.9500, 48.3113, 47.9500, 48.2747, 15763
2014-02-18, 48.2300, 48.2300, 48.0000, 48.0600, 23721
2014-02-19, 48.1400, 48.1900, 47.8900, 47.9700, 18644
2014-02-20, 48.2200, 48.2200, 47.7600, 47.9000, 19051
2014-02-21, 47.8100, 48.2200, 47.8100, 48.2100, 20706
2014-02-24, 47.9900, 48.3900, 47.9900, 48.3400, 7946
2014-02-25, 48.3900, 48.4500, 48.2300, 48.2800, 9748
2014-02-26, 48.2800, 48.3400, 48.0600, 48.2800, 5404
2014-02-27, 47.9700, 48.5800, 47.9700, 48.4200, 30678
2014-02-28, 48.4500, 48.6100, 48.2600, 48.5200, 110472
2014-03-03, 47.8300, 48.2100, 47.8300, 47.9075, 12976
2014-03-04, 47.9400, 48.3100, 47.9400, 48.2900, 12216
2014-03-05, 48.0800, 48.6400, 48.0800, 48.4500, 26632
2014-03-06, 48.7800, 48.8100, 48.5700, 48.8000, 11642
2014-03-07, 48.4000, 48.6000, 48.2500, 48.2700, 13368
2014-03-10, 48.6000, 48.6000, 48.2201, 48.2500, 38444
2014-03-11, 48.2550, 48.4800, 48.0300, 48.2900, 27468
2014-03-12, 48.2900, 48.4450, 48.0300, 48.4450, 63265
2014-03-13, 48.3000, 48.6900, 48.0100, 48.0100, 100315
2014-03-14, 48.4300, 48.6000, 48.1919, 48.5900, 28842
2014-03-17, 48.4500, 48.7700, 48.3610, 48.7600, 40150
2014-03-18, 48.7300, 48.9200, 48.7200, 48.8600, 45277
2014-03-19, 48.8600, 48.8700, 48.4200, 48.6000, 28442
2014-03-20, 48.4400, 48.5900, 48.2900, 48.5800, 31555
2014-03-21, 48.5800, 48.6000, 48.4000, 48.4700, 33857
2014-03-24, 48.7300, 48.7800, 48.5000, 48.7800, 62987
2014-03-25, 48.7500, 49.0600, 48.7000, 48.9800, 41763
2014-03-26, 49.0700, 49.0900, 48.8523, 48.9900, 29278
2014-03-27, 49.0000, 49.4300, 49.0000, 49.3950, 39912
2014-03-28, 49.5000, 49.5000, 49.3800, 49.5000, 35828
2014-03-31, 49.5000, 49.8000, 49.5000, 49.6856, 59062
2014-04-01, 49.5000, 49.9500, 49.5000, 49.9400, 16330
2014-04-02, 50.2500, 50.2500, 49.5500, 49.7750, 54341
2014-04-03, 49.7500, 49.8000, 49.3010, 49.7800, 12411
2014-04-04, 49.7500, 50.0000, 49.7500, 49.8900, 8755
2014-04-07, 49.9600, 50.1150, 49.8000, 50.1100, 28401
2014-04-08, 50.2600, 50.5000, 50.1900, 50.4600, 79974
2014-04-09, 50.5000, 50.7000, 50.2701, 50.7000, 55538
2014-04-10, 50.5700, 50.7000, 50.2800, 50.2800, 27379
2014-04-11, 50.4200, 50.7100, 50.2000, 50.2000, 10133
2014-04-14, 50.2300, 50.5599, 50.0901, 50.4300, 11383
2014-04-15, 50.3000, 50.3000, 49.8398, 49.9400, 14213
2014-04-16, 50.0100, 50.2200, 49.9300, 50.1900, 11369
2014-04-17, 50.1900, 50.3100, 50.0900, 50.2900, 14224
2014-04-21, 50.2900, 50.2900, 50.1300, 50.2500, 5217
2014-04-22, 50.1500, 50.2777, 50.0201, 50.2500, 27778
2014-04-23, 50.0700, 50.1899, 49.9310, 50.1000, 19631
2014-04-24, 50.1600, 50.2000, 49.8700, 50.2000, 34624
2014-04-25, 49.9900, 50.1900, 49.8500, 49.8700, 16927
2014-04-28, 49.8400, 50.2200, 49.8400, 50.1900, 7282
2014-04-29, 50.2619, 50.3800, 50.1235, 50.3699, 22248
2014-04-30, 50.3700, 50.4900, 50.1600, 50.3200, 106178
2014-05-01, 50.1900, 50.3800, 50.1800, 50.3500, 10872
2014-05-02, 50.1610, 50.5699, 50.1610, 50.3700, 8606
2014-05-05, 50.2000, 50.4650, 50.0805, 50.3700, 6206
2014-05-06, 50.4800, 50.5990, 50.3901, 50.4611, 41388
2014-05-07, 50.6200, 50.8600, 50.5200, 50.8600, 48360
2014-05-08, 50.9800, 51.1000, 50.8700, 50.9900, 12279
2014-05-09, 50.9600, 50.9600, 50.7610, 50.7900, 32677
2014-05-12, 50.9000, 50.9900, 50.7800, 50.9500, 90967
2014-05-13, 50.9999, 51.0000, 50.8602, 50.9955, 5535
2014-05-14, 50.9900, 51.0300, 50.8600, 51.0300, 38468
2014-05-15, 50.8800, 50.8800, 50.6663, 50.8500, 6680
2014-05-16, 51.0600, 51.0600, 50.8600, 50.8600, 22520
2014-05-19, 50.9800, 51.2400, 50.9800, 51.2400, 11334
2014-05-20, 51.1100, 51.2200, 50.7400, 51.0800, 165623
2014-05-21, 50.8800, 51.2099, 50.8800, 51.1700, 37189
2014-05-22, 51.1100, 51.2000, 51.0700, 51.2000, 9061
2014-05-23, 51.2500, 51.2500, 51.0600, 51.1100, 12833
2014-05-27, 51.0100, 51.0200, 50.7600, 50.9800, 14360
2014-05-28, 50.8400, 50.9600, 50.8000, 50.9450, 35060
2014-05-29, 51.0000, 51.1200, 50.9760, 51.0000, 48885
2014-05-30, 51.0100, 51.2000, 50.8800, 51.0400, 201846
2014-06-02, 50.9300, 51.1000, 50.5203, 50.8700, 24483
2014-06-03, 50.7900, 50.7900, 50.4450, 50.4800, 30145
2014-06-04, 50.3700, 50.8350, 50.2500, 50.4300, 122507
2014-06-05, 50.5500, 50.9900, 50.5500, 50.9900, 9240
2014-06-06, 50.9400, 51.2200, 50.9400, 51.1900, 11139
2014-06-09, 51.2500, 51.2500, 51.0211, 51.1999, 35154
2014-06-10, 51.2500, 51.2500, 50.9700, 51.0100, 18809
2014-06-11, 51.0600, 51.2300, 50.9100, 51.0300, 20341
2014-06-12, 51.1000, 51.1000, 51.0537, 51.0850, 12134
2014-06-13, 51.0700, 51.0700, 51.0000, 51.0700, 4559
2014-06-16, 51.0100, 51.0100, 50.8500, 50.9700, 14646
2014-06-17, 51.2500, 51.2500, 50.5601, 50.6950, 23525
2014-06-18, 50.7001, 51.0900, 50.6000, 51.0200, 34897
2014-06-19, 51.2100, 51.2100, 50.9900, 51.1199, 7731
2014-06-20, 50.9920, 51.1100, 50.8900, 50.9600, 4715
2014-06-23, 51.0500, 51.2500, 51.0500, 51.1900, 15739
2014-06-24, 51.2400, 51.2400, 51.0900, 51.1700, 24320
2014-06-25, 51.2100, 51.4899, 51.2095, 51.3100, 153009
2014-06-26, 51.4400, 51.4800, 51.1600, 51.4690, 18242
2014-06-27, 50.6000, 51.5600, 50.6000, 51.5400, 6714
2014-06-30, 51.5600, 51.5800, 51.4400, 51.4600, 19452
2014-07-01, 51.4700, 51.5800, 51.4100, 51.4850, 7584
2014-07-02, 51.6500, 51.6500, 50.6600, 51.3900, 34214
2014-07-03, 51.6100, 51.6100, 51.2700, 51.4700, 3220
2014-07-07, 51.3000, 51.5800, 51.2600, 51.3151, 39143
2014-07-08, 51.5900, 51.9900, 51.3700, 51.4500, 24212
2014-07-09, 51.6499, 51.8099, 51.5400, 51.7000, 7143
2014-07-10, 51.5300, 51.7000, 51.4700, 51.5800, 30181
2014-07-11, 51.5200, 51.5320, 51.3000, 51.3400, 8980
2014-07-14, 51.5400, 51.6500, 51.4201, 51.6400, 11963
2014-07-15, 51.4800, 51.5800, 51.3001, 51.4100, 20440
2014-07-16, 51.3700, 51.5100, 51.2500, 51.2700, 29579
2014-07-17, 51.3300, 51.4600, 51.0900, 51.1000, 34483
2014-07-18, 51.2600, 51.6300, 51.2600, 51.5490, 7424
2014-07-21, 51.4400, 51.6690, 51.4200, 51.4950, 19933
2014-07-22, 51.6800, 51.8650, 51.6800, 51.7900, 10618
2014-07-23, 51.8300, 51.9799, 51.6660, 51.8700, 13811
2014-07-24, 52.0000, 52.0000, 51.6500, 51.6900, 11027
2014-07-25, 51.6800, 51.7400, 51.6700, 51.6800, 7823
2014-07-28, 51.6200, 51.7700, 51.4700, 51.6563, 8165
2014-07-29, 51.6000, 51.6000, 51.4800, 51.5200, 12164
2014-07-30, 51.3300, 51.3800, 51.0100, 51.0800, 22312
2014-07-31, 50.9200, 51.0800, 50.7400, 50.7800, 15019
2014-08-01, 50.7500, 50.9200, 50.4300, 50.8100, 187286
2014-08-04, 50.9600, 50.9600, 50.6100, 50.7900, 16530
2014-08-05, 50.7300, 50.7300, 50.4202, 50.5600, 19848
2014-08-06, 50.6000, 50.6500, 50.2900, 50.5800, 14100
2014-08-07, 50.5300, 50.5300, 50.2200, 50.2300, 9170
2014-08-08, 50.3100, 50.7393, 50.3100, 50.6660, 2888
2014-08-11, 50.6100, 50.7100, 50.6100, 50.7001, 7352
2014-08-12, 50.6700, 50.8400, 50.6001, 50.6800, 9451
2014-08-13, 50.9799, 50.9799, 50.7000, 50.9500, 44062
2014-08-14, 50.9000, 51.2400, 50.9000, 51.1700, 12968
2014-08-15, 51.2900, 51.2900, 51.0200, 51.2300, 5247
2014-08-18, 51.2500, 51.2500, 51.1100, 51.1100, 4498
2014-08-19, 51.2600, 51.2600, 51.1095, 51.2400, 28600
2014-08-20, 51.0000, 51.1000, 50.6900, 50.9600, 39353
2014-08-21, 51.1000, 51.1100, 50.8000, 51.0700, 12048
2014-08-22, 50.9400, 51.0400, 50.5800, 50.5800, 4398
2014-08-25, 50.8000, 51.0200, 50.7400, 50.8900, 20695
2014-08-26, 51.1500, 51.2400, 51.0301, 51.2300, 28186
2014-08-27, 51.3700, 51.4300, 51.2400, 51.4000, 112443
2014-08-28, 51.3499, 51.4000, 51.1400, 51.3100, 10306
2014-08-29, 51.1600, 51.5300, 51.0262, 51.3700, 27614
2014-09-02, 51.0500, 51.1300, 50.9500, 51.1100, 23196
2014-09-03, 51.1512, 51.4100, 51.1512, 51.2600, 11595
2014-09-04, 51.2700, 51.2700, 50.8800, 51.0600, 48009
2014-09-05, 51.0900, 51.1200, 50.8100, 51.1000, 6603
2014-09-08, 50.8800, 50.9100, 50.5500, 50.6800, 129839
2014-09-09, 50.4100, 50.4900, 50.0515, 50.2100, 12504
2014-09-10, 50.3200, 50.3200, 50.0000, 50.0000, 33559
2014-09-11, 50.0000, 50.7400, 50.0000, 50.1050, 36603
2014-09-12, 50.2400, 50.2400, 49.6900, 49.8900, 27465
2014-09-15, 49.5000, 49.7700, 49.4200, 49.6400, 24536
2014-09-16, 49.6800, 50.0700, 49.6800, 50.0000, 73156
2014-09-17, 49.7100, 50.0100, 49.4500, 49.6900, 15063
2014-09-18, 49.3200, 49.6699, 49.2800, 49.5496, 18758
2014-09-19, 49.5600, 49.7600, 49.5200, 49.6300, 7266
2014-09-22, 49.8100, 49.8100, 49.3300, 49.4000, 35673
2014-09-23, 49.6000, 49.6300, 49.3100, 49.4400, 7719
2014-09-24, 49.3800, 49.5850, 49.2600, 49.5700, 15205
2014-09-25, 49.3800, 49.7300, 49.1300, 49.1900, 16650
2014-09-26, 48.8900, 49.2600, 48.8600, 48.9000, 19665
2014-09-29, 48.7000, 48.7000, 48.4601, 48.6900, 16813
2014-09-30, 48.8300, 48.8300, 48.5000, 48.5500, 15845
2014-10-01, 48.5000, 48.6000, 48.2700, 48.2900, 32516
2014-10-02, 48.3000, 48.6300, 48.3000, 48.3600, 41623
2014-10-03, 48.2900, 48.3699, 48.1300, 48.3500, 12672
2014-10-06, 48.5400, 48.7600, 48.3500, 48.7000, 35052
2014-10-07, 48.5400, 48.8500, 48.4600, 48.8000, 24234
2014-10-08, 48.9450, 48.9450, 48.5000, 48.9100, 88058
2014-10-09, 49.1400, 49.1400, 48.8000, 48.8500, 26294
2014-10-10, 48.7950, 48.9300, 48.6800, 48.7700, 33278
2014-10-13, 48.7400, 49.1040, 48.7400, 48.9900, 32595
2014-10-14, 48.9300, 49.0900, 48.8200, 48.9100, 79689
2014-10-15, 48.5400, 48.9800, 48.5400, 48.8400, 32492
2014-10-16, 48.8900, 49.0600, 48.5000, 48.6000, 31227
2014-10-17, 48.8600, 48.9652, 48.6500, 48.8100, 4866
2014-10-20, 48.9000, 49.0400, 48.6800, 48.8600, 24549
2014-10-21, 48.8400, 49.3700, 48.7700, 48.9500, 20650
2014-10-22, 49.0000, 49.0000, 48.7300, 48.8700, 12326
2014-10-23, 48.8300, 49.1200, 48.5600, 48.5800, 26921
2014-10-24, 48.7000, 48.9100, 48.7000, 48.8200, 6377
2014-10-27, 48.9900, 48.9900, 48.5300, 48.5700, 8581
2014-10-28, 48.8500, 49.0400, 48.7900, 48.9600, 4822
2014-10-29, 49.2000, 49.6100, 48.7200, 48.9899, 19341
2014-10-30, 49.0300, 49.3400, 48.9400, 49.0300, 34185
2014-10-31, 49.1700, 49.7300, 48.4600, 48.5500, 31422
2014-11-03, 48.7400, 48.8500, 48.0300, 48.0500, 10948
2014-11-04, 48.1200, 48.2690, 48.0900, 48.1860, 12233
2014-11-05, 48.3000, 48.3000, 47.6700, 47.8600, 16086
2014-11-06, 47.8000, 47.8000, 47.2800, 47.2900, 13951
2014-11-07, 47.3500, 47.6600, 47.3500, 47.6377, 3201
2014-11-10, 47.8000, 48.0400, 47.2401, 47.7400, 21701
2014-11-11, 47.5300, 47.7200, 47.0800, 47.4200, 14960
2014-11-12, 47.4900, 48.1000, 47.4900, 47.7500, 256612
2014-11-13, 47.8400, 47.8400, 47.3300, 47.5000, 69053
2014-11-14, 47.4400, 47.5800, 47.2972, 47.4000, 8906
2014-11-17, 47.3000, 47.9000, 47.2600, 47.2600, 17237
2014-11-18, 47.3800, 47.7300, 47.3800, 47.6600, 20743
2014-11-19, 47.4200, 47.6400, 47.4200, 47.6100, 12744
2014-11-20, 47.6600, 47.8501, 47.4200, 47.7590, 17077
2014-11-21, 47.9900, 48.0700, 47.8700, 47.9400, 20138
2014-11-24, 48.0100, 48.1280, 47.8300, 47.9200, 11514
2014-11-25, 48.0100, 48.2000, 47.9444, 48.0200, 18187
2014-11-26, 48.2100, 48.4258, 48.0750, 48.1300, 19811
2014-11-28, 48.4200, 48.5400, 47.6600, 47.7500, 32344
2014-12-01, 47.5100, 47.6200, 47.3900, 47.4000, 50493
2014-12-02, 47.3500, 47.4100, 46.8600, 47.1800, 1193202
2014-12-03, 46.9600, 47.2300, 46.6410, 46.9100, 11648
2014-12-04, 46.7800, 46.7800, 46.6001, 46.7000, 38044
2014-12-05, 46.5900, 46.5900, 46.4301, 46.5000, 39127
2014-12-08, 46.3900, 46.3900, 46.1201, 46.3300, 31444
2014-12-09, 46.0900, 46.4600, 46.0900, 46.4400, 46528
2014-12-10, 46.2900, 46.4900, 46.0300, 46.0700, 74531
2014-12-11, 46.0200, 46.3300, 46.0100, 46.0900, 55039
2014-12-12, 45.8300, 46.0000, 45.5425, 45.6400, 96734
2014-12-15, 45.5500, 45.5500, 44.9100, 45.1900, 36929
2014-12-16, 44.7200, 44.9800, 44.5400, 44.8400, 154485
2014-12-17, 44.7100, 45.9100, 44.7100, 45.8700, 301000
2014-12-18, 45.8000, 46.3100, 45.6500, 45.8800, 80647
2014-12-19, 46.0900, 46.4200, 45.4300, 45.7100, 151817
2014-12-22, 45.9300, 46.2400, 45.7200, 46.0200, 236162
2014-12-23, 46.1200, 46.1200, 45.5800, 45.7400, 100447
2014-12-24, 45.9900, 46.3200, 45.3800, 45.6100, 81639
2014-12-26, 46.1000, 46.6100, 45.1500, 46.0100, 69090
2014-12-29, 45.8200, 46.1200, 45.5200, 45.8000, 82538
2014-12-30, 45.9000, 46.1200, 45.7901, 46.0800, 62549
2014-12-31, 45.8800, 46.2700, 45.5040, 46.1400, 52501
2015-01-02, 45.7900, 45.9700, 45.5100, 45.7000, 45016
2015-01-05, 45.2800, 45.7500, 45.1000, 45.1200, 17129
2015-01-06, 45.1200, 45.5100, 44.9700, 45.4000, 23454
2015-01-07, 45.6600, 45.7200, 45.1401, 45.3000, 16786
2015-01-08, 45.3000, 45.9500, 45.3000, 45.8500, 27480
2015-01-09, 46.0200, 46.1599, 45.8500, 46.0700, 20974
2015-01-12, 45.9000, 46.0899, 45.6200, 45.6200, 62723
2015-01-13, 45.8200, 45.9940, 45.6600, 45.7400, 64264
2015-01-14, 45.6700, 46.2500, 45.6700, 46.2500, 56243
2015-01-15, 46.0600, 46.4600, 45.8000, 45.8100, 48689
2015-01-16, 46.1500, 46.3100, 45.9500, 46.3100, 43002
2015-01-20, 46.3000, 46.4800, 45.8500, 45.8900, 146198
2015-01-21, 46.0400, 46.3150, 45.8350, 46.1000, 113615
2015-01-22, 46.1400, 46.5900, 46.1400, 46.3600, 65698
2015-01-23, 46.2500, 46.3959, 46.2500, 46.3700, 34261
2015-01-26, 46.4400, 46.4400, 46.1250, 46.2400, 50747
2015-01-27, 46.1600, 47.0800, 46.1600, 46.7700, 444164
2015-01-28, 47.0200, 47.0200, 46.5400, 46.5600, 32462
2015-01-29, 46.3900, 46.7320, 46.2620, 46.3500, 22031
2015-01-30, 46.0000, 46.2450, 45.7100, 45.7100, 65775
2015-02-02, 45.8000, 46.4000, 45.4250, 45.9000, 137275
2015-02-03, 46.1700, 46.5700, 46.1700, 46.4300, 28182
2015-02-04, 46.2900, 46.5200, 45.8500, 45.8600, 56363
2015-02-05, 46.2400, 46.4800, 46.0200, 46.1600, 24247
2015-02-06, 46.2400, 46.6100, 45.5023, 45.5700, 51286
2015-02-09, 45.4800, 45.8700, 45.3401, 45.7450, 15305
2015-02-10, 45.5500, 45.5500, 45.2500, 45.3500, 45907
2015-02-11, 44.8900, 44.8900, 44.6300, 44.7200, 105434
2015-02-12, 44.9100, 45.6600, 44.9000, 45.6300, 2613282
2015-02-13, 45.8500, 45.9600, 45.4700, 45.5300, 41460
2015-02-17, 46.6600, 46.6600, 45.3700, 45.4300, 36122
2015-02-18, 45.2700, 45.7000, 45.2000, 45.4800, 30610
2015-02-19, 45.1900, 45.5570, 45.1600, 45.1700, 111337
2015-02-20, 45.3700, 45.4700, 45.1000, 45.4700, 45290
2015-02-23, 45.0200, 45.5300, 44.9200, 45.0600, 67658
2015-02-24, 45.1300, 45.5800, 44.9150, 45.2200, 42875
2015-02-25, 45.4100, 45.6490, 45.0800, 45.2950, 37744
2015-02-26, 45.3700, 45.9200, 45.0800, 45.0800, 32833
2015-02-27, 45.2300, 45.4550, 45.0850, 45.4100, 69219
2015-03-02, 45.0500, 45.3600, 44.7700, 44.8600, 1095612
2015-03-03, 44.4700, 44.9990, 44.4700, 44.6400, 64264
2015-03-04, 44.8000, 44.8000, 44.2700, 44.3700, 41068
2015-03-05, 44.5100, 44.5100, 44.1200, 44.3400, 40863
2015-03-06, 44.1200, 44.3400, 43.4200, 43.4500, 89545
2015-03-09, 43.6800, 44.0500, 43.3400, 43.5800, 23040
2015-03-10, 43.5400, 43.5400, 42.7700, 43.0900, 99632
2015-03-11, 43.0000, 43.1700, 42.6900, 42.6900, 86794
2015-03-12, 43.0900, 43.4600, 42.8530, 43.2200, 42819
2015-03-13, 42.9400, 42.9400, 42.4300, 42.7300, 51533
2015-03-16, 42.7900, 43.0124, 42.4400, 42.8300, 21531
2015-03-17, 42.7600, 43.0200, 42.7110, 42.9200, 67016
2015-03-18, 43.1000, 44.0020, 42.9010, 43.5000, 22257
2015-03-19, 43.5200, 45.1200, 43.0300, 43.3100, 33115
2015-03-20, 43.4800, 44.6020, 43.4800, 43.6500, 14732
2015-03-23, 43.9200, 44.8000, 43.9200, 44.3000, 444156
2015-03-24, 44.3300, 44.8700, 44.2600, 44.5700, 25882
2015-03-25, 44.7500, 44.7500, 44.1750, 44.1750, 15277
2015-03-26, 44.2100, 44.5800, 44.0700, 44.0700, 30116
2015-03-27, 44.0700, 44.4200, 43.8101, 44.0100, 45682
2015-03-30, 43.8000, 44.0600, 43.8000, 44.0300, 24930
2015-03-31, 44.1000, 44.2000, 43.8200, 44.0100, 63529
2015-04-01, 43.9800, 44.9000, 43.9800, 44.2300, 18769
2015-04-02, 44.4800, 44.7879, 44.3100, 44.6100, 17616
2015-04-06, 44.8000, 45.4548, 44.8000, 45.0600, 25997
2015-04-07, 44.9200, 45.3400, 44.9200, 45.0000, 1225573
2015-04-08, 45.4400, 45.4400, 45.0301, 45.1500, 15177
2015-04-09, 45.2600, 45.3460, 45.0101, 45.1700, 19167
2015-04-10, 45.0000, 45.1440, 44.8000, 44.8600, 21780
2015-04-13, 45.0700, 45.7250, 44.5216, 44.6500, 19337
2015-04-14, 44.7500, 45.1100, 44.7500, 44.9400, 18377
2015-04-15, 45.0600, 45.7399, 44.7620, 45.1000, 29571
2015-04-16, 45.0100, 45.4600, 45.0100, 45.2000, 66402
2015-04-17, 44.9600, 45.3564, 44.9500, 45.2000, 35776
2015-04-20, 45.0500, 45.2750, 44.8000, 45.0400, 23239
2015-04-21, 44.9300, 45.0600, 44.8400, 45.0100, 34289
2015-04-22, 45.1800, 45.1800, 44.8600, 45.0600, 25801
2015-04-23, 44.7200, 45.2764, 44.7200, 45.2300, 32655
2015-04-24, 45.2300, 45.2900, 45.0601, 45.2700, 29814
2015-04-27, 45.3700, 45.6300, 45.3000, 45.4200, 53769
2015-04-28, 45.7000, 45.8800, 45.7000, 45.7500, 30869
2015-04-29, 45.7500, 45.8599, 45.5297, 45.6700, 48032
2015-04-30, 45.4900, 45.5900, 45.1705, 45.4000, 91648
2015-05-01, 45.1400, 45.3600, 44.7910, 44.9600, 19934
2015-05-04, 44.7600, 45.2000, 44.6807, 44.7600, 33760
2015-05-05, 44.9100, 44.9750, 44.6100, 44.8700, 139221
2015-05-06, 44.9400, 45.1399, 44.7400, 44.9200, 11374
2015-05-07, 44.8200, 44.9000, 44.6510, 44.8200, 23673
2015-05-08, 45.1800, 45.2599, 45.0400, 45.0750, 13124
2015-05-11, 45.0100, 45.0100, 44.5700, 44.5700, 17476
2015-05-12, 44.5500, 44.9199, 44.5500, 44.7000, 33488
2015-05-13, 45.0200, 45.3250, 44.8800, 44.9100, 42923
2015-05-14, 45.2000, 45.5350, 45.1600, 45.2910, 91976
2015-05-15, 45.3000, 45.6150, 45.0700, 45.5700, 15427
2015-05-18, 45.2800, 45.3199, 45.1080, 45.2050, 11949
2015-05-19, 44.9700, 44.9800, 44.8700, 44.9100, 10048
2015-05-20, 44.8400, 45.0800, 44.8001, 45.0800, 7584
2015-05-21, 45.0700, 45.0700, 44.9100, 44.9600, 13141
2015-05-22, 44.8100, 44.9000, 44.5800, 44.6500, 9985
2015-05-26, 44.3900, 44.3900, 44.0700, 44.0900, 38378
2015-05-27, 44.0800, 44.3800, 43.9650, 44.3000, 58389
2015-05-28, 44.0000, 44.2250, 44.0000, 44.1650, 11405
2015-05-29, 44.1200, 44.2400, 44.0113, 44.2200, 65286
2015-06-01, 44.1700, 44.1700, 43.9200, 43.9200, 13510
2015-06-02, 44.1200, 44.3700, 44.0950, 44.3200, 18771
2015-06-03, 44.1900, 44.2599, 44.0600, 44.1700, 22987
2015-06-04, 43.9100, 44.0891, 43.8100, 43.8100, 90923
2015-06-05, 43.2400, 43.5100, 42.5700, 43.3100, 34760
2015-06-08, 43.3900, 43.5700, 43.2500, 43.5000, 44844
2015-06-09, 43.4700, 43.8000, 43.4700, 43.6200, 16509
2015-06-10, 44.0500, 44.1000, 43.8700, 43.9100, 36117
2015-06-11, 43.7300, 43.9541, 43.7300, 43.8800, 4252
2015-06-12, 43.7000, 43.8799, 43.4700, 43.8150, 7622
2015-06-15, 43.6200, 43.7600, 43.5201, 43.6000, 148483
2015-06-16, 43.6100, 43.7299, 43.5600, 43.6100, 34317
2015-06-17, 43.7000, 44.0600, 43.4830, 43.8400, 21380
2015-06-18, 44.1700, 44.2400, 44.1100, 44.1100, 30562
2015-06-19, 43.9500, 44.1350, 43.9500, 43.9700, 10644
2015-06-22, 44.2500, 44.3700, 44.1500, 44.2310, 29971
2015-06-23, 44.0000, 44.1850, 43.9288, 44.0900, 58820
2015-06-24, 44.0700, 44.0700, 43.8800, 43.8800, 28811
2015-06-25, 43.9300, 44.0250, 43.8100, 43.8800, 20947
2015-06-26, 43.5600, 43.8825, 43.5300, 43.5800, 33558
2015-06-29, 43.4800, 43.5500, 43.3469, 43.4800, 34058
2015-06-30, 43.6300, 43.8087, 43.4450, 43.7000, 26336
2015-07-01, 43.5200, 43.5900, 43.3350, 43.3800, 20442
2015-07-02, 43.4400, 43.6500, 43.4400, 43.6100, 14654
2015-07-06, 43.3000, 43.3900, 43.2200, 43.3600, 22700
2015-07-07, 43.0100, 43.1450, 42.8400, 43.0600, 24746
2015-07-08, 43.0700, 43.0700, 42.8400, 42.9900, 26590
2015-07-09, 43.1500, 43.2550, 43.0300, 43.0300, 50453
2015-07-10, 43.3600, 43.5100, 43.0900, 43.4890, 25122
2015-07-13, 43.3200, 43.5399, 43.3200, 43.5399, 12937
2015-07-14, 43.3900, 43.5100, 43.3900, 43.3900, 17527
2015-07-15, 43.3800, 43.5699, 43.2100, 43.5200, 136433
2015-07-16, 43.4800, 43.5200, 43.2350, 43.3000, 5721
2015-07-17, 43.3200, 43.3899, 43.1701, 43.2100, 6616
2015-07-20, 43.0200, 43.1900, 42.9200, 43.1600, 13336
2015-07-21, 43.0000, 43.3400, 43.0000, 43.1000, 33238
2015-07-22, 43.0400, 43.1499, 42.9000, 42.9100, 20458
2015-07-23, 42.8300, 42.9699, 42.6300, 42.8800, 66481
2015-07-24, 42.4800, 42.6900, 42.3400, 42.3400, 38860
2015-07-27, 42.4700, 42.7300, 42.4201, 42.6000, 41513
2015-07-28, 42.4900, 42.6780, 42.4300, 42.4900, 19008
2015-07-29, 42.6400, 42.8800, 42.4750, 42.6200, 30016
2015-07-30, 42.3750, 42.5300, 42.2700, 42.4800, 16552
2015-07-31, 42.5200, 42.6770, 42.3420, 42.3500, 9133
2015-08-03, 42.1891, 42.3100, 42.0113, 42.0300, 15881
2015-08-04, 42.1300, 42.2700, 41.7200, 41.8900, 21082
2015-08-05, 41.9400, 42.0900, 41.6850, 41.8399, 12345
2015-08-06, 41.8900, 41.8900, 41.5000, 41.7800, 18473
2015-08-07, 41.7100, 41.9500, 41.7100, 41.8870, 101715
2015-08-10, 41.8000, 42.0993, 41.8000, 42.0500, 33716
2015-08-11, 41.8500, 41.8500, 41.5500, 41.6100, 23049
2015-08-12, 41.7600, 42.0300, 41.7600, 41.9650, 26307
2015-08-13, 41.7200, 41.8400, 41.5900, 41.6001, 5971
2015-08-14, 41.6800, 41.9200, 41.6405, 41.6700, 36011
2015-08-17, 41.4800, 41.6500, 41.4800, 41.5200, 10082
2015-08-18, 41.2900, 41.4990, 41.2900, 41.3300, 30158
2015-08-19, 41.2300, 41.3480, 41.1200, 41.1900, 9754
2015-08-20, 41.1900, 41.3900, 41.0900, 41.1400, 29739
2015-08-21, 41.1300, 41.2100, 40.8400, 40.8400, 28622
2015-08-24, 40.2000, 41.0680, 39.8900, 40.3400, 79875
2015-08-25, 40.7500, 40.7500, 40.1800, 40.2500, 72868
2015-08-26, 40.1900, 40.5700, 39.8400, 40.3800, 2031861
2015-08-27, 40.5700, 41.0000, 40.5700, 40.6900, 89809
2015-08-28, 40.7500, 40.9600, 40.5800, 40.9600, 21974
2015-08-31, 40.6400, 40.9700, 40.5200, 40.9700, 51158
2015-09-01, 40.6300, 40.6400, 40.3550, 40.5100, 27364
2015-09-02, 40.4400, 40.4500, 40.2600, 40.3200, 41567
2015-09-03, 40.0700, 40.3300, 40.0500, 40.1000, 109636
2015-09-04, 40.1100, 40.1200, 39.7500, 39.7500, 71270
2015-09-08, 39.8900, 40.0200, 39.8600, 39.9500, 24689
2015-09-09, 40.0400, 40.0520, 39.8700, 39.8700, 11025
2015-09-10, 39.7800, 40.1900, 39.7800, 40.1200, 55601
2015-09-11, 40.1100, 40.1900, 39.8540, 40.1399, 30641
2015-09-14, 40.1200, 40.2800, 39.9901, 40.2300, 14035
2015-09-15, 40.1700, 40.2100, 40.0800, 40.1700, 92341
2015-09-16, 40.2800, 40.5600, 40.2800, 40.4600, 32489
2015-09-17, 40.3500, 40.7600, 40.2310, 40.4500, 81053
2015-09-18, 40.5500, 40.6100, 40.1800, 40.2700, 34155
2015-09-21, 40.2000, 40.2700, 40.0201, 40.1200, 11876
2015-09-22, 39.8800, 39.8900, 39.6600, 39.7050, 46140
2015-09-23, 39.6300, 39.6600, 39.3900, 39.3900, 24268
2015-09-24, 39.1300, 39.5300, 39.0400, 39.4700, 113552
2015-09-25, 39.6200, 39.7600, 39.4700, 39.4800, 78731
2015-09-28, 39.5000, 39.5500, 39.2050, 39.2200, 231209
2015-09-29, 39.2200, 39.4099, 39.0901, 39.3000, 104331
2015-09-30, 39.6500, 39.8400, 39.6150, 39.6900, 44920
2015-10-01, 39.8800, 40.0300, 39.6800, 39.7200, 31817
2015-10-02, 39.7700, 40.2800, 39.7200, 40.2800, 43748
2015-10-05, 40.5300, 40.6400, 40.3200, 40.5000, 559318
2015-10-06, 40.5700, 40.9200, 40.5700, 40.8000, 44535
2015-10-07, 41.2000, 41.4000, 41.0301, 41.1700, 154699
2015-10-08, 41.1900, 41.4600, 41.0900, 41.4200, 15816
2015-10-09, 41.7100, 41.8399, 41.6200, 41.6800, 18491
2015-10-12, 41.8500, 41.8600, 41.6700, 41.7601, 12941
2015-10-13, 41.2600, 41.4400, 41.2000, 41.3600, 71804
2015-10-14, 41.3800, 41.6900, 41.3800, 41.6400, 38803
2015-10-15, 41.9400, 42.1399, 41.8900, 42.0800, 31430
2015-10-16, 42.1000, 42.1099, 41.8900, 41.9700, 13298
2015-10-19, 41.7300, 41.7999, 41.6300, 41.6650, 88253
2015-10-20, 41.7000, 41.7500, 41.5883, 41.6500, 17859
2015-10-21, 41.3500, 41.4130, 41.2200, 41.2200, 11453
2015-10-22, 41.5200, 41.5800, 41.4370, 41.5600, 23811
2015-10-23, 41.4268, 41.5400, 41.3900, 41.4100, 19230
2015-10-26, 41.5200, 41.5900, 41.4000, 41.4900, 80428
2015-10-27, 41.2600, 41.4950, 41.2200, 41.3400, 42122
2015-10-28, 41.4400, 41.6600, 41.1600, 41.3500, 111076
2015-10-29, 41.0500, 41.2200, 40.9100, 41.1700, 78201
2015-10-30, 41.2300, 41.4100, 41.2001, 41.2899, 106942
2015-11-02, 41.3900, 41.4799, 41.1700, 41.2501, 151652
2015-11-03, 41.3400, 41.6600, 41.3080, 41.5800, 81000
2015-11-04, 41.4300, 41.4900, 41.2101, 41.2600, 22313
2015-11-05, 41.2000, 41.5450, 41.0900, 41.3600, 210480
2015-11-06, 40.6900, 40.9000, 40.4315, 40.8599, 192243
2015-11-09, 40.6500, 40.8000, 40.5200, 40.5800, 140267
2015-11-10, 40.7300, 40.8499, 40.5500, 40.8400, 170138
2015-11-11, 40.7601, 40.9600, 40.7250, 40.8300, 128808
2015-11-12, 40.5200, 40.8000, 40.5200, 40.6800, 175537
2015-11-13, 40.5100, 40.6300, 40.3800, 40.5300, 89978
2015-11-16, 40.4300, 40.5999, 40.4000, 40.5000, 82608
2015-11-17, 40.5200, 40.6700, 40.4807, 40.4900, 255593
2015-11-18, 40.5600, 40.7400, 40.4900, 40.7400, 29633
2015-11-19, 40.9500, 41.1100, 40.9400, 41.1100, 128967
2015-11-20, 41.2200, 41.3125, 41.1100, 41.1500, 43725
2015-11-23, 41.0400, 41.1300, 40.8800, 40.9500, 50877
2015-11-24, 41.0300, 41.2100, 41.0300, 41.1900, 66735
2015-11-25, 40.8100, 41.0600, 40.7601, 41.0000, 55387
2015-11-27, 40.8000, 40.9000, 40.6600, 40.6900, 31170
2015-11-30, 40.4400, 40.5900, 40.3000, 40.4600, 202776
2015-12-01, 40.4600, 40.7800, 40.3900, 40.7400, 240634
2015-12-02, 40.5400, 40.6500, 40.3700, 40.4400, 357162
2015-12-03, 40.6700, 40.8680, 40.5501, 40.7000, 105823
2015-12-04, 40.6700, 40.8600, 40.6525, 40.7700, 132693
2015-12-07, 40.4800, 40.4800, 40.2900, 40.2900, 37518
2015-12-08, 40.0500, 40.3000, 40.0400, 40.3000, 185397
2015-12-09, 40.3500, 40.5599, 40.3101, 40.3800, 51273
2015-12-10, 40.1800, 40.3200, 40.0501, 40.1300, 37150
2015-12-11, 39.6000, 39.6500, 39.4400, 39.5600, 72395
2015-12-14, 39.5300, 39.7100, 39.4800, 39.7000, 100720
2015-12-15, 39.8800, 40.0200, 39.8400, 39.8900, 102952
2015-12-16, 39.8000, 40.2800, 39.7400, 40.2700, 153255
2015-12-17, 39.9600, 40.1400, 39.7901, 39.9600, 103112
2015-12-18, 40.0100, 40.1600, 39.9000, 39.9800, 97908
2015-12-21, 40.0600, 40.2400, 39.8200, 39.9700, 116421
2015-12-22, 40.1100, 40.8900, 39.8400, 40.0900, 278011
2015-12-23, 40.3200, 40.6500, 40.1100, 40.4900, 191472
2015-12-24, 40.4500, 40.7678, 40.4200, 40.4300, 23699
2015-12-28, 40.5100, 40.5300, 40.3700, 40.5000, 58648
2015-12-29, 40.7600, 40.7600, 40.2200, 40.5000, 48172
2015-12-30, 40.3900, 40.3900, 40.1044, 40.2900, 80213
2015-12-31, 39.9900, 40.3400, 39.9900, 40.3150, 18057
2016-01-04, 39.8200, 39.8900, 39.6000, 39.8000, 48226
2016-01-05, 39.7000, 39.8200, 39.5800, 39.8200, 41683
2016-01-06, 39.5200, 39.6800, 39.5200, 39.6100, 14408
2016-01-07, 39.4300, 39.6400, 39.3400, 39.3400, 31545
2016-01-08, 39.4600, 39.5399, 39.2400, 39.3200, 62888
2016-01-11, 39.3700, 39.3700, 39.1000, 39.1300, 41601
2016-01-12, 39.3100, 39.4600, 39.1370, 39.2100, 26768
2016-01-13, 39.4600, 39.5900, 39.0600, 39.1000, 54763
2016-01-14, 39.4400, 39.4400, 39.1500, 39.3100, 30953
2016-01-15, 38.9100, 39.1500, 38.6000, 38.7600, 100459
2016-01-19, 38.8700, 39.0300, 38.7875, 38.8400, 46437
2016-01-20, 38.5700, 38.7400, 38.3800, 38.6200, 34845
2016-01-21, 38.5000, 38.7999, 38.3700, 38.6200, 129117
2016-01-22, 38.9500, 39.2400, 38.8950, 39.1300, 165964
2016-01-25, 38.9500, 39.0600, 38.7100, 38.7900, 69953
2016-01-26, 39.0000, 39.2600, 38.9500, 39.1400, 105256
2016-01-27, 39.1800, 39.2800, 38.9300, 38.9900, 143183
2016-01-28, 39.3400, 39.6795, 39.2900, 39.4100, 138529
2016-01-29, 39.5900, 39.9000, 39.5900, 39.7400, 76485
2016-02-01, 39.7900, 39.7900, 39.4900, 39.6700, 2622313
2016-02-02, 39.5300, 39.5499, 39.3700, 39.4000, 86067
2016-02-03, 39.7100, 39.9000, 39.3000, 39.8700, 274609
2016-02-04, 40.3200, 40.4800, 40.1770, 40.2500, 69092
2016-02-05, 40.1100, 40.1499, 39.9500, 40.0700, 28619
2016-02-08, 39.7400, 39.9100, 39.6300, 39.8500, 49779
2016-02-09, 39.7600, 40.0400, 39.7600, 39.9800, 45073
2016-02-10, 40.1300, 40.3299, 40.0587, 40.2100, 126954
2016-02-11, 39.8600, 40.1100, 39.7900, 39.8500, 95104
2016-02-12, 39.9000, 40.1799, 39.8800, 40.1600, 41809
2016-02-16, 40.0100, 40.0100, 39.6915, 39.8100, 51909
2016-02-17, 39.8000, 40.2400, 39.8000, 40.1200, 63362
2016-02-18, 40.2000, 40.2000, 39.9000, 39.9400, 57120
2016-02-19, 39.7700, 40.0600, 39.7600, 39.9900, 30802
2016-02-22, 40.1100, 40.3200, 40.0700, 40.2500, 18650
2016-02-23, 40.2100, 40.2100, 39.9950, 40.1300, 32477
2016-02-24, 39.8100, 40.0899, 39.7800, 40.0500, 14244
2016-02-25, 40.0200, 40.1200, 39.9500, 40.0600, 33797
2016-02-26, 40.1000, 40.1000, 39.7000, 39.8000, 38874
2016-02-29, 39.9500, 39.9820, 39.7000, 39.7700, 5566594
2016-03-01, 39.9600, 40.4000, 39.9400, 40.3400, 57907
2016-03-02, 40.2900, 40.4450, 40.1701, 40.4450, 115274
2016-03-03, 40.5400, 40.9299, 40.5400, 40.8400, 75539
2016-03-04, 41.0400, 41.3100, 41.0000, 41.2400, 55859
2016-03-07, 41.1400, 41.2700, 40.9800, 41.2300, 18902
2016-03-08, 41.1800, 41.2200, 40.9660, 41.0500, 33293
2016-03-09, 41.2100, 41.4500, 41.2100, 41.3800, 25043
2016-03-10, 41.4700, 41.5700, 41.3000, 41.3800, 33594
2016-03-11, 41.8000, 42.0700, 41.8000, 42.0100, 54833
2016-03-14, 41.9100, 41.9200, 41.6900, 41.8000, 144964
2016-03-15, 41.4200, 41.5600, 41.2700, 41.4000, 223734
2016-03-16, 41.1700, 42.3300, 41.1100, 41.8200, 206902
2016-03-17, 42.4300, 42.8400, 42.3500, 42.5800, 116585
2016-03-18, 43.0900, 43.1100, 42.7500, 42.7500, 276251
2016-03-21, 42.7700, 43.0465, 42.7700, 42.9800, 105600
2016-03-22, 42.7400, 43.0300, 42.6900, 42.8100, 86398
2016-03-23, 42.5700, 42.7100, 42.5000, 42.5100, 70502
2016-03-24, 42.3200, 42.4800, 42.2250, 42.4800, 37331
2016-03-28, 42.4600, 42.8800, 42.4600, 42.5500, 21178
2016-03-29, 42.5019, 43.0285, 42.4501, 42.9700, 48022
2016-03-30, 43.3100, 43.3500, 43.1100, 43.1100, 41145
2016-03-31, 43.4500, 43.6500, 43.3000, 43.4500, 29994
2016-04-01, 43.2500, 43.7550, 43.1500, 43.4800, 51525
2016-04-04, 43.4100, 43.4450, 43.2000, 43.3200, 29997
2016-04-05, 42.9600, 43.0300, 42.8700, 42.9400, 20414
2016-04-06, 42.8300, 43.1700, 42.8100, 43.1600, 732197
2016-04-07, 42.9100, 42.9400, 42.5100, 42.7000, 125083
2016-04-08, 43.0600, 43.1900, 43.0200, 43.1700, 82708
2016-04-11, 43.3800, 43.5900, 43.3800, 43.5500, 86423
2016-04-12, 43.5900, 43.7900, 43.4200, 43.7900, 30795
2016-04-13, 43.7000, 43.7900, 43.5400, 43.7300, 48933
2016-04-14, 43.6700, 43.7400, 43.5800, 43.7300, 162728
2016-04-15, 43.7000, 43.7100, 43.5700, 43.7100, 53687
2016-04-18, 43.5600, 43.7300, 43.4900, 43.7300, 27354
2016-04-19, 44.0100, 44.1800, 44.0100, 44.0500, 117131
2016-04-20, 44.0500, 44.2600, 44.0325, 44.1900, 25453
2016-04-21, 44.1100, 44.1100, 43.8400, 43.9200, 35006
2016-04-22, 43.6600, 43.7835, 43.5300, 43.5600, 25530
2016-04-25, 43.5200, 43.6000, 43.3900, 43.4000, 113854
2016-04-26, 43.6100, 43.7100, 43.5900, 43.6200, 32099
2016-04-27, 43.6800, 43.8600, 43.4900, 43.8500, 70887
2016-04-28, 43.9000, 44.1200, 43.9000, 43.9300, 85051
2016-04-29, 44.2500, 44.2600, 44.0800, 44.1100, 16725
2016-05-02, 44.2400, 44.4300, 44.0708, 44.1600, 24568
2016-05-03, 43.9600, 43.9600, 43.5600, 43.5700, 20116
2016-05-04, 43.3901, 43.4800, 43.2600, 43.2700, 45043
2016-05-05, 43.3000, 43.3101, 43.1400, 43.1400, 154009
2016-05-06, 43.1300, 43.4200, 43.1200, 43.3100, 105626
2016-05-09, 43.1900, 43.1900, 42.8500, 43.0100, 53944
2016-05-10, 43.2100, 43.3200, 43.1601, 43.2500, 43259
2016-05-11, 43.2500, 43.4500, 43.1950, 43.3500, 60269
2016-05-12, 43.3999, 43.3999, 43.1300, 43.2599, 55953
2016-05-13, 43.1200, 43.1864, 42.9800, 43.0200, 30432
2016-05-16, 43.0000, 43.1200, 43.0000, 43.0400, 44184
2016-05-17, 42.9900, 43.1600, 42.9700, 43.0900, 64334
2016-05-18, 42.6000, 42.7500, 42.3600, 42.3700, 85494
2016-05-19, 42.1601, 42.3700, 42.1300, 42.2500, 13841
2016-05-20, 42.4700, 42.5400, 42.3000, 42.4000, 66355
2016-05-23, 42.2600, 42.4000, 42.2300, 42.2300, 21646
2016-05-24, 42.4399, 42.4600, 42.3400, 42.4100, 155438
2016-05-25, 42.5000, 42.6100, 42.4100, 42.5100, 29113
2016-05-26, 42.6800, 42.7700, 42.6100, 42.6100, 111506
2016-05-27, 42.6700, 42.6700, 42.4200, 42.5400, 26628
2016-05-31, 42.4100, 42.5400, 42.2908, 42.4100, 68303
2016-06-01, 42.2300, 42.4699, 42.2140, 42.4000, 65054
2016-06-02, 42.4600, 42.5700, 42.3900, 42.5199, 75365
2016-06-03, 43.1000, 43.2600, 42.9000, 43.2200, 83974
2016-06-06, 43.2900, 43.4000, 43.2200, 43.3900, 88943
2016-06-07, 43.5800, 43.7068, 43.5700, 43.6800, 73923
2016-06-08, 44.1400, 44.2000, 44.0100, 44.1800, 147666
2016-06-09, 44.0700, 44.0700, 43.8625, 43.9400, 64284
2016-06-10, 43.7100, 43.7100, 43.3300, 43.4600, 54039
2016-06-13, 43.2200, 43.3700, 43.2200, 43.2300, 27083
2016-06-14, 42.9800, 43.0600, 42.9100, 42.9900, 22279
2016-06-15, 43.0600, 43.4900, 43.0600, 43.3700, 161817
2016-06-16, 42.9800, 43.3400, 42.8800, 43.1600, 490879
2016-06-17, 43.4300, 43.5500, 43.3900, 43.4800, 454309
2016-06-20, 43.9300, 44.0000, 43.8235, 43.8800, 327702
2016-06-21, 44.0000, 44.0000, 43.7400, 43.7400, 461687
2016-06-22, 44.1000, 44.1800, 43.9400, 44.1600, 200955
2016-06-23, 44.4600, 44.5600, 44.2540, 44.5500, 141113
2016-06-24, 43.0500, 43.5300, 43.0500, 43.2101, 92508
2016-06-27, 43.2700, 43.3100, 43.0100, 43.1100, 86110
2016-06-28, 43.6100, 44.0300, 43.6100, 43.8300, 105752
2016-06-29, 44.4400, 44.6600, 44.2900, 44.6200, 183359
2016-06-30, 44.6800, 44.9200, 44.5250, 44.8900, 166201
2016-07-01, 45.0500, 45.1100, 44.7500, 44.9400, 114203
2016-07-05, 44.6500, 44.6500, 44.0400, 44.4100, 480350
2016-07-06, 44.2100, 44.3400, 44.1100, 44.3300, 42755
2016-07-07, 44.3800, 44.4800, 44.1700, 44.2000, 92514
2016-07-08, 44.5700, 44.7900, 44.5425, 44.7600, 166930
2016-07-11, 44.9000, 44.9000, 44.7000, 44.7700, 420524
2016-07-12, 45.0000, 45.1200, 44.9500, 45.0600, 127672
2016-07-13, 45.0900, 45.0900, 44.9000, 44.9200, 649966
2016-07-14, 45.2400, 45.3700, 45.1900, 45.2001, 143763
2016-07-15, 45.2300, 45.2400, 45.0100, 45.1000, 88772
2016-07-18, 44.9400, 45.1430, 44.8110, 45.1300, 237980
2016-07-19, 44.8700, 44.9700, 44.7600, 44.8600, 51206
2016-07-20, 44.7800, 45.0500, 44.7700, 44.8800, 301616
2016-07-21, 44.8700, 44.8800, 44.7301, 44.8200, 116482
2016-07-22, 44.7700, 44.8800, 44.6810, 44.8600, 109936
2016-07-25, 44.7300, 44.7300, 44.4900, 44.5000, 73293
2016-07-26, 44.5800, 44.6213, 44.4650, 44.5800, 62750
2016-07-27, 44.6900, 44.7790, 44.4810, 44.7300, 83198
2016-07-28, 44.7580, 44.9500, 44.7300, 44.7700, 49101
2016-07-29, 45.1100, 45.3700, 45.1000, 45.3500, 116467
2016-08-01, 45.2700, 45.2900, 45.1300, 45.1400, 123125
2016-08-02, 45.3900, 45.3900, 45.1000, 45.1000, 50696
2016-08-03, 44.9500, 45.2200, 44.9500, 45.1900, 288420
2016-08-04, 45.1700, 45.4000, 45.1700, 45.3900, 52547
2016-08-05, 45.3800, 45.5000, 45.2300, 45.4000, 346360
2016-08-08, 45.6800, 45.7800, 45.6200, 45.6800, 143667
2016-08-09, 45.7900, 45.9900, 45.7900, 45.9100, 127230
2016-08-10, 46.2200, 46.2590, 46.0100, 46.0200, 655754
2016-08-11, 45.9800, 46.1100, 45.9700, 46.0100, 501215
2016-08-12, 46.0700, 46.1100, 45.8500, 45.9200, 125513
2016-08-15, 46.1600, 46.1900, 46.0800, 46.0800, 44909
2016-08-16, 46.2300, 46.2900, 46.1100, 46.1300, 222704
2016-08-17, 45.8300, 46.0700, 45.7900, 45.9800, 176112
2016-08-18, 46.1400, 46.1700, 46.0827, 46.1400, 118725
2016-08-19, 45.9500, 46.0100, 45.8100, 45.9500, 133670
2016-08-22, 45.7900, 45.8756, 45.7600, 45.8400, 100730
2016-08-23, 45.9800, 46.0100, 45.5800, 45.5800, 384209
2016-08-24, 45.5400, 45.5400, 45.3500, 45.4300, 533063
2016-08-25, 45.5300, 45.6095, 45.4900, 45.4900, 549671
2016-08-26, 45.7100, 46.0300, 45.2700, 45.2700, 132328
2016-08-29, 45.3100, 45.4900, 45.2400, 45.4300, 238416
2016-08-30, 45.3600, 45.3600, 45.1600, 45.2800, 153146
2016-08-31, 45.1400, 45.3400, 45.1000, 45.2700, 434240
2016-09-01, 45.0400, 45.3000, 44.9900, 45.2500, 38785
2016-09-02, 45.3900, 45.5100, 45.2300, 45.2901, 74835
2016-09-06, 45.5800, 46.0300, 45.5800, 45.9700, 138485
2016-09-07, 46.1800, 46.1900, 46.0200, 46.0200, 29478
2016-09-08, 46.3000, 46.3500, 46.0110, 46.0400, 30730
2016-09-09, 45.6100, 45.6800, 45.3118, 45.4100, 38478
2016-09-12, 45.0900, 45.6481, 45.0900, 45.5800, 27125
2016-09-13, 45.2200, 45.2299, 44.8100, 44.9500, 87175
2016-09-14, 44.9300, 45.1200, 44.8900, 44.9400, 354685
2016-09-15, 44.9507, 45.2240, 44.9200, 45.1100, 27739
2016-09-16, 45.0300, 45.1199, 44.9400, 45.0200, 26751
2016-09-19, 45.1100, 45.3100, 45.1100, 45.1500, 42689
2016-09-20, 45.3000, 45.3400, 45.1300, 45.2100, 95433
2016-09-21, 45.4000, 45.8300, 45.3500, 45.8300, 548879
2016-09-22, 46.0900, 46.1900, 45.8100, 45.9600, 112546
2016-09-23, 45.9690, 45.9700, 45.7300, 45.7900, 160875
2016-09-26, 45.8100, 45.8400, 45.6000, 45.6100, 33744
2016-09-27, 45.7100, 46.0400, 45.7100, 46.0300, 96362
2016-09-28, 46.0200, 46.1600, 45.7900, 46.1500, 175644
2016-09-29, 46.0000, 46.0600, 45.7000, 45.8400, 152933
2016-09-30, 45.8400, 45.9699, 45.8000, 45.8900, 21623
2016-10-03, 45.8500, 46.0800, 45.8200, 46.0600, 45088
2016-10-04, 45.7900, 45.9000, 45.5801, 45.6800, 43181
2016-10-05, 45.6400, 45.8200, 45.6200, 45.7800, 80451
2016-10-06, 45.5100, 45.7200, 45.5000, 45.6500, 246489
2016-10-07, 45.8300, 45.8300, 45.5000, 45.7500, 71338
2016-10-10, 45.7500, 45.8400, 45.7200, 45.8200, 17326
2016-10-11, 45.4582, 45.4582, 45.2700, 45.3700, 35377
2016-10-12, 45.2317, 45.3600, 45.1600, 45.3200, 18443
2016-10-13, 45.1000, 45.3790, 45.0700, 45.2500, 27078
2016-10-14, 45.3200, 45.4600, 45.1100, 45.1200, 36430
2016-10-17, 45.1400, 45.2299, 45.0900, 45.1300, 72766
2016-10-18, 45.3500, 45.5100, 45.3500, 45.4000, 25925
2016-10-19, 45.5000, 45.6500, 45.5000, 45.6400, 31766
2016-10-20, 45.4800, 45.5950, 45.4000, 45.4200, 73450
2016-10-21, 45.3300, 45.3800, 45.2190, 45.3600, 14799
2016-10-24, 45.4900, 45.4910, 45.3600, 45.4200, 37470
2016-10-25, 45.4000, 45.6200, 45.4000, 45.5000, 21587
2016-10-26, 45.4699, 45.4699, 45.2200, 45.2200, 45467
2016-10-27, 45.3000, 45.3000, 44.9700, 45.0500, 40486
2016-10-28, 45.0500, 45.0900, 44.8800, 44.9000, 51117
2016-10-31, 44.9500, 45.1300, 44.9500, 45.0200, 39228
2016-11-01, 45.1200, 45.1200, 44.8200, 44.9400, 41146
2016-11-02, 44.8000, 44.9200, 44.7700, 44.8800, 135612
2016-11-03, 44.8000, 44.9990, 44.8000, 44.9100, 17060
2016-11-04, 44.8200, 45.0000, 44.8075, 44.8900, 58841
2016-11-07, 45.0200, 45.1300, 44.8500, 44.9100, 1107811
2016-11-08, 44.9800, 45.4200, 44.9700, 45.4000, 1667729
2016-11-09, 44.4400, 44.5500, 44.3401, 44.4400, 72311
2016-11-10, 43.5700, 43.6000, 42.0200, 42.0200, 845528
2016-11-11, 41.8900, 42.5099, 41.8000, 42.1900, 255083
2016-11-14, 41.7700, 42.4345, 41.6800, 42.2600, 122838
2016-11-15, 42.5200, 42.7500, 42.4300, 42.7100, 194967
2016-11-16, 42.3100, 42.5500, 42.3100, 42.3800, 34442
2016-11-17, 42.5400, 42.5600, 42.1000, 42.1200, 505895
2016-11-18, 42.3300, 42.4094, 41.9300, 42.0300, 263744
2016-11-21, 42.2800, 42.3700, 42.1700, 42.2400, 189294
2016-11-22, 42.4000, 42.5100, 42.3300, 42.4000, 205360
2016-11-23, 41.9000, 42.1100, 41.8100, 42.0300, 171358
2016-11-25, 41.9700, 42.0550, 41.9400, 41.9600, 53178
2016-11-28, 42.1500, 42.3199, 42.1500, 42.2300, 63366
2016-11-29, 42.2000, 42.3900, 42.1350, 42.2900, 135424
2016-11-30, 42.2670, 42.3140, 42.0600, 42.1400, 400748
2016-12-01, 42.1100, 42.1100, 41.9701, 42.0500, 127243
2016-12-02, 42.0500, 42.2200, 42.0300, 42.0400, 149003
2016-12-05, 42.1200, 42.4400, 42.1200, 42.3600, 159909
2016-12-06, 42.5000, 42.7300, 42.4900, 42.5900, 126969
2016-12-07, 42.9700, 43.0700, 42.8951, 42.9900, 38895
2016-12-08, 42.8500, 43.0100, 42.7500, 42.9300, 369061
2016-12-09, 42.7100, 42.8350, 42.6538, 42.7500, 45913
2016-12-12, 42.8900, 43.0800, 42.8900, 43.0800, 32082
2016-12-13, 42.9700, 43.1400, 42.9700, 43.0100, 82299
2016-12-14, 43.1900, 43.2300, 42.3700, 42.4200, 84923
2016-12-15, 42.4300, 42.4400, 42.1200, 42.2900, 154496
2016-12-16, 42.4100, 42.4100, 42.2300, 42.3800, 99112
2016-12-19, 42.3100, 42.4800, 42.3000, 42.4100, 68600
2016-12-20, 42.3716, 42.5800, 42.3444, 42.5700, 121777
2016-12-21, 42.6300, 42.6900, 42.5900, 42.6222, 14380
2016-12-22, 42.4900, 42.6500, 42.4900, 42.6300, 78025
2016-12-23, 42.6200, 42.7300, 42.6100, 42.6500, 21825
2016-12-27, 42.7200, 42.7200, 42.6300, 42.7100, 77060
2016-12-28, 42.6300, 42.6510, 42.5000, 42.5600, 32807
2016-12-29, 42.7763, 42.8900, 42.7700, 42.7700, 19801
2016-12-30, 43.0600, 43.0600, 42.8500, 42.8500, 9099
2017-01-03, 42.7500, 42.7500, 42.5700, 42.6300, 113639
2017-01-04, 42.8700, 42.9900, 42.8500, 42.9300, 64977
2017-01-05, 43.1400, 43.3400, 43.1400, 43.3200, 91700
2017-01-06, 43.2143, 43.2143, 43.0000, 43.0000, 62314
2017-01-09, 42.9800, 43.1200, 42.9800, 43.1000, 174649
2017-01-10, 43.0700, 43.1130, 42.9300, 43.0300, 132872
2017-01-11, 42.7700, 43.2300, 42.7000, 43.0600, 33944
2017-01-12, 43.4400, 43.6500, 43.4300, 43.4500, 38276
2017-01-13, 43.4000, 43.5017, 43.3456, 43.4500, 48018
2017-01-17, 43.6100, 43.7700, 43.5900, 43.7700, 54748
2017-01-18, 43.5800, 43.6100, 43.2850, 43.4500, 475037
2017-01-19, 43.2900, 43.4500, 43.2200, 43.4200, 110715
2017-01-20, 43.5800, 43.7300, 43.5100, 43.7300, 45683
2017-01-23, 43.7200, 43.9700, 43.7200, 43.9000, 35092
2017-01-24, 43.8800, 44.0300, 43.7900, 43.7900, 57778
2017-01-25, 43.7500, 44.0900, 43.7500, 44.0800, 93825
2017-01-26, 43.8000, 43.8800, 43.6501, 43.8300, 115243
2017-01-27, 43.8500, 43.8800, 43.7800, 43.7800, 215782
2017-01-30, 43.8200, 43.9900, 43.8184, 43.9000, 72298
2017-01-31, 44.2200, 44.2650, 44.0400, 44.1300, 42904
2017-02-01, 44.2400, 44.3100, 44.0400, 44.2200, 112659
2017-02-02, 44.5600, 44.6100, 44.4500, 44.4900, 46972
2017-02-03, 44.6200, 44.8600, 44.6100, 44.6600, 53223
2017-02-06, 44.7600, 44.7600, 44.6200, 44.6600, 47391
2017-02-07, 44.4600, 44.6300, 44.4000, 44.5800, 48545
2017-02-08, 44.6200, 44.6600, 44.5300, 44.5700, 78899
2017-02-09, 44.7900, 44.7900, 44.5100, 44.5500, 33176
2017-02-10, 44.6000, 44.7900, 44.5700, 44.7900, 17657
2017-02-13, 44.7300, 44.7300, 44.5900, 44.6500, 29962
2017-02-14, 44.8700, 44.9700, 44.6200, 44.9200, 81818
2017-02-15, 44.6500, 45.0300, 44.6500, 45.0000, 35234
2017-02-16, 44.9600, 44.9900, 44.8100, 44.8500, 16218
2017-02-17, 44.6100, 44.7700, 44.5700, 44.5900, 21385
2017-02-21, 44.6900, 44.8400, 44.5900, 44.7700, 198640
2017-02-22, 44.8300, 45.0400, 44.7200, 45.0300, 35441
2017-02-23, 45.2600, 45.2600, 45.1100, 45.1100, 63981
2017-02-24, 44.9500, 45.1300, 44.9100, 45.0000, 53355
2017-02-27, 45.0200, 45.1300, 44.8700, 44.8800, 44887
2017-02-28, 44.9400, 44.9500, 44.8200, 44.8200, 181346
2017-03-01, 44.7500, 44.9000, 44.6200, 44.8500, 30804
2017-03-02, 44.6900, 44.6900, 44.4000, 44.4000, 96558
2017-03-03, 44.5600, 44.7000, 44.4200, 44.7000, 261264
2017-03-06, 44.7900, 44.7900, 44.5600, 44.6400, 122439
2017-03-07, 44.6700, 44.7500, 44.5800, 44.7300, 125619
2017-03-08, 44.4700, 44.5200, 44.2500, 44.2900, 21547
2017-03-09, 44.2100, 44.2300, 44.0000, 44.1500, 104322
2017-03-10, 44.3100, 44.4800, 44.2800, 44.4400, 48385
2017-03-13, 44.5500, 44.6100, 44.4400, 44.4900, 56831
2017-03-14, 44.4100, 44.5300, 44.3700, 44.4800, 31908
2017-03-15, 44.4600, 45.2000, 44.4600, 45.1100, 26588
2017-03-16, 45.3800, 45.3800, 45.1900, 45.3500, 96917
2017-03-17, 45.4000, 45.6400, 45.3900, 45.5800, 90743
2017-03-20, 45.7200, 45.8800, 45.6000, 45.8300, 141439
2017-03-21, 45.8500, 45.9900, 45.6500, 45.7000, 36036
2017-03-22, 45.6100, 45.8400, 45.6100, 45.7300, 200966
2017-03-23, 45.7500, 45.7500, 45.5800, 45.6400, 26960
2017-03-24, 45.8100, 45.9700, 45.7100, 45.9500, 21554
2017-03-27, 45.8600, 45.9900, 45.7900, 45.9200, 55769
2017-03-28, 45.8800, 45.9100, 45.7000, 45.7500, 43628
2017-03-29, 45.6900, 45.8100, 45.6900, 45.8100, 50555
2017-03-30, 45.8500, 45.9400, 45.7300, 45.7800, 52333
2017-03-31, 45.7000, 45.7400, 45.4100, 45.4400, 194432
2017-04-03, 45.5500, 45.7200, 45.4200, 45.5300, 45476
2017-04-04, 45.3900, 45.5300, 45.3800, 45.4400, 19662
2017-04-05, 45.6400, 45.6400, 45.4400, 45.4900, 41932
2017-04-06, 45.3600, 45.5500, 45.3600, 45.4900, 35491
2017-04-07, 45.4400, 45.5100, 45.2800, 45.3400, 88044
2017-04-10, 45.2900, 45.3400, 45.2300, 45.3000, 15156
2017-04-11, 45.2800, 45.3100, 45.2300, 45.2700, 78557
2017-04-12, 45.3500, 45.6300, 45.3000, 45.6300, 61796
2017-04-13, 45.5200, 45.6900, 45.5200, 45.5900, 19790
2017-04-17, 45.7300, 45.8500, 45.6700, 45.8000, 32766
2017-04-18, 45.6000, 45.8100, 45.6000, 45.7900, 24667
2017-04-19, 45.6000, 45.7000, 45.5400, 45.5800, 36449
2017-04-20, 45.8100, 45.8100, 45.6200, 45.6800, 11289
2017-04-21, 45.7100, 45.7200, 45.5900, 45.6900, 52897
2017-04-24, 45.8900, 46.0500, 45.8900, 45.9400, 3771021
2017-04-25, 45.8600, 46.0400, 45.8600, 46.0300, 78990
2017-04-26, 45.7800, 45.8000, 45.5200, 45.7700, 63037
2017-04-27, 45.6300, 45.7400, 45.6300, 45.7300, 15284
2017-04-28, 45.7300, 45.8200, 45.5900, 45.8100, 56878
2017-05-01, 45.6700, 45.8400, 45.6700, 45.7800, 18003
2017-05-02, 45.8700, 46.0800, 45.8700, 45.9900, 67778
2017-05-03, 45.8900, 46.0700, 45.8800, 45.8800, 54503
2017-05-04, 45.7100, 45.7700, 45.6600, 45.7100, 3573
2017-05-05, 45.7500, 45.8700, 45.6200, 45.7800, 137505
2017-05-08, 45.8500, 45.8500, 45.6000, 45.7100, 40477
2017-05-09, 45.6000, 45.6700, 45.4900, 45.5800, 15808
2017-05-10, 45.7300, 45.8600, 45.7000, 45.7900, 52387
2017-05-11, 45.8900, 46.0500, 45.8900, 45.9600, 40623
2017-05-12, 46.1100, 46.2200, 46.1100, 46.2000, 17152
2017-05-15, 46.5100, 46.5200, 46.3900, 46.4500, 24874
2017-05-16, 46.5600, 46.7400, 46.5600, 46.6400, 60566
2017-05-17, 46.5100, 46.7700, 46.5100, 46.6100, 250933
2017-05-18, 45.4800, 45.8100, 45.3900, 45.4900, 117242
2017-05-19, 45.8800, 46.1400, 45.8800, 46.1400, 17425
2017-05-22, 46.1400, 46.2300, 45.9900, 46.0000, 24963
2017-05-23, 46.0000, 46.1600, 45.9600, 46.0800, 30128
2017-05-24, 46.2600, 46.3900, 46.0800, 46.3100, 17297
2017-05-25, 46.4300, 46.4500, 46.3300, 46.3600, 36172
2017-05-26, 46.4200, 46.4900, 46.3800, 46.4600, 6536
2017-05-30, 46.3700, 46.3700, 46.2500, 46.3300, 11429
2017-05-31, 46.3300, 46.5100, 46.1800, 46.2600, 439044
2017-06-01, 46.4000, 46.5900, 46.4000, 46.5700, 80483
2017-06-02, 46.6000, 46.7800, 46.6000, 46.7200, 47398
2017-06-05, 46.7600, 46.8300, 46.7300, 46.8300, 28158
2017-06-06, 46.8300, 46.9000, 46.7600, 46.9000, 15889
2017-06-07, 46.7800, 46.9200, 46.6500, 46.8500, 349379
2017-06-08, 46.8800, 46.9200, 46.7400, 46.8700, 8291
2017-06-09, 46.7600, 46.8700, 46.7100, 46.8200, 13732
2017-06-12, 46.9000, 46.9300, 46.7700, 46.8900, 23206
2017-06-13, 46.9600, 47.0400, 46.8600, 46.9400, 82455
2017-06-14, 47.2600, 47.3700, 47.0500, 47.1500, 14527
2017-06-15, 46.9200, 46.9300, 46.7900, 46.9200, 23002
2017-06-16, 46.9400, 47.0000, 46.8800, 46.9200, 50444
2017-06-19, 46.8800, 46.9000, 46.7400, 46.7700, 19960
2017-06-20, 46.6700, 46.6700, 46.2900, 46.2900, 122200
2017-06-21, 46.4600, 46.5000, 46.2100, 46.3000, 144605
2017-06-22, 46.4900, 46.6000, 46.3400, 46.4400, 8832
2017-06-23, 46.6200, 46.7400, 46.6200, 46.6400, 6706
2017-06-26, 47.0200, 47.0200, 46.8100, 46.8400, 23358
2017-06-27, 46.6900, 46.8500, 46.6200, 46.6900, 16025
2017-06-28, 46.8300, 46.9600, 46.7300, 46.9600, 20071
2017-06-29, 46.8500, 46.8500, 46.6200, 46.6600, 14840
2017-06-30, 46.6500, 46.7200, 46.6000, 46.6000, 18597
2017-07-03, 46.5500, 46.5500, 46.4500, 46.5100, 7692
2017-07-05, 46.3400, 46.4500, 46.1500, 46.4000, 65824
2017-07-06, 46.1500, 46.3600, 46.1400, 46.1800, 34105
2017-07-07, 46.0400, 46.4600, 46.0400, 46.2700, 16202
2017-07-10, 46.4800, 46.4800, 46.3900, 46.4500, 19404
2017-07-11, 46.4400, 46.5200, 46.4000, 46.4800, 9428
2017-07-12, 46.7600, 46.9500, 46.7500, 46.8500, 12309
2017-07-13, 47.0000, 47.1000, 46.9804, 47.0900, 75108
2017-07-14, 47.2900, 47.5200, 47.2900, 47.5000, 92373
2017-07-17, 47.4900, 47.5200, 47.4500, 47.4700, 18217
2017-07-18, 47.6600, 47.7700, 47.6174, 47.7700, 84411
2017-07-19, 47.7000, 47.7500, 47.5800, 47.7200, 36725
2017-07-20, 47.6700, 47.8800, 47.6700, 47.8300, 19399
2017-07-21, 47.8100, 47.9300, 47.7700, 47.8200, 8683
2017-07-24, 47.7200, 47.7500, 47.5800, 47.6800, 17689
2017-07-25, 47.7100, 47.7100, 47.4300, 47.5500, 13084
2017-07-26, 47.5200, 47.9700, 47.4400, 47.9700, 75229
2017-07-27, 47.8400, 47.8800, 47.6100, 47.7500, 123950
2017-07-28, 47.7400, 47.8700, 47.7400, 47.8600, 14935
2017-07-31, 47.8300, 47.9800, 47.7900, 47.9800, 8010
2017-08-01, 47.9700, 48.0100, 47.8600, 47.9200, 85127
2017-08-02, 47.6700, 48.0400, 47.6700, 47.8900, 101997
2017-08-03, 47.9500, 48.0700, 47.9500, 47.9700, 71816
2017-08-04, 47.9400, 47.9400, 47.7000, 47.8900, 70320
2017-08-07, 47.7200, 47.8800, 47.7200, 47.8700, 27446
2017-08-08, 47.8500, 47.8500, 47.6900, 47.7500, 64340
2017-08-09, 47.5300, 47.6100, 47.4300, 47.5800, 26974
2017-08-10, 47.5300, 47.6500, 47.3900, 47.3900, 84441
2017-08-11, 47.4900, 47.6400, 47.3800, 47.5500, 95137
2017-08-14, 47.6200, 47.7600, 47.6000, 47.6000, 45492
2017-08-15, 47.5800, 47.7500, 47.5100, 47.6300, 83881
2017-08-16, 47.6700, 47.9200, 47.6700, 47.9200, 32091
2017-08-17, 47.8400, 47.8900, 47.6000, 47.6000, 16096
2017-08-18, 47.7400, 47.9700, 47.7400, 47.9600, 9911
2017-08-21, 48.0500, 48.0500, 47.9100, 47.9200, 29605
2017-08-22, 47.9400, 48.0200, 47.9400, 47.9900, 48675
2017-08-23, 48.0500, 48.1400, 47.9700, 48.1300, 43710
2017-08-24, 48.1300, 48.1900, 48.0300, 48.1400, 17565
2017-08-25, 48.1000, 48.4500, 48.1000, 48.4400, 29121
2017-08-28, 48.4400, 48.4900, 48.3300, 48.4000, 94541
2017-08-29, 48.2700, 48.4550, 48.2700, 48.3800, 46064
2017-08-30, 48.3200, 48.4000, 48.3000, 48.3000, 30201
2017-08-31, 48.2600, 48.5800, 48.2500, 48.5600, 558995
2017-09-01, 48.6800, 48.6800, 48.5500, 48.5800, 20763
2017-09-05, 48.6500, 48.8399, 48.6500, 48.8000, 74808
2017-09-06, 48.8000, 48.9800, 48.7900, 48.8900, 56702
2017-09-07, 49.1500, 49.2800, 49.1400, 49.2800, 8826
2017-09-08, 49.2600, 49.4100, 49.2000, 49.3100, 205562
2017-09-11, 49.1700, 49.3200, 49.1700, 49.1700, 46484
2017-09-12, 49.0000, 49.0500, 48.9800, 49.0400, 9775
2017-09-13, 49.0300, 49.0300, 48.7700, 48.8500, 59062
2017-09-14, 48.8300, 49.0900, 48.7100, 49.0800, 28037
2017-09-15, 49.0200, 49.1299, 48.9650, 49.1200, 22832
2017-09-18, 49.0200, 49.0200, 48.8300, 48.9200, 15282
2017-09-19, 48.9700, 49.0100, 48.8600, 48.9200, 61451
2017-09-20, 49.0700, 49.2700, 48.7000, 48.9000, 82936
2017-09-21, 48.9300, 48.9900, 48.8400, 48.8400, 41738
2017-09-22, 49.1600, 49.2100, 49.0400, 49.1600, 15728
2017-09-25, 49.0200, 49.0300, 48.6900, 48.7500, 61878
2017-09-26, 48.7000, 48.7000, 48.4300, 48.5300, 20107
2017-09-27, 48.1600, 48.1900, 48.0000, 48.0100, 74651
2017-09-28, 47.9100, 48.0300, 47.9000, 48.0100, 517605
2017-09-29, 48.2700, 48.2800, 48.1400, 48.2300, 63501
2017-10-02, 48.0800, 48.2500, 48.0300, 48.1100, 497820
2017-10-03, 48.1300, 48.2200, 48.0500, 48.0900, 76376
2017-10-04, 48.3100, 48.3400, 48.1900, 48.2400, 10946
2017-10-05, 48.2400, 48.3300, 48.0200, 48.1200, 75520
2017-10-06, 47.8300, 47.9400, 47.6900, 47.9200, 44482
2017-10-09, 47.7100, 47.7600, 47.6600, 47.6900, 11432
2017-10-10, 48.0400, 48.0800, 47.8700, 47.9000, 27547
2017-10-11, 48.0600, 48.1100, 48.0000, 48.0600, 49400
2017-10-12, 48.0700, 48.0700, 47.9100, 47.9900, 32999
2017-10-13, 48.2500, 48.2800, 48.1900, 48.2200, 8563
2017-10-16, 48.2600, 48.2600, 48.0400, 48.1200, 10279
2017-10-17, 47.9500, 48.1100, 47.8600, 48.1100, 28456
2017-10-18, 48.1000, 48.1500, 47.9600, 48.0300, 62730
2017-10-19, 48.0900, 48.2000, 48.0500, 48.1900, 27046
2017-10-20, 48.0100, 48.0100, 47.9000, 47.9000, 23540
2017-10-23, 47.7600, 47.8500, 47.4600, 47.4800, 547066
2017-10-24, 47.4600, 47.4600, 47.2800, 47.3200, 25529
2017-10-25, 47.4200, 47.4300, 47.2200, 47.2500, 16367
2017-10-26, 47.2100, 47.2100, 46.6600, 46.6700, 52407
2017-10-27, 46.7200, 46.9500, 46.6500, 46.9500, 19179
2017-10-30, 46.7200, 47.1000, 46.7200, 46.8700, 63653
2017-10-31, 46.8700, 46.9400, 46.7100, 46.8900, 34476
2017-11-01, 46.9000, 47.0300, 46.8600, 46.9300, 89409
2017-11-02, 46.8900, 47.1500, 46.8900, 47.0700, 68982
2017-11-03, 47.0600, 47.0800, 46.5800, 46.7000, 74593
2017-11-06, 46.7100, 47.1100, 46.7000, 46.9500, 40717
2017-11-07, 46.8500, 46.9000, 46.6200, 46.6600, 52549
2017-11-08, 46.8300, 46.8800, 46.7700, 46.8100, 19502
2017-11-09, 46.6900, 46.8700, 46.6900, 46.8300, 52156
2017-11-10, 46.7300, 46.8400, 46.7100, 46.7200, 20259
2017-11-13, 46.6400, 46.6600, 46.5200, 46.6400, 224271
2017-11-14, 46.6300, 46.6700, 46.5200, 46.5200, 72218
2017-11-15, 46.6900, 46.6900, 46.4700, 46.5300, 28978
2017-11-16, 46.8300, 46.9000, 46.7650, 46.8800, 33848
2017-11-17, 47.0000, 47.1300, 46.9100, 47.0900, 28834
2017-11-20, 46.8700, 46.9900, 46.8700, 46.9600, 62068
2017-11-21, 47.0000, 47.1300, 47.0000, 47.0200, 111483
2017-11-22, 47.2200, 47.5300, 47.2200, 47.4800, 58762
2017-11-24, 47.5400, 47.6900, 47.5400, 47.6300, 14608
2017-11-27, 47.8700, 47.8900, 47.6900, 47.6900, 40046
2017-11-28, 47.7700, 47.8300, 47.6300, 47.7700, 54201
2017-11-29, 47.6900, 47.6900, 47.5300, 47.5300, 31779
2017-11-30, 47.4900, 47.6699, 47.4200, 47.4300, 216727
2017-12-01, 47.5100, 47.6446, 47.4900, 47.5600, 22097
2017-12-04, 47.6200, 47.7700, 47.6200, 47.7700, 22514
2017-12-05, 47.7800, 47.8199, 47.6800, 47.7000, 16886
2017-12-06, 47.6000, 47.7000, 47.5700, 47.6100, 62105
2017-12-07, 47.3100, 47.4999, 47.2900, 47.3500, 32575
2017-12-08, 47.5000, 47.5100, 47.3883, 47.4968, 43803
2017-12-11, 47.4700, 47.5000, 47.3400, 47.3700, 95866
2017-12-12, 47.2000, 47.2700, 47.1000, 47.1900, 36170
2017-12-13, 47.3200, 47.5600, 47.3200, 47.5100, 51600
2017-12-14, 47.3700, 47.4300, 47.3400, 47.3400, 14338
2017-12-15, 47.5200, 47.5700, 47.4200, 47.4800, 54653
2017-12-18, 47.8500, 47.9590, 47.7400, 47.8200, 96432
2017-12-19, 47.8800, 47.9000, 47.7800, 47.8900, 21390
2017-12-20, 47.9500, 48.0076, 47.8000, 47.8900, 52614
2017-12-21, 47.8900, 47.9000, 47.7801, 47.8400, 19520
2017-12-22, 47.7600, 47.8044, 47.7260, 47.7700, 15565
2017-12-26, 47.9200, 47.9200, 47.7300, 47.7900, 17039
2017-12-27, 47.8600, 48.0050, 47.8600, 48.0000, 39919
2017-12-28, 48.1700, 48.1900, 48.0600, 48.1100, 112495
2017-12-29, 48.2200, 48.2400, 48.1100, 48.2000, 19671
2018-01-02, 48.6300, 48.6890, 48.6200, 48.6600, 19277
2018-01-03, 48.8600, 49.0050, 48.8300, 48.9899, 51469
2018-01-04, 49.0900, 49.2799, 49.0900, 49.2000, 224056
2018-01-05, 49.0900, 49.2300, 48.9900, 49.1600, 56816
2018-01-08, 49.0700, 49.0700, 48.9500, 49.0400, 58974
2018-01-09, 49.0000, 49.0000, 48.8100, 48.9400, 30152
2018-01-10, 48.9800, 49.0000, 48.8400, 48.9200, 71927
2018-01-11, 49.0400, 49.2500, 48.9902, 49.2000, 56854
2018-01-12, 49.4300, 49.5900, 49.3700, 49.5800, 94609
2018-01-16, 49.6600, 49.7100, 49.5631, 49.7100, 96180
2018-01-17, 49.5700, 49.8400, 49.5400, 49.7000, 96058
2018-01-18, 49.8700, 49.9100, 49.7919, 49.9000, 31472
2018-01-19, 49.9100, 49.9100, 49.7900, 49.8001, 22892
2018-01-22, 49.8500, 49.9100, 49.7901, 49.9100, 29543
2018-01-23, 49.7700, 49.8700, 49.7100, 49.8700, 39219
2018-01-24, 50.2300, 50.5700, 50.2300, 50.5500, 42324
2018-01-25, 50.7600, 50.7800, 50.4800, 50.5500, 65979
2018-01-26, 50.5500, 50.6780, 50.5000, 50.5440, 79618
2018-01-29, 50.2100, 50.2700, 50.1350, 50.2600, 125211
2018-01-30, 50.2700, 50.2700, 49.9700, 49.9700, 228112
2018-01-31, 50.3900, 50.4132, 50.2100, 50.3300, 85659
2018-02-01, 50.4800, 50.7800, 50.3700, 50.7600, 165408
2018-02-02, 50.3400, 50.3400, 50.0800, 50.0900, 237364
2018-02-05, 50.0800, 50.0899, 49.6300, 49.7000, 215462
2018-02-06, 49.5700, 50.0790, 49.5700, 49.9700, 50766
2018-02-07, 49.9500, 50.0263, 49.6090, 49.6500, 123757
2018-02-08, 49.6500, 49.6848, 49.0800, 49.0800, 48989
2018-02-09, 49.4100, 49.4100, 48.9800, 49.2100, 109196
2018-02-12, 49.3400, 49.6099, 49.3100, 49.5100, 237193
2018-02-13, 49.6000, 49.6700, 49.5500, 49.6400, 17025
2018-02-14, 49.5000, 50.2000, 49.4201, 50.1400, 54944
2018-02-15, 50.2800, 50.4800, 50.2800, 50.4800, 178051
2018-02-16, 50.4100, 50.6600, 50.3801, 50.4600, 48950
2018-02-20, 50.1200, 50.1800, 50.0000, 50.0900, 73044
2018-02-21, 50.1000, 50.2600, 49.8900, 49.8900, 16422
2018-02-22, 50.1400, 50.1800, 49.9900, 50.0600, 46763
2018-02-23, 50.3000, 50.5000, 50.1500, 50.4300, 160049
2018-02-26, 50.3300, 50.4500, 50.2700, 50.4500, 54760
2018-02-27, 50.3000, 50.3000, 49.9900, 50.0000, 184464
2018-02-28, 49.9900, 50.0000, 49.7200, 49.7200, 88869
2018-03-01, 49.7700, 49.9800, 49.6900, 49.9200, 152784
2018-03-02, 49.8000, 50.0700, 49.7000, 49.9500, 107804
2018-03-05, 49.8500, 49.9944, 49.7498, 49.9600, 53652
2018-03-06, 50.2800, 50.2800, 50.0800, 50.1200, 40839
2018-03-07, 50.1195, 50.1321, 49.9800, 50.1000, 54552
2018-03-08, 50.1000, 50.1000, 49.8101, 49.9300, 52815
2018-03-09, 49.9800, 50.1700, 49.9800, 50.0100, 128141
2018-03-12, 49.9200, 50.0600, 49.9200, 50.0500, 22880
2018-03-13, 50.0900, 50.1900, 49.9400, 50.0500, 77325
2018-03-14, 50.1500, 50.1500, 50.0500, 50.1400, 34940
2018-03-15, 49.9800, 50.0000, 49.7700, 49.8000, 205423
2018-03-16, 49.6800, 49.8200, 49.6590, 49.7300, 33859
2018-03-19, 49.6200, 49.6700, 49.5900, 49.6400, 36098
2018-03-20, 49.5800, 49.6999, 49.5200, 49.5200, 128302
2018-03-21, 49.7600, 50.0600, 49.6800, 50.0400, 105213
2018-03-22, 49.9300, 50.0000, 49.8600, 49.9000, 54881
2018-03-23, 50.0200, 50.0399, 49.8700, 49.8700, 64227
2018-03-26, 50.2000, 50.4096, 50.1101, 50.3500, 52817
2018-03-27, 50.2300, 50.3500, 50.1900, 50.2000, 84967
2018-03-28, 50.1900, 50.2100, 50.1050, 50.1200, 37686
2018-03-29, 50.2300, 50.4000, 50.1600, 50.3500, 238372
2018-04-02, 50.3900, 50.3900, 50.0800, 50.2100, 72659
2018-04-03, 50.2400, 50.2600, 50.1222, 50.1900, 53586
2018-04-04, 50.0800, 50.3200, 50.0800, 50.2500, 47294
2018-04-05, 50.3400, 50.3400, 50.1100, 50.1700, 97669
2018-04-06, 50.0500, 50.0858, 49.8850, 49.9400, 65832
2018-04-09, 49.8300, 49.8900, 49.6900, 49.6900, 86901
2018-04-10, 49.6900, 49.9100, 49.6100, 49.8600, 138772
2018-04-11, 49.8400, 49.9800, 49.7800, 49.8900, 102859
2018-04-12, 49.9900, 50.0600, 49.9400, 49.9700, 215918
2018-04-13, 50.0700, 50.0900, 49.9850, 50.0400, 102140
2018-04-16, 50.0800, 50.0800, 49.7400, 50.0400, 78719
2018-04-17, 50.1400, 50.1400, 50.0300, 50.0800, 33995
2018-04-18, 50.1500, 50.3600, 50.1500, 50.3499, 70779
2018-04-19, 50.2600, 50.2600, 49.9924, 50.1000, 66824
2018-04-20, 49.8800, 49.8800, 49.6400, 49.6900, 77786
2018-04-23, 49.3200, 49.3800, 49.1400, 49.1600, 93695
2018-04-24, 49.2000, 49.2500, 49.1000, 49.1600, 221495
2018-04-25, 48.8000, 48.9100, 48.6900, 48.9000, 194015
2018-04-26, 48.9800, 48.9800, 48.6900, 48.8800, 127106
2018-04-27, 48.9200, 49.1600, 48.9200, 49.1100, 17397
2018-04-30, 48.9800, 48.9800, 48.6900, 48.7100, 54835
2018-05-01, 48.6200, 48.6200, 48.2400, 48.2800, 158504
2018-05-02, 48.2800, 48.2800, 47.9000, 47.9100, 351028
2018-05-03, 48.0800, 48.0800, 47.7600, 47.8700, 98137
2018-05-04, 47.8600, 47.9900, 47.7000, 47.8900, 69125
2018-05-07, 47.5300, 47.6300, 47.4332, 47.4500, 53965
2018-05-08, 47.2000, 47.2000, 46.8700, 47.0000, 374282
2018-05-09, 46.8900, 46.9992, 46.7000, 46.7400, 843862
2018-05-10, 47.3800, 47.6300, 47.2600, 47.5500, 143252
2018-05-11, 47.6500, 47.6500, 47.3200, 47.3900, 64469
2018-05-14, 47.2600, 47.3100, 46.8800, 46.8800, 167789
2018-05-15, 46.4200, 46.5900, 46.1900, 46.4200, 93687
2018-05-16, 46.5100, 46.6300, 46.4300, 46.5200, 60702
2018-05-17, 46.3400, 46.3400, 46.1200, 46.2000, 135455
2018-05-18, 45.8000, 45.8800, 45.6501, 45.8300, 32045
2018-05-21, 45.6800, 45.9300, 45.6800, 45.9300, 25623
2018-05-22, 46.2300, 46.3800, 46.1650, 46.1700, 73958
2018-05-23, 45.8800, 46.3500, 45.8800, 46.2600, 74871
2018-05-24, 46.1100, 46.2400, 46.0200, 46.1800, 243591
2018-05-25, 46.2500, 46.2500, 46.0100, 46.0800, 27748
2018-05-29, 45.7900, 46.0000, 45.5500, 45.6100, 234187
2018-05-30, 45.8900, 46.0500, 45.7750, 45.9000, 124943
2018-05-31, 45.9900, 45.9900, 45.6750, 45.7000, 147514
2018-06-01, 45.8800, 46.0400, 45.6800, 45.7200, 68317
2018-06-04, 46.0000, 46.0100, 45.8100, 45.9900, 55723
2018-06-05, 45.8500, 45.8500, 45.5700, 45.6300, 35457
2018-06-06, 45.6200, 45.8400, 45.6200, 45.8000, 140605
2018-06-07, 45.5400, 45.6597, 45.2290, 45.3200, 36614
2018-06-08, 45.4000, 45.8100, 45.2700, 45.7200, 479296
2018-06-11, 45.5800, 45.8100, 45.5248, 45.5800, 75899
2018-06-12, 45.4100, 45.5600, 45.2601, 45.3600, 42975
2018-06-13, 45.2200, 45.4199, 45.0200, 45.2000, 86754
2018-06-14, 45.1900, 45.2637, 44.5200, 44.5300, 74466
2018-06-15, 44.6700, 44.6700, 44.4500, 44.5300, 267837
2018-06-18, 44.5400, 44.5900, 44.2500, 44.5900, 328744
2018-06-19, 44.2700, 44.5900, 44.2200, 44.4400, 430980
2018-06-20, 44.6600, 44.6600, 44.4400, 44.4900, 464069
2018-06-21, 44.4300, 44.6500, 44.4300, 44.6300, 385390
2018-06-22, 44.7500, 44.9600, 44.7500, 44.9100, 536820
2018-06-25, 44.8326, 44.8326, 44.6000, 44.6600, 174202
2018-06-26, 44.8500, 44.8500, 44.6209, 44.6500, 28530
2018-06-27, 44.4400, 44.5900, 44.2201, 44.2600, 90791
2018-06-28, 44.4500, 44.4572, 44.3100, 44.3700, 74680
2018-06-29, 44.5600, 44.6200, 44.2500, 44.3500, 377321
2018-07-02, 44.0200, 44.1200, 43.9400, 44.1200, 54042
2018-07-03, 44.4000, 44.5100, 44.3300, 44.3500, 32634
2018-07-05, 44.5356, 44.6400, 44.4700, 44.5300, 64266
2018-07-06, 44.6600, 44.9148, 44.6500, 44.8200, 28096
2018-07-09, 44.9200, 45.0164, 44.8900, 44.9000, 65792
2018-07-10, 44.8200, 45.2900, 44.8200, 45.2100, 1011467
2018-07-11, 44.9900, 45.0200, 44.6000, 44.6000, 244074
2018-07-12, 44.9500, 44.9999, 44.7100, 44.7700, 96895
2018-07-13, 44.7700, 44.9100, 44.7200, 44.8400, 48890
2018-07-16, 44.9100, 44.9400, 44.7900, 44.8800, 28881
2018-07-17, 44.8100, 44.9610, 44.8000, 44.8500, 75680
2018-07-18, 44.8300, 44.9800, 44.7098, 44.8900, 106858
2018-07-19, 44.5900, 44.7100, 44.4600, 44.6500, 106263
2018-07-20, 44.9100, 45.0400, 44.7900, 44.9000, 76008
2018-07-23, 44.9800, 44.9916, 44.8100, 44.9600, 72238
2018-07-24, 45.0100, 45.1800, 44.9501, 45.0900, 22589
2018-07-25, 45.2700, 45.4600, 45.2200, 45.4600, 312986
2018-07-26, 45.3600, 45.3900, 45.1400, 45.2000, 76107
2018-07-27, 45.3700, 45.4899, 45.2500, 45.3600, 427711
2018-07-30, 45.5384, 45.5894, 45.4600, 45.4600, 31101
2018-07-31, 45.4200, 45.5200, 45.3401, 45.4600, 23875
2018-08-01, 45.3200, 45.5700, 45.3200, 45.4100, 902814
2018-08-02, 45.1800, 45.2100, 45.0600, 45.1700, 79236
2018-08-03, 45.1700, 45.4300, 45.1700, 45.4100, 31672
2018-08-06, 45.2199, 45.2600, 45.1000, 45.1400, 58495
2018-08-07, 45.4300, 45.4600, 45.1401, 45.2100, 97085
2018-08-08, 45.2500, 45.2500, 45.0900, 45.1400, 66898
2018-08-09, 44.9800, 44.9800, 44.6200, 44.6600, 264259
2018-08-10, 43.5500, 43.8400, 43.3600, 43.5100, 968569
2018-08-13, 43.1200, 43.2600, 42.7900, 43.0100, 164844
2018-08-14, 43.3300, 43.4000, 43.2200, 43.2800, 152521
2018-08-15, 42.9600, 43.0802, 42.8300, 43.0100, 111896
2018-08-16, 43.2900, 43.4448, 42.9900, 43.1900, 232842
2018-08-17, 43.0100, 43.2200, 42.9400, 43.1800, 118218
2018-08-20, 43.2200, 43.2200, 42.9900, 43.0900, 35768
2018-08-21, 43.2200, 43.4573, 43.1500, 43.1500, 110442
2018-08-22, 43.0100, 43.4400, 43.0100, 43.4400, 216082
2018-08-23, 43.2400, 43.3200, 42.7900, 42.7900, 51141
2018-08-24, 43.2500, 43.3500, 43.0900, 43.2000, 55677
2018-08-27, 43.3900, 43.5100, 43.3300, 43.3300, 109684
2018-08-28, 43.3900, 43.4100, 43.0290, 43.0700, 116742
2018-08-29, 42.9100, 42.9700, 42.7150, 42.8400, 64036
2018-08-30, 42.5100, 42.5400, 41.8901, 42.0700, 94080
2018-08-31, 42.1479, 42.3100, 41.9900, 42.2400, 71025
2018-09-04, 41.6600, 41.6799, 41.3800, 41.5800, 380671
2018-09-05, 41.6700, 41.6917, 41.4100, 41.5800, 102961
2018-09-06, 41.6900, 41.7400, 41.5701, 41.7200, 46859
2018-09-07, 42.0000, 42.0000, 41.8000, 41.9400, 65193
2018-09-10, 41.7800, 41.8891, 41.6600, 41.8100, 33904
2018-09-11, 41.6300, 41.7100, 41.5201, 41.6100, 28533
2018-09-12, 41.8700, 42.1500, 41.8399, 41.9700, 182990
2018-09-13, 42.3300, 42.3700, 42.0700, 42.1300, 545266
2018-09-14, 42.2300, 42.3000, 42.0300, 42.1200, 149625
2018-09-17, 42.1200, 42.2800, 42.1200, 42.2800, 55387
2018-09-18, 42.2600, 42.3780, 42.1400, 42.1800, 158858
2018-09-19, 42.5100, 42.5600, 42.3900, 42.5200, 46049
2018-09-20, 42.6700, 42.9400, 42.6500, 42.9100, 41483
2018-09-21, 42.8400, 42.9900, 42.7228, 42.9800, 90570
2018-09-24, 43.1500, 43.1599, 42.8600, 42.9000, 129022
2018-09-25, 42.8600, 42.9000, 42.6700, 42.8200, 72972
2018-09-26, 42.9500, 43.1900, 42.9000, 43.0900, 95703
2018-09-27, 43.2200, 43.3300, 43.1500, 43.2500, 144163
2018-09-28, 43.0000, 43.2200, 43.0000, 43.1200, 14117
2018-10-01, 43.0900, 43.2900, 43.0900, 43.2000, 37510
2018-10-02, 43.1800, 43.3700, 43.1800, 43.3000, 79352
2018-10-03, 43.4600, 43.4831, 43.0785, 43.1200, 138961
2018-10-04, 42.9600, 43.0500, 42.5900, 42.6900, 147244
2018-10-05, 42.9580, 43.0000, 42.7600, 42.9800, 51564
2018-10-08, 42.9300, 43.1600, 42.9300, 43.1500, 31709
2018-10-09, 42.9900, 43.3400, 42.9900, 43.3400, 33723
2018-10-10, 43.1615, 43.1999, 42.9800, 42.9800, 15064
2018-10-11, 43.1600, 43.3300, 43.1000, 43.3266, 114263
2018-10-12, 43.4100, 43.4100, 43.1700, 43.2200, 93807
2018-10-15, 43.4800, 43.6599, 43.4600, 43.5300, 54681
2018-10-16, 43.8100, 43.9600, 43.7400, 43.9600, 81082
2018-10-17, 43.9700, 44.1800, 43.9093, 44.0900, 110718
2018-10-18, 44.0200, 44.0600, 43.7000, 43.7400, 92061
2018-10-19, 43.8300, 43.9200, 43.7050, 43.8300, 26351
2018-10-22, 43.8500, 43.9450, 43.7800, 43.7800, 180285
2018-10-23, 43.8900, 43.8999, 43.6200, 43.8100, 18577
2018-10-24, 43.9200, 43.9200, 43.3500, 43.4000, 26592
2018-10-25, 43.5200, 43.7090, 43.4500, 43.5700, 149105
2018-10-26, 43.5500, 43.8000, 43.5500, 43.7200, 133174
2018-10-29, 43.8200, 43.8500, 43.2850, 43.3900, 24848
2018-10-30, 43.5000, 43.5600, 43.2400, 43.4600, 531575
2018-10-31, 43.4000, 43.4000, 43.1596, 43.3400, 402437
2018-11-01, 43.5800, 43.7800, 43.5800, 43.7270, 64037
2018-11-02, 43.8700, 43.9399, 43.7200, 43.8200, 99661
2018-11-05, 44.0600, 44.1000, 43.9100, 43.9600, 66378
2018-11-06, 44.0200, 44.1300, 43.9700, 44.1000, 76779
2018-11-07, 44.1500, 44.2305, 44.1200, 44.2000, 471454
2018-11-08, 44.1000, 44.1000, 43.6950, 43.7700, 104372
2018-11-09, 43.6500, 43.7700, 43.5340, 43.7300, 65067
