2014-01-31, 11.5000, 12.8800, 11.2600, 12.2000, 3758200
2014-02-03, 12.9000, 12.9000, 12.0200, 12.1200, 277600
2014-02-04, 12.2600, 12.7700, 12.1700, 12.2100, 131100
2014-02-05, 12.1000, 12.3500, 11.9300, 12.1700, 260000
2014-02-06, 12.9700, 13.2600, 12.5300, 12.7500, 180900
2014-02-07, 12.7100, 12.8900, 12.5816, 12.7500, 97800
2014-02-10, 12.9300, 12.9300, 12.7900, 12.8500, 136000
2014-02-11, 12.7600, 12.8500, 12.3200, 12.3200, 122100
2014-02-12, 12.2600, 12.5950, 11.9900, 11.9900, 54300
2014-02-13, 12.0200, 12.6100, 12.0200, 12.3900, 37200
2014-02-14, 12.4600, 12.9000, 12.4600, 12.6600, 58700
2014-02-18, 12.9000, 12.9000, 12.5500, 12.6700, 37800
2014-02-19, 12.7300, 12.7300, 12.5100, 12.5900, 5500
2014-02-20, 12.7300, 12.8400, 12.6000, 12.7000, 52400
2014-02-21, 12.8500, 12.8500, 12.5800, 12.6100, 29400
2014-02-24, 12.6100, 12.7700, 12.3100, 12.6500, 33200
2014-02-25, 12.8000, 13.8100, 12.8000, 13.5900, 264500
2014-02-26, 13.4200, 14.0000, 12.5000, 13.9000, 75200
2014-02-27, 14.0200, 14.4800, 13.8000, 14.0000, 149400
2014-02-28, 14.0100, 14.4800, 13.6000, 13.6300, 124500
2014-03-03, 13.5700, 14.2200, 13.4700, 14.1700, 121000
2014-03-04, 14.3100, 14.9800, 14.1900, 14.4100, 155800
2014-03-05, 14.7499, 14.8400, 14.3250, 14.6000, 56000
2014-03-06, 14.7600, 15.1900, 14.7600, 15.1000, 84100
2014-03-07, 15.2700, 15.9300, 15.0500, 15.8400, 95800
2014-03-10, 15.0000, 15.2500, 14.7340, 14.9000, 149800
2014-03-11, 14.7200, 15.1300, 14.5300, 14.7700, 125900
2014-03-12, 14.5600, 15.5300, 14.5600, 15.4700, 80000
2014-03-13, 15.5000, 15.6700, 14.6500, 15.0000, 67800
2014-03-14, 15.1900, 15.3800, 14.9500, 15.0900, 42700
2014-03-17, 15.3100, 15.4760, 14.9300, 15.1000, 54500
2014-03-18, 14.9300, 15.1000, 14.7300, 15.0000, 122000
2014-03-19, 15.2000, 15.7400, 15.0200, 15.1800, 139200
2014-03-20, 15.1200, 15.3600, 14.8100, 15.0000, 200000
2014-03-21, 15.1200, 15.3400, 14.6100, 14.6100, 320800
2014-03-24, 15.0000, 15.0000, 14.2100, 14.5200, 240400
2014-03-25, 14.5000, 15.1300, 14.2000, 14.4500, 240200
2014-03-26, 14.4600, 14.6550, 14.2500, 14.5200, 96500
2014-03-27, 14.5400, 14.8300, 13.7500, 14.2700, 128000
2014-03-28, 14.2600, 14.3800, 13.9000, 14.1600, 141500
2014-03-31, 14.2000, 14.3300, 13.4300, 14.2400, 936200
2014-04-01, 14.1100, 14.6700, 14.0000, 14.6000, 218400
2014-04-02, 14.5500, 15.2100, 14.4100, 15.0000, 86400
2014-04-03, 14.9400, 15.0000, 14.4900, 14.9800, 162100
2014-04-04, 15.0500, 15.1000, 14.4300, 15.0000, 147200
2014-04-07, 14.8800, 14.9840, 14.2700, 14.5000, 51800
2014-04-08, 14.4500, 14.5400, 13.9900, 14.2200, 154100
2014-04-09, 14.2700, 14.8000, 14.1300, 14.4000, 79200
2014-04-10, 14.4300, 14.5000, 14.0700, 14.4200, 65600
2014-04-11, 14.2900, 14.5800, 13.9501, 14.1500, 64600
2014-04-14, 14.3100, 14.3100, 13.9100, 14.2100, 35500
2014-04-15, 14.3200, 14.3200, 13.8100, 14.1200, 30200
2014-04-16, 14.0700, 14.1200, 13.8300, 14.0600, 46600
2014-04-17, 14.0400, 14.1000, 13.7500, 13.8700, 15100
2014-04-21, 13.9700, 14.5500, 13.5000, 14.3500, 86800
2014-04-22, 14.3300, 14.3700, 13.8400, 14.1100, 84200
2014-04-23, 14.1200, 14.1200, 13.6603, 13.9900, 66600
2014-04-24, 14.1200, 14.4400, 14.1100, 14.2400, 51100
2014-04-25, 14.1900, 14.3000, 13.6500, 13.6900, 31000
2014-04-28, 13.7400, 13.8200, 13.1500, 13.4800, 136100
2014-04-29, 13.4700, 13.8300, 13.0900, 13.7000, 68300
2014-04-30, 13.6200, 13.7600, 13.3400, 13.7500, 69100
2014-05-01, 13.6900, 14.2400, 13.4500, 14.2000, 31500
2014-05-02, 14.2000, 14.3200, 13.5300, 14.0000, 46000
2014-05-05, 13.9000, 13.9700, 13.6900, 13.7200, 24600
2014-05-06, 13.7600, 13.9300, 13.2800, 13.3500, 59400
2014-05-07, 13.2200, 13.2200, 12.2500, 12.6000, 91000
2014-05-08, 12.5700, 13.2100, 12.3000, 12.8000, 45100
2014-05-09, 12.7500, 13.1900, 12.7300, 13.1800, 11700
2014-05-12, 13.2900, 13.6500, 13.2900, 13.5100, 31600
2014-05-13, 13.5700, 13.5860, 13.3500, 13.4000, 47500
2014-05-14, 13.4200, 13.6100, 12.9400, 12.9800, 25000
2014-05-15, 12.9000, 12.9300, 12.1400, 12.6300, 73800
2014-05-16, 12.7900, 12.7900, 12.3100, 12.4800, 40100
2014-05-19, 12.4600, 12.6000, 12.1600, 12.4900, 35200
2014-05-20, 12.3900, 12.5100, 11.6100, 11.9200, 69300
2014-05-21, 12.0400, 12.2600, 11.9100, 12.2300, 47800
2014-05-22, 12.3000, 12.5500, 12.2300, 12.5000, 32400
2014-05-23, 12.4400, 12.6500, 12.3700, 12.5400, 14600
2014-05-27, 12.5900, 13.1500, 12.0700, 13.0500, 74200
2014-05-28, 12.9600, 12.9720, 12.5000, 12.7200, 33600
2014-05-29, 12.6900, 12.7900, 12.3000, 12.3900, 19100
2014-05-30, 12.4800, 12.6000, 12.1300, 12.3000, 50900
2014-06-02, 12.3900, 12.9700, 11.9200, 12.0000, 83100
2014-06-03, 12.0000, 12.5000, 11.5000, 11.7500, 63300
2014-06-04, 11.7600, 12.0600, 11.7600, 12.0100, 101200
2014-06-05, 12.0800, 12.9000, 12.0800, 12.7500, 49800
2014-06-06, 12.8800, 13.1300, 12.5580, 12.9900, 62500
2014-06-09, 13.0000, 13.1500, 12.9500, 13.0300, 65300
2014-06-10, 13.0300, 13.0600, 12.5600, 12.7800, 41500
2014-06-11, 12.6300, 12.7200, 12.3000, 12.3800, 23800
2014-06-12, 12.3500, 12.3600, 12.0200, 12.3300, 82400
2014-06-13, 12.3800, 12.6500, 12.1900, 12.2700, 13800
2014-06-16, 12.2900, 12.4600, 12.1700, 12.3700, 43400
2014-06-17, 12.3100, 12.5200, 12.2100, 12.4400, 36100
2014-06-18, 12.4100, 12.4700, 12.3000, 12.4100, 15300
2014-06-19, 12.4900, 12.7500, 12.3711, 12.6600, 18900
2014-06-20, 12.7400, 12.7400, 12.5500, 12.7200, 66600
2014-06-23, 12.9900, 12.9900, 12.4500, 12.7100, 39400
2014-06-24, 12.6500, 12.8600, 12.5060, 12.6600, 41900
2014-06-25, 12.5700, 13.0000, 12.4700, 12.8500, 64100
2014-06-26, 12.8200, 12.9999, 12.7700, 12.8000, 17600
2014-06-27, 12.7500, 14.0000, 12.5560, 13.9400, 237800
2014-06-30, 13.9400, 14.5900, 13.7780, 14.1300, 108000
2014-07-01, 14.2800, 14.3300, 14.0000, 14.1900, 57500
2014-07-02, 13.8960, 14.2700, 13.8960, 14.1700, 62000
2014-07-03, 14.2400, 14.9800, 13.8300, 14.8300, 40700
2014-07-07, 14.7000, 14.7000, 14.2800, 14.6100, 33000
2014-07-08, 14.4700, 14.4700, 13.9000, 14.2100, 37900
2014-07-09, 14.1800, 14.2400, 13.6600, 14.0500, 40900
2014-07-10, 13.7300, 13.9190, 13.3200, 13.4700, 29600
2014-07-11, 13.3900, 13.5300, 13.2200, 13.3600, 75800
2014-07-14, 13.4900, 13.6200, 13.2000, 13.4900, 61500
2014-07-15, 13.4200, 13.8500, 13.1600, 13.4000, 91400
2014-07-16, 13.4300, 13.5300, 13.1700, 13.3000, 98800
2014-07-17, 13.2500, 13.3800, 13.1100, 13.1800, 88700
2014-07-18, 13.1400, 13.2300, 13.0700, 13.1400, 23300
2014-07-21, 13.0500, 13.3200, 12.9400, 12.9900, 85400
2014-07-22, 13.0500, 13.2200, 12.9500, 13.1000, 33300
2014-07-23, 13.0200, 13.1400, 12.9100, 12.9200, 16400
2014-07-24, 13.0000, 13.1200, 12.8600, 13.0300, 29000
2014-07-25, 12.9200, 13.0000, 12.9100, 12.9700, 21200
2014-07-28, 12.9500, 13.1200, 12.7300, 13.0200, 48400
2014-07-29, 12.9000, 13.1100, 12.7500, 12.9900, 55800
2014-07-30, 13.0600, 13.1000, 12.9500, 13.0700, 27200
2014-07-31, 12.8400, 13.0500, 12.5000, 13.0100, 66600
2014-08-01, 13.0100, 13.0600, 12.8500, 13.0500, 46300
2014-08-04, 13.0000, 13.1000, 12.9400, 13.0700, 54000
2014-08-05, 13.0400, 13.0900, 12.9600, 13.0600, 34700
2014-08-06, 13.0100, 13.0800, 12.6300, 13.0700, 192500
2014-08-07, 13.1000, 13.1000, 13.0000, 13.0600, 52400
2014-08-08, 13.0300, 13.8900, 13.0300, 13.8400, 132000
2014-08-11, 13.9300, 14.2700, 13.2200, 14.1200, 48500
2014-08-12, 14.0300, 14.0300, 13.2300, 13.3100, 91000
2014-08-13, 13.2900, 13.6300, 13.1500, 13.5700, 28300
2014-08-14, 13.3000, 13.4200, 13.0500, 13.2000, 75000
2014-08-15, 13.3500, 13.6050, 13.1500, 13.5000, 25600
2014-08-18, 13.6300, 13.8300, 13.5540, 13.7000, 14200
2014-08-19, 13.7500, 14.4000, 13.6100, 14.1700, 37300
2014-08-20, 14.2500, 14.2900, 13.6900, 13.7800, 53700
2014-08-21, 13.8200, 14.4500, 13.7600, 14.3700, 25500
2014-08-22, 14.4000, 14.7200, 13.9800, 14.4600, 45300
2014-08-25, 14.5400, 14.7000, 13.8600, 14.3600, 52500
2014-08-26, 14.3200, 14.3300, 13.9800, 14.0400, 21000
2014-08-27, 14.1000, 14.3000, 14.0200, 14.1900, 14900
2014-08-28, 14.0800, 14.5900, 13.5900, 14.4400, 108100
2014-08-29, 14.2500, 14.5000, 14.0200, 14.2100, 49300
2014-09-02, 14.2800, 14.7200, 14.0400, 14.1100, 33400
2014-09-03, 14.1900, 14.2000, 13.6000, 14.1400, 64200
2014-09-04, 14.0900, 14.4500, 13.7800, 13.7900, 50200
2014-09-05, 13.7500, 14.0150, 13.6300, 13.6800, 51000
2014-09-08, 13.7300, 13.8600, 13.6000, 13.7100, 15300
2014-09-09, 13.8300, 13.8700, 13.5400, 13.6800, 44900
2014-09-10, 13.6099, 14.1000, 13.5400, 14.0400, 36900
2014-09-11, 13.9356, 14.0000, 13.5900, 13.7300, 82100
2014-09-12, 13.8700, 14.0000, 13.5500, 13.6700, 65800
2014-09-15, 13.6000, 13.6700, 13.4000, 13.5500, 23200
2014-09-16, 13.4600, 13.7600, 13.4600, 13.6300, 22800
2014-09-17, 13.5900, 13.8200, 13.5500, 13.7800, 59500
2014-09-18, 13.7800, 13.8400, 13.3800, 13.7200, 52900
2014-09-19, 13.7700, 14.0400, 13.5470, 13.9600, 92400
2014-09-22, 13.8600, 14.0700, 13.4000, 13.5100, 27258
2014-09-23, 13.5100, 13.6400, 13.3400, 13.4200, 28607
2014-09-24, 13.7400, 13.7400, 13.3800, 13.4600, 12653
2014-09-25, 13.2900, 13.3700, 13.0300, 13.3000, 29281
2014-09-26, 13.3300, 13.6000, 13.3300, 13.5900, 19136
2014-09-29, 13.3900, 13.7400, 13.3900, 13.6900, 18832
2014-09-30, 13.5300, 13.7800, 13.3800, 13.5000, 19295
2014-10-01, 13.4500, 13.5450, 13.2500, 13.2500, 19106
2014-10-02, 13.3200, 13.5600, 13.0600, 13.3200, 11213
2014-10-03, 13.4700, 13.5300, 13.1300, 13.2200, 13979
2014-10-06, 13.2100, 13.3900, 13.0000, 13.3300, 31011
2014-10-07, 13.2100, 13.3100, 13.0100, 13.0400, 8420
2014-10-08, 13.0700, 13.1900, 12.9500, 13.1700, 21276
2014-10-09, 13.1100, 13.2200, 12.9500, 13.0100, 28151
2014-10-10, 13.0500, 13.2200, 12.8000, 12.8000, 31223
2014-10-13, 12.9000, 13.1000, 12.9000, 13.0200, 33592
2014-10-14, 13.0900, 13.5200, 13.0900, 13.3400, 22848
2014-10-15, 13.0800, 13.4600, 12.8200, 13.4100, 37260
2014-10-16, 13.1400, 13.5700, 12.9100, 13.5200, 57587
2014-10-17, 13.7100, 13.7700, 13.4900, 13.6900, 37561
2014-10-20, 13.6700, 13.8750, 13.6500, 13.7700, 26231
2014-10-21, 13.7700, 14.4000, 13.5800, 14.3000, 54853
2014-10-22, 14.2400, 14.6200, 14.0467, 14.6000, 54646
2014-10-23, 14.6500, 15.2000, 14.4275, 15.1500, 41513
2014-10-24, 15.1000, 15.4700, 14.9200, 15.2900, 27685
2014-10-27, 15.1400, 15.4700, 15.0900, 15.2900, 17648
2014-10-28, 15.3700, 15.9100, 15.2000, 15.6300, 75398
2014-10-29, 15.7000, 15.9600, 15.5400, 15.7100, 8048
2014-10-30, 15.5800, 15.5800, 14.9500, 15.3600, 39550
2014-10-31, 15.5300, 15.6500, 14.9100, 15.1700, 69918
2014-11-03, 15.0900, 15.3400, 14.7000, 15.1500, 68342
2014-11-04, 14.9300, 15.0900, 14.5200, 14.8500, 23391
2014-11-05, 14.9000, 14.9875, 14.6800, 14.8300, 16446
2014-11-06, 14.7000, 15.1700, 14.4700, 15.0200, 120479
2014-11-07, 14.4000, 14.7500, 13.7900, 14.0600, 78798
2014-11-10, 14.2900, 14.6000, 13.9500, 14.5800, 80173
2014-11-11, 14.4100, 14.6000, 13.9600, 14.5600, 64378
2014-11-12, 14.4100, 14.6900, 14.2300, 14.3500, 29370
2014-11-13, 14.2300, 14.4900, 14.0400, 14.1000, 29336
2014-11-14, 14.1600, 14.4700, 14.0100, 14.4500, 43726
2014-11-17, 14.3700, 14.3700, 13.9900, 14.0000, 22534
2014-11-18, 14.0300, 14.2400, 13.9500, 14.0100, 20007
2014-11-19, 13.9000, 14.1600, 13.7200, 14.0700, 40044
2014-11-20, 14.2100, 14.2100, 13.9700, 14.0600, 17999
2014-11-21, 14.3200, 14.8900, 14.3200, 14.4600, 34981
2014-11-24, 14.7500, 14.7500, 14.2301, 14.6100, 34869
2014-11-25, 14.5000, 14.5000, 14.1400, 14.2800, 8189
2014-11-26, 14.1100, 14.3000, 14.1000, 14.2600, 6696
2014-11-28, 14.1900, 14.4000, 14.1900, 14.2500, 11715
2014-12-01, 14.2500, 14.6500, 14.2500, 14.4600, 25429
2014-12-02, 14.7320, 14.7320, 14.4540, 14.5500, 17941
2014-12-03, 14.3800, 14.5400, 14.2700, 14.2900, 15388
2014-12-04, 14.1400, 14.2900, 13.9100, 13.9500, 18490
2014-12-05, 13.9300, 14.3400, 13.9300, 14.2400, 5612
2014-12-08, 14.1000, 14.4100, 14.1000, 14.2400, 15655
2014-12-09, 14.1500, 14.4900, 14.0800, 14.4100, 19337
2014-12-10, 14.4276, 14.4900, 14.1100, 14.2300, 16914
2014-12-11, 14.3300, 14.3300, 14.0600, 14.1200, 20135
2014-12-12, 13.9200, 14.2200, 13.7900, 13.9200, 22457
2014-12-15, 14.0300, 14.0900, 13.7200, 13.9000, 66095
2014-12-16, 13.7500, 14.0000, 13.6400, 13.7600, 25591
2014-12-17, 13.6900, 14.2500, 13.6900, 14.2400, 15080
2014-12-18, 14.1200, 14.1700, 13.7600, 14.1600, 52794
2014-12-19, 14.0800, 14.5900, 14.0800, 14.2500, 45865
2014-12-22, 14.3400, 14.4300, 13.9600, 14.0700, 38345
2014-12-23, 14.0300, 14.0900, 13.9600, 14.0100, 28373
2014-12-24, 14.0900, 14.2800, 13.8650, 14.0000, 14720
2014-12-26, 14.0900, 14.3300, 13.9600, 14.2900, 6983
2014-12-29, 14.2500, 14.8900, 14.1300, 14.6600, 63076
2014-12-30, 14.6000, 14.8700, 14.2600, 14.6600, 56849
2014-12-31, 14.6300, 14.8700, 14.2900, 14.4800, 61408
2015-01-02, 14.6400, 14.6400, 13.9000, 14.3800, 37939
2015-01-05, 14.3500, 14.7400, 13.9700, 14.5400, 36321
2015-01-06, 14.7000, 14.9500, 14.0801, 14.1900, 42243
2015-01-07, 14.2500, 14.5600, 14.0200, 14.4600, 67126
2015-01-08, 14.5300, 14.8500, 14.3550, 14.6800, 35856
2015-01-09, 14.7000, 14.7300, 14.4600, 14.5900, 19497
2015-01-12, 14.6800, 15.1000, 14.4300, 14.5300, 29280
2015-01-13, 14.6900, 15.0000, 14.3600, 14.4600, 82919
2015-01-14, 14.3500, 14.6700, 14.0000, 14.0100, 24769
2015-01-15, 14.1900, 14.4900, 13.0000, 13.2300, 50219
2015-01-16, 13.1500, 13.6600, 12.9100, 13.2400, 36410
2015-01-20, 13.3100, 13.7300, 13.0200, 13.0600, 32309
2015-01-21, 13.0900, 13.3800, 13.0600, 13.1500, 32162
2015-01-22, 13.2500, 13.7200, 13.0305, 13.5800, 27397
2015-01-23, 13.6200, 13.7900, 13.3600, 13.6400, 18340
2015-01-26, 13.7500, 14.1900, 13.4800, 13.9200, 30708
2015-01-27, 13.7000, 14.0000, 13.5000, 13.7400, 24241
2015-01-28, 13.7600, 14.0300, 13.0800, 13.2300, 34061
2015-01-29, 13.5100, 13.9350, 13.2200, 13.9100, 25405
2015-01-30, 13.7700, 14.4000, 13.4000, 14.0900, 53216
2015-02-02, 14.0600, 14.1000, 13.6500, 14.0000, 43724
2015-02-03, 14.1000, 14.4500, 13.8900, 14.2400, 33863
2015-02-04, 14.2600, 14.2950, 13.9350, 14.0300, 33445
2015-02-05, 13.9500, 14.1900, 13.9500, 14.1300, 30276
2015-02-06, 14.0800, 14.4900, 13.9400, 14.4000, 29230
2015-02-09, 14.2600, 14.6200, 14.1540, 14.3100, 20030
2015-02-10, 14.4400, 14.6500, 14.1600, 14.4500, 26662
2015-02-11, 14.2500, 14.7400, 14.2200, 14.6000, 22318
2015-02-12, 14.6400, 14.7300, 14.2200, 14.5100, 29446
2015-02-13, 14.5500, 14.7800, 14.2500, 14.4300, 33831
2015-02-17, 14.4300, 14.5400, 14.2700, 14.4000, 10709
2015-02-18, 14.4200, 14.6700, 14.2600, 14.5800, 8138
2015-02-19, 14.6300, 14.9200, 14.4300, 14.7300, 25697
2015-02-20, 14.8300, 14.8300, 14.2600, 14.3500, 13235
2015-02-23, 14.2700, 14.6000, 13.9900, 14.3600, 14704
2015-02-24, 14.3500, 14.5800, 14.0100, 14.1800, 16428
2015-02-25, 14.1400, 14.5400, 14.1400, 14.3800, 10578
2015-02-26, 14.3300, 14.8000, 14.2100, 14.7700, 34789
2015-02-27, 14.7700, 14.7900, 14.5000, 14.5200, 17609
2015-03-02, 14.5000, 14.6800, 14.2000, 14.5700, 24866
2015-03-03, 14.6000, 14.6000, 14.0750, 14.2200, 27020
2015-03-04, 14.4100, 14.6500, 14.0650, 14.1800, 30386
2015-03-05, 14.3800, 14.4100, 13.9900, 14.0600, 27351
2015-03-06, 14.7000, 15.1000, 14.3000, 14.5200, 157368
2015-03-09, 14.4200, 14.6500, 13.9200, 14.0900, 90118
2015-03-10, 14.0900, 14.2400, 13.8900, 13.9000, 11484
2015-03-11, 13.9000, 14.1900, 13.8600, 14.0600, 30815
2015-03-12, 14.2300, 14.4300, 13.7750, 14.4100, 16634
2015-03-13, 14.4300, 14.5900, 14.2000, 14.5700, 21524
2015-03-16, 14.6000, 14.6000, 14.1000, 14.3700, 25628
2015-03-17, 14.4100, 14.6400, 14.0200, 14.5100, 45907
2015-03-18, 14.2600, 14.5400, 14.1800, 14.3900, 52056
2015-03-19, 14.4400, 15.0000, 14.4400, 14.6500, 43989
2015-03-20, 14.6500, 14.9500, 14.6500, 14.9000, 33642
2015-03-23, 14.9400, 15.3500, 14.7600, 15.1500, 70251
2015-03-24, 14.9700, 15.4500, 14.8750, 15.3900, 35185
2015-03-25, 15.5000, 15.5900, 15.1800, 15.2100, 35671
2015-03-26, 15.2800, 15.2800, 14.8901, 15.0300, 39763
2015-03-27, 14.9900, 15.2800, 14.8200, 15.1800, 16162
2015-03-30, 15.2400, 15.9700, 15.1100, 15.8200, 50330
2015-03-31, 15.8700, 16.4900, 15.5000, 15.9500, 72651
2015-04-01, 16.0900, 16.5900, 15.9200, 16.5100, 88558
2015-04-02, 16.3600, 16.7800, 16.1100, 16.6500, 182190
2015-04-06, 16.6500, 16.8700, 16.6500, 16.7100, 73657
2015-04-07, 16.8400, 16.8700, 16.6000, 16.6300, 56750
2015-04-08, 16.6400, 16.8699, 16.6400, 16.7200, 19498
2015-04-09, 16.8200, 16.8300, 16.3400, 16.6500, 31379
2015-04-10, 16.7600, 16.7600, 15.9200, 16.0400, 130335
2015-04-13, 16.0700, 16.6300, 15.9000, 16.5700, 48837
2015-04-14, 16.4900, 16.7700, 16.1100, 16.5900, 83866
2015-04-15, 16.5500, 17.0700, 16.5000, 16.5500, 85162
2015-04-16, 16.5300, 16.5300, 15.8900, 16.2800, 53619
2015-04-17, 16.1500, 16.1500, 15.6100, 15.8300, 31357
2015-04-20, 16.0000, 16.0000, 15.7100, 15.8700, 12758
2015-04-21, 15.7000, 15.8200, 15.6000, 15.6900, 11312
2015-04-22, 15.6100, 15.6780, 15.0100, 15.5400, 46202
2015-04-23, 15.6000, 15.7000, 15.2100, 15.4300, 20379
2015-04-24, 15.2800, 15.7200, 15.0301, 15.5700, 41095
2015-04-27, 15.5000, 15.7600, 14.9800, 15.0600, 35251
2015-04-28, 15.0200, 15.2950, 15.0200, 15.2000, 12890
2015-04-29, 15.2100, 15.2100, 14.8700, 14.9000, 20089
2015-04-30, 14.8600, 14.9700, 14.1701, 14.8400, 59866
2015-05-01, 14.8300, 15.0500, 14.6900, 14.9300, 24502
2015-05-04, 15.0000, 15.0600, 14.6700, 14.9600, 42989
2015-05-05, 14.8400, 14.8600, 14.3200, 14.3600, 11938
2015-05-06, 14.3300, 14.3300, 14.0300, 14.2000, 24509
2015-05-07, 14.1400, 14.3960, 14.1400, 14.2800, 11053
2015-05-08, 15.1000, 16.0000, 15.0000, 15.2500, 181626
2015-05-11, 15.3900, 15.5500, 15.1100, 15.4500, 112980
2015-05-12, 15.3300, 15.3300, 14.8000, 15.1400, 24550
2015-05-13, 15.2700, 15.3360, 15.1225, 15.1600, 23747
2015-05-14, 15.3000, 15.3000, 14.9800, 15.2600, 30061
2015-05-15, 15.2900, 15.3100, 15.0600, 15.1500, 39668
2015-05-18, 15.1000, 15.5200, 15.1000, 15.3000, 80034
2015-05-19, 15.3500, 15.4200, 15.0480, 15.2400, 52395
2015-05-20, 15.2200, 15.3050, 15.0000, 15.2800, 35537
2015-05-21, 15.2200, 15.3600, 15.0700, 15.1600, 100123
2015-05-22, 15.1500, 15.4700, 15.0720, 15.3000, 70399
2015-05-26, 15.3200, 15.3700, 15.1500, 15.2500, 40738
2015-05-27, 15.3410, 15.4300, 15.0800, 15.4000, 79726
2015-05-28, 15.3200, 15.6800, 15.2500, 15.5200, 99144
2015-05-29, 15.5100, 15.7800, 15.4100, 15.6600, 53831
2015-06-01, 15.4900, 15.8250, 15.4650, 15.5200, 54098
2015-06-02, 15.3300, 15.6600, 15.2700, 15.5900, 28010
2015-06-03, 15.7600, 15.8600, 15.4300, 15.6400, 163821
2015-06-04, 15.5000, 15.6150, 15.2600, 15.3500, 38760
2015-06-05, 15.3000, 15.6100, 15.2600, 15.4700, 49443
2015-06-08, 15.4300, 15.4500, 15.2350, 15.2600, 27575
2015-06-09, 15.3000, 15.3400, 14.9700, 15.2500, 20318
2015-06-10, 15.3200, 15.7000, 15.3100, 15.4700, 61872
2015-06-11, 15.5400, 15.7000, 15.3800, 15.6200, 48847
2015-06-12, 15.5100, 15.9800, 15.3800, 15.9100, 38303
2015-06-15, 15.7700, 16.0000, 15.7600, 15.8600, 34042
2015-06-16, 15.7100, 16.0000, 15.6400, 15.9700, 68494
2015-06-17, 16.0000, 16.0000, 15.5800, 15.9800, 78030
2015-06-18, 15.9800, 16.5800, 15.9800, 16.3200, 51863
2015-06-19, 16.2600, 16.8300, 16.1500, 16.7700, 138803
2015-06-22, 16.8800, 17.7600, 16.7000, 16.7600, 65230
2015-06-23, 16.9000, 16.9500, 16.6000, 16.8400, 28245
2015-06-24, 16.7400, 17.6800, 16.7400, 17.3100, 77885
2015-06-25, 17.8800, 17.8800, 17.2000, 17.2900, 19044
2015-06-26, 17.3100, 17.5600, 17.0800, 17.4600, 110208
2015-06-29, 17.2400, 17.2400, 16.6800, 16.8400, 48046
2015-06-30, 17.1100, 17.2500, 16.7300, 17.2300, 32036
2015-07-01, 17.2600, 17.5900, 16.7800, 17.5200, 46960
2015-07-02, 17.5100, 17.7000, 16.7600, 16.9900, 80435
2015-07-06, 17.1500, 17.2500, 16.7800, 16.9600, 25004
2015-07-07, 16.9400, 17.1100, 16.2600, 17.0000, 80329
2015-07-08, 16.8000, 16.9200, 16.6600, 16.7700, 38936
2015-07-09, 16.7300, 17.1600, 16.6300, 16.8000, 24422
2015-07-10, 17.0600, 17.4100, 16.9000, 17.1900, 43120
2015-07-13, 17.1800, 17.9700, 17.1800, 17.7700, 42832
2015-07-14, 17.8000, 17.9200, 17.6800, 17.7800, 17882
2015-07-15, 17.7500, 17.7500, 17.3300, 17.5200, 19374
2015-07-16, 17.5200, 17.5200, 17.1100, 17.2400, 44748
2015-07-17, 17.2300, 17.3200, 16.8800, 17.0000, 35475
2015-07-20, 17.0700, 17.4900, 16.4100, 17.1400, 66260
2015-07-21, 17.2700, 17.2700, 16.4650, 16.8200, 87852
2015-07-22, 16.7000, 17.9600, 16.7000, 17.8100, 60500
2015-07-23, 17.8400, 17.8700, 17.3900, 17.7700, 57012
2015-07-24, 17.8400, 17.8400, 17.2200, 17.2300, 34778
2015-07-27, 17.0000, 17.3500, 16.7800, 16.9800, 45648
2015-07-28, 16.8700, 17.3900, 16.6000, 17.1800, 63032
2015-07-29, 17.2300, 17.3800, 16.4400, 16.7200, 156197
2015-07-30, 16.7500, 16.7500, 16.0000, 16.4000, 189799
2015-07-31, 16.4700, 17.4400, 16.0200, 16.9700, 97481
2015-08-03, 17.0300, 17.0400, 16.2600, 16.8400, 46943
2015-08-04, 16.8900, 16.9000, 16.1000, 16.8400, 52929
2015-08-05, 16.8100, 17.0800, 16.3200, 16.4300, 24126
2015-08-06, 15.3600, 15.6300, 13.0500, 15.3700, 232559
2015-08-07, 15.3500, 15.3500, 14.5200, 14.7000, 172045
2015-08-10, 14.4100, 14.4500, 14.1600, 14.3000, 178651
2015-08-11, 14.1900, 14.4300, 13.7850, 13.9500, 69296
2015-08-12, 13.8000, 14.1700, 13.4600, 13.9600, 157712
2015-08-13, 13.9200, 14.3100, 13.6700, 14.2300, 70155
2015-08-14, 14.1800, 14.7500, 14.1800, 14.7400, 73315
2015-08-17, 14.7400, 15.2100, 14.7250, 15.0700, 87749
2015-08-18, 15.1800, 15.2200, 14.9400, 15.0100, 109749
2015-08-19, 14.8700, 15.2600, 14.6700, 15.2100, 73528
2015-08-20, 14.9600, 15.0000, 14.4100, 14.5800, 56841
2015-08-21, 14.2500, 14.5550, 14.2500, 14.3600, 55915
2015-08-24, 14.0000, 14.4100, 13.4000, 13.5000, 126122
2015-08-25, 13.7200, 14.0400, 13.4400, 13.5300, 101945
2015-08-26, 13.9100, 13.9200, 13.2800, 13.3700, 80588
2015-08-27, 13.4400, 14.5700, 13.4400, 13.7800, 208186
2015-08-28, 13.7000, 14.1000, 13.7000, 13.8000, 48248
2015-08-31, 13.8800, 14.9600, 13.8600, 14.8800, 56068
2015-09-01, 14.4400, 15.3000, 14.0200, 14.3400, 280262
2015-09-02, 14.3100, 14.5600, 13.5800, 14.1000, 91729
2015-09-03, 14.1500, 14.3400, 13.8500, 14.0000, 58428
2015-09-04, 13.8700, 14.0950, 13.5800, 13.6200, 17542
2015-09-08, 13.8500, 14.1900, 13.8500, 14.0500, 37846
2015-09-09, 14.0500, 14.2000, 13.7900, 13.8500, 32371
2015-09-10, 13.8200, 14.2700, 13.6900, 14.1900, 36157
2015-09-11, 14.2700, 14.3850, 13.9600, 14.0400, 32414
2015-09-14, 14.0200, 14.2200, 13.8900, 14.1500, 28045
2015-09-15, 14.1000, 14.3000, 13.9300, 14.1600, 59864
2015-09-16, 14.2300, 14.4800, 13.6700, 14.3900, 43571
2015-09-17, 14.3600, 14.8100, 14.3600, 14.5400, 33132
2015-09-18, 14.2900, 15.2300, 14.2900, 14.7800, 134657
2015-09-21, 15.0800, 15.4200, 14.3400, 14.5100, 90583
2015-09-22, 14.2800, 14.3750, 13.5700, 13.7300, 67098
2015-09-23, 13.8200, 14.0300, 13.6200, 13.6800, 24366
2015-09-24, 13.6400, 13.8000, 13.0000, 13.6000, 60176
2015-09-25, 13.7000, 13.7000, 13.2600, 13.4400, 66884
2015-09-28, 13.4500, 13.4500, 13.0200, 13.0500, 51659
2015-09-29, 13.0000, 13.0400, 12.7900, 12.9300, 46697
2015-09-30, 12.7400, 13.2100, 12.5900, 12.9500, 78566
2015-10-01, 13.0100, 13.0800, 12.7000, 12.8800, 29622
2015-10-02, 12.8000, 13.0900, 12.5300, 13.0800, 24635
2015-10-05, 13.1200, 13.5000, 12.9500, 13.2000, 35016
2015-10-06, 13.1800, 13.4300, 12.9400, 13.2300, 24317
2015-10-07, 13.1500, 13.7000, 13.1500, 13.6700, 23103
2015-10-08, 13.7200, 14.1300, 13.6300, 14.0400, 14180
2015-10-09, 14.0000, 14.2800, 14.0000, 14.2500, 14682
2015-10-12, 14.2300, 14.2900, 14.1700, 14.2800, 10716
2015-10-13, 14.1200, 14.6060, 13.6600, 13.7400, 15617
2015-10-14, 13.7900, 13.8800, 13.2250, 13.4000, 18577
2015-10-15, 13.3900, 13.8200, 13.2200, 13.2900, 37828
2015-10-16, 13.3300, 13.6600, 13.1000, 13.5100, 35142
2015-10-19, 13.4900, 13.8200, 13.2900, 13.5600, 20147
2015-10-20, 13.5900, 14.4000, 13.4600, 14.3500, 51241
2015-10-21, 14.4700, 14.6100, 14.2100, 14.3200, 16268
2015-10-22, 14.3600, 14.7100, 14.1400, 14.6800, 31953
2015-10-23, 14.7600, 15.0000, 14.3900, 14.7000, 39795
2015-10-26, 14.5900, 14.8900, 14.3200, 14.5900, 21238
2015-10-27, 14.4900, 14.5300, 14.3400, 14.4700, 87635
2015-10-28, 14.4400, 15.1600, 14.3200, 14.9300, 19730
2015-10-29, 14.9600, 15.0700, 14.2800, 14.3500, 30299
2015-10-30, 14.3800, 14.4300, 14.2500, 14.3100, 16499
2015-11-02, 14.2000, 14.6300, 14.2000, 14.4100, 32893
2015-11-03, 14.3900, 14.5600, 14.3000, 14.4600, 23316
2015-11-04, 14.2600, 14.7200, 14.2300, 14.5700, 42840
2015-11-05, 15.3000, 16.5500, 13.9150, 13.9500, 190000
2015-11-06, 13.8500, 14.5800, 13.3600, 14.5200, 32156
2015-11-09, 14.5900, 14.5900, 14.0400, 14.4400, 60236
2015-11-10, 14.4500, 14.5000, 13.9100, 14.1000, 107530
2015-11-11, 14.2100, 14.6400, 14.2000, 14.3800, 48541
2015-11-12, 14.2400, 14.3700, 13.8800, 13.9700, 69720
2015-11-13, 13.8400, 14.1000, 13.5500, 13.7200, 65989
2015-11-16, 13.6400, 14.4600, 13.4300, 14.4500, 30779
2015-11-17, 14.4600, 14.6500, 14.3100, 14.3600, 23326
2015-11-18, 14.4600, 14.8100, 14.3800, 14.7500, 41555
2015-11-19, 14.7900, 14.9600, 14.4300, 14.9300, 40198
2015-11-20, 15.0800, 15.2300, 14.6650, 14.9100, 40135
2015-11-23, 14.9200, 14.9500, 14.3400, 14.5200, 33443
2015-11-24, 14.3300, 14.7600, 14.2003, 14.3200, 48823
2015-11-25, 14.3600, 15.0800, 14.3600, 15.0000, 13695
2015-11-27, 14.9800, 15.1000, 14.9400, 14.9800, 9580
2015-11-30, 14.9000, 14.9900, 14.6200, 14.6700, 62994
2015-12-01, 14.6400, 14.7900, 14.4200, 14.7200, 90597
2015-12-02, 14.0000, 14.0000, 12.6200, 13.0400, 114842
2015-12-03, 13.2600, 13.2600, 12.3700, 12.6800, 221132
2015-12-04, 12.6500, 12.7800, 12.4800, 12.5500, 1195182
2015-12-07, 12.5500, 12.7600, 12.4100, 12.6300, 176372
2015-12-08, 12.4700, 12.7220, 12.4700, 12.6100, 97044
2015-12-09, 12.4400, 12.6000, 12.3700, 12.4700, 152156
2015-12-10, 12.1900, 12.4600, 11.9700, 12.0200, 265550
2015-12-11, 11.9600, 12.2600, 11.9600, 11.9800, 316154
2015-12-14, 12.0200, 12.7500, 11.9500, 12.3400, 195650
2015-12-15, 12.5200, 12.6900, 11.9800, 12.1700, 155854
2015-12-16, 12.2900, 13.2000, 12.1800, 13.0800, 128562
2015-12-17, 13.1500, 13.2300, 12.6700, 12.7700, 76424
2015-12-18, 12.6600, 12.6600, 12.0950, 12.1400, 323642
2015-12-21, 12.2100, 12.3750, 11.9400, 12.3600, 123486
2015-12-22, 12.4200, 12.8150, 12.2000, 12.6200, 45324
2015-12-23, 12.6800, 12.9200, 12.6800, 12.9200, 47499
2015-12-24, 12.8600, 13.1900, 12.8600, 13.0800, 35586
2015-12-28, 12.9900, 13.0700, 12.6200, 13.0600, 41692
2015-12-29, 13.0400, 13.1500, 12.7300, 12.8900, 38543
2015-12-30, 12.9800, 13.0000, 12.8100, 12.8800, 39368
2015-12-31, 12.7900, 13.0600, 12.5700, 12.9600, 52280
2016-01-04, 12.7500, 12.7800, 12.1300, 12.4500, 230176
2016-01-05, 12.5400, 12.6600, 12.1200, 12.2100, 146696
2016-01-06, 12.1000, 12.3100, 11.9701, 12.0200, 132449
2016-01-07, 11.7700, 11.8500, 10.9500, 11.0600, 200285
2016-01-08, 11.0700, 11.4400, 10.9500, 11.2200, 136079
2016-01-11, 11.2900, 11.2900, 10.9100, 11.0600, 51827
2016-01-12, 11.1200, 11.1700, 10.6900, 10.8300, 175592
2016-01-13, 10.7900, 10.9400, 9.9000, 10.0500, 106962
2016-01-14, 10.0000, 10.1800, 9.7100, 9.9600, 76486
2016-01-15, 9.4700, 9.7000, 9.3400, 9.6500, 114751
2016-01-19, 9.8000, 9.9150, 9.2500, 9.3100, 187306
2016-01-20, 9.1600, 9.5500, 8.7400, 9.4200, 123269
2016-01-21, 9.4600, 9.7800, 9.1500, 9.7000, 86318
2016-01-22, 9.8800, 10.2501, 9.6400, 10.1500, 72343
2016-01-25, 10.1500, 10.1500, 9.4400, 9.4500, 93715
2016-01-26, 9.4600, 9.6119, 9.2000, 9.3400, 174492
2016-01-27, 9.3600, 9.8200, 9.2800, 9.7300, 139558
2016-01-28, 9.8000, 10.0800, 9.4500, 9.6100, 56281
2016-01-29, 9.6000, 10.2500, 9.5700, 10.1300, 102586
2016-02-01, 10.0700, 10.2100, 9.5500, 9.5800, 126686
2016-02-02, 9.4500, 9.5600, 8.9300, 8.9900, 81822
2016-02-03, 9.2200, 9.2200, 8.5200, 8.7800, 88421
2016-02-04, 8.9000, 9.1300, 8.6650, 8.8700, 69610
2016-02-05, 8.9400, 8.9900, 8.3500, 8.3600, 81600
2016-02-08, 8.2400, 8.3450, 7.8100, 8.0600, 100217
2016-02-09, 7.9900, 8.0800, 7.6500, 7.9000, 78012
2016-02-10, 8.0100, 8.1300, 7.6400, 7.7400, 81377
2016-02-11, 7.5900, 7.9000, 7.5100, 7.6600, 69127
2016-02-12, 7.7600, 7.9850, 7.6000, 7.7800, 72856
2016-02-16, 7.9500, 8.1100, 7.8000, 8.0900, 54236
2016-02-17, 8.1800, 8.2450, 7.8900, 8.0600, 51642
2016-02-18, 8.0800, 8.0800, 7.7500, 7.7800, 62815
2016-02-19, 7.7500, 7.8500, 7.6600, 7.6800, 49154
2016-02-22, 7.7400, 8.1300, 7.7100, 8.0000, 44164
2016-02-23, 8.0000, 8.1500, 7.8100, 7.9900, 123388
2016-02-24, 7.9500, 8.5100, 7.9500, 8.4100, 74093
2016-02-25, 8.4500, 8.7600, 8.2000, 8.6600, 76883
2016-02-26, 10.6000, 10.9400, 9.8100, 10.1000, 273389
2016-02-29, 10.0600, 10.1900, 9.7600, 10.0500, 182567
2016-03-01, 10.2200, 10.3900, 9.8100, 10.1900, 116218
2016-03-02, 10.2300, 10.3000, 10.0000, 10.2800, 119504
2016-03-03, 10.2000, 10.7900, 10.1600, 10.4100, 79652
2016-03-04, 10.5000, 10.8300, 10.3600, 10.7500, 146367
2016-03-07, 10.7200, 11.4800, 10.7200, 11.4700, 113394
2016-03-08, 11.3500, 11.5000, 10.8900, 11.0800, 117680
2016-03-09, 11.1500, 11.5700, 10.9000, 11.3500, 73486
2016-03-10, 11.4200, 11.5199, 10.8700, 11.0100, 62985
2016-03-11, 11.1200, 11.4500, 11.1200, 11.3400, 36816
2016-03-14, 11.3200, 11.7000, 11.1800, 11.6500, 42208
2016-03-15, 11.6300, 11.6300, 11.1300, 11.2000, 30608
2016-03-16, 11.1400, 11.4800, 11.1100, 11.3200, 22923
2016-03-17, 11.3300, 11.8300, 11.1500, 11.8000, 50996
2016-03-18, 11.9500, 12.1300, 11.7400, 12.0100, 59004
2016-03-21, 12.1400, 12.1700, 11.7000, 11.7400, 42599
2016-03-22, 11.7200, 11.7300, 11.3500, 11.4700, 34386
2016-03-23, 11.4500, 11.4900, 11.0600, 11.1000, 40511
2016-03-24, 11.1000, 11.3950, 10.9400, 11.1900, 73882
2016-03-28, 11.1900, 11.4200, 11.0600, 11.1800, 59715
2016-03-29, 11.1500, 11.7700, 11.1500, 11.7300, 103271
2016-03-30, 11.8200, 11.8900, 11.6400, 11.7400, 35043
2016-03-31, 11.7800, 12.4300, 11.7800, 12.2600, 114838
2016-04-01, 12.2100, 12.3500, 11.8400, 12.2700, 77829
2016-04-04, 12.3100, 12.3100, 11.3500, 11.6500, 70184
2016-04-05, 11.5000, 11.8600, 11.4000, 11.6500, 72377
2016-04-06, 11.6000, 12.1800, 11.5400, 12.0700, 40686
2016-04-07, 11.9500, 12.1400, 11.7800, 12.0800, 38797
2016-04-08, 12.2700, 12.2700, 11.9000, 12.1400, 35070
2016-04-11, 12.2500, 12.2500, 11.9500, 12.1600, 29686
2016-04-12, 12.1900, 12.3600, 12.0200, 12.2500, 53858
2016-04-13, 12.3000, 12.6000, 12.1000, 12.5200, 43830
2016-04-14, 12.5500, 12.6700, 12.2450, 12.3700, 46972
2016-04-15, 12.3700, 12.6900, 12.1700, 12.5500, 52818
2016-04-18, 12.4400, 12.7100, 12.3200, 12.5400, 28434
2016-04-19, 12.5400, 12.7900, 12.1800, 12.2600, 59370
2016-04-20, 12.2700, 12.4600, 12.1400, 12.3600, 44535
2016-04-21, 12.3000, 12.5900, 12.3000, 12.5100, 28804
2016-04-22, 12.5000, 12.5400, 12.2600, 12.3100, 26537
2016-04-25, 12.3200, 12.3400, 12.1200, 12.2100, 39115
2016-04-26, 12.3100, 12.3200, 12.1200, 12.2200, 31423
2016-04-27, 12.2800, 12.3800, 12.0600, 12.1900, 24838
2016-04-28, 12.1100, 12.3500, 11.8801, 12.2500, 147939
2016-04-29, 10.9500, 11.4450, 10.9500, 11.1300, 174562
2016-05-02, 11.1100, 11.1100, 10.6850, 10.8600, 94163
2016-05-03, 10.7500, 10.7500, 10.2700, 10.2900, 93408
2016-05-04, 10.2300, 10.2400, 9.5300, 9.5700, 81168
2016-05-05, 9.8000, 10.1100, 9.3200, 9.3500, 72829
2016-05-06, 9.4100, 9.4500, 9.2500, 9.2900, 44057
2016-05-09, 9.0700, 9.8200, 9.0700, 9.4300, 50532
2016-05-10, 9.7400, 9.7400, 9.2500, 9.3600, 37685
2016-05-11, 9.3100, 9.3100, 9.0200, 9.1300, 52678
2016-05-12, 9.0400, 9.1100, 8.9600, 8.9800, 58829
2016-05-13, 8.8800, 9.2600, 8.7100, 8.9500, 122268
2016-05-16, 9.1300, 9.2600, 8.8800, 8.9000, 26970
2016-05-17, 8.8900, 9.0400, 8.7100, 8.7400, 57595
2016-05-18, 8.8600, 8.9399, 8.7100, 8.8200, 57644
2016-05-19, 8.7700, 8.8400, 8.6200, 8.7100, 31744
2016-05-20, 8.7800, 9.1996, 8.7800, 9.1500, 41190
2016-05-23, 9.1100, 9.3200, 9.0800, 9.2000, 40409
2016-05-24, 9.3400, 10.0300, 9.2950, 9.9900, 85434
2016-05-25, 9.9700, 10.0900, 9.8200, 9.9700, 50884
2016-05-26, 9.9600, 10.1900, 9.8500, 9.9100, 51365
2016-05-27, 9.9500, 10.1900, 9.9500, 10.1800, 34920
2016-05-31, 10.2000, 10.2100, 9.9000, 10.1300, 48824
2016-06-01, 10.1000, 10.1200, 10.0000, 10.0000, 35399
2016-06-02, 10.0000, 10.1000, 9.9200, 9.9600, 30429
2016-06-03, 9.9600, 10.3600, 9.6500, 10.2700, 41982
2016-06-06, 10.2600, 10.4200, 9.9700, 10.1200, 33842
2016-06-07, 10.0900, 10.6900, 10.0400, 10.6200, 36373
2016-06-08, 10.6600, 11.1800, 10.5200, 11.0500, 41021
2016-06-09, 11.0500, 11.1500, 10.7000, 10.7200, 32731
2016-06-10, 10.5200, 10.8900, 10.2550, 10.3700, 20776
2016-06-13, 10.3500, 10.6100, 10.3300, 10.3700, 48501
2016-06-14, 10.3500, 10.4400, 10.2400, 10.4300, 38613
2016-06-15, 10.4400, 10.5100, 10.2350, 10.3500, 25853
2016-06-16, 10.2800, 10.4900, 10.1301, 10.4400, 27125
2016-06-17, 10.4600, 10.5000, 10.1800, 10.2000, 83586
2016-06-20, 10.2900, 10.4800, 10.2400, 10.2400, 39711
2016-06-21, 10.2600, 10.6400, 9.6700, 9.8100, 59061
2016-06-22, 9.8000, 10.1800, 9.5400, 9.5700, 24309
2016-06-23, 9.7900, 10.1000, 9.7100, 9.9600, 29229
2016-06-24, 9.5500, 9.7200, 9.3600, 9.4000, 206227
2016-06-27, 9.2600, 9.2900, 8.7100, 8.7400, 60922
2016-06-28, 8.8800, 9.4500, 8.8800, 9.2300, 59214
2016-06-29, 9.4600, 9.5601, 9.1400, 9.4500, 45770
2016-06-30, 9.5500, 9.5600, 9.2100, 9.5400, 55256
2016-07-01, 9.6000, 10.0200, 9.3600, 9.9600, 81632
2016-07-05, 9.8700, 9.8700, 9.2500, 9.5500, 49050
2016-07-06, 9.4900, 9.7800, 9.2301, 9.4500, 73712
2016-07-07, 9.5200, 9.6400, 9.4600, 9.5000, 55845
2016-07-08, 9.6300, 9.8700, 9.5400, 9.8000, 109050
2016-07-11, 9.7400, 10.1500, 9.7400, 10.0000, 53798
2016-07-12, 10.0500, 10.2100, 9.8950, 10.0000, 127231
2016-07-13, 10.1400, 10.1400, 9.6100, 9.8900, 17539
2016-07-14, 9.9500, 9.9500, 9.6600, 9.7200, 56745
2016-07-15, 9.8500, 9.8500, 9.3199, 9.3500, 89748
2016-07-18, 9.3100, 9.5920, 9.0600, 9.1500, 144514
2016-07-19, 9.2200, 9.2600, 8.9500, 9.0200, 73990
2016-07-20, 9.0000, 9.1300, 8.8700, 8.9500, 161644
2016-07-21, 9.1800, 9.1800, 8.8800, 8.9700, 190447
2016-07-22, 9.0000, 9.2800, 8.8500, 9.1500, 71810
2016-07-25, 9.1600, 9.6800, 8.9800, 9.4800, 78676
2016-07-26, 9.4400, 9.4800, 9.1800, 9.4000, 40738
2016-07-27, 9.4200, 9.5500, 9.2701, 9.4300, 208897
2016-07-28, 9.4000, 9.7200, 9.1700, 9.6200, 59719
2016-07-29, 10.3000, 10.3700, 9.8000, 9.8500, 160762
2016-08-01, 9.8500, 9.8500, 9.5700, 9.7000, 64693
2016-08-02, 9.5900, 9.8500, 9.5900, 9.6700, 81537
2016-08-03, 9.6600, 9.7150, 9.5200, 9.6100, 51318
2016-08-04, 9.7500, 9.9800, 9.6500, 9.8700, 113645
2016-08-05, 9.9500, 10.0300, 9.7600, 9.8000, 72779
2016-08-08, 9.7400, 9.9001, 9.7100, 9.8600, 37479
2016-08-09, 9.8500, 9.9800, 9.5400, 9.8600, 110083
2016-08-10, 9.7500, 9.7699, 9.3500, 9.3800, 43666
2016-08-11, 9.4700, 9.6100, 9.3300, 9.5600, 58833
2016-08-12, 9.6100, 9.8300, 9.4100, 9.7700, 49236
2016-08-15, 9.8800, 9.9550, 9.7500, 9.8500, 131077
2016-08-16, 9.7900, 9.9400, 9.6600, 9.8900, 72676
2016-08-17, 9.9700, 9.9700, 9.6800, 9.8300, 50922
2016-08-18, 9.8900, 9.9000, 9.6100, 9.8900, 61861
2016-08-19, 9.8200, 9.8200, 9.5200, 9.7500, 69264
2016-08-22, 9.6800, 9.9050, 9.5900, 9.8900, 78717
2016-08-23, 9.9400, 10.4200, 9.8700, 10.3100, 306663
2016-08-24, 10.2300, 10.4500, 10.2300, 10.3600, 84680
2016-08-25, 10.2900, 10.8300, 10.1700, 10.7100, 65290
2016-08-26, 10.7100, 10.8500, 10.3500, 10.7200, 53339
2016-08-29, 10.7000, 10.8400, 10.5800, 10.6900, 60967
2016-08-30, 10.7500, 10.8100, 10.5700, 10.7900, 31538
2016-08-31, 10.7500, 10.9100, 10.4800, 10.8500, 49210
2016-09-01, 10.8100, 10.8100, 10.6100, 10.7700, 138554
2016-09-02, 10.7200, 10.7800, 10.5400, 10.6100, 95093
2016-09-06, 10.9400, 11.1000, 10.6600, 10.6900, 168068
2016-09-07, 10.7800, 11.0300, 10.7200, 10.9500, 87368
2016-09-08, 10.9500, 11.2800, 10.9400, 11.1400, 108529
2016-09-09, 11.1000, 11.1000, 10.7100, 10.7100, 108618
2016-09-12, 10.7100, 10.8200, 10.6100, 10.7900, 81116
2016-09-13, 10.7600, 10.7900, 10.1300, 10.2600, 80184
2016-09-14, 10.2500, 10.3700, 9.9400, 9.9900, 72676
2016-09-15, 9.9500, 10.0100, 9.7700, 9.7900, 47670
2016-09-16, 9.7800, 9.8900, 9.5200, 9.8100, 78323
2016-09-19, 9.8400, 10.4000, 9.8100, 10.0300, 87508
2016-09-20, 10.1800, 10.1800, 9.6500, 9.8900, 58626
2016-09-21, 10.0300, 10.0900, 9.7500, 9.9500, 45245
2016-09-22, 10.1300, 10.4600, 10.1200, 10.3900, 204171
2016-09-23, 10.4000, 10.4000, 10.1100, 10.2600, 39428
2016-09-26, 10.3400, 10.3400, 10.0400, 10.1700, 28387
2016-09-27, 10.2000, 10.4800, 10.1500, 10.3000, 31582
2016-09-28, 10.3400, 10.5200, 10.1700, 10.4700, 64960
2016-09-29, 10.4800, 10.5400, 10.1300, 10.1600, 35887
2016-09-30, 10.2900, 10.7500, 10.2200, 10.6700, 42635
2016-10-03, 10.6000, 10.7600, 10.3600, 10.4500, 48966
2016-10-04, 10.5300, 10.6200, 10.2500, 10.2900, 24171
2016-10-05, 10.4200, 10.5400, 10.1300, 10.1400, 28655
2016-10-06, 10.1400, 10.2050, 9.9101, 10.1700, 21517
2016-10-07, 10.1600, 10.2200, 10.0000, 10.0300, 15060
2016-10-10, 10.0600, 10.2600, 9.9600, 10.0300, 20890
2016-10-11, 10.0000, 10.0900, 9.9610, 10.0200, 65730
2016-10-12, 10.0000, 10.1200, 9.9700, 10.0600, 44285
2016-10-13, 9.9500, 10.0100, 9.7000, 9.7700, 29748
2016-10-14, 9.8500, 10.0000, 9.6600, 9.7000, 32829
2016-10-17, 9.7200, 9.7803, 9.5600, 9.6700, 58396
2016-10-18, 9.8300, 9.8400, 9.5500, 9.7000, 197964
2016-10-19, 9.7600, 10.4000, 9.7600, 10.3600, 182005
2016-10-20, 10.2700, 10.5800, 10.1900, 10.5500, 59748
2016-10-21, 10.3800, 10.6000, 10.2601, 10.5900, 54196
2016-10-24, 10.6500, 10.6800, 10.4200, 10.6700, 29827
2016-10-25, 10.5600, 10.6720, 10.3000, 10.5600, 32174
2016-10-26, 10.4700, 10.6000, 10.0600, 10.3500, 44086
2016-10-27, 10.2900, 10.2900, 9.8000, 10.0200, 63388
2016-10-28, 10.0500, 10.0900, 9.9500, 10.0100, 24895
2016-10-31, 10.0000, 10.1900, 10.0000, 10.0200, 52581
2016-11-01, 10.0400, 10.0400, 9.5900, 9.7900, 64735
2016-11-02, 9.7300, 10.0000, 9.6600, 9.8900, 45139
2016-11-03, 9.8600, 10.0442, 9.6200, 9.6700, 78648
2016-11-04, 9.5300, 10.5700, 9.4500, 10.5000, 105039
2016-11-07, 10.6200, 10.9400, 10.6200, 10.8600, 120862
2016-11-08, 10.7400, 10.7400, 10.0400, 10.5500, 85850
2016-11-09, 10.4200, 10.6700, 10.3300, 10.4900, 109799
2016-11-10, 10.6100, 10.9600, 10.3700, 10.8900, 61729
2016-11-11, 10.8900, 11.5000, 10.8100, 11.5000, 101545
2016-11-14, 11.4000, 11.6900, 11.3200, 11.5300, 46133
2016-11-15, 11.4900, 11.6100, 11.3500, 11.5800, 35245
2016-11-16, 11.4800, 11.6200, 11.3400, 11.5500, 36507
2016-11-17, 11.6600, 11.8700, 11.6400, 11.7800, 36676
2016-11-18, 11.7700, 11.7700, 11.1700, 11.7000, 86075
2016-11-21, 11.6800, 11.7100, 11.5400, 11.6600, 83956
2016-11-22, 11.6600, 11.8400, 11.5900, 11.7800, 48541
2016-11-23, 11.7200, 11.8400, 11.6800, 11.7800, 36428
2016-11-25, 11.7500, 11.9700, 11.7500, 11.9200, 26426
2016-11-28, 11.9200, 11.9200, 11.6600, 11.6900, 26845
2016-11-29, 11.7300, 11.8300, 11.4400, 11.6600, 65129
2016-11-30, 11.6500, 11.6600, 11.3500, 11.5300, 37995
2016-12-01, 11.5500, 11.6500, 11.2800, 11.5500, 78340
2016-12-02, 11.6000, 11.6900, 11.5000, 11.6000, 37455
2016-12-05, 11.4800, 11.6000, 11.3019, 11.4500, 121062
2016-12-06, 11.4900, 11.8900, 11.4100, 11.5600, 85477
2016-12-07, 11.5400, 12.3200, 11.5400, 12.2200, 77017
2016-12-08, 12.2000, 12.5500, 12.0500, 12.3300, 125528
2016-12-09, 12.3000, 12.4900, 12.1700, 12.3500, 52298
2016-12-12, 12.2300, 12.2877, 11.9600, 12.1500, 50327
2016-12-13, 12.1600, 12.3000, 12.0150, 12.1400, 51889
2016-12-14, 12.0500, 12.2300, 11.9300, 11.9900, 66116
2016-12-15, 11.9600, 12.2500, 11.8000, 12.0100, 63137
2016-12-16, 12.0900, 12.1800, 11.6500, 11.7200, 99596
2016-12-19, 11.7200, 12.2800, 11.7200, 12.1300, 43909
2016-12-20, 12.2000, 12.2000, 11.8600, 12.0000, 62126
2016-12-21, 11.9600, 12.1500, 11.6200, 11.9600, 41331
2016-12-22, 11.8600, 12.0500, 11.7400, 11.7500, 20688
2016-12-23, 11.7200, 12.1000, 11.7200, 12.0800, 21063
2016-12-27, 12.0400, 12.2860, 11.9900, 12.1400, 36013
2016-12-28, 12.1400, 12.3200, 11.8500, 12.1300, 24830
2016-12-29, 12.0600, 12.2500, 11.6700, 11.7100, 28966
2016-12-30, 11.7200, 11.7600, 11.3300, 11.7100, 93448
2017-01-03, 11.7200, 11.8900, 11.5100, 11.7100, 18751
2017-01-04, 11.7200, 11.9300, 11.7200, 11.8200, 31461
2017-01-05, 11.8300, 11.9100, 11.5500, 11.6100, 51261
2017-01-06, 11.6500, 11.6500, 11.1300, 11.5700, 29338
2017-01-09, 11.5700, 11.5700, 11.2100, 11.2400, 16096
2017-01-10, 11.3000, 11.5300, 11.2400, 11.3100, 26559
2017-01-11, 11.2671, 11.4100, 11.1600, 11.3300, 9211
2017-01-12, 11.2500, 11.3800, 10.9200, 11.2300, 13713
2017-01-13, 11.2400, 11.6000, 11.2400, 11.5800, 24303
2017-01-17, 11.5400, 11.6600, 11.3600, 11.4000, 29595
2017-01-18, 11.4700, 11.5200, 10.9400, 11.3300, 33952
2017-01-19, 11.2300, 11.4600, 11.1400, 11.2700, 24636
2017-01-20, 11.2700, 11.4400, 11.0100, 11.0600, 22013
2017-01-23, 10.9300, 11.1600, 10.7900, 10.9900, 33356
2017-01-24, 11.1000, 11.4600, 11.0900, 11.3800, 61648
2017-01-25, 11.5000, 11.8300, 11.1500, 11.3300, 58356
2017-01-26, 11.3500, 11.6000, 10.5700, 10.6300, 107674
2017-01-27, 10.7600, 10.9800, 10.6700, 10.7900, 41825
2017-01-30, 10.7200, 10.7900, 10.5000, 10.5600, 59331
2017-01-31, 10.5600, 10.6100, 10.3210, 10.4400, 39651
2017-02-01, 10.5300, 10.6300, 10.2100, 10.2600, 18954
2017-02-02, 10.2500, 10.3400, 10.0700, 10.2100, 18781
2017-02-03, 10.3400, 10.5500, 10.1710, 10.5000, 24687
2017-02-06, 10.4000, 10.4790, 10.2100, 10.3000, 19838
2017-02-07, 10.3200, 10.5400, 10.2000, 10.5200, 164284
2017-02-08, 10.4900, 10.6500, 10.2700, 10.4800, 61089
2017-02-09, 10.5000, 10.7000, 10.4000, 10.6800, 26370
2017-02-10, 10.7000, 10.7100, 10.6300, 10.6900, 90263
2017-02-13, 10.7000, 10.9900, 10.6100, 10.6500, 86515
2017-02-14, 10.6700, 10.7200, 10.5640, 10.6800, 88372
2017-02-15, 10.6000, 10.9700, 10.2900, 10.7500, 65567
2017-02-16, 10.7800, 10.9000, 10.5700, 10.7000, 28117
2017-02-17, 10.8900, 10.8900, 10.5700, 10.6800, 32905
2017-02-21, 10.6400, 10.9100, 10.2600, 10.6300, 57422
2017-02-22, 11.0000, 11.2200, 10.5100, 10.6800, 368209
2017-02-23, 10.6700, 11.0500, 10.3500, 10.3900, 166141
2017-02-24, 10.2500, 10.8700, 10.1800, 10.7200, 238703
2017-02-27, 10.6700, 10.9300, 10.5780, 10.7900, 291500
2017-02-28, 10.7300, 10.8100, 10.0700, 10.4500, 118853
2017-03-01, 10.5700, 11.1100, 10.5000, 11.0000, 91741
2017-03-02, 10.9900, 11.0700, 10.8400, 10.9500, 42398
2017-03-03, 10.9200, 10.9200, 10.7500, 10.8400, 27612
2017-03-06, 10.8100, 10.8100, 10.5900, 10.7600, 26046
2017-03-07, 10.7000, 10.9600, 10.7000, 10.7600, 34657
2017-03-08, 10.8200, 10.8900, 10.6600, 10.6800, 22176
2017-03-09, 10.7000, 10.7900, 10.5100, 10.6700, 32186
2017-03-10, 10.8900, 10.9500, 10.6200, 10.6300, 29507
2017-03-13, 10.5900, 10.7200, 10.3000, 10.3300, 57681
2017-03-14, 10.3500, 10.4600, 10.3000, 10.4100, 25053
2017-03-15, 10.4800, 10.6750, 10.4500, 10.6400, 73080
2017-03-16, 10.5600, 10.8500, 10.5200, 10.6800, 85721
2017-03-17, 10.7000, 10.7700, 10.4400, 10.5000, 157319
2017-03-20, 10.5000, 10.5900, 10.4000, 10.5400, 52514
2017-03-21, 10.6000, 10.6300, 10.3600, 10.4200, 69181
2017-03-22, 10.4000, 10.6800, 10.0800, 10.2500, 95178
2017-03-23, 10.3000, 10.4000, 10.2200, 10.2600, 85582
2017-03-24, 10.3600, 10.6400, 10.3600, 10.5000, 102457
2017-03-27, 10.3000, 10.5500, 10.3000, 10.4800, 70293
2017-03-28, 10.4900, 10.5800, 10.4300, 10.5100, 91961
2017-03-29, 10.5000, 10.5700, 10.5000, 10.5200, 109716
2017-03-30, 10.5300, 10.7000, 10.3600, 10.4000, 66558
2017-03-31, 10.4500, 10.5500, 10.4200, 10.4600, 61718
2017-04-03, 10.5400, 10.6600, 10.4100, 10.4400, 60425
2017-04-04, 10.4800, 10.5300, 10.2600, 10.4900, 55432
2017-04-05, 10.5800, 10.5800, 10.3650, 10.4000, 68281
2017-04-06, 10.4000, 10.6900, 10.3500, 10.4900, 94992
2017-04-07, 10.4500, 10.9300, 10.2400, 10.6700, 143417
2017-04-10, 10.7400, 10.9700, 10.4500, 10.5000, 115637
2017-04-11, 10.4300, 10.6500, 10.3810, 10.6100, 54859
2017-04-12, 10.5900, 10.6500, 10.4500, 10.5900, 35734
2017-04-13, 10.6800, 10.7600, 10.4300, 10.4900, 41144
2017-04-17, 10.4600, 10.6000, 10.3710, 10.5200, 69692
2017-04-18, 10.4600, 10.7900, 10.4200, 10.5200, 105504
2017-04-19, 10.5200, 10.6800, 10.4300, 10.4900, 51377
2017-04-20, 10.5500, 10.6100, 10.3900, 10.5000, 50858
2017-04-21, 10.4900, 10.5800, 10.4600, 10.4800, 59017
2017-04-24, 10.6800, 10.6800, 10.4400, 10.5000, 61463
2017-04-25, 10.5600, 10.6600, 10.4600, 10.5000, 77675
2017-04-26, 10.5100, 10.8500, 10.4950, 10.6500, 201673
2017-04-27, 11.0300, 12.0000, 11.0300, 11.5900, 294800
2017-04-28, 11.5700, 11.7600, 11.4810, 11.6600, 163897
2017-05-01, 11.9600, 11.9890, 11.6100, 11.8700, 140581
2017-05-02, 11.9700, 11.9700, 11.4400, 11.6000, 126833
2017-05-03, 11.5700, 11.8000, 11.5200, 11.7900, 128950
2017-05-04, 11.8400, 11.8400, 11.5700, 11.7500, 116551
2017-05-05, 11.8100, 11.8100, 11.5300, 11.5900, 80665
2017-05-08, 11.6100, 11.6400, 11.4500, 11.6000, 47120
2017-05-09, 11.6600, 12.0100, 11.6000, 12.0100, 134672
2017-05-10, 11.9800, 12.0500, 11.7600, 11.9900, 97147
2017-05-11, 11.9500, 12.2300, 11.9000, 12.0700, 116666
2017-05-12, 12.0700, 12.1200, 11.8800, 11.8900, 95541
2017-05-15, 11.8300, 11.9300, 11.8000, 11.8300, 99400
2017-05-16, 11.8800, 11.8800, 11.7300, 11.7500, 79748
2017-05-17, 11.6200, 11.6800, 11.4800, 11.5400, 51486
2017-05-18, 11.5300, 11.5300, 11.2700, 11.2700, 39777
2017-05-19, 11.2500, 11.3900, 11.0700, 11.2800, 81387
2017-05-22, 11.2500, 11.4800, 11.2500, 11.2900, 46615
2017-05-23, 11.3200, 11.3500, 11.1600, 11.2600, 34454
2017-05-24, 11.2300, 11.2300, 11.0200, 11.0500, 37523
2017-05-25, 11.1100, 11.2400, 10.8500, 11.0800, 109619
2017-05-26, 11.0600, 11.0600, 10.8550, 10.9700, 33691
2017-05-30, 10.9300, 10.9480, 10.7200, 10.8800, 48258
2017-05-31, 10.9100, 10.9100, 10.6600, 10.7500, 79640
2017-06-01, 10.7900, 11.0200, 10.7000, 10.9700, 184861
2017-06-02, 10.9900, 11.1800, 10.9300, 10.9600, 116722
2017-06-05, 11.0000, 11.0100, 10.8500, 10.9300, 39659
2017-06-06, 10.8500, 11.1000, 10.6320, 11.0200, 87982
2017-06-07, 11.0300, 11.1600, 10.9800, 11.0100, 32525
2017-06-08, 11.1000, 11.4500, 11.0100, 11.1100, 68677
2017-06-09, 11.1300, 11.4700, 11.0700, 11.3300, 61157
2017-06-12, 11.3300, 11.4700, 11.2900, 11.3200, 27239
2017-06-13, 11.3100, 11.3500, 11.1600, 11.3100, 43303
2017-06-14, 11.3400, 11.5500, 11.2400, 11.5400, 32194
2017-06-15, 11.4300, 11.5000, 11.3100, 11.4200, 26290
2017-06-16, 11.2300, 11.4700, 11.0050, 11.4400, 83595
2017-06-19, 11.4800, 11.8400, 11.2900, 11.4500, 78761
2017-06-20, 11.4200, 11.5200, 11.1900, 11.3000, 46581
2017-06-21, 11.3200, 11.4200, 11.1300, 11.1800, 37150
2017-06-22, 11.1800, 11.4450, 11.1070, 11.1500, 24617
2017-06-23, 11.1500, 11.2700, 10.8900, 10.9600, 118905
2017-06-26, 10.9500, 11.2300, 10.9500, 11.1700, 45889
2017-06-27, 11.1800, 11.5400, 11.1800, 11.2500, 57671
2017-06-28, 11.3200, 11.7300, 11.2700, 11.6600, 63951
2017-06-29, 11.7100, 11.7100, 11.2700, 11.4400, 50745
2017-06-30, 11.4500, 11.6000, 11.3400, 11.4700, 62268
2017-07-03, 11.4900, 11.7900, 11.4700, 11.6500, 49457
2017-07-05, 11.6100, 11.6200, 11.1900, 11.4100, 21224
2017-07-06, 11.3500, 11.3800, 11.2536, 11.3300, 40243
2017-07-07, 11.3600, 11.4900, 11.2900, 11.4100, 36595
2017-07-10, 11.3600, 11.7000, 11.3600, 11.5500, 38613
2017-07-11, 11.5300, 11.7600, 11.4800, 11.7000, 49106
2017-07-12, 11.7700, 11.8900, 11.4800, 11.6200, 37610
2017-07-13, 11.6100, 11.7900, 11.4900, 11.5900, 36422
2017-07-14, 11.5800, 11.8200, 11.5200, 11.5400, 36152
2017-07-17, 11.6000, 11.9300, 11.5300, 11.8600, 42860
2017-07-18, 11.8100, 11.9599, 11.5500, 11.6100, 330069
2017-07-19, 11.6200, 11.7150, 11.2800, 11.4500, 230909
2017-07-20, 11.4700, 11.5500, 11.4500, 11.5000, 43754
2017-07-21, 11.5100, 11.5600, 11.3300, 11.3900, 129092
2017-07-24, 11.4500, 11.4900, 11.2900, 11.3100, 67454
2017-07-25, 11.3700, 11.5000, 11.2400, 11.3000, 70525
2017-07-26, 11.3100, 11.3100, 10.8900, 10.9400, 184267
2017-07-27, 11.8300, 11.8300, 11.0000, 11.0200, 129577
2017-07-28, 10.9900, 11.1100, 10.6100, 11.0300, 152981
2017-07-31, 10.9800, 11.0500, 10.6800, 10.8100, 90693
2017-08-01, 10.8200, 11.0000, 10.7600, 10.8900, 61261
2017-08-02, 11.3200, 11.3300, 11.0200, 11.2200, 86476
2017-08-03, 11.2000, 11.2200, 10.7400, 11.0600, 67081
2017-08-04, 11.0800, 11.3800, 10.9500, 11.1700, 48717
2017-08-07, 11.1800, 11.1800, 10.8000, 10.9000, 79560
2017-08-08, 10.9000, 11.0900, 10.9000, 10.9400, 18372
2017-08-09, 10.8700, 10.8900, 10.7100, 10.7300, 40193
2017-08-10, 10.7100, 10.7500, 10.3000, 10.3100, 71888
2017-08-11, 10.3400, 10.6600, 10.1400, 10.3700, 92655
2017-08-14, 10.4700, 10.8800, 10.3100, 10.8100, 50681
2017-08-15, 10.8200, 10.9600, 10.3700, 10.7900, 83434
2017-08-16, 10.8400, 10.9500, 10.6900, 10.9000, 38571
2017-08-17, 10.8400, 10.8700, 10.4500, 10.4900, 54614
2017-08-18, 10.3800, 10.6000, 10.3600, 10.4800, 82918
2017-08-21, 10.4700, 10.7100, 10.2300, 10.4600, 55224
2017-08-22, 10.4200, 10.5700, 10.2400, 10.5500, 52379
2017-08-23, 10.4600, 10.6410, 10.2200, 10.3900, 85766
2017-08-24, 10.3800, 10.4000, 10.1100, 10.1700, 30961
2017-08-25, 10.1700, 10.2700, 10.0900, 10.2200, 34460
2017-08-28, 10.2600, 10.2600, 9.9500, 10.0000, 92114
2017-08-29, 9.9900, 10.1200, 9.7500, 10.0700, 50015
2017-08-30, 10.0900, 10.3000, 10.0300, 10.2100, 53995
2017-08-31, 10.2400, 10.5000, 10.1400, 10.3200, 59715
2017-09-01, 10.3100, 10.5200, 10.2100, 10.4100, 44360
2017-09-05, 10.4200, 10.6200, 10.1610, 10.3200, 39347
2017-09-06, 10.3200, 10.3300, 10.0000, 10.1100, 54118
2017-09-07, 10.1600, 10.2700, 10.0050, 10.2400, 56863
2017-09-08, 10.2300, 10.3600, 10.0400, 10.1100, 142243
2017-09-11, 10.2100, 10.3090, 10.1200, 10.2200, 135190
2017-09-12, 10.2500, 10.4600, 10.1200, 10.3000, 52856
2017-09-13, 10.3100, 10.3200, 10.0400, 10.1000, 46452
2017-09-14, 10.1000, 10.2250, 10.0600, 10.1300, 85511
2017-09-15, 10.1600, 10.1600, 9.9300, 10.0000, 151774
2017-09-18, 10.0000, 10.4100, 9.9500, 10.3100, 76651
2017-09-19, 10.2700, 10.4030, 10.1000, 10.3600, 81615
2017-09-20, 10.4300, 10.4700, 10.3100, 10.4300, 59363
2017-09-21, 10.4700, 10.8100, 10.3400, 10.7500, 56354
2017-09-22, 10.7300, 10.9100, 10.6600, 10.7100, 42102
2017-09-25, 10.7200, 11.0100, 10.5960, 10.6700, 44818
2017-09-26, 10.7300, 11.0200, 10.7300, 10.8700, 36621
2017-09-27, 10.9400, 11.0800, 10.7200, 11.0800, 38467
2017-09-28, 11.0900, 11.2000, 10.8500, 11.1300, 41353
2017-09-29, 11.1400, 11.3000, 11.0800, 11.1600, 33015
2017-10-02, 11.2300, 11.4000, 11.1630, 11.3600, 28981
2017-10-03, 11.4400, 11.5000, 11.1900, 11.3500, 46478
2017-10-04, 11.4100, 11.5500, 11.3500, 11.5300, 52706
2017-10-05, 11.5500, 11.5500, 11.3600, 11.4600, 26246
2017-10-06, 11.4200, 11.5500, 11.2500, 11.5300, 264930
2017-10-09, 11.5300, 11.5500, 11.2200, 11.2400, 54264
2017-10-10, 11.2900, 11.5600, 11.2200, 11.5000, 73419
2017-10-11, 11.4400, 11.5300, 11.3400, 11.4100, 58743
2017-10-12, 11.3500, 11.5400, 11.2300, 11.3500, 62706
2017-10-13, 11.3600, 11.4700, 11.3200, 11.4300, 49340
2017-10-16, 11.5300, 11.5900, 11.3800, 11.4000, 38755
2017-10-17, 11.3200, 11.3500, 11.1200, 11.2000, 58117
2017-10-18, 11.2600, 11.4500, 11.1500, 11.4000, 35253
2017-10-19, 11.3700, 11.4000, 11.1300, 11.3900, 43985
2017-10-20, 11.5400, 11.5400, 11.3000, 11.3300, 31150
2017-10-23, 11.3300, 11.4200, 11.2800, 11.3600, 42177
2017-10-24, 11.3500, 11.5000, 11.0300, 11.4500, 37407
2017-10-25, 11.4300, 11.5100, 11.1300, 11.1800, 51099
2017-10-26, 11.2000, 11.3770, 11.0400, 11.1300, 71856
2017-10-27, 11.1250, 11.1250, 10.7600, 10.9800, 92374
2017-10-30, 11.0700, 11.3300, 10.6670, 11.0600, 143402
2017-10-31, 11.0800, 11.6500, 11.0600, 11.6300, 150028
2017-11-01, 11.7100, 11.7100, 11.3700, 11.4400, 133893
2017-11-02, 11.3700, 11.4600, 10.8500, 10.9600, 164158
2017-11-03, 10.9700, 11.1800, 10.8200, 10.9100, 61949
2017-11-06, 10.9700, 11.0200, 10.5400, 10.5500, 95506
2017-11-07, 10.6200, 10.8000, 10.2700, 10.7500, 109209
2017-11-08, 10.6800, 11.1600, 10.4900, 11.1400, 212763
2017-11-09, 11.0000, 11.2300, 10.9800, 11.2200, 63750
2017-11-10, 11.1700, 11.2900, 11.0500, 11.2300, 73318
2017-11-13, 11.1500, 11.6100, 11.1100, 11.5900, 89131
2017-11-14, 11.5100, 11.5100, 11.2000, 11.3900, 129083
2017-11-15, 11.3000, 11.5200, 11.0000, 11.3900, 161200
2017-11-16, 11.4300, 11.5800, 11.2000, 11.2900, 98590
2017-11-17, 11.2000, 11.5350, 11.1200, 11.4700, 73033
2017-11-20, 11.4700, 11.8800, 11.4500, 11.5500, 73810
2017-11-21, 11.6000, 11.8100, 11.6000, 11.7400, 59300
2017-11-22, 11.5900, 11.9800, 11.5900, 11.9000, 38049
2017-11-24, 11.9400, 12.0000, 11.8900, 11.9200, 18231
2017-11-27, 11.9100, 12.0500, 11.6000, 11.6700, 66192
2017-11-28, 11.7000, 11.8400, 11.6100, 11.7500, 89882
2017-11-29, 11.7600, 11.8200, 11.6500, 11.7100, 63355
2017-11-30, 11.7500, 11.7700, 11.4200, 11.5300, 117086
2017-12-01, 11.9900, 13.0500, 11.9900, 12.8300, 340076
2017-12-04, 12.9500, 13.2000, 12.6800, 12.9400, 192625
2017-12-05, 13.0600, 13.0700, 12.6700, 12.8700, 132244
2017-12-06, 12.8400, 12.8400, 12.4000, 12.4300, 99323
2017-12-07, 12.5100, 12.7900, 12.3800, 12.4900, 98407
2017-12-08, 12.5800, 12.7900, 12.5000, 12.6800, 106054
2017-12-11, 12.7400, 12.8590, 12.6500, 12.7200, 66444
2017-12-12, 12.7000, 12.8300, 12.5700, 12.6400, 123798
2017-12-13, 12.7100, 12.7100, 12.2200, 12.2300, 142507
2017-12-14, 12.1750, 12.3400, 12.0000, 12.0300, 177241
2017-12-15, 12.1600, 12.2200, 12.0000, 12.0100, 121258
2017-12-18, 12.3800, 12.5800, 12.1900, 12.5200, 188226
2017-12-19, 12.5150, 12.6200, 12.1450, 12.3000, 167481
2017-12-20, 12.2500, 12.6850, 12.1900, 12.2800, 56867
2017-12-21, 12.5200, 12.5400, 12.2600, 12.4200, 63615
2017-12-22, 12.4450, 12.6300, 12.2900, 12.4100, 133734
2017-12-26, 12.4400, 12.6600, 12.3500, 12.5100, 100090
2017-12-27, 12.4600, 12.5600, 12.3000, 12.4500, 106837
2017-12-28, 12.4600, 12.4800, 12.2000, 12.3500, 102338
2017-12-29, 12.3900, 12.6200, 12.2500, 12.5300, 93950
2018-01-02, 12.5500, 13.0600, 12.5200, 13.0600, 139502
2018-01-03, 13.1000, 13.5400, 13.0600, 13.4300, 153600
2018-01-04, 13.5400, 13.5500, 12.9300, 13.0600, 65854
2018-01-05, 13.1000, 13.2000, 12.7700, 12.8500, 72930
2018-01-08, 12.9300, 12.9300, 12.6700, 12.8400, 58885
2018-01-09, 12.8600, 12.8900, 12.6200, 12.6800, 103424
2018-01-10, 12.6000, 12.6801, 12.2800, 12.5300, 178820
2018-01-11, 12.5800, 12.7800, 12.5100, 12.6600, 242425
2018-01-12, 12.6500, 12.8400, 12.5600, 12.6500, 89966
2018-01-16, 12.7700, 12.7700, 12.3100, 12.5200, 138119
2018-01-17, 12.6300, 12.6697, 12.4500, 12.6300, 50166
2018-01-18, 12.6500, 12.8100, 12.5400, 12.6900, 85212
2018-01-19, 12.6700, 12.9500, 12.4800, 12.8800, 69680
2018-01-22, 12.8000, 12.9300, 12.6800, 12.8900, 59341
2018-01-23, 12.9800, 13.2000, 12.7700, 12.8900, 42920
2018-01-24, 12.8800, 12.9800, 12.7400, 12.7400, 45749
2018-01-25, 12.8500, 12.8500, 12.3000, 12.5100, 192266
2018-01-26, 12.5300, 12.5300, 12.3000, 12.3900, 55714
2018-01-29, 12.3600, 12.3600, 12.0300, 12.0300, 111298
2018-01-30, 12.0200, 12.2200, 11.9800, 12.2100, 87722
2018-01-31, 12.3600, 12.4800, 11.8100, 11.8500, 88876
2018-02-01, 11.8000, 12.0535, 11.7000, 12.0400, 145832
2018-02-02, 11.9600, 11.9600, 11.7000, 11.7600, 85974
2018-02-05, 11.7200, 11.8300, 11.5000, 11.6200, 174171
2018-02-06, 11.4800, 11.9600, 11.3450, 11.8700, 130800
2018-02-07, 11.8400, 12.0400, 11.8000, 11.8800, 93266
2018-02-08, 11.8700, 11.9700, 11.6375, 11.6800, 130576
2018-02-09, 11.8400, 11.9100, 11.6000, 11.7500, 132863
2018-02-12, 11.7700, 12.0000, 11.6200, 11.8900, 87526
2018-02-13, 11.8300, 11.9500, 11.7600, 11.8900, 67636
2018-02-14, 11.4000, 12.0400, 11.2600, 11.8500, 114664
2018-02-15, 11.6700, 11.6900, 11.3500, 11.6100, 154401
2018-02-16, 11.5400, 11.8400, 11.5400, 11.6800, 112547
2018-02-20, 11.7000, 11.8000, 11.3900, 11.4800, 104187
2018-02-21, 11.4600, 11.7300, 11.4600, 11.5000, 56710
2018-02-22, 11.5500, 11.6000, 11.3800, 11.5600, 130098
2018-02-23, 11.6500, 11.6500, 11.3900, 11.4500, 52664
2018-02-26, 11.4800, 12.0500, 11.3000, 11.9300, 185533
2018-02-27, 11.9100, 12.0400, 11.5600, 11.6500, 173411
2018-02-28, 11.6500, 11.6700, 11.1200, 11.2400, 162781
2018-03-01, 11.2100, 11.3900, 11.0650, 11.2800, 102586
2018-03-02, 11.2400, 11.6000, 11.1400, 11.4000, 143625
2018-03-05, 11.3500, 11.5000, 11.2200, 11.4600, 109128
2018-03-06, 11.4900, 11.6300, 11.2950, 11.5600, 145264
2018-03-07, 11.5400, 11.7100, 11.5000, 11.5600, 98518
2018-03-08, 11.5900, 11.6400, 11.3700, 11.5000, 111196
2018-03-09, 11.5500, 11.9600, 11.4100, 11.8500, 154817
2018-03-12, 11.8400, 12.0000, 11.6600, 11.7700, 59689
2018-03-13, 11.8300, 11.9400, 11.5100, 11.7600, 105079
2018-03-14, 11.8200, 11.8200, 11.3900, 11.4300, 34305
2018-03-15, 11.4600, 11.5400, 11.1800, 11.2700, 39217
2018-03-16, 11.2600, 11.4600, 11.1500, 11.3700, 112579
2018-03-19, 11.3600, 11.5100, 11.2100, 11.4700, 49352
2018-03-20, 11.5100, 11.5700, 11.3400, 11.3600, 27817
2018-03-21, 11.3700, 11.7100, 11.3700, 11.5600, 68856
2018-03-22, 11.5300, 11.8200, 11.4300, 11.4500, 49399
2018-03-23, 11.4900, 11.6000, 11.3000, 11.3000, 39233
2018-03-26, 11.4600, 11.5500, 10.8900, 11.5200, 125069
2018-03-27, 11.5200, 11.7300, 11.1400, 11.2100, 36343
2018-03-28, 11.2100, 11.5300, 10.8100, 10.9800, 141436
2018-03-29, 10.9900, 11.2000, 10.9100, 11.0800, 95190
2018-04-02, 11.0000, 11.0000, 10.4500, 10.5900, 81903
2018-04-03, 10.6200, 10.6924, 10.4100, 10.6500, 54104
2018-04-04, 10.5500, 11.1900, 10.5450, 11.1300, 54915
2018-04-05, 11.2300, 11.5500, 11.1100, 11.1800, 64477
2018-04-06, 11.2300, 11.3600, 11.0701, 11.3000, 76066
2018-04-09, 11.4000, 11.4000, 10.8000, 10.8300, 42383
2018-04-10, 10.9400, 11.0900, 10.6900, 10.8700, 55736
2018-04-11, 10.8300, 11.0798, 10.7300, 10.7700, 89576
2018-04-12, 10.7900, 10.8100, 10.4700, 10.5100, 33431
2018-04-13, 10.5300, 10.7300, 10.4650, 10.6600, 54354
2018-04-16, 10.7300, 10.9000, 10.6400, 10.7500, 39754
2018-04-17, 10.8300, 11.0000, 10.7400, 10.9800, 99631
2018-04-18, 11.0000, 11.1100, 10.9100, 10.9300, 38716
2018-04-19, 10.8900, 10.9000, 10.3700, 10.6000, 50398
2018-04-20, 10.5700, 10.8300, 10.4500, 10.4700, 60405
2018-04-23, 10.4800, 10.5800, 10.3500, 10.4600, 77808
2018-04-24, 10.5400, 10.8000, 10.3300, 10.4100, 79495
2018-04-25, 10.4300, 10.5000, 10.2300, 10.3900, 70093
2018-04-26, 10.4400, 10.6300, 10.3000, 10.5500, 23514
2018-04-27, 10.4800, 10.6100, 10.1400, 10.2300, 99425
2018-04-30, 10.3000, 10.3000, 9.7800, 9.9800, 198963
2018-05-01, 9.9300, 10.3300, 9.8900, 10.3100, 55059
2018-05-02, 10.3300, 10.3800, 10.0000, 10.0200, 56885
2018-05-03, 10.0100, 10.3400, 9.9800, 10.1300, 56746
2018-05-04, 10.0500, 10.2100, 10.0500, 10.1000, 43749
2018-05-07, 10.0700, 10.1600, 9.8700, 9.9200, 78607
2018-05-08, 9.9000, 10.0200, 9.7900, 9.8200, 75653
2018-05-09, 9.8200, 9.8900, 9.6800, 9.7200, 115155
2018-05-10, 9.7200, 9.7800, 9.5800, 9.6500, 50458
2018-05-11, 9.6500, 9.8100, 9.6500, 9.6500, 41844
2018-05-14, 9.7800, 9.8800, 9.6100, 9.6500, 61353
2018-05-15, 9.6200, 9.9000, 9.5300, 9.7200, 120121
2018-05-16, 9.7600, 10.2550, 9.7600, 10.1100, 90135
2018-05-17, 10.0900, 10.2150, 9.8900, 9.9200, 75207
2018-05-18, 9.9600, 10.1800, 9.9300, 10.1200, 57963
2018-05-21, 10.1700, 10.2700, 10.1300, 10.2500, 31493
2018-05-22, 10.2700, 10.2700, 10.0300, 10.0300, 57220
2018-05-23, 10.0000, 10.3000, 9.9650, 10.2100, 75944
2018-05-24, 10.2100, 10.2100, 9.9900, 10.0700, 50232
2018-05-25, 10.1300, 10.2700, 10.0900, 10.2200, 73900
2018-05-29, 10.1300, 10.2900, 10.1000, 10.2300, 45683
2018-05-30, 10.2800, 10.3900, 9.9800, 10.1400, 107167
2018-05-31, 10.1200, 10.2600, 10.0800, 10.0900, 69584
2018-06-01, 10.1100, 10.1300, 9.8500, 9.9900, 89479
2018-06-04, 10.0100, 10.1800, 10.0100, 10.1200, 33434
2018-06-05, 10.1100, 10.2000, 9.9801, 10.0300, 64216
2018-06-06, 10.0600, 10.1800, 9.9000, 10.0900, 36683
2018-06-07, 10.1300, 10.2474, 10.0800, 10.0900, 71674
2018-06-08, 10.1000, 10.5900, 10.1000, 10.4700, 40829
2018-06-11, 10.4500, 10.5400, 10.2500, 10.2800, 35466
2018-06-12, 10.3300, 10.4950, 10.2880, 10.4600, 20888
2018-06-13, 10.3200, 10.3200, 9.7500, 10.0900, 155632
2018-06-14, 10.0300, 10.2100, 9.8200, 10.2100, 69278
2018-06-15, 10.1600, 10.2699, 10.1100, 10.2000, 39943
2018-06-18, 10.1400, 10.2200, 9.7665, 10.0200, 62811
2018-06-19, 9.9300, 10.0800, 9.8700, 10.0500, 51947
2018-06-20, 10.1000, 10.2700, 9.9300, 10.2200, 34752
2018-06-21, 10.2100, 10.3300, 10.1500, 10.3000, 51506
2018-06-22, 10.3400, 10.4000, 10.2000, 10.2700, 145006
2018-06-25, 10.2400, 10.3500, 10.0900, 10.1000, 86309
2018-06-26, 10.2400, 10.2700, 10.0200, 10.1600, 52402
2018-06-27, 10.1500, 10.1700, 9.9100, 9.9500, 44582
2018-06-28, 9.9800, 10.0500, 9.9000, 9.9800, 50249
2018-06-29, 10.0800, 10.1000, 9.9600, 9.9700, 54957
2018-07-02, 9.9200, 9.9999, 9.7600, 9.8500, 31657
2018-07-03, 9.8700, 10.1716, 9.8700, 10.0800, 28936
2018-07-05, 10.1100, 10.5000, 10.0050, 10.3900, 67630
2018-07-06, 10.3600, 10.4700, 10.1400, 10.2400, 37603
2018-07-09, 10.3100, 10.3700, 10.2194, 10.3100, 29245
2018-07-10, 10.3100, 10.4000, 10.2220, 10.3600, 25583
2018-07-11, 10.3300, 10.4100, 10.1300, 10.1500, 22587
2018-07-12, 10.2100, 10.2300, 9.9300, 10.1500, 16297
2018-07-13, 9.8500, 10.1200, 9.8500, 10.0700, 60376
2018-07-16, 10.0400, 10.1100, 9.9300, 10.0100, 26080
2018-07-17, 9.9800, 10.0500, 9.9100, 9.9300, 26000
2018-07-18, 9.9300, 10.0000, 9.7600, 9.9500, 32177
2018-07-19, 9.9000, 10.0900, 9.8700, 10.0700, 30324
2018-07-20, 10.0700, 10.1500, 10.0000, 10.0000, 25505
2018-07-23, 10.0000, 10.1100, 9.8100, 9.9100, 56198
2018-07-24, 9.9800, 10.0700, 9.8400, 9.8400, 19277
2018-07-25, 9.8400, 9.8700, 9.4600, 9.5000, 151721
2018-07-26, 9.4900, 9.5500, 9.3900, 9.4600, 24051
2018-07-27, 9.4500, 9.4500, 8.7200, 8.7800, 172838
2018-07-30, 8.7900, 9.1700, 8.7200, 9.0300, 98980
2018-07-31, 9.0300, 9.2700, 9.0200, 9.2200, 29806
2018-08-01, 9.2200, 9.3300, 9.1100, 9.2500, 39404
2018-08-02, 9.1500, 9.4500, 9.1400, 9.3900, 72348
2018-08-03, 9.2000, 9.2400, 8.8884, 8.9900, 67028
2018-08-06, 8.9700, 8.9700, 8.6000, 8.6000, 44906
2018-08-07, 8.6100, 8.6723, 8.5000, 8.6400, 78028
2018-08-08, 8.6300, 8.9000, 8.6300, 8.8800, 63321
2018-08-09, 8.9000, 9.2800, 8.9000, 9.1000, 38201
2018-08-10, 9.0500, 9.1400, 8.7900, 9.0000, 37871
2018-08-13, 9.0000, 9.0000, 8.6400, 8.8000, 64848
2018-08-14, 8.7900, 9.0200, 8.7900, 8.8700, 36450
2018-08-15, 8.8700, 8.8900, 8.6800, 8.7100, 51212
2018-08-16, 8.7710, 8.8800, 8.3800, 8.4100, 115939
2018-08-17, 8.3900, 8.7000, 8.3300, 8.4000, 114740
2018-08-20, 8.4000, 8.4800, 8.3100, 8.3800, 80175
2018-08-21, 8.4300, 8.7300, 8.4000, 8.5300, 139509
2018-08-22, 8.5200, 8.6600, 8.4200, 8.5800, 92725
2018-08-23, 8.5500, 8.7150, 8.5250, 8.7000, 83580
2018-08-24, 8.7500, 8.9700, 8.6800, 8.8500, 81334
2018-08-27, 8.8500, 9.0500, 8.8500, 8.9700, 62936
2018-08-28, 8.9700, 9.1600, 8.9000, 9.0900, 52605
2018-08-29, 9.0800, 9.0800, 8.8400, 8.8400, 67672
2018-08-30, 8.8400, 8.9900, 8.8000, 8.8500, 43668
2018-08-31, 8.8100, 8.8400, 8.7700, 8.7800, 39093
2018-09-04, 8.7500, 8.9200, 8.7300, 8.8500, 54744
2018-09-05, 8.8500, 9.0200, 8.7700, 8.7800, 45845
2018-09-06, 8.7900, 8.9900, 8.7190, 8.7900, 39551
2018-09-07, 8.7700, 8.8000, 8.4900, 8.5900, 46148
2018-09-10, 8.6300, 8.8300, 8.6100, 8.7300, 46342
2018-09-11, 8.6700, 8.8400, 8.5000, 8.7000, 62431
2018-09-12, 8.6800, 8.9700, 8.6300, 8.8500, 56254
2018-09-13, 8.8900, 8.9500, 8.6600, 8.8700, 37955
2018-09-14, 8.8900, 9.0400, 8.8000, 8.9800, 45154
2018-09-17, 9.0000, 9.0800, 8.7400, 8.7600, 31571
2018-09-18, 8.7600, 9.1400, 8.7000, 9.0400, 31062
2018-09-19, 9.0300, 9.1300, 8.7800, 8.8300, 29428
2018-09-20, 8.8600, 8.8700, 8.6600, 8.7700, 53029
2018-09-21, 8.7900, 8.8400, 8.6000, 8.6100, 114276
2018-09-24, 8.6100, 8.8700, 8.6100, 8.8100, 59291
2018-09-25, 8.8300, 8.9300, 8.7600, 8.8500, 35010
2018-09-26, 8.7800, 8.8800, 8.5100, 8.5100, 46382
2018-09-27, 8.5100, 8.5600, 8.3048, 8.4000, 39667
2018-09-28, 8.3700, 8.3800, 8.0500, 8.0600, 55689
2018-10-01, 8.0800, 8.2100, 8.0000, 8.1700, 80319
2018-10-02, 8.1600, 8.3200, 8.1500, 8.2900, 47172
2018-10-03, 8.3200, 8.3200, 7.9400, 8.2200, 51303
2018-10-04, 8.2200, 8.2200, 7.9900, 8.0000, 62912
2018-10-05, 7.9900, 8.0000, 7.3100, 7.6800, 86437
2018-10-08, 7.6700, 7.8342, 7.5000, 7.7600, 53642
2018-10-09, 7.7300, 7.8000, 7.4200, 7.6300, 54070
2018-10-10, 7.6300, 7.6550, 7.4100, 7.4100, 50748
2018-10-11, 7.4200, 7.4600, 7.0100, 7.0700, 98279
2018-10-12, 7.2300, 7.2300, 6.6700, 6.8700, 167855
2018-10-15, 6.8700, 6.9800, 6.7700, 6.7900, 58808
2018-10-16, 6.8200, 7.7300, 6.7500, 7.6900, 100037
2018-10-17, 8.0100, 8.0100, 7.3700, 7.4600, 61836
2018-10-18, 7.3700, 7.4200, 6.8500, 6.9200, 69729
2018-10-19, 6.9200, 7.1200, 6.6800, 6.7900, 75778
2018-10-22, 6.8200, 7.0000, 6.7100, 6.9400, 61401
2018-10-23, 6.8500, 7.3300, 6.8200, 7.2500, 60413
2018-10-24, 7.2300, 7.3000, 6.9300, 6.9400, 75889
2018-10-25, 7.4000, 7.6200, 7.2100, 7.4600, 101570
2018-10-26, 7.2900, 7.2900, 6.7500, 6.8200, 112158
2018-10-29, 6.9300, 7.1500, 6.6700, 6.7600, 107909
2018-10-30, 6.7700, 6.9700, 6.6700, 6.7400, 104632
2018-10-31, 6.8300, 7.1700, 6.8300, 7.1300, 88796
2018-11-01, 7.1800, 7.5800, 7.1500, 7.2600, 87926
2018-11-02, 7.3100, 7.7300, 7.3000, 7.7200, 68598
2018-11-05, 7.7400, 8.3200, 7.6500, 8.2200, 140338
2018-11-06, 8.2200, 8.2400, 7.9800, 8.0900, 45343
2018-11-07, 8.0900, 8.0900, 7.6900, 7.7800, 79443
2018-11-08, 7.6300, 8.0250, 7.4500, 7.9000, 71266
2018-11-09, 7.8700, 7.9300, 7.6200, 7.7200, 46600
