2014-03-13, 14.6000, 15.8600, 14.0000, 14.0400, 1302300
2014-03-14, 14.2000, 14.2100, 13.0200, 13.4000, 189800
2014-03-17, 13.2700, 14.0000, 12.7600, 13.4000, 76700
2014-03-18, 13.3800, 13.4000, 12.5000, 12.9800, 124600
2014-03-19, 12.8100, 13.0500, 12.5000, 12.5900, 57800
2014-03-20, 12.5100, 12.5900, 11.3800, 11.5500, 163100
2014-03-21, 11.7500, 11.8500, 10.8000, 10.8500, 89900
2014-03-24, 10.8500, 11.0000, 9.7700, 9.9500, 64800
2014-03-25, 10.0000, 10.5999, 9.7000, 10.0500, 117900
2014-03-26, 10.3500, 10.4399, 9.8500, 10.0300, 47200
2014-03-27, 10.2000, 10.3300, 9.7500, 10.0200, 80500
2014-03-28, 9.9700, 10.3350, 9.8900, 10.0000, 72400
2014-03-31, 10.1300, 10.1300, 9.9500, 10.0800, 23300
2014-04-01, 10.1000, 10.6000, 10.0999, 10.4100, 24600
2014-04-02, 10.6800, 11.0000, 10.5100, 10.7200, 33600
2014-04-03, 10.6500, 10.6600, 9.8003, 9.8500, 36300
2014-04-04, 9.8500, 9.8500, 8.5700, 9.1600, 64500
2014-04-07, 9.7000, 9.7500, 8.2020, 8.9000, 102500
2014-04-08, 8.8300, 9.0300, 8.6100, 8.9400, 43100
2014-04-09, 8.9000, 10.5400, 8.7900, 10.4000, 85800
2014-04-10, 10.2200, 10.8000, 9.0501, 10.4000, 92100
2014-04-11, 10.4200, 10.5800, 9.2200, 10.0100, 21200
2014-04-14, 10.0000, 10.2000, 9.8000, 9.9300, 16800
2014-04-15, 9.8200, 10.0000, 9.1800, 9.5200, 23800
2014-04-16, 9.0450, 9.5150, 9.0450, 9.1500, 14700
2014-04-17, 9.4800, 9.6000, 9.2600, 9.2800, 7900
2014-04-21, 9.4100, 10.8600, 9.4100, 9.7000, 14000
2014-04-22, 9.6300, 10.8400, 9.6300, 10.3900, 61500
2014-04-23, 10.4000, 10.9500, 10.2100, 10.4100, 108400
2014-04-24, 10.6000, 10.8800, 9.8000, 9.9500, 62600
2014-04-25, 10.0140, 10.1000, 9.6500, 9.6500, 9200
2014-04-28, 9.9700, 9.9800, 9.2500, 9.8500, 33300
2014-04-29, 9.7200, 10.0000, 9.2325, 9.4400, 43300
2014-04-30, 9.3700, 9.7500, 9.1900, 9.7500, 14200
2014-05-01, 9.8200, 9.8200, 9.5000, 9.8000, 3500
2014-05-02, 9.8500, 9.9500, 9.3000, 9.9260, 2800
2014-05-05, 9.9700, 10.2500, 9.5250, 10.2500, 9100
2014-05-06, 9.6100, 9.9900, 9.6100, 9.9900, 1400
2014-05-07, 9.9900, 10.0800, 9.9900, 10.0400, 10200
2014-05-08, 9.9900, 10.2500, 9.5301, 9.9800, 15400
2014-05-09, 9.9200, 9.9200, 9.4000, 9.9200, 9500
2014-05-12, 9.8500, 9.8500, 9.1600, 9.7200, 19500
2014-05-13, 9.3500, 10.2399, 9.3500, 10.1000, 19700
2014-05-14, 9.9900, 9.9900, 9.2500, 9.5500, 8200
2014-05-15, 9.5635, 9.5635, 8.0000, 8.8600, 56200
2014-05-16, 9.0000, 9.2500, 9.0000, 9.1500, 4400
2014-05-19, 9.3800, 9.3800, 9.0100, 9.0100, 2500
2014-05-20, 9.1100, 9.3900, 8.9000, 9.0000, 13600
2014-05-21, 9.0000, 9.0900, 8.9000, 8.9000, 16900
2014-05-22, 8.9900, 9.0000, 8.0400, 8.6100, 17700
2014-05-23, 8.5000, 9.2500, 8.5000, 8.8500, 15900
2014-05-27, 8.0001, 9.0000, 8.0001, 8.9000, 5300
2014-05-28, 8.9900, 9.5400, 8.7100, 8.9500, 51600
2014-05-29, 9.0000, 9.5500, 9.0000, 9.4000, 14300
2014-05-30, 9.6000, 9.8500, 8.6100, 9.1800, 11700
2014-06-02, 9.3300, 9.3300, 8.9800, 9.1900, 7400
2014-06-03, 9.0600, 9.6200, 8.8500, 9.6200, 4800
2014-06-04, 9.5100, 9.5100, 8.9101, 9.2200, 11700
2014-06-05, 9.0900, 9.4500, 9.0900, 9.2300, 3000
2014-06-06, 9.2500, 9.3800, 9.0000, 9.0100, 11500
2014-06-09, 9.4000, 9.4000, 9.1500, 9.3700, 9200
2014-06-10, 9.3800, 9.4000, 9.2900, 9.4000, 13900
2014-06-11, 9.1200, 9.9900, 9.1200, 9.9800, 14800
2014-06-12, 10.1900, 10.7200, 10.0500, 10.7200, 27900
2014-06-13, 10.9500, 11.4000, 10.5300, 11.1500, 34600
2014-06-16, 10.8800, 11.2250, 10.2300, 10.6900, 25400
2014-06-17, 10.2300, 11.2900, 10.2300, 11.2900, 10800
2014-06-18, 11.5000, 11.5000, 10.5600, 11.0500, 14400
2014-06-19, 11.0700, 11.1800, 10.0800, 11.1800, 13100
2014-06-20, 10.7488, 11.1800, 9.5700, 9.5700, 85700
2014-06-23, 9.9800, 9.9800, 9.2800, 9.4100, 48500
2014-06-24, 9.4900, 9.7800, 9.3000, 9.4900, 23000
2014-06-25, 9.3500, 10.0700, 9.3500, 9.8200, 12500
2014-06-26, 10.1200, 10.2900, 9.6600, 9.6600, 12700
2014-06-27, 9.6600, 10.0200, 9.4400, 9.4400, 15600
2014-06-30, 9.3000, 10.0500, 9.3000, 9.7000, 3800
2014-07-01, 9.8100, 9.8100, 9.0100, 9.0600, 47700
2014-07-02, 9.1800, 9.5000, 8.8500, 8.9850, 30200
2014-07-03, 8.8500, 9.3100, 8.8500, 9.1700, 17300
2014-07-07, 9.2500, 9.3700, 8.8500, 8.9700, 5400
2014-07-08, 9.0000, 9.3299, 8.9500, 9.0100, 21500
2014-07-09, 9.0100, 9.2600, 8.9800, 9.1500, 11900
2014-07-10, 9.0300, 9.2499, 9.0100, 9.0300, 15200
2014-07-11, 9.2500, 9.6130, 9.2100, 9.5800, 2800
2014-07-14, 9.6400, 9.6400, 9.3000, 9.3000, 7600
2014-07-15, 9.4500, 9.4500, 9.1100, 9.1800, 2400
2014-07-16, 9.3000, 9.8599, 9.1800, 9.4000, 17400
2014-07-17, 9.6650, 9.6650, 9.2500, 9.2800, 5100
2014-07-18, 9.2700, 9.8800, 9.2500, 9.4300, 7500
2014-07-21, 9.5500, 10.3700, 9.3000, 10.0600, 8100
2014-07-22, 10.1000, 10.2006, 9.7400, 9.9300, 12200
2014-07-23, 10.0000, 10.1000, 9.7000, 10.1000, 13600
2014-07-24, 9.9400, 10.0600, 9.7400, 9.9600, 8700
2014-07-25, 10.1499, 10.1499, 9.7700, 9.7700, 8600
2014-07-28, 9.9500, 10.0000, 9.6700, 9.8500, 20800
2014-07-29, 9.9900, 10.0000, 9.7100, 9.7900, 9000
2014-07-30, 9.8800, 10.0000, 9.5100, 9.7600, 8300
2014-07-31, 9.7500, 9.8100, 9.5100, 9.7800, 15700
2014-08-01, 9.8100, 9.8100, 9.3900, 9.4900, 15700
2014-08-04, 9.4101, 9.7600, 8.8500, 9.5000, 18700
2014-08-05, 9.1750, 9.5900, 9.1000, 9.2200, 9600
2014-08-06, 9.1001, 9.4000, 8.7500, 8.8300, 12400
2014-08-07, 9.0600, 9.0600, 8.5400, 8.6300, 12700
2014-08-08, 8.7400, 9.1899, 8.6900, 8.8400, 9100
2014-08-11, 8.8800, 9.1900, 8.7400, 8.7400, 18300
2014-08-12, 8.7000, 9.0100, 8.7000, 8.9700, 6800
2014-08-13, 9.3500, 9.8100, 8.5000, 9.1800, 12000
2014-08-14, 9.3600, 9.4000, 9.0400, 9.2000, 8400
2014-08-15, 9.1400, 9.4695, 8.7800, 9.1100, 11100
2014-08-18, 9.0400, 9.3600, 9.0400, 9.2100, 5000
2014-08-19, 9.0000, 9.4900, 8.8200, 8.9800, 12900
2014-08-20, 8.8600, 9.3500, 8.8400, 9.2000, 20700
2014-08-21, 9.1000, 9.2000, 8.8500, 9.0500, 7200
2014-08-22, 9.0800, 9.1399, 8.8500, 9.0100, 20500
2014-08-25, 9.0000, 9.1500, 8.5900, 9.0000, 49300
2014-08-26, 9.1600, 9.7500, 9.0000, 9.6400, 76200
2014-08-27, 9.2300, 9.6000, 9.1400, 9.3900, 12200
2014-08-28, 9.5000, 9.5000, 9.1900, 9.3200, 3000
2014-08-29, 9.4500, 10.0500, 9.4400, 10.0500, 26800
2014-09-02, 9.8500, 9.8500, 9.1800, 9.2900, 22200
2014-09-03, 9.2000, 9.7300, 9.1600, 9.6000, 5700
2014-09-04, 9.6300, 9.9699, 9.3500, 9.5600, 5900
2014-09-05, 9.6000, 9.7500, 9.3100, 9.5000, 4100
2014-09-08, 9.7000, 9.9299, 9.3100, 9.7300, 8700
2014-09-09, 9.5000, 10.3100, 9.4600, 9.8800, 84000
2014-09-10, 9.8800, 9.8800, 9.4000, 9.6900, 14900
2014-09-11, 9.8500, 11.2900, 9.8000, 10.0000, 29200
2014-09-12, 10.2000, 10.3800, 9.6400, 10.3000, 10200
2014-09-15, 10.3000, 10.3000, 9.9300, 10.1600, 13500
2014-09-16, 9.9000, 10.2900, 9.9000, 10.2900, 2300
2014-09-17, 10.2100, 10.2900, 9.9500, 10.2300, 10500
2014-09-18, 9.9700, 10.3000, 9.9700, 10.1800, 12200
2014-09-19, 10.1800, 10.2500, 10.0500, 10.2500, 4800
2014-09-22, 10.1200, 10.2800, 10.0500, 10.2800, 5200
2014-09-23, 10.2800, 10.2800, 10.0801, 10.1700, 2000
2014-09-24, 10.0201, 10.2700, 10.0201, 10.2200, 5735
2014-09-25, 10.2200, 10.2500, 9.8500, 10.2300, 12953
2014-09-26, 10.2300, 10.2699, 10.0301, 10.2300, 3800
2014-09-29, 10.0450, 10.2200, 10.0000, 10.2200, 1299
2014-09-30, 10.1800, 10.2300, 9.8000, 9.9500, 13929
2014-10-01, 10.0300, 10.0500, 9.7900, 9.9600, 6976
2014-10-02, 10.0800, 10.0800, 9.8000, 10.0000, 4415
2014-10-03, 10.0001, 10.2300, 9.9692, 10.2300, 6329
2014-10-06, 10.2100, 10.2100, 9.8100, 9.9900, 7467
2014-10-07, 9.8300, 10.0300, 9.5000, 9.8400, 14886
2014-10-08, 9.9100, 9.9400, 9.7001, 9.8000, 3178
2014-10-09, 9.7100, 9.9200, 9.7100, 9.8900, 2905
2014-10-10, 9.8900, 9.8900, 9.8900, 9.8900, 35
2014-10-13, 10.0700, 10.0700, 9.7500, 9.9299, 2795
2014-10-14, 9.9100, 10.1300, 9.8000, 10.1300, 1692
2014-10-15, 9.9400, 9.9699, 9.8300, 9.9699, 2430
2014-10-16, 9.9400, 9.9700, 9.7000, 9.8906, 2609
2014-10-17, 9.7400, 10.0800, 9.7400, 9.8000, 2620
2014-10-20, 9.8500, 10.0500, 9.6301, 10.0200, 4327
2014-10-21, 10.0600, 10.2799, 10.0000, 10.1650, 310030
2014-10-22, 10.1000, 10.2700, 10.1000, 10.2200, 1645
2014-10-23, 10.2999, 10.4800, 10.0000, 10.4799, 8405
2014-10-24, 10.4000, 11.1000, 10.4000, 11.1000, 19910
2014-10-27, 11.0800, 11.1000, 10.8400, 11.0000, 6170
2014-10-28, 11.0800, 11.1000, 10.8900, 11.0700, 8339
2014-10-29, 10.9500, 11.0600, 10.4537, 10.8700, 23262
2014-10-30, 10.6700, 10.9300, 10.4100, 10.5900, 17538
2014-10-31, 11.0299, 11.0299, 10.4600, 10.9500, 12800
2014-11-03, 10.8400, 10.9000, 10.6000, 10.8999, 8199
2014-11-04, 10.7500, 10.9100, 10.7000, 10.9000, 4711
2014-11-05, 10.8400, 11.8000, 10.8400, 11.6700, 41074
2014-11-06, 11.7500, 12.3500, 11.1600, 11.5000, 5744
2014-11-07, 11.4400, 11.7499, 11.2500, 11.5300, 10553
2014-11-10, 11.6300, 11.6300, 10.6000, 11.1500, 36599
2014-11-11, 11.0000, 11.0550, 10.8500, 10.9800, 2908
2014-11-12, 11.0000, 11.0075, 9.8500, 10.5700, 31403
2014-11-13, 10.4500, 10.5100, 9.7500, 10.4900, 17584
2014-11-14, 10.4200, 10.5600, 10.0400, 10.2800, 11313
2014-11-17, 10.3100, 10.5100, 10.2000, 10.4900, 9201
2014-11-18, 10.2960, 10.5200, 10.0000, 10.2500, 24250
2014-11-19, 10.2900, 10.3900, 10.0100, 10.1800, 2743
2014-11-20, 10.3400, 10.4900, 10.2400, 10.4900, 7081
2014-11-21, 10.4200, 10.4600, 10.1000, 10.4600, 17429
2014-11-24, 10.5700, 10.5700, 9.8000, 10.1300, 10327
2014-11-25, 10.0310, 10.2400, 9.7500, 9.8800, 7083
2014-11-26, 9.9500, 10.2400, 9.7800, 10.2400, 11583
2014-11-28, 10.0900, 10.4400, 10.0900, 10.4400, 3289
2014-12-01, 10.4400, 10.4400, 10.0000, 10.3600, 16020
2014-12-02, 10.4000, 10.4800, 10.0400, 10.4800, 11114
2014-12-03, 10.3900, 10.3900, 10.0400, 10.2400, 3600
2014-12-04, 10.1700, 10.3900, 10.1100, 10.3800, 16361
2014-12-05, 10.3900, 10.6000, 10.1900, 10.2200, 17382
2014-12-08, 10.2900, 10.6000, 10.1400, 10.5800, 13980
2014-12-09, 10.4600, 10.9699, 10.4600, 10.6400, 5364
2014-12-10, 10.5700, 11.7500, 10.5700, 11.4700, 94328
2014-12-11, 11.5000, 11.7000, 11.0450, 11.4500, 81459
2014-12-12, 11.5400, 11.7400, 11.1500, 11.5700, 10061
2014-12-15, 11.4900, 11.4900, 11.2500, 11.4400, 5219
2014-12-16, 11.3400, 11.6900, 10.9700, 11.3600, 16006
2014-12-17, 11.1001, 11.5000, 11.1001, 11.3700, 19349
2014-12-18, 11.3500, 11.4300, 11.0800, 11.2600, 15104
2014-12-19, 11.3400, 11.5000, 11.1100, 11.1100, 31544
2014-12-22, 11.1000, 11.4900, 11.1000, 11.2700, 15208
2014-12-23, 11.3300, 11.4900, 11.2500, 11.3200, 10557
2014-12-24, 11.3800, 11.4799, 11.2500, 11.2500, 8900
2014-12-26, 11.3300, 11.4800, 11.0400, 11.2100, 8711
2014-12-29, 11.2600, 11.7400, 11.2600, 11.4000, 50255
2014-12-30, 11.5100, 11.6300, 11.4119, 11.4500, 21228
2014-12-31, 11.4300, 11.7500, 11.2600, 11.3850, 83284
2015-01-02, 11.5300, 12.6200, 11.5000, 12.3800, 120497
2015-01-05, 12.5000, 14.1500, 12.0600, 13.0950, 140731
2015-01-06, 13.0900, 13.4267, 12.5501, 12.9600, 73619
2015-01-07, 12.6900, 12.9900, 12.0800, 12.7600, 56495
2015-01-08, 12.7400, 13.4500, 12.5500, 13.4500, 58856
2015-01-09, 12.8000, 13.4499, 12.5601, 12.9999, 23196
2015-01-12, 12.8800, 13.4500, 12.5400, 13.1800, 24809
2015-01-13, 13.3800, 13.7399, 13.1000, 13.3650, 25491
2015-01-14, 13.2100, 13.3000, 12.7400, 12.9100, 31296
2015-01-15, 13.2000, 13.2000, 12.1470, 12.4900, 10683
2015-01-16, 12.3400, 12.5799, 12.2000, 12.2500, 5016
2015-01-20, 12.5900, 12.6300, 12.3860, 12.5000, 3159
2015-01-21, 12.5100, 12.6300, 11.2600, 11.7500, 30355
2015-01-22, 11.6700, 12.1165, 11.3900, 11.8750, 24901
2015-01-23, 11.8900, 12.2400, 11.4800, 11.5000, 23903
2015-01-26, 11.7700, 11.9765, 11.0000, 11.6100, 28955
2015-01-27, 11.5000, 11.5300, 11.0200, 11.5000, 15849
2015-01-28, 11.8200, 11.8200, 10.9300, 11.1200, 22398
2015-01-29, 11.1100, 11.3650, 10.7000, 10.8500, 36387
2015-01-30, 11.0000, 11.2999, 10.7200, 11.0100, 27674
2015-02-02, 11.1500, 11.1801, 10.7100, 10.7100, 21015
2015-02-03, 10.9200, 11.3900, 10.8000, 11.1700, 21229
2015-02-04, 11.1700, 11.1900, 10.8700, 11.1800, 6207
2015-02-05, 11.2000, 11.2000, 10.9300, 10.9800, 29563
2015-02-06, 10.9000, 11.1500, 10.8400, 11.1500, 10165
2015-02-09, 11.0200, 11.2000, 10.7500, 11.2000, 13129
2015-02-10, 11.1300, 11.4000, 10.8900, 11.2200, 19911
2015-02-11, 11.2100, 12.4100, 11.1400, 11.9800, 29587
2015-02-12, 12.1900, 12.7118, 11.5000, 12.5000, 32547
2015-02-13, 12.3800, 12.9275, 12.3800, 12.7600, 29118
2015-02-17, 12.9400, 13.1460, 12.8000, 13.0500, 11052
2015-02-18, 12.9400, 13.7600, 12.7000, 13.7000, 51771
2015-02-19, 13.4600, 14.4000, 12.8800, 13.1900, 48113
2015-02-20, 13.0700, 13.9399, 13.0400, 13.6300, 21818
2015-02-23, 13.8300, 13.8395, 13.1500, 13.4100, 20851
2015-02-24, 13.2500, 13.9700, 13.1501, 13.5700, 28984
2015-02-25, 13.6000, 13.7000, 13.0000, 13.3000, 25236
2015-02-26, 13.2500, 14.0000, 12.9400, 13.9000, 43493
2015-02-27, 14.2300, 15.1400, 14.0000, 14.2300, 82845
2015-03-02, 14.2100, 14.2100, 13.7400, 13.9000, 31977
2015-03-03, 13.8000, 14.0500, 13.3100, 13.6700, 8973
2015-03-04, 13.5200, 13.9900, 13.0000, 13.9000, 15215
2015-03-05, 13.8100, 13.9000, 13.1700, 13.6400, 6455
2015-03-06, 14.0200, 14.0300, 13.5200, 13.9600, 8455
2015-03-09, 13.8200, 13.9600, 13.5300, 13.8600, 9628
2015-03-10, 13.8500, 13.9600, 13.1600, 13.4900, 16364
2015-03-11, 13.4100, 13.4100, 12.6100, 12.6800, 21461
2015-03-12, 12.6400, 13.0900, 12.6400, 12.9376, 8456
2015-03-13, 12.8000, 13.0400, 12.6500, 12.6500, 1759
2015-03-16, 12.7400, 13.0800, 12.6400, 12.9700, 7098
2015-03-17, 12.8392, 13.1300, 12.7000, 12.7400, 22207
2015-03-18, 12.9100, 13.6500, 12.9100, 13.0000, 12868
2015-03-19, 13.2500, 13.5900, 13.0001, 13.5100, 11694
2015-03-20, 13.4000, 14.0000, 13.3208, 14.0000, 27222
2015-03-23, 13.8500, 14.2000, 13.2100, 13.6300, 13265
2015-03-24, 13.9600, 14.2299, 13.7410, 14.1000, 34984
2015-03-25, 14.1000, 14.2185, 13.6000, 13.9800, 21486
2015-03-26, 13.7300, 14.0522, 13.5700, 13.8600, 30769
2015-03-27, 13.9000, 14.7400, 13.5080, 14.1600, 16047
2015-03-30, 14.2500, 14.2500, 13.7110, 14.1200, 12010
2015-03-31, 14.0900, 14.0900, 13.5000, 13.6400, 11922
2015-04-01, 13.6000, 13.7300, 13.1294, 13.4900, 16755
2015-04-02, 13.2200, 13.3900, 12.6000, 12.8900, 16771
2015-04-06, 12.7500, 12.9900, 12.3401, 12.8500, 30969
2015-04-07, 12.9000, 13.0922, 12.5000, 12.8600, 6637
2015-04-08, 12.7300, 13.2500, 12.6600, 12.6900, 10698
2015-04-09, 12.7500, 12.7500, 12.6000, 12.6800, 1898
2015-04-10, 12.6500, 13.1200, 12.5500, 12.8300, 6881
2015-04-13, 12.9300, 12.9300, 12.5000, 12.7200, 7543
2015-04-14, 12.8000, 12.8300, 12.7000, 12.7000, 5379
2015-04-15, 12.7480, 12.9000, 12.1000, 12.1500, 27798
2015-04-16, 12.3100, 12.6900, 12.1500, 12.3300, 4655
2015-04-17, 12.5000, 13.1599, 12.3500, 12.7200, 5310
2015-04-20, 12.6600, 12.9200, 12.5000, 12.5000, 3253
2015-04-21, 12.6300, 12.8000, 12.4000, 12.6000, 7108
2015-04-22, 12.5000, 12.9399, 12.5000, 12.7300, 4600
2015-04-23, 13.0000, 13.0000, 12.5000, 12.5800, 4178
2015-04-24, 13.0000, 13.0000, 12.5500, 12.8500, 11542
2015-04-27, 12.9000, 12.9000, 12.5071, 12.6100, 5516
2015-04-28, 12.9300, 12.9300, 12.5100, 12.5500, 1365
2015-04-29, 12.4900, 12.4900, 11.2500, 11.8500, 45435
2015-04-30, 11.7500, 11.9200, 11.6800, 11.8900, 16068
2015-05-01, 11.8800, 12.1000, 11.8600, 11.9500, 15620
2015-05-04, 11.9650, 12.1800, 11.5400, 11.5400, 5380
2015-05-05, 11.7900, 11.9300, 11.5800, 11.7000, 9144
2015-05-06, 11.5700, 11.8050, 11.4400, 11.6900, 9659
2015-05-07, 12.1400, 12.1400, 11.5500, 11.7000, 1832
2015-05-08, 11.6600, 12.7400, 11.3205, 12.6200, 10533
2015-05-11, 12.8200, 12.8200, 12.5000, 12.6000, 3843
2015-05-12, 12.6600, 12.7500, 12.1000, 12.6000, 8793
2015-05-13, 12.5700, 12.8900, 12.4000, 12.4000, 8059
2015-05-14, 12.0700, 12.6000, 11.9700, 11.9700, 48174
2015-05-15, 12.2000, 12.2800, 11.4600, 12.2800, 6740
2015-05-18, 12.2700, 12.4500, 11.3800, 12.3700, 24623
2015-05-19, 12.4000, 12.4000, 11.5900, 11.8500, 7576
2015-05-20, 11.9400, 12.1860, 11.5000, 11.9500, 5331
2015-05-21, 11.9500, 11.9810, 11.5000, 11.5000, 5669
2015-05-22, 11.8300, 12.0090, 11.3601, 11.8000, 9426
2015-05-26, 11.8000, 12.0800, 11.7100, 11.8000, 13121
2015-05-27, 11.8000, 12.0900, 11.8000, 11.9000, 1300
2015-05-28, 11.9800, 12.8500, 11.9800, 12.4600, 13153
2015-05-29, 12.5400, 12.7900, 12.5400, 12.7900, 4041
2015-06-01, 12.6900, 12.9999, 11.9700, 12.9600, 3546
2015-06-02, 13.0000, 14.8500, 12.9600, 13.9000, 37948
2015-06-03, 14.5200, 14.8500, 13.7150, 13.9000, 23952
2015-06-04, 13.9400, 14.6000, 13.4400, 14.4300, 16449
2015-06-05, 14.6100, 15.0000, 14.3501, 14.5000, 14973
2015-06-08, 14.1800, 14.9900, 14.1500, 14.9900, 3432
2015-06-09, 14.8400, 14.8899, 13.9000, 14.4300, 7558
2015-06-10, 14.5000, 14.8700, 14.5000, 14.7200, 12081
2015-06-11, 14.8000, 14.8000, 14.4300, 14.4400, 8338
2015-06-12, 14.3335, 14.8399, 14.3200, 14.7100, 5679
2015-06-15, 14.6000, 14.6990, 14.0001, 14.5500, 2780
2015-06-16, 14.5000, 14.5000, 14.1000, 14.4600, 6657
2015-06-17, 14.4600, 14.5000, 13.9300, 14.4100, 10710
2015-06-18, 14.4100, 14.5000, 14.0801, 14.4798, 6773
2015-06-19, 14.4000, 14.4700, 13.8600, 14.0100, 7884
2015-06-22, 14.1800, 14.3900, 13.9926, 13.9926, 2063
2015-06-23, 13.9900, 13.9901, 12.8601, 13.6800, 16527
2015-06-24, 13.8200, 13.8600, 13.1601, 13.8500, 2102
2015-06-25, 13.5000, 13.6600, 12.6000, 13.4100, 270433
2015-06-26, 13.5500, 13.8400, 12.6600, 12.7800, 47989
2015-06-29, 12.7500, 13.4800, 12.5000, 12.9400, 25130
2015-06-30, 12.9500, 13.3000, 12.5000, 12.7200, 42632
2015-07-01, 12.8200, 14.5000, 12.6100, 14.0400, 95117
2015-07-02, 14.1200, 14.1200, 12.9500, 13.1100, 41201
2015-07-06, 13.1100, 13.3600, 12.5800, 12.9500, 4369
2015-07-07, 12.9827, 14.3100, 12.9600, 14.0000, 34597
2015-07-08, 13.8600, 14.0000, 13.2000, 13.6400, 7932
2015-07-09, 13.7800, 14.1521, 13.1801, 13.9600, 9371
2015-07-10, 13.5300, 13.7600, 13.1200, 13.3300, 21449
2015-07-13, 13.6900, 14.2499, 13.4000, 14.1500, 21833
2015-07-14, 13.9600, 14.9500, 13.9600, 14.7050, 111269
2015-07-15, 14.9400, 14.9400, 14.3000, 14.6400, 57345
2015-07-16, 14.6900, 15.0000, 14.5200, 14.6335, 32668
2015-07-17, 14.7200, 15.0000, 14.7200, 15.0000, 22396
2015-07-20, 14.9900, 16.5200, 14.9850, 16.2700, 78130
2015-07-21, 16.2700, 17.1000, 16.2700, 16.8900, 129908
2015-07-22, 16.9400, 16.9400, 15.9500, 16.5300, 78243
2015-07-23, 16.5300, 17.0900, 16.2140, 16.7900, 34971
2015-07-24, 16.9900, 16.9900, 16.0200, 16.7900, 27529
2015-07-27, 16.4100, 16.5000, 15.5400, 16.0200, 42907
2015-07-28, 16.2400, 16.9000, 15.5820, 16.7300, 26933
2015-07-29, 15.7400, 16.7900, 15.7400, 16.5000, 23233
2015-07-30, 16.5000, 16.7500, 16.1400, 16.3900, 34798
2015-07-31, 16.5400, 16.7800, 16.3200, 16.7000, 19276
2015-08-03, 16.7400, 16.7400, 16.0100, 16.5200, 23162
2015-08-04, 16.4000, 16.4000, 15.7200, 15.7200, 10734
2015-08-05, 15.9700, 16.0600, 15.5000, 15.7100, 13995
2015-08-06, 15.7400, 15.9100, 14.5600, 15.0700, 37669
2015-08-07, 14.7900, 15.4700, 14.0800, 15.4000, 17487
2015-08-10, 15.2700, 15.9500, 14.7600, 15.2299, 20609
2015-08-11, 15.0500, 15.7800, 14.5300, 14.9700, 34823
2015-08-12, 14.8100, 15.4300, 14.0500, 15.0101, 62741
2015-08-13, 15.0100, 16.4800, 13.8000, 13.9200, 57991
2015-08-14, 14.0800, 15.0100, 13.6300, 14.1200, 69598
2015-08-17, 13.5000, 14.8300, 12.9700, 13.2400, 36829
2015-08-18, 13.2400, 14.7400, 13.2400, 13.5500, 16709
2015-08-19, 13.5000, 13.5300, 12.6600, 12.7100, 20474
2015-08-20, 14.0000, 14.0000, 11.5800, 12.2500, 129224
2015-08-21, 12.1650, 12.3200, 11.7500, 11.9500, 25743
2015-08-24, 11.6500, 12.6000, 10.8000, 12.2800, 28064
2015-08-25, 12.7400, 13.8300, 12.0300, 12.2750, 23909
2015-08-26, 12.9840, 12.9840, 12.1900, 12.3500, 12186
2015-08-27, 12.4200, 13.4800, 12.1101, 13.2500, 19971
2015-08-28, 13.1700, 13.9700, 12.7100, 13.5200, 12209
2015-08-31, 13.9300, 15.2500, 13.4500, 15.2500, 20421
2015-09-01, 15.0000, 15.1100, 14.2600, 14.7100, 47068
2015-09-02, 14.9000, 14.9400, 14.4500, 14.4500, 24394
2015-09-03, 14.6000, 14.6000, 13.1000, 13.4800, 47657
2015-09-04, 14.0900, 14.5800, 13.5200, 14.5100, 26356
2015-09-08, 15.1100, 15.1100, 13.3700, 14.1900, 25814
2015-09-09, 14.4000, 14.5000, 13.4500, 13.7500, 26606
2015-09-10, 13.6700, 13.9449, 13.4960, 13.6300, 6479
2015-09-11, 13.5900, 13.6799, 12.9000, 13.0600, 14614
2015-09-14, 13.1000, 13.1700, 12.7500, 12.9600, 15263
2015-09-15, 12.9700, 13.5000, 12.8700, 13.2900, 15793
2015-09-16, 12.9500, 13.3990, 12.5180, 13.3000, 11677
2015-09-17, 12.9300, 13.4600, 12.9300, 13.0201, 19966
2015-09-18, 12.8300, 13.2500, 12.6000, 13.2100, 30454
2015-09-21, 13.2500, 14.0000, 13.2500, 13.6200, 46074
2015-09-22, 13.4500, 14.2700, 13.0000, 14.0800, 24387
2015-09-23, 14.0100, 14.8500, 14.0100, 14.7600, 66340
2015-09-24, 14.8100, 15.2500, 14.6900, 15.1500, 13249
2015-09-25, 15.2500, 15.2500, 14.3100, 15.0000, 79534
2015-09-28, 15.1000, 15.1000, 13.3200, 14.4600, 37133
2015-09-29, 13.9300, 14.2510, 13.2000, 14.0000, 32192
2015-09-30, 14.0800, 14.7040, 13.1617, 14.0000, 25822
2015-10-01, 13.5900, 14.6600, 13.4100, 13.9900, 11686
2015-10-02, 13.7600, 14.3800, 13.2350, 14.0700, 16380
2015-10-05, 14.2400, 14.2400, 12.9800, 13.1300, 23088
2015-10-06, 13.2800, 13.9400, 12.6900, 13.0500, 36789
2015-10-07, 13.0900, 13.6500, 12.2300, 13.0100, 39756
2015-10-08, 13.0000, 13.2400, 12.6500, 13.0100, 17724
2015-10-09, 13.1300, 13.9500, 12.1500, 13.0101, 16037
2015-10-12, 12.9300, 13.4000, 12.5400, 12.5400, 10072
2015-10-13, 12.5600, 13.4400, 12.1401, 12.1401, 30085
2015-10-14, 12.7300, 14.1800, 12.7300, 13.5100, 74433
2015-10-15, 14.0000, 14.5499, 13.6300, 13.6300, 63229
2015-10-16, 13.2700, 14.4799, 13.2500, 13.4800, 14433
2015-10-19, 14.1799, 14.1799, 13.7000, 13.8300, 15349
2015-10-20, 13.8000, 14.1500, 13.2600, 13.2600, 26519
2015-10-21, 13.2850, 13.2850, 12.7300, 12.8400, 20344
2015-10-22, 12.7600, 13.1700, 12.2900, 12.5600, 38435
2015-10-23, 12.5200, 12.6600, 11.3600, 11.4500, 89196
2015-10-26, 11.2400, 11.8200, 10.8000, 11.3000, 59841
2015-10-27, 11.2000, 11.7200, 10.8100, 10.9500, 32901
2015-10-28, 11.0500, 12.4800, 10.1200, 12.4800, 48258
2015-10-29, 12.3000, 12.5000, 11.0200, 11.2700, 114989
2015-10-30, 11.3900, 11.9900, 11.0000, 11.8200, 36690
2015-11-02, 11.8600, 12.4292, 11.2500, 11.5800, 28646
2015-11-03, 11.5300, 11.8300, 11.2600, 11.5500, 20426
2015-11-04, 11.6500, 13.1000, 11.6500, 12.6000, 58991
2015-11-05, 12.6300, 13.0500, 12.0301, 12.3600, 27187
2015-11-06, 12.3700, 12.6900, 11.9200, 12.3500, 26342
2015-11-09, 12.1800, 12.7400, 11.7600, 12.2600, 31022
2015-11-10, 12.1500, 12.5900, 11.5200, 11.9200, 26403
2015-11-11, 12.3200, 12.3200, 11.7300, 12.2050, 26391
2015-11-12, 11.9400, 12.2000, 11.6700, 11.7800, 36063
2015-11-13, 11.6700, 12.2100, 11.4900, 12.1100, 25807
2015-11-16, 11.0200, 11.6900, 10.7700, 11.1600, 35878
2015-11-17, 11.8000, 12.4500, 11.0200, 12.3600, 32032
2015-11-18, 12.3300, 12.3500, 11.9400, 11.9400, 13569
2015-11-19, 11.8000, 12.2400, 11.4900, 12.1000, 20147
2015-11-20, 12.1600, 12.2900, 11.5400, 11.9600, 28961
2015-11-23, 11.7900, 12.0120, 11.4400, 11.8700, 24144
2015-11-24, 11.7600, 12.0800, 11.6900, 11.7700, 19807
2015-11-25, 11.9400, 12.1300, 11.7500, 12.0000, 28685
2015-11-27, 12.0000, 12.0000, 11.7800, 11.9200, 11211
2015-11-30, 11.9200, 12.0000, 11.8300, 11.9800, 21160
2015-12-01, 11.9800, 12.0000, 11.5900, 12.0000, 14575
2015-12-02, 11.8800, 12.0000, 11.6800, 11.9500, 20537
2015-12-03, 11.9300, 12.0600, 11.5201, 12.0000, 46986
2015-12-04, 11.8800, 12.2100, 11.6600, 11.9500, 15483
2015-12-07, 11.7600, 11.8400, 11.5100, 11.5300, 16180
2015-12-08, 11.5300, 11.7199, 11.5100, 11.6700, 8562
2015-12-09, 11.5200, 11.6900, 11.0800, 11.2500, 27613
2015-12-10, 11.1300, 11.5000, 11.0000, 11.2900, 19088
2015-12-11, 11.4400, 11.4400, 10.7500, 10.8900, 36734
2015-12-14, 12.2499, 12.2499, 10.7600, 10.9100, 22452
2015-12-15, 11.0101, 11.3610, 11.0100, 11.0200, 8080
2015-12-16, 11.1000, 11.1000, 10.3400, 10.5700, 30725
2015-12-17, 10.8500, 11.0000, 10.5800, 10.9500, 9963
2015-12-18, 10.7700, 11.1500, 10.7700, 11.1000, 13397
2015-12-21, 11.1500, 11.1500, 10.6600, 10.8500, 30243
2015-12-22, 10.7000, 11.1400, 10.5100, 11.0300, 9555
2015-12-23, 11.0800, 11.5000, 10.7100, 11.2600, 12084
2015-12-24, 11.6000, 11.6000, 11.0500, 11.3100, 8721
2015-12-28, 11.2400, 11.6500, 11.0500, 11.0700, 9742
2015-12-29, 11.0900, 11.5300, 10.5100, 10.8500, 37906
2015-12-30, 10.6600, 11.0699, 10.5000, 10.9400, 24171
2015-12-31, 10.9600, 11.4500, 10.6000, 11.2000, 18996
2016-01-04, 11.1200, 12.2300, 9.7400, 10.0400, 50440
2016-01-05, 10.0500, 10.3500, 9.4500, 9.6800, 29498
2016-01-06, 9.8000, 10.1000, 9.1601, 9.4300, 42247
2016-01-07, 9.4900, 9.8000, 8.6701, 8.9800, 98867
2016-01-08, 9.1800, 9.7500, 9.0700, 9.1000, 39283
2016-01-11, 9.4900, 9.7300, 9.0890, 9.4900, 21667
2016-01-12, 9.6200, 9.9800, 9.1700, 9.2450, 11964
2016-01-13, 9.6000, 9.6000, 7.9900, 8.6400, 62857
2016-01-14, 8.7400, 9.6460, 8.5100, 8.7100, 37993
2016-01-15, 8.9825, 8.9825, 8.5100, 8.7500, 16501
2016-01-19, 8.8800, 8.9900, 8.4200, 8.9100, 18846
2016-01-20, 8.7800, 9.8800, 8.2500, 9.5900, 18498
2016-01-21, 9.2950, 10.8800, 9.2200, 9.9600, 12510
2016-01-22, 10.1800, 10.1800, 8.8700, 9.2800, 26355
2016-01-25, 9.3000, 9.7400, 8.7900, 8.7900, 21284
2016-01-26, 8.9100, 9.0550, 8.3800, 8.8100, 40272
2016-01-27, 8.8500, 8.8500, 7.8900, 8.2600, 40975
2016-01-28, 8.3200, 8.8800, 8.0600, 8.2500, 101936
2016-01-29, 8.4458, 8.7804, 7.8400, 8.0900, 39539
2016-02-01, 8.0300, 8.2600, 7.5800, 7.5900, 25626
2016-02-02, 7.6000, 7.9100, 7.4400, 7.4400, 27975
2016-02-03, 7.6200, 7.8700, 7.1700, 7.8700, 12928
2016-02-04, 7.9000, 8.2000, 6.6300, 7.0000, 81711
2016-02-05, 7.0000, 7.9100, 7.0000, 7.3200, 16205
2016-02-08, 7.3300, 7.4150, 6.8000, 6.8000, 9978
2016-02-09, 7.4700, 7.8000, 6.7000, 7.0900, 18881
2016-02-10, 7.1800, 8.0000, 7.1150, 7.7800, 11914
2016-02-11, 7.8600, 7.9000, 6.9900, 7.7300, 145479
2016-02-12, 7.7600, 7.8600, 7.1500, 7.6000, 11195
2016-02-16, 7.5100, 7.8200, 6.6300, 6.8300, 38093
2016-02-17, 6.9200, 6.9600, 6.0400, 6.1500, 45036
2016-02-18, 6.3000, 7.0000, 6.1500, 7.0000, 16333
2016-02-19, 7.0000, 7.6399, 6.9500, 7.0000, 32172
2016-02-22, 7.9000, 7.9000, 7.1500, 7.1500, 145917
2016-02-23, 7.1500, 7.9000, 7.0500, 7.8600, 26527
2016-02-24, 7.7800, 7.7800, 7.0500, 7.6600, 23033
2016-02-25, 7.7100, 7.8000, 7.0880, 7.5100, 19888
2016-02-26, 7.4900, 7.5800, 7.1600, 7.5100, 16488
2016-02-29, 7.4200, 7.5400, 7.2100, 7.5000, 14754
2016-03-01, 7.2500, 7.3399, 7.1200, 7.2600, 27018
2016-03-02, 7.2200, 7.4000, 7.0900, 7.3700, 9419
2016-03-03, 7.3800, 7.3800, 7.1500, 7.2500, 11104
2016-03-04, 7.0500, 7.3050, 6.9900, 7.2500, 48039
2016-03-07, 7.3099, 7.8600, 6.8100, 7.2100, 73983
2016-03-08, 7.2100, 7.6500, 6.7400, 7.1700, 37345
2016-03-09, 7.2100, 7.6000, 7.1550, 7.6000, 6805
2016-03-10, 7.5500, 7.8300, 7.2700, 7.7100, 10256
2016-03-11, 7.6200, 7.9000, 7.4501, 7.8700, 12958
2016-03-14, 7.7800, 7.7800, 7.4100, 7.4100, 9686
2016-03-15, 7.6900, 7.7215, 7.1800, 7.5700, 7983
2016-03-16, 7.3900, 7.8500, 7.2500, 7.5900, 14454
2016-03-17, 7.6400, 7.6400, 7.1500, 7.2600, 1540
2016-03-18, 7.5400, 7.5400, 6.9900, 7.1500, 10124
2016-03-21, 7.0000, 7.8100, 6.7550, 7.0000, 52597
2016-03-22, 7.0700, 7.2000, 6.9400, 7.0800, 60101
2016-03-23, 7.4800, 7.5500, 6.7700, 6.8400, 46063
2016-03-24, 6.8500, 7.8490, 6.8500, 7.7400, 31402
2016-03-28, 7.6000, 7.8900, 7.1800, 7.1900, 20321
2016-03-29, 7.2600, 8.7800, 7.2600, 8.5200, 41833
2016-03-30, 8.5200, 9.4600, 8.5200, 8.7700, 30720
2016-03-31, 8.7900, 10.0000, 8.7900, 9.5100, 42974
2016-04-01, 9.5600, 9.9800, 9.2701, 9.3000, 24072
2016-04-04, 9.5000, 9.5000, 8.5400, 9.5000, 27394
2016-04-05, 9.5000, 9.9300, 9.2600, 9.6900, 13655
2016-04-06, 9.6500, 9.9600, 9.3400, 9.8000, 165044
2016-04-07, 9.7300, 9.8299, 9.3401, 9.4500, 21149
2016-04-08, 9.5100, 9.8400, 9.3050, 9.4500, 16326
2016-04-11, 9.5700, 9.6100, 9.0020, 9.1800, 18437
2016-04-12, 9.2100, 9.4490, 9.0800, 9.2600, 8929
2016-04-13, 9.3300, 9.5000, 9.1001, 9.5000, 27246
2016-04-14, 9.4200, 9.5899, 9.0500, 9.0500, 22286
2016-04-15, 9.0600, 9.6500, 9.0600, 9.1900, 26331
2016-04-18, 9.2650, 9.8999, 9.2001, 9.7300, 34791
2016-04-19, 9.7700, 9.9000, 8.5800, 9.7600, 13164
2016-04-20, 9.8000, 9.8500, 9.5800, 9.5800, 12207
2016-04-21, 9.7000, 9.9600, 9.7000, 9.8900, 43832
2016-04-22, 9.8600, 10.2882, 9.7500, 10.1000, 26507
2016-04-25, 10.0200, 11.6000, 10.0200, 11.4600, 28618
2016-04-26, 11.4400, 11.4400, 10.5500, 10.6700, 30696
2016-04-27, 10.7900, 11.9300, 10.5000, 11.5800, 34072
2016-04-28, 11.9200, 12.8200, 11.6999, 12.4500, 108234
2016-04-29, 12.3500, 13.2000, 12.2800, 12.9800, 56164
2016-05-02, 13.1300, 13.1300, 12.3000, 12.3000, 45797
2016-05-03, 12.3100, 12.7800, 10.7901, 12.5300, 23889
2016-05-04, 12.3700, 12.5500, 11.2000, 11.2900, 38942
2016-05-05, 11.2600, 12.1500, 10.9000, 11.9550, 27033
2016-05-06, 11.9500, 12.3199, 11.3000, 11.4000, 25937
2016-05-09, 11.5500, 11.9400, 11.1000, 11.7600, 22048
2016-05-10, 11.8300, 12.0799, 11.2500, 11.2500, 27427
2016-05-11, 11.3600, 12.0599, 11.0100, 11.6100, 26740
2016-05-12, 11.5500, 11.7599, 11.0000, 11.5600, 45880
2016-05-13, 11.6000, 12.4500, 11.0000, 11.3900, 32425
2016-05-16, 11.3700, 11.8600, 11.1500, 11.6600, 27124
2016-05-17, 11.8400, 12.0300, 11.5800, 11.6000, 110372
2016-05-18, 11.6600, 12.3000, 11.1200, 11.9000, 31801
2016-05-19, 11.9500, 12.0000, 11.8000, 11.8000, 34382
2016-05-20, 11.5000, 11.8000, 11.1400, 11.4500, 33737
2016-05-23, 11.4800, 11.5600, 11.2300, 11.5000, 52173
2016-05-24, 11.6000, 11.7600, 11.4000, 11.7600, 16571
2016-05-25, 11.5600, 11.5600, 11.3601, 11.5000, 63920
2016-05-26, 11.4200, 11.6500, 11.3700, 11.3700, 14813
2016-05-27, 11.3501, 11.7500, 11.1900, 11.3000, 37341
2016-05-31, 11.2500, 11.3800, 10.9800, 11.0500, 25364
2016-06-01, 10.9800, 11.4299, 10.9800, 11.1500, 14914
2016-06-02, 11.2000, 11.7600, 11.0500, 11.3700, 47095
2016-06-03, 11.4800, 11.9999, 11.1600, 11.2000, 50959
2016-06-06, 11.0500, 11.9000, 11.0500, 11.4200, 41526
2016-06-07, 11.2200, 11.5900, 11.0600, 11.3000, 10149
2016-06-08, 11.3900, 11.5400, 11.3000, 11.3100, 11633
2016-06-09, 11.2700, 11.5700, 11.2700, 11.4200, 3035
2016-06-10, 11.3500, 11.6900, 11.0500, 11.0500, 11492
2016-06-13, 11.0878, 11.2800, 11.0300, 11.0700, 32597
2016-06-14, 11.0000, 11.1900, 11.0000, 11.1400, 25615
2016-06-15, 11.2000, 11.2000, 10.9800, 10.9900, 46476
2016-06-16, 11.1550, 11.1550, 10.8700, 10.9700, 38556
2016-06-17, 10.8100, 11.1200, 10.8000, 11.1200, 16669
2016-06-20, 11.1400, 11.1400, 10.8500, 10.9500, 48801
2016-06-21, 10.9900, 11.0000, 10.7100, 10.7100, 21957
2016-06-22, 10.6900, 10.7000, 10.0000, 10.3200, 81763
2016-06-23, 10.2900, 11.0000, 10.0501, 10.1600, 23915
2016-06-24, 9.9500, 10.5800, 9.9500, 10.3300, 7496
2016-06-27, 10.1000, 10.1000, 9.6800, 9.9500, 28118
2016-06-28, 10.0000, 10.8899, 9.6500, 10.0000, 40625
2016-06-29, 10.0350, 10.0350, 9.6500, 10.0000, 36365
2016-06-30, 10.5399, 10.5399, 9.7000, 9.9100, 22530
2016-07-01, 9.8500, 10.1600, 9.6500, 9.8900, 23034
2016-07-05, 9.8600, 10.5300, 9.6200, 9.8100, 16946
2016-07-06, 10.0100, 10.0900, 9.6200, 9.6500, 25663
2016-07-07, 9.6700, 10.3300, 9.5000, 9.8300, 30263
2016-07-08, 9.8500, 10.3099, 9.8200, 10.0800, 32445
2016-07-11, 10.1500, 10.3800, 9.9001, 10.0000, 24611
2016-07-12, 9.8200, 10.5400, 9.6800, 10.3100, 66350
2016-07-13, 10.3500, 10.5399, 10.0300, 10.1000, 17709
2016-07-14, 10.0800, 10.8300, 10.0800, 10.5300, 34275
2016-07-15, 10.2500, 10.6400, 9.8400, 10.3150, 22108
2016-07-18, 10.4000, 10.5100, 10.0600, 10.5100, 14770
2016-07-19, 10.6100, 10.6500, 10.2500, 10.2500, 26188
2016-07-20, 10.3400, 10.5499, 10.2401, 10.4100, 26515
2016-07-21, 10.3500, 10.6420, 10.2600, 10.4700, 26778
2016-07-22, 10.5000, 10.5000, 10.3000, 10.3200, 6550
2016-07-25, 10.3900, 10.4699, 10.1010, 10.2550, 15808
2016-07-26, 10.1500, 10.4900, 10.1300, 10.3100, 14022
2016-07-27, 10.3400, 10.8000, 10.2101, 10.5600, 16658
2016-07-28, 10.6100, 10.6499, 10.3700, 10.4800, 31345
2016-07-29, 10.4800, 10.7500, 10.2600, 10.4400, 10380
2016-08-01, 10.4100, 10.6700, 10.3650, 10.6000, 29578
2016-08-02, 10.6000, 10.8100, 10.4410, 10.8100, 13943
2016-08-03, 10.7500, 11.3500, 10.7300, 11.0000, 14573
2016-08-04, 11.0100, 11.3599, 10.9100, 11.3400, 17983
2016-08-05, 11.0700, 11.4900, 11.0210, 11.4800, 13593
2016-08-08, 11.7600, 11.7900, 11.1200, 11.6500, 37079
2016-08-09, 11.6200, 11.7499, 11.0750, 11.3200, 22037
2016-08-10, 11.3700, 11.5999, 11.1100, 11.4500, 24862
2016-08-11, 11.4800, 11.6600, 11.3000, 11.4201, 8448
2016-08-12, 11.4999, 12.2000, 11.4999, 12.2000, 45997
2016-08-15, 12.2700, 13.0999, 12.2700, 13.0400, 60419
2016-08-16, 12.6600, 12.8300, 12.1200, 12.4400, 48287
2016-08-17, 12.5300, 12.7599, 11.7700, 12.1500, 14681
2016-08-18, 11.9500, 12.5200, 11.9500, 12.4100, 8454
2016-08-19, 12.4200, 12.9790, 12.3500, 12.6000, 21661
2016-08-22, 12.7400, 12.9000, 11.0600, 11.7100, 60537
2016-08-23, 11.9600, 11.9600, 11.1701, 11.2300, 54670
2016-08-24, 11.4100, 12.3645, 11.4100, 11.9500, 18001
2016-08-25, 12.0200, 12.0500, 11.4400, 11.4800, 9280
2016-08-26, 11.5200, 12.2000, 11.4500, 12.0500, 13557
2016-08-29, 11.8900, 12.2000, 11.6500, 11.9000, 16425
2016-08-30, 11.4201, 12.0000, 11.4201, 11.7100, 18153
2016-08-31, 11.7500, 13.3700, 11.7123, 12.7000, 126396
2016-09-01, 12.6069, 13.2150, 12.2000, 12.7900, 101967
2016-09-02, 13.0000, 13.3500, 12.8950, 13.2100, 23168
2016-09-06, 13.1900, 13.2000, 12.8000, 12.9700, 18544
2016-09-07, 13.2000, 14.3400, 13.2000, 14.1800, 62991
2016-09-08, 14.1300, 14.6400, 13.9700, 14.0700, 43711
2016-09-09, 14.0900, 14.7300, 13.5050, 13.7000, 29803
2016-09-12, 13.5400, 14.1400, 13.5400, 13.9300, 14497
2016-09-13, 14.1800, 14.2900, 13.5757, 14.0700, 26712
2016-09-14, 14.1000, 14.4999, 14.1000, 14.4900, 19372
2016-09-15, 14.5000, 14.9800, 13.9700, 14.5000, 41937
2016-09-16, 14.2100, 14.8700, 14.0000, 14.7100, 75103
2016-09-19, 14.6100, 14.9890, 14.2500, 14.7000, 54532
2016-09-20, 14.6000, 15.9899, 14.6000, 15.5600, 56717
2016-09-21, 15.8800, 16.3199, 14.8300, 15.1000, 60516
2016-09-22, 15.0000, 15.6400, 14.7900, 15.5000, 85679
2016-09-23, 15.5000, 15.9989, 15.3100, 15.5300, 32523
2016-09-26, 15.6300, 15.8500, 15.0000, 15.2100, 68471
2016-09-27, 15.2600, 17.5700, 15.0150, 16.5000, 113635
2016-09-28, 16.8000, 17.7508, 15.0000, 15.1900, 179695
2016-09-29, 15.2900, 15.9310, 13.5000, 14.5700, 137140
2016-09-30, 14.4600, 15.1550, 13.7790, 14.5000, 55366
2016-10-03, 14.3600, 14.7899, 13.7750, 13.8100, 54127
2016-10-04, 14.4400, 14.9700, 13.6100, 13.7400, 54997
2016-10-05, 13.7000, 14.7699, 13.6000, 14.5700, 63141
2016-10-06, 14.7300, 14.9000, 14.3700, 14.5300, 140148
2016-10-07, 14.9990, 14.9990, 14.3872, 14.9400, 124094
2016-10-10, 15.0000, 15.8350, 14.6824, 15.7600, 115856
2016-10-11, 15.8400, 15.8400, 14.3300, 14.5800, 152344
2016-10-12, 14.7000, 14.8500, 14.3600, 14.8000, 143717
2016-10-13, 14.8000, 14.9000, 12.0100, 12.7000, 428536
2016-10-14, 12.7000, 12.8600, 12.2501, 12.6600, 166483
2016-10-17, 12.6500, 12.7000, 11.6000, 12.5000, 95200
2016-10-18, 12.5000, 12.7500, 11.7500, 12.0500, 75100
2016-10-19, 12.0000, 12.8961, 10.5000, 11.2000, 134205
2016-10-20, 10.6000, 11.9500, 9.9094, 11.8000, 147951
2016-10-21, 12.0000, 12.5000, 11.7000, 12.3000, 71139
2016-10-24, 13.1500, 13.1500, 11.7000, 12.7500, 65360
2016-10-25, 1.9500, 3.4000, 1.9000, 2.8000, 21977796
2016-10-26, 2.9500, 3.2500, 2.3000, 2.3500, 7469470
2016-10-27, 2.2500, 2.3500, 1.9000, 1.9500, 2739456
2016-10-28, 1.9000, 1.9500, 1.7500, 1.7500, 1333310
2016-10-31, 1.7500, 1.8000, 1.5000, 1.6500, 1504552
2016-11-01, 1.6500, 2.0000, 1.6000, 1.6500, 1779221
2016-11-02, 1.7000, 1.8500, 1.5500, 1.6750, 885933
2016-11-03, 1.6500, 1.7000, 1.5000, 1.5000, 482467
2016-11-04, 1.5500, 1.7500, 1.5000, 1.7500, 556586
2016-11-07, 1.7500, 1.8001, 1.6500, 1.7000, 290978
2016-11-08, 1.6500, 1.6500, 1.5500, 1.6000, 342043
2016-11-09, 1.6000, 1.6000, 1.5000, 1.5500, 389150
2016-11-10, 1.5000, 1.5500, 1.1500, 1.3500, 1109569
2016-11-11, 1.4000, 1.4000, 1.1500, 1.3500, 470954
2016-11-14, 1.4000, 1.4500, 1.3500, 1.4500, 512148
2016-11-15, 1.4000, 1.6000, 1.4000, 1.5500, 366229
2016-11-16, 1.5500, 1.5500, 1.3500, 1.4000, 421221
2016-11-17, 1.4000, 1.6500, 1.3500, 1.6500, 618099
2016-11-18, 1.7000, 2.0500, 1.5000, 1.7500, 64102
2016-11-21, 1.8000, 2.0000, 1.6000, 1.6500, 606057
2016-11-22, 1.6500, 1.6500, 1.5000, 1.5000, 300583
2016-11-23, 1.5000, 1.6000, 1.3500, 1.6000, 215958
2016-11-25, 1.5500, 1.5920, 1.5000, 1.5500, 81587
2016-11-28, 1.5000, 1.5500, 1.4500, 1.4500, 135993
2016-11-29, 1.4500, 1.5000, 1.3500, 1.4500, 176715
2016-11-30, 1.4500, 1.5000, 1.4000, 1.4000, 57900
2016-12-01, 1.4000, 1.4500, 1.3500, 1.3500, 207546
2016-12-02, 1.3500, 1.4500, 1.3500, 1.4000, 103989
2016-12-05, 1.4500, 1.5500, 1.4000, 1.5000, 143201
2016-12-06, 1.5000, 1.5000, 1.4000, 1.4500, 106397
2016-12-07, 1.4500, 1.5000, 1.4000, 1.4500, 87138
2016-12-08, 1.4000, 1.4500, 1.4000, 1.4000, 18072
2016-12-09, 1.4000, 1.4500, 1.4000, 1.4500, 3547
2016-12-12, 1.4500, 1.4500, 1.2500, 1.2500, 381556
2016-12-13, 1.2500, 1.4500, 1.2500, 1.3500, 468016
2016-12-14, 1.2500, 1.3500, 1.2500, 1.2500, 131306
2016-12-15, 1.2500, 1.3000, 1.2500, 1.2500, 158779
2016-12-16, 1.3500, 1.4000, 1.2500, 1.3500, 109514
2016-12-19, 1.4000, 1.6000, 1.3500, 1.5500, 336531
2016-12-20, 1.6000, 1.7000, 1.5500, 1.5500, 228465
2016-12-21, 1.6000, 1.7000, 1.6000, 1.6000, 210283
2016-12-22, 1.6500, 1.6675, 1.5000, 1.6000, 349921
2016-12-23, 2.6500, 2.7500, 2.0000, 2.0000, 7379962
2016-12-27, 2.2000, 2.2000, 1.7000, 1.9500, 1089327
2016-12-28, 1.9000, 1.9873, 1.6500, 1.6500, 543549
2016-12-29, 1.7500, 1.7527, 1.6000, 1.6500, 276811
2016-12-30, 1.6500, 1.6500, 1.5500, 1.6000, 260177
2017-01-03, 1.7500, 1.7500, 1.5500, 1.6000, 159967
2017-01-04, 1.6500, 1.6500, 1.5000, 1.5000, 126669
2017-01-05, 1.5000, 1.5999, 1.4000, 1.5000, 279083
2017-01-06, 1.4500, 1.4750, 1.4250, 1.4500, 6881
2017-01-09, 1.4500, 1.4500, 1.4250, 1.4500, 4879
2017-01-10, 1.4000, 1.5000, 1.4000, 1.5000, 10560
2017-01-11, 1.5000, 1.5500, 1.5000, 1.5000, 91440
2017-01-12, 1.5500, 1.6500, 1.5014, 1.6000, 143890
2017-01-13, 1.6000, 1.6000, 1.5000, 1.6000, 103240
2017-01-17, 1.5500, 1.6000, 1.5500, 1.5500, 55641
2017-01-18, 1.5050, 1.5500, 1.5000, 1.5500, 46572
2017-01-19, 1.5500, 1.5500, 1.4500, 1.5000, 98750
2017-01-20, 1.5500, 1.6000, 1.5500, 1.6000, 97446
2017-01-23, 1.5500, 1.6000, 1.5000, 1.5500, 41599
2017-01-24, 1.5000, 1.5250, 1.5000, 1.5250, 1320
2017-01-25, 1.5000, 1.5500, 1.5000, 1.5000, 63586
2017-01-26, 1.5500, 1.5500, 1.5000, 1.5000, 29991
2017-01-27, 1.5500, 1.5500, 1.4500, 1.5000, 47738
2017-01-30, 1.5000, 1.5500, 1.3500, 1.4500, 157510
2017-01-31, 1.4000, 1.5000, 1.4000, 1.4500, 39204
2017-02-01, 1.4500, 1.4500, 1.3000, 1.3500, 217080
2017-02-02, 1.3000, 1.4000, 1.2500, 1.3000, 129033
2017-02-03, 1.3000, 1.4000, 1.3000, 1.3500, 63599
2017-02-06, 1.4000, 1.4000, 1.3500, 1.3500, 46972
2017-02-07, 1.3500, 1.4000, 1.3500, 1.3500, 54024
2017-02-08, 1.3500, 1.4000, 1.3500, 1.3750, 33360
2017-02-09, 1.3500, 1.4000, 1.3500, 1.3500, 23339
2017-02-10, 1.3500, 1.4000, 1.3000, 1.3500, 51270
2017-02-13, 1.3500, 1.3700, 1.0500, 1.2000, 612508
2017-02-14, 1.2000, 1.2500, 1.1500, 1.2500, 196603
2017-02-15, 1.2500, 1.2500, 1.2000, 1.2500, 67191
2017-02-16, 1.2500, 1.2500, 1.2000, 1.2000, 605
2017-02-17, 1.2000, 1.2500, 1.2000, 1.2500, 322
2017-02-21, 1.2500, 1.2500, 1.2000, 1.2000, 509
2017-02-22, 1.2000, 1.2500, 1.2000, 1.2500, 391
2017-02-23, 1.2000, 1.2500, 1.2000, 1.2500, 824
2017-02-24, 1.2000, 1.2000, 1.1500, 1.2000, 44255
2017-02-27, 1.1500, 1.2000, 1.1500, 1.2000, 39414
2017-02-28, 1.1500, 1.1500, 1.1000, 1.1000, 107372
2017-03-01, 1.1000, 1.1500, 1.1000, 1.1000, 41591
2017-03-02, 1.1000, 1.2000, 1.1000, 1.2000, 87733
2017-03-03, 1.2000, 1.2500, 1.1500, 1.1500, 115143
2017-03-06, 1.1500, 1.6000, 1.1500, 1.3500, 12102
2017-03-07, 1.4500, 1.4500, 1.2500, 1.3000, 353502
2017-03-08, 1.2500, 1.3500, 1.2000, 1.2000, 167227
2017-03-09, 1.2030, 1.3500, 1.2000, 1.3500, 214010
2017-03-10, 1.3500, 1.4000, 1.3000, 1.3500, 109390
2017-03-13, 1.3500, 1.4000, 1.3000, 1.4000, 487
2017-03-14, 1.4000, 1.4000, 1.3000, 1.3500, 443
2017-03-15, 1.3500, 1.3500, 1.3000, 1.3000, 40215
2017-03-16, 1.3000, 1.3500, 1.3000, 1.3500, 57409
2017-03-17, 1.3000, 1.3500, 1.3000, 1.3000, 30002
2017-03-20, 1.3500, 1.3500, 1.3000, 1.3000, 47181
2017-03-21, 1.3000, 1.3500, 1.2500, 1.3000, 76207
2017-03-22, 1.3000, 1.3500, 1.3000, 1.3000, 769
2017-03-23, 1.3500, 1.3500, 1.2500, 1.3000, 195
2017-03-24, 1.3500, 1.3500, 1.3000, 1.3000, 25892
2017-03-27, 1.3000, 1.3500, 1.2500, 1.3500, 35369
2017-03-28, 1.3500, 1.4000, 1.3010, 1.3500, 39241
2017-03-29, 1.3500, 1.4000, 1.2250, 1.3000, 115116
2017-03-30, 1.3000, 1.3500, 1.2500, 1.3000, 22881
2017-03-31, 1.2960, 1.3500, 1.2500, 1.3000, 26867
2017-04-03, 1.3500, 1.3500, 1.3000, 1.3500, 23669
2017-04-04, 1.3500, 1.3500, 1.2500, 1.2500, 438
2017-04-05, 1.2500, 1.3500, 1.2500, 1.3500, 757
2017-04-06, 1.3500, 1.3500, 1.3000, 1.3000, 38187
2017-04-07, 1.3000, 1.4000, 1.3000, 1.4000, 163663
2017-04-10, 1.4000, 1.4000, 1.2500, 1.2500, 170881
2017-04-11, 1.3000, 1.3500, 1.3000, 1.3000, 29165
2017-04-12, 1.2500, 1.3500, 1.2500, 1.3000, 17074
2017-04-13, 1.3000, 1.3500, 1.2500, 1.3500, 29527
2017-04-17, 1.3500, 1.3500, 1.2900, 1.3000, 38674
2017-04-18, 1.3500, 1.3500, 1.2500, 1.3000, 36334
2017-04-19, 1.3000, 1.3500, 1.2500, 1.3380, 144261
2017-04-20, 9.1000, 9.5000, 8.2500, 8.7000, 18323
2017-04-21, 8.5500, 9.9500, 8.2500, 8.2500, 9176
2017-04-24, 8.1000, 8.2000, 6.6000, 7.6000, 7793
2017-04-25, 7.5000, 7.6930, 7.4000, 7.5500, 12359
2017-04-26, 7.5500, 8.1000, 7.5500, 8.1000, 5334
2017-04-27, 8.1000, 8.2500, 7.9000, 8.2500, 2755
2017-04-28, 8.2000, 8.2500, 8.1000, 8.2500, 2348
2017-05-01, 8.2000, 8.2500, 7.7000, 8.0000, 12639
2017-05-02, 7.8500, 7.8500, 7.3570, 7.4000, 9098
2017-05-03, 7.5000, 7.7000, 7.4000, 7.4500, 7962
2017-05-04, 7.5000, 7.5000, 6.9500, 6.9500, 15737
2017-05-05, 6.8000, 7.0000, 6.5500, 6.7000, 13228
2017-05-08, 6.7700, 6.7700, 6.3500, 6.5500, 6844
2017-05-09, 6.3150, 6.5000, 5.8580, 6.2000, 8820
2017-05-10, 6.2000, 6.2000, 6.0000, 6.1000, 2726
2017-05-11, 6.0000, 6.0500, 5.8000, 6.0000, 14819
2017-05-12, 6.1000, 6.1650, 5.9500, 6.0000, 5427
2017-05-15, 5.9600, 6.0240, 5.7500, 5.9500, 7278
2017-05-16, 5.9500, 6.0000, 5.7500, 5.9500, 70
2017-05-17, 5.9500, 5.9500, 5.8000, 5.9500, 57
2017-05-18, 5.9500, 5.9500, 5.7500, 5.7500, 6267
2017-05-19, 5.7000, 5.8500, 5.6000, 5.7500, 2518
2017-05-22, 5.8000, 5.9000, 5.8000, 5.9000, 17907
2017-05-23, 5.9000, 5.9000, 5.7500, 5.8500, 4288
2017-05-24, 5.8000, 6.0000, 5.8000, 5.8000, 8597
2017-05-25, 5.8000, 5.8000, 5.7500, 5.8000, 304
2017-05-26, 5.8000, 5.8000, 5.7500, 5.8000, 15
2017-05-30, 5.7500, 5.8500, 5.7000, 5.8500, 173
2017-05-31, 5.7790, 5.9830, 5.7000, 5.8500, 1702
2017-06-01, 6.1500, 6.1500, 5.8000, 5.9000, 2752
2017-06-02, 5.9000, 5.9000, 5.8500, 5.9000, 1811
2017-06-05, 6.0110, 6.1500, 5.8500, 6.1500, 11190
2017-06-06, 6.0550, 6.3000, 6.0000, 6.3000, 3479
2017-06-07, 6.3500, 6.5000, 6.2820, 6.4250, 4236
2017-06-08, 6.4000, 7.0000, 6.3950, 6.9500, 6506
2017-06-09, 6.9500, 7.2000, 6.9500, 6.9500, 8081
2017-06-12, 6.7500, 6.9000, 6.4900, 6.9000, 28594
2017-06-13, 6.9000, 7.0000, 6.8000, 7.0000, 8942
2017-06-14, 6.8500, 6.9500, 6.2500, 6.7500, 16817
2017-06-15, 6.5500, 6.6000, 6.2910, 6.5500, 10586
2017-06-16, 6.4000, 6.4000, 5.9500, 5.9500, 48344
2017-06-19, 6.1500, 6.3500, 5.9960, 6.1000, 31865
2017-06-20, 6.2000, 6.7500, 6.2000, 6.4500, 20956
2017-06-21, 6.5000, 6.6000, 6.2000, 6.2000, 28377
2017-06-22, 6.3000, 6.4500, 6.2990, 6.3000, 9613
2017-06-23, 6.4000, 6.4000, 6.2000, 6.2000, 8918
2017-06-26, 6.2500, 6.3500, 6.2480, 6.3000, 4872
2017-06-27, 6.2990, 6.3500, 6.1000, 6.1500, 26960
2017-06-28, 6.2490, 6.4000, 6.2490, 6.4000, 18862
2017-06-29, 6.4500, 6.4500, 6.2500, 6.3500, 12331
2017-06-30, 6.2500, 6.3500, 6.1500, 6.1500, 17991
2017-07-03, 6.2500, 6.4000, 6.1620, 6.3500, 8203
2017-07-05, 6.4000, 6.4000, 6.3000, 6.3500, 17404
2017-07-06, 6.3454, 6.4000, 6.1000, 6.1000, 7442
2017-07-07, 6.2000, 6.2500, 6.1000, 6.2500, 18774
2017-07-10, 6.2500, 6.3000, 5.8000, 5.8500, 37737
2017-07-11, 5.9000, 6.0000, 5.8500, 5.9000, 12538
2017-07-12, 5.9500, 6.0000, 5.9000, 6.0000, 1781
2017-07-13, 5.8500, 6.0000, 5.8500, 6.0000, 8810
2017-07-14, 6.0000, 6.4000, 6.0000, 6.3000, 6549
2017-07-17, 6.2500, 6.2500, 6.1500, 6.2000, 22073
2017-07-18, 6.2000, 6.2500, 6.1500, 6.2500, 7572
2017-07-19, 6.3000, 6.3000, 5.8500, 5.8500, 27214
2017-07-20, 6.0000, 6.0000, 5.9500, 5.9500, 815
2017-07-21, 5.9500, 5.9500, 5.8560, 5.9500, 658
2017-07-24, 5.9000, 6.0500, 5.8610, 6.0500, 1879
2017-07-25, 6.0000, 6.0300, 5.9000, 5.9000, 1406
2017-07-26, 5.9500, 6.0170, 5.8000, 6.0000, 12737
2017-07-27, 5.9500, 5.9500, 5.8500, 5.8500, 17887
2017-07-28, 5.9000, 5.9000, 5.8500, 5.9000, 3146
2017-07-31, 5.9000, 6.2000, 5.8500, 6.2000, 31107
2017-08-01, 6.2500, 6.4500, 6.2500, 6.4500, 17562
2017-08-02, 6.5000, 7.3500, 6.4950, 6.9500, 33807
2017-08-03, 7.0000, 7.0000, 6.6500, 6.6500, 11605
2017-08-04, 6.6500, 6.7950, 6.5000, 6.7000, 27902
2017-08-07, 6.6000, 6.7000, 6.6000, 6.6000, 4025
2017-08-08, 6.6500, 6.8000, 6.5000, 6.7500, 19094
2017-08-09, 6.7000, 6.9000, 6.7000, 6.8500, 5310
2017-08-10, 6.5940, 6.8500, 6.5940, 6.7500, 22260
2017-08-11, 6.7500, 6.8500, 6.4000, 6.4000, 17938
2017-08-14, 6.4000, 6.4000, 6.3000, 6.4000, 12348
2017-08-15, 6.4000, 6.4000, 6.0000, 6.0750, 11076
2017-08-16, 6.2000, 6.7000, 6.0000, 6.6500, 45227
2017-08-17, 6.6000, 7.0500, 6.5000, 6.9000, 63567
2017-08-18, 6.8000, 6.9000, 6.7500, 6.9000, 6656
2017-08-21, 6.8250, 7.0000, 6.8000, 7.0000, 2883
2017-08-22, 7.0000, 7.0000, 6.8490, 7.0000, 4086
2017-08-23, 7.0000, 7.0000, 6.8000, 6.9000, 8587
2017-08-24, 6.9430, 6.9500, 6.8000, 6.9000, 6858
2017-08-25, 6.8500, 7.0000, 6.7500, 6.8000, 42150
2017-08-28, 6.6600, 6.8000, 6.5000, 6.5000, 7921
2017-08-29, 6.4637, 7.0000, 6.4500, 6.6000, 6721
2017-08-30, 6.5200, 6.7000, 6.4500, 6.7000, 9108
2017-08-31, 6.6500, 7.0000, 6.0000, 6.3000, 29393
2017-09-01, 6.5000, 6.5000, 6.2500, 6.3500, 5000
2017-09-05, 6.2500, 6.7000, 6.0500, 6.4000, 3365
2017-09-06, 6.4500, 6.6500, 6.2000, 6.6000, 7220
2017-09-07, 6.4000, 6.6500, 6.4000, 6.4500, 9943
2017-09-08, 6.4500, 6.6500, 6.1000, 6.4500, 23728
2017-09-11, 6.3000, 6.6680, 6.3000, 6.6000, 21803
2017-09-12, 6.5000, 6.6000, 6.4000, 6.6000, 12951
2017-09-13, 6.6970, 6.7000, 6.4500, 6.4500, 8860
2017-09-14, 6.5000, 6.6000, 6.0000, 6.3000, 40794
2017-09-15, 6.4000, 6.7500, 6.3500, 6.7500, 36846
2017-09-18, 6.8000, 6.8000, 6.5500, 6.5500, 11183
2017-09-19, 6.7000, 6.7000, 6.4000, 6.4000, 6623
2017-09-20, 6.5000, 6.5500, 6.3500, 6.3500, 5673
2017-09-21, 6.5990, 6.6000, 6.3250, 6.3500, 5801
2017-09-22, 6.5880, 6.6000, 6.3350, 6.3500, 6849
2017-09-25, 6.4880, 6.5000, 6.3000, 6.5000, 8261
2017-09-26, 6.4500, 6.4500, 6.4000, 6.4500, 5173
2017-09-27, 6.4500, 6.5460, 6.4500, 6.5000, 5832
2017-09-28, 6.5000, 6.5000, 6.4500, 6.5000, 2329
2017-09-29, 6.4990, 6.5000, 6.3500, 6.4310, 23107
2017-10-02, 6.4370, 6.5000, 6.4000, 6.5000, 7799
2017-10-03, 6.5000, 6.6850, 6.5000, 6.6850, 17270
2017-10-04, 6.5570, 6.6500, 6.3500, 6.4000, 19378
2017-10-05, 6.5000, 6.5000, 6.4000, 6.4380, 4156
2017-10-06, 6.5130, 6.5130, 6.3500, 6.3500, 2273
2017-10-09, 6.4000, 6.5500, 6.4000, 6.5500, 7199
2017-10-10, 6.5500, 6.5500, 6.4500, 6.5000, 6016
2017-10-11, 6.5500, 6.5500, 6.4500, 6.4500, 14339
2017-10-12, 6.5500, 6.6750, 6.4000, 6.5500, 30996
2017-10-13, 6.5750, 7.9490, 6.5750, 7.5000, 92440
2017-10-16, 7.8500, 8.9000, 7.3000, 8.7500, 110314
2017-10-17, 8.7500, 9.4100, 8.5000, 8.7500, 109005
2017-10-18, 8.6500, 8.7500, 8.5000, 8.6000, 18880
2017-10-19, 8.5500, 8.8000, 8.5000, 8.8000, 12505
2017-10-20, 8.7500, 9.4000, 8.6000, 8.7000, 39449
2017-10-23, 9.1000, 9.1000, 8.4660, 9.1000, 58212
2017-10-24, 9.1000, 9.1000, 8.7000, 8.7060, 6345
2017-10-25, 8.4500, 8.6000, 8.4500, 8.4500, 8782
2017-10-26, 8.5000, 8.5240, 8.4500, 8.5000, 5370
2017-10-27, 8.4000, 8.4000, 7.5000, 7.5000, 27225
2017-10-30, 7.7000, 7.7000, 6.9000, 7.0000, 13654
2017-10-31, 7.0500, 7.1000, 6.6000, 6.7500, 19445
2017-11-01, 6.7500, 6.9000, 6.6640, 6.8500, 1513
2017-11-02, 6.9500, 7.0000, 6.7000, 6.8000, 11092
2017-11-03, 6.8500, 6.8500, 6.5000, 6.5000, 10462
2017-11-06, 6.6500, 6.7000, 6.5000, 6.6000, 14091
2017-11-07, 6.7000, 6.7000, 6.5000, 6.5000, 3312
2017-11-08, 6.5500, 6.9000, 6.5500, 6.6000, 33738
2017-11-09, 6.6000, 6.8660, 6.5750, 6.7000, 9710
2017-11-10, 6.8490, 6.8490, 6.5500, 6.6490, 6233
2017-11-13, 6.6000, 6.6000, 6.5500, 6.5500, 12547
2017-11-14, 6.5500, 6.6000, 6.5000, 6.6000, 2266
2017-11-15, 6.5000, 6.6000, 6.2500, 6.3000, 14683
2017-11-16, 6.3503, 6.4500, 6.3500, 6.4500, 1916
2017-11-17, 6.4000, 6.8000, 6.4000, 6.7000, 4452
2017-11-20, 6.6630, 6.8430, 6.6630, 6.8430, 1169
2017-11-21, 6.8450, 6.8450, 6.7140, 6.7490, 1433
2017-11-22, 6.6500, 6.7500, 6.6500, 6.6500, 2545
2017-11-24, 6.6500, 6.6500, 6.6500, 6.6500, 289
2017-11-27, 6.7000, 6.7500, 6.6500, 6.7000, 5936
2017-11-28, 6.6500, 6.7500, 6.6500, 6.7500, 3
2017-11-29, 6.7000, 6.7000, 6.5500, 6.5500, 3780
2017-11-30, 6.6165, 6.6165, 6.3500, 6.5177, 14197
2017-12-01, 6.6000, 6.6000, 6.4082, 6.4499, 1461
2017-12-04, 6.5000, 6.6500, 6.5000, 6.6500, 8315
2017-12-05, 6.5500, 6.7499, 6.5500, 6.6500, 4333
2017-12-06, 6.3011, 7.0000, 6.1000, 6.9000, 36986
2017-12-07, 6.5500, 6.8359, 6.5000, 6.5500, 4527
2017-12-08, 6.5500, 6.9500, 6.2000, 6.9000, 11932
2017-12-11, 6.8000, 6.8000, 6.7000, 6.7500, 4251
2017-12-12, 6.7000, 6.7000, 6.3500, 6.3500, 5427
2017-12-13, 6.4100, 6.9500, 6.4000, 6.7875, 11601
2017-12-14, 6.7750, 6.9000, 6.7300, 6.9000, 3088
2017-12-15, 6.8747, 6.9000, 6.5500, 6.6500, 10236
2017-12-18, 6.5500, 6.7000, 6.3500, 6.4000, 8865
2017-12-19, 6.4250, 6.5500, 6.2500, 6.5000, 7937
2017-12-20, 6.4000, 6.6500, 6.4000, 6.5493, 9066
2017-12-21, 6.5399, 6.5600, 6.4050, 6.4750, 3906
2017-12-22, 6.6500, 6.6500, 6.3000, 6.3000, 12485
2017-12-26, 6.4000, 6.4500, 6.3000, 6.3000, 3191
2017-12-27, 6.5000, 6.6712, 6.5000, 6.6000, 8332
2017-12-28, 6.5510, 6.8501, 6.5510, 6.6500, 4750
2017-12-29, 6.7500, 7.0000, 6.7500, 6.8990, 10172
2018-01-02, 6.8000, 6.8500, 6.7500, 6.8500, 2963
2018-01-03, 6.7501, 7.0228, 6.7501, 7.0000, 2751
2018-01-04, 6.8500, 7.2000, 6.8500, 7.0000, 3542
2018-01-05, 6.9000, 7.1000, 6.9000, 7.0000, 2472
2018-01-08, 7.1000, 7.1565, 7.0000, 7.0000, 17640
2018-01-09, 6.8501, 6.9000, 6.6500, 6.6500, 3212
2018-01-10, 6.5998, 6.6500, 6.4000, 6.4500, 5072
2018-01-11, 6.5000, 6.7000, 6.3500, 6.6000, 31988
2018-01-12, 6.5000, 6.5001, 6.3462, 6.3500, 19612
2018-01-16, 6.3500, 6.6700, 6.3000, 6.3500, 10097
2018-01-17, 6.4001, 6.4450, 6.2500, 6.2500, 40771
2018-01-18, 6.3000, 6.3500, 5.9000, 6.1000, 11017
2018-01-19, 6.4000, 6.7500, 6.3000, 6.6000, 114870
2018-01-22, 6.7500, 6.9000, 6.6501, 6.9000, 41466
2018-01-23, 6.9000, 7.4500, 6.8788, 7.4343, 34557
2018-01-24, 7.6000, 7.6000, 7.4000, 7.4000, 16317
2018-01-25, 7.5500, 7.5670, 7.1500, 7.2000, 16105
2018-01-26, 7.2000, 7.2253, 7.1000, 7.2000, 5692
2018-01-29, 7.3500, 7.3990, 7.0500, 7.0500, 32388
2018-01-30, 7.0500, 7.0555, 6.4000, 6.5000, 14806
2018-01-31, 6.5500, 6.6000, 6.2500, 6.5000, 13065
2018-02-01, 6.4000, 6.5000, 6.3000, 6.5000, 5738
2018-02-02, 6.4500, 6.4500, 6.3000, 6.3500, 6750
2018-02-05, 6.3000, 6.4000, 6.3000, 6.4000, 516
2018-02-06, 6.3500, 6.4000, 6.0621, 6.4000, 36047
2018-02-07, 6.3500, 6.5999, 6.3500, 6.5500, 5241
2018-02-08, 6.5500, 6.5500, 6.4875, 6.4875, 873
2018-02-09, 6.4000, 6.4000, 6.2250, 6.2250, 5148
2018-02-12, 6.3000, 6.3042, 6.2000, 6.2500, 11103
2018-02-13, 6.3000, 6.3000, 6.2500, 6.2560, 7252
2018-02-14, 6.3500, 6.4000, 6.2000, 6.3999, 21386
2018-02-15, 6.4000, 6.5500, 6.4000, 6.4500, 4989
2018-02-16, 6.5000, 6.5250, 6.2500, 6.2500, 3538
2018-02-20, 6.3000, 6.6500, 6.3000, 6.6000, 9720
2018-02-21, 6.7500, 6.7500, 6.6000, 6.6150, 4712
2018-02-22, 6.7000, 6.8000, 6.6000, 6.6000, 3875
2018-02-23, 6.7000, 6.8000, 6.6900, 6.8000, 3000
2018-02-26, 6.6330, 6.7000, 6.6000, 6.6000, 1709
2018-02-27, 6.7000, 6.7370, 6.5500, 6.5500, 3574
2018-02-28, 6.4000, 6.4000, 6.4000, 6.4000, 293
2018-03-01, 6.6000, 6.9000, 6.2124, 6.6500, 5015
2018-03-02, 6.2930, 6.3500, 6.2828, 6.3500, 447
2018-03-05, 6.5000, 6.6000, 6.4500, 6.5500, 2477
2018-03-06, 6.5000, 6.5000, 6.5000, 6.5000, 519
2018-03-07, 6.5499, 6.6000, 6.5499, 6.5500, 1062
2018-03-08, 6.5909, 6.5909, 6.4000, 6.4000, 7783
2018-03-09, 6.5000, 6.5000, 6.3500, 6.4500, 11573
2018-03-12, 6.2500, 6.4223, 6.2500, 6.4000, 5546
2018-03-13, 6.5000, 6.6000, 6.3000, 6.3000, 7671
2018-03-14, 6.3150, 6.3250, 6.2623, 6.3000, 3055
2018-03-15, 6.3500, 6.3500, 6.2500, 6.2500, 1461
2018-03-16, 6.3365, 6.3500, 6.2010, 6.3500, 22760
2018-03-19, 6.2922, 6.2922, 6.1500, 6.2500, 6900
2018-03-20, 6.3000, 6.4339, 6.3000, 6.4339, 9736
2018-03-21, 6.5000, 6.6000, 6.2000, 6.2500, 26348
2018-03-22, 6.2698, 6.3000, 6.2000, 6.2000, 18521
2018-03-23, 6.2000, 6.2000, 5.0000, 5.1500, 104008
2018-03-26, 5.5500, 5.5500, 3.8215, 3.8250, 71725
2018-03-27, 3.7500, 3.9000, 3.2000, 3.2000, 47977
2018-03-28, 3.2000, 3.3527, 3.2000, 3.3500, 21938
2018-03-29, 3.5000, 3.5000, 3.2500, 3.3500, 24582
2018-04-02, 3.3000, 3.3500, 3.2020, 3.3500, 7617
2018-04-03, 3.6000, 3.6000, 3.2500, 3.5500, 6124
2018-04-04, 3.5000, 3.5000, 3.2800, 3.3000, 7227
2018-04-05, 3.4854, 3.4854, 3.3760, 3.4000, 1861
2018-04-06, 3.4500, 3.4500, 3.4000, 3.4459, 8744
2018-04-09, 3.4500, 3.5190, 3.3000, 3.5000, 10199
2018-04-10, 3.6250, 3.8000, 3.5107, 3.7840, 18106
2018-04-11, 3.6500, 3.7190, 3.2504, 3.3000, 30259
2018-04-12, 3.3000, 3.4896, 3.3000, 3.4510, 10027
2018-04-13, 3.5000, 3.5010, 3.4000, 3.4000, 5041
2018-04-16, 3.5000, 3.6500, 3.4400, 3.6500, 24254
2018-04-17, 3.6500, 3.8000, 3.5000, 3.6500, 25109
2018-04-18, 3.6500, 4.4000, 3.5500, 3.8500, 74252
2018-04-19, 3.9000, 4.5500, 3.9000, 4.3500, 45937
2018-04-20, 4.2417, 4.2417, 4.0000, 4.1990, 14139
2018-04-23, 4.1500, 4.3000, 4.0000, 4.3000, 13749
2018-04-24, 4.3000, 4.3000, 3.9001, 3.9500, 4396
2018-04-25, 3.9500, 4.1500, 3.9500, 4.1010, 3415
2018-04-26, 4.0479, 4.0505, 4.0340, 4.0500, 1869
2018-04-27, 4.0500, 4.2500, 4.0500, 4.2500, 2152
2018-04-30, 4.3500, 4.3500, 4.0250, 4.2000, 12428
2018-05-01, 4.0713, 4.4000, 4.0713, 4.2000, 10986
2018-05-02, 4.2170, 4.3000, 4.2170, 4.2999, 2033
2018-05-03, 4.1000, 4.1000, 4.1000, 4.1000, 703
2018-05-04, 4.1878, 4.1878, 4.1878, 4.1878, 587
2018-05-07, 4.1901, 4.4500, 4.0575, 4.4459, 4830
2018-05-08, 4.3500, 4.3500, 4.3500, 4.3500, 305
2018-05-09, 4.4000, 4.4000, 4.3351, 4.3351, 2265
2018-05-10, 4.4000, 4.4000, 4.3610, 4.3610, 256
2018-05-11, 4.4500, 4.5000, 4.3000, 4.3500, 4047
2018-05-14, 4.3000, 4.4007, 4.2989, 4.4000, 5526
2018-05-15, 4.3500, 4.3500, 4.2501, 4.2516, 2865
2018-05-16, 4.3268, 4.3268, 4.3268, 4.3268, 654
2018-05-17, 4.3000, 4.3010, 4.2500, 4.3001, 837
2018-05-18, 4.3500, 4.3500, 4.1000, 4.3000, 6568
2018-05-21, 4.2016, 4.3500, 4.2004, 4.2747, 1106
2018-05-22, 4.2000, 4.2990, 4.1999, 4.2990, 2041
2018-05-23, 4.3000, 4.3000, 4.1600, 4.1600, 521
2018-05-24, 4.2001, 4.3000, 4.2001, 4.3000, 3175
2018-05-25, 4.2001, 4.2700, 4.2001, 4.2700, 1155
2018-05-29, 4.1708, 4.2525, 4.1501, 4.1630, 2841
2018-05-30, 4.2501, 4.2501, 4.2000, 4.2500, 3050
2018-05-31, 4.3990, 4.4950, 4.2510, 4.4950, 4991
2018-06-01, 4.3500, 4.3720, 4.3260, 4.3500, 3896
2018-06-04, 4.3500, 4.6000, 4.3450, 4.3500, 11989
2018-06-05, 4.4000, 4.4000, 4.3500, 4.3500, 1118
2018-06-06, 4.3500, 4.4000, 4.3000, 4.3000, 4584
2018-06-07, 4.3000, 4.5450, 4.3000, 4.3000, 5379
2018-06-08, 4.3500, 4.4000, 4.3500, 4.3500, 447
2018-06-11, 5.0000, 5.0000, 4.2000, 4.2867, 6003
2018-06-12, 4.2000, 4.2000, 4.0639, 4.1261, 4229
2018-06-13, 4.2723, 4.4906, 4.2084, 4.2084, 23627
2018-06-14, 4.2407, 4.2500, 4.2000, 4.2500, 1048
2018-06-15, 4.3862, 4.4000, 4.2500, 4.2500, 1830
2018-06-18, 4.2510, 4.4000, 4.2000, 4.3500, 5472
2018-06-19, 4.3129, 4.3747, 4.2500, 4.2500, 4184
2018-06-20, 4.3500, 4.3500, 4.0000, 4.0500, 9852
2018-06-21, 4.0703, 4.0703, 4.0703, 4.0703, 596
2018-06-22, 4.0000, 4.1500, 4.0000, 4.1500, 6973
2018-06-25, 4.0000, 4.0900, 3.9000, 4.0000, 13402
2018-06-26, 4.0500, 4.0500, 3.9001, 4.0000, 15343
2018-06-27, 4.0500, 4.0500, 4.0500, 4.0500, 762
2018-06-28, 4.0000, 4.0000, 3.9001, 3.9252, 4274
2018-06-29, 4.0500, 4.0500, 3.9000, 3.9000, 2466
2018-07-02, 4.0000, 4.0000, 3.9130, 3.9130, 1426
2018-07-03, 3.9585, 4.0500, 3.9500, 4.0500, 2984
2018-07-05, 4.0500, 4.2000, 4.0450, 4.2000, 1496
2018-07-06, 4.1500, 4.2000, 4.1000, 4.2000, 1895
2018-07-09, 4.1500, 4.1600, 4.1205, 4.1409, 2185
2018-07-10, 4.0500, 4.1000, 3.9879, 4.0504, 5863
2018-07-11, 4.0000, 4.0000, 3.9973, 4.0000, 1501
2018-07-12, 4.1000, 4.1000, 4.0500, 4.0500, 558
2018-07-13, 4.0000, 4.0000, 4.0000, 4.0000, 692
2018-07-16, 4.0000, 4.0000, 3.9499, 3.9499, 1544
2018-07-17, 4.0000, 4.0500, 3.9000, 4.0000, 13796
2018-07-18, 4.0000, 4.0000, 3.9589, 3.9589, 1336
2018-07-19, 3.9589, 3.9589, 3.9589, 3.9589, 212
2018-07-20, 3.9579, 4.0000, 3.9000, 3.9500, 2879
2018-07-23, 3.9515, 3.9515, 3.9515, 3.9515, 412
2018-07-24, 4.0000, 4.0000, 3.9100, 3.9100, 1046
2018-07-25, 3.9000, 3.9000, 3.5500, 3.5500, 5811
2018-07-26, 3.5490, 3.6000, 3.2975, 3.3000, 8432
2018-07-27, 3.2975, 3.4000, 3.2544, 3.4000, 6960
2018-07-30, 3.3500, 3.7000, 3.2500, 3.3000, 6981
2018-07-31, 3.4000, 3.7500, 3.4000, 3.7500, 850
2018-08-01, 3.8500, 3.9000, 3.6000, 3.6000, 2821
2018-08-02, 3.6000, 3.6000, 3.6000, 3.6000, 189
2018-08-03, 3.3500, 3.4454, 3.3500, 3.4454, 1659
2018-08-06, 3.4017, 3.4017, 3.4017, 3.4017, 171
2018-08-07, 3.7000, 3.7000, 3.7000, 3.7000, 600
2018-08-08, 3.7003, 3.7003, 3.7003, 3.7003, 58
2018-08-09, 3.3500, 3.5000, 3.3000, 3.4933, 4416
2018-08-10, 3.3678, 3.5868, 3.3678, 3.5868, 564
2018-08-13, 3.9000, 3.9000, 3.9000, 3.9000, 483
2018-08-14, 3.7000, 3.7000, 3.5000, 3.6000, 681
2018-08-15, 3.5120, 3.8750, 3.3501, 3.3651, 3432
2018-08-16, 3.4426, 3.4999, 3.4426, 3.4999, 982
2018-08-17, 3.4250, 3.4999, 3.3501, 3.3668, 2350
2018-08-20, 3.5000, 3.5000, 3.3000, 3.3000, 8797
2018-08-21, 3.4500, 3.4500, 3.3000, 3.3075, 9622
2018-08-22, 3.4500, 3.4500, 3.2500, 3.4000, 6527
2018-08-23, 3.2663, 3.4000, 3.2500, 3.3250, 6665
2018-08-24, 3.3000, 3.3500, 3.2500, 3.3000, 4088
2018-08-27, 3.3000, 3.3000, 3.2000, 3.2000, 3603
2018-08-28, 3.3000, 3.3000, 3.0501, 3.3000, 7119
2018-08-29, 3.0500, 3.3000, 3.0500, 3.2000, 6086
2018-08-30, 3.2000, 3.3000, 3.1668, 3.3000, 5931
2018-08-31, 3.3000, 3.3000, 3.3000, 3.3000, 169
2018-09-04, 3.2454, 3.2500, 3.1936, 3.2500, 3374
2018-09-05, 3.1766, 3.1766, 3.1766, 3.1766, 294
2018-09-06, 3.1952, 3.2500, 3.1952, 3.2500, 675
2018-09-07, 3.2500, 3.2500, 3.2000, 3.2000, 7674
2018-09-10, 3.1500, 3.3000, 3.0500, 3.2500, 22189
2018-09-11, 3.2500, 4.1500, 3.2500, 4.1500, 83672
2018-09-12, 4.1500, 5.1500, 3.9500, 5.1500, 30221
2018-09-13, 5.0500, 5.1000, 4.1000, 4.4000, 30100
2018-09-14, 4.4000, 4.4000, 4.0000, 4.3000, 18202
2018-09-17, 4.3000, 5.1000, 4.0500, 5.1000, 19338
2018-09-18, 4.7000, 5.0897, 4.1750, 4.3500, 22198
2018-09-19, 4.3500, 4.4000, 4.1001, 4.2250, 17632
2018-09-20, 4.2000, 4.4000, 4.2000, 4.4000, 18462
2018-09-21, 4.4000, 4.4000, 3.7250, 3.7250, 44952
2018-09-24, 3.8000, 4.1000, 3.7000, 4.0000, 7136
2018-09-25, 3.9700, 4.1000, 3.9000, 4.0000, 9543
2018-09-26, 4.0000, 4.1000, 3.9000, 4.0000, 5309
2018-09-27, 3.9990, 4.2000, 3.9823, 4.1750, 14984
2018-09-28, 3.9000, 4.2302, 3.9000, 4.0500, 4449
2018-10-01, 3.9800, 3.9800, 3.9800, 3.9800, 671
2018-10-02, 4.2000, 4.2000, 4.0550, 4.2000, 1245
2018-10-03, 3.9550, 4.1400, 3.9550, 4.0750, 3042
2018-10-04, 4.0000, 4.1600, 3.8800, 4.1500, 3303
2018-10-05, 4.0200, 4.1489, 3.7600, 4.1000, 3189
2018-10-08, 4.1000, 4.1500, 3.7011, 4.1500, 4173
2018-10-09, 3.8930, 3.9900, 3.7524, 3.8000, 3958
2018-10-10, 3.9041, 3.9825, 3.7500, 3.7500, 3329
2018-10-11, 3.7525, 3.7800, 3.7500, 3.7800, 763
2018-10-12, 3.7900, 3.8675, 3.7900, 3.8675, 883
2018-10-15, 3.7200, 3.7200, 3.7200, 3.7200, 205
2018-10-16, 3.7200, 3.7200, 3.7200, 3.7200, 272
2018-10-17, 3.7000, 3.8500, 3.7000, 3.7000, 1296
2018-10-18, 3.6800, 3.6800, 3.3823, 3.6000, 2399
2018-10-19, 3.7022, 3.7022, 3.6200, 3.6900, 403
2018-10-22, 3.6100, 3.7000, 3.5978, 3.7000, 2132
2018-10-23, 3.5200, 3.7298, 3.5000, 3.5606, 3550
2018-10-24, 3.5800, 3.5863, 3.5800, 3.5800, 1485
2018-10-25, 3.6000, 3.6000, 3.3800, 3.5000, 9260
2018-10-26, 3.6000, 3.6000, 3.5000, 3.5000, 930
2018-10-29, 3.6000, 3.6000, 3.5000, 3.5000, 8684
2018-10-30, 3.5600, 3.6200, 3.5600, 3.6000, 5852
2018-10-31, 3.6350, 3.8650, 3.4400, 3.6000, 22983
2018-11-01, 3.6500, 3.8164, 3.6000, 3.6000, 10025
2018-11-02, 3.6000, 3.6300, 3.6000, 3.6300, 2156
2018-11-05, 3.9900, 3.9967, 3.8406, 3.8406, 1654
2018-11-06, 3.6700, 3.6900, 3.6500, 3.6500, 2563
2018-11-07, 3.6500, 3.7987, 3.6100, 3.7000, 2802
2018-11-08, 3.8900, 3.8900, 3.8900, 3.8900, 404
2018-11-09, 3.8000, 3.9011, 3.8000, 3.8500, 1360
