2013-07-19, 14.7500, 14.8000, 14.0000, 14.0400, 10649600
2013-07-22, 14.0000, 14.0500, 13.9500, 14.0000, 872600
2013-07-23, 14.0100, 14.1100, 13.9500, 14.0900, 608300
2013-07-24, 14.0700, 14.1399, 14.0100, 14.0200, 105600
2013-07-25, 14.0000, 14.0300, 13.6800, 14.0300, 609300
2013-07-26, 13.9900, 14.1900, 13.9600, 14.1300, 282000
2013-07-29, 14.0900, 14.1600, 14.0000, 14.0400, 26200
2013-07-30, 14.1200, 14.1400, 14.0100, 14.0100, 48300
2013-07-31, 14.0000, 14.0400, 14.0000, 14.0300, 309800
2013-08-01, 14.0400, 14.0500, 14.0000, 14.0084, 140900
2013-08-02, 14.0000, 14.0102, 13.9150, 14.0000, 419300
2013-08-05, 14.0000, 14.0300, 14.0000, 14.0100, 78900
2013-08-06, 14.0000, 14.0100, 13.9000, 13.9500, 219600
2013-08-07, 13.9900, 13.9900, 13.7500, 13.8200, 114400
2013-08-08, 13.7500, 13.8800, 13.5700, 13.6300, 52100
2013-08-09, 13.5600, 13.5600, 13.1100, 13.4600, 159200
2013-08-12, 13.4600, 13.7200, 13.4600, 13.6000, 61700
2013-08-13, 13.4800, 14.0000, 13.4800, 13.9000, 150200
2013-08-14, 13.5500, 14.0200, 13.5500, 13.9900, 143200
2013-08-15, 13.5000, 13.9700, 13.5000, 13.5900, 68000
2013-08-16, 13.7000, 13.9700, 13.7000, 13.8700, 577500
2013-08-19, 13.9000, 13.9000, 13.3800, 13.4200, 31300
2013-08-20, 13.4600, 13.6900, 13.4400, 13.6000, 124300
2013-08-21, 13.5200, 13.6100, 13.1700, 13.1800, 63000
2013-08-22, 13.1500, 13.3100, 12.1400, 13.2900, 191600
2013-08-23, 13.2900, 13.6800, 13.1500, 13.6000, 138400
2013-08-26, 13.5200, 13.8100, 13.3600, 13.5400, 130700
2013-08-27, 13.2600, 13.7200, 13.2600, 13.6600, 14900
2013-08-28, 13.5700, 13.7586, 13.0700, 13.2800, 55900
2013-08-29, 13.0500, 13.3500, 12.9950, 13.2700, 46400
2013-08-30, 13.2200, 13.3900, 13.0500, 13.1800, 37000
2013-09-03, 13.3600, 13.5500, 13.0000, 13.5500, 85700
2013-09-04, 13.4600, 13.9500, 13.1200, 13.5300, 301600
2013-09-05, 13.4200, 13.6200, 13.0500, 13.2500, 64700
2013-09-06, 13.2500, 13.5100, 13.0000, 13.1900, 132400
2013-09-09, 13.4100, 13.5300, 13.2700, 13.4500, 126900
2013-09-10, 13.6300, 13.6300, 13.1541, 13.5300, 68100
2013-09-11, 13.5300, 13.5300, 13.1580, 13.4200, 52100
2013-09-12, 13.4900, 13.7100, 13.3700, 13.5800, 105400
2013-09-13, 13.5900, 13.9780, 13.4700, 13.6700, 153500
2013-09-16, 13.6700, 14.2400, 13.4300, 13.9600, 123700
2013-09-17, 13.9700, 14.0600, 13.9200, 13.9700, 350200
2013-09-18, 13.9200, 14.1000, 13.8000, 14.0900, 119700
2013-09-19, 14.1500, 14.2600, 13.8400, 13.9500, 118200
2013-09-20, 13.9400, 14.0500, 13.4400, 13.4500, 336400
2013-09-23, 13.5100, 14.0100, 13.3600, 13.8800, 222800
2013-09-24, 13.8500, 14.0000, 13.6700, 13.7900, 112700
2013-09-25, 13.7100, 14.0600, 13.6300, 13.9700, 139300
2013-09-26, 14.0000, 14.0100, 13.8100, 13.9400, 182800
2013-09-27, 13.9000, 13.9000, 13.4800, 13.7200, 122000
2013-09-30, 13.3300, 13.7200, 13.3300, 13.5100, 1014400
2013-10-01, 13.5500, 13.9500, 13.4500, 13.6900, 187900
2013-10-02, 13.6700, 13.8200, 13.4000, 13.6300, 125300
2013-10-03, 13.5700, 13.6500, 13.2900, 13.6500, 91100
2013-10-04, 13.5900, 13.8100, 13.4100, 13.5200, 65400
2013-10-07, 13.3600, 13.5800, 13.2301, 13.3900, 45900
2013-10-08, 13.3300, 13.4575, 13.0000, 13.1500, 181400
2013-10-09, 13.1900, 13.6900, 13.1000, 13.2200, 135300
2013-10-10, 13.3000, 13.5200, 13.2300, 13.3800, 87800
2013-10-11, 13.3000, 13.5100, 13.1700, 13.4400, 194400
2013-10-14, 13.4000, 13.6100, 13.2000, 13.6000, 61900
2013-10-15, 13.5500, 13.6300, 13.1710, 13.5600, 206800
2013-10-16, 13.6100, 13.7400, 13.4400, 13.5400, 80800
2013-10-17, 13.4700, 13.8800, 13.4100, 13.5900, 95400
2013-10-18, 13.7200, 13.7200, 13.3200, 13.6800, 40328
2013-10-21, 13.6600, 13.6600, 13.5300, 13.5700, 8681
2013-10-22, 13.5700, 13.7000, 13.4950, 13.6700, 265300
2013-10-23, 13.5800, 13.7400, 13.5500, 13.6900, 42600
2013-10-24, 13.6900, 13.8700, 13.6300, 13.8200, 80700
2013-10-25, 13.8700, 14.1900, 13.7501, 14.1500, 273600
2013-10-28, 14.0700, 14.0900, 13.9400, 14.0500, 77900
2013-10-29, 14.0400, 14.0400, 13.9200, 14.0100, 212300
2013-10-30, 14.0300, 14.1300, 13.8600, 14.0000, 168900
2013-10-31, 14.0000, 14.0500, 13.5600, 13.6200, 267400
2013-11-01, 13.5700, 13.6900, 13.4000, 13.6500, 90500
2013-11-04, 13.7400, 13.7400, 13.4800, 13.6000, 183100
2013-11-05, 13.5800, 13.6300, 13.5000, 13.5300, 34200
2013-11-06, 13.5700, 13.6600, 13.5000, 13.5600, 32100
2013-11-07, 13.5700, 13.6600, 13.4900, 13.5000, 142300
2013-11-08, 13.5400, 13.5800, 13.0000, 13.0700, 232500
2013-11-11, 13.0000, 13.2500, 13.0000, 13.0700, 389400
2013-11-12, 13.0300, 13.2400, 12.9300, 13.1100, 57500
2013-11-13, 13.0700, 13.2500, 13.0400, 13.2200, 30300
2013-11-14, 13.2400, 13.5000, 13.2400, 13.4500, 55500
2013-11-15, 13.4200, 13.7500, 13.4100, 13.5500, 70500
2013-11-18, 13.6200, 13.8700, 13.5600, 13.8600, 87800
2013-11-19, 13.9000, 14.0000, 13.3000, 13.7200, 106300
2013-11-20, 13.7300, 13.9800, 13.6600, 13.7900, 43300
2013-11-21, 13.8700, 14.0000, 13.8000, 13.8600, 85300
2013-11-22, 13.8800, 13.9900, 13.7300, 13.8000, 72400
2013-11-25, 13.8000, 13.9300, 13.6600, 13.7600, 40000
2013-11-26, 13.7000, 13.9700, 13.7000, 13.8600, 42600
2013-11-27, 13.8300, 13.9900, 13.7400, 13.9200, 41600
2013-11-29, 14.0000, 14.0000, 13.7600, 13.9300, 16700
2013-12-02, 13.8800, 13.9900, 13.5700, 13.9600, 63900
2013-12-03, 13.9100, 13.9200, 13.5800, 13.7900, 31800
2013-12-04, 13.7800, 13.8900, 13.6300, 13.8500, 41000
2013-12-05, 13.8700, 13.9700, 13.7000, 13.8800, 28700
2013-12-06, 13.9800, 14.0790, 13.8900, 13.9800, 48600
2013-12-09, 14.0000, 14.0200, 13.7200, 13.8600, 35700
2013-12-10, 13.8700, 13.9100, 13.5700, 13.8000, 227500
2013-12-11, 13.8600, 13.8600, 13.3000, 13.4600, 32800
2013-12-12, 13.4500, 13.5700, 13.0800, 13.1700, 25900
2013-12-13, 13.2400, 13.3800, 13.1500, 13.2200, 89400
2013-12-16, 13.2300, 13.4500, 13.1000, 13.1400, 167000
2013-12-17, 13.1500, 13.1900, 12.9700, 13.1000, 453800
2013-12-18, 13.1000, 13.2800, 13.0900, 13.2100, 205000
2013-12-19, 13.1600, 13.3000, 13.0700, 13.1500, 68900
2013-12-20, 13.2000, 13.4200, 13.0900, 13.2000, 330200
2013-12-23, 13.2000, 13.7300, 13.2000, 13.3900, 42100
2013-12-24, 13.4800, 13.6100, 13.3000, 13.4300, 12700
2013-12-26, 13.3200, 13.4900, 13.0400, 13.0600, 48600
2013-12-27, 13.1100, 13.2625, 12.9500, 13.1900, 157000
2013-12-30, 13.2200, 13.3600, 13.0900, 13.2900, 49500
2013-12-31, 13.2700, 13.2800, 12.9800, 13.2000, 85600
2014-01-02, 13.1300, 13.1300, 12.8000, 12.8300, 148000
2014-01-03, 12.8200, 13.4100, 12.8200, 13.3300, 370700
2014-01-06, 13.3100, 13.4083, 13.2500, 13.3100, 61200
2014-01-07, 13.4200, 13.4800, 13.1600, 13.1700, 102100
2014-01-08, 13.2000, 13.2950, 12.9200, 13.1300, 27000
2014-01-09, 13.1300, 13.2300, 13.0000, 13.1500, 128600
2014-01-10, 13.1900, 13.5000, 13.1500, 13.2900, 130400
2014-01-13, 13.3100, 13.4480, 13.0400, 13.1900, 148800
2014-01-14, 13.2800, 13.5100, 13.0390, 13.2100, 122300
2014-01-15, 13.1700, 13.2500, 13.0600, 13.1700, 61200
2014-01-16, 13.1100, 13.2400, 13.0300, 13.1700, 78100
2014-01-17, 13.1200, 13.2600, 12.9201, 13.1300, 35700
2014-01-21, 13.1500, 13.1500, 12.9300, 13.1100, 491000
2014-01-22, 13.1200, 13.2000, 13.0000, 13.1200, 74200
2014-01-23, 13.0300, 13.3400, 13.0300, 13.2900, 50400
2014-01-24, 13.1800, 13.7800, 13.1800, 13.3800, 89400
2014-01-27, 13.4200, 13.4400, 12.8500, 13.0000, 71400
2014-01-28, 12.9700, 13.3200, 12.9300, 13.0300, 145900
2014-01-29, 12.9500, 13.2500, 12.7300, 13.0600, 272200
2014-01-30, 13.1500, 13.5000, 13.0600, 13.3100, 52000
2014-01-31, 13.1500, 13.7700, 13.1500, 13.6500, 89400
2014-02-03, 13.5900, 13.7000, 13.2900, 13.3400, 67500
2014-02-04, 13.4400, 13.5600, 13.1100, 13.4900, 47900
2014-02-05, 13.4900, 13.4900, 13.0100, 13.2000, 40200
2014-02-06, 13.3000, 13.3200, 13.1000, 13.1700, 41300
2014-02-07, 13.2000, 13.3500, 13.1200, 13.3100, 51900
2014-02-10, 13.3600, 13.4600, 13.1900, 13.4600, 61700
2014-02-11, 13.4200, 13.5500, 13.3500, 13.4600, 24000
2014-02-12, 13.4200, 13.5900, 13.3000, 13.4000, 63200
2014-02-13, 13.3300, 13.7000, 13.3300, 13.7000, 29800
2014-02-14, 13.6900, 13.9900, 13.3600, 13.5900, 45600
2014-02-18, 13.5500, 13.7600, 13.4800, 13.7400, 55400
2014-02-19, 13.6900, 13.7700, 13.4240, 13.6000, 28300
2014-02-20, 13.6300, 13.7600, 13.5400, 13.7400, 153300
2014-02-21, 13.7600, 13.7600, 13.2200, 13.4500, 103300
2014-02-24, 13.5200, 13.7900, 13.2160, 13.6000, 73600
2014-02-25, 13.5700, 13.5700, 13.2550, 13.5000, 66100
2014-02-26, 13.5500, 13.8800, 13.3900, 13.8500, 87300
2014-02-27, 13.8100, 14.3300, 13.4200, 14.3200, 50700
2014-02-28, 14.2700, 14.4000, 14.1200, 14.1900, 54700
2014-03-03, 14.1500, 14.1800, 13.7900, 14.0500, 39900
2014-03-04, 14.2300, 15.5000, 14.1950, 14.6200, 183200
2014-03-05, 14.6400, 14.8400, 14.3500, 14.7500, 141500
2014-03-06, 14.7400, 14.8300, 14.2400, 14.6200, 116400
2014-03-07, 14.6400, 14.7100, 14.2400, 14.4400, 29300
2014-03-10, 14.4600, 14.5800, 14.2100, 14.4800, 80100
2014-03-11, 14.5400, 14.9200, 14.3000, 14.5900, 51700
2014-03-12, 14.5000, 14.5600, 14.2700, 14.4000, 48100
2014-03-13, 14.4500, 14.4500, 14.2100, 14.2400, 101500
2014-03-14, 14.2200, 14.4500, 14.2103, 14.2700, 67800
2014-03-17, 14.3200, 14.3600, 14.2100, 14.2900, 21500
2014-03-18, 14.3400, 14.3700, 14.1800, 14.3000, 300000
2014-03-19, 14.2700, 14.4900, 14.1150, 14.1900, 279700
2014-03-20, 14.1100, 14.4400, 14.0600, 14.0900, 30300
2014-03-21, 14.1400, 14.3000, 14.0001, 14.0700, 124000
2014-03-24, 14.0900, 14.3300, 14.0900, 14.2200, 89300
2014-03-25, 14.2500, 14.3700, 14.0900, 14.1700, 173500
2014-03-26, 14.2000, 14.3200, 14.0500, 14.0500, 77100
2014-03-27, 14.0000, 14.1900, 13.9600, 14.1500, 167800
2014-03-28, 14.1100, 14.3000, 14.0000, 14.0700, 63200
2014-03-31, 14.1100, 14.2900, 14.1000, 14.1800, 46400
2014-04-01, 14.1400, 14.2500, 13.8900, 14.1200, 80800
2014-04-02, 14.1100, 14.3900, 14.0760, 14.3500, 33900
2014-04-03, 14.3800, 14.4000, 14.0200, 14.2600, 109000
2014-04-04, 14.4100, 14.4600, 14.0600, 14.1400, 61300
2014-04-07, 14.1000, 14.2500, 14.0600, 14.0900, 47600
2014-04-08, 14.0600, 14.2800, 14.0600, 14.2400, 31500
2014-04-09, 14.2200, 14.4900, 13.9700, 14.2100, 63200
2014-04-10, 14.2200, 14.3400, 14.0000, 14.1600, 64500
2014-04-11, 14.0200, 14.2000, 14.0000, 14.0200, 36700
2014-04-14, 14.1500, 14.1500, 13.9800, 14.0700, 27100
2014-04-15, 14.1200, 14.1700, 13.9600, 14.0300, 29200
2014-04-16, 14.1000, 14.1800, 14.0000, 14.0800, 33900
2014-04-17, 14.0300, 14.1900, 14.0300, 14.1600, 29300
2014-04-21, 14.1590, 14.3600, 14.1400, 14.2800, 34600
2014-04-22, 14.2600, 14.4500, 14.2200, 14.4300, 47900
2014-04-23, 14.3700, 14.5100, 14.2500, 14.4200, 62400
2014-04-24, 14.4700, 14.5400, 14.3100, 14.3900, 23900
2014-04-25, 14.3800, 14.4800, 14.0400, 14.3400, 45800
2014-04-28, 14.3900, 14.4700, 14.1600, 14.2700, 18100
2014-04-29, 14.3600, 14.3600, 14.0500, 14.1200, 34300
2014-04-30, 14.0200, 14.2600, 13.9800, 14.2200, 72200
2014-05-01, 14.1500, 14.3500, 14.0450, 14.3300, 91200
2014-05-02, 14.3600, 14.7500, 14.2700, 14.3700, 177400
2014-05-05, 14.2700, 14.3600, 14.1800, 14.2800, 62000
2014-05-06, 14.2300, 14.5100, 14.0900, 14.2400, 179900
2014-05-07, 14.2100, 14.3800, 14.1700, 14.3200, 48200
2014-05-08, 14.2500, 14.5350, 14.1900, 14.2800, 134100
2014-05-09, 14.1600, 14.4400, 14.1600, 14.3400, 44100
2014-05-12, 14.4300, 14.6500, 14.2600, 14.4600, 74500
2014-05-13, 14.3100, 14.6250, 14.2500, 14.2500, 76700
2014-05-14, 14.1800, 14.2700, 13.9600, 14.0000, 88800
2014-05-15, 13.9500, 14.0500, 13.8000, 13.9800, 157300
2014-05-16, 13.9400, 14.1900, 13.9000, 14.1200, 30400
2014-05-19, 14.0400, 14.2299, 14.0400, 14.2100, 32400
2014-05-20, 14.1300, 14.1300, 13.9800, 14.0300, 48400
2014-05-21, 14.0500, 14.0500, 13.8600, 14.0100, 50500
2014-05-22, 14.0000, 14.0700, 13.9700, 14.0100, 24200
2014-05-23, 14.0700, 14.2500, 13.9800, 14.2400, 41700
2014-05-27, 14.3400, 14.3800, 14.0800, 14.3700, 60100
2014-05-28, 14.3000, 14.3200, 14.0300, 14.1400, 40300
2014-05-29, 14.1900, 14.1900, 13.9100, 13.9800, 30600
2014-05-30, 14.0100, 14.0300, 13.9300, 13.9800, 106500
2014-06-02, 14.0100, 14.1900, 13.9400, 14.1500, 59200
2014-06-03, 14.0800, 14.2500, 14.0300, 14.2400, 40500
2014-06-04, 14.1500, 14.3400, 14.1500, 14.2500, 44700
2014-06-05, 14.2200, 14.5000, 14.0300, 14.4500, 86400
2014-06-06, 14.5000, 14.5500, 14.3900, 14.5000, 96000
2014-06-09, 14.5400, 14.5900, 14.3800, 14.4400, 38300
2014-06-10, 14.3500, 14.3600, 14.2300, 14.3400, 28600
2014-06-11, 14.1100, 14.2400, 14.0600, 14.1200, 130700
2014-06-12, 14.0800, 14.1200, 14.0500, 14.0800, 57100
2014-06-13, 14.1700, 14.1900, 14.0800, 14.1300, 85900
2014-06-16, 14.2500, 14.5900, 14.2500, 14.3400, 90847
2014-06-17, 14.2500, 14.5160, 14.2500, 14.4100, 57759
2014-06-18, 14.5300, 14.5750, 14.2750, 14.3600, 262000
2014-06-19, 14.4200, 14.6600, 14.2700, 14.3300, 140500
2014-06-20, 14.3800, 14.4100, 14.2300, 14.3000, 372700
2014-06-23, 14.3500, 14.4900, 14.2600, 14.3000, 117600
2014-06-24, 14.2400, 14.4500, 14.1700, 14.3000, 89900
2014-06-25, 14.2100, 14.4200, 14.2100, 14.3000, 95400
2014-06-26, 14.1700, 14.3400, 14.1200, 14.3000, 124900
2014-06-27, 14.2200, 14.4700, 14.1200, 14.2100, 1017900
2014-06-30, 14.2500, 14.2700, 14.1200, 14.2400, 145700
2014-07-01, 14.3100, 14.4900, 14.2700, 14.2900, 108500
2014-07-02, 14.2800, 14.3000, 14.1600, 14.2600, 52400
2014-07-03, 14.2800, 14.3300, 14.1820, 14.2700, 110400
2014-07-07, 14.2600, 14.3000, 14.2000, 14.2300, 62700
2014-07-08, 14.2500, 14.3400, 14.0900, 14.1400, 62800
2014-07-09, 14.0960, 14.1700, 14.0800, 14.1600, 69400
2014-07-10, 13.9900, 14.1500, 13.8800, 14.1500, 79400
2014-07-11, 14.0900, 14.1500, 14.0800, 14.1200, 74100
2014-07-14, 14.1800, 14.1850, 14.0800, 14.1200, 203700
2014-07-15, 14.1500, 14.2000, 14.0500, 14.1200, 96300
2014-07-16, 14.2200, 14.2200, 14.0600, 14.1100, 54800
2014-07-17, 14.0800, 14.1100, 13.8500, 13.9000, 137500
2014-07-18, 13.8500, 14.0700, 13.8500, 14.0300, 166900
2014-07-21, 13.9500, 14.0000, 13.8800, 13.9200, 30700
2014-07-22, 13.9300, 13.9700, 13.8700, 13.9500, 122200
2014-07-23, 13.9400, 14.3100, 13.9300, 14.2500, 464900
2014-07-24, 14.2900, 14.4000, 14.0250, 14.1100, 215700
2014-07-25, 14.0000, 14.0000, 13.7559, 13.9000, 104000
2014-07-28, 13.8800, 14.0100, 13.8000, 14.0000, 86200
2014-07-29, 13.9900, 14.0840, 13.7800, 13.9100, 109900
2014-07-30, 14.0000, 14.2200, 13.8300, 13.9800, 155000
2014-07-31, 13.8800, 14.0060, 13.7100, 13.8300, 168700
2014-08-01, 13.8700, 13.9000, 13.7200, 13.8400, 103600
2014-08-04, 13.9100, 13.9100, 13.7100, 13.8800, 76700
2014-08-05, 13.8100, 14.0000, 13.7900, 13.8500, 86500
2014-08-06, 13.9700, 14.0700, 13.8500, 13.9500, 146800
2014-08-07, 13.9400, 14.0000, 13.8275, 13.8800, 77400
2014-08-08, 13.8700, 14.0100, 13.6800, 13.9800, 61600
2014-08-11, 14.0500, 14.1600, 13.9100, 13.9500, 80300
2014-08-12, 13.9100, 14.0400, 13.8100, 13.8800, 35400
2014-08-13, 13.5000, 13.8100, 13.0900, 13.5900, 1210300
2014-08-14, 13.9000, 14.0800, 13.8500, 13.9000, 7722900
2014-08-15, 13.9900, 14.1500, 13.9500, 14.1200, 737800
2014-08-18, 14.1400, 14.5800, 14.1400, 14.4400, 619100
2014-08-19, 14.3800, 14.6900, 14.3400, 14.6200, 361900
2014-08-20, 14.5100, 14.7000, 13.9900, 14.5900, 343300
2014-08-21, 14.6000, 14.7300, 14.4900, 14.6400, 265500
2014-08-22, 14.6700, 14.7900, 14.5200, 14.5700, 687800
2014-08-25, 14.6000, 14.7100, 14.4800, 14.5900, 192500
2014-08-26, 14.6600, 14.7100, 14.6001, 14.6500, 367100
2014-08-27, 14.6700, 14.8300, 14.5400, 14.6500, 425200
2014-08-28, 14.5600, 14.8200, 14.5200, 14.7400, 597500
2014-08-29, 14.7200, 14.8400, 14.5400, 14.7400, 2663500
2014-09-02, 14.7000, 14.9800, 14.6300, 14.8700, 358400
2014-09-03, 14.8700, 14.8700, 14.6000, 14.6700, 215700
2014-09-04, 14.6900, 14.7700, 14.5100, 14.5500, 353400
2014-09-05, 14.5000, 14.6700, 14.2900, 14.6500, 349200
2014-09-08, 14.6600, 14.9600, 14.6500, 14.8000, 301300
2014-09-09, 14.8200, 14.8200, 14.5700, 14.6500, 212000
2014-09-10, 14.6500, 14.6500, 14.5000, 14.5700, 774300
2014-09-11, 14.4800, 14.6350, 14.4500, 14.5800, 109400
2014-09-12, 14.6000, 14.6200, 14.1900, 14.1900, 300300
2014-09-15, 14.2200, 14.3400, 13.8700, 13.9900, 360300
2014-09-16, 13.9900, 14.0500, 13.8600, 13.9700, 245600
2014-09-17, 13.9500, 14.1100, 13.9000, 14.0300, 327300
2014-09-18, 14.0600, 14.2100, 14.0300, 14.1400, 512400
2014-09-19, 14.1700, 14.4300, 13.9900, 14.1500, 1800900
2014-09-22, 14.0900, 14.0900, 13.9000, 13.9900, 396044
2014-09-23, 14.0000, 14.0400, 13.9400, 14.0000, 257361
2014-09-24, 13.9800, 14.1400, 13.8700, 14.0000, 464249
2014-09-25, 13.9900, 14.0000, 13.7600, 13.9900, 401743
2014-09-26, 13.9300, 14.0100, 13.6300, 14.0100, 487378
2014-09-29, 13.9200, 14.0500, 13.9000, 14.0400, 361793
2014-09-30, 14.0100, 14.0500, 13.7800, 13.8400, 553546
2014-10-01, 13.8100, 13.9200, 13.5800, 13.6600, 209660
2014-10-02, 13.6400, 13.9400, 13.6201, 13.8500, 319039
2014-10-03, 13.9700, 14.1000, 13.8300, 13.9600, 347229
2014-10-06, 13.9900, 14.1100, 13.9600, 14.0000, 113585
2014-10-07, 13.9300, 14.0500, 13.8200, 13.8300, 129159
2014-10-08, 13.8400, 14.3500, 13.8400, 14.1500, 329100
2014-10-09, 14.1300, 14.2400, 13.9300, 13.9300, 185973
2014-10-10, 13.8600, 14.1400, 13.8100, 13.8200, 128933
2014-10-13, 13.8300, 14.1900, 13.8300, 14.0000, 173159
2014-10-14, 14.1100, 14.3500, 14.0286, 14.2000, 227057
2014-10-15, 14.0100, 14.4300, 13.9700, 14.1900, 360667
2014-10-16, 14.0800, 14.4600, 14.0500, 14.4000, 352176
2014-10-17, 14.5500, 14.5760, 14.3000, 14.3500, 298181
2014-10-20, 14.3200, 14.4450, 14.2350, 14.3000, 174594
2014-10-21, 14.4300, 14.6000, 14.3201, 14.5800, 216873
2014-10-22, 14.5500, 14.7100, 14.5000, 14.5400, 191969
2014-10-23, 14.6100, 14.9300, 14.5900, 14.7600, 600333
2014-10-24, 14.8100, 14.8500, 14.5700, 14.7900, 164116
2014-10-27, 14.7000, 15.1800, 14.6650, 15.0000, 512952
2014-10-28, 15.0500, 15.1200, 14.9201, 15.1000, 478055
2014-10-29, 15.1000, 15.1900, 14.9200, 15.1000, 293190
2014-10-30, 15.1600, 15.3000, 15.0900, 15.2200, 253424
2014-10-31, 15.4300, 15.5500, 15.3600, 15.4500, 255834
2014-11-03, 15.5000, 15.7300, 15.4210, 15.5400, 342779
2014-11-04, 15.5100, 15.8200, 15.4800, 15.5500, 299322
2014-11-05, 15.6200, 15.6200, 15.4200, 15.5000, 205833
2014-11-06, 15.5200, 15.6800, 15.4000, 15.5400, 756682
2014-11-07, 15.3200, 15.4400, 15.0700, 15.2200, 549341
2014-11-10, 15.2600, 15.4000, 15.2300, 15.3400, 214940
2014-11-11, 15.2800, 15.3400, 15.1800, 15.2200, 186799
2014-11-12, 15.1600, 15.3000, 15.0900, 15.2200, 292953
2014-11-13, 15.1800, 15.4400, 15.1630, 15.2900, 240038
2014-11-14, 15.2700, 15.3800, 14.9900, 15.0300, 252718
2014-11-17, 15.0500, 15.1800, 14.9900, 15.0600, 184124
2014-11-18, 15.0700, 15.1900, 14.9000, 15.0900, 182163
2014-11-19, 15.0600, 15.0600, 14.8800, 14.9000, 311061
2014-11-20, 14.8900, 15.0600, 14.8200, 15.0500, 130347
2014-11-21, 15.2000, 15.2600, 15.0000, 15.0100, 226609
2014-11-24, 15.0100, 15.2300, 14.9200, 15.0800, 145009
2014-11-25, 15.1100, 15.1900, 14.9900, 15.1000, 79585
2014-11-26, 15.0900, 15.2100, 15.0500, 15.2000, 85085
2014-11-28, 15.2100, 15.3700, 15.1200, 15.1900, 101387
2014-12-01, 15.1400, 15.4000, 14.9800, 15.0000, 163161
2014-12-02, 15.0000, 15.3400, 14.9500, 15.2400, 119330
2014-12-03, 15.2700, 15.3600, 15.1300, 15.3000, 93913
2014-12-04, 15.2500, 15.3500, 15.1950, 15.3300, 89871
2014-12-05, 15.3000, 15.4500, 15.2200, 15.3200, 73948
2014-12-08, 15.3100, 15.6200, 15.2900, 15.3500, 84820
2014-12-09, 15.2200, 15.3700, 15.1500, 15.3300, 141450
2014-12-10, 15.3200, 15.6000, 15.2400, 15.4400, 110246
2014-12-11, 15.5000, 15.8600, 15.4700, 15.6500, 138010
2014-12-12, 15.5300, 15.7000, 15.4200, 15.4300, 100391
2014-12-15, 15.5200, 15.5300, 15.0200, 15.2000, 119508
2014-12-16, 15.2200, 15.5000, 15.2200, 15.2800, 148670
2014-12-17, 15.2700, 15.8010, 15.2200, 15.7700, 156908
2014-12-18, 15.8600, 15.8600, 15.5900, 15.7100, 114595
2014-12-19, 15.7500, 15.8900, 15.5100, 15.8600, 361333
2014-12-22, 15.8500, 15.9600, 15.7500, 15.9300, 81947
2014-12-23, 16.0200, 16.0900, 15.8500, 15.9800, 108636
2014-12-24, 16.0000, 16.0000, 15.8300, 15.9500, 52594
2014-12-26, 15.9400, 16.0500, 15.8600, 16.0000, 86548
2014-12-29, 15.9100, 16.0200, 15.8000, 15.9100, 136237
2014-12-30, 15.8300, 16.0100, 15.7800, 15.9700, 136007
2014-12-31, 15.9400, 16.1100, 15.6000, 15.7100, 104757
2015-01-02, 15.8000, 15.9400, 15.6300, 15.8400, 71668
2015-01-05, 15.7800, 16.1900, 15.7800, 15.8900, 102971
2015-01-06, 15.9600, 16.1300, 15.7900, 15.8500, 174408
2015-01-07, 15.9000, 16.1500, 15.8100, 16.1500, 207764
2015-01-08, 16.1500, 16.3172, 16.0700, 16.2100, 70252
2015-01-09, 16.2700, 16.2700, 16.0190, 16.1700, 71913
2015-01-12, 16.2300, 16.2400, 16.0000, 16.1900, 267826
2015-01-13, 16.2600, 16.4200, 15.9260, 16.1400, 126801
2015-01-14, 16.0000, 16.4200, 15.9500, 16.3800, 133535
2015-01-15, 16.4600, 16.4600, 16.0300, 16.0800, 140538
2015-01-16, 16.0400, 16.3500, 16.0400, 16.1300, 180047
2015-01-20, 16.1500, 16.2000, 15.9600, 16.0400, 327677
2015-01-21, 16.0100, 16.0600, 15.8600, 15.9100, 83296
2015-01-22, 15.9700, 16.4400, 15.8600, 16.4400, 168268
2015-01-23, 16.3900, 16.6900, 16.2150, 16.6500, 282316
2015-01-26, 16.6100, 16.7500, 16.4010, 16.6900, 308673
2015-01-27, 16.6100, 16.7900, 16.4100, 16.5900, 346239
2015-01-28, 16.5600, 16.6500, 16.3200, 16.4600, 827287
2015-01-29, 16.1400, 16.2900, 16.0500, 16.1800, 3602583
2015-01-30, 16.1000, 16.1700, 15.9300, 16.0200, 800823
2015-02-02, 16.0500, 16.1000, 15.7400, 15.8600, 895293
2015-02-03, 15.8700, 15.9500, 15.6000, 15.8700, 755292
2015-02-04, 15.8100, 15.9500, 15.6500, 15.8600, 557964
2015-02-05, 15.9000, 16.1800, 15.8300, 16.1100, 428562
2015-02-06, 16.1200, 16.1500, 15.7650, 15.8400, 822674
2015-02-09, 15.8200, 16.0500, 15.7500, 15.7500, 208145
2015-02-10, 15.7700, 15.9180, 15.5700, 15.7700, 368934
2015-02-11, 15.7400, 15.8900, 15.5450, 15.5800, 267426
2015-02-12, 15.6300, 15.7800, 15.5400, 15.6100, 301824
2015-02-13, 15.6400, 15.7700, 15.4700, 15.6800, 395004
2015-02-17, 15.6500, 15.9500, 15.5700, 15.8000, 276094
2015-02-18, 15.7600, 15.9100, 15.5800, 15.8600, 156999
2015-02-19, 15.8000, 15.8200, 15.5700, 15.6400, 113048
2015-02-20, 15.6200, 15.8000, 15.5200, 15.6800, 237117
2015-02-23, 15.6400, 15.8200, 15.5400, 15.8200, 136462
2015-02-24, 15.7900, 15.8960, 15.3800, 15.5200, 279763
2015-02-25, 15.4900, 15.8200, 15.4500, 15.5700, 351970
2015-02-26, 15.5400, 15.6700, 15.4500, 15.6000, 434686
2015-02-27, 15.7700, 16.1900, 15.6800, 16.0400, 1634353
2015-03-02, 16.0900, 16.4300, 16.0600, 16.3700, 320850
2015-03-03, 16.3100, 16.3800, 16.0100, 16.1900, 239486
2015-03-04, 16.1200, 16.2850, 16.0200, 16.1600, 264618
2015-03-05, 16.1600, 16.2600, 16.0500, 16.1600, 186123
2015-03-06, 15.9700, 16.1200, 15.7700, 15.8200, 553357
2015-03-09, 15.9000, 16.0200, 15.7500, 15.8300, 421120
2015-03-10, 15.7700, 15.9000, 15.6200, 15.8300, 343802
2015-03-11, 15.8200, 15.9800, 15.7500, 15.8800, 267516
2015-03-12, 16.0100, 16.1100, 15.7000, 16.0000, 298951
2015-03-13, 16.0100, 16.0900, 15.9000, 15.9500, 463924
2015-03-16, 15.9500, 16.1700, 15.9180, 15.9700, 305932
2015-03-17, 15.9600, 16.0500, 15.8100, 16.0100, 203338
2015-03-18, 16.0100, 16.2600, 15.8300, 16.1700, 192049
2015-03-19, 16.1100, 16.3800, 16.0700, 16.2600, 235264
2015-03-20, 16.2900, 16.5500, 16.2100, 16.5100, 1300434
2015-03-23, 16.4600, 16.7100, 16.4600, 16.6300, 262682
2015-03-24, 16.6400, 16.6800, 16.5100, 16.5200, 154272
2015-03-25, 16.5000, 16.6100, 15.9900, 16.0000, 366879
2015-03-26, 15.9200, 16.1400, 15.8000, 15.8100, 273598
2015-03-27, 15.7400, 15.8400, 15.5500, 15.6000, 287416
2015-03-30, 15.6200, 15.8100, 15.5400, 15.7100, 158171
2015-03-31, 15.6300, 15.8300, 15.5400, 15.8100, 281606
2015-04-01, 15.7600, 15.8850, 15.5300, 15.6700, 196314
2015-04-02, 15.7200, 15.8200, 15.6100, 15.7300, 486645
2015-04-06, 15.7100, 16.0900, 15.7100, 16.0800, 200545
2015-04-07, 16.0800, 16.1900, 15.9400, 16.0100, 371986
2015-04-08, 16.0400, 16.2800, 16.0000, 16.0500, 199779
2015-04-09, 16.0700, 16.1500, 15.6900, 15.7900, 180089
2015-04-10, 16.0400, 16.1500, 15.8700, 15.9100, 192781
2015-04-13, 15.8900, 16.0150, 15.8400, 15.8900, 221922
2015-04-14, 15.9300, 16.2900, 15.8400, 15.8700, 424950
2015-04-15, 15.9800, 15.9800, 15.6900, 15.7200, 178216
2015-04-16, 15.6900, 15.7600, 15.4400, 15.6000, 168798
2015-04-17, 15.5500, 15.6600, 15.3500, 15.4600, 215779
2015-04-20, 15.5000, 15.8000, 15.3500, 15.7500, 208937
2015-04-21, 15.7600, 15.9600, 15.6801, 15.8800, 353742
2015-04-22, 15.8900, 16.0000, 15.8500, 15.8800, 252165
2015-04-23, 15.8400, 15.9700, 15.7900, 15.8200, 430824
2015-04-24, 15.8200, 15.9700, 15.7701, 15.8800, 222167
2015-04-27, 15.8700, 16.2100, 15.7100, 15.7600, 223120
2015-04-28, 15.8000, 15.8500, 15.6601, 15.7200, 205356
2015-04-29, 15.6500, 15.7200, 15.3600, 15.3600, 178045
2015-04-30, 15.3000, 15.3000, 14.7800, 14.8600, 358401
2015-05-01, 14.8700, 15.0800, 14.7500, 14.9400, 663560
2015-05-04, 14.9900, 15.1900, 14.9700, 15.0500, 200439
2015-05-05, 15.0100, 15.0100, 14.6100, 14.6400, 389908
2015-05-06, 14.6500, 14.7400, 14.3800, 14.6000, 1060235
2015-05-07, 14.5700, 14.7150, 14.2500, 14.6300, 2180381
2015-05-08, 14.6200, 15.0100, 14.6200, 14.7700, 379531
2015-05-11, 14.7200, 14.8250, 14.5100, 14.5600, 484744
2015-05-12, 14.5100, 14.6600, 14.2800, 14.6000, 315774
2015-05-13, 14.6000, 14.7700, 14.4400, 14.4800, 584371
2015-05-14, 14.5800, 14.7100, 14.5300, 14.7000, 679440
2015-05-15, 14.7500, 14.9700, 14.6500, 14.8200, 312629
2015-05-18, 14.8300, 15.0000, 14.6600, 14.9000, 384322
2015-05-19, 14.8700, 14.9700, 14.7970, 14.9000, 256174
2015-05-20, 14.9300, 14.9700, 14.8400, 14.8800, 140343
2015-05-21, 14.9000, 14.9500, 14.6850, 14.7800, 207644
2015-05-22, 14.7400, 14.9200, 14.7200, 14.7800, 260716
2015-05-26, 14.7200, 14.7900, 14.6200, 14.6900, 273535
2015-05-27, 14.6900, 14.8600, 14.6500, 14.7600, 171515
2015-05-28, 14.7700, 14.7700, 14.6300, 14.6600, 226832
2015-05-29, 14.6400, 14.8300, 14.5300, 14.5900, 248255
2015-06-01, 14.6700, 14.8100, 14.5700, 14.7700, 342615
2015-06-02, 14.7100, 14.9200, 14.6570, 14.7900, 699054
2015-06-03, 14.8000, 14.8700, 14.6400, 14.6800, 332104
2015-06-04, 14.5900, 14.7200, 14.5200, 14.6900, 228333
2015-06-05, 14.6100, 14.7300, 14.5050, 14.6600, 642103
2015-06-08, 14.6100, 14.7400, 14.5400, 14.6900, 437657
2015-06-09, 14.7000, 14.7199, 14.5500, 14.6500, 538537
2015-06-10, 14.7000, 14.8900, 14.5500, 14.7700, 373538
2015-06-11, 14.8200, 14.8200, 14.7500, 14.7900, 183837
2015-06-12, 14.7900, 14.8000, 14.6400, 14.7000, 500746
2015-06-15, 14.5900, 14.7000, 14.4700, 14.5800, 453808
2015-06-16, 14.5400, 14.6700, 14.4990, 14.6300, 298105
2015-06-17, 14.6700, 14.6700, 14.4600, 14.6700, 376190
2015-06-18, 14.6300, 14.9700, 14.6300, 14.9500, 477482
2015-06-19, 14.9500, 15.1000, 14.8301, 15.0800, 1204079
2015-06-22, 15.0800, 15.1300, 14.9800, 15.0400, 1006142
2015-06-23, 15.0200, 15.0300, 14.8400, 15.0100, 1202640
2015-06-24, 14.9800, 15.0699, 14.8000, 14.8900, 651784
2015-06-25, 14.8900, 14.9700, 14.7000, 14.7500, 1338506
2015-06-26, 14.6500, 14.9000, 14.5700, 14.7500, 876687
2015-06-29, 14.7200, 15.0300, 14.5000, 14.5300, 536923
2015-06-30, 14.5800, 14.7300, 14.4300, 14.5800, 438653
2015-07-01, 14.5800, 14.7800, 14.4700, 14.7000, 775657
2015-07-02, 14.7600, 14.8300, 14.6000, 14.6500, 315015
2015-07-06, 14.6000, 14.8200, 14.5380, 14.7200, 390679
2015-07-07, 14.7300, 15.0100, 14.6600, 14.8900, 320197
2015-07-08, 14.7100, 14.9100, 14.6500, 14.7600, 195531
2015-07-09, 14.8400, 14.8700, 14.6700, 14.6800, 217150
2015-07-10, 14.7700, 15.0400, 14.6200, 14.9400, 643707
2015-07-13, 15.0200, 15.2000, 14.9300, 14.9700, 174104
2015-07-14, 14.9900, 15.1800, 14.8900, 15.0700, 208567
2015-07-15, 15.0600, 15.0746, 14.9400, 15.0100, 212664
2015-07-16, 15.0700, 15.1400, 15.0100, 15.1000, 115998
2015-07-17, 15.0900, 15.1600, 14.9700, 14.9900, 533780
2015-07-20, 15.0200, 15.0680, 14.9000, 14.9700, 158927
2015-07-21, 14.9500, 15.0200, 14.8300, 14.8400, 227726
2015-07-22, 14.8300, 14.9500, 14.7600, 14.7600, 219955
2015-07-23, 14.7900, 14.8700, 14.4300, 14.4600, 393219
2015-07-24, 14.4300, 14.5500, 14.2800, 14.3200, 380644
2015-07-27, 14.3000, 14.4200, 14.2500, 14.2600, 181039
2015-07-28, 14.3100, 14.5000, 14.1700, 14.3800, 307305
2015-07-29, 14.3700, 14.6000, 14.3000, 14.5300, 149568
2015-07-30, 14.4900, 14.5300, 14.4100, 14.4900, 109035
2015-07-31, 14.5500, 14.6700, 14.5050, 14.5700, 183949
2015-08-03, 14.5800, 14.6800, 14.4950, 14.6300, 246355
2015-08-04, 14.6700, 14.8000, 14.4500, 14.4800, 218216
2015-08-05, 14.5100, 14.6000, 14.2700, 14.4300, 243145
2015-08-06, 14.3900, 14.4300, 14.0300, 14.1700, 169571
2015-08-07, 14.0900, 14.0900, 13.8949, 14.0000, 232015
2015-08-10, 14.0800, 14.0800, 13.7800, 13.9000, 398760
2015-08-11, 13.8100, 13.9900, 13.8100, 13.8800, 176983
2015-08-12, 13.8000, 14.0900, 13.8000, 13.9200, 278814
2015-08-13, 13.9000, 14.0200, 13.6500, 13.8800, 369536
2015-08-14, 13.8400, 14.0500, 13.7200, 14.0400, 103764
2015-08-17, 13.9900, 14.1800, 13.9600, 14.1800, 81133
2015-08-18, 14.1200, 14.3100, 14.0440, 14.1600, 158005
2015-08-19, 14.0800, 14.1911, 13.8360, 14.1100, 260093
2015-08-20, 14.0300, 14.1500, 13.8620, 14.0900, 157956
2015-08-21, 13.8700, 14.1400, 13.5540, 13.7600, 296953
2015-08-24, 13.3000, 13.6300, 13.1000, 13.1700, 261279
2015-08-25, 13.4700, 13.4700, 12.8000, 12.8100, 265750
2015-08-26, 13.0200, 13.0300, 12.5700, 12.9900, 373469
2015-08-27, 13.1400, 13.3100, 12.8900, 13.0200, 139121
2015-08-28, 13.0000, 13.1800, 12.8400, 13.0100, 204725
2015-08-31, 13.0000, 13.1600, 12.9100, 12.9200, 201194
2015-09-01, 12.7400, 12.9300, 12.6900, 12.8600, 339317
2015-09-02, 12.9800, 13.0600, 12.8500, 13.0100, 241717
2015-09-03, 13.0300, 13.2300, 12.9000, 13.0300, 116796
2015-09-04, 12.9200, 13.0200, 12.7600, 12.8200, 88292
2015-09-08, 13.8200, 13.8200, 12.7020, 12.9400, 157866
2015-09-09, 13.0000, 13.0500, 12.6600, 12.6900, 126730
2015-09-10, 12.6500, 12.9400, 12.6500, 12.7700, 230364
2015-09-11, 12.7700, 13.0700, 12.7700, 13.0000, 194188
2015-09-14, 13.0000, 13.0200, 12.8400, 12.9200, 101860
2015-09-15, 12.9900, 13.1500, 12.8800, 13.0900, 139340
2015-09-16, 13.0800, 13.2800, 13.0800, 13.1700, 104555
2015-09-17, 13.1800, 13.5999, 13.1100, 13.4300, 167974
2015-09-18, 13.4500, 13.6600, 13.2300, 13.6200, 579639
2015-09-21, 13.3100, 13.6500, 13.3100, 13.5900, 208798
2015-09-22, 13.4900, 13.6300, 13.3300, 13.4500, 141395
2015-09-23, 13.4800, 13.6680, 13.3900, 13.5800, 185512
2015-09-24, 13.5500, 13.5600, 13.3400, 13.5100, 173611
2015-09-25, 13.5500, 13.8500, 13.4000, 13.7600, 322403
2015-09-28, 13.6000, 13.6000, 13.4000, 13.4500, 387398
2015-09-29, 13.4900, 13.7100, 13.4300, 13.6600, 337558
2015-09-30, 13.7600, 13.8300, 13.6000, 13.7900, 324261
2015-10-01, 13.8100, 13.9700, 13.6500, 13.9500, 353384
2015-10-02, 13.8700, 13.9800, 13.7400, 13.9200, 208907
2015-10-05, 13.9500, 14.3500, 13.9300, 14.3300, 197463
2015-10-06, 14.3100, 14.4300, 14.1600, 14.3000, 183784
2015-10-07, 14.3300, 14.5000, 14.3000, 14.3900, 365616
2015-10-08, 14.3400, 14.6300, 14.3200, 14.6300, 156402
2015-10-09, 14.7100, 14.7800, 14.5880, 14.7400, 137651
2015-10-12, 14.7700, 14.9500, 14.6400, 14.7000, 124239
2015-10-13, 14.6600, 14.8600, 14.5250, 14.7200, 162230
2015-10-14, 14.7300, 14.9000, 14.5100, 14.5400, 148470
2015-10-15, 14.6100, 14.7600, 14.5600, 14.6100, 491913
2015-10-16, 14.6300, 14.6900, 14.5500, 14.6900, 536846
2015-10-19, 14.6400, 15.0000, 14.6400, 14.9000, 357514
2015-10-20, 14.8900, 15.0400, 14.8300, 14.9800, 1398224
2015-10-21, 15.0000, 15.1000, 14.9100, 14.9500, 306630
2015-10-22, 15.0100, 15.4000, 15.0000, 15.2400, 1168176
2015-10-23, 15.3400, 15.3600, 15.1200, 15.2800, 498217
2015-10-26, 15.2500, 15.3300, 15.0800, 15.2500, 377147
2015-10-27, 15.2600, 15.3600, 15.1100, 15.3400, 406975
2015-10-28, 15.3200, 15.4900, 15.0800, 15.3200, 329376
2015-10-29, 15.3100, 15.4100, 15.1800, 15.2800, 179321
2015-10-30, 15.2600, 15.2900, 15.0700, 15.1500, 224430
2015-11-02, 15.2300, 15.4400, 15.1500, 15.3600, 438223
2015-11-03, 15.3300, 15.4000, 15.1200, 15.3200, 465217
2015-11-04, 15.3400, 15.3900, 15.1200, 15.2400, 213068
2015-11-05, 15.3500, 15.5000, 15.0100, 15.1700, 480586
2015-11-06, 15.0300, 15.2200, 14.7800, 15.0100, 403575
2015-11-09, 14.9600, 15.1000, 14.8100, 15.0700, 386279
2015-11-10, 15.0900, 15.2250, 15.0800, 15.1800, 537944
2015-11-11, 15.2100, 15.4000, 15.1400, 15.3400, 1332073
2015-11-12, 15.3300, 15.4300, 15.2400, 15.2800, 384982
2015-11-13, 15.2200, 15.4300, 15.1700, 15.3000, 636393
2015-11-16, 15.2900, 15.5600, 15.1800, 15.4000, 908583
2015-11-17, 15.4200, 15.5700, 15.4000, 15.5600, 682827
2015-11-18, 15.5900, 16.0400, 15.5000, 15.9700, 457451
2015-11-19, 15.9500, 16.2500, 15.9500, 16.0900, 373872
2015-11-20, 16.1700, 16.4500, 16.1500, 16.4100, 510257
2015-11-23, 16.3800, 16.7300, 16.3800, 16.5000, 474488
2015-11-24, 16.3800, 16.5100, 16.2800, 16.3800, 320546
2015-11-25, 16.3700, 16.4900, 16.3300, 16.4300, 290581
2015-11-27, 16.4000, 16.7300, 16.4000, 16.6600, 232253
2015-11-30, 16.6800, 16.7500, 16.1100, 16.1100, 4566429
2015-12-01, 16.0700, 16.4100, 16.0500, 16.1100, 645589
2015-12-02, 16.1400, 16.2000, 15.7600, 15.8300, 505158
2015-12-03, 15.8300, 15.8600, 15.4600, 15.5500, 387900
2015-12-04, 15.5600, 15.9100, 15.5600, 15.7800, 324327
2015-12-07, 15.7700, 15.8200, 15.6100, 15.7200, 336332
2015-12-08, 15.6400, 15.8800, 15.6000, 15.8300, 324086
2015-12-09, 15.8000, 15.9300, 15.7200, 15.8900, 400953
2015-12-10, 15.8800, 16.1100, 15.8600, 15.9000, 316156
2015-12-11, 15.7500, 16.1300, 15.7500, 15.8200, 542532
2015-12-14, 15.7300, 15.9300, 15.6800, 15.8500, 345845
2015-12-15, 15.6500, 16.0200, 15.2800, 15.9000, 633780
2015-12-16, 16.1200, 16.3700, 15.7550, 16.3500, 766556
2015-12-17, 16.3900, 16.4900, 16.2200, 16.3500, 591670
2015-12-18, 16.2200, 16.2900, 16.0200, 16.1000, 1191463
2015-12-21, 16.1800, 16.2000, 15.9600, 16.0600, 276206
2015-12-22, 16.0900, 16.3900, 16.0500, 16.3900, 376682
2015-12-23, 16.4400, 16.8800, 16.3900, 16.6100, 683389
2015-12-24, 16.6100, 16.6550, 16.4700, 16.5300, 179100
2015-12-28, 16.4700, 16.6600, 16.4200, 16.6300, 258820
2015-12-29, 16.5200, 16.7600, 16.5000, 16.5700, 228425
2015-12-30, 16.5800, 16.6510, 16.5000, 16.5200, 200510
2015-12-31, 16.5500, 16.7200, 16.3600, 16.3600, 448302
2016-01-04, 16.1600, 16.1900, 15.8900, 16.0600, 363638
2016-01-05, 16.1000, 16.3270, 16.0200, 16.2900, 231780
2016-01-06, 16.1200, 16.3600, 16.1050, 16.3400, 197948
2016-01-07, 16.1200, 16.3200, 15.9400, 15.9700, 194007
2016-01-08, 16.0300, 16.0500, 15.5600, 15.5900, 234774
2016-01-11, 15.6100, 15.9100, 15.6100, 15.8500, 245818
2016-01-12, 15.9400, 15.9400, 15.7000, 15.9100, 322787
2016-01-13, 15.9700, 16.1400, 15.5400, 15.6300, 235574
2016-01-14, 15.6500, 15.8300, 15.4900, 15.7500, 316781
2016-01-15, 15.4700, 15.7200, 15.3850, 15.7000, 460391
2016-01-19, 15.7600, 15.9185, 15.6500, 15.7900, 331446
2016-01-20, 15.6600, 15.6600, 15.1400, 15.4700, 340577
2016-01-21, 15.5200, 15.6300, 15.2900, 15.4300, 268138
2016-01-22, 15.6200, 15.8800, 15.3700, 15.8200, 245535
2016-01-25, 15.8200, 15.9700, 15.6400, 15.8800, 385200
2016-01-26, 15.9200, 16.2500, 15.9200, 16.1800, 300642
2016-01-27, 16.1700, 16.1700, 15.6900, 15.7600, 606080
2016-01-28, 15.8200, 16.0800, 15.8100, 15.8600, 307916
2016-01-29, 15.9000, 16.3100, 15.9000, 16.2900, 500112
2016-02-01, 16.2600, 16.6800, 16.0400, 16.5500, 248055
2016-02-02, 16.4400, 16.6400, 16.3300, 16.5900, 411028
2016-02-03, 16.6600, 16.8500, 16.5300, 16.8300, 412901
2016-02-04, 16.7900, 16.9800, 16.7100, 16.9000, 601438
2016-02-05, 16.9000, 16.9000, 16.5900, 16.7400, 528665
2016-02-08, 16.6300, 16.6800, 16.2900, 16.4600, 509795
2016-02-09, 16.3700, 16.4600, 16.2100, 16.2800, 339314
2016-02-10, 16.3500, 16.4600, 16.2600, 16.3600, 412645
2016-02-11, 16.1300, 16.4300, 15.8100, 16.0900, 373333
2016-02-12, 16.1800, 16.3900, 16.0400, 16.3900, 357845
2016-02-16, 16.5500, 16.8100, 16.2000, 16.7500, 460903
2016-02-17, 16.7700, 16.8900, 16.6100, 16.8400, 362695
2016-02-18, 16.8700, 17.0500, 16.6500, 17.0200, 1012492
2016-02-19, 17.4400, 17.6400, 17.1300, 17.3400, 827203
2016-02-22, 17.3400, 17.4500, 17.0750, 17.2000, 746986
2016-02-23, 17.2000, 17.3400, 17.0300, 17.1500, 348714
2016-02-24, 16.9500, 17.0300, 16.5000, 16.9900, 454007
2016-02-25, 17.0400, 17.3250, 17.0400, 17.3000, 310782
2016-02-26, 17.3000, 17.4300, 16.9200, 17.0400, 397527
2016-02-29, 17.0400, 17.2250, 16.8000, 16.8500, 369842
2016-03-01, 16.9100, 17.1650, 16.8000, 17.1300, 257704
2016-03-02, 17.0600, 17.2000, 17.0100, 17.1900, 305123
2016-03-03, 17.1600, 17.2100, 16.9400, 17.1300, 273896
2016-03-04, 17.1200, 17.1700, 16.8900, 17.1000, 262612
2016-03-07, 17.0600, 17.3400, 17.0100, 17.2400, 245120
2016-03-08, 17.2400, 17.4900, 17.0800, 17.2100, 228769
2016-03-09, 17.2000, 17.4700, 17.2000, 17.3100, 171619
2016-03-10, 17.4600, 17.5850, 17.1500, 17.2900, 168835
2016-03-11, 17.4200, 17.6200, 17.3400, 17.6200, 263685
2016-03-14, 17.6100, 17.7200, 17.2700, 17.2900, 137353
2016-03-15, 17.2700, 17.5800, 17.1900, 17.5000, 206789
2016-03-16, 17.4200, 17.8500, 17.4100, 17.7400, 166566
2016-03-17, 17.7400, 18.2100, 17.6600, 18.1500, 535465
2016-03-18, 18.2500, 18.4400, 18.0600, 18.3600, 1304391
2016-03-21, 18.2900, 18.4400, 17.7700, 17.8100, 358294
2016-03-22, 17.8000, 18.0650, 17.6300, 18.0200, 260155
2016-03-23, 17.9500, 18.0000, 17.6900, 17.7100, 370360
2016-03-24, 17.7000, 17.7000, 17.3700, 17.6000, 332100
2016-03-28, 17.6700, 17.8300, 17.6000, 17.7100, 143524
2016-03-29, 17.5900, 18.2300, 17.5900, 18.1700, 307938
2016-03-30, 18.2200, 18.2200, 18.0900, 18.1300, 190043
2016-03-31, 18.1800, 18.2400, 17.9700, 18.1600, 255767
2016-04-01, 18.0500, 18.2100, 17.9800, 18.2000, 192374
2016-04-04, 18.2100, 18.2100, 17.9500, 18.0000, 139198
2016-04-05, 17.9500, 18.0000, 17.7600, 17.8500, 194192
2016-04-06, 17.8300, 17.9100, 17.7000, 17.8600, 208593
2016-04-07, 17.7800, 17.9300, 17.6000, 17.9000, 430796
2016-04-08, 17.9800, 18.1100, 17.7500, 17.8500, 250696
2016-04-11, 17.9100, 18.0900, 17.7400, 18.0100, 113532
2016-04-12, 18.2200, 18.3050, 18.0300, 18.0500, 5441666
2016-04-13, 18.0900, 18.4400, 17.9600, 18.4300, 803805
2016-04-14, 18.4000, 18.4150, 18.2000, 18.2400, 488338
2016-04-15, 18.2700, 18.5800, 18.1500, 18.5500, 605391
2016-04-18, 18.5000, 18.7700, 18.3300, 18.7500, 632163
2016-04-19, 18.8400, 18.9000, 18.7153, 18.7800, 1026266
2016-04-20, 18.7500, 18.9900, 18.4400, 18.6400, 853802
2016-04-21, 18.6800, 18.8500, 18.4400, 18.4400, 523783
2016-04-22, 18.4500, 18.8500, 18.4500, 18.7900, 1043415
2016-04-25, 18.7900, 18.9300, 18.7200, 18.9200, 491150
2016-04-26, 18.9500, 19.1300, 18.8250, 19.1200, 773707
2016-04-27, 19.2100, 19.2500, 18.8900, 19.1600, 708731
2016-04-28, 19.0800, 19.2400, 18.8450, 18.9400, 454236
2016-04-29, 18.8700, 18.9100, 18.5300, 18.7700, 1895550
2016-05-02, 18.8900, 19.2100, 18.8900, 19.2100, 510009
2016-05-03, 19.2000, 19.3100, 18.9250, 19.0400, 411420
2016-05-04, 18.9600, 19.4300, 18.8210, 19.3700, 551632
2016-05-05, 19.3700, 19.7700, 19.2650, 19.4600, 411399
2016-05-06, 19.4800, 19.7100, 19.2401, 19.6900, 248622
2016-05-09, 19.6700, 19.8100, 19.5400, 19.6900, 453552
2016-05-10, 19.7200, 20.1100, 19.6000, 19.9900, 570806
2016-05-11, 19.9600, 19.9600, 19.2700, 19.4500, 392711
2016-05-12, 19.5100, 19.6900, 19.3100, 19.6400, 290324
2016-05-13, 19.6300, 19.8500, 19.4600, 19.7400, 470013
2016-05-16, 19.8000, 20.0100, 19.7000, 19.9100, 345251
2016-05-17, 19.8800, 19.8950, 19.4300, 19.5900, 369870
2016-05-18, 19.5800, 19.7200, 19.2900, 19.4900, 317420
2016-05-19, 19.3400, 19.4200, 19.1100, 19.2700, 230473
2016-05-20, 19.3600, 19.5800, 19.2600, 19.4000, 323036
2016-05-23, 19.4400, 19.4900, 19.3200, 19.4300, 184351
2016-05-24, 19.5600, 19.9400, 19.5600, 19.9100, 433452
2016-05-25, 19.9300, 19.9381, 19.6300, 19.6700, 301242
2016-05-26, 19.7000, 19.9000, 19.6200, 19.8300, 187715
2016-05-27, 19.8900, 20.0200, 19.8100, 19.8900, 203495
2016-05-31, 19.9600, 19.9600, 19.6700, 19.9000, 407208
2016-06-01, 19.8700, 20.0300, 19.8200, 19.9800, 308424
2016-06-02, 19.9500, 20.0600, 19.8400, 19.9600, 210222
2016-06-03, 20.0800, 20.2300, 19.9300, 20.0900, 274275
2016-06-06, 20.0600, 20.2688, 19.9500, 20.0400, 343666
2016-06-07, 20.1000, 20.2400, 19.9300, 20.1000, 392856
2016-06-08, 20.1100, 20.3500, 20.0700, 20.3500, 393767
2016-06-09, 20.3500, 20.7600, 20.3100, 20.7200, 488766
2016-06-10, 20.6200, 20.8700, 20.5903, 20.8400, 347063
2016-06-13, 20.8700, 21.0700, 20.6600, 20.7500, 455797
2016-06-14, 20.7500, 20.7500, 20.4400, 20.5700, 424954
2016-06-15, 20.6600, 21.0050, 20.5880, 20.7700, 541661
2016-06-16, 20.6600, 20.8800, 20.5300, 20.8700, 320312
2016-06-17, 20.9300, 21.1200, 20.6700, 21.0700, 1222372
2016-06-20, 21.2000, 21.3250, 20.8000, 20.8400, 456333
2016-06-21, 20.8600, 21.0900, 20.7600, 20.9800, 347702
2016-06-22, 21.0500, 21.0550, 20.8600, 21.0100, 298619
2016-06-23, 21.1200, 21.1700, 20.8500, 20.9900, 248786
2016-06-24, 20.5800, 21.0200, 20.3300, 20.9000, 1923681
2016-06-27, 20.9200, 21.0011, 20.2700, 20.4300, 517751
2016-06-28, 20.5900, 20.7200, 20.3600, 20.5600, 451837
2016-06-29, 20.7300, 21.1600, 20.7300, 21.1000, 955704
2016-06-30, 21.1900, 21.4200, 20.9600, 21.0900, 1027963
2016-07-01, 21.2000, 21.3050, 21.0500, 21.0800, 560499
2016-07-05, 21.0800, 21.2900, 21.0400, 21.2900, 500707
2016-07-06, 21.2900, 21.3600, 21.0800, 21.1900, 369057
2016-07-07, 21.1700, 21.2300, 20.7700, 20.9100, 450533
2016-07-08, 21.0900, 21.4400, 20.9800, 21.3900, 419159
2016-07-11, 21.4400, 21.7601, 21.2700, 21.6700, 428729
2016-07-12, 21.5800, 21.6900, 21.4500, 21.5700, 383086
2016-07-13, 21.5400, 21.7400, 21.4500, 21.6900, 368660
2016-07-14, 21.6100, 21.7400, 21.3400, 21.4000, 241370
2016-07-15, 21.4300, 21.6100, 21.2600, 21.5900, 424972
2016-07-18, 21.5800, 21.8100, 21.5500, 21.7400, 500680
2016-07-19, 21.8000, 22.1500, 21.7200, 22.1200, 390660
2016-07-20, 22.1200, 22.3600, 22.0500, 22.2900, 445671
2016-07-21, 22.2300, 22.2500, 21.9200, 22.0700, 221453
2016-07-22, 22.0500, 22.2600, 21.9200, 22.0500, 417181
2016-07-25, 22.1600, 22.2600, 22.0300, 22.1600, 252946
2016-07-26, 22.1800, 22.2700, 22.0100, 22.1500, 273145
2016-07-27, 22.1400, 22.2200, 21.9700, 22.1300, 259176
2016-07-28, 22.0900, 22.4700, 22.0200, 22.4200, 209938
2016-07-29, 22.3400, 22.9000, 22.3400, 22.8600, 614565
2016-08-01, 22.8900, 22.9700, 22.6900, 22.9700, 271420
2016-08-02, 22.9000, 22.9500, 22.4050, 22.4500, 560678
2016-08-03, 22.4200, 22.4700, 22.1400, 22.1900, 458443
2016-08-04, 22.2300, 22.6200, 22.0800, 22.2100, 589712
2016-08-05, 22.3500, 22.3800, 22.1000, 22.1500, 483694
2016-08-08, 22.1300, 22.2550, 21.9900, 21.9900, 247635
2016-08-09, 22.0100, 22.3100, 21.9400, 22.2500, 251820
2016-08-10, 22.2300, 22.4600, 22.2200, 22.3400, 401140
2016-08-11, 22.3400, 22.5200, 22.1700, 22.4700, 403766
2016-08-12, 22.5000, 22.7700, 22.3900, 22.4700, 281095
2016-08-15, 22.5500, 22.5500, 22.2650, 22.4100, 314221
2016-08-16, 22.2400, 22.2600, 21.8200, 22.0300, 266456
2016-08-17, 22.1100, 22.1100, 21.8450, 22.0000, 294428
2016-08-18, 22.0600, 22.2100, 22.0100, 22.2100, 318931
2016-08-19, 22.1600, 22.1600, 21.9150, 21.9400, 249937
2016-08-22, 22.0200, 22.1200, 21.9000, 22.0700, 180015
2016-08-23, 22.1000, 22.3400, 22.0100, 22.1400, 311594
2016-08-24, 22.2000, 22.2000, 21.7650, 21.9600, 194895
2016-08-25, 21.9900, 22.1800, 21.8300, 22.0600, 197515
2016-08-26, 22.1900, 22.3500, 21.8250, 21.9700, 239967
2016-08-29, 22.1600, 22.3550, 21.8800, 22.3000, 198698
2016-08-30, 22.3200, 22.3200, 22.0800, 22.2700, 129404
2016-08-31, 22.2800, 22.4100, 22.0600, 22.3300, 439157
2016-09-01, 22.3900, 22.5400, 22.1700, 22.4900, 514128
2016-09-02, 22.5700, 22.9800, 22.5700, 22.8200, 191989
2016-09-06, 22.9000, 23.0200, 22.6700, 22.7900, 276113
2016-09-07, 22.7300, 23.0050, 22.6000, 22.9800, 250700
2016-09-08, 22.9400, 22.9400, 22.5400, 22.6600, 151199
2016-09-09, 22.3900, 22.3900, 21.6600, 21.6700, 302159
2016-09-12, 21.6500, 21.9900, 21.4000, 21.9300, 347298
2016-09-13, 21.8000, 21.8000, 21.3800, 21.4400, 284457
2016-09-14, 21.5300, 21.6700, 21.4300, 21.4800, 243433
2016-09-15, 21.4400, 21.6000, 21.3200, 21.3800, 208139
2016-09-16, 21.3000, 21.5700, 21.0400, 21.4600, 701415
2016-09-19, 21.6200, 21.9600, 21.4600, 21.9600, 214842
2016-09-20, 22.1000, 22.1900, 21.9200, 21.9900, 772851
2016-09-21, 22.0600, 22.2700, 21.5800, 22.2500, 257397
2016-09-22, 22.4800, 22.8300, 22.4000, 22.8100, 174783
2016-09-23, 22.7600, 23.1200, 22.4200, 23.0900, 390529
2016-09-26, 23.0800, 23.3800, 22.9600, 23.1700, 650738
2016-09-27, 23.2500, 23.2900, 23.0500, 23.0700, 233355
2016-09-28, 23.0000, 23.1000, 22.8600, 23.0500, 174719
2016-09-29, 22.9000, 23.0400, 22.6400, 22.9000, 134265
2016-09-30, 23.1300, 23.1800, 22.6200, 22.8900, 459548
2016-10-03, 22.8800, 22.8800, 22.2850, 22.3400, 184285
2016-10-04, 22.3500, 22.3600, 21.8700, 22.0100, 252067
2016-10-05, 22.0000, 22.0600, 21.5000, 21.5000, 267765
2016-10-06, 21.5000, 21.6000, 21.1300, 21.4900, 251599
2016-10-07, 21.5900, 21.7400, 21.2700, 21.3300, 426492
2016-10-10, 21.4100, 21.8100, 21.3550, 21.7800, 279963
2016-10-11, 21.5700, 21.6700, 21.2700, 21.3000, 412923
2016-10-12, 21.2700, 21.7580, 21.2700, 21.6800, 146076
2016-10-13, 21.7100, 22.0700, 21.5000, 21.9500, 218177
2016-10-14, 21.9700, 22.1200, 21.6300, 21.8700, 169199
2016-10-17, 21.9600, 22.1200, 21.9100, 21.9900, 175294
2016-10-18, 22.1900, 22.3700, 22.0400, 22.2000, 236298
2016-10-19, 22.1500, 22.4300, 22.0700, 22.2300, 312674
2016-10-20, 22.1600, 22.2700, 21.9600, 22.1500, 207712
2016-10-21, 21.9700, 22.1700, 21.9300, 21.9900, 127549
2016-10-24, 22.1200, 22.3600, 21.8800, 21.9500, 321712
2016-10-25, 21.8700, 21.9100, 21.6100, 21.7600, 352364
2016-10-26, 21.6900, 21.6900, 21.3200, 21.4100, 296598
2016-10-27, 21.4100, 21.4500, 20.9500, 21.0600, 679151
2016-10-28, 21.0000, 21.1200, 20.8500, 20.9300, 325089
2016-10-31, 21.0000, 21.0700, 20.8600, 21.0600, 779735
2016-11-01, 21.0500, 21.1500, 20.5700, 20.6800, 510010
2016-11-02, 20.6300, 20.7900, 20.5400, 20.5700, 406288
2016-11-03, 20.6100, 20.8500, 20.4600, 20.5700, 618555
2016-11-04, 20.5900, 20.7500, 20.4300, 20.6700, 369299
2016-11-07, 20.9700, 21.1750, 20.9300, 21.0200, 341855
2016-11-08, 20.9800, 21.1700, 20.8500, 21.0600, 375280
2016-11-09, 20.5600, 20.8400, 20.1800, 20.6800, 528431
2016-11-10, 20.6800, 20.7700, 20.0500, 20.4700, 539970
2016-11-11, 20.5000, 21.0200, 20.2100, 20.2700, 1008921
2016-11-14, 20.2800, 21.0950, 20.1550, 21.0300, 530461
2016-11-15, 21.1700, 21.2500, 20.7800, 20.9500, 249807
2016-11-16, 20.9300, 21.2200, 20.7700, 21.2000, 199533
2016-11-17, 21.2000, 21.4800, 21.1950, 21.3300, 292548
2016-11-18, 21.3400, 22.0200, 21.3400, 22.0100, 508358
2016-11-21, 22.1500, 22.2750, 21.8000, 21.8500, 534179
2016-11-22, 21.9700, 22.5500, 21.7900, 22.5300, 299006
2016-11-23, 22.3000, 22.3800, 22.1200, 22.1900, 172791
2016-11-25, 22.1500, 22.3800, 22.1300, 22.2200, 118923
2016-11-28, 22.2500, 22.4400, 22.1600, 22.2300, 211297
2016-11-29, 22.2500, 22.7200, 22.2200, 22.4500, 287099
2016-11-30, 22.3300, 22.3600, 22.0000, 22.0900, 337477
2016-12-01, 21.9800, 22.1450, 21.5600, 21.7700, 286671
2016-12-02, 21.8700, 22.3000, 21.6387, 21.7400, 244406
2016-12-05, 21.8200, 22.0700, 21.7100, 21.9700, 260783
2016-12-06, 22.0400, 22.1600, 21.8600, 22.0000, 439002
2016-12-07, 22.1000, 22.4400, 22.0100, 22.4100, 294130
2016-12-08, 22.4300, 23.0100, 22.2900, 22.9600, 296370
2016-12-09, 22.8900, 23.2700, 22.8900, 23.0100, 252654
2016-12-12, 22.9800, 23.2450, 22.8600, 23.1400, 382864
2016-12-13, 23.1800, 23.4100, 22.9600, 23.2400, 298725
2016-12-14, 23.2500, 23.5040, 22.5700, 22.5900, 198987
2016-12-15, 22.4800, 23.0900, 22.3800, 22.7600, 500562
2016-12-16, 22.8300, 23.5100, 22.8300, 23.1600, 714580
2016-12-19, 23.3900, 23.4100, 23.0300, 23.1600, 406584
2016-12-20, 23.1700, 23.3900, 23.0800, 23.2700, 555227
2016-12-21, 23.2500, 23.6000, 23.0900, 23.0900, 256349
2016-12-22, 23.0900, 23.1700, 22.8800, 23.0200, 296447
2016-12-23, 23.1300, 23.2500, 22.8400, 23.1500, 535141
2016-12-27, 23.2300, 23.2700, 23.0100, 23.1400, 250147
2016-12-28, 23.0000, 23.0000, 22.6000, 22.7100, 153281
2016-12-29, 22.7000, 23.1200, 22.7000, 23.0700, 196048
2016-12-30, 23.0400, 23.3200, 23.0000, 23.1900, 451270
2017-01-03, 23.3600, 23.5000, 23.1210, 23.2800, 239214
2017-01-04, 23.4000, 23.9300, 23.2600, 23.8800, 288663
2017-01-05, 23.7400, 24.1000, 23.4700, 23.9700, 333073
2017-01-06, 23.9100, 24.3200, 23.8700, 24.1500, 332248
2017-01-09, 24.3500, 24.3900, 23.9300, 23.9400, 383624
2017-01-10, 23.9800, 24.0200, 23.8000, 23.8800, 294505
2017-01-11, 23.8600, 24.0200, 23.6400, 23.6600, 222681
2017-01-12, 23.6600, 23.7100, 23.2800, 23.7000, 134540
2017-01-13, 23.7100, 23.8000, 23.4400, 23.4900, 167197
2017-01-17, 23.5900, 23.8900, 23.4500, 23.7000, 217406
2017-01-18, 23.7300, 24.0200, 23.6600, 23.8500, 221747
2017-01-19, 23.7400, 23.7800, 23.4500, 23.4800, 196202
2017-01-20, 23.4300, 23.8100, 23.4300, 23.7800, 322670
2017-01-23, 23.7400, 24.0300, 23.6400, 23.9900, 168985
2017-01-24, 24.0300, 24.2100, 23.7500, 24.0600, 499057
2017-01-25, 24.0800, 24.0921, 23.8100, 23.9400, 262177
2017-01-26, 23.9100, 24.0700, 23.5500, 23.6100, 184704
2017-01-27, 23.6000, 23.6000, 22.7200, 22.8400, 228101
2017-01-30, 22.8500, 22.8700, 22.4150, 22.5100, 270403
2017-01-31, 22.5100, 23.0800, 22.5000, 22.7100, 290744
2017-02-01, 22.7100, 22.9400, 22.3500, 22.4000, 226209
2017-02-02, 22.4900, 22.6000, 22.3950, 22.5200, 338484
2017-02-03, 22.6800, 23.0300, 22.6100, 22.9500, 330869
2017-02-06, 22.9300, 22.9400, 22.4500, 22.5200, 268000
2017-02-07, 22.5400, 22.5500, 22.0600, 22.1600, 366932
2017-02-08, 22.1900, 22.4400, 22.0900, 22.3700, 251679
2017-02-09, 22.3900, 22.5300, 22.3500, 22.4800, 324173
2017-02-10, 22.5100, 22.8000, 22.5100, 22.7500, 121853
2017-02-13, 22.8300, 22.9300, 22.5100, 22.6800, 585443
2017-02-14, 22.6100, 22.7400, 22.4100, 22.6700, 412260
2017-02-15, 22.4700, 22.5200, 22.1900, 22.4800, 138299
2017-02-16, 22.5500, 22.7100, 22.4100, 22.6800, 186713
2017-02-17, 22.8800, 23.1550, 22.6900, 22.9200, 880414
2017-02-21, 22.9800, 23.4300, 22.8600, 23.2800, 593471
2017-02-22, 23.2400, 23.3000, 22.9500, 23.1000, 286776
2017-02-23, 23.1000, 23.2300, 22.8280, 23.0300, 526695
2017-02-24, 23.0200, 23.3400, 22.9400, 23.2000, 328673
2017-02-27, 23.1900, 23.3500, 23.0800, 23.2600, 347108
2017-02-28, 23.1700, 23.2850, 22.8450, 22.9800, 396234
2017-03-01, 23.0100, 23.0900, 22.8500, 23.0400, 388056
2017-03-02, 23.0100, 23.0100, 22.7100, 22.9700, 292497
2017-03-03, 22.9400, 22.9900, 22.5300, 22.7900, 345836
2017-03-06, 22.6600, 22.7600, 22.4400, 22.5100, 256630
2017-03-07, 22.4500, 22.5900, 22.3800, 22.4500, 194711
2017-03-08, 22.3300, 22.4400, 22.0800, 22.0800, 182733
2017-03-09, 22.0900, 22.2400, 21.7100, 21.7200, 244788
2017-03-10, 21.9100, 21.9700, 21.5200, 21.6500, 277707
2017-03-13, 21.6100, 21.8300, 21.5587, 21.6600, 166577
2017-03-14, 21.5600, 21.6600, 21.3400, 21.5400, 323952
2017-03-15, 21.6600, 22.1900, 21.6200, 21.9600, 306048
2017-03-16, 21.8800, 22.1000, 21.8000, 21.9800, 300959
2017-03-17, 21.8500, 22.1900, 21.8200, 22.1100, 853859
2017-03-20, 22.1000, 22.1500, 21.9100, 22.0200, 610639
2017-03-21, 22.0800, 22.1300, 21.9100, 22.0000, 471820
2017-03-22, 22.0400, 22.0800, 21.6100, 21.8800, 493153
2017-03-23, 21.8400, 22.4200, 21.8300, 22.1800, 488715
2017-03-24, 22.2700, 22.5400, 22.2100, 22.3700, 459817
2017-03-27, 22.2400, 22.3900, 21.8800, 22.0500, 414632
2017-03-28, 22.0100, 22.1500, 21.8100, 22.1400, 242847
2017-03-29, 21.9600, 22.1600, 21.9301, 22.1600, 167495
2017-03-30, 22.1400, 22.2150, 21.9200, 22.2000, 175297
2017-03-31, 22.1500, 22.5850, 22.1000, 22.5200, 582358
2017-04-03, 22.5000, 22.6900, 22.3400, 22.6000, 241921
2017-04-04, 22.5600, 22.8200, 22.5600, 22.7700, 245629
2017-04-05, 22.7400, 23.0600, 22.7400, 22.9400, 337807
2017-04-06, 22.9600, 23.4100, 22.8900, 23.3000, 438176
2017-04-07, 23.3700, 23.6000, 23.3200, 23.5400, 338302
2017-04-10, 23.5400, 23.8600, 23.3100, 23.8100, 379367
2017-04-11, 23.7700, 24.2750, 23.7000, 24.2400, 461903
2017-04-12, 24.2200, 24.4100, 24.1800, 24.3800, 294527
2017-04-13, 24.3600, 24.5300, 24.2800, 24.3400, 418536
2017-04-17, 24.4000, 24.6800, 24.3700, 24.6700, 203595
2017-04-18, 24.6800, 24.8400, 24.5700, 24.6000, 276770
2017-04-19, 24.5300, 24.7600, 24.4900, 24.5900, 518802
2017-04-20, 24.5500, 24.7000, 24.3900, 24.6700, 226798
2017-04-21, 24.6300, 24.8700, 24.5500, 24.8000, 227220
2017-04-24, 24.9700, 24.9700, 24.4900, 24.6000, 303214
2017-04-25, 24.6400, 25.0500, 24.6050, 24.9100, 241031
2017-04-26, 24.8400, 25.2500, 24.7100, 25.1300, 431494
2017-04-27, 25.1900, 25.3500, 25.1300, 25.2700, 381230
2017-04-28, 25.2700, 25.2700, 24.8000, 24.9400, 239115
2017-05-01, 25.0100, 25.2500, 24.8800, 25.1900, 179917
2017-05-02, 25.2000, 25.3100, 24.9280, 25.0100, 476890
2017-05-03, 25.0300, 25.0800, 24.7300, 24.8300, 442523
2017-05-04, 24.8500, 25.4400, 24.6500, 25.2900, 573841
2017-05-05, 25.3300, 25.7500, 25.2700, 25.5700, 410905
2017-05-08, 25.6200, 25.6618, 25.2700, 25.4100, 369585
2017-05-09, 25.4700, 25.4800, 25.0400, 25.1900, 311033
2017-05-10, 25.1800, 25.4700, 25.1400, 25.3100, 330064
2017-05-11, 25.2100, 25.4500, 25.0700, 25.3200, 344276
2017-05-12, 25.3300, 25.5500, 25.2100, 25.3700, 305848
2017-05-15, 25.4800, 25.5900, 25.2800, 25.3700, 305532
2017-05-16, 25.4100, 25.5200, 25.2800, 25.4400, 291825
2017-05-17, 25.3700, 25.9600, 25.3400, 25.7200, 652678
2017-05-18, 25.7000, 26.0300, 25.5300, 25.7200, 400321
2017-05-19, 25.7000, 26.3975, 25.6000, 26.2400, 1106429
2017-05-22, 26.3000, 26.4100, 26.0700, 26.3300, 465354
2017-05-23, 26.4300, 26.6700, 26.2900, 26.5500, 494917
2017-05-24, 26.5900, 27.0500, 26.3000, 26.9500, 2653858
2017-05-25, 27.0600, 27.4400, 26.8900, 27.3500, 513235
2017-05-26, 27.4200, 27.6800, 27.2200, 27.3500, 388342
2017-05-30, 27.3600, 27.5400, 27.1600, 27.1700, 428761
2017-05-31, 27.2100, 27.3650, 27.0500, 27.2500, 605711
2017-06-01, 27.2400, 27.5300, 27.0900, 27.4700, 544699
2017-06-02, 27.6200, 28.2500, 27.6200, 28.0800, 1212145
2017-06-05, 28.0500, 28.1100, 27.6000, 27.7400, 657250
2017-06-06, 27.7300, 27.8700, 27.4800, 27.5300, 554171
2017-06-07, 27.5100, 27.7900, 27.4200, 27.5700, 490481
2017-06-08, 27.6400, 27.6900, 27.2700, 27.4800, 603972
2017-06-09, 27.4800, 27.8950, 27.3300, 27.8900, 732446
2017-06-12, 27.8800, 28.0800, 27.6900, 27.8800, 741402
2017-06-13, 27.8100, 28.1000, 27.5700, 27.9600, 505985
2017-06-14, 28.1900, 28.3700, 27.5100, 27.6500, 658769
2017-06-15, 27.4700, 27.8500, 27.4100, 27.8200, 426003
2017-06-16, 27.6400, 27.8300, 27.4000, 27.5400, 1617968
2017-06-19, 27.5000, 27.6500, 27.1300, 27.6500, 439442
2017-06-20, 27.6900, 27.6900, 27.1700, 27.4100, 447008
2017-06-21, 27.4400, 27.5800, 27.3600, 27.3800, 266952
2017-06-22, 27.4500, 27.7500, 27.1600, 27.2400, 327372
2017-06-23, 27.3400, 28.1200, 27.1100, 27.5400, 706152
2017-06-26, 27.6300, 27.9400, 27.4600, 27.8300, 532197
2017-06-27, 27.7900, 27.9100, 27.4400, 27.4400, 359978
2017-06-28, 27.3700, 27.6300, 27.1800, 27.4400, 437510
2017-06-29, 27.3500, 27.3500, 26.9900, 27.2600, 325263
2017-06-30, 27.2800, 27.5400, 27.2300, 27.4400, 537997
2017-07-03, 27.5900, 27.7200, 27.1425, 27.6600, 189855
2017-07-05, 27.6200, 27.7100, 27.2900, 27.4500, 316837
2017-07-06, 27.2800, 27.3700, 26.9100, 26.9300, 351939
2017-07-07, 27.0100, 27.5200, 26.9000, 27.4600, 344600
2017-07-10, 27.4500, 27.5700, 27.1600, 27.1600, 246652
2017-07-11, 27.1200, 27.4650, 26.8900, 27.4600, 346799
2017-07-12, 27.7200, 28.2000, 27.4000, 27.6800, 617771
2017-07-13, 27.7900, 27.8800, 27.3200, 27.4600, 481702
2017-07-14, 27.5800, 27.6625, 27.4900, 27.5800, 425682
2017-07-17, 27.5700, 28.1000, 27.3500, 28.0900, 465955
2017-07-18, 28.0600, 28.2500, 27.7000, 28.0700, 444767
2017-07-19, 28.0900, 28.4600, 28.0800, 28.4500, 265798
2017-07-20, 28.4700, 28.4700, 27.9100, 27.9200, 334086
2017-07-21, 28.2100, 28.2100, 27.6000, 27.7800, 237949
2017-07-24, 27.7700, 27.8900, 27.5600, 27.7600, 195812
2017-07-25, 27.8100, 27.9750, 27.5800, 27.9000, 355930
2017-07-26, 27.9200, 28.2500, 27.8400, 28.1600, 233854
2017-07-27, 28.1500, 28.4000, 28.0000, 28.1500, 264238
2017-07-28, 28.1700, 28.3600, 28.1000, 28.1900, 224760
2017-07-31, 28.3100, 28.5400, 28.1600, 28.5200, 237238
2017-08-01, 28.6000, 29.0100, 28.4850, 28.9900, 320160
2017-08-02, 28.8900, 28.9900, 28.2400, 28.8600, 496739
2017-08-03, 28.8000, 29.0200, 27.9350, 28.0500, 2428104
2017-08-04, 28.0900, 28.2800, 27.8800, 28.0900, 503972
2017-08-07, 28.0800, 28.1600, 27.4500, 27.4900, 509760
2017-08-08, 27.4600, 27.7600, 27.2700, 27.4000, 588368
2017-08-09, 27.4400, 27.5400, 27.1300, 27.2300, 578779
2017-08-10, 27.1000, 27.6800, 27.0900, 27.5600, 578936
2017-08-11, 27.3000, 27.5800, 27.1000, 27.5400, 847662
2017-08-14, 27.7100, 28.5600, 27.6200, 28.5000, 519289
2017-08-15, 28.4500, 28.4600, 28.1800, 28.3100, 745989
2017-08-16, 28.3600, 28.9700, 28.1800, 28.8100, 2097979
2017-08-17, 28.7300, 28.8500, 28.3800, 28.4500, 529430
2017-08-18, 28.2600, 28.5000, 27.9600, 28.3600, 712829
2017-08-21, 28.3500, 28.9700, 28.1600, 28.9500, 426392
2017-08-22, 29.0000, 29.1200, 28.4700, 28.6300, 585233
2017-08-23, 28.5700, 29.1200, 28.5000, 29.0800, 356706
2017-08-24, 29.3100, 29.6000, 29.2700, 29.3300, 744654
2017-08-25, 29.4700, 29.5800, 29.1500, 29.3800, 457478
2017-08-28, 29.4400, 29.5400, 29.0000, 29.2100, 302226
2017-08-29, 29.1000, 29.5200, 29.0900, 29.3200, 656709
2017-08-30, 29.3200, 29.7900, 29.2600, 29.6700, 705212
2017-08-31, 29.7900, 30.3200, 29.7500, 30.0500, 765748
2017-09-01, 30.1000, 30.2000, 29.7700, 29.8000, 535614
2017-09-05, 29.9100, 30.1800, 29.8200, 29.9500, 739231
2017-09-06, 30.0500, 30.1800, 29.8800, 29.9400, 496246
2017-09-07, 30.0100, 30.2300, 29.9200, 30.0800, 572728
2017-09-08, 29.9500, 30.2400, 29.8500, 29.9400, 529830
2017-09-11, 30.1100, 30.5300, 30.0900, 30.4100, 495208
2017-09-12, 30.4000, 30.6000, 29.9700, 30.2100, 476821
2017-09-13, 30.3000, 30.4300, 30.0700, 30.1200, 1203164
2017-09-14, 30.0700, 30.5300, 29.9200, 30.2100, 984583
2017-09-15, 30.2500, 30.2500, 29.7900, 29.9600, 1310814
2017-09-18, 30.0000, 30.1000, 29.5600, 29.7500, 875240
2017-09-19, 29.8000, 29.9400, 29.4800, 29.8300, 1273154
2017-09-20, 29.9100, 29.9700, 29.7000, 29.8800, 490061
2017-09-21, 29.9300, 30.1300, 29.8300, 29.9800, 587491
2017-09-22, 29.9500, 30.1600, 29.2400, 29.5100, 1799520
2017-09-25, 29.6200, 29.8450, 29.3400, 29.5600, 600077
2017-09-26, 29.2000, 29.2000, 28.6900, 28.8000, 1012623
2017-09-27, 28.7300, 28.7300, 28.2100, 28.4500, 807429
2017-09-28, 28.3600, 28.6500, 28.2900, 28.5900, 675841
2017-09-29, 28.5100, 28.7400, 28.4600, 28.6200, 709949
2017-10-02, 28.7500, 29.2700, 28.6600, 29.1200, 521948
2017-10-03, 29.3100, 29.3100, 28.9900, 29.2200, 382607
2017-10-04, 29.2600, 29.3200, 29.0200, 29.3100, 376803
2017-10-05, 29.3500, 29.6800, 29.3500, 29.6400, 343597
2017-10-06, 29.4600, 29.6800, 29.3000, 29.6200, 594291
2017-10-09, 29.6200, 29.8100, 29.6200, 29.7700, 241324
2017-10-10, 29.9000, 30.0700, 29.8700, 30.0000, 274417
2017-10-11, 29.9800, 30.2400, 29.9800, 30.0500, 391426
2017-10-12, 30.0900, 30.5100, 30.0800, 30.4500, 495367
2017-10-13, 30.5300, 30.6600, 30.1700, 30.3100, 427033
2017-10-16, 30.3000, 30.5000, 30.0800, 30.3600, 291763
2017-10-17, 30.3100, 30.4300, 30.1500, 30.2600, 455607
2017-10-18, 30.1500, 30.3400, 30.1150, 30.1600, 571708
2017-10-19, 30.3000, 30.3000, 29.9400, 29.9700, 367746
2017-10-20, 30.0900, 30.1100, 29.8700, 29.9100, 384564
2017-10-23, 30.0000, 30.0000, 29.4500, 29.5900, 188467
2017-10-24, 29.6000, 29.7200, 29.1800, 29.2000, 632906
2017-10-25, 29.2200, 29.4000, 29.0600, 29.3900, 316310
2017-10-26, 29.4800, 29.5300, 29.1600, 29.3800, 241092
2017-10-27, 29.4400, 29.8600, 29.2700, 29.7400, 237530
2017-10-30, 29.7700, 29.7700, 29.3500, 29.5000, 352669
2017-10-31, 29.5600, 29.8000, 29.3050, 29.6900, 234917
2017-11-01, 27.4000, 30.3900, 27.1500, 29.9500, 493331
2017-11-02, 29.9200, 30.6100, 29.8400, 30.1500, 422489
2017-11-03, 30.0100, 30.3125, 29.8800, 30.1600, 462331
2017-11-06, 30.1800, 30.4500, 30.1700, 30.3300, 237719
2017-11-07, 30.2200, 30.6350, 30.1000, 30.1000, 331637
2017-11-08, 30.1600, 30.3600, 30.0000, 30.2100, 333911
2017-11-09, 30.1900, 30.5700, 30.0800, 30.2800, 244843
2017-11-10, 30.0700, 30.4600, 30.0300, 30.0600, 205365
2017-11-13, 30.1400, 30.3700, 29.9600, 30.3600, 311662
2017-11-14, 30.3600, 30.4800, 30.1900, 30.3100, 234247
2017-11-15, 30.1900, 30.2900, 29.7600, 29.7700, 320223
2017-11-16, 29.8400, 30.4600, 29.7700, 30.3900, 383957
2017-11-17, 30.2200, 30.2900, 29.9800, 30.1900, 470086
2017-11-20, 30.1700, 30.5431, 30.0800, 30.4300, 469796
2017-11-21, 30.5900, 31.1100, 30.4800, 30.9500, 705183
2017-11-22, 30.8800, 31.0500, 30.6900, 30.9900, 375261
2017-11-24, 31.1200, 31.7100, 31.0700, 31.5200, 893283
2017-11-27, 31.5500, 31.6650, 31.3300, 31.5200, 571197
2017-11-28, 31.5400, 31.6400, 31.2800, 31.4600, 469731
2017-11-29, 31.4100, 31.6400, 30.9600, 31.0500, 394899
2017-11-30, 31.1400, 31.4100, 30.9700, 31.3700, 946203
2017-12-01, 31.3600, 31.5800, 30.7600, 31.3400, 524822
2017-12-04, 31.4100, 31.6500, 30.9200, 31.0200, 574836
2017-12-05, 30.9800, 31.1300, 29.8900, 29.9800, 457690
2017-12-06, 30.0100, 30.3800, 29.7600, 30.2900, 424735
2017-12-07, 30.2900, 30.5200, 30.1800, 30.2500, 501872
2017-12-08, 30.3700, 30.9400, 30.2700, 30.9400, 424015
2017-12-11, 30.9100, 31.0500, 30.6400, 30.7100, 347462
2017-12-12, 30.7000, 31.0000, 30.5000, 30.8000, 463852
2017-12-13, 30.7200, 31.1200, 30.7200, 30.7800, 397442
2017-12-14, 30.7100, 30.9325, 30.6100, 30.7100, 437210
2017-12-15, 30.4700, 30.9100, 30.2800, 30.5800, 1725029
2017-12-18, 30.7850, 31.0400, 30.4200, 30.8000, 541813
2017-12-19, 30.7900, 30.8200, 29.5800, 29.6200, 453417
2017-12-20, 29.5500, 29.7100, 29.1150, 29.3600, 898101
2017-12-21, 29.3800, 29.4400, 29.0300, 29.1000, 234305
2017-12-22, 29.1000, 29.3200, 29.0300, 29.2100, 349670
2017-12-26, 29.1400, 29.3900, 29.1400, 29.3400, 288593
2017-12-27, 29.4300, 29.5700, 29.3400, 29.4100, 569710
2017-12-28, 29.2100, 29.4200, 29.1500, 29.3100, 368540
2017-12-29, 29.2700, 29.3635, 29.1200, 29.1600, 388705
2018-01-02, 29.1800, 29.4200, 28.9700, 29.0200, 324203
2018-01-03, 29.0300, 29.2200, 28.5850, 28.8000, 462133
2018-01-04, 28.7800, 28.8800, 28.5100, 28.5100, 391571
2018-01-05, 28.5400, 28.7000, 28.4900, 28.7000, 425433
2018-01-08, 28.6700, 29.2100, 28.5700, 29.0700, 556603
2018-01-09, 29.1000, 29.3600, 28.9600, 29.0500, 590128
2018-01-10, 28.8700, 28.8700, 28.3750, 28.4600, 482062
2018-01-11, 28.5800, 28.8800, 28.4200, 28.4500, 457528
2018-01-12, 28.4200, 28.4600, 28.2500, 28.3800, 186794
2018-01-16, 28.5500, 29.3200, 28.5500, 28.6700, 362481
2018-01-17, 28.7000, 29.1400, 28.5850, 29.0800, 387231
2018-01-18, 29.0400, 29.0400, 28.2400, 28.3200, 412912
2018-01-19, 28.2400, 28.8000, 28.2200, 28.7900, 345353
2018-01-22, 28.7800, 29.4200, 28.7700, 29.4200, 509609
2018-01-23, 29.3900, 29.7800, 29.3300, 29.7800, 499493
2018-01-24, 29.8200, 29.8200, 29.5100, 29.5700, 268761
2018-01-25, 29.6500, 29.7500, 29.2900, 29.4300, 212478
2018-01-26, 29.5100, 29.5300, 29.1400, 29.4600, 384806
2018-01-29, 29.3400, 29.3500, 29.0500, 29.0900, 339229
2018-01-30, 28.9300, 29.1800, 28.8000, 28.9300, 386506
2018-01-31, 29.0400, 29.7100, 29.0400, 29.6900, 453063
2018-02-01, 29.6600, 30.0400, 28.9300, 29.1300, 445702
2018-02-02, 28.8600, 29.0500, 28.6300, 28.8600, 378849
2018-02-05, 28.8100, 29.1400, 27.5900, 27.6200, 435931
2018-02-06, 27.2000, 27.6700, 26.9100, 27.3400, 683495
2018-02-07, 27.2900, 27.7800, 27.2800, 27.3600, 646229
2018-02-08, 27.4300, 27.4900, 26.3600, 26.4000, 418312
2018-02-09, 26.5900, 27.5800, 26.3200, 27.3900, 554656
2018-02-12, 27.5000, 27.6100, 26.5300, 27.4800, 516479
2018-02-13, 27.4200, 27.8200, 27.3400, 27.6700, 479487
2018-02-14, 26.9100, 27.8000, 26.5200, 27.6900, 1024709
2018-02-15, 27.7600, 28.2700, 27.6300, 28.0400, 547408
2018-02-16, 27.9600, 28.2600, 27.8100, 27.9400, 389110
2018-02-20, 27.7300, 27.9750, 26.9950, 27.1100, 707656
2018-02-21, 27.2000, 27.5200, 26.8800, 26.9000, 596390
2018-02-22, 27.1100, 27.4100, 26.9300, 27.2800, 466742
2018-02-23, 27.3500, 27.7400, 27.3100, 27.7300, 265456
2018-02-26, 27.8100, 27.8720, 27.5200, 27.6800, 280475
2018-02-27, 27.7600, 27.8900, 27.0800, 27.0800, 730435
2018-02-28, 27.2300, 27.5500, 26.9300, 27.0000, 1109691
2018-03-01, 26.8600, 27.3350, 26.8600, 27.2000, 902185
2018-03-02, 27.1300, 27.3000, 26.9350, 27.2400, 780236
2018-03-05, 27.1500, 27.8300, 27.1500, 27.6700, 564426
2018-03-06, 27.7000, 27.8450, 27.3400, 27.7100, 538092
2018-03-07, 27.6300, 28.1500, 27.6300, 28.1100, 489315
2018-03-08, 28.1700, 28.2500, 28.0300, 28.1700, 432458
2018-03-09, 28.1600, 28.4200, 27.9700, 28.4000, 555278
2018-03-12, 28.3000, 28.6700, 28.2600, 28.4900, 525250
2018-03-13, 28.5700, 28.7300, 28.3000, 28.4000, 534960
2018-03-14, 28.4400, 28.5600, 28.2500, 28.4100, 564036
2018-03-15, 28.4500, 28.5400, 28.0600, 28.2000, 570830
2018-03-16, 28.1500, 28.5100, 28.0450, 28.3900, 1101847
2018-03-19, 28.4100, 28.4500, 28.0900, 28.4000, 464840
2018-03-20, 28.4800, 28.6350, 28.2200, 28.5400, 515650
2018-03-21, 28.5000, 28.6650, 28.0800, 28.5000, 2233300
2018-03-22, 28.3600, 28.9200, 28.3600, 28.4100, 1127618
2018-03-23, 28.3900, 28.5100, 27.8000, 27.8100, 832564
2018-03-26, 28.1500, 28.2800, 27.8400, 28.2400, 375694
2018-03-27, 28.3100, 28.9600, 27.9500, 28.5400, 446752
2018-03-28, 28.4600, 29.0000, 28.4600, 28.8800, 751824
2018-03-29, 28.9400, 29.1700, 28.5300, 28.7900, 1116865
2018-04-02, 28.9300, 28.9300, 28.0700, 28.2600, 587491
2018-04-03, 28.3100, 28.9000, 27.9800, 28.7800, 591053
2018-04-04, 28.5900, 28.9600, 28.4800, 28.7500, 548721
2018-04-05, 28.7900, 28.8500, 28.4400, 28.7600, 609355
2018-04-06, 28.7400, 29.1900, 28.5000, 28.5900, 358380
2018-04-09, 28.7200, 28.7200, 28.3350, 28.3500, 399625
2018-04-10, 28.4800, 28.6500, 28.2400, 28.3100, 478971
2018-04-11, 28.2100, 28.7200, 28.2100, 28.4000, 426826
2018-04-12, 28.4100, 28.5600, 27.7900, 27.8900, 491828
2018-04-13, 27.8900, 28.3100, 27.7800, 28.3000, 438008
2018-04-16, 28.3300, 28.6900, 28.3300, 28.5300, 442408
2018-04-17, 28.6700, 29.6200, 28.6700, 29.4400, 785014
2018-04-18, 29.4700, 29.7100, 29.4300, 29.5700, 485042
2018-04-19, 29.4800, 29.4800, 28.9300, 29.2600, 499323
2018-04-20, 29.1700, 29.4000, 28.8500, 28.9300, 735781
2018-04-23, 28.9600, 29.0500, 28.6800, 28.8300, 409420
2018-04-24, 28.8300, 29.0100, 28.6750, 28.9300, 558242
2018-04-25, 28.9300, 29.2300, 28.6600, 29.1100, 467189
2018-04-26, 29.2900, 29.8200, 29.1300, 29.6000, 338985
2018-04-27, 29.5700, 30.1300, 29.5700, 29.7700, 446270
2018-04-30, 29.9600, 31.2300, 29.6300, 30.5500, 1325807
2018-05-01, 30.5900, 30.9000, 30.3400, 30.6400, 632607
2018-05-02, 31.1500, 31.7000, 30.4550, 31.3500, 1187598
2018-05-03, 31.3600, 31.7200, 31.1600, 31.2600, 819446
2018-05-04, 31.4200, 32.0900, 31.0800, 31.8400, 823507
2018-05-07, 32.0900, 32.9100, 32.0600, 32.6600, 665363
2018-05-08, 32.3600, 32.6600, 32.3200, 32.4400, 500910
2018-05-09, 32.5000, 32.5000, 32.0900, 32.4400, 338879
2018-05-10, 32.6500, 32.7100, 32.4100, 32.4900, 434556
2018-05-11, 32.5800, 32.6400, 32.2100, 32.3200, 560783
2018-05-14, 32.4300, 32.4500, 31.7800, 31.7900, 473718
2018-05-15, 31.5300, 31.7800, 31.2300, 31.2700, 718266
2018-05-16, 31.4100, 31.4800, 30.9100, 30.9500, 465425
2018-05-17, 30.9800, 31.1900, 30.8800, 30.9000, 417540
2018-05-18, 31.0100, 31.0900, 30.8300, 31.0000, 684041
2018-05-21, 31.1600, 31.2800, 30.9300, 31.0500, 687778
2018-05-22, 31.0500, 31.1000, 30.9000, 30.9100, 492096
2018-05-23, 30.8600, 31.4900, 30.8600, 31.3500, 618566
2018-05-24, 31.3400, 31.4200, 30.9000, 31.1800, 2254484
2018-05-25, 31.2700, 31.5500, 31.2600, 31.3800, 575155
2018-05-29, 31.3300, 31.4500, 31.1500, 31.2900, 592924
2018-05-30, 31.2800, 31.7000, 31.1700, 31.5700, 486953
2018-05-31, 31.5800, 31.7500, 31.2100, 31.2700, 911470
2018-06-01, 31.3200, 31.7200, 31.2557, 31.4900, 871725
2018-06-04, 31.6000, 31.8600, 31.3100, 31.8200, 551290
2018-06-05, 31.8500, 32.0600, 31.5100, 31.6500, 814984
2018-06-06, 31.6300, 31.7000, 31.0900, 31.4100, 579892
2018-06-07, 31.4700, 31.5000, 31.1400, 31.1400, 647039
2018-06-08, 31.1500, 31.3000, 30.9600, 31.0400, 590197
2018-06-11, 31.0500, 31.1900, 30.7200, 30.8600, 446409
2018-06-12, 30.8300, 31.4300, 30.7900, 31.0700, 1308360
2018-06-13, 31.1900, 31.2900, 30.8800, 31.1400, 1540440
2018-06-14, 31.1400, 31.5650, 31.0900, 31.5000, 2052996
2018-06-15, 31.3200, 31.6000, 30.9400, 30.9700, 999490
2018-06-18, 30.8700, 31.4100, 30.8300, 31.3300, 878941
2018-06-19, 31.1800, 31.4200, 30.9500, 31.0000, 854953
2018-06-20, 31.0000, 31.5500, 31.0000, 31.5300, 3621589
2018-06-21, 31.6400, 31.6698, 31.1500, 31.2400, 562675
2018-06-22, 31.2200, 31.3800, 31.1300, 31.2600, 1680054
2018-06-25, 31.2200, 31.2400, 30.8300, 31.0300, 449577
2018-06-26, 31.1200, 31.4500, 30.9300, 31.2500, 927799
2018-06-27, 31.3000, 31.7400, 31.2200, 31.2800, 704637
2018-06-28, 31.1800, 31.6000, 31.1700, 31.5600, 535174
2018-06-29, 30.8000, 31.5600, 30.8000, 31.3900, 1248307
2018-07-02, 31.3500, 31.7200, 30.8300, 31.3200, 523205
2018-07-03, 31.3100, 31.7700, 31.3000, 31.5500, 305350
2018-07-05, 31.7400, 31.8100, 31.4500, 31.6400, 492037
2018-07-06, 31.5900, 31.8000, 31.5200, 31.6800, 350326
2018-07-09, 31.7300, 31.7300, 31.3200, 31.4400, 371873
2018-07-10, 31.4100, 31.5000, 31.2350, 31.2600, 450963
2018-07-11, 31.2300, 31.6400, 31.0700, 31.0900, 246141
2018-07-12, 31.1500, 31.2600, 30.9500, 31.2100, 344057
2018-07-13, 31.2600, 31.4000, 31.0300, 31.1000, 358541
2018-07-16, 31.0100, 31.1800, 30.6500, 30.7000, 408064
2018-07-17, 30.7500, 30.8600, 30.3900, 30.5700, 582483
2018-07-18, 30.5100, 30.6800, 30.4300, 30.6700, 466142
2018-07-19, 30.6000, 31.1400, 30.5000, 31.0200, 349428
2018-07-20, 30.9600, 30.9600, 30.3700, 30.4600, 455913
2018-07-23, 30.4100, 30.5100, 30.1100, 30.4200, 280957
2018-07-24, 30.4600, 30.4600, 29.7350, 29.9600, 445531
2018-07-25, 29.9600, 30.1900, 29.8500, 30.0700, 668449
2018-07-26, 30.0700, 30.5100, 29.4700, 30.4500, 415056
2018-07-27, 30.4900, 30.5400, 29.9300, 30.0600, 345553
2018-07-30, 30.0400, 30.2000, 29.8900, 30.0600, 281889
2018-07-31, 30.3700, 30.7300, 30.1100, 30.6400, 370285
2018-08-01, 31.5800, 31.7500, 30.5100, 31.3000, 673382
2018-08-02, 31.2400, 31.3500, 31.0000, 31.3300, 566586
2018-08-03, 31.2700, 31.6500, 31.2300, 31.6000, 659399
2018-08-06, 31.6800, 31.7500, 31.4000, 31.4300, 271186
2018-08-07, 31.5400, 31.5400, 31.2000, 31.4000, 391164
2018-08-08, 31.5700, 31.6100, 31.0800, 31.4600, 512025
2018-08-09, 31.4500, 31.5600, 31.3600, 31.4800, 395895
2018-08-10, 31.4500, 31.5900, 31.2200, 31.2300, 249407
2018-08-13, 31.3000, 31.3400, 31.1000, 31.1500, 432461
2018-08-14, 31.1700, 31.3950, 31.0100, 31.3000, 755203
2018-08-15, 31.3400, 31.5100, 31.1500, 31.3200, 393095
2018-08-16, 31.2900, 31.8900, 31.2900, 31.7900, 628851
2018-08-17, 31.8200, 32.4500, 31.7400, 32.2200, 1373114
2018-08-20, 32.3600, 32.3600, 32.1000, 32.3300, 537016
2018-08-21, 32.3200, 32.3200, 31.7900, 31.8700, 511321
2018-08-22, 31.7100, 31.8798, 31.6900, 31.6900, 703450
2018-08-23, 31.6400, 31.7800, 31.4200, 31.4800, 338313
2018-08-24, 31.5100, 32.0550, 31.4500, 32.0400, 412868
2018-08-27, 32.0500, 32.1050, 31.8900, 32.0100, 460475
2018-08-28, 32.0400, 32.4200, 31.9100, 32.3700, 424213
2018-08-29, 32.4500, 32.5600, 32.3700, 32.3800, 357580
2018-08-30, 32.4000, 32.4700, 32.2800, 32.3400, 352603
2018-08-31, 32.3200, 32.6400, 32.3200, 32.5000, 465397
2018-09-04, 32.4700, 32.5200, 31.4200, 31.4800, 400880
2018-09-05, 31.4700, 31.7800, 31.2600, 31.7100, 316214
2018-09-06, 31.7700, 32.1200, 31.7600, 31.9800, 489659
2018-09-07, 31.7900, 31.9100, 31.5700, 31.6300, 228127
2018-09-10, 31.5000, 31.7800, 31.4300, 31.5100, 551704
2018-09-11, 31.4400, 31.7000, 31.3600, 31.6000, 422787
2018-09-12, 31.6400, 31.7500, 31.3550, 31.5800, 424688
2018-09-13, 31.7200, 31.9350, 31.5500, 31.6900, 334760
2018-09-14, 31.6300, 31.7150, 31.2600, 31.6000, 392380
2018-09-17, 31.5700, 31.8800, 31.4000, 31.8000, 465879
2018-09-18, 31.8300, 32.0000, 31.6100, 31.6300, 717341
2018-09-19, 31.6300, 31.7700, 31.1800, 31.2400, 811454
2018-09-20, 31.2400, 31.9800, 31.2100, 31.9200, 684167
2018-09-21, 31.9600, 32.1700, 31.7900, 32.0000, 2113811
2018-09-24, 31.8900, 32.0000, 31.3000, 31.5300, 1292778
2018-09-25, 31.6400, 31.9000, 31.5700, 31.8600, 531497
2018-09-26, 31.8000, 31.8850, 31.3100, 31.4000, 495575
2018-09-27, 31.3900, 31.5700, 31.2700, 31.5000, 333013
2018-09-28, 31.4700, 31.9600, 31.4700, 31.9600, 538210
2018-10-01, 32.0100, 32.0900, 31.7600, 31.8500, 411268
2018-10-02, 31.7900, 32.0200, 31.6600, 31.8500, 369235
2018-10-03, 31.9100, 32.2100, 31.7400, 31.9400, 909435
2018-10-04, 31.8000, 31.8050, 31.3200, 31.5400, 442915
2018-10-05, 31.5400, 31.8500, 31.3900, 31.4600, 549476
2018-10-08, 31.5900, 32.0600, 31.5900, 31.8900, 503698
2018-10-09, 31.9400, 32.1200, 31.8400, 32.0500, 540761
2018-10-10, 31.9600, 32.3350, 31.5500, 31.5600, 834732
2018-10-11, 31.5000, 31.5000, 30.1700, 30.1900, 500585
2018-10-12, 30.4600, 30.5150, 29.7100, 29.9000, 343388
2018-10-15, 29.8500, 30.6700, 29.8500, 30.3300, 356779
2018-10-16, 30.4500, 31.4900, 30.2600, 31.4400, 467018
2018-10-17, 31.4100, 31.5100, 31.0200, 31.3100, 420066
2018-10-18, 31.2200, 31.4700, 31.0400, 31.1800, 348238
2018-10-19, 31.1400, 31.5000, 31.1400, 31.2600, 313021
2018-10-22, 31.3900, 31.5900, 30.8500, 30.8700, 301606
2018-10-23, 30.7000, 31.3200, 30.6200, 31.1300, 329199
2018-10-24, 31.1300, 31.5800, 31.1000, 31.1800, 579882
2018-10-25, 31.2000, 31.7700, 31.0200, 31.4000, 542934
2018-10-26, 31.3000, 31.3100, 30.4800, 30.8000, 425158
2018-10-29, 31.0700, 31.5400, 31.0100, 31.2900, 299888
2018-10-30, 31.2700, 32.2500, 31.1800, 31.9000, 423489
2018-10-31, 31.8700, 32.4600, 31.1700, 31.6700, 712989
2018-11-01, 31.9800, 32.2900, 31.7100, 32.2200, 708502
2018-11-02, 32.3600, 32.3600, 31.6550, 31.9900, 429772
2018-11-05, 32.2100, 32.8400, 32.0600, 32.7600, 691117
2018-11-06, 32.7700, 33.1800, 32.6700, 33.1100, 437384
2018-11-07, 33.2700, 33.4600, 33.0400, 33.2000, 414251
2018-11-08, 33.0800, 33.3000, 32.7600, 33.3000, 400424
2018-11-09, 33.3000, 33.3000, 32.6700, 32.9800, 348453
