2014-04-17, 16.7900, 17.1700, 16.0300, 16.5000, 18382118
2014-04-21, 16.5000, 16.8300, 16.3000, 16.6600, 1509770
2014-04-22, 16.4600, 17.7200, 16.4600, 17.7000, 1391424
2014-04-23, 17.2200, 17.3800, 16.7500, 16.8500, 974553
2014-04-24, 17.0000, 17.1797, 16.5700, 16.8400, 339644
2014-04-25, 16.7200, 16.9200, 16.5000, 16.6500, 297764
2014-04-28, 16.5700, 16.9400, 16.2500, 16.4800, 678029
2014-04-29, 16.6400, 16.8500, 16.4000, 16.4400, 355459
2014-04-30, 16.4700, 16.6200, 16.3100, 16.4700, 479890
2014-05-01, 16.4500, 16.6300, 16.4400, 16.5100, 1800703
2014-05-02, 16.1900, 16.5000, 16.0000, 16.4000, 726923
2014-05-05, 16.0000, 16.3000, 15.0000, 16.0200, 1971545
2014-05-06, 16.0000, 16.2600, 15.8400, 15.9200, 722177
2014-05-07, 16.0700, 16.0970, 15.8700, 15.9800, 808257
2014-05-08, 15.7000, 16.0500, 15.6500, 15.7500, 378780
2014-05-09, 15.6700, 15.7000, 15.4000, 15.5400, 2312939
2014-05-12, 15.4500, 16.0400, 15.4500, 15.9900, 473922
2014-05-13, 15.5600, 15.9500, 15.5600, 15.7600, 1005669
2014-05-14, 15.5500, 15.8200, 15.5500, 15.7600, 243838
2014-05-15, 15.6300, 16.4100, 15.5000, 16.1000, 1667818
2014-05-16, 16.0900, 16.3200, 16.0500, 16.2900, 248977
2014-05-19, 16.3900, 16.6700, 16.2500, 16.5000, 459497
2014-05-20, 16.4000, 16.5600, 16.2500, 16.3600, 153182
2014-05-21, 16.3400, 16.8100, 16.3101, 16.5000, 1053049
2014-05-22, 16.4600, 16.8400, 16.2901, 16.6500, 1202547
2014-05-23, 16.6600, 17.2200, 16.5400, 17.0900, 436277
2014-05-27, 17.8500, 17.8999, 16.5100, 17.0800, 1012410
2014-05-28, 17.1000, 18.0700, 16.8000, 17.8000, 1094590
2014-05-29, 17.9900, 19.1500, 17.8900, 18.5900, 1195078
2014-05-30, 18.6600, 19.2600, 18.5220, 19.2000, 976554
2014-06-02, 19.3300, 19.4750, 19.1000, 19.2000, 633570
2014-06-03, 19.2400, 19.2400, 18.4200, 18.8900, 1425107
2014-06-04, 18.4800, 19.0800, 18.2000, 19.0000, 847522
2014-06-05, 18.9800, 19.4300, 18.9720, 19.2200, 854295
2014-06-06, 19.2200, 19.3800, 18.6800, 18.8000, 840102
2014-06-09, 18.8300, 19.5500, 18.7500, 18.9900, 1204043
2014-06-10, 18.9100, 19.2800, 18.7000, 19.2100, 1028769
2014-06-11, 19.2000, 19.5000, 19.1600, 19.2200, 1247793
2014-06-12, 19.2000, 19.3700, 19.0000, 19.2200, 877497
2014-06-13, 19.2000, 19.4850, 19.1100, 19.2300, 1102849
2014-06-16, 19.2000, 19.7200, 19.0400, 19.2100, 5274531
2014-06-17, 19.1600, 19.6400, 18.9900, 19.4400, 1153294
2014-06-18, 19.4500, 20.5700, 19.4500, 20.3000, 1253371
2014-06-19, 20.2700, 20.9100, 20.0200, 20.5000, 954175
2014-06-20, 20.5400, 20.7900, 19.8100, 20.0500, 3208483
2014-06-23, 20.1000, 20.4400, 19.6100, 19.7500, 822737
2014-06-24, 19.7100, 19.8800, 19.1000, 19.2900, 820680
2014-06-25, 19.2700, 20.0800, 19.1200, 19.9600, 858208
2014-06-26, 19.9200, 20.2600, 19.4500, 19.5900, 1457889
2014-06-27, 19.6200, 20.5400, 19.4660, 20.2650, 5176612
2014-06-30, 20.1800, 20.3250, 19.8000, 20.0500, 1078432
2014-07-01, 20.1800, 20.2600, 19.8500, 20.0300, 523572
2014-07-02, 20.0500, 20.1400, 19.7400, 19.9100, 436988
2014-07-03, 19.8800, 20.1300, 19.7600, 20.0900, 139175
2014-07-07, 20.0000, 20.1200, 19.9300, 20.0000, 760034
2014-07-08, 19.9100, 20.1100, 19.7501, 20.0100, 829247
2014-07-09, 20.0100, 20.2100, 19.9500, 20.1900, 257544
2014-07-10, 19.8900, 20.1100, 19.6500, 19.9500, 484178
2014-07-11, 20.0000, 20.1900, 19.7000, 19.7950, 622810
2014-07-14, 19.9800, 19.9800, 19.6400, 19.7150, 590047
2014-07-15, 19.7500, 19.9100, 19.3900, 19.4500, 257155
2014-07-16, 19.6400, 19.7300, 19.1700, 19.2900, 472571
2014-07-17, 19.3100, 19.4750, 19.0400, 19.1600, 786692
2014-07-18, 19.1700, 19.5700, 19.1600, 19.3700, 313292
2014-07-21, 19.3000, 19.5800, 19.2180, 19.5100, 307227
2014-07-22, 19.5700, 19.8200, 19.4100, 19.6600, 231301
2014-07-23, 19.6900, 19.8500, 19.5500, 19.6300, 298798
2014-07-24, 19.7200, 19.7700, 19.4400, 19.6000, 126507
2014-07-25, 19.5900, 19.7900, 19.3401, 19.5600, 232000
2014-07-28, 19.5600, 19.5600, 19.1000, 19.1800, 586876
2014-07-29, 19.1800, 19.6450, 19.0000, 19.4000, 206956
2014-07-30, 19.5200, 19.5900, 19.1900, 19.2900, 280306
2014-07-31, 19.1500, 19.1500, 18.9400, 18.9800, 774265
2014-08-01, 18.9000, 19.0700, 18.4000, 18.7500, 793393
2014-08-04, 18.8100, 18.8600, 18.6150, 18.7000, 318621
2014-08-05, 18.6100, 18.8200, 18.5200, 18.7000, 398120
2014-08-06, 18.6700, 18.6700, 18.4100, 18.5400, 563534
2014-08-07, 19.5000, 19.5000, 18.1900, 18.4800, 2310218
2014-08-08, 18.5800, 18.9900, 17.6500, 18.4100, 1608173
2014-08-11, 18.4300, 18.9500, 18.3100, 18.5000, 588948
2014-08-12, 18.4600, 18.5000, 18.1500, 18.4000, 647122
2014-08-13, 18.5100, 18.7200, 18.2700, 18.3200, 795352
2014-08-14, 18.2800, 18.5400, 18.1800, 18.2100, 234064
2014-08-15, 18.3300, 18.5600, 18.3200, 18.5000, 589775
2014-08-18, 18.6000, 18.9000, 18.4500, 18.5600, 566441
2014-08-19, 18.6200, 18.6550, 18.3300, 18.4000, 199566
2014-08-20, 18.4200, 18.6400, 18.2500, 18.5600, 453047
2014-08-21, 18.6100, 18.6100, 18.3000, 18.3100, 143658
2014-08-22, 18.3700, 18.4100, 18.1100, 18.2100, 438067
2014-08-25, 18.3300, 18.5000, 18.1000, 18.2000, 328899
2014-08-26, 18.2400, 18.4000, 18.0800, 18.1500, 352089
2014-08-27, 18.3300, 18.4100, 18.1000, 18.3600, 504476
2014-08-28, 18.3200, 18.4400, 17.9500, 18.0100, 432191
2014-08-29, 18.0000, 18.2800, 17.9800, 18.2300, 466592
2014-09-02, 18.1900, 18.2600, 17.9300, 17.9600, 249892
2014-09-03, 18.0100, 18.5200, 17.9200, 18.3800, 643650
2014-09-04, 18.3300, 18.5000, 18.0600, 18.2500, 327603
2014-09-05, 18.5200, 18.5800, 18.1700, 18.4700, 642407
2014-09-08, 18.4100, 18.7400, 18.3800, 18.6600, 1007733
2014-09-09, 18.6300, 18.6700, 18.5000, 18.5400, 894258
2014-09-10, 18.5500, 18.5500, 18.3400, 18.5100, 144483
2014-09-11, 18.4000, 18.6150, 18.2300, 18.4100, 163148
2014-09-12, 18.3600, 18.6200, 18.3000, 18.5000, 430727
2014-09-15, 18.5100, 18.6500, 18.3400, 18.5100, 474608
2014-09-16, 18.4900, 18.5200, 17.9700, 18.1900, 663328
2014-09-17, 18.2700, 18.5350, 18.1000, 18.4100, 472741
2014-09-18, 18.4400, 18.6700, 18.4400, 18.5800, 1633057
2014-09-19, 18.6900, 18.8300, 18.6300, 18.8100, 293363
2014-09-22, 18.8600, 18.8700, 18.6100, 18.8300, 247534
2014-09-23, 18.8000, 18.9800, 18.6400, 18.8200, 743761
2014-09-24, 18.8300, 18.9550, 18.6760, 18.9200, 502390
2014-09-25, 18.9200, 18.9200, 17.9100, 18.3000, 1242966
2014-09-26, 18.3100, 18.6400, 17.8900, 18.0600, 655424
2014-09-29, 18.0400, 18.1300, 17.8700, 18.0000, 369415
2014-09-30, 18.0500, 18.1900, 17.8800, 17.9150, 420189
2014-10-01, 17.9000, 18.0000, 17.1400, 17.3300, 1584826
2014-10-02, 17.3800, 17.7300, 17.2000, 17.6100, 554428
2014-10-03, 17.7600, 18.0500, 17.4800, 17.9900, 321413
2014-10-06, 18.0000, 18.1400, 17.7300, 17.8400, 235365
2014-10-07, 17.7400, 17.7400, 17.3100, 17.4000, 296346
2014-10-08, 17.4300, 17.5500, 17.0600, 17.2100, 748417
2014-10-09, 17.1400, 17.3200, 16.8100, 16.8500, 964015
2014-10-10, 16.8500, 16.9100, 16.0700, 16.1100, 691273
2014-10-13, 16.1800, 16.1800, 15.6500, 15.6900, 504736
2014-10-14, 15.0000, 15.9900, 14.8600, 15.6000, 2077305
2014-10-15, 15.4800, 15.6900, 15.2200, 15.3500, 1143161
2014-10-16, 15.1800, 15.7500, 14.9900, 15.6900, 1357054
2014-10-17, 15.8500, 16.1900, 15.7150, 16.0700, 474499
2014-10-20, 16.0500, 16.2700, 15.8000, 16.0900, 679001
2014-10-21, 16.1400, 16.4200, 15.8660, 16.4000, 683375
2014-10-22, 16.4500, 17.0000, 16.1700, 16.5500, 580338
2014-10-23, 16.6300, 16.9800, 16.3900, 16.7900, 482217
2014-10-24, 16.7200, 17.0000, 16.7200, 16.9100, 392485
2014-10-27, 16.7900, 16.9600, 16.6000, 16.9000, 356986
2014-10-28, 16.9800, 17.2400, 16.7500, 17.1700, 821439
2014-10-29, 17.1900, 17.4800, 16.9400, 17.2700, 772473
2014-10-30, 17.1300, 17.2500, 16.9800, 17.0200, 397654
2014-10-31, 17.1300, 17.2600, 17.0000, 17.2000, 609909
2014-11-03, 17.2500, 17.5800, 17.1700, 17.5500, 663073
2014-11-04, 17.4500, 17.7200, 17.1200, 17.4300, 472943
2014-11-05, 17.4600, 17.4600, 16.8800, 17.1600, 787348
2014-11-06, 17.2000, 18.0000, 16.9400, 17.9400, 1570340
2014-11-07, 17.9200, 18.0300, 17.2400, 17.4500, 1533111
2014-11-10, 17.4500, 17.9200, 17.3400, 17.7400, 518028
2014-11-11, 17.8000, 18.0000, 17.6100, 17.9900, 734325
2014-11-12, 17.5500, 18.0900, 17.5500, 17.6500, 944145
2014-11-13, 17.6900, 17.9900, 17.4800, 17.7400, 481163
2014-11-14, 17.6900, 18.6200, 17.6700, 18.5400, 835788
2014-11-17, 18.5400, 18.6000, 18.1400, 18.3200, 401282
2014-11-18, 18.2900, 18.6000, 18.1800, 18.2300, 335269
2014-11-19, 18.2300, 18.4400, 17.9700, 18.1700, 445105
2014-11-20, 18.1700, 18.6500, 18.0400, 18.5600, 428057
2014-11-21, 18.6200, 18.6600, 18.4400, 18.5600, 444472
2014-11-24, 18.5500, 18.6400, 18.3500, 18.4400, 231823
2014-11-25, 18.5000, 18.5900, 18.1100, 18.2600, 1911048
2014-11-26, 18.3000, 18.6600, 18.2900, 18.5500, 682330
2014-11-28, 18.5000, 18.7500, 18.5000, 18.7400, 326025
2014-12-01, 18.7200, 18.7200, 18.1700, 18.2400, 350992
2014-12-02, 18.2400, 18.4800, 18.1500, 18.4200, 503425
2014-12-03, 18.4100, 18.6100, 18.4100, 18.6100, 688583
2014-12-04, 18.5900, 19.3000, 18.4900, 19.2300, 3040206
2014-12-05, 19.2500, 19.2500, 18.6500, 18.9300, 643211
2014-12-08, 18.8700, 19.0000, 18.8300, 18.9300, 612804
2014-12-09, 18.8100, 19.2800, 18.6301, 19.1000, 1314600
2014-12-10, 19.1300, 19.1600, 18.7600, 19.1000, 455865
2014-12-11, 19.1200, 19.4300, 18.8800, 19.4000, 624490
2014-12-12, 19.2300, 19.4900, 19.0100, 19.3700, 564771
2014-12-15, 19.4200, 19.4500, 19.0900, 19.2100, 492453
2014-12-16, 19.1600, 19.4600, 19.0700, 19.3600, 523677
2014-12-17, 19.3600, 19.7900, 19.3400, 19.7000, 683404
2014-12-18, 19.7000, 20.5700, 19.6400, 20.1000, 937789
2014-12-19, 20.1400, 20.4500, 19.7500, 19.9400, 1474785
2014-12-22, 19.9400, 20.4900, 19.8300, 20.3200, 462942
2014-12-23, 20.3300, 20.4860, 20.0400, 20.3200, 162773
2014-12-24, 20.3500, 20.4800, 20.3000, 20.3900, 97257
2014-12-26, 20.4000, 20.5000, 20.3200, 20.4700, 93750
2014-12-29, 20.4500, 20.5000, 20.2300, 20.4000, 193815
2014-12-30, 20.4300, 20.5100, 20.2600, 20.3500, 179526
2014-12-31, 20.3500, 20.4900, 20.2400, 20.2700, 118998
2015-01-02, 20.3100, 20.5060, 19.8600, 20.0900, 968580
2015-01-05, 20.1800, 20.2200, 19.5600, 19.7800, 936595
2015-01-06, 19.9100, 20.0099, 19.2800, 19.5000, 1226392
2015-01-07, 19.5100, 19.8700, 19.4100, 19.4900, 547716
2015-01-08, 19.6600, 20.2600, 19.6600, 20.2100, 647555
2015-01-09, 19.8100, 20.4900, 19.8100, 19.8300, 297091
2015-01-12, 19.7900, 19.8200, 19.4600, 19.5300, 195904
2015-01-13, 19.5800, 20.2500, 19.5800, 19.6300, 349951
2015-01-14, 19.2300, 19.8000, 19.2300, 19.7300, 504404
2015-01-15, 19.6500, 20.0240, 19.3300, 19.4000, 335711
2015-01-16, 19.6500, 20.0000, 19.5800, 19.7000, 395680
2015-01-20, 19.6300, 20.0000, 19.5500, 19.9500, 406020
2015-01-21, 19.9500, 20.0600, 19.8000, 19.9500, 530267
2015-01-22, 20.0000, 20.6200, 19.9600, 20.4800, 1148232
2015-01-23, 20.5500, 20.8500, 20.3600, 20.7100, 875415
2015-01-26, 20.2500, 20.4700, 19.2200, 19.9300, 1264337
2015-01-27, 19.6400, 20.0680, 19.4400, 20.0600, 638384
2015-01-28, 20.1400, 20.3400, 19.7500, 20.0400, 476847
2015-01-29, 20.0900, 20.5700, 19.7600, 20.5300, 627333
2015-01-30, 20.4100, 20.5100, 20.2000, 20.4300, 621417
2015-02-02, 20.3800, 20.5000, 19.9200, 20.4800, 1113800
2015-02-03, 20.2500, 21.0300, 20.1600, 20.8500, 940347
2015-02-04, 20.8600, 21.5500, 20.5800, 21.1800, 842073
2015-02-05, 21.0100, 22.2000, 20.9900, 22.1200, 10600636
2015-02-06, 21.9500, 22.3600, 21.7000, 22.1800, 2289622
2015-02-09, 22.0900, 22.2550, 21.7100, 22.1000, 1163207
2015-02-10, 22.3200, 22.3200, 21.6200, 21.6500, 2179693
2015-02-11, 21.6900, 21.8300, 21.5500, 21.7800, 824311
2015-02-12, 21.9700, 22.0150, 21.6100, 21.7500, 1427642
2015-02-13, 21.7700, 22.1000, 21.7000, 21.7400, 2102141
2015-02-17, 21.8500, 22.1300, 21.6600, 22.1100, 897951
2015-02-18, 21.9900, 22.7100, 21.5200, 22.0300, 1949870
2015-02-19, 22.0300, 22.1200, 21.5450, 21.5700, 3374282
2015-02-20, 21.5000, 21.5000, 21.1000, 21.2300, 1591838
2015-02-23, 21.1500, 21.5700, 21.1500, 21.3400, 922653
2015-02-24, 21.3500, 21.6300, 21.0000, 21.6300, 1005006
2015-02-25, 21.6400, 21.8600, 21.4400, 21.8200, 1082430
2015-02-26, 21.8800, 22.0500, 21.5900, 21.7100, 3010517
2015-02-27, 21.8100, 21.9150, 21.4700, 21.7600, 763702
2015-03-02, 21.6600, 21.9000, 21.5800, 21.8400, 1252904
2015-03-03, 21.8000, 22.0000, 21.7300, 21.9400, 1165643
2015-03-04, 21.9400, 21.9400, 21.5800, 21.6700, 896131
2015-03-05, 21.7000, 21.9300, 21.4900, 21.6900, 668109
2015-03-06, 21.5500, 21.7000, 21.2500, 21.4400, 806888
2015-03-09, 21.5100, 21.7500, 21.3250, 21.7000, 702782
2015-03-10, 21.5700, 21.9000, 21.4700, 21.7800, 2110247
2015-03-11, 21.8500, 21.9800, 21.5000, 21.6950, 1049431
2015-03-12, 21.6500, 22.1700, 21.5600, 22.1500, 1206491
2015-03-13, 22.2000, 22.3200, 21.9000, 22.1100, 1209102
2015-03-16, 22.1600, 22.5500, 22.0100, 22.4300, 1074319
2015-03-17, 22.4200, 22.6000, 21.9950, 22.0700, 617122
2015-03-18, 22.0900, 22.4000, 21.7800, 22.3900, 3855406
2015-03-19, 22.3100, 23.0000, 22.2806, 22.6900, 2300696
2015-03-20, 22.8900, 23.0000, 22.7300, 22.8100, 900679
2015-03-23, 22.7800, 23.2550, 22.7550, 23.1200, 499607
2015-03-24, 23.1500, 23.2700, 22.8600, 23.1300, 875166
2015-03-25, 23.2300, 23.2300, 23.0000, 23.0200, 1341384
2015-03-26, 22.9700, 23.8000, 22.8300, 23.6700, 1068532
2015-03-27, 23.7500, 24.1500, 23.4835, 23.8800, 1049654
2015-03-30, 23.9500, 24.5500, 23.9500, 24.4800, 938719
2015-03-31, 24.4800, 24.4800, 24.0000, 24.3000, 784383
2015-04-01, 24.3000, 24.3000, 23.4500, 23.6600, 2146332
2015-04-02, 23.7000, 24.1700, 23.5700, 24.1300, 1053619
2015-04-06, 24.5000, 24.7100, 24.0400, 24.5400, 1898126
2015-04-07, 24.6800, 24.6800, 24.4600, 24.5800, 1356421
2015-04-08, 24.5300, 24.9700, 24.4000, 24.8700, 700965
2015-04-09, 24.8300, 25.1950, 24.6900, 25.1600, 755330
2015-04-10, 25.2400, 25.2800, 25.0500, 25.2200, 1089326
2015-04-13, 25.2200, 25.4500, 25.1800, 25.2300, 611641
2015-04-14, 25.6400, 26.0400, 25.3500, 25.4700, 1222176
2015-04-15, 25.4600, 25.8300, 25.3100, 25.7900, 642784
2015-04-16, 25.8000, 25.9000, 25.3800, 25.4200, 617940
2015-04-17, 25.3000, 25.4100, 24.9300, 24.9500, 1027318
2015-04-20, 25.0300, 25.2500, 24.7900, 24.9000, 1149250
2015-04-21, 25.0300, 25.3800, 24.9020, 25.2400, 969845
2015-04-22, 25.3300, 25.4200, 25.1800, 25.2100, 1208324
2015-04-23, 25.1500, 25.4400, 25.0720, 25.3800, 605637
2015-04-24, 25.4300, 25.5700, 25.3050, 25.5400, 424859
2015-04-27, 25.6100, 25.7600, 25.2200, 25.2800, 510481
2015-04-28, 25.3000, 25.3600, 25.1300, 25.3000, 212404
2015-04-29, 25.1400, 25.4000, 25.0200, 25.1100, 414278
2015-04-30, 25.0700, 25.1120, 24.8100, 24.8900, 376102
2015-05-01, 25.0600, 25.2800, 24.9400, 25.2300, 452967
2015-05-04, 25.2800, 25.4800, 25.2000, 25.4200, 580168
2015-05-05, 25.3000, 25.9400, 25.1457, 25.3700, 1048872
2015-05-06, 25.8300, 25.9200, 25.5300, 25.7400, 1217860
2015-05-07, 25.6900, 25.7720, 25.3000, 25.3000, 1164676
2015-05-08, 25.4300, 25.7800, 25.1800, 25.2100, 1058615
2015-05-11, 25.2200, 25.4800, 24.9600, 25.2500, 789680
2015-05-12, 25.0900, 25.6300, 24.8700, 25.5000, 1439246
2015-05-13, 25.4800, 25.7900, 25.4700, 25.5000, 325585
2015-05-14, 25.7500, 26.4400, 25.6800, 26.3800, 1368951
2015-05-15, 26.5000, 26.7100, 26.0500, 26.1900, 1130792
2015-05-18, 26.2900, 26.4000, 25.8300, 26.0500, 1031457
2015-05-19, 25.5500, 26.8300, 25.5124, 26.5300, 1065275
2015-05-20, 26.5700, 26.6000, 26.2800, 26.4900, 849597
2015-05-21, 26.0700, 26.4100, 26.0400, 26.1300, 10505367
2015-05-22, 26.0300, 26.2500, 25.7700, 26.1600, 1659479
2015-05-26, 26.1600, 26.3000, 25.9200, 26.2400, 1747170
2015-05-27, 26.2000, 26.4100, 26.0400, 26.2500, 2184715
2015-05-28, 26.1300, 26.3000, 25.9400, 26.0000, 2014710
2015-05-29, 26.0000, 26.3250, 25.6500, 26.0900, 3498928
2015-06-01, 26.2500, 26.5500, 25.9700, 26.4700, 2519238
2015-06-02, 26.4900, 26.6100, 26.0150, 26.0500, 1803751
2015-06-03, 25.5000, 25.8300, 24.5510, 25.4500, 9422071
2015-06-04, 25.4000, 25.8950, 25.3600, 25.8500, 3070492
2015-06-05, 25.8800, 26.0100, 25.5100, 25.5600, 1342000
2015-06-08, 25.5100, 25.5700, 25.2100, 25.2900, 773266
2015-06-09, 24.8500, 25.0000, 24.3400, 24.5200, 4466697
2015-06-10, 24.6300, 25.0100, 24.3540, 24.6100, 1854209
2015-06-11, 24.7200, 24.8600, 24.5000, 24.7500, 865527
2015-06-12, 24.6500, 24.7000, 24.2200, 24.3200, 1651630
2015-06-15, 23.8000, 24.4500, 23.7500, 24.3900, 2859835
2015-06-16, 24.4000, 24.5000, 24.1400, 24.3200, 1585431
2015-06-17, 24.2700, 24.5800, 24.2700, 24.4000, 2182973
2015-06-18, 24.3900, 24.7100, 24.2200, 24.6500, 1419753
2015-06-19, 24.6800, 24.8000, 24.3900, 24.5100, 1091294
2015-06-22, 24.5700, 24.8100, 24.4500, 24.6600, 1138316
2015-06-23, 24.6500, 24.7700, 24.5000, 24.6500, 1293342
2015-06-24, 24.6600, 24.7400, 24.0900, 24.2100, 2304275
2015-06-25, 24.2000, 24.5000, 24.0600, 24.4500, 1942148
2015-06-26, 24.4700, 24.6100, 24.2300, 24.4000, 6571955
2015-06-29, 24.3000, 24.3000, 23.4200, 23.5700, 1741225
2015-06-30, 23.7000, 23.9000, 23.4500, 23.8000, 1505197
2015-07-01, 23.9800, 24.2700, 23.8600, 24.2200, 1348184
2015-07-02, 24.2800, 24.3400, 23.8100, 24.0600, 740770
2015-07-06, 23.7500, 24.1400, 23.7200, 23.9300, 1253958
2015-07-07, 24.0000, 24.5200, 23.8200, 24.5100, 2489777
2015-07-08, 24.3700, 24.4100, 24.0400, 24.0500, 1267309
2015-07-09, 24.3000, 25.0600, 23.9900, 25.0100, 1554619
2015-07-10, 25.3300, 25.7400, 25.2400, 25.6500, 3587047
2015-07-13, 25.8100, 25.9300, 25.7200, 25.8000, 1410841
2015-07-14, 25.8800, 25.9800, 25.7400, 25.8800, 1083078
2015-07-15, 25.9600, 26.2500, 25.8300, 26.1500, 1409003
2015-07-16, 26.2500, 26.4300, 25.9500, 26.2200, 1848881
2015-07-17, 26.2600, 26.3900, 25.8800, 26.0000, 802851
2015-07-20, 26.0700, 26.1400, 25.5500, 25.6400, 1182230
2015-07-21, 25.5700, 25.6900, 25.5500, 25.6200, 468194
2015-07-22, 25.5800, 25.7300, 25.3450, 25.6800, 944459
2015-07-23, 25.7900, 25.9500, 25.3800, 25.5400, 504645
2015-07-24, 25.4400, 25.5600, 25.3600, 25.5000, 1085166
2015-07-27, 25.4300, 25.4500, 25.1000, 25.2900, 714742
2015-07-28, 25.4600, 25.7300, 25.0800, 25.3100, 1368624
2015-07-29, 25.4000, 26.1700, 25.2800, 26.1500, 1012906
2015-07-30, 26.0300, 26.3800, 25.6500, 26.2600, 823008
2015-07-31, 26.3300, 26.7100, 26.0580, 26.6000, 1650127
2015-08-03, 26.5400, 26.7500, 26.2400, 26.4600, 2709491
2015-08-04, 28.0000, 28.5000, 27.1500, 27.4900, 5383763
2015-08-05, 27.0500, 28.2000, 27.0000, 28.1400, 11741154
2015-08-06, 28.1400, 28.8000, 27.9700, 28.1000, 4095634
2015-08-07, 28.4400, 28.4600, 27.8050, 28.1200, 2331738
2015-08-10, 28.2600, 28.6700, 28.1460, 28.2600, 1635420
2015-08-11, 28.0200, 28.2100, 27.8200, 27.9000, 1443441
2015-08-12, 27.7700, 27.9900, 27.1800, 27.6600, 2068776
2015-08-13, 27.6200, 28.0700, 27.5750, 27.9400, 1254342
2015-08-14, 28.0200, 28.5700, 27.8500, 28.5000, 2877124
2015-08-17, 28.5300, 29.0600, 28.2000, 28.9500, 1650176
2015-08-18, 28.6500, 28.8600, 28.4500, 28.7600, 1277839
2015-08-19, 28.7600, 28.8900, 28.4100, 28.7300, 1189395
2015-08-20, 28.4700, 28.7700, 28.3500, 28.3600, 1219082
2015-08-21, 28.1300, 28.2300, 27.3100, 27.3200, 1295798
2015-08-24, 26.3900, 26.7100, 25.2500, 25.7600, 3195313
2015-08-25, 26.4300, 26.9850, 25.8800, 25.8900, 2600108
2015-08-26, 26.8800, 27.1900, 25.7300, 27.1800, 2742081
2015-08-27, 27.6600, 28.0500, 27.1350, 27.6700, 3339595
2015-08-28, 27.5500, 28.0200, 27.4800, 27.8100, 1425530
2015-08-31, 27.5500, 27.7900, 27.0810, 27.2200, 1560271
2015-09-01, 26.6000, 27.0600, 26.3900, 26.8000, 1640302
2015-09-02, 27.1000, 27.5200, 26.8000, 27.5100, 1426314
2015-09-03, 27.5700, 28.0600, 27.5700, 27.8900, 1413126
2015-09-04, 27.5300, 27.9200, 27.4400, 27.7800, 1028409
2015-09-08, 28.2200, 28.6600, 27.6400, 28.6300, 1385392
2015-09-09, 28.8200, 29.1100, 28.3700, 28.4600, 1447140
2015-09-10, 28.4200, 28.7600, 28.3000, 28.5300, 1811372
2015-09-11, 28.5100, 28.5500, 28.3500, 28.4800, 1277476
2015-09-14, 28.4800, 28.6900, 28.3550, 28.5200, 1883021
2015-09-15, 28.6200, 29.6100, 28.4800, 29.3400, 2715417
2015-09-16, 29.3300, 29.3400, 28.6850, 28.8300, 1921990
2015-09-17, 28.9600, 29.0900, 28.5600, 28.6900, 1568095
2015-09-18, 28.3400, 28.6400, 28.3200, 28.4100, 1281427
2015-09-21, 28.5700, 28.7200, 28.2000, 28.3000, 1194453
2015-09-22, 27.9700, 28.0701, 27.7700, 27.9200, 1367540
2015-09-23, 28.0600, 28.4400, 27.8900, 28.2000, 1217465
2015-09-24, 28.0100, 28.3000, 27.5950, 27.9000, 936936
2015-09-25, 28.2500, 28.3300, 27.7200, 27.9400, 978736
2015-09-28, 27.8500, 27.9800, 26.8900, 27.0000, 1373953
2015-09-29, 26.9900, 27.1300, 26.8000, 27.0100, 1738354
2015-09-30, 27.2500, 27.5500, 26.8600, 27.1800, 1573382
2015-10-01, 27.2700, 27.6400, 26.7900, 27.6300, 1015553
2015-10-02, 27.3500, 28.0600, 27.0100, 28.0500, 1347818
2015-10-05, 28.4000, 28.9599, 28.0400, 28.5200, 1964768
2015-10-06, 28.5000, 28.9600, 28.1100, 28.3600, 1512450
2015-10-07, 28.3000, 28.9500, 28.0800, 28.8000, 1342037
2015-10-08, 28.7700, 29.0800, 28.0500, 28.8400, 1309753
2015-10-09, 28.8700, 28.9400, 28.4300, 28.7600, 911806
2015-10-12, 28.7400, 29.1000, 28.4900, 28.8400, 918882
2015-10-13, 28.7700, 29.5200, 28.7700, 29.0900, 1427786
2015-10-14, 29.0800, 29.3300, 28.3100, 28.4800, 1521572
2015-10-15, 28.4700, 29.5000, 28.3700, 29.4900, 1189765
2015-10-16, 29.5000, 29.7100, 29.2500, 29.5800, 938948
2015-10-19, 29.2800, 29.8000, 29.2400, 29.7800, 908203
2015-10-20, 29.8700, 30.2500, 29.6700, 29.8100, 1474948
2015-10-21, 29.8000, 30.0150, 29.3200, 29.3800, 1001051
2015-10-22, 29.5900, 30.0500, 29.4300, 29.8000, 970850
2015-10-23, 30.1300, 30.1300, 29.7600, 29.8500, 926024
2015-10-26, 29.9500, 30.0000, 29.4900, 29.5700, 1089530
2015-10-27, 29.4600, 29.7100, 29.2500, 29.5500, 1590842
2015-10-28, 29.6200, 30.4550, 29.4700, 30.2300, 1721539
2015-10-29, 30.2300, 30.3000, 28.6400, 29.5000, 3792131
2015-10-30, 29.6100, 29.9700, 28.7840, 29.3200, 1568052
2015-11-02, 29.3400, 29.9100, 29.3200, 29.7800, 1468646
2015-11-03, 29.8600, 29.8700, 29.3700, 29.6200, 1420793
2015-11-04, 29.8000, 30.0000, 29.1500, 29.8700, 1641396
2015-11-05, 29.5100, 29.6400, 28.9400, 29.1700, 9785737
2015-11-06, 29.2400, 29.4300, 28.8350, 29.4000, 3270214
2015-11-09, 29.3100, 29.5000, 28.8800, 29.1400, 2243094
2015-11-10, 28.9700, 29.2100, 28.9100, 28.9900, 1902655
2015-11-11, 29.1100, 29.3300, 29.0000, 29.2400, 1657497
2015-11-12, 29.0000, 29.1600, 28.5850, 28.6200, 1979171
2015-11-13, 28.5800, 28.7300, 28.0000, 28.1300, 3416806
2015-11-16, 28.0400, 28.1200, 27.5700, 27.7300, 2326540
2015-11-17, 27.8800, 28.3300, 27.6780, 28.0100, 1805023
2015-11-18, 28.0100, 28.8700, 27.8800, 28.8250, 1867076
2015-11-19, 28.7600, 29.1800, 27.7200, 29.1600, 1608252
2015-11-20, 29.3500, 29.5900, 29.0600, 29.5100, 1337508
2015-11-23, 29.6200, 30.0000, 29.5100, 29.9100, 1864355
2015-11-24, 29.6000, 29.6000, 28.2900, 28.5600, 3108427
2015-11-25, 28.6600, 29.9200, 28.5150, 29.4800, 2393989
2015-11-27, 29.5800, 29.8900, 29.3200, 29.6800, 1291290
2015-11-30, 29.6400, 29.7700, 29.0650, 29.2600, 9981521
2015-12-01, 29.4700, 29.8050, 29.3000, 29.7500, 1718410
2015-12-02, 29.8400, 29.8700, 29.2300, 29.4700, 1220598
2015-12-03, 29.5200, 29.8000, 29.1200, 29.3200, 1982461
2015-12-04, 29.3100, 29.8750, 29.1000, 29.7300, 1229249
2015-12-07, 29.5500, 29.8800, 28.7600, 28.9200, 1869635
2015-12-08, 28.7100, 29.2600, 28.5100, 29.2100, 1371720
2015-12-09, 29.1500, 29.2200, 28.4000, 28.5700, 1554809
2015-12-10, 28.5100, 28.9400, 28.3800, 28.6000, 1206817
2015-12-11, 28.3200, 28.5500, 27.6700, 27.7600, 1670151
2015-12-14, 27.7400, 28.9700, 27.6700, 27.9200, 1549409
2015-12-15, 28.2500, 28.9600, 28.2100, 28.9000, 1451655
2015-12-16, 29.1300, 29.5900, 28.7100, 29.5400, 1900484
2015-12-17, 29.6800, 29.7999, 28.7600, 28.7700, 1427772
2015-12-18, 28.5700, 29.0000, 28.3100, 28.6100, 4837411
2015-12-21, 28.7000, 28.9300, 28.1100, 28.3500, 1191284
2015-12-22, 28.5600, 28.9200, 27.8400, 27.9100, 1700282
2015-12-23, 28.0600, 28.1101, 27.7600, 28.0400, 1384370
2015-12-24, 28.0800, 28.2000, 27.7150, 28.0000, 335310
2015-12-28, 27.9100, 28.1400, 27.6200, 27.9600, 1262320
2015-12-29, 28.1800, 28.4600, 28.0100, 28.4100, 1101033
2015-12-30, 28.3800, 28.4000, 27.8600, 28.1900, 856852
2015-12-31, 28.0000, 28.3300, 27.7600, 27.9700, 788548
2016-01-04, 27.4200, 27.4800, 26.8500, 27.4400, 3148629
2016-01-05, 26.7500, 27.3400, 26.5100, 27.2400, 5918297
2016-01-06, 26.7800, 27.2540, 26.7800, 26.9700, 2717742
2016-01-07, 26.4600, 26.7850, 26.0500, 26.2500, 1595591
2016-01-08, 26.4100, 26.8250, 25.7600, 25.8700, 1349027
2016-01-11, 26.0900, 26.1400, 25.5000, 25.9600, 1244634
2016-01-12, 26.2900, 26.4800, 25.2201, 26.0700, 2041437
2016-01-13, 26.1000, 26.3900, 25.5000, 25.6600, 1967115
2016-01-14, 25.6600, 25.9600, 25.3792, 25.8500, 2077031
2016-01-15, 25.0700, 25.5050, 24.6801, 24.9300, 2935305
2016-01-19, 25.3300, 25.9300, 25.0650, 25.5200, 3467587
2016-01-20, 24.9800, 25.9600, 24.9100, 25.7600, 4367246
2016-01-21, 25.8600, 25.8600, 24.6200, 24.9900, 2424754
2016-01-22, 25.3900, 26.0400, 25.2900, 25.9800, 2126518
2016-01-25, 25.8100, 25.8500, 25.1400, 25.3100, 2044277
2016-01-26, 25.4900, 25.9750, 25.1200, 25.8200, 1990423
2016-01-27, 25.7200, 25.9300, 25.0200, 25.1600, 1950903
2016-01-28, 25.4500, 25.7400, 24.2500, 24.6100, 3167610
2016-01-29, 24.6500, 25.6600, 24.6500, 25.6100, 1828542
2016-02-01, 25.4600, 25.7600, 24.8900, 25.4600, 2009593
2016-02-02, 25.4700, 25.5300, 25.0400, 25.2500, 1926127
2016-02-03, 25.3500, 25.6100, 24.3800, 25.0000, 2464625
2016-02-04, 24.7700, 25.2150, 24.5800, 25.1300, 2267717
2016-02-05, 25.0900, 25.1200, 24.1700, 24.2900, 4617894
2016-02-08, 23.9300, 24.5650, 22.4100, 23.1800, 6680043
2016-02-09, 22.5000, 25.4400, 22.0301, 24.9100, 6806689
2016-02-10, 25.1700, 26.5300, 25.0125, 26.0200, 7466782
2016-02-11, 25.5600, 26.4200, 25.4300, 25.8600, 5571634
2016-02-12, 26.0900, 26.0900, 25.4750, 25.9100, 2629292
2016-02-16, 26.1700, 26.4600, 25.8100, 26.1700, 3060388
2016-02-17, 26.4100, 27.5200, 26.0300, 27.3200, 5243848
2016-02-18, 27.5500, 27.5500, 26.8300, 27.0800, 3104223
2016-02-19, 26.9300, 27.5900, 26.9000, 27.5500, 1573350
2016-02-22, 27.9200, 28.4700, 27.5600, 27.6800, 2232221
2016-02-23, 27.6400, 27.9000, 27.2050, 27.2500, 1706075
2016-02-24, 27.0400, 27.6040, 26.6300, 27.2600, 2010718
2016-02-25, 27.2600, 28.0000, 27.1000, 27.8300, 1283493
2016-02-26, 27.4500, 27.4500, 26.9300, 27.2300, 12105918
2016-02-29, 27.2500, 27.5300, 27.0800, 27.1500, 5963755
2016-03-01, 27.4000, 28.1300, 27.2500, 28.0000, 8091818
2016-03-02, 28.0000, 28.2300, 27.3800, 27.9200, 2852946
2016-03-03, 27.8100, 28.1050, 27.4700, 27.9900, 2317918
2016-03-04, 29.0350, 29.0350, 27.6700, 28.1200, 3225583
2016-03-07, 27.9700, 28.4200, 27.7800, 27.8500, 2267537
2016-03-08, 27.9800, 28.2300, 27.6900, 27.7900, 2414311
2016-03-09, 27.9000, 28.2200, 27.5100, 27.9900, 2176426
2016-03-10, 28.0100, 28.2500, 27.0500, 27.3100, 1663915
2016-03-11, 27.6400, 28.1500, 27.5100, 28.0500, 1562115
2016-03-14, 28.0000, 28.1200, 27.7800, 27.7900, 998226
2016-03-15, 27.6000, 28.0100, 27.4300, 27.7400, 1397302
2016-03-16, 27.6800, 27.8200, 27.3550, 27.4800, 3135512
2016-03-17, 27.4300, 27.5700, 27.1200, 27.1700, 1793640
2016-03-18, 27.1000, 27.5300, 27.1000, 27.3000, 1939039
2016-03-21, 27.1700, 27.8000, 27.1700, 27.5800, 1751740
2016-03-22, 27.2600, 27.6000, 27.2400, 27.5400, 1473078
2016-03-23, 27.4700, 27.6400, 27.2900, 27.5400, 1043457
2016-03-24, 27.3200, 27.6400, 27.3000, 27.5200, 1282863
2016-03-28, 27.5500, 27.6100, 27.3700, 27.4700, 1239878
2016-03-29, 27.5200, 28.5600, 27.3900, 28.4100, 2334814
2016-03-30, 28.5100, 28.9600, 28.3900, 28.5800, 1924465
2016-03-31, 28.4600, 28.9500, 28.4600, 28.9200, 2136598
2016-04-01, 28.6700, 29.2900, 28.4400, 29.2900, 1992534
2016-04-04, 29.2200, 29.7300, 29.0400, 29.3500, 2701837
2016-04-05, 29.1700, 29.3900, 28.8150, 28.9200, 1695380
2016-04-06, 28.9300, 29.2300, 28.6600, 29.1900, 1066368
2016-04-07, 28.9400, 29.3900, 28.8500, 29.2200, 3793373
2016-04-08, 29.3600, 29.3600, 28.7000, 28.9000, 2136814
2016-04-11, 29.0200, 29.0500, 28.4450, 28.4700, 2565595
2016-04-12, 28.4200, 28.5250, 28.1050, 28.4300, 3484400
2016-04-13, 28.7100, 28.7450, 27.0000, 28.5100, 10599308
2016-04-14, 28.6400, 28.8800, 28.2800, 28.8200, 2730951
2016-04-15, 28.7100, 28.8099, 28.2600, 28.4600, 2175890
2016-04-18, 28.3000, 28.5300, 28.1750, 28.3300, 1742452
2016-04-19, 28.5000, 28.7900, 28.3300, 28.5100, 1923757
2016-04-20, 28.4700, 28.7400, 28.2700, 28.6100, 1914652
2016-04-21, 28.6800, 28.8400, 28.0600, 28.1800, 1072983
2016-04-22, 27.9800, 28.1600, 27.7700, 28.0200, 2077028
2016-04-25, 28.0400, 28.2700, 27.7400, 27.8900, 1992662
2016-04-26, 27.8900, 28.1500, 27.7450, 27.9900, 2551597
2016-04-27, 27.8400, 28.1800, 27.6300, 28.0100, 2905581
2016-04-28, 28.5500, 29.7600, 28.3901, 28.9300, 3325677
2016-04-29, 28.8200, 29.1800, 28.1900, 28.9500, 2906147
2016-05-02, 28.9600, 29.0800, 28.3500, 28.9400, 2387486
2016-05-03, 28.8100, 28.8250, 28.3500, 28.6900, 1570979
2016-05-04, 28.4500, 28.6300, 28.2100, 28.5800, 1653474
2016-05-05, 28.5800, 28.5900, 28.1600, 28.4900, 1499420
2016-05-06, 28.4700, 28.9000, 28.3800, 28.6700, 2659643
2016-05-09, 28.5600, 28.8600, 28.3600, 28.6300, 1612636
2016-05-10, 28.6400, 29.1800, 28.5200, 29.0400, 2532251
2016-05-11, 29.0400, 29.4900, 28.8300, 29.1300, 2872609
2016-05-12, 29.3700, 29.4500, 28.7950, 28.8800, 2528004
2016-05-13, 28.9500, 29.1600, 28.8500, 29.0100, 1952183
2016-05-16, 28.9700, 28.9900, 28.4200, 28.5400, 3231850
2016-05-17, 28.4100, 28.5100, 27.6800, 27.7800, 3049526
2016-05-18, 28.6600, 28.6600, 27.4500, 27.8400, 4364262
2016-05-19, 27.6900, 27.9600, 27.4700, 27.7500, 2551346
2016-05-20, 27.9100, 28.2400, 27.6800, 27.8500, 1868349
2016-05-23, 27.7900, 27.8900, 27.5600, 27.6400, 1741669
2016-05-24, 27.7300, 28.1800, 27.5300, 28.1000, 2266925
2016-05-25, 28.1300, 28.3000, 28.0100, 28.1100, 1336743
2016-05-26, 28.0200, 28.2400, 27.6900, 28.1100, 1151227
2016-05-27, 28.0800, 28.4600, 28.0050, 28.3100, 1353863
2016-05-31, 28.3200, 28.4600, 28.0500, 28.1700, 1795238
2016-06-01, 28.3800, 28.3900, 27.7000, 28.1000, 2550816
2016-06-02, 27.9800, 28.3600, 27.8501, 28.3200, 1563612
2016-06-03, 28.1500, 28.2150, 27.8250, 28.0700, 1945252
2016-06-06, 28.0600, 28.3000, 27.6900, 28.2100, 2359687
2016-06-07, 28.3700, 28.8000, 28.2000, 28.6400, 2589978
2016-06-08, 28.6900, 28.9100, 28.6250, 28.7600, 2241135
2016-06-09, 28.7000, 28.8700, 28.4400, 28.6900, 1393901
2016-06-10, 28.4700, 28.4900, 28.0000, 28.0600, 4705385
2016-06-13, 27.9200, 28.0000, 27.4600, 27.5200, 3023482
2016-06-14, 27.5600, 27.5700, 27.2300, 27.5400, 3282579
2016-06-15, 27.5600, 27.6900, 27.0000, 27.0900, 2372954
2016-06-16, 26.9400, 27.0400, 26.5600, 26.9900, 2110145
2016-06-17, 26.8500, 27.1900, 26.6400, 27.1700, 2566776
2016-06-20, 27.3700, 27.8400, 27.1900, 27.2100, 2228392
2016-06-21, 26.6300, 27.0600, 26.4500, 26.5900, 5176137
2016-06-22, 26.5700, 26.7900, 26.4500, 26.6000, 4205321
2016-06-23, 26.5000, 27.0000, 26.3200, 26.8200, 3367923
2016-06-24, 25.9800, 26.1200, 25.4500, 25.4500, 9633486
2016-06-27, 25.2500, 25.4300, 24.8600, 25.3000, 5360443
2016-06-28, 25.4900, 25.9700, 25.3700, 25.9300, 2710083
2016-06-29, 25.9300, 26.5300, 25.7150, 26.4800, 2669142
2016-06-30, 26.6000, 26.7900, 26.3901, 26.7900, 2920165
2016-07-01, 26.8900, 27.0100, 26.5900, 26.8600, 2438498
2016-07-05, 26.8100, 27.1500, 26.3200, 27.0100, 2766035
2016-07-06, 26.9600, 27.2900, 26.7700, 27.0800, 2783279
2016-07-07, 27.0500, 27.4900, 27.0300, 27.3100, 1843077
2016-07-08, 27.4800, 27.8400, 27.1900, 27.8000, 2566427
2016-07-11, 27.8500, 28.2700, 27.7600, 28.1100, 1694565
2016-07-12, 28.4500, 28.8600, 28.1100, 28.8000, 2416918
2016-07-13, 28.6900, 28.9800, 28.6800, 28.7500, 1636077
2016-07-14, 28.9600, 29.0800, 28.7400, 29.0000, 1818265
2016-07-15, 28.9400, 29.0200, 28.8450, 28.9800, 2452847
2016-07-18, 28.9300, 29.2100, 28.9300, 29.0300, 1219614
2016-07-19, 29.0000, 29.1200, 28.9300, 29.0700, 985041
2016-07-20, 29.5600, 29.5600, 28.9800, 29.3400, 1739239
2016-07-21, 29.3400, 29.5700, 29.0150, 29.2300, 4264019
2016-07-22, 29.2300, 29.4100, 29.0200, 29.2000, 1873013
2016-07-25, 29.1400, 29.2500, 28.8500, 29.1900, 5511958
2016-07-26, 29.0900, 29.3000, 29.0000, 29.1300, 1757880
2016-07-27, 29.2000, 29.3400, 29.0950, 29.2000, 2275688
2016-07-28, 29.2300, 29.3100, 28.9000, 29.2700, 2669113
2016-07-29, 29.3900, 29.6300, 29.0100, 29.1500, 2701362
2016-08-01, 29.1900, 29.5800, 29.1500, 29.2900, 3374319
2016-08-02, 26.5000, 27.8300, 25.9000, 26.8600, 17982937
2016-08-03, 26.7300, 26.8800, 26.5100, 26.6600, 3987691
2016-08-04, 26.6600, 27.3050, 26.6600, 27.2500, 3452411
2016-08-05, 27.2900, 27.2900, 26.9400, 26.9500, 1957269
2016-08-08, 26.8300, 26.9400, 26.5050, 26.6300, 5122876
2016-08-09, 26.7200, 26.9800, 26.5200, 26.6500, 3821895
2016-08-10, 26.6400, 26.8593, 26.4400, 26.6600, 2318948
2016-08-11, 26.6400, 26.8850, 26.5300, 26.8400, 2720117
2016-08-12, 26.9300, 27.3050, 26.7800, 27.3000, 3878425
2016-08-15, 27.2800, 27.4600, 26.5110, 27.3300, 3036178
2016-08-16, 27.3100, 27.6400, 27.1200, 27.5000, 3104210
2016-08-17, 27.5100, 27.5550, 27.0000, 27.0200, 1873466
2016-08-18, 27.6800, 27.6800, 26.9700, 27.0900, 1726843
2016-08-19, 27.0000, 27.1300, 26.7900, 26.9900, 1892358
2016-08-22, 26.9600, 27.4400, 26.9100, 27.2900, 1908342
2016-08-23, 27.2900, 27.8300, 27.2300, 27.8000, 2113712
2016-08-24, 27.6800, 28.0900, 27.6100, 27.9400, 4371231
2016-08-25, 27.9900, 27.9900, 27.7500, 27.9000, 2744509
2016-08-26, 27.9800, 28.2300, 27.8100, 28.0200, 1939834
2016-08-29, 28.0000, 28.1600, 27.9800, 28.0000, 1710487
2016-08-30, 28.0000, 28.2000, 27.9100, 28.1300, 2247085
2016-08-31, 28.0200, 28.1900, 27.9100, 28.1500, 1514393
2016-09-01, 28.1900, 28.4600, 27.9600, 28.4500, 2292221
2016-09-02, 28.4900, 28.8300, 28.4900, 28.6900, 1767779
2016-09-06, 28.7800, 28.9100, 28.4100, 28.8600, 2165351
2016-09-07, 28.9100, 29.0800, 28.6300, 29.0400, 2359779
2016-09-08, 29.0100, 29.4500, 28.8600, 28.9600, 2962458
2016-09-09, 28.7600, 28.7800, 28.1700, 28.1800, 2566886
2016-09-12, 28.0700, 28.4900, 27.8900, 28.3900, 2438263
2016-09-13, 28.3700, 28.8375, 27.7900, 27.9100, 3149595
2016-09-14, 27.8200, 28.3150, 27.1900, 27.3300, 4938003
2016-09-15, 27.2800, 27.7700, 27.2100, 27.5700, 2352639
2016-09-16, 27.3900, 27.4999, 26.9050, 27.0000, 2379348
2016-09-19, 26.9600, 27.1325, 26.6832, 26.9200, 3060888
2016-09-20, 27.0000, 27.1435, 26.6400, 26.7100, 2466774
2016-09-21, 26.7300, 27.0750, 26.5500, 27.0700, 2414421
2016-09-22, 27.1900, 27.7600, 27.1000, 27.6500, 2099420
2016-09-23, 27.6400, 27.6400, 27.0100, 27.1600, 2679499
2016-09-26, 26.9800, 27.2300, 26.8600, 27.2000, 1495366
2016-09-27, 27.2600, 27.6500, 27.1901, 27.5700, 2602092
2016-09-28, 27.5700, 27.5700, 27.1500, 27.5400, 3212717
2016-09-29, 27.6200, 28.4250, 27.4900, 28.1800, 3721368
2016-09-30, 28.2000, 28.3700, 28.1100, 28.1800, 2746827
2016-10-03, 28.0200, 28.2250, 27.6600, 27.9900, 2418696
2016-10-04, 27.9300, 28.0000, 27.2900, 27.5000, 4091260
2016-10-05, 27.6100, 27.9800, 27.2000, 27.3600, 3369623
2016-10-06, 27.4200, 27.6800, 27.0900, 27.3500, 1879602
2016-10-07, 27.4600, 27.4600, 26.5800, 26.7500, 2705773
2016-10-10, 26.9100, 27.1000, 26.6800, 27.0600, 1923195
2016-10-11, 26.9600, 26.9600, 26.3200, 26.4300, 2331311
2016-10-12, 26.3600, 26.6100, 26.3000, 26.5600, 1650086
2016-10-13, 26.4000, 26.4000, 25.9500, 26.1800, 2239230
2016-10-14, 26.1800, 26.3400, 26.0100, 26.1600, 2595731
2016-10-17, 26.1800, 26.3700, 26.0500, 26.1600, 1469877
2016-10-18, 26.2000, 26.4800, 26.0700, 26.1100, 2244242
2016-10-19, 26.1800, 26.4500, 25.9000, 25.9900, 2987667
2016-10-20, 26.0000, 26.2000, 25.3750, 25.3900, 4008597
2016-10-21, 25.3800, 25.8800, 25.3100, 25.7800, 2269595
2016-10-24, 25.9200, 26.0200, 25.7200, 25.7600, 1598935
2016-10-25, 25.8300, 25.8800, 25.5650, 25.8100, 1885817
2016-10-26, 25.6400, 25.7600, 25.4700, 25.5100, 1991405
2016-10-27, 25.5400, 25.7500, 25.3000, 25.5200, 1812926
2016-10-28, 25.5500, 25.8200, 25.3400, 25.6700, 2423244
2016-10-31, 25.7100, 25.8650, 25.4700, 25.8300, 2646514
2016-11-01, 25.6900, 26.4500, 25.6800, 26.3800, 5573820
2016-11-02, 23.0000, 25.0000, 22.9000, 24.0800, 15030958
2016-11-03, 24.0000, 24.1200, 23.3100, 23.4550, 6748620
2016-11-04, 23.3700, 23.7050, 23.1753, 23.1800, 4560315
2016-11-07, 23.8500, 23.9100, 23.1400, 23.5600, 8977827
2016-11-08, 23.5100, 24.8000, 23.4600, 24.6200, 6851690
2016-11-09, 24.1500, 24.5500, 23.8800, 24.3000, 4440166
2016-11-10, 24.4300, 24.9000, 23.9900, 24.5500, 3249200
2016-11-11, 24.5400, 24.9600, 23.9760, 24.9400, 3948766
2016-11-14, 24.9900, 25.0500, 24.4800, 24.6900, 2630930
2016-11-15, 24.8500, 25.0200, 24.5600, 24.7700, 3227345
2016-11-16, 24.7700, 25.3600, 24.7616, 25.3000, 2681155
2016-11-17, 25.0900, 25.7200, 25.0900, 25.6100, 2933797
2016-11-18, 25.1100, 25.9100, 25.1100, 25.7000, 2680035
2016-11-21, 25.8700, 26.0100, 25.5050, 25.7800, 2570690
2016-11-22, 25.7900, 26.1200, 25.5300, 25.8100, 2100258
2016-11-23, 25.6800, 26.1200, 25.6500, 26.0200, 2232699
2016-11-25, 26.1500, 26.3850, 26.1200, 26.3200, 796950
2016-11-28, 26.0600, 26.5600, 25.9500, 26.5000, 2911171
2016-11-29, 26.5800, 26.7400, 26.0000, 26.0300, 1800571
2016-11-30, 26.0900, 26.1900, 25.8500, 25.8500, 2647452
2016-12-01, 25.9300, 26.2000, 25.3100, 25.5600, 1974127
2016-12-02, 25.4700, 25.6500, 25.3870, 25.5700, 2155776
2016-12-05, 25.5700, 25.6685, 25.2400, 25.2900, 2623565
2016-12-06, 25.2000, 25.4200, 25.0800, 25.4000, 3224069
2016-12-07, 25.4700, 25.9100, 25.4500, 25.7700, 1696390
2016-12-08, 25.8700, 26.2300, 25.7600, 26.1700, 1341135
2016-12-09, 26.2700, 27.0900, 26.1150, 27.0700, 3172195
2016-12-12, 26.7000, 27.3500, 26.3700, 26.4900, 2762380
2016-12-13, 26.9000, 27.1500, 25.9700, 26.1200, 2742894
2016-12-14, 26.0100, 26.3900, 25.9000, 26.1100, 2268939
2016-12-15, 26.1800, 26.3000, 25.4300, 25.4300, 2759859
2016-12-16, 25.4100, 25.4500, 25.1900, 25.4200, 3147940
2016-12-19, 25.2100, 25.8500, 25.1700, 25.5000, 1670585
2016-12-20, 25.4500, 25.7100, 24.9300, 25.1500, 3569975
2016-12-21, 25.0600, 25.3200, 24.7000, 25.1500, 3495101
2016-12-22, 25.1300, 25.1300, 24.6900, 24.7900, 2090769
2016-12-23, 24.7400, 25.0000, 24.7400, 24.8400, 1337063
2016-12-27, 24.9000, 25.2100, 24.7500, 25.0100, 1459156
2016-12-28, 25.1300, 25.1300, 24.7800, 24.9000, 1266561
2016-12-29, 24.8400, 25.1300, 24.8100, 25.0000, 1501047
2016-12-30, 25.0300, 25.0350, 24.7375, 24.9500, 1081424
2017-01-03, 25.1600, 25.8926, 24.6100, 24.7900, 1569644
2017-01-04, 24.6800, 25.0100, 24.6800, 24.8200, 2997324
2017-01-05, 24.8500, 25.1400, 24.6600, 24.7100, 2035352
2017-01-06, 24.8200, 24.8800, 24.6700, 24.8600, 1585503
2017-01-09, 24.7500, 25.1800, 24.7000, 24.9000, 2865285
2017-01-10, 24.9200, 25.0000, 24.7900, 24.9400, 2037548
2017-01-11, 24.9800, 25.1300, 24.6700, 24.9600, 2340963
2017-01-12, 24.8500, 24.9900, 24.7100, 24.9600, 2009634
2017-01-13, 25.0500, 25.3300, 25.0000, 25.1400, 2449842
2017-01-17, 25.0800, 25.1200, 24.8100, 24.9200, 1661228
2017-01-18, 25.0000, 25.0600, 24.6200, 24.7200, 2572491
2017-01-19, 24.5800, 24.9300, 24.5200, 24.8000, 1219007
2017-01-20, 24.8700, 25.0000, 24.6350, 24.7600, 1109356
2017-01-23, 24.8000, 24.8700, 24.5100, 24.8200, 1298594
2017-01-24, 24.7000, 24.7800, 24.4150, 24.5100, 2985262
2017-01-25, 24.6900, 24.9300, 24.5000, 24.5900, 3138454
2017-01-26, 24.7100, 24.8200, 24.4500, 24.6500, 2089205
2017-01-27, 24.7200, 24.8100, 24.5000, 24.7800, 2216965
2017-01-30, 24.7100, 24.7900, 24.4500, 24.5400, 1409916
2017-01-31, 24.4600, 24.7200, 24.3300, 24.5000, 2284423
2017-02-01, 24.5500, 24.7100, 24.2800, 24.5300, 3948357
2017-02-02, 24.4200, 24.7700, 24.3000, 24.6400, 3851115
2017-02-03, 24.7500, 25.0213, 24.6800, 24.9200, 2548278
2017-02-06, 24.8500, 25.0000, 24.6000, 24.8100, 4224527
2017-02-07, 22.4200, 23.4300, 21.4200, 22.2100, 23530221
2017-02-08, 22.1700, 22.3700, 21.7400, 21.8200, 8708253
2017-02-09, 21.9300, 22.4900, 21.9100, 22.4700, 5696351
2017-02-10, 22.4900, 22.7700, 22.3300, 22.7700, 3551769
2017-02-13, 22.7300, 22.8200, 22.2500, 22.2700, 4616137
2017-02-14, 22.0300, 22.0900, 21.7400, 21.9000, 5208206
2017-02-15, 21.9100, 22.0750, 21.5950, 21.6500, 3884144
2017-02-16, 21.6400, 21.8500, 21.2550, 21.3000, 3994337
2017-02-17, 21.3400, 21.4000, 21.0200, 21.3000, 4735003
2017-02-21, 21.2500, 21.3400, 20.8900, 21.1300, 11149160
2017-02-22, 21.2200, 21.7800, 21.1250, 21.6700, 5836096
2017-02-23, 21.6300, 21.8750, 21.6200, 21.7500, 3255210
2017-02-24, 21.5700, 21.9400, 21.5500, 21.7900, 3151525
2017-02-27, 21.7600, 22.0600, 21.6100, 21.7200, 5126807
2017-02-28, 21.6300, 22.0701, 21.5500, 21.9100, 4793970
2017-03-01, 22.0300, 22.2900, 21.6200, 22.2200, 2602416
2017-03-02, 22.1500, 22.3300, 22.0800, 22.1500, 2442915
2017-03-03, 22.1000, 22.2100, 22.0100, 22.1500, 1491443
2017-03-06, 22.0700, 22.0900, 21.8500, 21.9200, 1492713
2017-03-07, 21.8700, 21.9750, 21.5900, 21.6100, 1980336
2017-03-08, 21.6400, 21.8450, 21.5000, 21.7300, 2137735
2017-03-09, 21.7500, 21.9900, 21.4300, 21.6000, 1436740
2017-03-10, 21.5500, 21.9900, 21.5500, 21.9400, 1828658
2017-03-13, 21.9200, 22.1700, 21.8000, 21.9800, 1072232
2017-03-14, 21.9000, 22.0100, 21.6400, 21.9500, 1820022
2017-03-15, 22.0100, 22.1300, 21.9200, 22.0100, 1784013
2017-03-16, 22.0000, 22.1150, 21.8200, 21.8400, 2559567
2017-03-17, 21.7300, 21.9500, 21.6500, 21.8200, 2052255
2017-03-20, 21.7600, 21.8900, 21.5100, 21.5700, 2612706
2017-03-21, 21.5700, 21.6600, 21.2800, 21.3500, 2828080
2017-03-22, 21.3400, 21.4000, 20.9600, 21.1600, 1494448
2017-03-23, 21.1200, 21.2800, 20.8200, 20.9300, 2402268
2017-03-24, 20.9400, 21.1600, 20.8300, 20.9100, 1673595
2017-03-27, 20.7500, 21.1100, 20.7150, 20.9400, 1987176
2017-03-28, 20.9700, 21.4100, 20.7900, 21.1800, 1453492
2017-03-29, 21.1600, 21.5800, 21.1600, 21.5600, 1656825
2017-03-30, 21.5400, 21.6800, 21.4750, 21.5400, 1289373
2017-03-31, 21.5300, 21.6100, 21.1900, 21.1900, 1580943
2017-04-03, 21.1300, 21.3500, 21.0100, 21.1200, 1770310
2017-04-04, 21.0600, 21.1700, 20.8300, 20.8600, 1380440
2017-04-05, 20.9400, 20.9750, 20.3900, 20.5000, 2780765
2017-04-06, 20.3100, 20.9600, 20.0900, 20.9600, 5680003
2017-04-07, 21.0000, 21.2900, 20.7600, 21.1800, 3736233
2017-04-10, 21.2500, 21.5000, 21.1700, 21.2900, 2716341
2017-04-11, 21.2500, 21.4400, 21.1150, 21.4200, 3327796
2017-04-12, 21.3900, 21.5400, 21.2800, 21.3100, 1816055
2017-04-13, 21.2700, 21.2700, 21.0300, 21.0800, 1675395
2017-04-17, 22.0400, 22.2700, 21.7700, 21.9500, 11783522
2017-04-18, 21.8600, 22.2600, 21.7700, 22.2000, 35030178
2017-04-19, 22.1700, 22.4750, 22.0200, 22.4200, 5730227
2017-04-20, 22.5000, 23.0900, 22.3400, 23.0500, 5121573
2017-04-21, 22.9600, 23.1690, 22.8700, 23.0900, 4211287
2017-04-24, 23.3700, 23.3800, 23.0300, 23.1300, 4951083
2017-04-25, 23.2600, 23.4250, 23.1900, 23.2600, 2698699
2017-04-26, 23.2200, 23.4000, 23.1900, 23.2800, 3551445
2017-04-27, 23.2700, 23.4300, 23.0700, 23.4200, 4097314
2017-04-28, 23.4800, 23.5400, 23.2000, 23.4100, 3484536
2017-05-01, 23.5000, 23.9600, 23.3700, 23.6300, 5477893
2017-05-02, 23.8300, 24.7500, 23.7300, 24.6700, 9679173
2017-05-03, 24.6700, 24.6700, 24.1850, 24.3800, 5496070
2017-05-04, 24.2000, 24.8500, 24.2000, 24.6600, 3637680
2017-05-05, 24.7600, 25.0100, 24.4000, 24.6900, 8063721
2017-05-08, 24.7300, 24.7700, 24.4300, 24.6000, 4347068
2017-05-09, 24.7100, 24.8400, 24.5400, 24.7000, 3731716
2017-05-10, 24.7400, 24.8400, 24.5800, 24.7300, 2076521
2017-05-11, 24.6700, 24.6911, 24.2700, 24.5000, 1909881
2017-05-12, 24.4400, 24.4550, 24.1200, 24.2500, 3117975
2017-05-15, 24.3400, 24.5450, 24.2500, 24.3500, 2177417
2017-05-16, 24.5500, 24.5500, 24.0500, 24.1500, 2951440
2017-05-17, 23.9400, 24.0100, 23.4200, 23.4500, 2498673
2017-05-18, 23.4800, 23.7050, 22.7400, 22.8000, 5497137
2017-05-19, 23.0100, 23.0300, 22.5900, 22.8100, 6892996
2017-05-22, 22.8700, 23.2200, 22.6600, 22.9600, 3756720
2017-05-23, 22.9800, 23.0000, 22.8100, 22.9200, 2623622
2017-05-24, 22.9500, 23.1200, 22.8700, 23.0900, 1350273
2017-05-25, 23.1400, 23.2700, 22.7900, 22.9700, 3739884
2017-05-26, 23.0400, 23.7400, 22.4900, 22.5600, 5280339
2017-05-30, 22.5000, 22.9300, 22.4500, 22.8500, 4342865
2017-05-31, 22.9200, 22.9200, 22.3950, 22.4300, 4861516
2017-06-01, 22.5000, 22.8300, 22.4750, 22.7500, 6175317
2017-06-02, 22.8100, 23.0000, 22.6700, 22.7000, 2909950
2017-06-05, 22.6700, 22.7700, 22.5450, 22.5900, 2478510
2017-06-06, 22.7300, 22.7300, 22.2400, 22.2600, 2788511
2017-06-07, 22.2400, 22.5250, 22.1152, 22.5000, 2258070
2017-06-08, 22.5200, 22.6100, 22.1650, 22.4000, 3309250
2017-06-09, 22.5000, 22.7300, 22.3800, 22.6600, 2268322
2017-06-12, 22.5800, 22.7800, 22.3660, 22.5100, 2467964
2017-06-13, 22.6100, 22.8100, 22.4700, 22.6500, 2867479
2017-06-14, 22.7200, 22.8310, 22.4800, 22.8300, 1560522
2017-06-15, 22.6400, 22.7500, 22.3600, 22.5300, 3028862
2017-06-16, 22.5700, 22.8100, 22.3700, 22.5500, 2168305
2017-06-19, 22.4800, 22.7700, 22.4000, 22.7300, 1651466
2017-06-20, 22.7700, 22.9600, 22.6800, 22.7800, 2100201
2017-06-21, 22.8500, 22.8850, 22.4650, 22.5200, 2260524
2017-06-22, 22.5200, 22.7350, 22.2500, 22.4100, 6019558
2017-06-23, 22.4500, 22.8200, 22.4500, 22.6700, 4356992
2017-06-26, 22.6800, 22.7600, 22.3200, 22.3300, 1896353
2017-06-27, 22.2500, 22.4100, 21.9900, 22.0900, 8853821
2017-06-28, 22.2200, 22.3050, 22.0500, 22.2400, 2171901
2017-06-29, 22.1700, 22.3000, 21.7400, 21.9300, 1338111
2017-06-30, 21.9600, 22.1000, 21.7600, 21.7700, 1960920
2017-07-03, 21.8800, 22.2100, 21.8100, 22.1000, 1292550
2017-07-05, 22.1100, 22.1800, 21.6900, 21.7400, 1866236
2017-07-06, 21.6100, 21.9300, 21.1700, 21.2400, 1798147
2017-07-07, 21.7500, 21.8000, 21.3300, 21.4300, 2663431
2017-07-10, 21.3900, 21.4700, 21.2900, 21.3300, 1137152
2017-07-11, 21.3300, 21.3600, 21.1300, 21.2400, 1895991
2017-07-12, 21.3600, 21.8400, 21.2700, 21.8100, 1928404
2017-07-13, 21.8100, 21.9900, 21.8000, 21.9100, 2192681
2017-07-14, 21.9000, 22.0200, 21.7000, 21.7100, 1196609
2017-07-17, 21.7200, 21.9700, 21.6300, 21.9000, 1220616
2017-07-18, 21.8100, 21.9900, 21.5300, 21.6500, 1554629
2017-07-19, 21.7100, 21.8900, 21.6800, 21.8500, 2116027
2017-07-20, 21.8600, 22.3000, 21.8200, 22.2800, 1816509
2017-07-21, 22.2300, 22.2900, 21.9600, 22.0100, 1601213
2017-07-24, 22.0000, 22.1000, 21.8900, 21.9100, 1922256
2017-07-25, 21.9800, 22.2400, 21.9650, 22.0400, 2824852
2017-07-26, 22.1100, 22.1500, 21.7950, 21.8900, 1865126
2017-07-27, 21.9200, 22.1250, 21.4700, 21.8300, 4660215
2017-07-28, 21.6900, 21.8850, 21.6200, 21.8100, 4770440
2017-07-31, 21.9100, 22.2700, 21.7500, 22.1300, 4291073
2017-08-01, 23.0000, 23.0000, 19.5000, 19.8100, 11119489
2017-08-02, 19.8300, 20.3200, 19.7700, 20.1550, 7095545
2017-08-03, 20.1500, 20.5688, 20.1301, 20.3700, 5933985
2017-08-04, 20.3800, 20.7000, 19.7100, 19.7300, 4074074
2017-08-07, 19.0200, 19.4850, 18.6800, 19.1300, 4284657
2017-08-08, 19.1200, 19.2000, 18.7300, 18.9900, 2743744
2017-08-09, 18.9800, 19.0600, 18.4750, 18.5200, 3385375
2017-08-10, 18.4500, 18.7524, 17.8600, 17.8700, 3476803
2017-08-11, 17.9100, 17.9800, 17.8100, 17.8900, 2418233
2017-08-14, 17.9700, 18.2150, 17.9500, 18.2000, 2253930
2017-08-15, 18.3200, 18.4300, 17.8100, 17.8200, 1722901
2017-08-16, 17.8400, 18.0500, 17.5400, 17.7600, 2363964
2017-08-17, 17.7800, 18.1200, 17.3689, 17.6200, 4637418
2017-08-18, 17.6600, 17.6800, 17.3000, 17.4000, 3159380
2017-08-21, 17.3800, 17.5900, 17.3100, 17.4400, 3745181
2017-08-22, 17.4900, 17.7900, 17.4700, 17.7700, 2041940
2017-08-23, 17.7400, 18.0200, 17.6900, 17.9400, 2767922
2017-08-24, 18.0100, 18.3900, 17.9300, 18.3200, 6002756
2017-08-25, 18.3600, 18.4400, 18.2950, 18.3500, 2596947
2017-08-28, 18.4600, 18.4600, 18.3250, 18.4300, 2451641
2017-08-29, 18.4000, 18.4700, 18.3300, 18.3900, 2326851
2017-08-30, 18.3900, 18.5800, 18.3000, 18.4800, 2147902
2017-08-31, 18.5000, 18.5711, 18.3300, 18.4400, 3223854
2017-09-01, 18.4700, 18.5800, 18.3500, 18.3900, 2031024
2017-09-05, 18.3600, 18.5200, 17.7950, 17.8400, 2483995
2017-09-06, 17.8900, 17.9800, 17.7900, 17.8700, 1848837
2017-09-07, 17.9200, 18.0400, 17.7750, 17.7900, 2144685
2017-09-08, 17.7600, 17.7780, 17.5550, 17.6900, 1651081
2017-09-11, 17.6200, 18.1000, 17.4900, 18.0200, 3072569
2017-09-12, 18.0700, 18.4900, 17.9900, 18.4800, 2143835
2017-09-13, 18.5100, 18.7900, 18.3900, 18.4000, 2801723
2017-09-14, 18.3300, 18.3300, 17.9900, 18.0800, 1455718
2017-09-15, 18.0600, 18.2800, 18.0100, 18.2000, 2173562
2017-09-18, 18.2100, 18.2700, 17.9700, 18.0500, 1459929
2017-09-19, 18.0700, 18.1400, 17.8900, 18.0800, 2132846
2017-09-20, 17.9000, 18.1200, 17.9000, 18.1100, 1390972
2017-09-21, 18.0900, 18.3500, 18.0900, 18.2100, 1226570
2017-09-22, 18.2100, 18.2200, 18.0300, 18.1300, 1438073
2017-09-25, 18.1300, 18.2500, 17.9700, 18.0900, 1638966
2017-09-26, 18.1900, 18.2350, 17.9800, 18.0100, 1334222
2017-09-27, 18.1500, 18.2900, 17.9900, 18.2300, 1891684
2017-09-28, 18.2300, 18.3500, 18.1600, 18.3000, 1189035
2017-09-29, 18.2700, 18.3450, 18.0700, 18.1000, 1251426
2017-10-02, 18.1500, 18.1900, 17.9650, 18.1400, 1445725
2017-10-03, 18.1700, 18.4900, 18.1400, 18.4500, 1251650
2017-10-04, 18.4000, 18.4400, 18.1750, 18.2300, 1388500
2017-10-05, 18.2700, 18.4000, 18.2000, 18.3100, 1336955
2017-10-06, 18.2900, 18.3800, 18.0700, 18.1600, 1034161
2017-10-09, 18.0700, 18.1000, 17.9300, 18.0300, 1274222
2017-10-10, 18.1300, 18.2700, 17.9950, 18.2300, 2299002
2017-10-11, 18.2300, 18.2950, 18.0600, 18.1900, 2388457
2017-10-12, 18.2600, 18.2600, 17.9800, 18.0000, 1683956
2017-10-13, 18.0100, 18.2600, 18.0000, 18.1100, 1257644
2017-10-16, 18.2400, 18.4000, 18.1500, 18.3100, 1028652
2017-10-17, 18.2800, 18.5400, 18.1000, 18.1900, 1148702
2017-10-18, 18.2100, 18.5200, 18.2100, 18.2900, 1469182
2017-10-19, 18.2300, 18.4500, 18.1000, 18.4300, 1159812
2017-10-20, 18.5000, 18.5300, 18.1600, 18.2200, 1059275
2017-10-23, 18.3100, 18.3300, 18.0800, 18.1500, 1429771
2017-10-24, 18.2000, 18.4000, 18.1400, 18.2800, 1267307
2017-10-25, 17.9600, 18.2050, 17.7900, 18.0100, 3084166
2017-10-26, 18.0300, 18.2500, 17.9500, 18.1100, 975907
2017-10-27, 18.1300, 18.1500, 17.8600, 18.1500, 1050088
2017-10-30, 18.1100, 18.1800, 17.9200, 18.1500, 1758696
2017-10-31, 18.7500, 20.0500, 18.6600, 19.5600, 4383824
2017-11-01, 19.7000, 20.0500, 19.2900, 19.5500, 3885568
2017-11-02, 19.6100, 19.7300, 18.4550, 18.5300, 2606751
2017-11-03, 18.5200, 19.3200, 18.3200, 18.7400, 1756721
2017-11-06, 18.7800, 19.1300, 18.6700, 19.0100, 1759334
2017-11-07, 19.0400, 19.1700, 18.8900, 19.0400, 2330409
2017-11-08, 19.1200, 19.3300, 18.9000, 19.0700, 1482538
2017-11-09, 18.9800, 19.0600, 18.7550, 18.7900, 1040875
2017-11-10, 18.7400, 18.9500, 18.6600, 18.9300, 1323119
2017-11-13, 18.8900, 19.2150, 18.7400, 19.0600, 3355208
2017-11-14, 18.9500, 19.0200, 18.5500, 18.9600, 3591676
2017-11-15, 18.9000, 18.9850, 18.4500, 18.4600, 2559816
2017-11-16, 18.4800, 18.6950, 18.3950, 18.5000, 4582383
2017-11-17, 18.4900, 19.5500, 18.3600, 19.5000, 4838593
2017-11-20, 19.5700, 19.6500, 19.1700, 19.3300, 2358573
2017-11-21, 19.3700, 19.3700, 19.0200, 19.2700, 1970109
2017-11-22, 19.3100, 19.5500, 19.2700, 19.3600, 764779
2017-11-24, 19.4300, 19.6900, 19.2700, 19.3400, 346189
2017-11-27, 19.3000, 19.3000, 19.0400, 19.1900, 938504
2017-11-28, 19.3000, 19.4900, 19.1500, 19.4800, 1117316
2017-11-29, 19.4600, 19.8750, 19.4300, 19.8200, 1732707
2017-11-30, 19.8600, 20.0700, 19.7200, 19.9100, 2176135
2017-12-01, 19.8700, 19.8900, 19.2700, 19.6200, 1349323
2017-12-04, 19.7500, 19.9900, 19.6500, 19.8200, 1375168
2017-12-05, 19.8300, 19.8700, 19.7100, 19.7700, 1768451
2017-12-06, 19.7800, 19.8700, 19.1700, 19.1900, 1745250
2017-12-07, 19.1600, 19.8100, 19.1600, 19.7200, 2054410
2017-12-08, 19.8600, 19.9200, 19.2700, 19.3000, 1546730
2017-12-11, 19.3400, 19.5800, 19.3000, 19.5400, 3107488
2017-12-12, 19.5400, 19.9000, 19.5100, 19.8700, 1363690
2017-12-13, 19.8900, 19.9700, 19.8000, 19.8600, 1570316
2017-12-14, 19.8500, 20.2950, 19.6500, 20.2200, 2351554
2017-12-15, 20.3000, 20.4500, 20.1100, 20.4200, 2859837
2017-12-18, 20.5100, 20.6400, 20.3600, 20.4500, 1683098
2017-12-19, 20.4500, 20.5200, 20.2500, 20.2900, 2372647
2017-12-20, 20.2300, 20.5900, 20.1700, 20.5300, 1357859
2017-12-21, 20.5300, 20.7000, 20.4000, 20.6400, 1218305
2017-12-22, 20.6500, 20.8400, 20.5300, 20.7600, 1545235
2017-12-26, 20.5400, 20.9100, 20.5400, 20.7900, 1443697
2017-12-27, 20.7300, 20.9301, 20.6300, 20.7100, 6187460
2017-12-28, 20.7300, 20.7900, 20.4950, 20.6200, 1188849
2017-12-29, 20.6900, 20.7700, 20.4900, 20.5000, 900640
2018-01-02, 20.6400, 20.8800, 20.5200, 20.6500, 1410170
2018-01-03, 20.7400, 21.0700, 20.6600, 20.9500, 1930655
2018-01-04, 21.0700, 21.2900, 20.8600, 20.8900, 886454
2018-01-05, 20.3400, 20.4600, 19.9950, 20.4300, 3790922
2018-01-08, 20.4200, 20.8200, 20.2050, 20.6300, 2816892
2018-01-09, 20.6400, 20.8400, 20.5600, 20.6300, 1285014
2018-01-10, 20.5400, 20.5600, 20.2400, 20.4100, 3969794
2018-01-11, 20.4100, 20.6800, 20.3400, 20.5100, 3260617
2018-01-12, 20.6400, 20.6400, 20.4000, 20.5300, 1642572
2018-01-16, 20.6100, 20.8800, 20.5400, 20.7400, 1876137
2018-01-17, 20.7600, 20.7900, 20.4700, 20.5500, 1698057
2018-01-18, 20.4800, 20.8000, 20.4000, 20.6200, 1750797
2018-01-19, 20.6000, 20.7000, 20.5300, 20.6700, 1403945
2018-01-22, 20.5900, 20.8900, 20.5900, 20.7300, 1190887
2018-01-23, 20.7000, 20.7900, 20.4600, 20.7200, 2050305
2018-01-24, 20.7400, 20.9900, 20.4800, 20.5200, 2116659
2018-01-25, 20.5300, 20.7600, 20.2500, 20.7400, 3151730
2018-01-26, 20.7600, 21.1600, 20.6300, 21.1000, 1332109
2018-01-29, 21.0300, 21.1200, 20.9150, 20.9600, 885065
2018-01-30, 20.8100, 20.9600, 20.6100, 20.6800, 2336063
2018-01-31, 20.7400, 20.8650, 20.6700, 20.7700, 2168544
2018-02-01, 20.7400, 21.0500, 20.6000, 20.6700, 4148136
2018-02-02, 20.5600, 20.7250, 20.1800, 20.1900, 1497982
2018-02-05, 20.0000, 20.3200, 19.6200, 19.6400, 2306393
2018-02-06, 19.3300, 19.5000, 18.8200, 19.2100, 4202903
2018-02-07, 19.2300, 19.6000, 19.2300, 19.3800, 1729106
2018-02-08, 19.1800, 19.2100, 18.3700, 18.4200, 4631356
2018-02-09, 18.6300, 18.7700, 17.9100, 18.5500, 3464468
2018-02-12, 18.6900, 19.3400, 18.5200, 19.2600, 2571471
2018-02-13, 19.1500, 19.3200, 18.9450, 19.1300, 2648724
2018-02-14, 19.4700, 21.5700, 19.1500, 21.5700, 4719054
2018-02-15, 21.8400, 22.9500, 21.5900, 22.6900, 3705593
2018-02-16, 22.7700, 23.8200, 22.7000, 23.2600, 4092754
2018-02-20, 23.1000, 23.7700, 22.9600, 23.1100, 3632701
2018-02-21, 23.2200, 23.9266, 23.1700, 23.5300, 3587328
2018-02-22, 23.5600, 23.8500, 23.2700, 23.3800, 1418850
2018-02-23, 23.5000, 23.8100, 23.3800, 23.8100, 1028984
2018-02-26, 23.9400, 24.0900, 23.7200, 23.8000, 1579475
2018-02-27, 23.8700, 23.9500, 23.2400, 23.2600, 2391807
2018-02-28, 23.4000, 23.6450, 22.9600, 22.9700, 2507609
2018-03-01, 23.0300, 23.2000, 22.4900, 22.7000, 3071770
2018-03-02, 22.6200, 22.9700, 22.5700, 22.9300, 3241944
2018-03-05, 22.8700, 23.1150, 22.8150, 22.9400, 2173850
2018-03-06, 23.0000, 23.1400, 22.6500, 23.1100, 3671284
2018-03-07, 22.8000, 23.2700, 22.6700, 22.8000, 2331588
2018-03-08, 22.8100, 22.8800, 22.5450, 22.6500, 1596589
2018-03-09, 22.8800, 22.9900, 22.5900, 22.8100, 1421174
2018-03-12, 22.8900, 22.9900, 22.7600, 22.7800, 1309554
2018-03-13, 21.9500, 22.4450, 21.7700, 22.2300, 7843520
2018-03-14, 22.3800, 22.4500, 22.0200, 22.0500, 3565376
2018-03-15, 22.0600, 22.4350, 21.9900, 22.0300, 5691971
2018-03-16, 22.0200, 22.3400, 21.9050, 22.1500, 3480475
2018-03-19, 22.0500, 22.3300, 21.8700, 21.9600, 2932941
2018-03-20, 21.7700, 22.3000, 21.7700, 22.1700, 2300195
2018-03-21, 22.2400, 22.3100, 21.8300, 22.0100, 2299645
2018-03-22, 21.7800, 22.1600, 21.6300, 21.6300, 2927366
2018-03-23, 21.6000, 21.7800, 21.2350, 21.2600, 4252417
2018-03-26, 21.6300, 21.9600, 21.3500, 21.8800, 3451791
2018-03-27, 22.0000, 22.0000, 21.2800, 21.4100, 1774398
2018-03-28, 21.3800, 21.5766, 21.1200, 21.2700, 2163457
2018-03-29, 21.4000, 21.6100, 21.2400, 21.4500, 1933366
2018-04-02, 21.2900, 21.3600, 20.4900, 20.7800, 2018690
2018-04-03, 20.9700, 21.1000, 20.6000, 20.8200, 2435394
2018-04-04, 20.5400, 20.9800, 20.5400, 20.9100, 3364545
2018-04-05, 21.0900, 21.1800, 20.7000, 20.7300, 1848647
2018-04-06, 20.5600, 20.8000, 20.1600, 20.2500, 1997029
2018-04-09, 20.3900, 20.4700, 20.0700, 20.0900, 1378517
2018-04-10, 20.3500, 20.4200, 20.0300, 20.1500, 3286226
2018-04-11, 20.0800, 20.3800, 20.0200, 20.0900, 1788095
2018-04-12, 20.0900, 20.2000, 20.0200, 20.0500, 1447256
2018-04-13, 20.1500, 20.9300, 19.7100, 19.8500, 1541138
2018-04-16, 19.9200, 20.1700, 19.7900, 20.0800, 1258680
2018-04-17, 20.2000, 20.3300, 20.0200, 20.2400, 1490426
2018-04-18, 20.3000, 20.7100, 20.2200, 20.4200, 2517282
2018-04-19, 20.5300, 20.8300, 20.5100, 20.5900, 2924620
2018-04-20, 20.6100, 20.6900, 20.1950, 20.2800, 1993201
2018-04-23, 20.2600, 20.4200, 20.1300, 20.2100, 1692383
2018-04-24, 20.3600, 20.4600, 20.0050, 20.2000, 1666112
2018-04-25, 20.2300, 20.4500, 20.1100, 20.2200, 1657476
2018-04-26, 20.3200, 20.5500, 20.3200, 20.4500, 1606792
2018-04-27, 20.5500, 20.8100, 20.3700, 20.6700, 2311316
2018-04-30, 20.6500, 20.8500, 20.4400, 20.6400, 5837218
2018-05-01, 21.7000, 23.7599, 21.6700, 23.5500, 7776836
2018-05-02, 23.6400, 23.7900, 23.2200, 23.2800, 4595070
2018-05-03, 23.3600, 23.6800, 23.1750, 23.3100, 3096895
2018-05-04, 23.1900, 23.3800, 23.0900, 23.2700, 2590598
2018-05-07, 23.3700, 25.0000, 23.0500, 23.1400, 1690127
2018-05-08, 23.0300, 23.2500, 22.6500, 22.6700, 2280653
2018-05-09, 22.8000, 23.0600, 22.6500, 22.9700, 1869903
2018-05-10, 23.0000, 23.2700, 22.9400, 23.1800, 2233059
2018-05-11, 23.1900, 23.2800, 23.0800, 23.2400, 1325010
2018-05-14, 23.3300, 23.6600, 23.2900, 23.6000, 2095085
2018-05-15, 24.0200, 24.0700, 23.6600, 23.9900, 3108205
2018-05-16, 24.1000, 24.2800, 24.0100, 24.0500, 2203922
2018-05-17, 23.9300, 24.1500, 23.6400, 23.7000, 1634644
2018-05-18, 23.7400, 23.8500, 23.5700, 23.5700, 1183435
2018-05-21, 23.6000, 23.9600, 23.6000, 23.8500, 1812773
2018-05-22, 23.9000, 24.0400, 23.7900, 23.8600, 1658975
2018-05-23, 23.7300, 23.8200, 23.4700, 23.7800, 1523365
2018-05-24, 23.8300, 23.9600, 23.5880, 23.8800, 1602443
2018-05-25, 23.8300, 23.9800, 23.5019, 23.9500, 1570296
2018-05-29, 23.8200, 24.2650, 23.7000, 24.1600, 1375909
2018-05-30, 24.2400, 24.6300, 23.9901, 24.4400, 1858473
2018-05-31, 24.4400, 24.7000, 24.1300, 24.5100, 1822771
2018-06-01, 24.7000, 25.0400, 24.4100, 24.9300, 2368266
2018-06-04, 25.0200, 25.3450, 24.9300, 25.3200, 2413128
2018-06-05, 24.7000, 24.8700, 24.2200, 24.6500, 14901545
2018-06-06, 24.7500, 25.5600, 24.7500, 25.4800, 5901219
2018-06-07, 25.6100, 25.6100, 25.2350, 25.3300, 3876552
2018-06-08, 25.3100, 25.5900, 25.2400, 25.5300, 2830513
2018-06-11, 25.6200, 26.1000, 25.6100, 25.9900, 2076685
2018-06-12, 26.0100, 26.3400, 25.9900, 26.2200, 2081150
2018-06-13, 26.2600, 26.6100, 26.2200, 26.4600, 2605235
2018-06-14, 26.6000, 26.7800, 25.8688, 26.4100, 2817685
2018-06-15, 26.4000, 26.5800, 25.8010, 26.4500, 4392055
2018-06-18, 26.3700, 26.3800, 25.9800, 26.0000, 2541160
2018-06-19, 25.8900, 26.0800, 25.7000, 25.9900, 2135941
2018-06-20, 26.0000, 26.0100, 25.7500, 25.8800, 1787756
2018-06-21, 25.9600, 26.1100, 25.6000, 25.8100, 1576890
2018-06-22, 25.8300, 25.9650, 25.5900, 25.7500, 4610376
2018-06-25, 25.3500, 25.5000, 24.9700, 25.2000, 1721038
2018-06-26, 25.3600, 25.3600, 24.9500, 25.0200, 2456527
2018-06-27, 25.0700, 25.1600, 24.6400, 24.6800, 2593791
2018-06-28, 24.4700, 24.6900, 24.0400, 24.6300, 4942462
2018-06-29, 24.7000, 25.2900, 24.5300, 24.6400, 4812712
2018-07-02, 24.4100, 25.2250, 24.4100, 25.2100, 1469300
2018-07-03, 25.2800, 25.4100, 24.9200, 25.0800, 1617335
2018-07-05, 25.2900, 25.5500, 25.1300, 25.5300, 2873563
2018-07-06, 25.6300, 26.0400, 25.5985, 25.9500, 2154206
2018-07-09, 26.0000, 26.1500, 25.9300, 26.0900, 3756149
2018-07-10, 26.2100, 26.2400, 25.7500, 25.8500, 1060006
2018-07-11, 25.6300, 26.0800, 24.9302, 25.9300, 1308236
2018-07-12, 26.0400, 26.0700, 25.6800, 26.0000, 1290478
2018-07-13, 26.0000, 26.0350, 25.8000, 26.0000, 1093217
2018-07-16, 26.1000, 26.1000, 25.9300, 26.0100, 1568900
2018-07-17, 25.8200, 26.4300, 25.7600, 26.4300, 2143032
2018-07-18, 26.4500, 26.7300, 25.9225, 26.6000, 2067673
2018-07-19, 26.4500, 26.6900, 26.1522, 26.6800, 1303716
2018-07-20, 26.6700, 26.7100, 26.3500, 26.3900, 1007942
2018-07-23, 26.3500, 26.6000, 26.1122, 26.5900, 1897063
2018-07-24, 26.7400, 26.7800, 26.2050, 26.4000, 787537
2018-07-25, 26.3500, 26.6500, 26.3200, 26.3600, 1289421
2018-07-26, 26.3300, 26.5100, 26.1700, 26.2700, 1573016
2018-07-27, 26.3000, 26.3900, 25.6400, 25.8100, 1926224
2018-07-30, 25.9100, 26.1700, 25.5910, 25.9700, 2551093
2018-07-31, 26.2300, 26.2300, 24.3000, 24.6200, 5029581
2018-08-01, 25.0800, 25.9800, 24.3500, 24.4000, 4174736
2018-08-02, 24.3200, 24.7050, 24.2150, 24.6500, 2118816
2018-08-03, 24.6400, 24.8800, 24.4900, 24.8100, 1650345
2018-08-06, 24.7800, 25.2200, 24.7461, 25.1600, 2826814
2018-08-07, 25.3300, 25.6000, 25.1000, 25.2500, 2759681
2018-08-08, 24.5900, 25.3100, 24.5900, 25.1300, 10083613
2018-08-09, 25.2000, 25.3900, 24.7400, 25.0700, 2572763
2018-08-10, 24.9400, 25.1700, 24.8500, 24.9300, 4832352
2018-08-13, 24.9200, 25.2700, 24.7300, 24.7800, 2161723
2018-08-14, 24.9300, 24.9900, 24.7000, 24.8900, 1635832
2018-08-15, 24.7500, 24.7600, 24.2900, 24.6300, 2027973
2018-08-16, 24.7700, 24.8700, 24.6900, 24.7400, 2253343
2018-08-17, 24.7700, 25.2000, 24.6600, 25.1600, 2092430
2018-08-20, 25.2500, 25.4200, 24.9000, 25.0100, 2258082
2018-08-21, 25.1300, 25.4600, 25.1300, 25.2600, 3259786
2018-08-22, 25.2600, 25.5900, 25.1800, 25.4500, 2297472
2018-08-23, 25.4600, 25.7100, 25.3500, 25.4500, 1541908
2018-08-24, 25.5200, 25.6500, 25.3800, 25.5800, 1484814
2018-08-27, 25.7000, 25.8600, 25.3801, 25.5700, 1636961
2018-08-28, 25.7300, 25.7600, 25.5100, 25.6800, 1383411
2018-08-29, 25.7500, 26.3350, 25.7150, 26.2100, 1688477
2018-08-30, 26.1600, 26.3600, 26.0300, 26.1100, 1347625
2018-08-31, 26.0200, 26.3100, 26.0200, 26.1100, 2786353
2018-09-04, 26.0400, 26.1900, 25.7300, 26.0000, 2374516
2018-09-05, 25.9500, 26.0200, 25.5500, 25.7200, 1815641
2018-09-06, 25.7100, 25.7700, 25.4850, 25.6300, 1332667
2018-09-07, 25.5600, 25.8200, 25.3300, 25.5900, 1346441
2018-09-10, 25.6200, 25.9100, 25.5700, 25.7300, 1477215
2018-09-11, 25.7600, 25.8900, 25.5100, 25.8500, 1440714
2018-09-12, 25.8300, 26.0200, 25.7100, 25.8200, 1225456
2018-09-13, 25.9300, 26.0500, 25.8600, 25.8900, 1346866
2018-09-14, 26.0000, 26.2750, 25.3607, 26.1300, 2218712
2018-09-17, 26.1300, 26.1850, 25.8400, 25.8700, 1474210
2018-09-18, 25.8000, 26.0200, 25.7000, 25.9500, 1913052
2018-09-19, 25.9500, 26.1600, 25.5600, 25.6800, 1113304
2018-09-20, 25.6600, 25.9000, 25.5800, 25.8800, 926452
2018-09-21, 26.0000, 26.0200, 25.7800, 25.8400, 2531968
2018-09-24, 25.7600, 25.8400, 25.6000, 25.8300, 1129710
2018-09-25, 25.9900, 26.0300, 25.7850, 25.9400, 1264461
2018-09-26, 26.0200, 26.1400, 25.5500, 25.5800, 2465883
2018-09-27, 25.7200, 26.6200, 25.5711, 26.2800, 2001094
2018-09-28, 26.0400, 26.3900, 25.8700, 26.0800, 3039629
2018-10-01, 26.3000, 26.4200, 25.3300, 25.3400, 1477035
2018-10-02, 25.2600, 25.3650, 24.9900, 25.1600, 2110503
2018-10-03, 25.2300, 25.2700, 25.0200, 25.1200, 1390041
2018-10-04, 25.0700, 25.1499, 24.5900, 24.8300, 1164370
2018-10-05, 24.8800, 24.9100, 24.4000, 24.4600, 1337490
2018-10-08, 24.3600, 24.5100, 24.0100, 24.4300, 1347902
2018-10-09, 24.3300, 24.5570, 24.0800, 24.4600, 1412107
2018-10-10, 24.3200, 24.6000, 23.0300, 23.0600, 2160162
2018-10-11, 23.0400, 23.4100, 22.8850, 23.0000, 2363046
2018-10-12, 23.4800, 23.6641, 23.0800, 23.5200, 1933128
2018-10-15, 23.5400, 24.0200, 23.4200, 23.8300, 1066252
2018-10-16, 24.0600, 24.1700, 23.7300, 24.1200, 2757763
2018-10-17, 24.0500, 24.4200, 23.9600, 24.3300, 1410985
2018-10-18, 24.3200, 24.6600, 24.1949, 24.5400, 2328965
2018-10-19, 24.5600, 25.2400, 24.5600, 24.9000, 3372063
2018-10-22, 24.9400, 25.0000, 24.5800, 24.8000, 963428
2018-10-23, 24.4300, 24.7600, 24.2400, 24.4400, 2652838
2018-10-24, 24.5200, 24.7300, 23.5500, 23.5700, 2441829
2018-10-25, 23.7900, 24.4400, 23.5200, 24.2900, 1628444
2018-10-26, 23.9200, 24.7100, 23.1000, 23.1300, 3009127
2018-10-29, 23.4400, 23.7300, 22.4900, 22.8600, 4032940
2018-10-30, 23.2500, 24.2775, 22.8400, 24.2600, 4801110
2018-10-31, 24.7300, 25.2100, 23.8150, 24.6500, 3368632
2018-11-01, 24.8400, 24.9800, 23.8400, 24.1700, 2040067
2018-11-02, 24.4200, 24.6750, 24.2300, 24.4000, 1435552
2018-11-05, 24.3100, 25.0450, 24.2400, 24.9800, 1975530
2018-11-06, 24.9900, 25.1600, 24.6800, 24.8500, 1230248
2018-11-07, 25.1000, 25.3400, 24.8200, 25.2500, 1576310
2018-11-08, 25.2400, 25.5500, 24.9401, 25.5500, 1389397
2018-11-09, 25.4000, 25.6300, 24.9901, 25.5700, 1642377
