2012-02-01, 17.2500, 17.4400, 15.7700, 16.0000, 11511900
2012-02-02, 16.0000, 16.1400, 15.3750, 16.0000, 1378300
2012-02-03, 16.0000, 16.4000, 15.7100, 16.1200, 554100
2012-02-06, 16.4000, 16.4500, 15.9200, 16.3500, 336200
2012-02-07, 16.4400, 17.5000, 16.0400, 17.3400, 880400
2012-02-08, 17.2000, 17.7400, 17.0000, 17.2000, 777300
2012-02-09, 17.5000, 17.7000, 17.0800, 17.2500, 157100
2012-02-10, 17.0000, 17.3200, 16.9500, 17.0500, 200500
2012-02-13, 17.0700, 17.3920, 17.0300, 17.2500, 140500
2012-02-14, 17.2500, 17.3200, 16.8000, 16.8500, 329600
2012-02-15, 17.0000, 17.0000, 16.4100, 16.6600, 168400
2012-02-16, 16.7500, 16.9700, 16.5700, 16.7900, 71600
2012-02-17, 18.2200, 18.2200, 16.3800, 16.5400, 371500
2012-02-21, 16.7500, 16.7500, 16.4500, 16.7500, 251600
2012-02-22, 16.9500, 17.1000, 16.7100, 17.0000, 199500
2012-02-23, 17.0500, 17.0900, 16.7400, 17.0100, 407600
2012-02-24, 16.9800, 17.9000, 16.9000, 17.4300, 346600
2012-02-27, 17.3600, 17.5700, 17.0869, 17.4000, 166700
2012-02-28, 17.3500, 17.3857, 16.9900, 17.0500, 149000
2012-02-29, 17.1400, 17.1400, 16.9000, 16.9200, 113200
2012-03-01, 16.9400, 17.0900, 16.9100, 17.0900, 115000
2012-03-02, 17.0000, 17.2072, 16.8900, 16.9400, 101800
2012-03-05, 16.7700, 17.0300, 16.2000, 16.2400, 337600
2012-03-06, 16.1000, 16.6500, 16.1000, 16.2500, 489100
2012-03-07, 16.5500, 16.7500, 16.2000, 16.4500, 256400
2012-03-08, 16.6500, 16.8900, 16.4932, 16.5600, 200100
2012-03-09, 16.5000, 17.1500, 16.5000, 17.0600, 691100
2012-03-12, 17.3500, 17.8500, 17.1885, 17.3400, 753500
2012-03-13, 17.2900, 17.9800, 17.2100, 17.4700, 355000
2012-03-14, 17.6500, 18.8500, 17.6032, 18.3000, 553200
2012-03-15, 18.2400, 19.4800, 18.2288, 19.3300, 570800
2012-03-16, 19.5600, 20.4500, 19.4100, 19.9400, 884000
2012-03-19, 20.7500, 20.9100, 19.4900, 19.8100, 552000
2012-03-20, 19.6700, 21.7800, 19.6100, 21.0900, 1170900
2012-03-21, 21.6000, 21.7500, 20.5000, 21.4000, 794300
2012-03-22, 21.0600, 21.0700, 20.0700, 20.1300, 477000
2012-03-23, 20.7800, 21.0000, 20.4000, 20.6200, 259100
2012-03-26, 20.9500, 21.7300, 20.7400, 21.6900, 320300
2012-03-27, 21.7800, 22.1400, 21.5400, 21.8700, 303100
2012-03-28, 21.7900, 21.9900, 20.8500, 20.9400, 272800
2012-03-29, 20.8700, 21.2100, 20.3800, 20.7200, 348900
2012-03-30, 21.0100, 21.0700, 20.6100, 20.9400, 1027800
2012-04-02, 20.9400, 21.5100, 20.6500, 21.1100, 308900
2012-04-03, 21.7900, 21.7900, 20.5900, 21.2100, 362700
2012-04-04, 20.7500, 21.1000, 20.2500, 20.4200, 173800
2012-04-05, 20.3400, 20.3994, 19.7200, 20.0100, 381800
2012-04-09, 19.9500, 20.4100, 19.0100, 19.7200, 142300
2012-04-10, 19.7200, 20.0600, 18.4700, 19.0900, 304000
2012-04-11, 19.1900, 19.4020, 18.3300, 18.7500, 420900
2012-04-12, 18.7700, 19.3000, 18.4000, 18.7900, 381000
2012-04-13, 18.1900, 18.6700, 17.4700, 18.0000, 786700
2012-04-16, 18.8000, 18.8000, 17.3400, 17.6300, 433400
2012-04-17, 17.8500, 18.0900, 17.4000, 17.4700, 480700
2012-04-18, 17.9300, 17.9300, 16.6350, 16.8800, 546900
2012-04-19, 17.1000, 17.4600, 16.4500, 16.7500, 655500
2012-04-20, 16.8800, 17.0100, 16.3200, 16.5600, 188100
2012-04-23, 16.2500, 16.5100, 15.9200, 16.2800, 428900
2012-04-24, 16.3100, 17.0500, 16.2300, 16.8300, 303200
2012-04-25, 16.9400, 17.8100, 16.7200, 17.1200, 355800
2012-04-26, 17.0800, 17.9600, 16.9200, 17.8400, 435400
2012-04-27, 17.9000, 18.5300, 17.9000, 18.1900, 511200
2012-04-30, 18.1500, 18.2700, 17.5700, 18.1200, 200000
2012-05-01, 18.1200, 18.6400, 17.8500, 18.1200, 235200
2012-05-02, 17.9800, 18.6500, 17.9550, 18.5200, 159000
2012-05-03, 18.5000, 18.8200, 18.2200, 18.4800, 119000
2012-05-04, 18.4100, 18.4250, 17.5600, 17.7800, 263600
2012-05-07, 17.7700, 17.8800, 17.4300, 17.6800, 228000
2012-05-08, 17.6100, 17.7300, 15.3800, 15.5800, 1001700
2012-05-09, 15.4900, 15.8000, 14.7600, 15.1500, 355900
2012-05-10, 15.2800, 15.3500, 14.3700, 14.8500, 440300
2012-05-11, 14.6800, 14.8700, 13.6700, 14.0200, 274000
2012-05-14, 14.2500, 14.3200, 13.0400, 13.1100, 274400
2012-05-15, 13.1800, 13.7600, 12.5600, 12.6700, 480500
2012-05-16, 12.7200, 13.3000, 11.8300, 11.9400, 685700
2012-05-17, 11.9900, 12.3000, 11.6400, 11.9400, 626500
2012-05-18, 12.0800, 12.1500, 11.4200, 11.7100, 293400
2012-05-21, 11.7400, 11.8300, 11.3100, 11.6700, 518100
2012-05-22, 11.6600, 12.7000, 11.5900, 12.0500, 339200
2012-05-23, 11.8900, 12.3200, 11.2000, 12.0800, 267000
2012-05-24, 12.1200, 12.1900, 11.6600, 12.0500, 103700
2012-05-25, 12.0400, 12.0900, 11.7700, 12.0100, 125500
2012-05-29, 12.1100, 12.4500, 11.8000, 11.9900, 186600
2012-05-30, 11.8900, 11.8900, 10.8000, 11.3800, 231900
2012-05-31, 11.0950, 12.3500, 11.0300, 12.1700, 308800
2012-06-01, 12.1200, 12.1200, 10.8700, 10.9500, 309000
2012-06-04, 10.9600, 11.2000, 10.0100, 10.1700, 429500
2012-06-05, 10.0700, 10.3800, 9.9200, 10.1000, 331000
2012-06-06, 10.2100, 11.5500, 10.2100, 11.0400, 378000
2012-06-07, 11.2700, 12.0980, 11.0400, 11.5700, 343300
2012-06-08, 11.5300, 11.6800, 11.0700, 11.3000, 213100
2012-06-11, 11.4200, 11.4500, 10.9500, 11.0300, 144800
2012-06-12, 11.0600, 11.2900, 11.0300, 11.1000, 140300
2012-06-13, 11.3600, 12.2300, 11.1900, 11.7500, 476200
2012-06-14, 12.1700, 12.1700, 11.4800, 11.8500, 297300
2012-06-15, 11.9300, 12.2700, 11.7200, 12.1900, 203900
2012-06-18, 12.1900, 12.5600, 12.1201, 12.5000, 365200
2012-06-19, 12.6500, 13.2150, 12.5000, 12.6100, 447200
2012-06-20, 12.7500, 12.7600, 12.0000, 12.1100, 291800
2012-06-21, 12.1500, 12.1500, 11.2500, 11.3700, 290100
2012-06-22, 11.4600, 11.8000, 11.3000, 11.8000, 387200
2012-06-25, 11.5100, 11.5100, 10.3950, 10.8700, 425800
2012-06-26, 10.8900, 11.1500, 10.5100, 10.6400, 243900
2012-06-27, 11.1100, 11.1100, 10.5500, 10.7100, 205400
2012-06-28, 10.5700, 11.0300, 10.5700, 10.8900, 239500
2012-06-29, 11.1500, 11.4500, 11.0500, 11.2600, 310900
2012-07-02, 11.5000, 11.6400, 10.9100, 11.1000, 341000
2012-07-03, 11.2000, 11.3500, 11.1000, 11.2300, 140300
2012-07-05, 11.2900, 11.6800, 11.2700, 11.4500, 325200
2012-07-06, 11.3700, 11.5899, 11.1400, 11.5200, 234100
2012-07-09, 11.5500, 11.5500, 10.7700, 10.9400, 296000
2012-07-10, 10.9000, 11.1900, 10.4416, 10.5400, 194600
2012-07-11, 10.5300, 10.6800, 10.0000, 10.1600, 227800
2012-07-12, 10.0600, 10.5800, 10.0100, 10.2900, 164200
2012-07-13, 10.4800, 11.0800, 10.4000, 11.0800, 235800
2012-07-16, 11.2000, 11.3700, 10.8400, 11.0300, 174600
2012-07-17, 11.2100, 11.2100, 10.8800, 10.9300, 107400
2012-07-18, 10.8700, 11.2500, 10.8000, 11.1900, 192100
2012-07-19, 11.2800, 11.2800, 10.8600, 10.9100, 253900
2012-07-20, 10.9000, 11.2700, 10.8900, 11.0700, 367000
2012-07-23, 10.9900, 11.0600, 10.6500, 10.6800, 127400
2012-07-24, 10.7800, 10.9500, 10.1000, 10.1900, 258000
2012-07-25, 10.3000, 10.3400, 10.0800, 10.1700, 144200
2012-07-26, 10.3900, 10.6400, 9.3100, 9.5000, 731400
2012-07-27, 9.5800, 9.8800, 9.0200, 9.7400, 873000
2012-07-30, 9.8200, 9.9500, 9.1500, 9.5400, 476300
2012-07-31, 10.2400, 10.9299, 9.4600, 10.3500, 888800
2012-08-01, 10.5000, 10.8000, 9.8000, 10.1400, 555500
2012-08-02, 9.9800, 10.0500, 9.5700, 9.7800, 521800
2012-08-03, 9.9600, 10.9600, 9.9400, 10.6000, 579300
2012-08-06, 10.6200, 10.7500, 10.4600, 10.5700, 272900
2012-08-07, 10.7100, 10.9400, 10.5360, 10.7800, 391200
2012-08-08, 10.6400, 10.8500, 10.5200, 10.8200, 204900
2012-08-09, 10.7300, 10.8500, 10.5400, 10.8400, 527500
2012-08-10, 10.7200, 10.9399, 10.3000, 10.3700, 249500
2012-08-13, 10.3100, 10.4400, 10.0500, 10.1200, 365800
2012-08-14, 10.1600, 10.6400, 10.1600, 10.5700, 937700
2012-08-15, 10.7900, 11.9400, 10.7900, 11.8200, 1169800
2012-08-16, 11.7800, 13.1100, 11.6200, 12.9200, 873500
2012-08-17, 12.7800, 12.8800, 12.1500, 12.4400, 825000
2012-08-20, 12.4900, 12.6000, 12.2500, 12.3800, 219300
2012-08-21, 12.3900, 12.7070, 12.3800, 12.4800, 395000
2012-08-22, 12.4800, 12.5440, 12.2700, 12.4100, 467700
2012-08-23, 12.4000, 12.7800, 12.3100, 12.4400, 525800
2012-08-24, 12.3500, 12.4300, 11.9600, 12.0300, 401200
2012-08-27, 12.1200, 12.2800, 11.4500, 11.5600, 265600
2012-08-28, 11.5200, 11.8900, 11.5200, 11.6700, 137300
2012-08-29, 11.6600, 11.9200, 11.5200, 11.8600, 239900
2012-08-30, 11.6900, 11.9500, 11.5000, 11.7000, 277500
2012-08-31, 11.8400, 11.9800, 11.6300, 11.9000, 130300
2012-09-04, 11.8200, 12.2500, 11.8200, 12.1400, 233200
2012-09-05, 12.0200, 12.1500, 11.8500, 12.1500, 426700
2012-09-06, 12.1600, 12.3490, 11.9600, 12.2900, 185900
2012-09-07, 12.2700, 12.5300, 12.1900, 12.3700, 332800
2012-09-10, 12.4200, 12.8000, 12.4200, 12.7000, 331900
2012-09-11, 12.8000, 13.9700, 12.7200, 13.8100, 612200
2012-09-12, 13.9900, 14.6900, 13.8500, 14.6200, 626000
2012-09-13, 14.1100, 14.8200, 14.0500, 14.7700, 571800
2012-09-14, 14.8800, 15.2200, 14.5300, 14.6200, 403300
2012-09-17, 15.0700, 15.2200, 14.8100, 15.1700, 263100
2012-09-18, 15.0000, 15.1900, 14.0700, 14.6100, 438700
2012-09-19, 14.9200, 14.9200, 14.0600, 14.0900, 297300
2012-09-20, 14.0300, 14.2600, 13.7320, 14.2300, 244900
2012-09-21, 14.5900, 14.6900, 13.8900, 14.0000, 256000
2012-09-24, 14.1200, 14.4200, 13.7500, 14.3500, 291600
2012-09-25, 14.4000, 14.5300, 13.9900, 14.1000, 331800
2012-09-26, 14.0900, 14.0900, 13.6200, 13.7500, 310400
2012-09-27, 13.8400, 13.8900, 13.2700, 13.6200, 236100
2012-09-28, 13.5600, 13.6600, 13.4200, 13.5600, 112100
2012-10-01, 13.6900, 14.5400, 13.5000, 14.4300, 174700
2012-10-02, 14.6900, 14.9900, 13.8300, 13.9000, 388600
2012-10-03, 13.9900, 14.0900, 13.7400, 13.9100, 245600
2012-10-04, 13.9800, 14.5600, 13.9100, 14.2300, 206100
2012-10-05, 14.3800, 14.5000, 13.6200, 13.7200, 340800
2012-10-08, 13.6600, 13.7420, 13.4500, 13.5100, 171000
2012-10-09, 13.5200, 14.0000, 13.0900, 13.1500, 164900
2012-10-10, 13.1500, 13.4200, 12.8600, 13.4000, 304600
2012-10-11, 13.8500, 14.0000, 13.0000, 13.1700, 193200
2012-10-12, 13.1300, 13.3600, 12.8000, 13.1700, 156500
2012-10-15, 13.3800, 13.4500, 12.9200, 13.0300, 140300
2012-10-16, 13.0500, 13.3560, 12.8800, 13.0500, 156800
2012-10-17, 13.1400, 13.8800, 13.1100, 13.5100, 277900
2012-10-18, 13.8700, 13.8700, 13.2317, 13.4500, 318700
2012-10-19, 13.5000, 13.6700, 13.0600, 13.4000, 265800
2012-10-22, 13.4300, 13.6160, 13.3400, 13.3900, 229300
2012-10-23, 13.3100, 13.3793, 12.9401, 13.1200, 232900
2012-10-24, 13.2500, 13.4600, 12.9000, 13.1200, 214100
2012-10-25, 13.3100, 13.4300, 13.1600, 13.2500, 501300
2012-10-26, 13.1700, 13.1900, 12.7500, 12.9000, 265400
2012-10-31, 13.3200, 13.3200, 12.3700, 12.8000, 230900
2012-11-01, 12.8300, 12.8700, 12.5100, 12.8700, 285200
2012-11-02, 13.4500, 14.4900, 12.7400, 14.2500, 983200
2012-11-05, 14.5200, 14.7000, 14.1700, 14.5200, 394400
2012-11-06, 14.6500, 15.9400, 14.3300, 15.5800, 674800
2012-11-07, 15.2900, 15.7500, 14.1700, 15.5400, 810800
2012-11-08, 15.3500, 15.6700, 14.9420, 15.4000, 392500
2012-11-09, 15.2000, 15.3200, 14.9300, 14.9800, 580500
2012-11-12, 15.1900, 15.5700, 14.9800, 15.0600, 388400
2012-11-13, 14.8800, 14.8800, 12.7500, 14.6300, 1637200
2012-11-14, 14.8300, 14.8800, 14.2500, 14.6500, 592700
2012-11-15, 14.5900, 15.1500, 14.3410, 15.0900, 440200
2012-11-16, 15.2500, 15.5500, 14.6900, 15.4500, 392800
2012-11-19, 16.0000, 17.2500, 15.8000, 16.7300, 941800
2012-11-20, 16.7600, 16.7600, 16.1700, 16.4900, 506800
2012-11-21, 16.3300, 16.6490, 15.4700, 16.0700, 500100
2012-11-23, 16.0700, 16.0700, 14.9400, 15.3100, 273700
2012-11-26, 15.8500, 16.5600, 15.5200, 16.2500, 1196300
2012-11-27, 16.2600, 16.3300, 15.8700, 15.9300, 540600
2012-11-28, 15.9400, 16.1800, 14.5500, 14.8200, 728000
2012-11-29, 14.9000, 15.4630, 14.7800, 14.9500, 444800
2012-11-30, 14.9900, 15.1000, 13.7700, 14.5200, 1695900
2012-12-03, 14.3500, 15.1000, 14.0500, 15.0100, 423000
2012-12-04, 14.9000, 15.2900, 14.6600, 14.8400, 246200
2012-12-05, 14.7800, 14.8700, 14.1800, 14.3100, 315000
2012-12-06, 14.2700, 14.9200, 14.2700, 14.4300, 210600
2012-12-07, 14.7500, 15.9800, 14.7500, 14.9800, 556300
2012-12-10, 15.0000, 15.4700, 14.1100, 14.8600, 483200
2012-12-11, 15.0600, 15.8400, 15.0500, 15.5600, 619100
2012-12-12, 15.6100, 16.5500, 15.5500, 16.2400, 550200
2012-12-13, 16.1000, 16.3386, 15.7700, 15.9900, 332800
2012-12-14, 16.0600, 16.4400, 15.9500, 16.0800, 231800
2012-12-17, 16.3600, 16.5800, 15.9000, 15.9900, 336500
2012-12-18, 16.0000, 16.9400, 15.9012, 16.3100, 623200
2012-12-19, 16.4200, 17.1600, 16.1600, 17.0000, 401300
2012-12-20, 17.1500, 17.2299, 16.2000, 16.9900, 538500
2012-12-21, 16.5900, 16.6000, 15.8800, 16.5300, 463700
2012-12-24, 16.6800, 16.6800, 16.0000, 16.5000, 176300
2012-12-26, 16.4700, 16.4700, 16.0000, 16.3700, 338200
2012-12-27, 16.5100, 16.5100, 15.5100, 15.9800, 336100
2012-12-28, 16.1200, 16.1200, 15.7500, 15.8300, 116100
2012-12-31, 15.8300, 16.7700, 15.8300, 16.7300, 294900
2013-01-02, 17.5000, 17.8900, 16.9100, 17.4500, 509400
2013-01-03, 17.5000, 17.9500, 16.2600, 16.5300, 740000
2013-01-04, 16.5900, 17.3800, 16.1500, 17.1500, 430600
2013-01-07, 17.9500, 19.2800, 17.6800, 18.9900, 717200
2013-01-08, 18.9800, 19.4664, 18.3020, 18.5900, 377200
2013-01-09, 18.6700, 19.5100, 18.6500, 19.2100, 669400
2013-01-10, 19.0100, 19.0200, 17.9500, 18.1100, 615500
2013-01-11, 18.1200, 18.2100, 17.7100, 17.9600, 294000
2013-01-14, 18.2600, 18.8900, 17.9700, 18.8500, 390900
2013-01-15, 18.8400, 18.8800, 18.2500, 18.6700, 266100
2013-01-16, 18.8000, 19.2500, 18.5904, 18.8500, 486100
2013-01-17, 18.6700, 18.9500, 18.5100, 18.9000, 323400
2013-01-18, 19.0200, 19.2500, 18.6100, 18.9300, 303400
2013-01-22, 19.2900, 19.5000, 18.5500, 18.8500, 374600
2013-01-23, 19.3800, 19.9400, 18.9280, 19.2900, 377300
2013-01-24, 19.5000, 20.1300, 19.3102, 20.0500, 352000
2013-01-25, 20.1200, 20.3000, 19.7200, 19.7600, 374000
2013-01-28, 20.0000, 20.0900, 19.4200, 19.9900, 256300
2013-01-29, 20.1000, 20.6000, 19.1400, 19.2500, 391500
2013-01-30, 19.5500, 19.9000, 19.2500, 19.7800, 309700
2013-01-31, 19.7000, 20.2000, 19.5500, 20.0700, 248200
2013-02-01, 20.2000, 20.2600, 19.9000, 20.0400, 273200
2013-02-04, 20.0400, 20.1100, 19.3100, 19.6200, 224500
2013-02-05, 19.6800, 20.4700, 19.6800, 20.2900, 291500
2013-02-06, 20.1700, 20.9000, 20.0900, 20.5800, 296100
2013-02-07, 20.7900, 20.9100, 19.9800, 20.4100, 203700
2013-02-08, 20.6800, 20.7000, 19.9200, 20.0800, 185800
2013-02-11, 20.5000, 21.5000, 20.2200, 21.0000, 372900
2013-02-12, 21.0200, 21.3899, 20.3600, 20.4300, 387700
2013-02-13, 20.7500, 20.7500, 20.0500, 20.1800, 325300
2013-02-14, 20.0000, 20.2000, 17.6800, 20.0300, 1132300
2013-02-15, 20.1500, 20.1500, 19.5100, 19.9500, 336200
2013-02-19, 20.0900, 20.2500, 19.8500, 20.0000, 321500
2013-02-20, 20.1000, 20.2500, 18.4100, 18.7900, 364500
2013-02-21, 19.2900, 19.2900, 17.0500, 17.8100, 725200
2013-02-22, 18.5000, 18.9700, 18.2600, 18.2800, 321200
2013-02-25, 18.3700, 18.8675, 18.0200, 18.3500, 460400
2013-02-26, 20.9400, 23.5600, 20.3000, 21.6200, 2527900
2013-02-27, 21.9400, 24.6300, 21.7000, 23.9700, 1530200
2013-02-28, 23.7500, 26.4100, 22.7500, 24.5900, 1122800
2013-03-01, 24.0900, 25.3300, 23.0500, 24.0000, 1072800
2013-03-04, 24.2100, 24.8000, 23.3300, 24.4100, 752300
2013-03-05, 24.9300, 26.0000, 24.2000, 24.4700, 659400
2013-03-06, 24.4700, 25.9400, 24.2300, 25.5700, 688300
2013-03-07, 25.5500, 26.9900, 25.2600, 25.6500, 715400
2013-03-08, 26.8900, 27.8609, 25.2900, 26.4300, 1192700
2013-03-11, 28.5000, 28.5000, 26.0401, 26.5300, 755200
2013-03-12, 25.5100, 25.6500, 23.2200, 24.4700, 2132700
2013-03-13, 23.7900, 24.7500, 22.6700, 22.7900, 1879000
2013-03-14, 21.6200, 22.2000, 21.5700, 21.7000, 9261500
2013-03-15, 21.5700, 21.9900, 21.2407, 21.7000, 2457500
2013-03-18, 22.0000, 23.2500, 21.5100, 22.7600, 4628300
2013-03-19, 23.1900, 23.7200, 22.2200, 22.7000, 2160900
2013-03-20, 22.7200, 24.2300, 22.2500, 23.8700, 2028000
2013-03-21, 23.8000, 24.3500, 23.4500, 23.9000, 1378100
2013-03-22, 23.9600, 23.9600, 23.3400, 23.7600, 939500
2013-03-25, 24.0100, 24.0500, 22.3500, 23.0600, 1239400
2013-03-26, 23.2300, 23.2640, 21.5550, 22.1900, 1816400
2013-03-27, 22.0000, 23.0801, 21.8500, 22.9400, 954100
2013-03-28, 23.1820, 23.8000, 22.7500, 23.5800, 1463600
2013-04-01, 23.9400, 23.9900, 22.7600, 22.9400, 1774500
2013-04-02, 23.5400, 23.7300, 22.1100, 22.3100, 1315500
2013-04-03, 22.2000, 22.5390, 21.0000, 21.3900, 1348600
2013-04-04, 21.2400, 21.8200, 21.0308, 21.4800, 926700
2013-04-05, 21.0000, 22.9500, 20.3800, 22.5900, 1860900
2013-04-08, 22.6000, 23.0200, 21.6100, 22.9600, 1302200
2013-04-09, 22.8300, 23.4300, 22.6000, 22.9900, 711500
2013-04-10, 22.9600, 23.7500, 22.8900, 23.5700, 886100
2013-04-11, 23.6400, 24.3880, 23.3401, 23.5500, 851600
2013-04-12, 23.2500, 23.5000, 22.5000, 23.3300, 1025900
2013-04-15, 23.1500, 23.1500, 20.5000, 20.6500, 1545600
2013-04-16, 21.8876, 21.9700, 21.2001, 21.5500, 1179600
2013-04-17, 21.2500, 21.3320, 20.1200, 20.4000, 1291300
2013-04-18, 20.5000, 20.9200, 19.0100, 19.8000, 1370700
2013-04-19, 19.8500, 20.4000, 19.6044, 20.2000, 783500
2013-04-22, 20.3500, 20.8700, 19.5800, 20.6800, 849300
2013-04-23, 20.7600, 21.2200, 20.3600, 20.9600, 996000
2013-04-24, 20.9800, 21.7751, 20.9800, 21.4200, 1084500
2013-04-25, 21.7000, 21.7100, 20.3450, 20.5400, 1513600
2013-04-26, 20.5800, 20.7400, 19.6800, 20.1600, 1706200
2013-04-29, 20.4900, 21.9800, 20.2100, 21.2000, 2843700
2013-04-30, 21.2200, 21.2200, 18.1200, 20.4300, 8380800
2013-05-01, 20.7400, 20.7400, 19.6400, 20.0100, 1165800
2013-05-02, 20.6100, 20.8500, 19.8300, 20.5800, 1782400
2013-05-03, 20.8500, 22.2100, 20.5800, 21.9100, 1618500
2013-05-06, 22.0000, 22.1400, 21.4300, 21.8100, 882500
2013-05-07, 21.7900, 22.0700, 21.6740, 21.7500, 841800
2013-05-08, 21.6700, 21.8600, 20.8100, 21.0900, 1438300
2013-05-09, 21.1000, 21.4700, 20.3900, 21.2700, 1149800
2013-05-10, 21.0600, 21.3500, 20.7400, 21.0100, 961000
2013-05-13, 20.7000, 21.0000, 20.3500, 20.7000, 962200
2013-05-14, 20.7500, 20.9400, 20.0300, 20.2300, 1388700
2013-05-15, 20.6200, 21.9200, 20.6200, 21.9200, 2603100
2013-05-16, 22.0000, 22.6000, 21.5100, 22.0100, 1755000
2013-05-17, 23.0000, 23.0800, 22.2600, 22.6200, 1049300
2013-05-20, 22.6900, 23.5000, 22.4100, 23.3100, 1208200
2013-05-21, 23.6000, 23.7500, 23.1500, 23.4100, 1029500
2013-05-22, 23.4100, 23.8400, 22.0000, 22.4500, 1395900
2013-05-23, 21.7000, 22.4490, 21.2500, 22.1000, 863900
2013-05-24, 22.0500, 22.5600, 21.5900, 22.3500, 493100
2013-05-28, 23.6300, 23.6300, 22.1100, 22.3100, 578400
2013-05-29, 22.0100, 22.6700, 22.0000, 22.4200, 512300
2013-05-30, 22.3800, 22.7216, 22.2500, 22.4000, 530500
2013-05-31, 22.1700, 22.8700, 21.9500, 22.0900, 604800
2013-06-03, 22.0900, 22.3500, 20.6800, 21.5900, 774100
2013-06-04, 20.4600, 20.6000, 19.4000, 20.1000, 2161500
2013-06-05, 19.8600, 19.9900, 19.3700, 19.7800, 1325300
2013-06-06, 19.6900, 20.4100, 19.6100, 20.3000, 7560400
2013-06-07, 20.5000, 21.7600, 20.3000, 21.5400, 2792500
2013-06-10, 21.5000, 21.7900, 20.5400, 21.3200, 1775000
2013-06-11, 20.9200, 22.2700, 20.7737, 21.7400, 1197000
2013-06-12, 22.1100, 22.2500, 21.3800, 21.6500, 1101800
2013-06-13, 21.7000, 21.8620, 21.0900, 21.7800, 959800
2013-06-14, 21.6100, 21.6400, 21.0900, 21.2900, 1177800
2013-06-17, 21.6200, 21.8600, 21.0600, 21.5000, 1271200
2013-06-18, 21.5900, 21.7400, 21.3000, 21.4500, 1084200
2013-06-19, 21.5300, 21.5300, 20.7200, 20.8600, 882900
2013-06-20, 20.2600, 20.7400, 20.1100, 20.5800, 1959600
2013-06-21, 20.7100, 21.0655, 20.2100, 20.9700, 2296600
2013-06-24, 20.1100, 20.5500, 19.2600, 19.6300, 2763800
2013-06-25, 19.8400, 20.0600, 19.5700, 19.8400, 1709000
2013-06-26, 20.0100, 20.5800, 19.8800, 20.3100, 1196300
2013-06-27, 20.4500, 20.9400, 20.1100, 20.1500, 1067700
2013-06-28, 20.5400, 21.1300, 20.0700, 20.7800, 2527500
2013-07-01, 20.9800, 21.0200, 20.5050, 20.7100, 1132500
2013-07-02, 20.6200, 21.1800, 20.4945, 20.8500, 942400
2013-07-03, 20.6500, 21.2200, 20.4600, 21.1500, 469800
2013-07-05, 21.4100, 21.5450, 20.5200, 21.0700, 878300
2013-07-08, 21.2500, 21.8500, 21.0500, 21.7800, 1203000
2013-07-09, 22.0000, 22.4852, 21.8450, 22.2900, 1226200
2013-07-10, 22.0000, 22.6500, 22.0000, 22.4200, 906300
2013-07-11, 22.8000, 22.9800, 22.0500, 22.2900, 845000
2013-07-12, 22.3000, 22.5500, 22.0675, 22.4100, 708300
2013-07-15, 22.3300, 22.6900, 22.0800, 22.2400, 843800
2013-07-16, 22.2200, 22.3150, 21.4400, 21.7100, 1084600
2013-07-17, 21.7400, 22.5400, 21.6300, 22.5000, 761000
2013-07-18, 22.5600, 23.4500, 22.2600, 23.0000, 2273200
2013-07-19, 22.8200, 23.8000, 22.6600, 23.5600, 1455900
2013-07-22, 23.7600, 24.0300, 23.2300, 23.3400, 1347900
2013-07-23, 23.4000, 24.0400, 23.1500, 23.7200, 1332900
2013-07-24, 23.6700, 23.8800, 23.2100, 23.5200, 1364600
2013-07-25, 23.6000, 23.8700, 22.9500, 23.4400, 1704800
2013-07-26, 23.4100, 23.5400, 23.1200, 23.5400, 960600
2013-07-29, 23.5600, 24.4200, 23.3500, 24.3500, 246200
2013-07-30, 24.4000, 24.4500, 23.8848, 24.2800, 1613200
2013-07-31, 24.1500, 24.7100, 23.9300, 24.2000, 2776300
2013-08-01, 22.4900, 23.4900, 21.7800, 22.4700, 4913900
2013-08-02, 23.0000, 23.0000, 22.0100, 22.7300, 1391600
2013-08-05, 22.5000, 22.6144, 21.8700, 22.2000, 2031800
2013-08-06, 22.0000, 22.3600, 21.6500, 22.1500, 1073200
2013-08-07, 21.8400, 22.2700, 21.7600, 22.0200, 755300
2013-08-08, 22.0700, 22.7000, 22.0400, 22.6100, 1038700
2013-08-09, 22.3000, 23.2300, 22.1000, 23.0000, 1141600
2013-08-12, 23.0000, 23.4100, 22.8700, 23.0400, 1072100
2013-08-13, 23.1700, 23.3400, 22.8100, 23.0100, 846900
2013-08-14, 23.0600, 23.8300, 23.0200, 23.2400, 879500
2013-08-15, 23.0400, 23.2500, 22.3500, 22.9600, 757100
2013-08-16, 22.8200, 23.7200, 22.7000, 22.8500, 707700
2013-08-19, 22.8800, 22.9563, 22.2000, 22.2600, 548800
2013-08-20, 22.3200, 22.9400, 22.2800, 22.4700, 645200
2013-08-21, 22.4000, 22.6000, 21.7200, 22.0000, 831400
2013-08-22, 22.0000, 22.9400, 22.0000, 22.8900, 575600
2013-08-23, 23.1800, 23.3599, 22.5500, 23.2400, 554700
2013-08-26, 23.2800, 23.6000, 22.6500, 22.9500, 545500
2013-08-27, 22.6900, 23.1500, 22.3700, 22.7200, 1135300
2013-08-28, 23.1800, 23.4900, 22.7500, 23.3200, 1114200
2013-08-29, 23.3400, 23.9900, 23.1100, 23.5200, 1581200
2013-08-30, 23.5100, 23.8300, 23.3700, 23.5000, 1274400
2013-09-03, 23.7900, 23.9400, 23.2100, 23.4000, 1002500
2013-09-04, 23.3400, 23.4500, 22.8800, 23.4200, 787700
2013-09-05, 23.6100, 23.6100, 22.8800, 23.5300, 870200
2013-09-06, 23.6000, 24.5954, 23.4000, 24.1100, 1788800
2013-09-09, 24.1700, 24.9800, 24.1700, 24.6300, 1359300
2013-09-10, 24.8800, 25.0500, 24.5500, 24.9800, 1023600
2013-09-11, 24.9100, 25.2500, 24.4500, 25.1500, 784900
2013-09-12, 25.8700, 25.8700, 24.9300, 25.2700, 619700
2013-09-13, 25.2100, 25.3470, 24.8000, 25.0700, 654800
2013-09-16, 25.3500, 25.5000, 25.0900, 25.2500, 568200
2013-09-17, 25.4300, 25.4300, 24.9400, 25.0300, 557000
2013-09-18, 25.0200, 25.5300, 24.5500, 25.2200, 934900
2013-09-19, 25.5500, 25.5900, 24.7200, 24.8100, 643000
2013-09-20, 24.9000, 25.3700, 24.6000, 25.3700, 1016200
2013-09-23, 26.5800, 26.5800, 24.7800, 24.9200, 802700
2013-09-24, 24.9300, 25.0500, 24.4200, 24.4600, 539200
2013-09-25, 24.4500, 24.9100, 23.9400, 24.1400, 672800
2013-09-26, 24.3700, 25.0100, 24.2500, 25.0100, 2018200
2013-09-27, 24.9900, 25.1400, 24.8000, 24.9500, 1351200
2013-09-30, 24.7500, 25.2500, 24.5400, 24.9000, 1414000
2013-10-01, 25.1400, 26.1900, 24.8700, 26.0000, 2094800
2013-10-02, 25.9000, 27.0000, 25.7900, 26.2200, 1412600
2013-10-03, 27.4000, 28.5200, 26.7600, 27.3400, 3236200
2013-10-04, 27.4000, 29.0800, 27.1800, 28.3100, 2076600
2013-10-07, 28.2000, 29.4000, 27.7869, 28.6700, 2129500
2013-10-08, 29.5400, 29.6500, 28.6900, 28.8800, 2463800
2013-10-09, 28.9100, 30.6499, 28.7700, 29.8800, 1820200
2013-10-10, 30.2000, 31.5800, 30.2000, 30.8200, 3154900
2013-10-11, 30.7700, 31.2500, 30.5500, 31.0800, 1171100
2013-10-14, 31.2000, 31.6400, 30.9300, 31.5200, 1059600
2013-10-15, 31.4700, 33.5500, 31.4700, 33.2500, 2242200
2013-10-16, 33.0400, 34.6000, 32.6100, 34.3100, 1389600
2013-10-17, 34.0900, 37.1425, 31.7500, 34.4900, 5282600
2013-10-18, 34.4900, 34.7500, 32.5800, 33.5500, 1663500
2013-10-21, 33.3400, 35.0700, 32.9600, 35.0700, 1058700
2013-10-22, 34.5500, 34.9300, 34.3001, 34.6000, 1144700
2013-10-23, 34.2900, 34.3100, 32.3200, 32.4600, 1584500
2013-10-24, 32.3300, 32.6599, 30.6300, 32.3000, 2308000
2013-10-25, 32.2300, 32.6600, 31.1100, 32.5300, 928500
2013-10-28, 32.7300, 33.3500, 32.2700, 32.8300, 503300
2013-10-29, 32.9000, 33.4100, 32.5000, 32.8800, 770100
2013-10-30, 32.7800, 33.1900, 31.6600, 31.8000, 690500
2013-10-31, 32.1300, 35.4000, 31.9000, 34.8200, 2345400
2013-11-01, 35.0000, 35.4900, 33.5700, 34.5100, 1047100
2013-11-04, 34.8800, 35.7399, 34.0000, 35.1200, 1551900
2013-11-05, 35.3600, 36.6200, 34.8500, 35.7800, 1743400
2013-11-06, 35.8500, 36.3800, 33.7000, 34.2200, 1827800
2013-11-07, 33.6900, 34.3200, 31.8400, 32.7400, 2962900
2013-11-08, 30.8900, 32.3100, 30.7500, 32.2200, 9382300
2013-11-11, 32.1800, 33.7900, 31.9710, 33.5400, 2872900
2013-11-12, 33.2800, 34.1800, 33.0500, 33.2000, 1826500
2013-11-13, 33.2800, 34.5600, 32.7300, 33.9200, 1423400
2013-11-14, 33.9200, 34.2700, 33.2600, 33.3000, 1473300
2013-11-15, 33.2600, 34.1200, 33.0500, 33.4600, 1463300
2013-11-18, 33.6700, 33.6700, 31.9100, 32.0300, 1525100
2013-11-19, 32.1500, 32.8299, 31.4200, 31.9100, 999000
2013-11-20, 32.0300, 32.7700, 31.8600, 32.2500, 1153700
2013-11-21, 32.3200, 33.7400, 32.2600, 33.5400, 1358600
2013-11-22, 33.5200, 33.8100, 32.8400, 33.1800, 989400
2013-11-25, 33.0800, 33.3900, 32.0300, 32.9600, 1057600
2013-11-26, 32.7900, 33.9900, 32.6100, 33.5700, 1094400
2013-11-27, 33.8900, 35.0600, 33.7200, 34.2600, 1444900
2013-11-29, 34.2600, 34.8190, 33.5700, 34.5100, 529300
2013-12-02, 34.5100, 36.0000, 34.2500, 35.2500, 2206100
2013-12-03, 35.2500, 35.7900, 34.5200, 34.9000, 1579200
2013-12-04, 34.6300, 35.4500, 34.4600, 34.6500, 1309900
2013-12-05, 34.9000, 36.2500, 34.6700, 35.3400, 2621800
2013-12-06, 35.4000, 35.9900, 34.5200, 35.2400, 4667900
2013-12-09, 35.6200, 36.0500, 35.0200, 35.1300, 1792000
2013-12-10, 35.0000, 35.1500, 33.8800, 34.5900, 1926300
2013-12-11, 34.7800, 35.0000, 33.0600, 33.2500, 1162600
2013-12-12, 33.1100, 33.2566, 32.0700, 32.6100, 1585000
2013-12-13, 32.6000, 33.2799, 31.8700, 32.2900, 1129300
2013-12-16, 32.4000, 32.6240, 31.5200, 32.2500, 1670800
2013-12-17, 32.5900, 32.6000, 31.0100, 31.8800, 1218200
2013-12-18, 31.8800, 32.2200, 31.2825, 31.9800, 943100
2013-12-19, 31.8000, 32.7487, 31.6500, 32.2100, 1181700
2013-12-20, 32.2600, 32.6000, 31.5700, 32.5300, 1672600
2013-12-23, 32.4600, 33.6800, 32.4216, 33.5800, 1032300
2013-12-24, 33.6000, 33.9900, 33.3000, 33.9000, 410600
2013-12-26, 33.8000, 34.0000, 33.2500, 33.5400, 750500
2013-12-27, 33.8700, 33.9100, 33.3950, 33.5700, 506100
2013-12-30, 33.7800, 34.4000, 33.4100, 34.0400, 878800
2013-12-31, 34.0400, 34.5300, 33.7400, 34.1100, 668300
2014-01-02, 34.1000, 34.1900, 32.5100, 32.9100, 1106100
2014-01-03, 32.9100, 33.3000, 32.7500, 33.1700, 722100
2014-01-06, 33.1600, 33.4100, 32.3280, 32.5400, 835500
2014-01-07, 32.5600, 32.8000, 31.2700, 32.3100, 1364000
2014-01-08, 32.3800, 32.8300, 31.8000, 32.3400, 1006200
2014-01-09, 32.3900, 32.5990, 31.0600, 31.4500, 1216800
2014-01-10, 31.5300, 32.0200, 31.2905, 31.8700, 618100
2014-01-13, 31.8300, 32.1200, 29.3225, 29.4900, 2985600
2014-01-14, 29.4900, 30.4000, 29.1700, 30.1500, 1353600
2014-01-15, 30.3200, 30.5500, 29.6200, 30.5300, 1241300
2014-01-16, 30.8500, 31.0700, 30.5900, 30.6500, 818700
2014-01-17, 30.6800, 31.0800, 30.4400, 30.6900, 1224700
2014-01-21, 30.8500, 31.2200, 30.3537, 30.7600, 779800
2014-01-22, 30.7500, 31.2300, 30.5400, 30.9800, 725600
2014-01-23, 30.9600, 31.0000, 30.2450, 30.4200, 991700
2014-01-24, 30.4000, 30.4400, 29.6200, 29.7600, 1049800
2014-01-27, 29.8200, 30.2000, 28.5700, 29.5600, 1530400
2014-01-28, 29.7900, 30.6600, 29.6800, 30.5400, 869600
2014-01-29, 30.4100, 30.8000, 29.8700, 30.1700, 738500
2014-01-30, 31.1100, 32.1990, 31.0000, 32.0200, 1927100
2014-01-31, 28.0000, 30.6000, 24.2800, 29.6200, 8276100
2014-02-03, 29.2500, 29.5800, 27.3800, 27.5500, 4209100
2014-02-04, 27.1100, 27.4600, 26.1600, 26.2500, 3447600
2014-02-05, 26.1500, 27.0700, 25.7100, 26.8400, 2204400
2014-02-06, 26.7700, 27.3150, 26.7200, 26.8900, 1563900
2014-02-07, 27.0000, 27.3400, 26.4100, 26.7100, 1191500
2014-02-10, 27.4900, 28.0200, 27.0000, 27.6700, 1712300
2014-02-11, 29.5700, 29.6400, 28.5400, 29.0100, 2625800
2014-02-12, 29.0900, 29.6200, 28.9700, 29.1800, 1847000
2014-02-13, 28.9200, 29.8900, 28.8500, 29.6500, 1543600
2014-02-14, 29.5600, 30.2000, 28.9800, 29.8900, 6797300
2014-02-18, 29.5200, 30.4100, 29.3100, 30.0000, 1959300
2014-02-19, 29.8900, 30.5100, 29.5900, 30.2400, 1462000
2014-02-20, 30.2400, 31.1000, 29.9200, 30.8700, 1893300
2014-02-21, 31.0000, 31.9400, 30.8400, 31.6900, 2543200
2014-02-24, 31.8500, 32.5400, 31.4300, 32.1000, 1986800
2014-02-25, 31.9900, 32.1600, 31.4350, 31.6800, 1717700
2014-02-26, 31.3200, 33.7600, 30.6100, 32.6700, 2828200
2014-02-27, 32.9000, 33.0000, 32.2317, 32.4500, 1503900
2014-02-28, 32.5100, 33.0100, 32.1700, 32.8000, 1073900
2014-03-03, 32.8600, 33.0000, 32.1900, 32.9000, 1371300
2014-03-04, 33.4000, 34.5000, 33.3250, 34.0300, 1207400
2014-03-05, 34.1200, 34.7900, 33.9600, 34.6300, 1224800
2014-03-06, 34.5100, 35.8300, 34.5000, 35.1400, 1746700
2014-03-07, 35.5000, 35.6200, 34.8100, 35.2800, 1584100
2014-03-10, 35.3700, 36.2700, 35.1300, 36.1800, 1409900
2014-03-11, 36.3400, 36.9700, 35.2300, 35.6100, 1475700
2014-03-12, 35.5500, 35.7200, 34.8400, 35.2400, 1050700
2014-03-13, 35.6400, 35.8099, 34.6640, 34.9600, 878200
2014-03-14, 34.7900, 35.6450, 34.6910, 35.2600, 955500
2014-03-17, 35.3800, 36.2990, 35.2800, 35.9700, 1032300
2014-03-18, 36.0800, 37.2500, 35.9900, 36.9500, 1888200
2014-03-19, 36.8500, 37.1900, 36.0600, 36.4400, 1079000
2014-03-20, 36.1600, 36.6900, 35.5300, 35.6900, 1392800
2014-03-21, 35.8000, 36.3900, 35.2300, 35.8400, 1458600
2014-03-24, 35.7500, 36.2300, 34.2500, 35.7600, 2008000
2014-03-25, 36.0100, 36.8100, 35.9200, 36.4500, 1360400
2014-03-26, 36.7000, 36.7900, 35.1900, 35.5300, 1110400
2014-03-27, 35.6800, 36.7700, 35.5400, 35.8700, 1104200
2014-03-28, 36.0700, 37.0000, 36.0000, 36.5300, 1043300
2014-03-31, 36.8700, 38.2300, 36.8700, 38.1700, 2030300
2014-04-01, 38.1500, 38.6925, 37.6200, 38.6600, 1564100
2014-04-02, 38.6900, 39.1900, 38.0500, 39.0700, 1353600
2014-04-03, 38.9800, 39.9900, 38.7390, 39.2700, 1714500
2014-04-04, 39.7900, 40.1100, 38.1700, 38.9900, 2228800
2014-04-07, 39.1100, 39.2000, 37.0400, 38.3600, 1999700
2014-04-08, 38.4000, 39.7700, 38.3101, 39.2300, 1506600
2014-04-09, 39.5900, 40.2700, 39.1700, 40.1000, 1314800
2014-04-10, 40.1000, 40.1900, 38.6700, 38.9300, 1404300
2014-04-11, 38.5350, 39.2400, 38.2501, 38.5600, 1040900
2014-04-14, 38.8700, 39.6800, 38.7200, 39.4000, 1535000
2014-04-15, 39.9900, 41.2600, 39.6240, 41.0300, 2283000
2014-04-16, 41.4100, 42.2500, 41.1400, 41.6900, 1089400
2014-04-17, 41.6000, 42.4700, 41.3400, 42.2600, 1073900
2014-04-21, 42.2600, 42.5260, 41.8400, 42.2400, 1142800
2014-04-22, 42.2700, 42.7800, 42.0201, 42.4400, 1161000
2014-04-23, 42.2000, 43.2700, 42.1900, 42.6800, 1623500
2014-04-24, 42.7200, 42.8900, 41.1200, 41.9400, 1442200
2014-04-25, 41.7700, 41.8600, 40.3500, 40.9200, 1475900
2014-04-28, 41.3500, 41.4600, 40.1300, 40.8100, 777300
2014-04-29, 40.9200, 41.7800, 40.7300, 41.4200, 1538800
2014-04-30, 43.2300, 46.0200, 42.9400, 45.1700, 4231600
2014-05-01, 45.8500, 47.7000, 45.3800, 45.7300, 3549000
2014-05-02, 46.0000, 47.0600, 45.4400, 46.7300, 1804900
2014-05-05, 46.4100, 47.7900, 45.8800, 47.0700, 1312800
2014-05-06, 47.0600, 47.3300, 45.5700, 45.5900, 1194200
2014-05-07, 45.6500, 46.4000, 44.3100, 46.3100, 1570000
2014-05-08, 46.5000, 46.9099, 45.3516, 45.5400, 939000
2014-05-09, 45.3200, 45.9000, 44.4400, 45.8100, 755700
2014-05-12, 46.4400, 48.0400, 46.3100, 47.8500, 1958100
2014-05-13, 47.9000, 48.8200, 47.2100, 48.2300, 1263600
2014-05-14, 48.0700, 49.7400, 47.6300, 47.7800, 2157100
2014-05-15, 47.6800, 47.8400, 46.6300, 47.7500, 1054700
2014-05-16, 47.7100, 47.7300, 46.5100, 47.4600, 990200
2014-05-19, 47.4500, 48.7700, 47.3500, 47.8900, 832100
2014-05-20, 48.0100, 48.7000, 47.7900, 48.0500, 660400
2014-05-21, 48.3100, 49.5300, 47.8600, 49.0900, 1255900
2014-05-22, 49.1200, 49.4900, 48.1600, 48.3600, 1136700
2014-05-23, 48.7600, 50.2600, 48.7600, 49.4400, 1551300
2014-05-27, 49.7000, 50.2500, 49.5400, 49.7000, 1064500
2014-05-28, 49.9100, 50.2800, 48.6704, 49.1200, 1061700
2014-05-29, 49.3700, 50.6325, 48.9800, 50.5900, 1009300
2014-05-30, 50.8200, 51.4900, 49.6200, 50.5700, 1322100
2014-06-02, 50.5700, 51.8400, 50.1200, 51.7400, 1161200
2014-06-03, 51.5500, 52.6050, 51.0500, 52.4000, 1308500
2014-06-04, 52.3500, 53.6700, 51.8240, 53.4500, 1491600
2014-06-05, 53.7600, 54.7100, 53.1506, 53.4500, 1458300
2014-06-06, 53.5500, 54.0500, 52.9200, 53.3700, 1143200
2014-06-09, 53.4800, 53.8000, 52.3700, 52.8000, 1218400
2014-06-10, 52.7900, 52.9200, 50.8200, 51.5100, 2103400
2014-06-11, 51.3900, 52.0600, 50.9900, 51.6100, 986900
2014-06-12, 51.7300, 51.8225, 49.2400, 49.4500, 2403800
2014-06-13, 49.2900, 51.5900, 49.2900, 51.3100, 1524300
2014-06-16, 51.1900, 51.9500, 51.0800, 51.3200, 1094800
2014-06-17, 51.5100, 53.7000, 51.2540, 53.2400, 1202500
2014-06-18, 53.5200, 54.6400, 53.0800, 54.3200, 1220000
2014-06-19, 54.5200, 54.9900, 52.9400, 53.4500, 1317700
2014-06-20, 53.0000, 53.1150, 50.8620, 52.2100, 2007800
2014-06-23, 52.4700, 54.0000, 52.3600, 53.6100, 1193100
2014-06-24, 53.9000, 54.9500, 52.1200, 52.4200, 1524800
2014-06-25, 52.4200, 54.5000, 52.0400, 53.8700, 1306700
2014-06-26, 53.8600, 54.4400, 53.3800, 54.0400, 1054100
2014-06-27, 54.0400, 54.9500, 53.8300, 53.8700, 3897600
2014-06-30, 53.4600, 55.6800, 53.4600, 55.4400, 1206200
2014-07-01, 56.1500, 56.9600, 55.0200, 55.3200, 1338900
2014-07-02, 55.4700, 55.6950, 54.2200, 54.8100, 1098000
2014-07-03, 55.0500, 56.4700, 54.7900, 55.9700, 712700
2014-07-07, 56.0000, 56.6200, 55.2100, 55.3400, 950600
2014-07-08, 55.2000, 55.2300, 54.0400, 54.5000, 917500
2014-07-09, 54.8600, 56.5600, 54.8600, 55.8100, 1107700
2014-07-10, 53.8500, 56.2900, 53.8500, 55.3700, 755200
2014-07-11, 55.2600, 55.9100, 55.2500, 55.5100, 684500
2014-07-14, 56.1100, 56.2400, 55.4400, 55.8200, 504000
2014-07-15, 55.8200, 56.0000, 54.9300, 55.9700, 730000
2014-07-16, 56.3600, 58.2600, 56.1100, 57.7200, 1517900
2014-07-17, 58.5800, 59.2199, 57.2400, 57.5200, 1308800
2014-07-18, 57.4300, 58.6400, 57.1400, 58.2900, 1046900
2014-07-21, 58.0100, 59.3200, 57.7000, 59.2100, 834500
2014-07-22, 59.6000, 60.3900, 59.2100, 59.9200, 755300
2014-07-23, 60.6800, 60.7100, 59.7500, 60.2200, 1123200
2014-07-24, 60.1900, 61.8250, 59.9600, 60.9900, 1217100
2014-07-25, 60.5300, 60.6400, 59.4200, 60.4500, 999700
2014-07-28, 60.6200, 60.9000, 58.2700, 59.2500, 1165200
2014-07-29, 59.7500, 60.4500, 59.0200, 60.2800, 1528200
2014-07-30, 61.1700, 63.2500, 56.3600, 57.6300, 3964800
2014-07-31, 57.8200, 57.8800, 55.3500, 56.2200, 2600800
2014-08-01, 56.0100, 57.6000, 55.0407, 56.0800, 1603100
2014-08-04, 56.5100, 59.5900, 56.5000, 59.2000, 1534000
2014-08-05, 59.4000, 60.5800, 57.9300, 58.4300, 2043200
2014-08-06, 58.2100, 59.2400, 57.9300, 58.2600, 1089100
2014-08-07, 58.7600, 59.9720, 58.4600, 58.8200, 960300
2014-08-08, 59.1700, 59.5000, 57.9900, 58.8400, 1024800
2014-08-11, 59.3900, 61.3400, 59.1600, 60.5300, 943100
2014-08-12, 60.3900, 60.4700, 58.3200, 59.5900, 1165300
2014-08-13, 59.6600, 61.3000, 59.5900, 61.1500, 1024300
2014-08-14, 61.2900, 61.4300, 59.9900, 60.0000, 757300
2014-08-15, 60.4400, 60.9000, 59.3040, 60.5600, 1069100
2014-08-18, 61.0200, 61.6900, 60.1000, 61.2400, 902900
2014-08-19, 61.4100, 63.0000, 61.3900, 62.1300, 933100
2014-08-20, 62.1100, 63.4500, 61.4100, 63.3200, 803600
2014-08-21, 63.3200, 63.4180, 62.0700, 62.7800, 891400
2014-08-22, 62.4900, 64.8300, 62.0132, 64.5000, 1415200
2014-08-25, 65.2000, 66.4900, 64.7055, 66.4000, 1450000
2014-08-26, 66.7200, 67.6700, 66.0000, 67.4700, 1228500
2014-08-27, 67.6500, 69.4200, 67.4700, 68.0000, 2281700
2014-08-28, 68.1200, 71.2900, 68.0400, 70.7200, 2636100
2014-08-29, 71.4500, 72.1200, 69.5500, 71.8100, 1553800
2014-09-02, 73.2300, 73.3600, 70.3700, 71.8900, 3057500
2014-09-03, 72.7900, 73.4300, 70.7100, 71.9500, 2246500
2014-09-04, 71.7100, 72.1000, 67.0400, 67.7900, 2656000
2014-09-05, 67.1900, 67.5250, 64.4200, 65.9900, 3458900
2014-09-08, 66.0000, 66.2810, 63.2500, 65.0500, 2890500
2014-09-09, 65.4500, 66.5075, 64.0200, 64.5100, 1711200
2014-09-10, 66.8300, 69.6810, 65.5300, 69.4100, 3499200
2014-09-11, 69.5800, 70.1500, 68.6700, 69.4700, 2515400
2014-09-12, 69.4500, 70.0000, 67.1500, 67.6500, 2369100
2014-09-15, 67.7700, 67.7900, 66.1800, 66.5100, 1343800
2014-09-16, 66.5500, 71.1300, 66.5500, 70.9000, 2441500
2014-09-17, 71.4900, 72.5700, 70.5700, 71.9100, 2370900
2014-09-18, 72.2600, 73.0476, 71.2755, 71.4000, 1445800
2014-09-19, 72.2000, 72.2700, 69.4600, 69.7200, 2045900
2014-09-22, 69.5000, 69.6100, 65.8900, 66.3600, 2092821
2014-09-23, 65.5400, 67.1990, 62.1000, 63.3100, 3911240
2014-09-24, 63.6400, 65.9800, 63.2830, 64.5100, 2117186
2014-09-25, 64.2100, 64.2700, 61.2300, 62.4300, 2039445
2014-09-26, 62.5900, 63.7590, 62.2600, 63.4400, 1277765
2014-09-29, 62.5300, 64.1300, 62.1752, 63.7500, 1460110
2014-09-30, 63.9100, 64.8100, 61.3800, 62.5100, 1954333
2014-10-01, 62.2800, 62.8500, 60.3100, 60.7600, 2596583
2014-10-02, 60.4200, 60.6687, 54.8800, 57.2800, 5518769
2014-10-03, 57.9800, 58.0170, 54.3000, 54.3600, 3656580
2014-10-06, 54.6300, 55.2878, 52.7900, 54.1400, 3142129
2014-10-07, 53.4600, 54.6300, 52.2100, 52.4600, 2540897
2014-10-08, 51.7600, 52.6200, 47.5000, 52.5700, 5925341
2014-10-09, 52.7000, 52.7000, 48.8400, 48.9500, 3134613
2014-10-10, 47.5000, 48.6000, 44.0000, 45.6200, 6377704
2014-10-13, 45.5800, 46.6399, 40.9500, 40.9600, 4037899
2014-10-14, 42.0100, 43.0000, 38.8700, 40.3300, 6158091
2014-10-15, 38.1900, 42.9600, 38.1300, 42.1500, 4604961
2014-10-16, 41.0200, 47.8700, 40.8800, 46.2500, 5188538
2014-10-17, 48.2100, 52.2999, 46.3700, 47.3300, 4811128
2014-10-20, 47.5000, 49.2100, 46.9300, 48.1000, 2899373
2014-10-21, 49.1500, 51.2300, 48.5700, 50.3900, 3542237
2014-10-22, 51.5500, 52.9000, 49.0000, 49.1300, 4427784
2014-10-23, 50.9500, 51.2100, 49.5880, 50.6400, 2794533
2014-10-24, 50.3200, 50.6600, 48.2200, 50.5900, 2355888
2014-10-27, 48.4700, 48.8100, 46.2700, 47.6000, 2967918
2014-10-28, 48.1200, 49.5400, 47.5800, 49.5400, 2736059
2014-10-29, 50.1400, 50.5700, 46.4500, 47.0500, 4387787
2014-10-30, 49.4300, 50.9500, 41.6700, 43.0200, 8610153
2014-10-31, 42.5900, 45.0200, 41.0600, 44.9000, 5347607
2014-11-03, 45.5700, 47.3000, 43.9100, 44.6300, 5193613
2014-11-04, 43.0500, 43.2100, 40.1000, 40.8100, 4777490
2014-11-05, 41.4100, 42.5400, 40.4000, 40.9000, 2766626
2014-11-06, 40.6100, 42.0100, 40.2100, 41.7900, 2858402
2014-11-07, 41.8000, 44.2000, 41.8000, 43.1700, 4068623
2014-11-10, 43.6700, 44.7900, 42.2000, 42.3100, 3180925
2014-11-11, 42.2100, 42.7400, 40.9700, 42.3500, 2957425
2014-11-12, 42.3300, 43.5000, 41.9286, 42.7500, 2453136
2014-11-13, 42.5200, 42.7800, 40.2200, 41.5500, 3497575
2014-11-14, 41.5200, 44.0400, 40.9100, 43.5300, 3352828
2014-11-17, 43.2700, 44.1200, 42.0000, 42.6400, 2951011
2014-11-18, 43.1200, 44.4800, 43.0100, 43.5300, 2347112
2014-11-19, 43.1700, 43.5599, 42.0000, 42.6900, 2264356
2014-11-20, 42.7100, 45.7500, 42.4900, 45.5000, 2477426
2014-11-21, 46.8000, 47.0400, 44.6400, 44.9500, 2685078
2014-11-24, 44.7900, 46.3500, 44.2500, 44.7100, 2058482
2014-11-25, 45.4600, 45.6300, 43.6100, 43.7000, 1713313
2014-11-26, 42.4100, 42.9000, 40.8500, 41.9200, 2756763
2014-11-28, 38.1000, 38.1000, 30.1700, 31.4200, 7134658
2014-12-01, 30.8300, 31.5700, 27.6600, 30.1100, 10388356
2014-12-02, 29.7900, 32.0000, 29.1200, 30.9600, 7135948
2014-12-03, 31.6600, 32.5900, 30.5700, 30.7600, 3905736
2014-12-04, 30.5600, 31.1900, 29.5710, 29.9000, 2723218
2014-12-05, 30.1500, 30.8000, 29.5500, 30.5200, 2757187
2014-12-08, 29.6000, 29.6900, 26.7100, 27.6300, 4335781
2014-12-09, 28.0100, 29.2300, 27.5400, 29.0500, 3733278
2014-12-10, 28.3900, 28.6500, 26.7300, 27.0300, 4006054
2014-12-11, 26.7700, 27.8400, 25.5300, 26.0900, 3172641
2014-12-12, 24.7200, 26.1000, 24.1100, 24.2000, 4316441
2014-12-15, 24.9100, 25.2000, 23.4300, 23.6900, 3486213
2014-12-16, 23.0700, 25.1000, 22.7100, 24.0600, 3528025
2014-12-17, 24.3000, 27.9400, 24.0500, 26.8500, 4762180
2014-12-18, 28.3000, 28.9600, 25.4700, 26.3200, 3782572
2014-12-19, 26.8100, 28.4900, 26.3320, 28.4100, 3620813
2014-12-22, 28.1500, 28.1500, 26.3500, 26.6700, 3239706
2014-12-23, 27.0500, 28.0900, 26.6200, 27.4500, 2650242
2014-12-24, 27.0600, 27.3900, 26.4400, 26.6200, 1637768
2014-12-26, 27.1000, 27.4400, 25.5050, 25.8600, 2470668
2014-12-29, 26.2400, 26.9700, 25.5700, 26.2100, 2767272
2014-12-30, 25.9600, 26.1700, 24.6300, 24.9500, 2960377
2014-12-31, 24.7500, 26.3300, 24.3500, 25.6900, 3584653
2015-01-02, 25.3900, 26.7500, 25.3200, 26.5100, 2511365
2015-01-05, 25.8600, 25.8600, 24.5700, 24.8500, 2525468
2015-01-06, 24.7500, 25.3600, 23.4500, 24.2600, 2785061
2015-01-07, 24.5500, 25.2500, 24.1100, 24.3000, 1641984
2015-01-08, 24.3200, 25.7799, 24.0000, 25.5600, 3682230
2015-01-09, 25.4700, 25.5599, 24.5000, 24.9600, 2146384
2015-01-12, 24.0000, 24.1000, 22.9600, 23.7100, 3281384
2015-01-13, 23.9200, 24.7300, 23.3800, 24.0000, 2936024
2015-01-14, 23.4400, 26.2100, 23.0500, 25.9700, 4669515
2015-01-15, 26.0200, 26.5500, 25.2900, 25.6700, 3710619
2015-01-16, 25.9500, 27.5700, 25.9500, 27.4700, 3523769
2015-01-20, 27.2600, 27.3300, 26.2204, 26.8200, 2984806
2015-01-21, 26.8400, 27.5000, 26.0600, 26.5900, 2910135
2015-01-22, 26.8500, 27.1200, 25.3800, 25.9400, 2463461
2015-01-23, 26.0700, 26.0800, 25.0304, 25.2000, 3257742
2015-01-26, 25.3300, 25.9000, 24.7000, 25.5600, 2399606
2015-01-27, 25.7300, 27.3300, 25.3900, 26.7700, 2799391
2015-01-28, 26.2200, 26.2200, 24.7600, 24.7700, 3151629
2015-01-29, 24.9800, 25.5400, 23.3300, 25.4500, 3353190
2015-01-30, 24.7800, 25.7600, 24.1218, 25.2000, 2591637
2015-02-02, 25.1200, 25.5300, 24.5600, 25.0600, 5584204
2015-02-03, 25.5900, 28.8900, 25.5301, 27.9900, 5342500
2015-02-04, 27.5300, 27.9699, 26.5600, 27.5500, 3051835
2015-02-05, 27.8900, 29.6300, 27.7400, 29.0800, 3196587
2015-02-06, 29.2100, 30.4600, 29.0100, 29.2700, 3601418
2015-02-09, 29.3700, 30.5800, 28.8600, 29.5000, 2770522
2015-02-10, 29.8500, 29.8800, 27.8200, 28.4500, 2337351
2015-02-11, 27.9900, 28.7300, 27.1200, 28.7000, 1725309
2015-02-12, 29.1900, 30.1000, 28.3600, 28.5700, 1651639
2015-02-13, 29.4300, 29.8900, 29.0100, 29.8200, 1906701
2015-02-17, 29.7000, 31.9400, 29.6040, 31.9000, 2635016
2015-02-18, 31.7300, 33.5399, 31.1200, 32.2500, 2950439
2015-02-19, 30.9000, 33.8400, 30.8100, 33.0300, 3474718
2015-02-20, 33.2000, 33.9000, 32.1300, 32.5200, 2730731
2015-02-23, 32.0600, 32.5000, 30.5000, 30.9600, 2457380
2015-02-24, 31.4500, 31.5100, 29.8500, 30.5800, 2748837
2015-02-25, 28.3200, 30.4100, 28.0100, 30.1600, 4924520
2015-02-26, 29.8400, 31.4800, 29.7500, 30.7200, 2516103
2015-02-27, 31.1100, 32.4800, 30.4600, 32.4100, 2658379
2015-03-02, 32.0100, 32.4100, 30.3500, 32.0800, 3044706
2015-03-03, 32.1100, 34.2000, 31.9101, 33.5000, 3001628
2015-03-04, 33.5000, 33.5000, 31.8500, 33.0500, 2478306
2015-03-05, 32.7700, 33.2000, 32.2200, 32.5400, 1523620
2015-03-06, 32.8400, 32.9500, 31.5800, 32.2100, 1375972
2015-03-09, 32.1100, 32.5400, 31.6500, 31.8700, 761419
2015-03-10, 31.3000, 31.5900, 30.0000, 30.0600, 1660519
2015-03-11, 29.8600, 31.4000, 29.7901, 31.1700, 1283613
2015-03-12, 31.2400, 31.6900, 30.6300, 30.7700, 1024872
2015-03-13, 30.5000, 31.0000, 28.8100, 29.4600, 2079404
2015-03-16, 29.3400, 29.4000, 27.7600, 28.3600, 2246312
2015-03-17, 28.1300, 29.0500, 27.6400, 28.5700, 1534829
2015-03-18, 28.5400, 30.6200, 28.0000, 30.1200, 3022517
2015-03-19, 29.6700, 30.2500, 29.1400, 29.8300, 1330237
2015-03-20, 30.1900, 31.5700, 29.9400, 31.4900, 1880894
2015-03-23, 31.4200, 33.3300, 31.2600, 32.7600, 3006505
2015-03-24, 32.8000, 34.2000, 31.8600, 33.3600, 2448932
2015-03-25, 33.7600, 34.5200, 33.1800, 34.3100, 2605674
2015-03-26, 34.6900, 35.5000, 33.2130, 34.0600, 2447849
2015-03-27, 34.0000, 34.3700, 32.9400, 33.8900, 1959881
2015-03-30, 34.1100, 35.7200, 34.0500, 35.1600, 2195014
2015-03-31, 34.7500, 35.7000, 34.5600, 35.6100, 1976082
2015-04-01, 35.8000, 36.9400, 35.3300, 36.2700, 2234976
2015-04-02, 36.0000, 36.7000, 35.5100, 35.6900, 2095928
2015-04-06, 35.8600, 36.7650, 35.3400, 36.1600, 2038753
2015-04-07, 36.0300, 37.7800, 35.6000, 36.4200, 1502056
2015-04-08, 37.0000, 37.5800, 36.1500, 36.4500, 1475015
2015-04-09, 36.5400, 36.8799, 35.7800, 36.7700, 1308354
2015-04-10, 36.8100, 37.3235, 36.0900, 36.3400, 1090508
2015-04-13, 36.6000, 37.3000, 36.1200, 36.4200, 1551384
2015-04-14, 37.0000, 37.8000, 35.8500, 37.7800, 2859187
2015-04-15, 38.0000, 40.1700, 37.6000, 39.0700, 2312689
2015-04-16, 38.8600, 39.9500, 38.4300, 39.0000, 1604479
2015-04-17, 38.6100, 38.6100, 37.6500, 37.8000, 1642875
2015-04-20, 37.5100, 39.6800, 37.5100, 37.9300, 1548727
2015-04-21, 37.8600, 38.0000, 35.8900, 36.2400, 1776799
2015-04-22, 36.4700, 37.4600, 36.1000, 36.9400, 933729
2015-04-23, 36.2700, 36.7000, 34.3600, 36.0000, 3662638
2015-04-24, 35.6200, 35.6200, 34.1406, 34.7000, 2258824
2015-04-27, 34.4200, 35.1300, 33.8700, 34.6100, 3565218
2015-04-28, 34.3700, 35.4600, 34.2700, 35.0000, 2774200
2015-04-29, 33.1900, 37.8100, 32.2500, 35.8000, 5531643
2015-04-30, 35.6000, 37.9100, 34.1200, 37.3500, 3309107
2015-05-01, 37.1100, 38.3300, 36.3000, 37.6700, 1634923
2015-05-04, 37.5000, 37.9600, 36.3700, 37.5500, 1442962
2015-05-05, 38.4500, 38.6000, 36.6100, 36.6900, 1563084
2015-05-06, 37.0800, 37.3102, 35.1800, 35.7900, 1410441
2015-05-07, 35.6500, 35.8800, 34.4400, 34.9600, 1330526
2015-05-08, 35.4900, 35.4900, 34.0998, 35.0700, 1541008
2015-05-11, 35.1100, 35.7000, 34.4100, 34.5200, 880859
2015-05-12, 34.7600, 36.0700, 33.7700, 35.6900, 1089235
2015-05-13, 36.0500, 36.4300, 35.3400, 35.6200, 1306946
2015-05-14, 35.8000, 36.5900, 35.0200, 35.2100, 876150
2015-05-15, 34.8100, 35.2100, 33.6201, 34.6400, 1711504
2015-05-18, 34.4500, 34.9900, 32.8100, 33.1400, 2632528
2015-05-19, 32.3800, 32.7600, 31.4600, 31.5900, 2558384
2015-05-20, 31.6500, 32.6400, 31.0200, 32.4900, 1412554
2015-05-21, 32.9800, 33.7300, 32.6800, 33.5000, 1293440
2015-05-22, 32.7000, 33.5500, 31.7100, 31.8100, 1927381
2015-05-26, 31.1700, 32.3700, 30.9100, 32.3600, 1916450
2015-05-27, 32.2700, 33.0400, 31.8800, 32.6400, 955372
2015-05-28, 32.4000, 32.5000, 30.8500, 31.4000, 2009636
2015-05-29, 31.3000, 31.8699, 30.7800, 30.8500, 2407427
2015-06-01, 30.6400, 30.8500, 29.7800, 29.8700, 2495950
2015-06-02, 29.7000, 31.2800, 29.5500, 31.2300, 2344068
2015-06-03, 31.2500, 32.2000, 31.2410, 31.9800, 1664633
2015-06-04, 31.8600, 32.4300, 31.5200, 31.8900, 1551548
2015-06-05, 31.5000, 33.5000, 31.3800, 32.8000, 1483663
2015-06-08, 32.5100, 33.1100, 31.7600, 31.7800, 1123521
2015-06-09, 32.4600, 32.8800, 31.3600, 31.4000, 1172949
2015-06-10, 31.8600, 33.0050, 31.8600, 32.9500, 1562401
2015-06-11, 33.2700, 33.3200, 32.4200, 32.6300, 1065466
2015-06-12, 32.3200, 32.3200, 31.3500, 31.3900, 982853
2015-06-15, 31.0000, 31.3200, 30.3700, 31.0900, 1308334
2015-06-16, 31.0200, 31.1600, 30.5500, 30.7000, 1094264
2015-06-17, 31.0200, 31.4500, 30.4300, 30.5000, 1442347
2015-06-18, 30.6500, 30.8500, 29.7602, 29.9900, 2176330
2015-06-19, 30.0300, 30.2300, 29.7100, 30.0500, 1483762
2015-06-22, 30.5700, 30.8900, 30.1700, 30.4500, 1261279
2015-06-23, 30.3600, 30.7200, 30.0800, 30.4100, 1045519
2015-06-24, 30.2500, 30.6800, 29.7100, 30.2400, 1077052
2015-06-25, 30.1100, 30.1700, 28.1200, 28.5800, 3076593
2015-06-26, 28.6100, 29.0200, 27.8100, 28.4300, 2499096
2015-06-29, 27.7600, 29.4400, 27.2900, 28.8000, 2289910
2015-06-30, 28.9300, 29.4400, 28.3200, 29.3600, 2147964
2015-07-01, 29.2300, 29.7200, 27.1100, 27.7500, 3147009
2015-07-02, 27.8600, 27.9700, 27.0475, 27.2100, 1470931
2015-07-06, 26.7600, 26.8600, 25.1500, 25.7600, 2363174
2015-07-07, 25.5700, 26.2800, 24.1900, 26.1400, 2752896
2015-07-08, 25.7600, 26.4400, 24.6300, 24.9300, 2312685
2015-07-09, 25.3300, 25.7400, 24.8100, 25.3200, 1684453
2015-07-10, 25.4100, 25.6900, 24.0600, 24.3500, 2011532
2015-07-13, 24.3100, 25.3900, 23.8700, 25.1400, 1473041
2015-07-14, 25.2000, 26.7000, 25.0000, 25.6700, 1386614
2015-07-15, 25.2900, 25.6200, 24.8700, 25.0500, 1320270
2015-07-16, 24.9100, 24.9200, 23.7600, 23.7900, 1889136
2015-07-17, 23.6800, 23.8000, 22.3300, 22.6400, 2791532
2015-07-20, 22.4600, 23.0700, 22.0200, 22.1100, 2253159
2015-07-21, 22.1400, 23.1000, 22.0300, 22.7100, 1951242
2015-07-22, 22.3000, 23.4700, 22.0000, 23.0000, 2504118
2015-07-23, 23.2300, 23.5000, 22.3600, 23.0400, 1518826
2015-07-24, 22.7600, 22.9000, 21.1100, 21.2800, 2306496
2015-07-27, 20.9900, 21.6920, 20.7000, 21.3300, 1946356
2015-07-28, 21.6100, 22.2700, 21.0100, 21.6800, 2268091
2015-07-29, 19.5100, 25.7200, 19.3500, 25.1100, 8125198
2015-07-30, 24.9200, 25.4200, 24.1100, 24.6100, 3970492
2015-07-31, 24.3600, 24.4300, 22.4200, 22.5200, 2486184
2015-08-03, 22.3000, 22.3800, 21.4100, 21.9500, 1890927
2015-08-04, 22.1700, 22.7300, 21.5400, 21.7500, 1900380
2015-08-05, 22.1500, 22.8600, 21.2500, 21.3500, 1636902
2015-08-06, 21.4100, 23.0600, 21.0000, 22.8300, 1958248
2015-08-07, 22.3900, 23.8500, 22.3000, 22.5400, 1882509
2015-08-10, 22.6000, 24.8699, 22.2600, 24.6500, 2202812
2015-08-11, 23.6400, 25.3900, 23.0000, 25.3200, 2703711
2015-08-12, 25.0000, 26.0800, 24.6700, 25.7700, 2810652
2015-08-13, 26.1800, 26.1800, 24.3700, 25.5900, 2618972
2015-08-14, 25.5400, 26.1900, 24.5000, 24.5800, 1682260
2015-08-17, 25.0000, 25.0000, 24.1750, 24.8800, 1744760
2015-08-18, 24.9900, 24.9900, 23.8200, 24.8000, 1619964
2015-08-19, 24.6400, 24.7300, 21.9750, 22.9000, 2275509
2015-08-20, 22.8300, 23.3000, 21.9800, 22.0100, 1115779
2015-08-21, 21.5600, 22.2200, 20.4200, 20.9800, 2299552
2015-08-24, 17.5800, 19.5500, 16.4900, 17.4200, 4480499
2015-08-25, 18.2500, 19.0900, 17.0000, 17.0200, 2278136
2015-08-26, 17.2500, 18.1400, 16.9400, 18.0600, 2845032
2015-08-27, 18.8400, 20.0300, 18.6100, 19.4700, 2814482
2015-08-28, 19.1000, 20.7300, 19.1000, 19.9200, 2169836
2015-08-31, 19.3300, 20.4100, 18.5700, 20.1000, 3098976
2015-09-01, 19.1900, 20.0000, 19.1500, 19.5000, 2471315
2015-09-02, 19.5800, 19.9100, 18.4200, 18.9700, 1945621
2015-09-03, 18.9300, 20.1000, 18.7800, 19.5300, 1780362
2015-09-04, 19.0900, 19.3400, 18.5750, 19.1100, 1523764
2015-09-08, 19.4000, 19.9000, 19.0100, 19.1500, 1430138
2015-09-09, 19.0700, 19.9500, 18.1050, 18.4600, 1882846
2015-09-10, 18.4800, 19.5200, 18.4500, 19.1500, 1876900
2015-09-11, 18.1500, 18.5900, 16.8600, 17.7400, 2971508
2015-09-14, 17.6100, 17.7900, 17.1000, 17.6800, 1098441
2015-09-15, 17.6000, 18.1700, 17.6000, 18.0800, 994261
2015-09-16, 18.3900, 19.0100, 17.8200, 18.8800, 1211266
2015-09-17, 18.6200, 19.4700, 18.2000, 18.8400, 1325719
2015-09-18, 18.2400, 18.2800, 17.5600, 18.0900, 2293498
2015-09-21, 18.3500, 18.6000, 17.8650, 17.9500, 1108341
2015-09-22, 17.5300, 18.0950, 17.3900, 17.5700, 1477168
2015-09-23, 17.5700, 17.7700, 16.8300, 16.8800, 1641945
2015-09-24, 16.7800, 17.0300, 15.9600, 16.9200, 2450638
2015-09-25, 16.4900, 16.5800, 14.8902, 15.3600, 3424282
2015-09-28, 15.1200, 15.3200, 13.5900, 13.8900, 2695168
2015-09-29, 14.0600, 14.3000, 13.5300, 13.5900, 1455166
2015-09-30, 13.9900, 14.8400, 13.7050, 14.0900, 2325898
2015-10-01, 14.3500, 14.7400, 13.6000, 13.7800, 1646084
2015-10-02, 13.7500, 14.5000, 13.4800, 14.4700, 2006938
2015-10-05, 14.7600, 15.4000, 14.6500, 15.1000, 1584485
2015-10-06, 15.1500, 16.4799, 15.1100, 15.7800, 3186751
2015-10-07, 16.3300, 17.0000, 15.3400, 16.0300, 2110483
2015-10-08, 16.0400, 17.8900, 15.6300, 17.6700, 3183351
2015-10-09, 17.8500, 18.6500, 17.1700, 17.9500, 2186833
2015-10-12, 17.9600, 17.9800, 16.6000, 16.8200, 1803651
2015-10-13, 16.7500, 17.3200, 16.3700, 17.2500, 1774322
2015-10-14, 17.3200, 18.0100, 16.9900, 17.9500, 1993941
2015-10-15, 17.9000, 18.4000, 17.2700, 18.4000, 2001190
2015-10-16, 18.5100, 18.5100, 16.6000, 17.1400, 2229069
2015-10-19, 16.8700, 17.2900, 16.1500, 16.2700, 1523172
2015-10-20, 16.3800, 16.9100, 16.1701, 16.5100, 831947
2015-10-21, 16.5100, 16.6400, 15.9500, 16.2800, 1278998
2015-10-22, 16.4100, 17.1000, 16.3000, 16.6600, 1593803
2015-10-23, 14.9800, 16.9900, 14.6900, 16.2700, 1925004
2015-10-26, 16.2500, 16.3500, 15.7400, 15.8300, 1581988
2015-10-27, 15.3000, 15.6800, 14.5400, 14.6400, 3961192
2015-10-28, 15.9201, 18.6600, 15.9201, 17.9100, 8231631
2015-10-29, 17.7400, 18.9300, 17.4400, 17.7900, 3278823
2015-10-30, 17.6800, 18.2100, 16.9320, 18.0600, 2002535
2015-11-02, 17.7900, 19.1825, 17.7600, 18.8600, 1957061
2015-11-03, 18.8000, 21.4200, 18.7550, 20.7400, 3191237
2015-11-04, 20.4500, 20.8500, 19.3400, 20.0400, 3323745
2015-11-05, 19.8400, 20.2500, 18.9000, 19.4700, 2162893
2015-11-06, 19.2000, 20.4800, 19.0400, 20.2000, 1530220
2015-11-09, 20.1500, 21.2800, 19.9800, 20.7100, 2761360
2015-11-10, 20.4000, 21.0000, 19.8700, 19.9800, 2081969
2015-11-11, 20.1600, 20.1600, 18.7100, 18.8800, 1560316
2015-11-12, 18.5400, 18.8700, 17.7500, 17.8800, 2925972
2015-11-13, 17.7100, 18.6700, 17.0501, 18.3200, 1978115
2015-11-16, 18.3500, 19.4800, 18.0000, 19.4000, 1467350
2015-11-17, 19.3400, 19.6175, 18.7130, 19.1500, 1513021
2015-11-18, 19.4200, 20.3200, 19.1800, 20.0200, 1335241
2015-11-19, 19.8600, 20.5052, 19.5600, 19.9900, 1220567
2015-11-20, 20.0100, 20.3000, 19.2200, 19.3400, 1045658
2015-11-23, 19.2500, 19.9600, 18.9200, 19.9300, 1137511
2015-11-24, 20.1500, 21.0788, 20.0201, 20.3000, 1903703
2015-11-25, 19.9000, 20.9000, 19.2200, 20.7900, 1318770
2015-11-27, 20.3700, 20.8700, 19.8400, 20.2300, 499521
2015-11-30, 20.5400, 21.3200, 20.2740, 21.2700, 1660447
2015-12-01, 21.2100, 22.2500, 20.7800, 21.9300, 2217589
2015-12-02, 21.5300, 22.6100, 21.4600, 21.9900, 2426058
2015-12-03, 22.2400, 22.5543, 21.2900, 21.5500, 2212575
2015-12-04, 20.9400, 22.1200, 20.5000, 21.0200, 1891319
2015-12-07, 21.6700, 21.6700, 19.7700, 19.8500, 1941628
2015-12-08, 19.2400, 19.9900, 18.7700, 19.3200, 1507616
2015-12-09, 19.5200, 20.9700, 19.5200, 20.0000, 1616604
2015-12-10, 19.8500, 21.8000, 19.8100, 20.9200, 1776185
2015-12-11, 20.0600, 20.7300, 19.5100, 19.6100, 1244243
2015-12-14, 19.3400, 20.3830, 19.0800, 20.0400, 1464864
2015-12-15, 20.3000, 21.2900, 20.1500, 21.0100, 1348227
2015-12-16, 20.6900, 21.3200, 19.9700, 20.8500, 1748804
2015-12-17, 20.8000, 20.8000, 18.8100, 18.9900, 2601070
2015-12-18, 18.9700, 19.6400, 18.2000, 18.2100, 3379019
2015-12-21, 18.6100, 18.6900, 17.6900, 18.2000, 1297776
2015-12-22, 18.1800, 18.9650, 18.1050, 18.8100, 1342863
2015-12-23, 19.0800, 20.6700, 19.0800, 20.6500, 1806863
2015-12-24, 20.5000, 20.8300, 20.1200, 20.2500, 713871
2015-12-28, 19.7500, 19.9000, 18.2700, 18.6700, 2056998
2015-12-29, 18.9400, 19.4000, 18.4200, 18.8100, 1502281
2015-12-30, 18.4500, 19.1000, 18.1400, 18.4100, 1269330
2015-12-31, 18.3100, 19.0900, 18.1300, 18.7300, 1197704
2016-01-04, 18.7500, 19.8400, 18.5400, 19.7000, 1804500
2016-01-05, 19.7400, 20.0600, 19.1300, 19.6400, 1295818
2016-01-06, 18.7500, 18.9400, 18.2500, 18.8300, 1092396
2016-01-07, 18.1500, 18.7700, 17.8250, 18.3500, 2184423
2016-01-08, 18.4400, 18.4900, 17.2600, 17.9800, 2350593
2016-01-11, 18.7100, 18.7400, 16.4700, 16.8600, 1636050
2016-01-12, 17.0200, 17.1800, 15.1700, 16.4100, 2970061
2016-01-13, 17.3600, 17.4200, 15.9300, 15.9900, 2319841
2016-01-14, 16.2900, 17.3950, 15.4600, 17.0000, 1552506
2016-01-15, 16.0700, 16.5100, 15.6150, 16.2300, 1630473
2016-01-19, 16.3200, 16.4400, 14.7100, 14.9600, 2382946
2016-01-20, 14.4300, 15.3900, 13.5486, 15.2900, 2512628
2016-01-21, 15.0800, 16.5400, 14.6600, 15.9200, 2444909
2016-01-22, 16.4000, 17.2600, 16.0000, 16.4900, 2164363
2016-01-25, 15.9600, 16.8500, 15.6440, 16.2300, 1766083
2016-01-26, 16.7000, 17.2000, 16.2500, 17.1600, 1461945
2016-01-27, 17.0400, 17.9500, 16.6300, 17.3000, 1475534
2016-01-28, 17.8200, 18.3900, 17.4500, 17.6000, 1632170
2016-01-29, 17.6000, 18.6500, 17.3300, 18.6500, 2159465
2016-02-01, 18.0100, 18.1800, 17.0200, 17.9000, 1231153
2016-02-02, 17.3000, 17.4550, 16.7300, 16.9800, 963786
2016-02-03, 17.3300, 18.0700, 16.4500, 17.6700, 1377873
2016-02-04, 17.6000, 19.4300, 17.5600, 18.2400, 2591816
2016-02-05, 18.3600, 18.9700, 17.6900, 18.0000, 1654224
2016-02-08, 17.6000, 17.7900, 16.7289, 17.1100, 1948162
2016-02-09, 16.5900, 16.6789, 15.7100, 15.9800, 2348118
2016-02-10, 15.9600, 16.8400, 15.3400, 16.0400, 1733189
2016-02-11, 15.5800, 15.8400, 14.9400, 15.4600, 1716968
2016-02-12, 15.8600, 16.5900, 15.2000, 16.1000, 1648204
2016-02-16, 16.5600, 16.6600, 15.4500, 15.9600, 1851595
2016-02-17, 16.3400, 18.2000, 16.2200, 17.7300, 2512076
2016-02-18, 18.0000, 18.0000, 16.5700, 17.2900, 1854618
2016-02-19, 17.0200, 17.0400, 16.3800, 16.8600, 1672942
2016-02-22, 17.5800, 17.8600, 16.9100, 17.7200, 1767722
2016-02-23, 17.6400, 17.9500, 16.1200, 16.3600, 1950058
2016-02-24, 14.3500, 16.3100, 13.5400, 16.2300, 4930875
2016-02-25, 15.7100, 16.7300, 15.2600, 16.4900, 1972763
2016-02-26, 17.1300, 18.5300, 16.7700, 17.8900, 2627065
2016-02-29, 18.3800, 19.6300, 18.0400, 19.1900, 2619886
2016-03-01, 19.3900, 19.6350, 18.6900, 19.3700, 2513388
2016-03-02, 19.5500, 20.2900, 19.1400, 20.2700, 1319275
2016-03-03, 20.2500, 21.7700, 20.0700, 21.1200, 2236952
2016-03-04, 21.3700, 21.9900, 19.7600, 20.7300, 2968753
2016-03-07, 20.8700, 21.4050, 19.8200, 20.3600, 1958657
2016-03-08, 19.7500, 20.2400, 18.5600, 19.1000, 1421871
2016-03-09, 19.5000, 20.7750, 18.6300, 19.9700, 1879807
2016-03-10, 19.9700, 20.1000, 18.9500, 19.7700, 1649149
2016-03-11, 20.2800, 21.6200, 19.5200, 20.9700, 2361523
2016-03-14, 20.6100, 21.1900, 20.3500, 21.0600, 1933156
2016-03-15, 20.5600, 20.6080, 19.7400, 20.1200, 1527453
2016-03-16, 20.3300, 20.8200, 20.0400, 20.7200, 1071586
2016-03-17, 21.1500, 22.8400, 20.9000, 22.4900, 10268584
2016-03-18, 22.4900, 23.2000, 21.4100, 21.8000, 3411121
2016-03-21, 21.7500, 22.7900, 21.4100, 22.5200, 1696958
2016-03-22, 22.0300, 22.9000, 21.4900, 21.5900, 1874122
2016-03-23, 21.3400, 21.8900, 21.0500, 21.1300, 1362896
2016-03-24, 20.6100, 22.1300, 20.2400, 22.0500, 2820593
2016-03-28, 22.0500, 22.0500, 20.8101, 21.5500, 1504900
2016-03-29, 21.1200, 22.4000, 20.7700, 22.3000, 1867670
2016-03-30, 23.2700, 23.2700, 22.2900, 22.6200, 1315408
2016-03-31, 23.0800, 23.7000, 22.2200, 22.7200, 3310338
2016-04-01, 21.9700, 23.0750, 21.9100, 22.9000, 1550481
2016-04-04, 23.1500, 23.1500, 21.9700, 22.1400, 1067913
2016-04-05, 21.7500, 22.6900, 21.6500, 22.4300, 1181011
2016-04-06, 22.7000, 23.0500, 22.3000, 22.8700, 1333772
2016-04-07, 22.7500, 23.3000, 21.6800, 22.2300, 1372706
2016-04-08, 22.8500, 23.5000, 22.6100, 22.7500, 1886860
2016-04-11, 23.0000, 23.1300, 22.2400, 22.3900, 1403782
2016-04-12, 22.5900, 22.8500, 22.0000, 22.4000, 2350588
2016-04-13, 22.5200, 23.0400, 22.2500, 22.9000, 1511530
2016-04-14, 23.0900, 23.2500, 22.7100, 23.0000, 1575362
2016-04-15, 22.7900, 23.1200, 22.4000, 22.9900, 1446991
2016-04-18, 22.2300, 24.2300, 22.2100, 24.1400, 3068087
2016-04-19, 24.1600, 25.8500, 24.0200, 25.4200, 2636896
2016-04-20, 25.2500, 25.8000, 24.8000, 25.2900, 2270897
2016-04-21, 25.4800, 26.7200, 25.3800, 26.3100, 2432108
2016-04-22, 26.4400, 26.8800, 25.7300, 26.2200, 2005417
2016-04-25, 26.1600, 26.2900, 24.1800, 24.2600, 2601996
2016-04-26, 24.4500, 25.2000, 23.8100, 25.1300, 3592965
2016-04-27, 25.4900, 26.6900, 25.3000, 26.5900, 3849349
2016-04-28, 26.6000, 27.2600, 26.0800, 26.1400, 2635331
2016-04-29, 26.4000, 26.9600, 24.9600, 25.5500, 2218209
2016-05-02, 25.6700, 25.6700, 24.7400, 24.9400, 1625476
2016-05-03, 24.3600, 24.4100, 23.1500, 23.4400, 2419478
2016-05-04, 23.3100, 23.7800, 22.3800, 23.1000, 2021922
2016-05-05, 23.6200, 24.5550, 23.1700, 23.7600, 2034043
2016-05-06, 23.5000, 24.6600, 23.4700, 24.5600, 2012304
2016-05-09, 24.1000, 24.8100, 23.0009, 23.1800, 2037887
2016-05-10, 23.3200, 23.8450, 22.8500, 23.7900, 1782505
2016-05-11, 23.7500, 24.5500, 23.1800, 24.4300, 1539742
2016-05-12, 24.8000, 25.8000, 24.6000, 25.5200, 2188124
2016-05-13, 25.3300, 26.0300, 25.0100, 25.0400, 1788454
2016-05-16, 25.7400, 26.6800, 25.5700, 26.4800, 1890425
2016-05-17, 26.4500, 27.6700, 26.2800, 27.0800, 1744548
2016-05-18, 26.8000, 27.2400, 25.8200, 25.9800, 2050536
2016-05-19, 25.6000, 25.9400, 24.6600, 25.7400, 1870511
2016-05-20, 25.8700, 26.8000, 25.6400, 26.7700, 1205666
2016-05-23, 27.1800, 27.7800, 26.8600, 27.2300, 2387858
2016-05-24, 27.4200, 27.8000, 26.5500, 27.2800, 1405968
2016-05-25, 27.5300, 28.8900, 27.5300, 28.6900, 2055076
2016-05-26, 29.0000, 29.5400, 27.9700, 28.7800, 2087055
2016-05-27, 28.7200, 29.0000, 28.2600, 28.9900, 1372104
2016-05-31, 29.0200, 29.5700, 28.3700, 28.5300, 2386331
2016-06-01, 28.2100, 29.2200, 27.7800, 29.0200, 1960214
2016-06-02, 28.6600, 29.5100, 27.9844, 29.5100, 1719837
2016-06-03, 29.6600, 31.7500, 29.6335, 31.5100, 3345127
2016-06-06, 31.7400, 33.0000, 31.0600, 32.7800, 3376866
2016-06-07, 32.8900, 34.1200, 32.3000, 33.5200, 3428435
2016-06-08, 33.9900, 34.5700, 33.1576, 33.6100, 2912802
2016-06-09, 33.1500, 34.6600, 32.5200, 34.5500, 2220689
2016-06-10, 34.0700, 34.6900, 33.5300, 33.6300, 2601056
2016-06-13, 32.8300, 33.0600, 32.0600, 32.2600, 3050132
2016-06-14, 32.1200, 32.5100, 31.3050, 32.4300, 2492466
2016-06-15, 32.4900, 33.5700, 32.2400, 32.8400, 2558869
2016-06-16, 32.3800, 32.7700, 31.7611, 32.3400, 1552909
2016-06-17, 32.4200, 33.9350, 32.3500, 33.3200, 2521735
2016-06-20, 33.9800, 34.2100, 33.0800, 33.0900, 1717803
2016-06-21, 33.0100, 34.6000, 32.6800, 34.4800, 1961988
2016-06-22, 34.7100, 35.1899, 34.2050, 34.4800, 1961350
2016-06-23, 35.1700, 35.6600, 34.8200, 35.6000, 1505256
2016-06-24, 33.3000, 34.8500, 33.2800, 34.3900, 2220278
2016-06-27, 34.1200, 34.1800, 30.6200, 30.7700, 2518447
2016-06-28, 31.6300, 32.5600, 31.6300, 32.4600, 2062105
2016-06-29, 33.1500, 34.7550, 32.9200, 34.2000, 2169677
2016-06-30, 34.2200, 34.7600, 33.7700, 34.4700, 1692366
2016-07-01, 34.4600, 35.6400, 34.1500, 35.5200, 1765646
2016-07-05, 34.8700, 34.9300, 33.1400, 33.5500, 1645502
2016-07-06, 33.2500, 33.7200, 32.8700, 33.5700, 1235790
2016-07-07, 34.0500, 35.3000, 33.6600, 33.8700, 1140866
2016-07-08, 34.3500, 35.1100, 34.3500, 34.8700, 1321183
2016-07-11, 35.6000, 36.6100, 34.8900, 34.9000, 1719575
2016-07-12, 35.7800, 36.5000, 35.7200, 35.7500, 1026448
2016-07-13, 35.8300, 36.2800, 34.2800, 34.5800, 1322866
2016-07-14, 35.0400, 36.0000, 35.0400, 35.4500, 1388116
2016-07-15, 35.2600, 35.2600, 33.8600, 34.1100, 2553935
2016-07-18, 33.9700, 34.0400, 33.2200, 34.0100, 1273809
2016-07-19, 35.4600, 35.7500, 34.6000, 35.3300, 1970788
2016-07-20, 35.2300, 37.0499, 34.4600, 36.5400, 1998664
2016-07-21, 36.3900, 37.1800, 35.8400, 36.1200, 1929841
2016-07-22, 36.4000, 36.6600, 35.8000, 36.5000, 1296831
2016-07-25, 35.9600, 36.3000, 33.7500, 33.9400, 2720384
2016-07-26, 33.5100, 34.8100, 33.4900, 34.7500, 1123610
2016-07-27, 35.0000, 35.5990, 33.7200, 34.1100, 1858420
2016-07-28, 34.2000, 34.8100, 33.5700, 34.4000, 1302709
2016-07-29, 34.0000, 34.9400, 33.6100, 34.4700, 1498220
2016-08-01, 34.2300, 34.3680, 32.5650, 32.7300, 2387060
2016-08-02, 33.2300, 34.3400, 32.5500, 34.1600, 2500958
2016-08-03, 33.5500, 37.1900, 33.5500, 36.9900, 3398119
2016-08-04, 36.9000, 38.6100, 36.7200, 37.9500, 2310436
2016-08-05, 37.9900, 39.4900, 37.9600, 39.0900, 2221187
2016-08-08, 39.3900, 39.9900, 38.8650, 38.9400, 2256982
2016-08-09, 39.1600, 39.6800, 38.5900, 38.8700, 1002402
2016-08-10, 39.0900, 39.5100, 37.5100, 38.0600, 1964106
2016-08-11, 38.4500, 38.9700, 38.1850, 38.7500, 1660842
2016-08-12, 38.9800, 39.3400, 38.0769, 38.4100, 1337337
2016-08-15, 38.8000, 40.2400, 38.5700, 39.8000, 1884855
2016-08-16, 39.9200, 40.8550, 39.5800, 40.5100, 1716730
2016-08-17, 40.3100, 41.2900, 40.1100, 41.0400, 1264194
2016-08-18, 41.3900, 42.0000, 40.9250, 41.4500, 1339413
2016-08-19, 41.2400, 42.3800, 41.0718, 41.9900, 1619366
2016-08-22, 41.5400, 41.5400, 40.4600, 40.9200, 1358728
2016-08-23, 41.0800, 41.5900, 40.5850, 41.0600, 1981547
2016-08-24, 40.6800, 40.7300, 38.9250, 38.9900, 2666286
2016-08-25, 38.9000, 39.8500, 38.3700, 39.2200, 1068909
2016-08-26, 39.3300, 40.3800, 38.8700, 39.4100, 1746245
2016-08-29, 39.1700, 40.6500, 38.8800, 40.0700, 1080263
2016-08-30, 40.2400, 40.8700, 39.5501, 40.0100, 1064338
2016-08-31, 40.0400, 40.4800, 39.0500, 39.2500, 1760454
2016-09-01, 39.1500, 39.9200, 38.8000, 39.7600, 1695073
2016-09-02, 40.5300, 41.3600, 40.3100, 40.9400, 1450109
2016-09-06, 41.1500, 42.1500, 41.1000, 42.1000, 1561398
2016-09-07, 42.5200, 42.9400, 41.5600, 42.5100, 1486754
2016-09-08, 42.9100, 43.4000, 42.1300, 43.2000, 1556310
2016-09-09, 42.6200, 42.6200, 40.4200, 40.7100, 1510570
2016-09-12, 40.1200, 42.1200, 39.8000, 41.8900, 1117213
2016-09-13, 41.3900, 41.3900, 39.8200, 40.7400, 1277678
2016-09-14, 40.6300, 42.2100, 40.6300, 41.6900, 1400389
2016-09-15, 41.9300, 42.8000, 41.9300, 42.6300, 998266
2016-09-16, 42.1500, 42.7900, 41.9500, 42.2300, 1640339
2016-09-19, 42.6700, 43.3200, 42.5400, 43.0900, 914116
2016-09-20, 42.9400, 43.7000, 42.6700, 43.1900, 1304928
2016-09-21, 43.6200, 45.4000, 43.6200, 45.2300, 1247588
2016-09-22, 45.7700, 46.2200, 44.5600, 45.0500, 1172278
2016-09-23, 44.9000, 45.1100, 42.7400, 42.8800, 2608466
2016-09-26, 42.9700, 43.8400, 42.7100, 42.7900, 1266827
2016-09-27, 42.6700, 42.9500, 41.7000, 42.5000, 1373390
2016-09-28, 42.8100, 45.6200, 42.1300, 45.1600, 1805233
2016-09-29, 44.8400, 46.8500, 44.8400, 45.3200, 2246613
2016-09-30, 45.6900, 46.8800, 45.3100, 46.5600, 1420666
2016-10-03, 46.3700, 47.2244, 45.7800, 47.0300, 1330880
2016-10-04, 47.0300, 47.6200, 46.3400, 46.9300, 1414936
2016-10-05, 47.3800, 48.3100, 46.9900, 47.0100, 1744984
2016-10-06, 47.0400, 48.8100, 47.0400, 48.1000, 1591910
2016-10-07, 48.2800, 48.6200, 47.5900, 48.3200, 1147976
2016-10-10, 48.8000, 49.9800, 48.8000, 49.0000, 1950386
2016-10-11, 49.0000, 49.2200, 48.2700, 48.9500, 1233500
2016-10-12, 48.7000, 48.8900, 48.1600, 48.3900, 1330723
2016-10-13, 48.0000, 49.6500, 47.2900, 48.6800, 1631689
2016-10-14, 49.0300, 49.2700, 47.3250, 47.6300, 1806393
2016-10-17, 47.8000, 47.8500, 46.7100, 47.0500, 899881
2016-10-18, 47.9300, 48.7600, 47.4800, 48.6600, 861802
2016-10-19, 48.9800, 50.4400, 48.7800, 49.7700, 1544217
2016-10-20, 49.1800, 49.8600, 48.9600, 49.1600, 1510912
2016-10-21, 48.4800, 49.3400, 48.1700, 49.1400, 1222815
2016-10-24, 49.4600, 49.7300, 48.1200, 49.3000, 1583422
2016-10-25, 49.1600, 50.4200, 49.0300, 49.1100, 849656
2016-10-26, 48.6100, 48.8600, 46.7200, 47.3700, 1958453
2016-10-27, 47.7100, 48.6800, 47.0200, 47.0700, 1104431
2016-10-28, 46.9600, 48.1700, 46.6900, 46.9100, 1093865
2016-10-31, 46.6700, 46.9900, 45.7700, 46.1900, 1394319
2016-11-01, 46.6500, 47.2900, 44.6900, 44.9200, 2436819
2016-11-02, 44.3400, 44.4500, 42.2400, 42.4700, 3307344
2016-11-03, 42.5200, 43.8600, 42.3700, 42.9300, 2138125
2016-11-04, 42.7200, 44.7000, 40.3900, 43.7300, 2928397
2016-11-07, 45.7200, 46.9800, 45.0500, 46.6100, 2500526
2016-11-08, 46.1600, 46.6600, 45.1100, 45.5700, 1315685
2016-11-09, 45.7600, 49.2600, 45.2610, 48.7000, 2319520
2016-11-10, 47.0000, 47.5800, 45.1500, 46.4500, 9817803
2016-11-11, 45.9500, 46.4500, 45.1300, 46.1700, 3218373
2016-11-14, 46.2500, 46.4200, 45.2100, 45.8900, 2246345
2016-11-15, 46.0600, 47.4200, 46.0600, 46.9600, 1986597
2016-11-16, 46.8000, 48.8100, 45.0650, 45.6200, 2058941
2016-11-17, 46.0800, 46.3350, 44.7300, 45.0300, 2235317
2016-11-18, 45.0300, 45.7000, 44.6901, 45.0000, 2070292
2016-11-21, 45.7500, 47.2400, 45.7100, 46.8500, 2118389
2016-11-22, 47.2400, 47.5000, 45.8700, 46.8700, 1363459
2016-11-23, 46.3200, 47.4000, 46.0100, 47.0000, 1412434
2016-11-25, 46.7400, 47.6600, 46.6700, 47.1800, 475626
2016-11-28, 47.1900, 47.6000, 46.4600, 46.5300, 1601260
2016-11-29, 45.3900, 45.8800, 44.0900, 45.1900, 2204092
2016-11-30, 48.8300, 51.3099, 48.4800, 50.6100, 6006346
2016-12-01, 51.0700, 52.1000, 49.9200, 50.7800, 3745707
2016-12-02, 50.6600, 52.5000, 50.4800, 52.4300, 3213307
2016-12-05, 53.0000, 54.6300, 53.0000, 54.1700, 2550292
2016-12-06, 53.3100, 54.9900, 52.6600, 54.8200, 2331169
2016-12-07, 54.4600, 55.4350, 53.8300, 55.4000, 1888945
2016-12-08, 55.2800, 55.9800, 54.8800, 55.4800, 1872416
2016-12-09, 55.9900, 56.0500, 53.5600, 53.8400, 1784071
2016-12-12, 54.9100, 55.8800, 50.8200, 50.8500, 4008578
2016-12-13, 51.4700, 51.6400, 50.3100, 51.2500, 1810810
2016-12-14, 50.9100, 51.7400, 49.8000, 50.2000, 1840780
2016-12-15, 49.8500, 51.6500, 49.6900, 51.5700, 1786692
2016-12-16, 52.8900, 54.1700, 52.2300, 52.6200, 3804533
2016-12-19, 52.5600, 53.1392, 52.1100, 52.5300, 1018354
2016-12-20, 53.2000, 53.9900, 52.6600, 53.7400, 1145178
2016-12-21, 54.1000, 55.5700, 53.4800, 55.5400, 1657142
2016-12-22, 55.3000, 56.5000, 55.0700, 55.9200, 1716952
2016-12-23, 56.0500, 56.8700, 55.7900, 56.7900, 1016683
2016-12-27, 57.0000, 58.2800, 56.9200, 58.2400, 1440860
2016-12-28, 58.2000, 58.2500, 56.5500, 56.7500, 1067132
2016-12-29, 56.9100, 57.1300, 55.7800, 56.7200, 929482
2016-12-30, 56.5800, 57.3850, 56.0800, 56.6800, 1187053
2017-01-03, 57.5900, 58.9200, 56.3000, 56.9900, 1593511
2017-01-04, 57.3200, 57.3200, 56.1000, 56.8700, 1561601
2017-01-05, 56.8500, 57.8400, 56.3590, 57.4200, 1260329
2017-01-06, 57.3700, 57.8300, 55.2100, 56.1900, 1842369
2017-01-09, 56.0200, 56.0200, 54.4000, 54.8200, 1669967
2017-01-10, 55.6000, 55.8200, 54.7800, 55.3300, 1696083
2017-01-11, 55.4400, 57.4500, 55.2500, 57.2400, 1181213
2017-01-12, 57.4300, 57.7200, 56.1800, 56.8200, 861510
2017-01-13, 56.7600, 57.4800, 56.2800, 56.3200, 883735
2017-01-17, 56.4000, 57.1800, 56.2600, 57.1600, 1089561
2017-01-18, 57.2500, 58.0100, 56.3700, 57.3200, 1142380
2017-01-19, 57.5800, 58.9900, 57.4300, 57.4900, 1711075
2017-01-20, 58.0300, 59.3100, 58.0300, 58.8900, 1092903
2017-01-23, 58.8100, 58.8100, 57.0000, 57.6100, 1178002
2017-01-24, 58.0900, 58.6890, 57.3700, 58.0400, 967632
2017-01-25, 58.0000, 59.8100, 57.8100, 59.1600, 1449088
2017-01-26, 59.3300, 59.8600, 58.7700, 59.2700, 1130585
2017-01-27, 59.1100, 59.3300, 58.6100, 58.8300, 828143
2017-01-30, 58.4400, 58.4600, 55.3200, 57.2000, 1535909
2017-01-31, 58.4800, 59.7500, 58.2400, 59.1400, 1859825
2017-02-01, 59.6200, 60.0500, 58.4100, 59.6100, 1759830
2017-02-02, 59.7700, 59.8900, 57.5700, 57.6000, 1112938
2017-02-03, 57.6300, 58.8200, 57.0400, 58.2200, 918903
2017-02-06, 58.2600, 58.3550, 56.8100, 57.3800, 1056908
2017-02-07, 57.0000, 57.7000, 55.3800, 55.4500, 1313505
2017-02-08, 54.6800, 56.2500, 53.5700, 56.1800, 1461349
2017-02-09, 56.3600, 57.3400, 55.9900, 57.2400, 911520
2017-02-10, 57.6900, 59.0700, 57.2600, 57.6900, 1155786
2017-02-13, 57.9200, 58.1600, 57.1200, 57.6600, 817541
2017-02-14, 57.6600, 60.0750, 57.3500, 59.9800, 1364272
2017-02-15, 59.2400, 59.8100, 57.3000, 58.2100, 1912539
2017-02-16, 58.0600, 58.4025, 56.7100, 57.3600, 989158
2017-02-17, 56.8100, 58.2400, 56.1700, 56.9400, 1217391
2017-02-21, 57.7300, 58.5100, 57.5500, 58.1000, 1280586
2017-02-22, 58.2100, 60.9500, 57.9200, 59.5000, 2738370
2017-02-23, 60.5800, 61.4900, 51.4600, 53.3300, 8315065
2017-02-24, 53.2600, 53.6800, 50.1700, 51.1600, 6650887
2017-02-27, 51.1300, 53.7400, 51.1300, 52.6300, 2571298
2017-02-28, 52.4100, 52.8200, 50.3550, 50.5700, 2455115
2017-03-01, 51.6400, 53.9300, 51.5500, 52.9800, 2645484
2017-03-02, 52.4100, 52.7300, 51.4600, 51.6400, 1335783
2017-03-03, 51.6600, 53.1800, 51.6500, 53.1000, 1382822
2017-03-06, 52.3700, 53.3300, 52.1200, 53.1100, 1382831
2017-03-07, 52.8700, 53.4828, 52.1900, 52.2400, 1638580
2017-03-08, 52.1800, 52.1800, 47.8210, 47.9100, 3345786
2017-03-09, 47.0700, 47.6800, 43.0300, 46.2000, 8994726
2017-03-10, 47.5100, 48.3200, 46.3800, 46.5600, 3202875
2017-03-13, 46.5000, 47.2900, 45.3400, 46.5000, 1936152
2017-03-14, 45.4200, 45.7500, 42.5600, 44.0300, 4526062
2017-03-15, 44.7200, 47.6500, 44.7200, 47.2100, 3236419
2017-03-16, 47.5300, 48.3100, 46.4500, 47.2000, 1923514
2017-03-17, 47.3300, 48.4700, 46.1600, 46.5200, 2975711
2017-03-20, 46.0600, 46.6600, 45.5900, 45.8100, 2191264
2017-03-21, 46.1000, 46.4900, 43.3600, 43.7200, 3841210
2017-03-22, 43.1100, 44.7099, 42.2701, 44.0400, 3261973
2017-03-23, 43.8000, 45.3400, 43.0200, 45.1600, 2634488
2017-03-24, 45.6100, 48.9800, 45.1400, 45.3500, 3693974
2017-03-27, 44.2600, 44.8500, 42.6000, 44.8000, 2884564
2017-03-28, 45.6500, 47.2700, 45.2200, 47.1200, 2717234
2017-03-29, 47.1200, 48.4600, 46.6800, 47.8400, 2120552
2017-03-30, 48.1300, 49.1200, 47.4006, 48.0700, 2406106
2017-03-31, 47.5400, 48.4200, 47.3700, 47.9900, 1784311
2017-04-03, 48.1100, 48.3800, 46.4100, 47.0600, 2093502
2017-04-04, 47.3500, 48.3700, 47.1600, 48.3000, 1938870
2017-04-05, 48.8400, 49.7700, 46.7400, 46.9700, 1873132
2017-04-06, 47.3600, 48.3900, 47.2000, 48.3100, 1226044
2017-04-07, 48.0500, 49.3700, 47.4000, 48.5500, 1982318
2017-04-10, 48.9700, 50.2300, 48.9300, 50.0700, 1639867
2017-04-11, 50.0000, 50.3900, 48.1000, 49.6200, 2056100
2017-04-12, 49.3700, 50.1900, 48.6300, 48.8100, 2023544
2017-04-13, 48.5300, 48.5320, 45.8800, 45.9100, 2647936
2017-04-17, 46.0500, 46.2800, 44.4800, 45.0100, 3057736
2017-04-18, 44.6000, 46.8900, 44.5500, 45.1000, 2128590
2017-04-19, 45.4800, 45.6400, 42.4750, 42.7600, 3515645
2017-04-20, 43.0800, 43.4550, 42.3000, 43.0500, 2157788
2017-04-21, 42.4800, 42.6000, 40.1200, 40.5100, 5743976
2017-04-24, 41.2200, 41.7700, 40.3300, 41.5500, 2952130
2017-04-25, 43.5000, 43.9300, 40.6900, 42.5400, 4469341
2017-04-26, 42.5000, 44.5300, 42.5000, 43.0600, 2357225
2017-04-27, 42.4300, 42.4500, 40.6200, 42.3500, 3397563
2017-04-28, 42.7100, 42.7100, 41.4900, 41.5000, 1987308
2017-05-01, 41.5000, 41.6400, 39.6600, 40.1500, 3334587
2017-05-02, 40.1450, 40.9400, 39.1900, 39.5400, 2244581
2017-05-03, 39.2900, 39.4000, 36.8300, 37.0000, 5733902
2017-05-04, 36.6100, 36.7500, 34.3920, 34.8400, 10230429
2017-05-05, 35.0700, 37.1600, 34.5500, 37.1500, 3806273
2017-05-08, 36.9600, 37.8500, 35.9900, 36.8900, 2608358
2017-05-09, 36.9000, 37.7750, 35.8900, 37.4800, 2262290
2017-05-10, 37.8900, 39.5200, 37.8900, 39.0800, 2918710
2017-05-11, 39.5500, 40.2700, 39.0200, 39.3800, 2405149
2017-05-12, 39.3700, 39.7600, 39.0500, 39.1100, 2010457
2017-05-15, 40.8400, 41.4700, 40.4100, 40.9500, 2391935
2017-05-16, 41.4400, 41.7930, 40.4100, 41.5200, 1907617
2017-05-17, 40.9300, 41.6300, 38.9300, 38.9700, 2915089
2017-05-18, 38.5500, 39.6900, 37.7500, 39.2600, 2862382
2017-05-19, 39.6100, 41.2326, 39.5700, 40.4200, 2139482
2017-05-22, 40.8900, 40.9800, 38.4400, 38.7700, 2089149
2017-05-23, 38.9400, 39.2400, 37.7800, 39.0300, 3239422
2017-05-24, 38.8300, 39.6300, 38.1900, 38.3900, 1912540
2017-05-25, 38.3200, 39.6000, 37.0000, 37.2500, 2578377
2017-05-26, 37.6500, 37.8550, 36.9100, 37.2100, 2243654
2017-05-30, 36.3300, 36.9100, 35.9100, 36.4500, 2762340
2017-05-31, 36.4400, 38.0700, 35.9200, 38.0000, 3525891
2017-06-01, 38.3500, 39.2100, 37.6900, 38.2500, 2624461
2017-06-02, 38.0500, 38.0500, 36.7000, 36.8300, 2141319
2017-06-05, 36.0700, 36.7900, 35.6100, 36.4600, 1693330
2017-06-06, 36.0200, 38.2400, 35.7400, 37.9300, 2235244
2017-06-07, 37.6100, 38.3701, 33.8300, 34.7200, 3938024
2017-06-08, 34.7200, 36.3000, 34.7200, 35.0900, 2425771
2017-06-09, 35.3400, 36.7500, 34.8670, 36.3800, 2813908
2017-06-12, 36.6400, 37.8000, 36.0600, 36.3100, 2717302
2017-06-13, 36.3700, 37.8600, 35.9600, 37.2400, 2773855
2017-06-14, 37.1100, 37.1100, 33.8900, 34.6200, 4467633
2017-06-15, 34.4300, 35.3599, 33.5700, 34.0500, 2534940
2017-06-16, 34.0100, 34.4300, 33.4600, 33.9300, 2289769
2017-06-19, 34.1500, 34.3600, 33.3200, 33.9100, 1843754
2017-06-20, 33.2500, 34.1800, 32.4795, 33.8200, 2309327
2017-06-21, 33.7900, 34.3200, 31.7900, 32.0300, 3516559
2017-06-22, 32.0400, 33.1700, 31.9110, 32.4000, 2575948
2017-06-23, 32.6800, 34.0600, 32.1900, 33.8700, 2846600
2017-06-26, 33.9800, 34.4400, 33.3800, 33.8800, 1857338
2017-06-27, 34.1400, 35.5325, 33.6900, 34.3000, 2556734
2017-06-28, 34.4700, 35.6900, 33.7500, 34.9400, 2062769
2017-06-29, 35.2900, 37.4800, 35.2900, 35.9500, 3811210
2017-06-30, 36.3300, 36.6800, 35.4500, 35.4900, 2182783
2017-07-03, 35.7300, 37.0000, 35.6600, 36.6100, 743380
2017-07-05, 36.4600, 36.4600, 34.5600, 35.2500, 1689115
2017-07-06, 35.4300, 36.0500, 34.4100, 34.5500, 2219701
2017-07-07, 34.1600, 34.1600, 30.5100, 31.2300, 6363871
2017-07-10, 31.0100, 31.9200, 30.7100, 31.3300, 3628587
2017-07-11, 31.1700, 32.3800, 30.8500, 31.7900, 2711121
2017-07-12, 32.5500, 32.8300, 31.3200, 31.5500, 2918372
2017-07-13, 31.7000, 33.1200, 31.5600, 33.0900, 3027903
2017-07-14, 33.2600, 34.1600, 33.0700, 33.9200, 1767982
2017-07-17, 33.8600, 34.4700, 33.3900, 34.1600, 1877413
2017-07-18, 34.6100, 34.7000, 33.0500, 33.3800, 1891011
2017-07-19, 33.0900, 35.3700, 32.7100, 34.9800, 2881563
2017-07-20, 35.0500, 35.3400, 31.0900, 31.7100, 5623417
2017-07-21, 31.7500, 31.9700, 30.3000, 30.6000, 3714355
2017-07-24, 30.1900, 30.2500, 26.3500, 26.9500, 10827542
2017-07-25, 27.3400, 28.1400, 27.3100, 27.3300, 4022445
2017-07-26, 27.4900, 29.0500, 27.4600, 28.4800, 4366772
2017-07-27, 28.4500, 29.4400, 28.1480, 28.8200, 3132174
2017-07-28, 28.7600, 29.7000, 28.4600, 29.0100, 2081127
2017-07-31, 29.3300, 29.4200, 28.0700, 29.1300, 2793303
2017-08-01, 25.8400, 28.5200, 25.6101, 27.8300, 6878878
2017-08-02, 26.5200, 26.7500, 25.9700, 26.1900, 3396850
2017-08-03, 26.4000, 26.7800, 25.3300, 25.8000, 3686139
2017-08-04, 25.8400, 28.5200, 25.6101, 27.8300, 4181674
2017-08-07, 27.6700, 28.0000, 26.0100, 26.5100, 2363405
2017-08-08, 26.4200, 26.6700, 25.1700, 25.4700, 2869073
2017-08-09, 25.5100, 25.9400, 24.9900, 25.9100, 3198450
2017-08-10, 26.1100, 26.7700, 25.1300, 25.4600, 2461761
2017-08-11, 25.2000, 25.9000, 25.0900, 25.4400, 1499271
2017-08-14, 25.4600, 25.7000, 24.8200, 25.0100, 2099430
2017-08-15, 24.8200, 25.1800, 24.2600, 24.9800, 2192987
2017-08-16, 24.9400, 25.7100, 24.5900, 24.8900, 2914519
2017-08-17, 25.0900, 26.5100, 25.0600, 25.8000, 2848430
2017-08-18, 25.7300, 26.5300, 25.5100, 26.1000, 2751945
2017-08-21, 26.1000, 26.1000, 25.0200, 25.2600, 1787524
2017-08-22, 25.5400, 26.3600, 25.4600, 26.2500, 1567991
2017-08-23, 25.9700, 26.5300, 25.8538, 26.1500, 1753742
2017-08-24, 26.0700, 26.2700, 25.4300, 25.7400, 1516757
2017-08-25, 25.9300, 26.2375, 25.4900, 25.8400, 1440738
2017-08-28, 25.8400, 25.9800, 24.8500, 25.6900, 1990092
2017-08-29, 25.3700, 26.7050, 25.3617, 26.5400, 3033224
2017-08-30, 26.4600, 27.6150, 26.0938, 27.4500, 2717762
2017-08-31, 27.8300, 27.8300, 27.1600, 27.2100, 2106094
2017-09-01, 27.3600, 27.9500, 27.1100, 27.3800, 1266171
2017-09-05, 27.9200, 28.4900, 27.7100, 28.0700, 1947028
2017-09-06, 28.4600, 29.1400, 28.2900, 28.5600, 2457270
2017-09-07, 28.4900, 28.6950, 27.6900, 28.3600, 1677212
2017-09-08, 28.1800, 28.1800, 26.8800, 27.4500, 1689578
2017-09-11, 27.5300, 28.0900, 27.2700, 27.9100, 1519997
2017-09-12, 27.9200, 29.2900, 27.9072, 28.6700, 1935397
2017-09-13, 28.8100, 30.2700, 28.8000, 29.2300, 3113687
2017-09-14, 29.4100, 30.2100, 28.8300, 29.3500, 1962975
2017-09-15, 29.2900, 29.3396, 28.5100, 28.8100, 3677131
2017-09-18, 28.7700, 29.4800, 28.7616, 29.2000, 1442424
2017-09-19, 29.4400, 29.5300, 28.5800, 28.9900, 1070586
2017-09-20, 29.1700, 30.5800, 29.1700, 30.1300, 2372633
2017-09-21, 29.9900, 30.9300, 29.8500, 30.7100, 2005711
2017-09-22, 30.6600, 32.6100, 30.5500, 31.7500, 3974555
2017-09-25, 32.0200, 33.0100, 32.0200, 32.5900, 2754837
2017-09-26, 32.5600, 33.4200, 32.1500, 33.2000, 2639003
2017-09-27, 33.3700, 33.7200, 30.6300, 31.3700, 3647254
2017-09-28, 31.5700, 31.7000, 29.7900, 30.6100, 4083234
2017-09-29, 30.6300, 31.2600, 30.5100, 31.0700, 2242875
2017-10-02, 30.4500, 31.0750, 30.1700, 30.7500, 1722131
2017-10-03, 30.6900, 31.6600, 29.7100, 31.5700, 6081566
2017-10-04, 31.6600, 31.7900, 30.9250, 31.1600, 2005259
2017-10-05, 31.2400, 32.4300, 31.2200, 32.2000, 2156027
2017-10-06, 31.8000, 32.5500, 30.5600, 30.6300, 2520903
2017-10-09, 30.7700, 31.2200, 30.3800, 30.5400, 2044203
2017-10-10, 31.1200, 31.3100, 30.0600, 30.1500, 1167739
2017-10-11, 30.3000, 30.6200, 29.5700, 30.5200, 1266837
2017-10-12, 30.1800, 30.4100, 29.6300, 29.6800, 1867632
2017-10-13, 30.0300, 30.1900, 28.3200, 28.3600, 2622532
2017-10-16, 28.7500, 28.8000, 27.4200, 27.8100, 2073325
2017-10-17, 27.8600, 28.5500, 27.7200, 28.1400, 1980561
2017-10-18, 28.3900, 29.2900, 27.8600, 28.2400, 2109323
2017-10-19, 27.9200, 28.4500, 27.7600, 28.4400, 1166214
2017-10-20, 28.4600, 28.6800, 27.8300, 27.9900, 1279390
2017-10-23, 28.0100, 28.3300, 27.7300, 27.7700, 1604406
2017-10-24, 27.8200, 28.3900, 27.7500, 28.1600, 976103
2017-10-25, 28.0300, 28.3600, 27.5600, 28.0900, 1420500
2017-10-26, 28.1400, 28.5700, 27.7553, 28.1900, 1210834
2017-10-27, 27.9600, 29.1700, 27.8200, 28.8700, 1425226
2017-10-30, 29.0300, 29.7200, 28.5000, 29.2700, 1406038
2017-10-31, 29.2000, 30.6800, 28.8700, 30.5100, 1919332
2017-11-01, 30.9000, 31.9100, 29.5300, 30.0500, 2809260
2017-11-02, 30.3100, 30.4000, 29.5748, 30.1900, 1524333
2017-11-03, 30.2200, 30.5750, 29.6900, 30.4400, 1738701
2017-11-06, 30.5000, 31.8600, 30.1800, 31.5200, 2780563
2017-11-07, 33.4900, 35.8100, 32.8900, 34.5500, 6620920
2017-11-08, 34.5500, 35.1500, 33.5010, 34.4800, 2884484
2017-11-09, 34.0600, 35.8000, 34.0600, 35.5600, 2333688
2017-11-10, 35.2200, 36.5500, 35.0800, 35.5200, 2303870
2017-11-13, 35.5200, 36.4500, 35.0200, 35.8900, 1750070
2017-11-14, 35.3300, 35.3300, 33.3500, 33.8900, 3007344
2017-11-15, 33.1900, 33.7000, 32.4200, 32.8100, 2871801
2017-11-16, 32.9000, 33.6300, 32.6801, 33.4800, 1923818
2017-11-17, 33.4200, 34.4200, 33.2000, 34.3800, 1745625
2017-11-20, 34.8900, 34.9863, 33.7500, 34.1700, 1584023
2017-11-21, 34.4200, 34.7700, 33.0750, 33.4500, 1668585
2017-11-22, 33.7500, 34.2900, 33.3900, 34.1700, 1555007
2017-11-24, 34.4000, 34.7250, 34.1800, 34.3700, 470814
2017-11-27, 34.1200, 34.1700, 32.8300, 33.0100, 1584137
2017-11-28, 32.9600, 33.5799, 32.8500, 32.9900, 1618119
2017-11-29, 33.0000, 33.1200, 31.8500, 32.5700, 2325011
2017-11-30, 32.6500, 34.0400, 32.6000, 33.1700, 1926563
2017-12-01, 33.4000, 34.1300, 32.6900, 33.9200, 1957223
2017-12-04, 34.5000, 35.0000, 33.6100, 34.1100, 2377187
2017-12-05, 34.0000, 34.4300, 32.4500, 32.9500, 2340145
2017-12-06, 32.6900, 32.7500, 31.1400, 31.8000, 2682026
2017-12-07, 32.2600, 32.7400, 32.1510, 32.4700, 2210828
2017-12-08, 33.1200, 34.0500, 32.8000, 33.2900, 1517798
2017-12-11, 33.4100, 33.9000, 33.1700, 33.6500, 1609042
2017-12-12, 34.0200, 34.7400, 33.6200, 33.6300, 3063152
2017-12-13, 33.7900, 34.2200, 33.3232, 33.9100, 1943435
2017-12-14, 34.8000, 34.9800, 33.9700, 34.4500, 1925763
2017-12-15, 34.6000, 34.9700, 33.4950, 33.8200, 3370114
2017-12-18, 34.4000, 34.5700, 33.5800, 33.9200, 1798641
2017-12-19, 34.1500, 34.4200, 31.5250, 31.7400, 3368116
2017-12-20, 31.8100, 31.9000, 30.4100, 31.1000, 4171003
2017-12-21, 31.0900, 32.7100, 30.7400, 32.4000, 2872116
2017-12-22, 32.8600, 32.9800, 32.0500, 32.7600, 1477792
2017-12-26, 32.7300, 33.7350, 32.4700, 33.2800, 980847
2017-12-27, 33.2400, 33.7500, 32.5400, 32.7200, 966194
2017-12-28, 32.5700, 32.7700, 32.0200, 32.1000, 1263357
2017-12-29, 32.1800, 32.6600, 31.6800, 32.5600, 1517659
2018-01-02, 32.7000, 34.6400, 32.5900, 34.3900, 2179890
2018-01-03, 34.8500, 36.4500, 34.8199, 36.0000, 2509001
2018-01-04, 36.3000, 37.4300, 36.0180, 36.7900, 2584328
2018-01-05, 36.8400, 37.1600, 36.1700, 36.7600, 2041593
2018-01-08, 36.6800, 37.8000, 36.0300, 37.6900, 2390429
2018-01-09, 37.5700, 37.8500, 36.8400, 36.9100, 2476362
2018-01-10, 36.8400, 37.8400, 36.7900, 37.3200, 1987778
2018-01-11, 37.6700, 38.7000, 37.4400, 38.2500, 2109093
2018-01-12, 38.1900, 38.4200, 37.6400, 38.0000, 1307044
2018-01-16, 37.9300, 38.0000, 35.8000, 35.8500, 2246177
2018-01-17, 36.1000, 36.6900, 35.6000, 36.2500, 1483686
2018-01-18, 36.2000, 36.7000, 35.7099, 36.2800, 1056881
2018-01-19, 35.8900, 37.0800, 35.7200, 36.5700, 1120555
2018-01-22, 36.7000, 37.9500, 36.4100, 37.7900, 1706008
2018-01-23, 37.9400, 38.1700, 37.0410, 37.5600, 1237514
2018-01-24, 37.7100, 38.2400, 36.8500, 37.4700, 1687346
2018-01-25, 38.0000, 38.0000, 36.1200, 36.2200, 1945319
2018-01-26, 36.5900, 36.8000, 35.5300, 35.7200, 1198149
2018-01-29, 35.5200, 35.7400, 34.4400, 34.6000, 1352468
2018-01-30, 34.1300, 34.2741, 33.1500, 34.0000, 1966035
2018-01-31, 34.3300, 34.3400, 32.9600, 33.2900, 1503848
2018-02-01, 33.3700, 34.3400, 33.1700, 33.7000, 2320919
2018-02-02, 33.1400, 33.3900, 31.6100, 32.0300, 2100002
2018-02-05, 31.3300, 32.7400, 30.6900, 31.6700, 1755359
2018-02-06, 30.8000, 32.9500, 30.7900, 31.9600, 1811618
2018-02-07, 31.9000, 32.6200, 30.1300, 30.1300, 3111769
2018-02-08, 30.4700, 30.9800, 28.6200, 28.6400, 2657497
2018-02-09, 28.9400, 29.4700, 27.7800, 29.0000, 2082783
2018-02-12, 29.3000, 29.6800, 28.5800, 29.3700, 1425161
2018-02-13, 29.1000, 29.5700, 28.8000, 29.1000, 1268731
2018-02-14, 28.6300, 29.8100, 28.2300, 29.7500, 2745770
2018-02-15, 30.0100, 30.5400, 28.6900, 30.2600, 5017765
2018-02-16, 29.9900, 31.8200, 29.9800, 31.5500, 3604825
2018-02-20, 31.6000, 31.7199, 30.3400, 30.7500, 5078891
2018-02-21, 27.7900, 28.0000, 25.1400, 25.1500, 16850660
2018-02-22, 25.0700, 26.0700, 24.9200, 25.1500, 5024816
2018-02-23, 25.6200, 26.1900, 25.1800, 26.0300, 4663777
2018-02-26, 26.0100, 26.7700, 25.3000, 26.7400, 3652906
2018-02-27, 27.4300, 27.8900, 26.7400, 26.7500, 4297436
2018-02-28, 26.9000, 27.3300, 25.8600, 25.8900, 3457818
2018-03-01, 25.8800, 26.9500, 25.7250, 26.7300, 3892857
2018-03-02, 26.5200, 27.0800, 25.6000, 27.0100, 2887129
2018-03-05, 26.6300, 27.5800, 26.6300, 27.5100, 3027533
2018-03-06, 27.6800, 27.8400, 26.8775, 27.2700, 1563158
2018-03-07, 26.9800, 27.5100, 26.6300, 27.0400, 1822696
2018-03-08, 27.1300, 27.4200, 26.4600, 26.6500, 1907105
2018-03-09, 26.9000, 27.3568, 26.8100, 27.1900, 1718697
2018-03-12, 27.1800, 27.7650, 26.7500, 27.0100, 1558326
2018-03-13, 27.0100, 27.5200, 26.4107, 26.6300, 2328074
2018-03-14, 26.7000, 27.0800, 26.2800, 26.3900, 3586009
2018-03-15, 26.6000, 26.6400, 25.2400, 25.5600, 3827345
2018-03-16, 25.6100, 26.6400, 25.6100, 26.2500, 2271225
2018-03-19, 26.0400, 26.2100, 25.4400, 25.8300, 1633603
2018-03-20, 26.0900, 26.3600, 25.4100, 25.6100, 1926480
2018-03-21, 25.7000, 27.3500, 25.5310, 27.0100, 2632219
2018-03-22, 26.5900, 27.4900, 26.5000, 26.6300, 2291474
2018-03-23, 26.6300, 26.6500, 25.3500, 26.1300, 2918414
2018-03-26, 26.3600, 26.4890, 24.1500, 25.0800, 3693397
2018-03-27, 25.1100, 25.9700, 24.6000, 25.1800, 2159842
2018-03-28, 25.0600, 25.6700, 24.6000, 25.3900, 2261519
2018-03-29, 25.6100, 26.0600, 25.4300, 25.5200, 1950440
2018-04-02, 25.1900, 25.2688, 24.0700, 24.1400, 2663635
2018-04-03, 24.2600, 24.3200, 23.8500, 24.2400, 2254198
2018-04-04, 23.9000, 24.8700, 23.7500, 24.7900, 1873907
2018-04-05, 24.8900, 26.1500, 24.7800, 25.8600, 2009143
2018-04-06, 25.4600, 25.8300, 24.7900, 25.2300, 918952
2018-04-09, 25.5000, 25.6200, 24.8700, 24.8700, 1257409
2018-04-10, 25.3900, 27.0800, 25.2900, 26.6500, 1830949
2018-04-11, 26.6700, 27.9100, 26.6700, 27.5100, 2418833
2018-04-12, 26.7000, 27.4100, 25.9900, 27.3600, 1838276
2018-04-13, 27.3300, 27.6500, 27.1500, 27.2100, 1279958
2018-04-16, 27.1600, 27.8600, 26.8000, 27.5100, 1586338
2018-04-17, 27.6500, 28.4300, 27.5200, 28.2800, 1804897
2018-04-18, 28.5000, 28.9000, 28.0000, 28.3500, 1850618
2018-04-19, 28.5200, 28.7500, 27.6500, 28.0400, 2183908
2018-04-20, 27.9700, 28.2390, 27.3700, 27.9900, 1406176
2018-04-23, 27.9700, 28.2600, 27.3200, 27.5800, 2320543
2018-04-24, 28.9100, 29.7100, 26.9650, 27.7400, 3436645
2018-04-25, 27.4200, 29.3900, 26.9400, 29.1700, 2283331
2018-04-26, 29.5200, 30.4700, 29.0800, 30.3100, 2147460
2018-04-27, 30.0500, 31.3519, 29.7500, 30.4800, 2251687
2018-04-30, 30.5400, 30.8900, 29.7300, 30.1100, 2357978
2018-05-01, 30.0200, 30.4000, 29.3900, 30.3400, 1253800
2018-05-02, 30.3200, 31.1000, 30.3000, 30.8900, 1668181
2018-05-03, 30.8700, 30.9800, 29.8550, 30.1400, 1454550
2018-05-04, 30.1000, 30.7500, 29.8100, 30.4800, 1036470
2018-05-07, 30.7700, 32.0000, 30.7700, 31.2900, 2081621
2018-05-08, 31.3200, 32.0750, 30.8400, 32.0500, 1948972
2018-05-09, 32.3000, 32.8800, 31.9800, 32.2300, 2841312
2018-05-10, 32.1600, 32.5700, 32.0000, 32.2400, 2178892
2018-05-11, 32.2700, 32.3000, 31.6400, 31.9500, 1063260
2018-05-14, 32.3900, 32.6800, 32.1700, 32.3500, 1309463
2018-05-15, 32.3900, 32.9499, 32.3000, 32.6500, 1747396
2018-05-16, 32.7600, 33.3700, 32.5700, 32.9900, 2677504
2018-05-17, 33.0900, 33.7700, 32.9700, 33.3900, 2013544
2018-05-18, 33.3500, 33.5150, 32.7800, 33.4100, 1461349
2018-05-21, 33.6000, 33.7600, 33.1800, 33.6500, 1410145
2018-05-22, 33.6100, 34.3400, 33.0400, 33.2000, 1827530
2018-05-23, 32.8100, 33.2400, 32.3900, 32.9100, 1308704
2018-05-24, 32.4600, 32.6600, 31.8500, 31.9400, 1335212
2018-05-25, 31.3200, 31.4900, 30.1250, 30.9300, 2436945
2018-05-29, 30.2500, 31.1700, 30.1600, 30.8700, 1393077
2018-05-30, 31.1900, 32.4000, 31.1750, 32.2100, 1238029
2018-05-31, 32.2000, 32.4300, 30.8800, 30.9300, 2073846
2018-06-01, 31.0100, 31.3800, 29.8100, 30.2100, 2054639
2018-06-04, 30.2700, 30.7900, 29.7800, 30.4300, 1346302
2018-06-05, 30.3200, 30.5200, 29.6869, 30.2900, 1664619
2018-06-06, 30.4500, 30.5050, 29.8200, 30.2300, 1389685
2018-06-07, 30.4700, 30.9100, 30.3700, 30.7000, 1287549
2018-06-08, 30.6700, 30.9900, 29.2200, 29.7300, 3255553
2018-06-11, 29.4900, 29.6900, 29.0100, 29.0300, 2287408
2018-06-12, 29.0300, 29.8400, 29.0300, 29.6800, 1461008
2018-06-13, 29.6400, 29.9300, 29.2300, 29.2400, 1624713
2018-06-14, 29.4500, 29.7800, 28.3500, 28.3800, 1924169
2018-06-15, 28.1100, 28.5400, 27.8800, 28.2600, 2824460
2018-06-18, 27.9600, 28.4500, 27.5900, 27.9400, 1503669
2018-06-19, 27.5800, 28.3500, 27.3700, 28.1300, 1358065
2018-06-20, 28.4000, 28.4000, 27.7400, 28.0900, 1694333
2018-06-21, 27.8100, 28.2200, 26.7900, 26.8700, 1840433
2018-06-22, 27.7400, 28.2700, 27.3400, 27.6700, 3325425
2018-06-25, 27.9300, 27.9700, 26.2900, 26.8200, 1710892
2018-06-26, 26.8900, 27.4400, 26.2600, 27.2700, 1645733
2018-06-27, 27.5700, 28.0850, 27.2800, 27.2900, 1306323
2018-06-28, 27.3100, 27.4400, 26.2900, 26.4100, 1458568
2018-06-29, 25.9500, 26.4300, 25.6250, 25.6900, 2593608
2018-07-02, 25.6300, 25.9250, 25.0008, 25.7600, 2312542
2018-07-03, 26.1800, 26.5100, 25.9200, 25.9900, 1209581
2018-07-05, 26.1700, 26.4100, 25.7142, 26.0000, 1374179
2018-07-06, 25.5400, 26.4000, 25.4000, 26.1600, 1610149
2018-07-09, 26.2600, 27.4900, 26.2100, 27.2900, 2247041
2018-07-10, 27.5100, 27.9090, 26.7700, 26.9700, 1536178
2018-07-11, 26.6000, 27.1800, 26.2600, 26.3600, 1757508
2018-07-12, 25.8600, 26.1900, 24.8400, 25.9700, 2180101
2018-07-13, 26.0000, 26.1300, 25.2800, 25.8400, 2251505
2018-07-16, 25.5700, 26.1100, 25.5500, 25.8800, 1691609
2018-07-17, 25.8600, 26.3100, 25.5200, 26.2600, 1631897
2018-07-18, 26.2500, 26.3600, 25.5600, 26.1000, 1217363
2018-07-19, 25.9200, 26.3300, 24.7499, 24.8300, 3288128
2018-07-20, 24.8700, 24.9300, 24.2000, 24.5100, 2852623
2018-07-23, 25.1200, 25.2500, 23.1100, 23.7900, 4196306
2018-07-24, 23.9500, 24.6650, 23.9500, 24.1300, 1847147
2018-07-25, 24.0300, 24.6950, 24.0300, 24.6700, 1475394
2018-07-26, 24.7100, 25.7950, 24.4000, 25.7100, 2824977
2018-07-27, 25.8300, 27.0000, 25.8000, 26.7400, 2620877
2018-07-30, 27.1500, 27.5400, 26.7500, 26.9200, 2111862
2018-07-31, 27.0800, 27.8700, 25.7500, 26.9600, 4033015
2018-08-01, 26.5100, 27.3100, 25.7400, 25.8600, 2732398
2018-08-02, 25.3800, 25.9700, 25.2600, 25.6800, 1809716
2018-08-03, 25.6100, 25.7900, 24.7700, 25.1600, 1872677
2018-08-06, 25.1800, 25.3400, 24.7700, 24.9200, 1512394
2018-08-07, 25.0700, 25.3616, 24.7800, 24.9700, 1244373
2018-08-08, 24.8300, 25.2850, 24.5800, 25.2400, 1314562
2018-08-09, 25.3000, 25.6700, 25.0703, 25.2000, 1707149
2018-08-10, 25.1000, 25.9100, 25.1000, 25.7800, 1202091
2018-08-13, 25.6300, 26.0100, 24.8600, 25.0600, 1622588
2018-08-14, 25.2900, 25.3900, 23.4300, 23.7600, 2832139
2018-08-15, 23.4400, 23.9100, 22.1000, 22.4400, 2690029
2018-08-16, 22.5900, 22.8781, 22.2500, 22.8600, 1438267
2018-08-17, 22.8300, 23.4100, 22.5800, 23.3500, 2020089
2018-08-20, 23.3500, 23.4300, 22.2300, 22.2700, 4013487
2018-08-21, 22.4900, 22.9200, 22.1200, 22.4500, 2230391
2018-08-22, 22.7300, 23.0504, 22.4300, 22.8300, 2103328
2018-08-23, 22.7100, 22.8470, 22.1100, 22.2300, 1573504
2018-08-24, 22.3200, 22.7300, 22.3200, 22.6400, 1645537
2018-08-27, 22.6700, 23.0900, 22.3850, 22.4500, 1586287
2018-08-28, 22.4000, 22.8700, 22.1800, 22.3300, 2270255
2018-08-29, 22.2500, 22.4200, 20.0800, 21.2700, 7583518
2018-08-30, 21.0400, 21.4800, 20.2600, 20.9900, 5286594
2018-08-31, 20.8100, 21.3300, 20.6100, 21.1900, 2178943
2018-09-04, 21.2600, 21.4800, 20.3800, 20.4700, 2288568
2018-09-05, 20.3600, 20.6800, 19.8600, 20.0400, 2561841
2018-09-06, 19.9400, 20.0900, 19.0691, 19.4300, 2665911
2018-09-07, 19.1800, 19.6500, 19.0200, 19.4100, 2347759
2018-09-10, 19.4900, 19.6100, 19.1000, 19.1200, 1551280
2018-09-11, 19.2600, 20.4200, 19.2400, 20.2700, 2753232
2018-09-12, 21.3900, 21.4373, 20.4100, 20.9500, 3969226
2018-09-13, 20.5800, 20.9500, 20.5000, 20.5900, 2352769
2018-09-14, 20.5000, 21.0000, 20.3600, 20.7800, 1548847
2018-09-17, 20.7800, 20.8900, 20.2400, 20.3300, 1272310
2018-09-18, 20.6600, 21.1100, 20.5600, 20.6800, 1682364
2018-09-19, 20.6000, 20.8300, 20.3000, 20.5000, 2061383
2018-09-20, 20.1800, 20.3400, 19.7700, 19.8600, 2561194
2018-09-21, 19.8800, 20.0800, 19.5300, 19.8000, 4183800
2018-09-24, 20.0100, 20.2000, 19.7900, 20.0800, 1452126
2018-09-25, 20.3400, 20.6500, 20.0700, 20.0700, 1322435
2018-09-26, 19.8200, 19.9000, 18.5500, 18.5600, 4499534
2018-09-27, 18.5500, 18.7250, 17.9200, 18.3600, 3328779
2018-09-28, 18.3300, 19.1600, 18.2100, 18.8300, 2149851
2018-10-01, 18.8300, 19.7800, 18.7900, 19.6300, 2417589
2018-10-02, 19.7500, 20.0600, 19.2950, 19.4100, 2483265
2018-10-03, 19.3900, 20.3600, 19.0700, 20.2100, 2782686
2018-10-04, 20.0300, 20.5100, 19.7350, 20.1100, 2502624
2018-10-05, 20.0000, 20.3900, 19.1900, 19.4200, 3035952
2018-10-08, 19.1300, 20.1400, 18.9400, 20.0600, 1283050
2018-10-09, 19.9800, 20.8150, 19.8400, 20.5300, 1694710
2018-10-10, 20.2100, 20.3500, 18.9300, 18.9600, 2362103
2018-10-11, 17.9400, 19.0833, 17.9100, 18.2300, 3120628
2018-10-12, 18.5800, 18.9600, 18.0000, 18.3800, 1987928
2018-10-15, 18.6300, 18.6700, 18.1800, 18.3300, 2068337
2018-10-16, 18.5000, 18.9600, 18.3300, 18.7100, 1549657
2018-10-17, 17.6700, 18.1200, 17.1700, 17.6900, 3286740
2018-10-18, 17.1900, 17.4600, 16.1300, 16.1700, 3876049
2018-10-19, 16.2000, 16.8200, 15.9300, 16.0700, 3161522
2018-10-22, 16.0700, 16.2700, 15.4500, 15.6600, 4091362
2018-10-23, 14.1900, 14.4100, 12.8900, 13.7500, 11137924
2018-10-24, 13.9200, 14.2300, 13.0000, 13.0100, 4743384
2018-10-25, 13.1700, 13.7600, 13.0600, 13.4200, 7040732
2018-10-26, 13.1200, 14.5400, 13.1000, 14.2100, 4348904
2018-10-29, 14.3300, 14.5000, 13.6700, 13.9400, 4186366
2018-10-30, 14.2100, 14.6800, 13.8100, 14.6400, 3275865
2018-10-31, 14.7200, 14.7400, 13.7200, 14.0000, 3947851
2018-11-01, 14.2600, 14.7800, 14.0000, 14.4400, 2477645
2018-11-02, 14.4500, 14.6200, 13.9300, 14.2900, 2244662
2018-11-05, 14.4000, 14.7200, 14.2300, 14.3800, 1855788
2018-11-06, 14.3600, 14.9050, 14.0300, 14.7100, 2971539
2018-11-07, 14.9000, 15.1500, 14.0700, 14.5100, 2183224
2018-11-08, 14.3300, 15.2200, 14.2100, 14.4700, 1852408
2018-11-09, 14.1300, 14.3600, 13.5900, 14.2000, 3481119
