2017-06-28, 25.3400, 25.6300, 25.3400, 25.4600, 102798
2017-06-29, 25.7800, 25.7800, 25.3500, 25.3900, 21937
2017-06-30, 25.3500, 25.4600, 25.2132, 25.3575, 4918
2017-07-03, 25.4200, 25.4590, 24.8201, 25.1304, 3550
2017-07-05, 24.6650, 25.0220, 24.6650, 25.0000, 4900
2017-07-06, 25.0000, 25.0100, 24.7500, 25.0100, 3100
2017-07-07, 24.9600, 25.0700, 24.9600, 25.0700, 2284
2017-07-10, 25.0600, 25.0700, 24.9676, 24.9676, 2596
2017-07-11, 24.8300, 25.0000, 24.8300, 25.0000, 1673
2017-07-12, 25.2700, 25.3800, 25.2228, 25.3695, 2891
2017-07-13, 25.4000, 25.4800, 25.4000, 25.4600, 2280
2017-07-14, 25.5400, 25.6900, 25.5400, 25.6900, 2566
2017-07-17, 25.5900, 26.7200, 25.2500, 25.2700, 13498
2017-07-18, 25.3700, 25.3700, 25.3438, 25.3439, 1682
2017-07-19, 25.4700, 25.4800, 25.4356, 25.4800, 2100
2017-07-20, 25.5100, 25.5700, 25.5100, 25.5700, 2639
2017-07-21, 25.4600, 25.4600, 25.4000, 25.4000, 2875
2017-07-24, 25.3500, 25.4200, 25.3500, 25.4200, 3118
2017-07-25, 25.6400, 25.7450, 25.5600, 25.5600, 3003
2017-07-26, 25.6500, 25.7576, 25.5456, 25.7576, 1375
2017-07-27, 25.8200, 26.0550, 25.8200, 25.9300, 2701
2017-07-28, 25.8900, 25.9000, 25.8600, 25.9000, 1500
2017-07-31, 25.5556, 25.9200, 25.5556, 25.8700, 6400
2017-08-01, 26.1520, 26.1896, 25.9800, 25.9900, 7745
2017-08-02, 25.9600, 26.0100, 25.9000, 25.9000, 1785
2017-08-03, 25.9900, 26.0300, 25.9300, 25.9700, 1941
2017-08-04, 25.9350, 25.9816, 25.9050, 25.9816, 1100
2017-08-07, 25.7500, 26.0300, 25.7500, 26.0100, 1340
2017-08-08, 25.9800, 25.9800, 25.9000, 25.9000, 4420
2017-08-09, 25.7000, 25.8200, 25.7000, 25.8200, 1400
2017-08-10, 25.7100, 25.7100, 25.5900, 25.5900, 2000
2017-08-11, 25.3000, 25.5500, 25.3000, 25.5450, 2853
2017-08-14, 25.6000, 25.7500, 25.6000, 25.7500, 1700
2017-08-15, 25.6000, 25.6500, 25.5725, 25.5725, 3219
2017-08-16, 25.7600, 25.7600, 25.7525, 25.7525, 2000
2017-08-17, 25.5600, 25.8400, 25.5600, 25.7300, 1450
2017-08-18, 25.6000, 25.6300, 25.6000, 25.6300, 1000
2017-08-21, 25.3800, 25.6128, 25.3800, 25.6128, 2833
2017-08-22, 25.6100, 25.6100, 25.6050, 25.6050, 2000
2017-08-23, 25.4200, 25.6100, 25.4200, 25.5950, 2100
2017-08-24, 25.7400, 25.7400, 25.6600, 25.6600, 2000
2017-08-25, 25.6900, 25.7000, 25.6900, 25.6950, 1000
2017-08-28, 25.8300, 25.8300, 25.7375, 25.7375, 2000
2017-08-29, 25.4200, 25.7300, 25.4200, 25.6875, 4200
2017-08-30, 25.7000, 25.7000, 25.6275, 25.6275, 2000
2017-08-31, 25.5000, 25.8200, 25.5000, 25.8150, 2300
2017-09-01, 26.0000, 26.0000, 25.9000, 25.9250, 2031
2017-09-05, 25.8800, 26.0000, 25.8600, 25.8600, 1731
2017-09-06, 25.9400, 25.9484, 25.9400, 25.9484, 1500
2017-09-07, 26.1800, 26.1800, 26.1575, 26.1575, 2000
2017-09-08, 26.1400, 26.4000, 26.1400, 26.2600, 1788
2017-09-11, 26.4500, 26.4900, 26.4250, 26.4700, 1000
2017-09-12, 26.4200, 26.4800, 26.3800, 26.4500, 3037
2017-09-13, 26.3500, 26.3500, 26.3150, 26.3150, 1020
2017-09-14, 26.2700, 26.2900, 26.2700, 26.2900, 1038
2017-09-15, 26.3900, 26.3900, 26.2100, 26.2100, 1940
2017-09-18, 26.3300, 26.3300, 26.3290, 26.3300, 1100
2017-09-19, 26.4300, 26.4300, 25.8300, 26.3500, 2345
2017-09-20, 26.2200, 26.4600, 26.2200, 26.4600, 1100
2017-09-21, 25.9500, 26.4600, 25.9500, 26.4600, 200
2017-09-22, 26.2100, 26.2100, 26.1700, 26.1700, 796
2017-09-25, 26.1900, 26.2350, 26.1900, 26.2300, 1200
2017-09-26, 26.2100, 26.2100, 25.8900, 25.8900, 1600
2017-09-27, 25.7000, 25.9400, 25.6800, 25.9400, 1900
2017-09-28, 25.8200, 26.1300, 25.7400, 26.1300, 1400
2017-09-29, 26.0400, 26.3500, 26.0200, 26.2300, 2050
2017-10-02, 26.3500, 26.4199, 26.2700, 26.4199, 6750
2017-10-03, 26.4100, 26.4100, 26.4050, 26.4050, 1000
2017-10-04, 26.3800, 26.4400, 26.3800, 26.4000, 1200
2017-10-05, 26.3890, 26.3890, 26.3890, 26.3890, 350
2017-10-06, 25.9800, 26.2800, 25.9800, 26.2800, 515
2017-10-09, 26.4700, 26.4700, 26.4700, 26.4700, 131
2017-10-10, 26.6000, 26.6000, 26.5300, 26.5300, 510
2017-10-11, 26.4900, 26.5999, 26.4900, 26.5999, 900
2017-10-12, 26.4300, 26.6350, 26.3700, 26.4350, 995
2017-10-13, 26.7400, 26.7799, 26.7400, 26.7400, 2238
2017-10-16, 26.4500, 26.4700, 26.4200, 26.4700, 1560
2017-10-17, 26.3300, 26.3300, 26.3000, 26.3000, 1000
2017-10-18, 26.4000, 26.4000, 26.3850, 26.3850, 600
2017-10-19, 26.3600, 26.4099, 26.3534, 26.4099, 802
2017-10-20, 26.3100, 26.3100, 26.3100, 26.3100, 500
2017-10-23, 26.3400, 26.3600, 26.3400, 26.3499, 1150
2017-10-24, 26.3500, 26.3500, 26.3500, 26.3500, 500
2017-10-25, 26.3400, 26.3400, 26.3400, 26.3400, 604
2017-10-26, 26.4100, 26.4100, 26.4100, 26.4100, 500
2017-10-27, 26.4000, 26.4500, 26.4000, 26.4500, 1198
2017-10-30, 26.6100, 26.6100, 26.6100, 26.6100, 500
2017-10-31, 26.5800, 26.6550, 26.5800, 26.6550, 2420
2017-11-01, 26.6900, 26.7000, 26.6900, 26.7000, 500
2017-11-02, 26.5268, 26.5800, 26.5268, 26.5400, 1100
2017-11-03, 26.6800, 26.6800, 26.6000, 26.6000, 662
2017-11-06, 26.7200, 26.7800, 26.6600, 26.7800, 3535
2017-11-07, 26.6700, 26.6800, 26.6700, 26.6800, 500
2017-11-08, 26.6300, 26.6300, 26.6300, 26.6300, 533
2017-11-09, 26.4200, 26.4200, 26.4200, 26.4200, 500
2017-11-10, 26.4800, 26.4800, 26.3400, 26.3400, 1500
2017-11-13, 26.2700, 26.2750, 26.2700, 26.2750, 500
2017-11-14, 26.3200, 26.3200, 26.3200, 26.3200, 500
2017-11-15, 26.0800, 26.1800, 26.0800, 26.1800, 1513
2017-11-16, 26.5200, 26.5200, 26.5200, 26.5200, 500
2017-11-17, 26.5300, 26.5300, 26.5300, 26.5300, 577
2017-11-20, 26.6800, 26.6800, 26.6800, 26.6800, 500
2017-11-21, 26.8300, 26.8300, 26.8299, 26.8299, 1000
2017-11-22, 26.9000, 26.9000, 26.8700, 26.8700, 1500
2017-11-24, 26.8700, 26.8700, 26.8700, 26.8700, 0
2017-11-27, 26.9900, 26.9900, 26.9900, 26.9900, 500
2017-11-28, 26.9199, 26.9450, 26.9199, 26.9450, 1625
2017-11-29, 26.9200, 26.9200, 26.7600, 26.7600, 1000
2017-11-30, 26.7500, 26.7850, 26.6850, 26.7200, 826
2017-12-01, 26.7500, 26.8200, 26.7500, 26.8200, 600
2017-12-04, 26.8100, 26.8300, 26.8100, 26.8300, 500
2017-12-05, 26.6200, 26.6350, 26.6200, 26.6350, 520
2017-12-06, 26.5499, 26.5799, 26.3000, 26.4800, 1900
2017-12-07, 26.5800, 26.6050, 26.5800, 26.6050, 500
2017-12-08, 26.7000, 26.7000, 26.7000, 26.7000, 500
2017-12-11, 26.3800, 26.7550, 26.3800, 26.5300, 800
2017-12-12, 26.6700, 26.6900, 26.5906, 26.6400, 2168
2017-12-13, 26.7800, 26.8300, 26.3301, 26.5210, 2310
2017-12-14, 26.8000, 26.8000, 26.8000, 26.8000, 500
2017-12-15, 26.7700, 26.7700, 26.7700, 26.7700, 537
2017-12-18, 27.1500, 27.1500, 27.1500, 27.1500, 500
2017-12-19, 27.1300, 27.1300, 27.1300, 27.1300, 500
2017-12-20, 27.1799, 27.2000, 27.1799, 27.2000, 800
2017-12-21, 27.0500, 27.0799, 27.0500, 27.0600, 650
2017-12-22, 27.0700, 27.0850, 27.0146, 27.0850, 2080
2017-12-26, 27.1500, 27.1550, 27.1500, 27.1550, 600
2017-12-27, 27.2200, 27.2200, 27.2190, 27.2190, 748
2017-12-28, 27.1800, 27.1800, 27.1800, 27.1800, 550
2017-12-29, 27.2400, 27.2400, 27.2400, 27.2400, 500
2018-01-02, 27.7500, 27.7500, 27.2500, 27.2800, 2779
2018-01-03, 27.4600, 27.5050, 27.4600, 27.5050, 1057
2018-01-04, 27.7900, 27.7950, 27.7799, 27.7799, 1599
2018-01-05, 27.8100, 27.8100, 27.8100, 27.8100, 626
2018-01-08, 27.7300, 27.9150, 27.7300, 27.8600, 2027
2018-01-09, 27.9100, 27.9100, 27.8200, 27.9050, 1150
2018-01-10, 27.8200, 27.8200, 27.7700, 27.8000, 1951
2018-01-11, 27.8900, 27.9599, 27.8900, 27.9599, 2250
2018-01-12, 28.0600, 28.0600, 28.0600, 28.0600, 520
2018-01-16, 28.4600, 28.4600, 28.3700, 28.3700, 750
2018-01-17, 28.2999, 28.3790, 28.2800, 28.3790, 700
2018-01-18, 28.3200, 28.3350, 28.2500, 28.3300, 1126
2018-01-19, 28.5200, 28.5250, 28.4500, 28.5200, 1312
2018-01-22, 28.4900, 28.4950, 28.4900, 28.4950, 506
2018-01-23, 28.6200, 28.6300, 28.6200, 28.6200, 900
2018-01-24, 28.7700, 28.7700, 28.6500, 28.6500, 2787
2018-01-25, 28.6400, 28.6400, 28.4800, 28.4800, 4386
2018-01-26, 29.0300, 29.0300, 28.5599, 28.5800, 710
2018-01-29, 28.5600, 28.5600, 28.0600, 28.4598, 2290
2018-01-30, 28.3500, 28.3500, 28.2299, 28.2299, 2424
2018-01-31, 28.2800, 28.2800, 28.2599, 28.2599, 1100
2018-02-01, 28.2400, 28.2600, 28.2400, 28.2600, 1414
2018-02-02, 27.9100, 27.9100, 27.5000, 27.5000, 1900
2018-02-05, 27.3000, 27.3000, 26.7600, 26.7600, 3178
2018-02-06, 26.4690, 26.9700, 26.4690, 26.9700, 1622
2018-02-07, 26.9499, 26.9499, 26.9299, 26.9300, 3000
2018-02-08, 26.5700, 26.5700, 26.4000, 26.4000, 1100
2018-02-09, 25.9000, 25.9000, 25.5000, 25.5000, 700
2018-02-12, 26.0800, 26.2300, 26.0800, 26.2300, 1100
2018-02-13, 26.0900, 26.1800, 26.0700, 26.1800, 2149
2018-02-14, 26.2900, 26.2900, 26.2900, 26.2900, 500
2018-02-15, 27.0000, 27.0000, 27.0000, 27.0000, 520
2018-02-16, 27.2300, 27.2300, 27.1531, 27.1531, 1700
2018-02-20, 27.0000, 27.0000, 26.8900, 26.9399, 1900
2018-02-21, 27.1600, 27.1600, 27.0100, 27.0200, 1100
2018-02-22, 27.0300, 27.0300, 27.0300, 27.0300, 500
2018-02-23, 27.1600, 27.2700, 27.1600, 27.2700, 1015
2018-02-26, 27.3600, 27.4499, 27.3600, 27.4499, 697
2018-02-27, 27.3400, 27.3400, 27.2600, 27.2600, 2650
2018-02-28, 27.1500, 27.1500, 27.1500, 27.1500, 500
2018-03-01, 26.5900, 26.5900, 26.5900, 26.5900, 500
2018-03-02, 26.2700, 26.3100, 26.2700, 26.3100, 677
2018-03-05, 26.3000, 26.3000, 26.3000, 26.3000, 518
2018-03-06, 27.1900, 27.1900, 26.8200, 26.8200, 2620
2018-03-07, 26.7800, 26.7800, 26.7800, 26.7800, 500
2018-03-08, 27.0500, 27.0500, 27.0500, 27.0500, 500
2018-03-09, 27.1400, 27.1400, 27.1400, 27.1400, 500
2018-03-12, 27.2700, 27.2700, 27.2700, 27.2700, 519
2018-03-13, 27.3800, 27.3800, 27.3800, 27.3800, 500
2018-03-14, 27.2200, 27.2200, 27.1100, 27.1100, 700
2018-03-15, 27.1700, 27.1700, 27.1700, 27.1700, 500
2018-03-16, 27.1300, 27.1300, 27.1300, 27.1300, 574
2018-03-19, 26.9600, 26.9600, 26.9600, 26.9600, 500
2018-03-20, 26.9000, 26.9000, 26.8886, 26.8886, 736
2018-03-21, 26.9300, 26.9300, 26.9300, 26.9300, 500
2018-03-22, 26.6700, 26.7900, 26.6700, 26.7900, 1040
2018-03-23, 26.5600, 26.5900, 26.2250, 26.2700, 5392
2018-03-26, 26.5100, 26.5100, 26.2310, 26.2310, 1064
2018-03-27, 26.7600, 26.7600, 26.3823, 26.3823, 700
2018-03-28, 26.5200, 26.5972, 26.5200, 26.5972, 822
2018-03-29, 26.7600, 26.7600, 26.7600, 26.7600, 500
2018-04-02, 26.5000, 26.5000, 26.5000, 26.5000, 737
2018-04-03, 26.5400, 26.5598, 26.5400, 26.5598, 415
2018-04-04, 26.1500, 26.1500, 26.1500, 26.1500, 215
2018-04-05, 26.6700, 26.6700, 26.1500, 26.1500, 100
2018-04-06, 26.6480, 26.6480, 26.6480, 26.6480, 100
2018-04-09, 26.7900, 26.7900, 26.7900, 26.7900, 500
2018-04-10, 27.0600, 27.0600, 27.0600, 27.0600, 595
2018-04-11, 27.0900, 27.0900, 27.0900, 27.0900, 500
2018-04-12, 27.1100, 27.1100, 27.1100, 27.1100, 500
2018-04-13, 27.1100, 27.1100, 27.1100, 27.1100, 500
2018-04-16, 26.9900, 26.9900, 26.9900, 26.9900, 710
2018-04-17, 27.3100, 27.3100, 27.3100, 27.3100, 500
2018-04-18, 27.5000, 27.5000, 27.5000, 27.5000, 500
2018-04-19, 27.4600, 27.4600, 27.4600, 27.4600, 500
2018-04-20, 27.1900, 27.1900, 27.1900, 27.1900, 500
2018-04-23, 27.1100, 27.1300, 26.9200, 26.9200, 2155
2018-04-24, 27.2300, 27.2300, 27.1161, 27.1500, 4597
2018-04-25, 26.8200, 26.8200, 26.8200, 26.8200, 500
2018-04-26, 27.0600, 27.0600, 27.0600, 27.0600, 500
2018-04-27, 27.1700, 27.1899, 27.1700, 27.1899, 1420
2018-04-30, 27.1600, 27.1600, 27.0300, 27.0400, 3061
2018-05-01, 26.9000, 26.9000, 26.9000, 26.9000, 500
2018-05-02, 27.1200, 27.1200, 27.1200, 27.1200, 500
2018-05-03, 27.0800, 27.0800, 27.0800, 27.0800, 500
2018-05-04, 26.7700, 27.2500, 26.7700, 27.2500, 7975
2018-05-07, 27.2700, 27.2700, 27.1750, 27.1750, 1667
2018-05-08, 27.2500, 27.2600, 27.2500, 27.2600, 600
2018-05-09, 27.2700, 27.4300, 27.2700, 27.4300, 922
2018-05-10, 27.5500, 27.6300, 27.5250, 27.6300, 2309
2018-05-11, 27.8200, 27.8200, 27.7700, 27.7950, 2239
2018-05-14, 27.8700, 27.8700, 27.8200, 27.8250, 2300
2018-05-15, 27.5100, 27.5100, 27.4200, 27.4200, 960
2018-05-16, 27.4200, 27.4300, 27.4200, 27.4200, 1556
2018-05-17, 27.7000, 27.7100, 27.7000, 27.7100, 755
2018-05-18, 27.6600, 27.6700, 27.6600, 27.6700, 699
2018-05-21, 27.8199, 27.8500, 27.6300, 27.8500, 1544
2018-05-22, 27.9600, 27.9600, 27.9600, 27.9600, 500
2018-05-23, 27.4555, 27.5550, 27.4544, 27.5300, 1660
2018-05-24, 27.4500, 27.4500, 27.4500, 27.4500, 500
2018-05-25, 27.4300, 27.4300, 27.4300, 27.4300, 500
2018-05-29, 27.1500, 27.1800, 27.1500, 27.1800, 1045
2018-05-30, 27.1486, 27.3800, 27.1486, 27.3600, 5107
2018-05-31, 27.4200, 27.4200, 27.4200, 27.4200, 500
2018-06-01, 27.6000, 27.6000, 27.6000, 27.6000, 501
2018-06-04, 27.7800, 27.7800, 27.5600, 27.7580, 3290
2018-06-05, 27.8300, 27.8300, 27.7399, 27.7438, 2101
2018-06-06, 27.6900, 27.9500, 27.6900, 27.9500, 900
2018-06-07, 28.0300, 28.0300, 27.8700, 27.8700, 1300
2018-06-08, 27.8400, 27.8420, 27.8100, 27.8420, 1220
2018-06-11, 27.9900, 28.0400, 27.9900, 28.0200, 2100
2018-06-12, 27.9100, 27.9100, 27.8436, 27.8436, 618
2018-06-13, 27.9100, 27.9100, 27.9100, 27.9100, 500
2018-06-14, 27.8000, 27.8000, 27.7248, 27.7248, 785
2018-06-15, 27.3800, 27.3800, 27.3800, 27.3800, 575
2018-06-18, 27.3100, 27.3100, 27.2450, 27.2450, 616
2018-06-19, 26.8400, 26.9400, 26.8400, 26.9400, 793
2018-06-20, 26.9000, 26.9000, 26.9000, 26.9000, 605
2018-06-21, 26.8800, 26.8800, 26.8800, 26.8800, 500
2018-06-22, 27.0200, 27.0500, 27.0200, 27.0500, 1090
2018-06-25, 26.7200, 26.7200, 26.4700, 26.4700, 600
2018-06-26, 26.5000, 26.5800, 26.5000, 26.5800, 1105
2018-06-27, 26.6100, 26.6100, 26.6100, 26.6100, 500
2018-06-28, 26.2100, 26.3600, 26.2100, 26.3600, 700
2018-06-29, 26.6010, 26.6010, 26.6010, 26.6010, 168
2018-07-02, 26.3000, 26.3000, 26.3000, 26.3000, 500
2018-07-03, 26.5600, 26.5600, 26.5600, 26.5600, 501
2018-07-05, 26.4800, 26.4800, 26.3940, 26.3940, 1217
2018-07-06, 26.3800, 26.3800, 26.3800, 26.3800, 500
2018-07-09, 26.7200, 26.8245, 26.7200, 26.8245, 1692
2018-07-10, 26.8500, 26.8500, 26.8499, 26.8499, 692
2018-07-11, 26.9100, 26.9100, 26.4660, 26.6800, 10945
2018-07-12, 26.8700, 26.8900, 26.8700, 26.8900, 2000
2018-07-13, 26.8500, 27.0500, 26.7600, 26.7600, 2460
2018-07-16, 26.8688, 26.8688, 26.8688, 26.8688, 200
2018-07-17, 26.9999, 27.0400, 26.9999, 27.0400, 1235
2018-07-18, 27.2200, 27.2900, 27.0700, 27.2900, 5792
2018-07-19, 27.2900, 27.2900, 27.2900, 27.2900, 0
2018-07-20, 27.2900, 27.2900, 27.2900, 27.2900, 0
2018-07-23, 26.9600, 26.9900, 26.9600, 26.9900, 1000
2018-07-24, 27.2500, 27.2500, 27.1295, 27.1295, 1499
2018-07-25, 27.0700, 27.1000, 27.0700, 27.1000, 2100
2018-07-26, 27.1000, 27.4000, 27.0800, 27.3850, 3721
2018-07-27, 27.2210, 27.2210, 27.2210, 27.2210, 200
2018-07-30, 27.3200, 27.3200, 27.3200, 27.3200, 400
2018-07-31, 27.3300, 27.3300, 27.1050, 27.1050, 1000
2018-08-01, 27.2600, 27.2600, 27.0550, 27.0550, 789
2018-08-02, 27.0200, 27.0200, 27.0200, 27.0200, 500
2018-08-03, 27.0200, 27.0200, 27.0200, 27.0200, 500
2018-08-06, 26.8750, 27.0500, 26.8750, 27.0500, 798
2018-08-07, 27.2500, 27.2500, 27.2500, 27.2500, 500
2018-08-08, 27.0600, 27.2700, 27.0600, 27.2700, 3500
2018-08-09, 27.4000, 27.4000, 27.4000, 27.4000, 500
2018-08-10, 27.4000, 27.4000, 27.4000, 27.4000, 0
2018-08-13, 26.6200, 26.6200, 26.5064, 26.5064, 700
2018-08-14, 26.5300, 26.5385, 26.4616, 26.4616, 2100
2018-08-15, 26.2100, 26.2100, 26.1000, 26.1000, 1840
2018-08-16, 26.4300, 26.4300, 26.4300, 26.4300, 500
2018-08-17, 26.3600, 26.3600, 26.0831, 26.0831, 701
2018-08-20, 26.5800, 26.5800, 26.2801, 26.4450, 1873
2018-08-21, 26.7301, 26.7301, 26.6840, 26.7100, 1455
2018-08-22, 26.9000, 26.9000, 26.9000, 26.9000, 500
2018-08-23, 26.8400, 26.8400, 26.8400, 26.8400, 507
2018-08-24, 26.2000, 26.8600, 26.2000, 26.8600, 651
2018-08-27, 27.1600, 27.2600, 27.1600, 27.2600, 1053
2018-08-28, 27.3000, 27.3000, 27.3000, 27.3000, 500
2018-08-29, 27.3200, 27.3200, 27.2564, 27.2900, 1900
2018-08-30, 27.2900, 27.2900, 27.2900, 27.2900, 0
2018-08-31, 27.0600, 27.0600, 26.9400, 26.9400, 753
2018-09-04, 26.7100, 26.7900, 26.7100, 26.7900, 1858
2018-09-05, 26.3300, 26.5500, 26.3300, 26.5499, 1200
2018-09-06, 26.0200, 26.0200, 26.0200, 26.0200, 610
2018-09-07, 26.0500, 26.0500, 26.0500, 26.0500, 500
2018-09-10, 26.0500, 26.0500, 26.0500, 26.0500, 0
2018-09-11, 26.0000, 26.0400, 26.0000, 26.0300, 800
2018-09-12, 26.0500, 26.0500, 26.0500, 26.0500, 1000
2018-09-13, 26.4100, 26.4100, 26.2192, 26.2192, 1000
2018-09-14, 26.5100, 26.5100, 26.3977, 26.3977, 726
2018-09-17, 26.3980, 26.3980, 26.3980, 26.3980, 0
2018-09-18, 26.5100, 26.5100, 26.5100, 26.5100, 500
2018-09-19, 26.4911, 26.4911, 26.4911, 26.4911, 255
2018-09-20, 26.7600, 26.7600, 26.7600, 26.7600, 501
2018-09-21, 26.9000, 26.9000, 26.8050, 26.8050, 750
2018-09-24, 26.8130, 26.8130, 26.8130, 26.8130, 700
2018-09-25, 26.8130, 26.8130, 26.8130, 26.8130, 2
2018-09-26, 26.9100, 27.0499, 26.9100, 27.0499, 13127
2018-09-27, 26.8473, 26.9300, 26.8473, 26.9300, 372
2018-09-28, 26.9300, 26.9300, 26.9300, 26.9300, 0
2018-10-01, 26.9300, 26.9300, 26.9300, 26.9300, 3
2018-10-02, 26.9300, 26.9300, 26.9300, 26.9300, 2
2018-10-03, 26.9300, 26.9300, 26.9300, 26.9300, 2
2018-10-04, 26.2480, 26.2480, 26.2480, 26.2480, 300
2018-10-05, 26.2484, 26.2484, 26.2484, 26.2484, 90
2018-10-08, 25.6400, 25.7500, 25.6400, 25.7500, 702
2018-10-09, 25.6600, 25.6600, 25.6600, 25.6600, 123
2018-10-10, 25.0100, 25.0100, 25.0100, 25.0100, 500
2018-10-11, 24.5853, 24.7000, 24.5853, 24.7000, 701
2018-10-12, 24.7200, 24.7200, 24.7200, 24.7200, 588
2018-10-15, 24.6400, 24.6400, 24.6400, 24.6400, 505
2018-10-16, 24.9600, 24.9600, 24.8900, 24.8900, 2402
2018-10-17, 25.0000, 25.0000, 25.0000, 25.0000, 500
2018-10-18, 25.0000, 25.0000, 25.0000, 25.0000, 2
2018-10-19, 24.5800, 24.5800, 24.3900, 24.4000, 902
2018-10-22, 24.4300, 24.4353, 24.4300, 24.4353, 912
2018-10-23, 23.9500, 24.7200, 23.9500, 24.7200, 1500
2018-10-24, 24.0100, 24.0100, 24.0100, 24.0100, 500
2018-10-25, 23.7300, 23.7500, 23.7300, 23.7300, 1510
2018-10-26, 23.1800, 23.1800, 23.1700, 23.1800, 600
2018-10-29, 23.4300, 23.4900, 23.2755, 23.2755, 800
2018-10-30, 23.5200, 23.5200, 23.5200, 23.5200, 500
2018-10-31, 23.9200, 23.9200, 23.9200, 23.9200, 501
2018-11-01, 23.9200, 24.0500, 23.9200, 24.0300, 1641
2018-11-02, 24.4400, 24.4400, 24.4400, 24.4400, 570
2018-11-05, 24.2600, 24.2600, 24.2600, 24.2600, 500
2018-11-06, 24.3700, 24.3700, 24.1700, 24.1700, 1400
2018-11-07, 24.5900, 24.5900, 24.5900, 24.5900, 501
2018-11-08, 24.6900, 24.6900, 24.6900, 24.6900, 502
2018-11-09, 24.1600, 24.1600, 24.0600, 24.0600, 600
