2011-03-23, 40.0200, 40.0200, 40.0200, 40.0200, 100
2011-03-24, 40.0200, 40.0200, 40.0200, 40.0200, 0
2011-03-25, 40.4300, 40.4300, 40.4300, 40.4300, 200
2011-03-28, 40.4300, 40.4300, 40.4300, 40.4300, 600
2011-03-29, 40.4300, 40.4300, 40.4300, 40.4300, 0
2011-03-30, 40.6200, 40.6200, 40.6200, 40.6200, 100
2011-03-31, 40.2400, 40.5500, 40.2400, 40.4400, 22700
2011-04-01, 40.5200, 40.7400, 40.2200, 40.2200, 40400
2011-04-04, 40.1598, 40.1598, 40.1598, 40.1598, 600
2011-04-05, 40.1598, 40.1598, 40.1598, 40.1598, 0
2011-04-06, 40.6400, 40.6400, 40.6400, 40.6400, 500
2011-04-07, 40.9800, 41.1000, 40.8800, 41.0892, 10549
2011-04-08, 41.2600, 41.2800, 41.1200, 41.2500, 3520
2011-04-11, 41.2500, 41.2554, 41.1300, 41.1300, 4100
2011-04-12, 40.7301, 40.7301, 40.7100, 40.7100, 300
2011-04-13, 40.7100, 40.7100, 40.7100, 40.7100, 0
2011-04-14, 40.5200, 40.5200, 40.5000, 40.5000, 400
2011-04-15, 40.5000, 40.5000, 40.5000, 40.5000, 0
2011-04-18, 40.1400, 40.1400, 39.9600, 39.9600, 2400
2011-04-19, 39.9600, 39.9600, 39.9600, 39.9600, 0
2011-04-20, 39.9600, 39.9600, 39.9600, 39.9600, 0
2011-04-21, 39.9600, 39.9600, 39.9600, 39.9600, 0
2011-04-25, 39.9200, 39.9200, 39.9200, 39.9200, 1000
2011-04-26, 39.7300, 39.7300, 39.5300, 39.5700, 127316
2011-04-27, 39.6300, 39.6600, 39.6270, 39.6270, 6050
2011-04-28, 39.7400, 39.7400, 39.6300, 39.6300, 5700
2011-04-29, 39.6400, 39.6500, 39.6400, 39.6500, 700
2011-05-02, 39.4000, 39.4000, 39.4000, 39.4000, 100
2011-05-03, 39.2600, 39.3600, 39.2600, 39.3600, 2500
2011-05-04, 38.9400, 38.9500, 38.9400, 38.9400, 3000
2011-05-05, 38.8100, 38.8100, 38.8100, 38.8100, 1800
2011-05-06, 38.6300, 38.7400, 38.6200, 38.7400, 3100
2011-05-09, 38.7900, 38.7900, 38.7900, 38.7900, 100
2011-05-10, 38.8500, 39.0400, 38.8500, 39.0400, 16400
2011-05-11, 39.0700, 39.1200, 38.8280, 38.8280, 10280
2011-05-12, 38.8400, 39.1062, 38.8400, 39.1062, 350
2011-05-13, 38.9500, 38.9500, 38.7562, 38.9100, 8074
2011-05-16, 38.5000, 38.5000, 38.5000, 38.5000, 250
2011-05-17, 38.3200, 38.4000, 38.2000, 38.2500, 3881
2011-05-18, 38.2500, 38.2500, 38.2500, 38.2500, 0
2011-05-19, 39.0200, 39.0200, 38.7600, 38.7600, 1910
2011-05-20, 38.6900, 38.6900, 38.6360, 38.6400, 3308
2011-05-23, 38.5000, 38.5000, 38.4200, 38.4500, 4739
2011-05-24, 38.4500, 38.4500, 38.4500, 38.4500, 200
2011-05-25, 38.5000, 38.5000, 38.5000, 38.5000, 1400
2011-05-26, 38.2400, 38.2400, 38.1700, 38.1700, 300
2011-05-27, 38.3900, 38.3900, 38.3900, 38.3900, 100
2011-05-31, 38.2600, 38.3400, 38.0500, 38.0500, 1800
2011-06-01, 37.6500, 37.6736, 37.6500, 37.6736, 1100
2011-06-02, 37.9500, 38.1800, 37.9500, 38.1800, 1100
2011-06-03, 38.0300, 38.2900, 38.0300, 38.0962, 1486
2011-06-06, 38.4200, 38.4500, 38.4200, 38.4500, 200
2011-06-07, 38.4393, 38.5300, 38.4393, 38.5300, 300
2011-06-08, 38.0893, 38.0893, 37.9216, 37.9216, 1225
2011-06-09, 38.0800, 38.0800, 38.0800, 38.0800, 1000
2011-06-10, 38.0800, 38.0800, 38.0800, 38.0800, 0
2011-06-13, 37.7800, 37.8552, 37.7600, 37.8552, 300
2011-06-14, 37.8552, 37.8552, 37.8552, 37.8552, 0
2011-06-15, 38.3200, 38.3200, 38.3100, 38.3100, 11400
2011-06-16, 37.7000, 37.7400, 37.7000, 37.7400, 2300
2011-06-17, 37.7300, 37.7300, 37.7300, 37.7300, 1000
2011-06-20, 37.7400, 37.7400, 37.7400, 37.7400, 100
2011-06-21, 37.7400, 37.7400, 37.7400, 37.7400, 0
2011-06-22, 37.7900, 37.7900, 37.7900, 37.7900, 157
2011-06-23, 37.7900, 37.7900, 37.7900, 37.7900, 0
2011-06-24, 37.7900, 37.7900, 37.7900, 37.7900, 0
2011-06-27, 37.8700, 38.2000, 37.8700, 38.2000, 300
2011-06-28, 38.2890, 38.5200, 38.2890, 38.5200, 300
2011-06-29, 38.7735, 39.0700, 38.6900, 39.0700, 1712
2011-06-30, 39.1120, 39.1120, 38.7700, 38.9000, 5214
2011-07-01, 38.8800, 38.8901, 38.8800, 38.8901, 1100
2011-07-05, 38.7100, 38.8300, 38.7100, 38.8300, 480
2011-07-06, 38.7200, 38.7300, 38.6400, 38.6700, 2480
2011-07-07, 38.9100, 38.9800, 38.7800, 38.7800, 5773
2011-07-08, 38.3800, 38.3852, 38.1844, 38.1844, 9060
2011-07-11, 37.7100, 37.7100, 37.7000, 37.7100, 2000
2011-07-12, 37.5900, 37.7400, 37.5900, 37.7400, 3100
2011-07-13, 37.7400, 37.7400, 37.7400, 37.7400, 0
2011-07-14, 37.7500, 37.9700, 37.5300, 37.9700, 2118
2011-07-15, 38.2700, 38.2700, 37.9300, 37.9300, 1050
2011-07-18, 37.9300, 37.9300, 37.9300, 37.9300, 0
2011-07-19, 37.9300, 37.9300, 37.9300, 37.9300, 0
2011-07-20, 37.9300, 37.9300, 37.9300, 37.9300, 0
2011-07-21, 38.2100, 38.2800, 38.1600, 38.1600, 2600
2011-07-22, 37.9999, 38.0000, 37.9000, 37.9000, 548
2011-07-25, 38.3000, 38.3000, 37.9500, 37.9500, 200
2011-07-26, 38.0600, 38.0600, 37.9760, 38.0060, 920
2011-07-27, 38.0060, 38.0060, 38.0060, 38.0060, 0
2011-07-28, 37.7900, 37.8963, 37.7900, 37.8963, 1550
2011-07-29, 37.1000, 37.1000, 37.1000, 37.1000, 200
2011-08-01, 37.1200, 37.1600, 37.1200, 37.1200, 7900
2011-08-02, 37.1200, 37.1200, 37.1200, 37.1200, 0
2011-08-03, 37.1200, 37.1200, 37.1200, 37.1200, 0
2011-08-04, 37.1200, 37.1200, 37.1200, 37.1200, 0
2011-08-05, 35.1000, 35.1000, 35.1000, 35.1000, 100
2011-08-08, 34.7600, 34.7600, 34.2600, 34.2600, 1200
2011-08-09, 34.3700, 34.5400, 33.0900, 33.0900, 2300
2011-08-10, 33.3800, 33.3800, 33.2700, 33.2793, 700
2011-08-11, 33.2793, 33.2793, 33.2793, 33.2793, 0
2011-08-12, 34.1665, 34.1800, 34.0568, 34.0800, 1700
2011-08-15, 34.0800, 34.0800, 34.0800, 34.0800, 0
2011-08-16, 34.0800, 34.0800, 34.0800, 34.0800, 100
2011-08-17, 33.2710, 33.2710, 33.2710, 33.2710, 400
2011-08-18, 32.3800, 32.3800, 32.1800, 32.1800, 650
2011-08-19, 32.3400, 32.3400, 32.2400, 32.2400, 700
2011-08-22, 32.2400, 32.2400, 32.2400, 32.2400, 0
2011-08-23, 32.2400, 32.2400, 32.2400, 32.2400, 400
2011-08-24, 33.4400, 33.4600, 33.4400, 33.4600, 1632
2011-08-25, 33.4410, 33.4410, 33.4410, 33.4410, 449
2011-08-26, 32.9900, 33.0200, 32.9700, 33.0200, 400
2011-08-29, 33.5000, 33.5000, 33.5000, 33.5000, 100
2011-08-30, 32.9405, 32.9405, 32.9405, 32.9405, 250
2011-08-31, 32.9405, 32.9405, 32.9405, 32.9405, 0
2011-09-01, 32.9405, 32.9405, 32.9405, 32.9405, 0
2011-09-02, 32.0300, 32.0300, 31.9200, 31.9200, 629
2011-09-06, 31.9200, 31.9200, 31.9200, 31.9200, 0
2011-09-07, 31.9100, 31.9100, 31.9100, 31.9100, 1000
2011-09-08, 31.9132, 31.9132, 31.9132, 31.9132, 400
2011-09-09, 31.5700, 31.5748, 31.5700, 31.5748, 1100
2011-09-12, 31.5748, 31.5748, 31.5748, 31.5748, 0
2011-09-13, 31.5200, 31.5940, 31.5200, 31.5940, 600
2011-09-14, 31.5100, 31.5100, 31.5100, 31.5100, 100
2011-09-15, 31.5100, 31.5100, 31.5100, 31.5100, 0
2011-09-16, 31.5100, 31.5100, 31.5100, 31.5100, 0
2011-09-19, 31.0800, 31.0800, 31.0700, 31.0700, 300
2011-09-20, 31.0400, 31.0400, 31.0400, 31.0400, 350
2011-09-21, 30.1400, 30.2500, 30.1100, 30.1100, 2200
2011-09-22, 29.1599, 29.1599, 28.7895, 28.7895, 425
2011-09-23, 28.7895, 28.7895, 28.7895, 28.7895, 0
2011-09-26, 29.5099, 29.5099, 29.5099, 29.5099, 100
2011-09-27, 29.5099, 29.5099, 29.5099, 29.5099, 0
2011-09-28, 29.5099, 29.5099, 29.5099, 29.5099, 0
2011-09-29, 30.1400, 30.1400, 29.8860, 29.8860, 1500
2011-09-30, 29.8860, 29.8860, 29.8860, 29.8860, 0
2011-10-03, 29.8860, 29.8860, 29.8860, 29.8860, 0
2011-10-04, 28.7100, 28.7400, 28.6186, 28.6186, 1039
2011-10-05, 29.1700, 29.1700, 29.1700, 29.1700, 100
2011-10-06, 29.4000, 29.4000, 29.4000, 29.4000, 1000
2011-10-07, 29.9800, 30.0000, 29.9800, 30.0000, 250
2011-10-10, 30.3300, 30.3300, 30.3300, 30.3300, 200
2011-10-11, 30.3700, 30.3700, 30.3700, 30.3700, 200
2011-10-12, 30.3700, 30.3700, 30.3700, 30.3700, 0
2011-10-13, 30.4500, 30.5000, 30.4500, 30.5000, 600
2011-10-14, 30.8900, 30.8900, 30.8100, 30.8100, 300
2011-10-17, 30.8100, 30.8100, 30.8100, 30.8100, 0
2011-10-18, 30.8100, 30.8100, 30.8100, 30.8100, 0
2011-10-19, 30.5400, 30.5400, 30.5400, 30.5400, 100
2011-10-20, 30.5400, 30.5400, 30.5400, 30.5400, 0
2011-10-21, 30.9300, 30.9408, 30.9300, 30.9408, 425
2011-10-24, 30.9700, 30.9700, 30.9700, 30.9700, 100
2011-10-25, 30.9700, 30.9700, 30.9700, 30.9700, 0
2011-10-26, 30.3900, 30.4800, 30.3500, 30.4600, 7200
2011-10-27, 31.3300, 31.5100, 31.3300, 31.5100, 1401
2011-10-28, 31.4300, 31.4470, 31.4300, 31.4460, 1700
2011-10-31, 31.2100, 31.5100, 31.2100, 31.5100, 200
2011-11-01, 31.5100, 31.5100, 31.5100, 31.5100, 0
2011-11-02, 29.8100, 29.8100, 29.5420, 29.5420, 660
2011-11-03, 29.8500, 29.8500, 29.8500, 29.8500, 200
2011-11-04, 29.8500, 29.8500, 29.8500, 29.8500, 200
2011-11-07, 29.8500, 29.8500, 29.8500, 29.8500, 0
2011-11-08, 29.8200, 29.8200, 29.8200, 29.8200, 200
2011-11-09, 29.5200, 29.5200, 29.4800, 29.4800, 510
2011-11-10, 29.6676, 30.1700, 29.6676, 30.1700, 550
2011-11-11, 30.1700, 30.1700, 30.1700, 30.1700, 0
2011-11-14, 30.1700, 30.1700, 30.1700, 30.1700, 0
2011-11-15, 29.6600, 29.6600, 29.6600, 29.6600, 100
2011-11-16, 29.6600, 29.6600, 29.6600, 29.6600, 0
2011-11-17, 29.4200, 29.4200, 29.0800, 29.1800, 2200
2011-11-18, 29.2100, 29.3000, 29.2100, 29.3000, 200
2011-11-21, 28.9000, 28.9000, 28.9000, 28.9000, 200
2011-11-22, 28.9400, 28.9700, 28.9200, 28.9700, 300
2011-11-23, 28.9700, 28.9700, 28.9700, 28.9700, 0
2011-11-25, 28.9700, 28.9700, 28.9700, 28.9700, 0
2011-11-28, 29.3000, 29.3000, 29.0900, 29.0900, 2000
2011-11-29, 29.0460, 29.0460, 28.9100, 28.9100, 210
2011-11-30, 29.4200, 29.5100, 29.4200, 29.5100, 200
2011-12-01, 29.7500, 29.7500, 29.7500, 29.7500, 100
2011-12-02, 29.4600, 29.4600, 29.4600, 29.4600, 200
2011-12-05, 29.3800, 29.3800, 29.3800, 29.3800, 100
2011-12-06, 29.4200, 29.4800, 29.4200, 29.4800, 200
2011-12-07, 29.6610, 29.6610, 29.5300, 29.5300, 200
2011-12-08, 29.2600, 29.2600, 29.1000, 29.1000, 200
2011-12-09, 29.2900, 29.6100, 29.2900, 29.6100, 800
2011-12-12, 29.3600, 29.3600, 29.3201, 29.3201, 600
2011-12-13, 29.3201, 29.3201, 29.3201, 29.3201, 0
2011-12-14, 28.7700, 28.8600, 28.5000, 28.5600, 800
2011-12-15, 28.7288, 28.7288, 28.7288, 28.7288, 205
2011-12-16, 28.3200, 28.3700, 28.3100, 28.3700, 300
2011-12-19, 28.3700, 28.3700, 28.3700, 28.3700, 0
2011-12-20, 28.3700, 28.3700, 28.3700, 28.3700, 0
2011-12-21, 28.3700, 28.3700, 28.3700, 28.3700, 0
2011-12-22, 28.9000, 28.9000, 28.9000, 28.9000, 200
2011-12-23, 28.9000, 28.9000, 28.9000, 28.9000, 0
2011-12-27, 28.9000, 28.9000, 28.9000, 28.9000, 0
2011-12-28, 28.9000, 28.9000, 28.9000, 28.9000, 0
2011-12-29, 28.9000, 28.9000, 28.9000, 28.9000, 0
2011-12-30, 28.3400, 28.3400, 28.3400, 28.3400, 100
2012-01-03, 28.3400, 28.3400, 28.3400, 28.3400, 0
2012-01-04, 28.3400, 28.3400, 28.3400, 28.3400, 0
2012-01-05, 29.1100, 29.1900, 29.1100, 29.1900, 900
2012-01-06, 29.1900, 29.1900, 29.1900, 29.1900, 0
2012-01-09, 29.1900, 29.1900, 29.1900, 29.1900, 0
2012-01-10, 29.2000, 29.2000, 29.2000, 29.2000, 200
2012-01-11, 29.2000, 29.2000, 29.2000, 29.2000, 0
2012-01-12, 29.2000, 29.2000, 29.2000, 29.2000, 0
2012-01-13, 29.2000, 29.2000, 29.2000, 29.2000, 0
2012-01-17, 29.2000, 29.2000, 29.2000, 29.2000, 0
2012-01-18, 29.2000, 29.2000, 29.2000, 29.2000, 0
2012-01-19, 29.1000, 29.1000, 29.1000, 29.1000, 500
2012-01-20, 29.1000, 29.1000, 29.1000, 29.1000, 0
2012-01-23, 29.6100, 29.6500, 29.6100, 29.6500, 350
2012-01-24, 29.6500, 29.6500, 29.6500, 29.6500, 0
2012-01-25, 29.6500, 29.6500, 29.6500, 29.6500, 0
2012-01-26, 29.6500, 29.6500, 29.6500, 29.6500, 0
2012-01-27, 29.6500, 29.6500, 29.6500, 29.6500, 0
2012-01-30, 29.6500, 29.6500, 29.6500, 29.6500, 0
2012-01-31, 29.6500, 29.6500, 29.6500, 29.6500, 0
2012-02-01, 28.7400, 28.8084, 28.7400, 28.8084, 350
2012-02-02, 28.8084, 28.8084, 28.8084, 28.8084, 0
2012-02-03, 29.3316, 29.3316, 29.3316, 29.3316, 250
2012-02-06, 29.1360, 29.1373, 29.1360, 29.1373, 200
2012-02-07, 29.4884, 29.4884, 29.4884, 29.4884, 250
2012-02-08, 29.4884, 29.4884, 29.4884, 29.4884, 0
2012-02-09, 29.6716, 29.6716, 29.6600, 29.6600, 750
2012-02-10, 29.6600, 29.6600, 29.6600, 29.6600, 0
2012-02-13, 29.6600, 29.6600, 29.6600, 29.6600, 0
2012-02-14, 29.1279, 29.1279, 29.1279, 29.1279, 100
2012-02-15, 29.1279, 29.1279, 29.1279, 29.1279, 0
2012-02-16, 29.1300, 29.1300, 28.0200, 28.0200, 400
2012-02-17, 28.0200, 28.0200, 28.0200, 28.0200, 0
2012-02-21, 28.0200, 28.0200, 28.0200, 28.0200, 0
2012-02-22, 28.0200, 28.0200, 28.0200, 28.0200, 0
2012-02-23, 28.0200, 28.0200, 28.0200, 28.0200, 0
2012-02-24, 28.0200, 28.0200, 28.0200, 28.0200, 0
2012-02-27, 28.0200, 28.0200, 28.0200, 28.0200, 0
2012-02-28, 28.0200, 28.0200, 28.0200, 28.0200, 0
2012-02-29, 28.0200, 28.0200, 28.0200, 28.0200, 0
2012-03-01, 28.0200, 28.0200, 28.0200, 28.0200, 0
2012-03-02, 28.0200, 28.0200, 28.0200, 28.0200, 0
2012-03-05, 28.0200, 28.0200, 28.0200, 28.0200, 0
2012-03-06, 28.0200, 28.0200, 28.0200, 28.0200, 0
2012-03-07, 28.0200, 28.0200, 28.0200, 28.0200, 0
2012-03-08, 28.0200, 28.0200, 28.0200, 28.0200, 0
2012-03-09, 28.0200, 28.0200, 28.0200, 28.0200, 0
2012-03-12, 29.3700, 29.4300, 29.3700, 29.4300, 1000
2012-03-13, 29.4300, 29.4300, 29.4300, 29.4300, 0
2012-03-14, 30.5790, 30.5790, 30.5790, 30.5790, 200
2012-03-15, 30.5799, 30.6100, 30.5799, 30.6100, 300
2012-03-16, 30.6100, 30.6100, 30.6100, 30.6100, 0
2012-03-19, 30.6100, 30.6100, 30.6100, 30.6100, 0
2012-03-20, 30.8900, 30.8900, 30.8900, 30.8900, 200
2012-03-21, 30.8000, 30.8000, 30.5500, 30.5500, 750
2012-03-22, 30.5500, 30.5500, 30.5500, 30.5500, 0
2012-03-23, 30.5500, 30.5500, 30.5500, 30.5500, 0
2012-03-26, 30.5500, 30.5500, 30.5500, 30.5500, 0
2012-03-27, 30.5500, 30.5500, 30.5500, 30.5500, 0
2012-03-28, 29.9900, 30.0400, 29.9699, 30.0400, 4197
2012-03-29, 29.9200, 29.9200, 29.9200, 29.9200, 100
2012-03-30, 29.9200, 29.9200, 29.9200, 29.9200, 0
2012-04-02, 29.9200, 29.9200, 29.9200, 29.9200, 0
2012-04-03, 29.9200, 29.9200, 29.9200, 29.9200, 0
2012-04-04, 30.2800, 30.4900, 30.2600, 30.4900, 2455
2012-04-05, 29.9900, 30.1000, 29.9900, 30.1000, 200
2012-04-09, 29.4600, 29.6000, 29.4600, 29.6000, 5900
2012-04-10, 29.4600, 29.4600, 29.0000, 29.0000, 2200
2012-04-11, 29.0000, 29.0000, 29.0000, 29.0000, 0
2012-04-12, 29.1400, 29.1400, 29.1400, 29.1400, 200
2012-04-13, 29.1400, 29.1400, 29.1400, 29.1400, 0
2012-04-16, 29.1400, 29.1400, 29.1400, 29.1400, 0
2012-04-17, 29.1400, 29.1400, 29.1400, 29.1400, 0
2012-04-18, 29.1400, 29.1400, 29.1400, 29.1400, 0
2012-04-19, 29.1400, 29.1400, 29.1400, 29.1400, 0
2012-04-20, 29.0700, 29.0700, 29.0700, 29.0700, 200
2012-04-23, 29.0700, 29.0700, 29.0700, 29.0700, 0
2012-04-24, 29.0700, 29.0700, 29.0700, 29.0700, 0
2012-04-25, 29.0700, 29.0700, 29.0700, 29.0700, 0
2012-04-26, 29.0700, 29.0700, 29.0700, 29.0700, 0
2012-04-27, 29.0700, 29.0700, 29.0700, 29.0700, 0
2012-04-30, 29.0700, 29.0700, 29.0700, 29.0700, 0
2012-05-01, 29.2000, 29.2100, 29.0000, 29.0100, 4200
2012-05-02, 29.0100, 29.0100, 29.0100, 29.0100, 0
2012-05-03, 28.8300, 28.8300, 28.8100, 28.8100, 2100
2012-05-04, 28.8100, 28.8100, 28.4600, 28.4700, 4122
2012-05-07, 28.7700, 28.7700, 28.7700, 28.7700, 100
2012-05-08, 28.2900, 28.3100, 28.2900, 28.3100, 600
2012-05-09, 28.3100, 28.3100, 28.3100, 28.3100, 350
2012-05-10, 28.4700, 28.4700, 28.4700, 28.4700, 100
2012-05-11, 28.2600, 28.2600, 28.1300, 28.1300, 900
2012-05-14, 28.1300, 28.1300, 28.1300, 28.1300, 0
2012-05-15, 27.7900, 27.7900, 27.7900, 27.7900, 500
2012-05-16, 27.8400, 27.8400, 27.8400, 27.8400, 1000
2012-05-17, 27.4000, 27.4000, 27.3800, 27.3800, 400
2012-05-18, 27.0700, 27.1600, 27.0300, 27.1600, 1209
2012-05-21, 27.3200, 27.3200, 27.2000, 27.2000, 700
2012-05-22, 27.8000, 27.8000, 27.8000, 27.8000, 100
2012-05-23, 27.3800, 27.3800, 27.3800, 27.3800, 100
2012-05-24, 27.3800, 27.3800, 27.3800, 27.3800, 0
2012-05-25, 27.3800, 27.3800, 27.3800, 27.3800, 0
2012-05-29, 27.3800, 27.3800, 27.3800, 27.3800, 1439
2012-05-30, 27.3800, 27.3800, 27.3800, 27.3800, 0
2012-05-31, 26.5890, 26.6000, 25.0300, 26.1900, 27731
2012-06-01, 25.8400, 26.0100, 25.7300, 25.7300, 3200
2012-06-04, 25.7500, 25.8045, 25.5900, 25.7400, 14304
2012-06-05, 25.9400, 26.2800, 25.9400, 26.2800, 870
2012-06-06, 26.2200, 26.6000, 26.2200, 26.4700, 666
2012-06-07, 26.9480, 26.9480, 26.7600, 26.7600, 450
2012-06-08, 26.3800, 26.6500, 26.3800, 26.6500, 2274
2012-06-11, 26.8000, 26.8000, 26.8000, 26.8000, 700
2012-06-12, 26.8000, 26.8000, 26.8000, 26.8000, 200
2012-06-13, 26.8000, 26.8000, 26.8000, 26.8000, 0
2012-06-14, 26.9600, 26.9600, 26.4300, 26.4400, 920
2012-06-15, 26.7300, 26.7300, 26.7300, 26.7300, 120
2012-06-18, 26.6700, 26.6700, 26.6000, 26.6000, 1300
2012-06-19, 26.6000, 26.6000, 26.6000, 26.6000, 0
2012-06-20, 26.6000, 26.6000, 26.6000, 26.6000, 0
2012-06-21, 26.6000, 26.6000, 26.6000, 26.6000, 0
2012-06-22, 26.6000, 26.6000, 26.6000, 26.6000, 0
2012-06-25, 26.4200, 26.4700, 26.4100, 26.4300, 5700
2012-06-26, 26.4800, 26.5100, 26.4600, 26.4600, 600
2012-06-27, 26.4600, 26.4600, 26.4600, 26.4600, 0
2012-06-28, 26.4600, 26.4600, 26.4600, 26.4600, 0
2012-06-29, 26.7401, 26.7401, 26.7401, 26.7401, 200
2012-07-02, 26.7401, 26.7401, 26.7401, 26.7401, 0
2012-07-03, 26.6400, 26.6700, 26.6399, 26.6700, 4900
2012-07-05, 26.6700, 26.6700, 26.6700, 26.6700, 0
2012-07-06, 26.3000, 26.3100, 26.2955, 26.2955, 2600
2012-07-09, 26.1099, 26.1099, 26.1099, 26.1099, 400
2012-07-10, 26.1099, 26.1099, 26.1099, 26.1099, 0
2012-07-11, 25.9600, 25.9700, 25.9600, 25.9700, 826
2012-07-12, 25.9400, 25.9400, 25.8300, 25.8300, 1692
2012-07-13, 25.8801, 25.8801, 25.8801, 25.8801, 200
2012-07-16, 25.8801, 25.8801, 25.8801, 25.8801, 0
2012-07-17, 25.9300, 26.0300, 25.7700, 25.9000, 2673
2012-07-18, 25.9000, 25.9000, 25.9000, 25.9000, 0
2012-07-19, 26.0000, 26.0000, 26.0000, 26.0000, 500
2012-07-20, 25.6800, 25.6877, 25.6800, 25.6877, 230
2012-07-23, 25.5400, 25.5600, 25.5399, 25.5599, 3000
2012-07-24, 25.3451, 25.3467, 25.3300, 25.3300, 2262
2012-07-25, 25.3100, 25.3100, 25.3100, 25.3100, 125
2012-07-26, 25.3100, 25.3101, 25.3000, 25.3001, 1552
2012-07-27, 25.3001, 25.3001, 25.3001, 25.3001, 0
2012-07-30, 25.3001, 25.3001, 25.3001, 25.3001, 0
2012-07-31, 25.7300, 25.8630, 25.7300, 25.8630, 695
2012-08-01, 25.8630, 25.8630, 25.8630, 25.8630, 0
2012-08-02, 25.8630, 25.8630, 25.8630, 25.8630, 0
2012-08-03, 25.8630, 25.8630, 25.8630, 25.8630, 0
2012-08-06, 26.0300, 26.0300, 26.0300, 26.0300, 100
2012-08-07, 26.0300, 26.0300, 26.0300, 26.0300, 0
2012-08-08, 26.0300, 26.0300, 26.0300, 26.0300, 0
2012-08-09, 26.0300, 26.0300, 26.0300, 26.0300, 0
2012-08-10, 26.0300, 26.0300, 26.0300, 26.0300, 0
2012-08-13, 26.0300, 26.0300, 26.0300, 26.0300, 0
2012-08-14, 26.0300, 26.0300, 26.0300, 26.0300, 0
2012-08-15, 27.1660, 27.1660, 27.1660, 27.1660, 300
2012-08-16, 27.2050, 27.2050, 27.2050, 27.2050, 180
2012-08-17, 27.2050, 27.2050, 27.2050, 27.2050, 0
2012-08-20, 27.2500, 27.2500, 27.2300, 27.2300, 1150
2012-08-21, 27.4800, 27.4800, 27.2593, 27.2593, 6496
2012-08-22, 27.2593, 27.2593, 27.2593, 27.2593, 0
2012-08-23, 26.6600, 26.6600, 26.5779, 26.5779, 788
2012-08-24, 26.5779, 26.5779, 26.5779, 26.5779, 0
2012-08-27, 26.5779, 26.5779, 26.5779, 26.5779, 0
2012-08-28, 26.4000, 26.4000, 26.4000, 26.4000, 2000
2012-08-29, 26.4800, 26.5076, 26.4600, 26.4700, 2668
2012-08-30, 26.2870, 26.3100, 26.2600, 26.3100, 585
2012-08-31, 26.2899, 26.2899, 26.2200, 26.2200, 200
2012-09-04, 26.2200, 26.2200, 26.2200, 26.2200, 0
2012-09-05, 26.2200, 26.2200, 26.2200, 26.2200, 0
2012-09-06, 26.3700, 26.3700, 26.3700, 26.3700, 100
2012-09-07, 26.3700, 26.3700, 26.3700, 26.3700, 0
2012-09-10, 26.7700, 26.7700, 26.7500, 26.7500, 1600
2012-09-11, 26.7800, 26.7800, 26.7512, 26.7800, 2000
2012-09-12, 26.7800, 26.7800, 26.7800, 26.7800, 0
2012-09-13, 27.0600, 27.4260, 26.8900, 27.2500, 21006
2012-09-14, 27.9100, 27.9100, 27.7096, 27.9000, 864
2012-09-17, 27.6900, 27.6900, 27.6300, 27.6300, 300
2012-09-18, 27.4100, 27.5400, 27.4100, 27.5400, 1976
2012-09-19, 27.5400, 27.5400, 27.5400, 27.5400, 0
2012-09-20, 27.0900, 27.2700, 27.0900, 27.2700, 3100
2012-09-21, 27.3000, 27.3000, 27.3000, 27.3000, 100
2012-09-24, 27.3000, 27.3000, 27.1300, 27.2400, 2000
2012-09-25, 27.0200, 27.0200, 27.0200, 27.0200, 180
2012-09-26, 26.5600, 26.5600, 26.5600, 26.5600, 100
2012-09-27, 26.5600, 26.5600, 26.5600, 26.5600, 0
2012-09-28, 26.5600, 26.5600, 26.5600, 26.5600, 0
2012-10-01, 26.7100, 26.7100, 26.7100, 26.7100, 185
2012-10-02, 26.5000, 26.5000, 26.5000, 26.5000, 100
2012-10-03, 26.5883, 26.5883, 26.5883, 26.5883, 200
2012-10-04, 26.5883, 26.5883, 26.5883, 26.5883, 0
2012-10-05, 27.1600, 27.1900, 27.1500, 27.1900, 3254
2012-10-08, 27.1100, 27.1100, 27.0500, 27.0500, 1000
2012-10-09, 27.0100, 27.0100, 27.0100, 27.0100, 185
2012-10-10, 27.0100, 27.0100, 27.0100, 27.0100, 0
2012-10-11, 26.9500, 26.9500, 26.7900, 26.7900, 574
2012-10-12, 26.7900, 26.7900, 26.7900, 26.7900, 0
2012-10-15, 26.6200, 26.6200, 26.6200, 26.6200, 1358
2012-10-16, 26.6200, 26.6200, 26.6200, 26.6200, 0
2012-10-17, 26.6200, 26.6200, 26.6200, 26.6200, 0
2012-10-18, 26.6200, 26.6200, 26.6200, 26.6200, 0
2012-10-19, 27.1800, 27.1800, 27.0300, 27.0300, 1200
2012-10-22, 27.0400, 27.0400, 27.0400, 27.0400, 100
2012-10-23, 26.8500, 26.8500, 26.8000, 26.8000, 11200
2012-10-24, 26.8000, 26.8000, 26.8000, 26.8000, 0
2012-10-25, 27.2000, 27.2017, 27.2000, 27.2017, 230
2012-10-26, 27.2017, 27.2017, 27.2017, 27.2017, 0
2012-10-31, 26.8000, 26.8000, 26.8000, 26.8000, 100
2012-11-01, 26.8000, 26.8000, 26.8000, 26.8000, 0
2012-11-02, 26.8900, 26.8900, 26.8899, 26.8899, 320
2012-11-05, 26.7300, 26.7300, 26.6600, 26.6600, 3575
2012-11-06, 26.6600, 26.6600, 26.6600, 26.6600, 0
2012-11-07, 26.4800, 26.4800, 26.4000, 26.4000, 3500
2012-11-08, 26.4400, 26.4400, 26.4400, 26.4400, 400
2012-11-09, 26.0600, 26.0600, 26.0600, 26.0600, 250
2012-11-12, 26.0600, 26.0600, 26.0600, 26.0600, 0
2012-11-13, 26.0600, 26.0600, 26.0600, 26.0600, 0
2012-11-14, 26.0600, 26.0600, 26.0600, 26.0600, 0
2012-11-15, 26.0600, 26.0600, 26.0600, 26.0600, 0
2012-11-16, 25.8100, 25.8100, 25.7600, 25.7600, 1000
2012-11-19, 26.0600, 26.0600, 26.0500, 26.0500, 2500
2012-11-20, 26.0500, 26.0500, 26.0500, 26.0500, 0
2012-11-21, 26.0500, 26.0500, 26.0500, 26.0500, 0
2012-11-23, 26.3300, 26.3300, 26.3300, 26.3300, 300
2012-11-26, 26.2200, 26.2200, 26.1359, 26.2000, 2622
2012-11-27, 26.2000, 26.2000, 26.2000, 26.2000, 100
2012-11-28, 26.2000, 26.2000, 26.2000, 26.2000, 0
2012-11-29, 26.2000, 26.2000, 26.2000, 26.2000, 0
2012-11-30, 26.2000, 26.2000, 26.2000, 26.2000, 0
2012-12-03, 26.2000, 26.2000, 26.2000, 26.2000, 0
2012-12-04, 26.2000, 26.2000, 26.2000, 26.2000, 0
2012-12-05, 26.2000, 26.2000, 26.2000, 26.2000, 0
2012-12-06, 25.9300, 26.0100, 25.9300, 26.0099, 974
2012-12-07, 26.0099, 26.0099, 26.0099, 26.0099, 0
2012-12-10, 26.1569, 26.1569, 26.1569, 26.1569, 100
2012-12-11, 26.1569, 26.1569, 26.1569, 26.1569, 0
2012-12-12, 26.4200, 26.5800, 26.4200, 26.5800, 1600
2012-12-13, 26.5700, 26.5900, 26.5600, 26.5900, 8260
2012-12-14, 26.4499, 26.4499, 26.4499, 26.4499, 200
2012-12-17, 26.6173, 26.6173, 26.6173, 26.6173, 600
2012-12-18, 26.6173, 26.6173, 26.6173, 26.6173, 0
2012-12-19, 26.8300, 27.0000, 26.8300, 27.0000, 1070
2012-12-20, 26.9600, 26.9600, 26.8400, 26.9600, 3200
2012-12-21, 26.6500, 26.6500, 26.6300, 26.6500, 3500
2012-12-24, 26.7600, 26.7600, 26.7600, 26.7600, 250
2012-12-26, 26.7900, 26.7900, 26.6800, 26.6800, 200
2012-12-27, 26.3900, 26.5500, 26.3900, 26.5500, 3500
2012-12-28, 26.4600, 26.4600, 26.4360, 26.4500, 4461
2012-12-31, 26.4500, 26.4500, 26.4500, 26.4500, 0
2013-01-02, 27.2200, 27.2200, 27.1300, 27.1699, 900
2013-01-03, 27.2000, 27.5400, 27.2000, 27.5400, 800
2013-01-04, 27.6500, 27.6700, 27.4800, 27.4999, 5500
2013-01-07, 27.5120, 27.5120, 27.4100, 27.4300, 2600
2013-01-08, 27.3400, 27.3400, 27.3000, 27.3200, 2400
2013-01-09, 27.3099, 27.3099, 27.2800, 27.2900, 1000
2013-01-10, 27.4000, 27.4000, 27.2600, 27.3300, 500
2013-01-11, 27.4100, 27.4100, 27.3200, 27.3200, 1400
2013-01-14, 27.3200, 27.3200, 27.3200, 27.3200, 0
2013-01-15, 27.3200, 27.3200, 27.3200, 27.3200, 0
2013-01-16, 27.0000, 27.0000, 27.0000, 27.0000, 100
2013-01-17, 27.2699, 27.3300, 27.1680, 27.2800, 1800
2013-01-18, 27.1900, 27.1900, 27.0750, 27.0750, 4500
2013-01-22, 27.1700, 27.2100, 27.1399, 27.1399, 700
2013-01-23, 27.0350, 27.0350, 27.0350, 27.0350, 739
2013-01-24, 27.0350, 27.0350, 27.0350, 27.0350, 0
2013-01-25, 27.0350, 27.0350, 27.0350, 27.0350, 0
2013-01-28, 27.0350, 27.0350, 27.0350, 27.0350, 0
2013-01-29, 27.5400, 27.6968, 27.5100, 27.6968, 2650
2013-01-30, 27.7851, 27.9000, 27.7851, 27.8600, 2543
2013-01-31, 27.7400, 27.7700, 27.7100, 27.7100, 800
2013-02-01, 27.6305, 28.0099, 27.6305, 28.0099, 1319
2013-02-04, 27.8400, 27.8400, 27.6702, 27.6702, 5450
2013-02-05, 27.9300, 27.9300, 27.8400, 27.9000, 3102
2013-02-06, 27.8000, 27.8400, 27.6900, 27.6900, 3426
2013-02-07, 27.5600, 27.6500, 27.5600, 27.6500, 1800
2013-02-08, 27.7800, 27.8300, 27.6700, 27.7500, 5343
2013-02-11, 27.6500, 27.6500, 27.5800, 27.6400, 13050
2013-02-12, 27.7000, 27.7000, 27.7000, 27.7000, 1800
2013-02-13, 27.9399, 27.9500, 27.8899, 27.9000, 7300
2013-02-14, 27.8800, 27.8800, 27.8000, 27.8000, 500
2013-02-15, 27.7600, 27.8000, 27.7600, 27.8000, 337
2013-02-19, 27.7100, 27.7100, 27.7100, 27.7100, 216
2013-02-20, 27.9100, 27.9110, 27.8100, 27.8100, 1140
2013-02-21, 27.7000, 27.7000, 27.6000, 27.6600, 3900
2013-02-22, 27.5900, 27.5900, 27.5700, 27.5700, 600
2013-02-25, 27.5100, 27.5100, 27.2012, 27.2012, 2825
2013-02-26, 27.1800, 27.2200, 27.1000, 27.2200, 10900
2013-02-27, 27.2200, 27.2200, 27.2200, 27.2200, 0
2013-02-28, 27.3200, 27.3200, 27.3200, 27.3200, 183
2013-03-01, 27.1804, 27.1804, 27.1620, 27.1620, 1000
2013-03-04, 27.1800, 27.2700, 27.1201, 27.2700, 2497
2013-03-05, 27.3500, 27.3500, 27.2800, 27.2800, 3300
2013-03-06, 27.6100, 27.6100, 27.4899, 27.5699, 600
2013-03-07, 27.7000, 27.7000, 27.7000, 27.7000, 173
2013-03-08, 27.9700, 28.0900, 27.9700, 28.0900, 5700
2013-03-11, 27.9900, 28.0200, 27.9900, 28.0200, 1500
2013-03-12, 27.8500, 27.8535, 27.8500, 27.8500, 600
2013-03-13, 27.9575, 27.9575, 27.8700, 27.8700, 500
2013-03-14, 27.9899, 27.9899, 27.9099, 27.9799, 2708
2013-03-15, 27.8800, 27.8899, 27.8800, 27.8899, 1907
2013-03-18, 27.6500, 27.6620, 27.5700, 27.6300, 4010
2013-03-19, 27.3801, 27.3801, 27.3801, 27.3801, 400
2013-03-20, 27.5701, 27.5701, 27.5701, 27.5701, 400
2013-03-21, 27.6100, 27.6100, 27.4900, 27.4900, 1635
2013-03-22, 27.5599, 27.5599, 27.4200, 27.4200, 3490
2013-03-25, 27.4800, 27.5600, 27.3900, 27.4200, 2212
2013-03-26, 27.5000, 27.5000, 27.3900, 27.3900, 400
2013-03-27, 27.3000, 27.3000, 27.1801, 27.2350, 2150
2013-03-28, 27.2060, 27.2200, 27.2060, 27.2200, 250
2013-04-01, 27.2200, 27.2200, 27.2200, 27.2200, 100
2013-04-02, 27.1801, 27.1801, 27.1801, 27.1801, 200
2013-04-03, 27.1200, 27.1200, 26.9600, 26.9900, 1740
2013-04-04, 26.8800, 26.8800, 26.6600, 26.6600, 1100
2013-04-05, 26.0500, 26.0700, 26.0100, 26.0100, 500
2013-04-08, 26.2500, 26.2500, 26.1500, 26.2100, 1031
2013-04-09, 26.2900, 26.4000, 26.2800, 26.3900, 18120
2013-04-10, 26.6001, 26.7300, 26.6001, 26.7300, 7844
2013-04-11, 26.6900, 26.7000, 26.6684, 26.6701, 960
2013-04-12, 26.3035, 26.3035, 26.3000, 26.3000, 400
2013-04-15, 26.2400, 26.2400, 26.0754, 26.0754, 2800
2013-04-16, 26.2316, 26.2316, 26.2316, 26.2316, 415
2013-04-17, 26.1100, 26.1100, 26.0200, 26.0200, 468
2013-04-18, 26.0100, 26.0600, 26.0100, 26.0200, 978
2013-04-19, 26.0400, 26.0401, 26.0400, 26.0401, 1000
2013-04-22, 26.0500, 26.1100, 26.0400, 26.1100, 696
2013-04-23, 26.6000, 26.6000, 25.9500, 26.1499, 1400
2013-04-24, 26.1500, 26.1700, 26.1400, 26.1400, 415
2013-04-25, 26.1980, 26.2205, 26.1980, 26.2205, 350
2013-04-26, 26.2205, 26.2205, 26.2205, 26.2205, 0
2013-04-29, 25.9300, 25.9400, 25.9199, 25.9399, 5350
2013-04-30, 25.9280, 26.0900, 25.9280, 26.0900, 1143
2013-05-01, 26.0000, 26.0000, 26.0000, 26.0000, 1000
2013-05-02, 25.8499, 25.8500, 25.7700, 25.7700, 1700
2013-05-03, 26.2900, 26.4100, 26.2600, 26.4100, 4486
2013-05-06, 26.4800, 26.5900, 26.3700, 26.5900, 7549
2013-05-07, 26.6900, 26.6900, 26.5100, 26.5701, 1700
2013-05-08, 26.5500, 26.5600, 26.5300, 26.5300, 1800
2013-05-09, 26.3400, 26.5600, 26.3400, 26.5600, 300
2013-05-10, 26.7100, 26.9976, 26.7100, 26.9099, 4547
2013-05-13, 27.0499, 27.1300, 27.0499, 27.1000, 3149
2013-05-14, 27.2800, 27.4300, 27.0099, 27.4200, 17254
2013-05-15, 27.3400, 27.3400, 27.2399, 27.3399, 2700
2013-05-16, 26.8900, 26.8900, 26.8900, 26.8900, 200
2013-05-17, 26.8900, 26.8900, 26.8900, 26.8900, 0
2013-05-20, 27.0900, 27.1800, 27.0900, 27.1800, 5250
2013-05-21, 27.1801, 27.4100, 27.1400, 27.1400, 13380
2013-05-22, 27.0500, 27.5200, 26.9600, 27.4900, 5329
2013-05-23, 27.3900, 27.4100, 27.2700, 27.4000, 5650
2013-05-24, 27.3200, 27.3200, 27.2602, 27.2801, 1800
2013-05-28, 27.4500, 27.7200, 27.4400, 27.7200, 6000
2013-05-29, 27.6900, 27.7400, 27.6900, 27.7400, 1300
2013-05-30, 27.7000, 27.7200, 27.6999, 27.7200, 2000
2013-05-31, 28.0000, 28.1600, 27.8800, 28.1362, 11045
2013-06-03, 28.3900, 28.3900, 27.6000, 27.6600, 22406
2013-06-04, 27.8799, 27.9433, 27.8533, 27.9433, 1845
2013-06-05, 27.6740, 27.6840, 27.6500, 27.6740, 1300
2013-06-06, 27.9300, 27.9300, 27.2500, 27.4301, 11360
2013-06-07, 27.8400, 27.9231, 27.7000, 27.9231, 2750
2013-06-10, 28.5000, 28.5000, 28.0501, 28.1999, 19450
2013-06-11, 28.4500, 28.4500, 27.9641, 27.9641, 11785
2013-06-12, 27.9700, 28.2500, 27.9700, 28.2500, 2785
2013-06-13, 28.1000, 28.1000, 27.8500, 27.8500, 5729
2013-06-14, 27.7590, 27.8900, 27.6927, 27.8900, 14652
2013-06-17, 27.9900, 28.0664, 27.8400, 28.0400, 2650
2013-06-18, 28.0300, 28.0300, 27.9500, 27.9580, 3874
2013-06-19, 27.9710, 28.4000, 27.9600, 28.4000, 5585
2013-06-20, 29.3200, 29.3200, 28.6000, 28.8600, 32170
2013-06-21, 28.8299, 29.2200, 28.7500, 29.2100, 6924
2013-06-24, 29.4800, 29.4800, 29.0600, 29.1100, 31712
2013-06-25, 29.1481, 29.3400, 29.1201, 29.3400, 3900
2013-06-26, 29.0410, 29.3000, 29.0410, 29.1410, 3230
2013-06-27, 28.8610, 29.1700, 28.8501, 29.0120, 11297
2013-06-28, 29.0120, 29.0120, 29.0120, 29.0120, 0
2013-07-01, 28.6100, 28.8563, 28.6100, 28.7500, 2600
2013-07-02, 28.7400, 28.7400, 28.4700, 28.5301, 25698
2013-07-03, 28.6301, 28.7104, 28.5700, 28.7004, 1600
2013-07-05, 29.2500, 29.4200, 29.2500, 29.3500, 2444
2013-07-08, 29.4417, 29.4417, 29.3900, 29.3900, 1300
2013-07-09, 29.4200, 29.4800, 29.4000, 29.4000, 2700
2013-07-10, 29.4800, 29.6990, 29.4300, 29.6990, 6200
2013-07-11, 29.4700, 29.4700, 29.2600, 29.4480, 3500
2013-07-12, 29.2200, 29.3900, 29.1300, 29.3900, 3215
2013-07-15, 29.3700, 29.3700, 29.1444, 29.1444, 5594
2013-07-16, 29.0800, 29.0800, 29.0500, 29.0600, 3300
2013-07-17, 28.8820, 28.8820, 28.8820, 28.8820, 200
2013-07-18, 29.2190, 29.2312, 29.2190, 29.2240, 1188
2013-07-19, 29.0481, 29.0481, 29.0120, 29.0120, 350
2013-07-22, 28.7500, 28.8082, 28.7140, 28.8082, 631
2013-07-23, 29.0600, 29.0916, 28.8900, 28.9400, 14000
2013-07-24, 29.3700, 29.4857, 29.2400, 29.2900, 3630
2013-07-25, 29.5300, 29.5300, 29.3000, 29.3000, 7880
2013-07-26, 29.2500, 29.2500, 29.1110, 29.1110, 2417
2013-07-29, 29.3800, 29.3900, 29.3100, 29.3700, 1400
2013-07-30, 29.3900, 29.4000, 29.2700, 29.3900, 1180
2013-07-31, 29.8000, 29.8000, 29.6000, 29.6000, 5403
2013-08-01, 29.6200, 29.9200, 29.6200, 29.9200, 2970
2013-08-02, 29.5300, 29.5800, 29.5295, 29.5300, 3100
2013-08-05, 29.7200, 29.7300, 29.6785, 29.7300, 3850
2013-08-06, 29.8200, 29.8300, 29.6590, 29.6590, 1700
2013-08-07, 29.6800, 29.6800, 29.4100, 29.4200, 4550
2013-08-08, 29.6300, 29.6300, 29.2569, 29.3500, 9450
2013-08-09, 29.4500, 29.4600, 29.3000, 29.3300, 4296
2013-08-12, 29.4500, 29.4500, 29.2000, 29.4294, 3438
2013-08-13, 29.9000, 29.9100, 29.8800, 29.9100, 3100
2013-08-14, 29.8700, 29.8994, 29.8700, 29.8994, 360
2013-08-15, 30.0300, 30.2300, 29.9900, 30.2000, 9670
2013-08-16, 30.2699, 30.6800, 30.2280, 30.3880, 15124
2013-08-19, 30.5000, 30.6300, 30.4880, 30.5700, 25128
2013-08-20, 30.5100, 30.5100, 30.3700, 30.3710, 6946
2013-08-21, 30.5060, 30.6800, 30.5000, 30.6700, 726
2013-08-22, 30.4900, 30.5800, 30.4380, 30.4380, 3704
2013-08-23, 30.2500, 30.2700, 30.0000, 30.0700, 3658
2013-08-26, 30.0600, 30.0600, 29.9636, 29.9636, 1260
2013-08-27, 29.7990, 29.8065, 29.5801, 29.5860, 2319
2013-08-28, 29.6200, 29.8400, 29.6200, 29.8100, 1808
2013-08-29, 30.0300, 30.0300, 29.5080, 29.5080, 2250
2013-08-30, 29.5300, 29.5300, 29.4200, 29.5136, 4100
2013-09-03, 30.1400, 30.1420, 29.9187, 29.9687, 2115
2013-09-04, 29.9700, 30.0400, 29.9700, 30.0400, 2690
2013-09-05, 30.3500, 30.4200, 30.3100, 30.3500, 19589
2013-09-06, 30.3400, 30.3400, 30.2700, 30.2700, 800
2013-09-09, 30.2900, 30.2900, 30.1200, 30.2900, 4578
2013-09-10, 30.2900, 30.2900, 30.2900, 30.2900, 0
2013-09-11, 30.3700, 30.4817, 30.3168, 30.4817, 1500
2013-09-12, 30.4817, 30.4817, 30.4817, 30.4817, 0
2013-09-13, 30.2000, 30.2000, 30.0800, 30.1400, 5549
2013-09-16, 30.1400, 30.1400, 30.1400, 30.1400, 0
2013-09-17, 30.1400, 30.1400, 30.0500, 30.0500, 916
2013-09-18, 30.2000, 30.2000, 29.6200, 29.6200, 4239
2013-09-19, 29.2400, 29.8940, 29.2400, 29.8400, 39279
2013-09-20, 29.6200, 29.6201, 29.6200, 29.6201, 216
2013-09-23, 29.8300, 29.8300, 29.8300, 29.8300, 100
2013-09-24, 29.2400, 29.2400, 29.2400, 29.2400, 430
2013-09-25, 29.2400, 29.2400, 29.1900, 29.1900, 4479
2013-09-26, 29.3800, 29.3800, 29.3000, 29.3000, 700
2013-09-27, 29.2300, 29.2400, 29.2100, 29.2400, 600
2013-09-30, 29.2893, 29.3330, 29.2601, 29.3330, 600
2013-10-01, 29.4480, 29.4675, 29.3400, 29.3400, 1700
2013-10-02, 29.3369, 29.3369, 29.3369, 29.3369, 500
2013-10-03, 29.3600, 29.3600, 29.2400, 29.3000, 2700
2013-10-04, 29.4500, 29.4500, 29.4500, 29.4500, 500
2013-10-07, 29.2101, 29.2101, 29.2100, 29.2101, 500
2013-10-08, 29.2400, 29.3000, 29.2400, 29.3000, 880
2013-10-09, 29.3000, 29.3000, 29.3000, 29.3000, 0
2013-10-10, 29.7183, 29.7183, 29.7025, 29.7025, 1000
2013-10-11, 29.3900, 29.3900, 29.3900, 29.3900, 100
2013-10-14, 29.4400, 29.7612, 29.4400, 29.7612, 425
2013-10-15, 29.6300, 29.7200, 29.5300, 29.7200, 4000
2013-10-16, 29.7200, 29.7590, 29.4200, 29.4200, 4450
2013-10-17, 29.2000, 29.2000, 29.1099, 29.1100, 2482
2013-10-18, 28.9200, 28.9904, 28.9200, 28.9904, 300
2013-10-21, 29.1264, 29.1500, 29.1264, 29.1500, 365
2013-10-22, 28.8400, 28.8400, 28.7000, 28.7500, 6700
2013-10-23, 28.7099, 28.7099, 28.5858, 28.5961, 3800
2013-10-24, 28.6400, 28.7340, 28.6400, 28.7340, 1000
2013-10-25, 28.6500, 28.7000, 28.6500, 28.7000, 300
2013-10-28, 28.8500, 28.8500, 28.7400, 28.7400, 1500
2013-10-29, 28.8000, 28.8000, 28.7400, 28.7400, 850
2013-10-30, 28.9400, 28.9400, 28.9200, 28.9300, 700
2013-10-31, 28.9300, 28.9300, 28.9300, 28.9300, 0
2013-11-01, 29.0100, 29.2200, 29.0100, 29.1900, 1100
2013-11-04, 29.1000, 29.1000, 29.0899, 29.1000, 900
2013-11-05, 29.3000, 29.3499, 29.3000, 29.3200, 2400
2013-11-06, 29.5000, 29.5000, 29.5000, 29.5000, 800
2013-11-07, 29.5000, 29.5000, 29.5000, 29.5000, 0
2013-11-08, 29.6300, 29.8700, 29.6300, 29.8700, 2746
2013-11-11, 29.8799, 29.9400, 29.8799, 29.9400, 2400
2013-11-12, 29.8700, 29.9190, 29.8700, 29.9138, 3200
2013-11-13, 29.7500, 29.7500, 29.7500, 29.7500, 1200
2013-11-14, 29.5200, 29.5900, 29.5200, 29.5900, 650
2013-11-15, 29.5401, 29.5401, 29.5400, 29.5400, 2100
2013-11-18, 29.4100, 29.4399, 29.4100, 29.4399, 453
2013-11-19, 29.5400, 29.5400, 29.4400, 29.4400, 800
2013-11-20, 29.6200, 30.0000, 29.6200, 30.0000, 1300
2013-11-21, 30.0400, 30.0400, 29.9999, 30.0200, 1800
2013-11-22, 29.8000, 29.8000, 29.7000, 29.7000, 1500
2013-11-25, 29.6600, 29.6600, 29.5800, 29.6100, 3216
2013-11-26, 29.5800, 29.5800, 29.5300, 29.5300, 1046
2013-11-27, 29.5300, 29.5300, 29.5300, 29.5300, 100
2013-11-29, 29.7700, 29.7700, 29.6900, 29.6900, 200
2013-12-02, 29.7300, 29.7999, 29.7300, 29.7999, 2200
2013-12-03, 29.7900, 29.7900, 29.6500, 29.6640, 3783
2013-12-04, 30.0500, 30.0500, 29.9000, 29.9900, 2500
2013-12-05, 30.0000, 30.0800, 30.0000, 30.0800, 800
2013-12-06, 30.0800, 30.0800, 29.9000, 29.9900, 2234
2013-12-09, 29.9500, 29.9500, 29.8500, 29.9000, 9010
2013-12-10, 29.7190, 29.7190, 29.6867, 29.6867, 773
2013-12-11, 29.6867, 29.6867, 29.6867, 29.6867, 0
2013-12-12, 29.9600, 29.9800, 29.9000, 29.9800, 1300
2013-12-13, 29.8500, 29.8500, 29.8500, 29.8500, 750
2013-12-16, 29.8500, 29.8500, 29.8500, 29.8500, 0
2013-12-17, 29.9500, 29.9600, 29.7800, 29.8100, 4430
2013-12-18, 30.0300, 30.0500, 29.8100, 29.9040, 8094
2013-12-19, 29.8601, 29.8899, 29.8601, 29.8899, 1494
2013-12-20, 29.6500, 29.6500, 29.6500, 29.6500, 119
2013-12-23, 29.6300, 29.7000, 29.5400, 29.7000, 10794
2013-12-24, 29.9000, 29.9600, 29.8500, 29.9600, 4217
2013-12-26, 29.7700, 30.1200, 29.7700, 29.9900, 11034
2013-12-27, 30.1200, 30.1200, 30.0200, 30.0400, 2145
2013-12-30, 30.0500, 30.0500, 29.8200, 29.9510, 16358
2013-12-31, 29.9540, 30.1500, 29.9540, 30.1500, 1430
2014-01-02, 30.0000, 30.0000, 30.0000, 30.0000, 374
2014-01-03, 30.0165, 30.0165, 29.9999, 29.9999, 330
2014-01-06, 29.9900, 29.9900, 29.8300, 29.8300, 772
2014-01-07, 29.9000, 29.9000, 29.7900, 29.7900, 1155
2014-01-08, 29.9690, 29.9899, 29.9400, 29.9400, 1200
2014-01-09, 29.8100, 29.8100, 29.8100, 29.8100, 412
2014-01-10, 29.3710, 29.3710, 29.3700, 29.3700, 817
2014-01-13, 29.3700, 29.3700, 29.3700, 29.3700, 140
2014-01-14, 29.3000, 29.3000, 29.2799, 29.2799, 203
2014-01-15, 29.2700, 29.2720, 29.2610, 29.2610, 1550
2014-01-16, 29.3000, 29.3000, 29.3000, 29.3000, 206
2014-01-17, 29.0900, 29.1150, 29.0300, 29.0400, 2340
2014-01-21, 29.0000, 29.0029, 28.9300, 28.9690, 12853
2014-01-22, 29.0000, 29.0000, 29.0000, 29.0000, 1058
2014-01-23, 28.8186, 28.8186, 28.6010, 28.6100, 2123
2014-01-24, 28.6000, 28.6000, 28.4420, 28.4420, 1940
2014-01-27, 28.4400, 28.5080, 28.4400, 28.5080, 3534
2014-01-28, 28.5080, 28.5080, 28.5080, 28.5080, 4
2014-01-29, 28.4200, 28.4200, 28.2766, 28.2766, 2404
2014-01-30, 28.4500, 28.4612, 28.3500, 28.3680, 3900
2014-01-31, 28.1400, 28.2900, 28.1400, 28.2500, 3030
2014-02-03, 28.0898, 28.0898, 27.9600, 27.9600, 2300
2014-02-04, 28.0400, 28.1200, 28.0400, 28.1100, 1867
2014-02-05, 28.3000, 28.3701, 28.2900, 28.3701, 2845
2014-02-06, 28.3701, 28.3701, 28.3701, 28.3701, 0
2014-02-07, 28.4730, 28.4990, 28.3901, 28.4870, 11627
2014-02-10, 28.4500, 28.4500, 28.4400, 28.4400, 711
2014-02-11, 28.6100, 28.6100, 28.5600, 28.5993, 1554
2014-02-12, 28.7300, 28.7300, 28.7200, 28.7200, 1000
2014-02-13, 28.4900, 28.5100, 28.4900, 28.5100, 400
2014-02-14, 28.4700, 28.6394, 28.4700, 28.5500, 15585
2014-02-18, 28.4500, 28.5100, 28.4200, 28.4360, 6105
2014-02-19, 28.4000, 28.5700, 28.4000, 28.5500, 8430
2014-02-20, 28.5500, 28.5500, 28.5500, 28.5500, 0
2014-02-21, 28.5100, 28.5100, 28.5100, 28.5100, 500
2014-02-24, 28.4300, 28.6120, 28.4300, 28.5700, 3500
2014-02-25, 28.3300, 28.3800, 28.3200, 28.3200, 9204
2014-02-26, 28.3000, 28.3000, 28.2000, 28.2000, 1409
2014-02-27, 28.2000, 28.2000, 28.2000, 28.2000, 11
2014-02-28, 28.0900, 28.0900, 28.0900, 28.0900, 1500
2014-03-03, 27.9000, 27.9000, 27.9000, 27.9000, 700
2014-03-04, 28.1000, 28.1000, 28.0980, 28.1000, 507
2014-03-05, 28.1501, 28.1501, 28.1500, 28.1500, 400
2014-03-06, 28.3200, 28.4500, 28.3200, 28.4500, 1275
2014-03-07, 28.6000, 28.6000, 28.6000, 28.6000, 200
2014-03-10, 28.6000, 28.6000, 28.6000, 28.6000, 75
2014-03-11, 28.5882, 28.5882, 28.5100, 28.5100, 529
2014-03-12, 28.3300, 28.3300, 28.2800, 28.3000, 400
2014-03-13, 28.1080, 28.1080, 27.9500, 27.9500, 678
2014-03-14, 27.7200, 27.9420, 27.7200, 27.9420, 1056
2014-03-17, 28.1500, 28.1500, 28.0300, 28.1100, 6400
2014-03-18, 28.2700, 28.2700, 28.0500, 28.0800, 5208
2014-03-19, 27.9100, 28.3000, 27.9100, 28.2200, 5800
2014-03-20, 28.2000, 28.4800, 28.2000, 28.3500, 8930
2014-03-21, 28.0900, 28.1000, 28.0900, 28.1000, 4300
2014-03-24, 27.8100, 27.8400, 27.7600, 27.7800, 5200
2014-03-25, 27.9599, 27.9599, 27.8300, 27.8500, 6208
2014-03-26, 27.9900, 27.9900, 27.6500, 27.7500, 39200
2014-03-27, 27.6500, 27.7000, 27.4600, 27.5800, 11150
2014-03-28, 27.6500, 27.7600, 27.6200, 27.6800, 10400
2014-03-31, 27.9600, 27.9600, 27.7700, 27.8000, 16440
2014-04-01, 27.9100, 27.9700, 27.8500, 27.9700, 11011
2014-04-02, 28.2500, 28.2500, 28.1200, 28.1700, 10000
2014-04-03, 27.9500, 28.0800, 27.9400, 27.9900, 10225
2014-04-04, 28.2000, 28.2000, 27.8100, 27.8800, 5213
2014-04-07, 27.8200, 27.8200, 27.6200, 27.6600, 7089
2014-04-08, 27.6800, 27.7800, 27.5600, 27.6000, 10571
2014-04-09, 27.8500, 27.8500, 27.6500, 27.7800, 2975
2014-04-10, 27.6200, 27.6400, 27.3700, 27.4600, 22605
2014-04-11, 27.4200, 27.4200, 27.2600, 27.2900, 2900
2014-04-14, 27.0000, 27.3300, 27.0000, 27.3000, 4780
2014-04-15, 27.4000, 27.4000, 27.0400, 27.2200, 3408
2014-04-16, 27.3100, 27.3100, 27.1100, 27.1100, 2800
2014-04-17, 27.2100, 27.5200, 27.1200, 27.4800, 4713
2014-04-21, 27.3100, 27.4300, 27.2600, 27.4100, 2720
2014-04-22, 27.6400, 27.6400, 27.3300, 27.3400, 2509
2014-04-23, 27.2400, 27.2500, 27.1600, 27.1800, 2540
2014-04-24, 27.3100, 27.3100, 27.3100, 27.3100, 134
2014-04-25, 27.0300, 27.0300, 27.0180, 27.0180, 510
2014-04-28, 27.1500, 27.2800, 27.1400, 27.2500, 3840
2014-04-29, 27.3400, 27.4000, 27.2100, 27.2200, 3108
2014-04-30, 27.3600, 27.3600, 27.1500, 27.1600, 2880
2014-05-01, 27.1400, 27.1500, 26.8300, 26.8600, 3000
2014-05-02, 27.1600, 27.1600, 26.6300, 26.7000, 3280
2014-05-05, 26.6600, 26.8600, 26.6600, 26.8400, 3851
2014-05-06, 26.8400, 26.8400, 26.7100, 26.7400, 7008
2014-05-07, 26.8110, 26.8200, 26.7200, 26.8100, 3600
2014-05-08, 26.6700, 26.9900, 26.6700, 26.9800, 3147
2014-05-09, 26.9500, 27.0600, 26.8600, 26.9800, 5810
2014-05-12, 27.1900, 27.2300, 26.9900, 27.1300, 3308
2014-05-13, 27.0300, 27.0300, 26.9400, 26.9500, 7515
2014-05-14, 26.5800, 26.6400, 26.5000, 26.5601, 2708
2014-05-15, 26.5900, 26.5900, 26.3000, 26.4300, 3518
2014-05-16, 26.4300, 26.4300, 26.3300, 26.4200, 3180
2014-05-19, 26.3900, 26.7000, 26.3000, 26.6900, 4192
2014-05-20, 26.7000, 26.7000, 26.5300, 26.6400, 4108
2014-05-21, 26.6800, 26.7700, 26.6500, 26.7300, 6890
2014-05-22, 26.8600, 26.9100, 26.7700, 26.8500, 5505
2014-05-23, 26.6400, 26.6800, 26.5900, 26.6200, 6800
2014-05-27, 26.7000, 26.7500, 26.5300, 26.5300, 5508
2014-05-28, 26.1300, 26.3190, 26.1100, 26.1200, 6350
2014-05-29, 26.2300, 26.3400, 26.1100, 26.3300, 11869
2014-05-30, 26.4500, 26.4500, 26.2700, 26.2700, 12452
2014-06-02, 26.4900, 26.7700, 26.4600, 26.6200, 13107
2014-06-03, 26.7300, 26.8000, 26.5200, 26.7800, 23932
2014-06-04, 26.9200, 27.0100, 26.7000, 26.8800, 4910
2014-06-05, 26.8600, 26.8800, 26.7100, 26.7800, 9600
2014-06-06, 26.7200, 26.7860, 26.7100, 26.7860, 1300
2014-06-09, 26.7000, 26.9900, 26.7000, 26.8800, 4130
2014-06-10, 26.5100, 26.9600, 26.5100, 26.9200, 3552
2014-06-11, 27.0900, 27.0900, 26.8600, 26.9400, 2795
2014-06-12, 26.9200, 26.9200, 26.8500, 26.8500, 299
2014-06-13, 26.7200, 26.7200, 26.5500, 26.6800, 3109
2014-06-16, 26.6600, 26.7200, 26.6200, 26.6400, 8015
2014-06-17, 26.6000, 26.8000, 26.5500, 26.7800, 4308
2014-06-18, 26.8400, 26.8400, 26.6000, 26.7000, 3100
2014-06-19, 26.4000, 26.9200, 26.4000, 26.9100, 3000
2014-06-20, 27.0700, 27.0700, 26.8000, 26.8000, 3550
2014-06-23, 26.6800, 26.8000, 26.6300, 26.8000, 3840
2014-06-24, 26.8500, 26.8500, 26.5700, 26.5700, 4408
2014-06-25, 26.3700, 26.5000, 26.3700, 26.4500, 17100
2014-06-26, 26.3300, 26.3374, 26.3200, 26.3205, 938
2014-06-27, 26.2800, 26.4200, 26.2700, 26.4000, 3820
2014-06-30, 26.3500, 26.3900, 26.2900, 26.2900, 625
2014-07-01, 26.4000, 26.5500, 26.4000, 26.5329, 948
2014-07-02, 26.7000, 26.8200, 26.6100, 26.7900, 8649
2014-07-03, 27.0000, 27.0000, 26.9200, 26.9400, 3700
2014-07-07, 26.7400, 26.7400, 26.6600, 26.6900, 11000
2014-07-08, 26.5700, 26.5700, 26.4200, 26.4300, 5308
2014-07-09, 26.3900, 26.5000, 26.3300, 26.4000, 8800
2014-07-10, 26.2500, 26.4300, 26.2400, 26.4100, 4631
2014-07-11, 26.2600, 26.2600, 26.1800, 26.2000, 4860
2014-07-14, 26.3200, 26.4000, 26.2900, 26.3700, 4757
2014-07-15, 26.2200, 26.4400, 26.2200, 26.3600, 4300
2014-07-16, 26.3900, 26.3900, 26.2700, 26.2700, 4200
2014-07-17, 26.0725, 26.1100, 25.8700, 25.9200, 5561
2014-07-18, 25.9200, 26.0800, 25.9200, 26.0000, 4500
2014-07-21, 25.8501, 25.8501, 25.8500, 25.8500, 300
2014-07-22, 25.9000, 25.9000, 25.9000, 25.9000, 225
2014-07-23, 25.9000, 25.9000, 25.9000, 25.9000, 96
2014-07-24, 26.0440, 26.0440, 26.0400, 26.0400, 450
2014-07-25, 25.8400, 25.8400, 25.8400, 25.8400, 800
2014-07-28, 25.6701, 25.6701, 25.6701, 25.6701, 400
2014-07-29, 25.6600, 25.6600, 25.6600, 25.6600, 658
2014-07-30, 26.0200, 26.0400, 25.9500, 25.9500, 5701
2014-07-31, 26.0699, 26.0699, 26.0699, 26.0699, 383
2014-08-01, 26.1500, 26.1500, 26.1500, 26.1500, 100
2014-08-04, 25.7400, 25.9300, 25.7400, 25.9300, 3334
2014-08-05, 26.0300, 26.1200, 25.8900, 25.9100, 3508
2014-08-06, 25.6100, 25.8600, 25.6100, 25.8500, 4688
2014-08-07, 25.8600, 25.9000, 25.6600, 25.6600, 4000
2014-08-08, 25.6200, 25.6500, 25.4600, 25.6300, 19856
2014-08-11, 25.6000, 25.7000, 25.6000, 25.6800, 2660
2014-08-12, 25.6400, 25.8100, 25.6400, 25.8000, 3574
2014-08-13, 25.8200, 25.8400, 25.6900, 25.7000, 4302
2014-08-14, 25.6300, 25.6300, 25.5000, 25.5000, 2304
2014-08-15, 25.4000, 25.4000, 25.0200, 25.1900, 16640
2014-08-18, 25.1900, 25.1900, 25.1900, 25.1900, 93
2014-08-19, 25.2700, 25.5200, 25.2700, 25.4900, 7110
2014-08-20, 25.5500, 25.6000, 25.5500, 25.5700, 4538
2014-08-21, 25.4900, 25.5000, 25.3800, 25.3900, 2686
2014-08-22, 25.3200, 25.3800, 25.2400, 25.2700, 2400
2014-08-25, 25.2000, 25.2500, 25.2000, 25.2500, 550
2014-08-26, 25.2500, 25.2500, 25.2500, 25.2500, 10
2014-08-27, 25.2100, 25.2100, 25.0300, 25.0300, 1083
2014-08-28, 24.8599, 24.8600, 24.8599, 24.8600, 600
2014-08-29, 24.8900, 24.9100, 24.8179, 24.9100, 2200
2014-09-02, 25.1600, 25.3100, 25.1600, 25.3100, 7060
2014-09-03, 25.3400, 25.3600, 25.1600, 25.1600, 2532
2014-09-04, 25.3500, 25.4700, 25.3300, 25.4700, 8821
2014-09-05, 25.4100, 25.5400, 25.4100, 25.4900, 3700
2014-09-08, 25.4777, 25.4777, 25.4777, 25.4777, 750
2014-09-09, 25.4777, 25.4777, 25.4777, 25.4777, 10
2014-09-10, 25.4777, 25.4777, 25.4777, 25.4777, 65
2014-09-11, 25.6200, 25.7400, 25.6000, 25.7400, 2900
2014-09-12, 25.9800, 26.0265, 25.9295, 26.0265, 1800
2014-09-15, 26.0900, 26.1100, 25.9900, 25.9900, 440
2014-09-16, 25.9800, 25.9800, 25.9800, 25.9800, 110
2014-09-17, 25.9400, 26.0600, 25.9400, 26.0000, 900
2014-09-18, 26.0000, 26.0000, 26.0000, 26.0000, 8
2014-09-19, 26.0110, 26.0110, 25.9000, 25.9172, 1760
2014-09-22, 25.7000, 25.7000, 25.6725, 25.6725, 200
2014-09-23, 25.5300, 25.5700, 25.5300, 25.5700, 204
2014-09-24, 25.5700, 25.5700, 25.5700, 25.5700, 81
2014-09-25, 25.5000, 25.5000, 25.5000, 25.5000, 100
2014-09-26, 25.5000, 25.5000, 25.5000, 25.5000, 0
2014-09-29, 25.1900, 25.1900, 25.1899, 25.1900, 994
2014-09-30, 25.2589, 25.3408, 25.2500, 25.3408, 10400
2014-10-01, 25.1100, 25.1100, 24.9000, 24.9000, 1100
2014-10-02, 24.9000, 24.9000, 24.9000, 24.9000, 0
2014-10-03, 25.0400, 25.0400, 24.9799, 25.0100, 4400
2014-10-06, 25.0100, 25.0100, 25.0100, 25.0100, 0
2014-10-07, 24.8100, 24.8100, 24.6300, 24.6300, 1657
2014-10-08, 24.5000, 24.7300, 24.5000, 24.7300, 1351
2014-10-09, 24.5600, 24.6980, 24.5600, 24.6980, 854
2014-10-10, 24.5900, 24.5900, 24.5200, 24.5200, 3387
2014-10-13, 24.1700, 24.4100, 24.1700, 24.3101, 7028
2014-10-14, 24.3000, 24.3000, 24.1420, 24.1420, 1000
2014-10-15, 23.3600, 23.7700, 23.0000, 23.5899, 16080
2014-10-16, 23.7000, 24.0400, 23.7000, 23.9999, 2425
2014-10-17, 24.1600, 24.2700, 24.1600, 24.2700, 1424
2014-10-20, 24.2000, 24.2600, 24.2000, 24.2599, 1179
2014-10-21, 24.2900, 24.2900, 24.2900, 24.2900, 725
2014-10-22, 24.3704, 24.3704, 24.3101, 24.3101, 1423
2014-10-23, 24.5000, 24.5500, 24.5000, 24.5500, 350
2014-10-24, 24.5500, 24.5500, 24.5500, 24.5500, 41
2014-10-27, 24.5500, 24.5500, 24.5500, 24.5500, 1
2014-10-28, 24.5500, 24.5500, 24.5500, 24.5500, 80
2014-10-29, 24.7000, 24.7600, 24.6600, 24.6600, 1900
2014-10-30, 24.5000, 24.5000, 24.5000, 24.5000, 300
2014-10-31, 24.5000, 24.5000, 24.5000, 24.5000, 0
2014-11-03, 24.5000, 24.6050, 24.5000, 24.6050, 254
2014-11-04, 24.5600, 24.5600, 24.4900, 24.5389, 2380
2014-11-05, 24.6000, 24.6140, 24.5600, 24.5624, 859
2014-11-06, 24.6500, 24.6500, 24.6500, 24.6500, 100
2014-11-07, 24.6500, 24.6500, 24.6500, 24.6500, 0
2014-11-10, 24.6500, 24.6500, 24.6500, 24.6500, 0
2014-11-11, 24.6900, 24.6900, 24.6900, 24.6900, 300
2014-11-12, 24.4700, 24.4700, 24.4600, 24.4600, 2500
2014-11-13, 24.6200, 24.6500, 24.6200, 24.6500, 705
2014-11-14, 24.5600, 24.5600, 24.5600, 24.5600, 130
2014-11-17, 24.5000, 24.5000, 24.5000, 24.5000, 200
2014-11-18, 24.4600, 24.4600, 24.4600, 24.4600, 383
2014-11-19, 24.5400, 24.5400, 24.5400, 24.5400, 200
2014-11-20, 24.4200, 24.5500, 24.4200, 24.5320, 3352
2014-11-21, 24.3700, 24.3700, 24.3700, 24.3700, 100
2014-11-24, 24.3700, 24.3700, 24.3700, 24.3700, 0
2014-11-25, 24.2100, 24.2100, 24.2100, 24.2100, 400
2014-11-26, 24.2100, 24.2100, 24.2100, 24.2100, 0
2014-11-28, 24.2100, 24.2100, 24.2100, 24.2100, 0
2014-12-01, 24.2100, 24.2100, 24.2100, 24.2100, 0
2014-12-02, 24.2100, 24.2100, 24.2100, 24.2100, 0
2014-12-03, 24.2100, 24.2100, 24.2100, 24.2100, 3
2014-12-04, 24.2100, 24.2100, 24.2100, 24.2100, 0
2014-12-05, 24.2100, 24.2100, 24.2100, 24.2100, 0
2014-12-08, 23.7400, 23.7400, 23.7400, 23.7400, 358
2014-12-09, 23.7400, 23.7400, 23.7400, 23.7400, 0
2014-12-10, 23.5001, 23.5001, 23.4500, 23.4500, 450
2014-12-11, 23.5800, 23.6100, 23.5700, 23.5700, 1400
2014-12-12, 23.5700, 23.5700, 23.5700, 23.5700, 52
2014-12-15, 23.0900, 23.0900, 23.0900, 23.0900, 234
2014-12-16, 22.9100, 22.9100, 22.8999, 22.8999, 320
2014-12-17, 23.0002, 23.1200, 22.9300, 23.0100, 11524
2014-12-18, 23.3500, 23.3710, 23.3500, 23.3710, 275
2014-12-19, 23.2000, 23.2000, 23.1700, 23.1800, 3002
2014-12-22, 23.1000, 23.1800, 23.1000, 23.1800, 2296
2014-12-23, 23.1800, 23.1800, 23.1800, 23.1800, 0
2014-12-24, 23.4010, 23.4100, 23.3410, 23.3410, 665
2014-12-26, 23.0300, 23.2700, 23.0300, 23.2600, 2366
2014-12-29, 23.1900, 23.2000, 23.1899, 23.1965, 1221
2014-12-30, 23.1965, 23.1965, 23.1965, 23.1965, 0
2014-12-31, 23.0010, 23.0600, 23.0010, 23.0600, 5507
2015-01-02, 23.0600, 23.0600, 23.0600, 23.0600, 90
2015-01-05, 22.5121, 22.5121, 22.3630, 22.3630, 200
2015-01-06, 22.0120, 22.0120, 22.0120, 22.0120, 210
2015-01-07, 22.2200, 22.2200, 21.9900, 22.0500, 823
2015-01-08, 22.1500, 22.3799, 22.1500, 22.3340, 1645
2015-01-09, 22.4100, 22.4100, 22.3300, 22.3300, 10134
2015-01-12, 22.0010, 22.0010, 21.9825, 21.9825, 2100
2015-01-13, 22.0300, 22.0300, 21.8800, 22.0000, 652
2015-01-14, 21.7400, 21.8500, 21.6600, 21.8400, 2265
2015-01-15, 21.7490, 21.7499, 21.5776, 21.5776, 853
2015-01-16, 21.5590, 21.7490, 21.5590, 21.7200, 3165
2015-01-20, 21.4810, 21.5390, 21.4810, 21.5390, 691
2015-01-21, 21.4484, 21.4484, 21.4484, 21.4484, 100
2015-01-22, 21.3400, 21.7700, 21.3400, 21.7600, 3284
2015-01-23, 21.5451, 21.5451, 21.5200, 21.5300, 3250
2015-01-26, 21.4101, 21.5400, 21.3900, 21.5400, 4312
2015-01-27, 21.2999, 21.5410, 21.2999, 21.5410, 907
2015-01-28, 21.4400, 21.4400, 21.4400, 21.4400, 100
2015-01-29, 21.2300, 21.2301, 21.2300, 21.2301, 1010
2015-01-30, 21.0000, 21.0000, 20.9000, 20.9800, 1730
2015-02-02, 21.0806, 21.0806, 21.0806, 21.0806, 300
2015-02-03, 21.0806, 21.0806, 21.0806, 21.0806, 0
2015-02-04, 21.3900, 21.5210, 21.3900, 21.5200, 1946
2015-02-05, 21.5900, 21.6100, 21.5810, 21.6100, 600
2015-02-06, 21.9570, 21.9570, 21.9500, 21.9500, 345
2015-02-09, 21.9590, 21.9680, 21.9500, 21.9680, 1750
2015-02-10, 22.0700, 22.2000, 22.0700, 22.2000, 598
2015-02-11, 22.2000, 22.2000, 22.2000, 22.2000, 8
2015-02-12, 22.2000, 22.2000, 22.2000, 22.2000, 0
2015-02-13, 22.3300, 22.4030, 22.3300, 22.4030, 855
2015-02-17, 22.7400, 22.7500, 22.7400, 22.7400, 300
2015-02-18, 22.6999, 22.7000, 22.6999, 22.7000, 4925
2015-02-19, 22.6100, 22.6100, 22.6100, 22.6100, 166
2015-02-20, 22.6100, 22.6430, 22.5400, 22.6430, 413
2015-02-23, 22.5400, 22.5400, 22.5200, 22.5200, 3000
2015-02-24, 22.5200, 22.5200, 22.5200, 22.5200, 100
2015-02-25, 22.2500, 22.2701, 22.1080, 22.1080, 847
2015-02-26, 22.1300, 22.1700, 22.1300, 22.1700, 2100
2015-02-27, 22.2900, 22.3900, 22.2700, 22.3500, 41176
2015-03-02, 22.3300, 22.5100, 22.3300, 22.5000, 20800
2015-03-03, 22.5700, 22.7000, 22.5700, 22.7000, 9706
2015-03-04, 22.6000, 22.7000, 22.6000, 22.6592, 1700
2015-03-05, 22.6500, 22.6700, 22.6210, 22.6210, 1082
2015-03-06, 22.7500, 23.2200, 22.7500, 23.1700, 8054
2015-03-09, 23.1600, 23.1600, 22.9900, 23.0600, 105801
2015-03-10, 22.7500, 22.7600, 22.7500, 22.7600, 15010
2015-03-11, 22.5090, 22.5525, 22.5090, 22.5525, 1339
2015-03-12, 22.4000, 22.5700, 22.3600, 22.5700, 35688
2015-03-13, 22.5700, 22.5700, 22.5200, 22.5200, 2900
2015-03-16, 22.5200, 22.5200, 22.5200, 22.5200, 0
2015-03-17, 22.5200, 22.5200, 22.5200, 22.5200, 3
2015-03-18, 21.9710, 21.9710, 21.7300, 21.7607, 11935
2015-03-19, 21.7300, 21.9300, 21.6900, 21.8670, 5144
2015-03-20, 21.8670, 21.8670, 21.8670, 21.8670, 0
2015-03-23, 21.8670, 21.8670, 21.8670, 21.8670, 80
2015-03-24, 21.6900, 21.7300, 21.6900, 21.7300, 1126
2015-03-25, 21.6800, 21.6800, 21.6800, 21.6800, 300
2015-03-26, 21.6800, 21.6800, 21.6800, 21.6800, 0
2015-03-27, 21.6800, 21.6800, 21.6800, 21.6800, 50
2015-03-30, 21.6500, 21.8400, 21.6500, 21.8400, 442
2015-03-31, 21.8400, 21.9800, 21.8400, 21.9800, 250
2015-04-01, 21.6200, 21.6290, 21.6200, 21.6290, 797
2015-04-02, 21.6300, 21.7260, 21.6300, 21.7260, 26800
2015-04-06, 21.9100, 21.9500, 21.7200, 21.9500, 3486
2015-04-07, 21.8500, 21.8600, 21.8500, 21.8600, 800
2015-04-08, 21.8600, 21.8600, 21.8600, 21.8600, 0
2015-04-09, 21.8600, 21.8600, 21.8600, 21.8600, 0
2015-04-10, 21.9290, 21.9390, 21.9290, 21.9390, 3800
2015-04-13, 21.9390, 21.9390, 21.9390, 21.9390, 0
2015-04-14, 21.9390, 21.9390, 21.9390, 21.9390, 0
2015-04-15, 21.9600, 21.9600, 21.8210, 21.8210, 1268
2015-04-16, 21.8210, 21.8210, 21.8210, 21.8210, 0
2015-04-17, 21.7770, 21.7770, 21.7770, 21.7770, 622
2015-04-20, 21.7770, 21.7770, 21.7770, 21.7770, 0
2015-04-21, 21.7770, 21.7770, 21.7770, 21.7770, 2
2015-04-22, 22.0200, 22.3400, 22.0200, 22.3400, 3620
2015-04-23, 22.4000, 22.4000, 22.4000, 22.4000, 200
2015-04-24, 22.4000, 22.4000, 22.4000, 22.4000, 0
2015-04-27, 22.4000, 22.4000, 22.4000, 22.4000, 0
2015-04-28, 22.4000, 22.4000, 22.4000, 22.4000, 0
2015-04-29, 22.5910, 22.6599, 22.5810, 22.6599, 706
2015-04-30, 22.8800, 22.8800, 22.8800, 22.8800, 100
2015-05-01, 22.8800, 22.8955, 22.8800, 22.8955, 1409
2015-05-04, 23.0200, 23.0900, 23.0100, 23.0800, 5900
2015-05-05, 23.2900, 23.2960, 23.2200, 23.2200, 5023
2015-05-06, 23.3000, 23.5799, 23.3000, 23.5500, 5886
2015-05-07, 23.5300, 23.5300, 23.2700, 23.2700, 2369
2015-05-08, 23.2700, 23.2700, 23.2700, 23.2700, 0
2015-05-11, 23.4701, 23.7900, 23.4701, 23.7600, 919
2015-05-12, 23.7600, 23.7600, 23.5500, 23.5700, 1686
2015-05-13, 23.7300, 23.8700, 23.7300, 23.8700, 2227
2015-05-14, 23.8599, 23.8599, 23.7500, 23.7500, 2706
2015-05-15, 23.4500, 23.4500, 23.4500, 23.4500, 343
2015-05-18, 23.6900, 23.7099, 23.6690, 23.6699, 1002
2015-05-19, 23.7800, 23.8700, 23.7800, 23.8700, 742
2015-05-20, 23.8700, 23.8700, 23.8700, 23.8700, 0
2015-05-21, 23.8400, 23.8400, 23.6057, 23.6057, 1268
2015-05-22, 23.6057, 23.6057, 23.6057, 23.6057, 0
2015-05-26, 23.6057, 23.6057, 23.6057, 23.6057, 0
2015-05-27, 23.2700, 23.2700, 23.0800, 23.0800, 250
2015-05-28, 23.0800, 23.0800, 23.0800, 23.0800, 0
2015-05-29, 23.0000, 23.0000, 23.0000, 23.0000, 100
2015-06-01, 23.1567, 23.2748, 23.1567, 23.2748, 1050
2015-06-02, 23.5000, 23.6410, 23.5000, 23.6410, 651
2015-06-03, 23.8300, 23.9500, 23.8300, 23.9500, 900
2015-06-04, 23.8400, 23.8400, 23.7500, 23.7500, 650
2015-06-05, 23.9125, 23.9134, 23.8810, 23.8810, 870
2015-06-08, 23.9901, 23.9901, 23.9700, 23.9766, 2975
2015-06-09, 24.1000, 24.1000, 24.1000, 24.1000, 200
2015-06-10, 24.2300, 24.3901, 24.2300, 24.3700, 1204
2015-06-11, 23.9400, 23.9400, 23.9400, 23.9400, 240
2015-06-12, 23.9400, 23.9400, 23.9400, 23.9400, 0
2015-06-15, 23.7500, 23.8656, 23.7500, 23.8656, 715
2015-06-16, 23.8656, 23.8656, 23.8656, 23.8656, 67
2015-06-17, 23.8100, 23.8100, 23.7900, 23.8000, 1700
2015-06-18, 24.1000, 24.1000, 24.0400, 24.0400, 323
2015-06-19, 23.6999, 23.6999, 23.6999, 23.6999, 1500
2015-06-22, 23.6999, 23.6999, 23.6999, 23.6999, 70
2015-06-23, 24.0600, 24.0600, 24.0600, 24.0600, 202
2015-06-24, 24.1000, 24.1899, 24.1000, 24.1899, 731
2015-06-25, 24.1499, 24.1499, 24.1499, 24.1499, 440
2015-06-26, 24.4700, 24.5200, 24.4600, 24.4600, 1436
2015-06-29, 23.9600, 23.9600, 23.8100, 23.8100, 900
2015-06-30, 23.7293, 23.7293, 23.7293, 23.7293, 100
2015-07-01, 24.1800, 24.1800, 24.1800, 24.1800, 122
2015-07-02, 24.1500, 24.2000, 24.1500, 24.2000, 500
2015-07-06, 24.2000, 24.2000, 24.2000, 24.2000, 0
2015-07-07, 23.3000, 23.3000, 23.3000, 23.3000, 1086
2015-07-08, 23.3000, 23.3000, 23.3000, 23.3000, 0
2015-07-09, 23.3000, 23.3000, 23.3000, 23.3000, 0
2015-07-10, 24.0601, 24.1299, 24.0600, 24.1299, 1000
2015-07-13, 24.1299, 24.1299, 24.1299, 24.1299, 0
2015-07-14, 24.1299, 24.1299, 24.1299, 24.1299, 0
2015-07-15, 24.1175, 24.1175, 24.1175, 24.1175, 300
2015-07-16, 23.9899, 23.9900, 23.6882, 23.6882, 1255
2015-07-17, 23.6882, 23.6882, 23.6882, 23.6882, 0
2015-07-20, 23.6882, 23.6882, 23.6882, 23.6882, 0
2015-07-21, 23.6729, 23.6729, 23.6729, 23.6729, 150
2015-07-22, 23.6729, 23.6729, 23.6729, 23.6729, 0
2015-07-23, 23.6729, 23.6729, 23.6729, 23.6729, 0
2015-07-24, 23.1200, 23.1200, 23.1200, 23.1200, 1000
2015-07-27, 23.0000, 23.0000, 23.0000, 23.0000, 552
2015-07-28, 23.0000, 23.0000, 23.0000, 23.0000, 0
2015-07-29, 23.1600, 23.1600, 23.1600, 23.1600, 400
2015-07-30, 23.1600, 23.1600, 23.1600, 23.1600, 0
2015-07-31, 23.1600, 23.1600, 23.1600, 23.1600, 7
2015-08-03, 22.7200, 22.7700, 22.6590, 22.6590, 950
2015-08-04, 22.6590, 22.6590, 22.6590, 22.6590, 0
2015-08-05, 22.6590, 22.6590, 22.6590, 22.6590, 108
2015-08-06, 22.6590, 22.6590, 22.6590, 22.6590, 100
2015-08-07, 22.6590, 22.6590, 22.6590, 22.6590, 0
2015-08-10, 22.6590, 22.6590, 22.6590, 22.6590, 0
2015-08-11, 22.6590, 22.6590, 22.6590, 22.6590, 0
2015-08-12, 22.6590, 22.6590, 22.6590, 22.6590, 16
2015-08-13, 22.6590, 22.6590, 22.6590, 22.6590, 0
2015-08-14, 22.6590, 22.6590, 22.6590, 22.6590, 0
2015-08-17, 22.6590, 22.6590, 22.6590, 22.6590, 40
2015-08-18, 22.6590, 22.6590, 22.6590, 22.6590, 66
2015-08-19, 22.7600, 22.7600, 22.7600, 22.7600, 189
2015-08-20, 22.7600, 22.7600, 22.7600, 22.7600, 0
2015-08-21, 21.9800, 22.1200, 21.9800, 22.0401, 400
2015-08-24, 21.8500, 21.9401, 21.8500, 21.9288, 910
2015-08-25, 21.9288, 21.9288, 21.9288, 21.9288, 0
2015-08-26, 22.7600, 22.7600, 22.7530, 22.7530, 200
2015-08-27, 22.8655, 22.8655, 22.8655, 22.8655, 1192
2015-08-28, 22.8655, 22.8655, 22.8655, 22.8655, 0
2015-08-31, 22.6500, 22.6500, 22.6500, 22.6500, 715
2015-09-01, 22.8999, 22.9300, 22.7700, 22.7700, 2240
2015-09-02, 22.7600, 22.9300, 22.7600, 22.9300, 7237
2015-09-03, 22.9300, 22.9300, 22.9300, 22.9300, 0
2015-09-04, 22.6300, 22.6300, 22.6200, 22.6200, 225
2015-09-08, 22.8800, 22.9300, 22.8500, 22.8500, 3010
2015-09-09, 23.0900, 23.1660, 23.0800, 23.0800, 4800
2015-09-10, 22.9400, 23.0200, 22.9400, 23.0200, 713
2015-09-11, 23.0200, 23.0200, 23.0200, 23.0200, 0
2015-09-14, 22.7100, 22.8200, 22.7100, 22.8100, 1605
2015-09-15, 23.1600, 23.2300, 23.1600, 23.2300, 1000
2015-09-16, 23.3000, 23.3200, 23.3000, 23.3200, 1180
2015-09-17, 23.3200, 23.3200, 23.3200, 23.3200, 163
2015-09-18, 23.3200, 23.3200, 23.3200, 23.3200, 20
2015-09-21, 23.0000, 23.0800, 22.9900, 23.0800, 3479
2015-09-22, 22.6800, 22.6800, 22.6800, 22.6800, 458
2015-09-23, 22.6800, 22.6800, 22.6800, 22.6800, 0
2015-09-24, 22.6800, 22.6800, 22.6800, 22.6800, 0
2015-09-25, 22.7700, 22.7700, 22.7596, 22.7596, 530
2015-09-28, 22.4499, 22.4499, 22.4499, 22.4499, 780
2015-09-29, 22.3299, 22.3299, 22.3299, 22.3299, 1002
2015-09-30, 22.4201, 22.4201, 22.4201, 22.4201, 263
2015-10-01, 22.4201, 22.4201, 22.4201, 22.4201, 0
2015-10-02, 21.9200, 22.1800, 21.9200, 22.1500, 1017
2015-10-05, 22.3500, 22.4000, 22.3500, 22.4000, 370
2015-10-06, 22.5320, 22.5320, 22.3700, 22.3999, 952
2015-10-07, 22.4600, 22.4600, 22.4600, 22.4600, 200
2015-10-08, 22.4501, 22.6700, 22.4501, 22.6700, 275
2015-10-09, 22.6700, 22.6700, 22.6700, 22.6700, 0
2015-10-12, 22.6700, 22.6700, 22.6700, 22.6700, 0
2015-10-13, 22.6700, 22.6700, 22.6700, 22.6700, 0
2015-10-14, 22.6700, 22.6700, 22.6700, 22.6700, 0
2015-10-15, 22.2899, 22.2899, 22.2899, 22.2899, 954
2015-10-16, 22.2899, 22.2899, 22.2899, 22.2899, 0
2015-10-19, 22.2899, 22.2899, 22.2899, 22.2899, 1
2015-10-20, 22.4760, 22.4760, 22.4760, 22.4760, 400
2015-10-21, 22.7500, 22.7500, 22.3200, 22.3200, 1100
2015-10-22, 22.1400, 22.1800, 22.1400, 22.1800, 1545
2015-10-23, 22.1800, 22.1800, 22.1800, 22.1800, 0
2015-10-26, 22.2100, 22.2100, 22.2100, 22.2100, 100
2015-10-27, 22.1700, 22.2100, 22.1700, 22.2100, 700
2015-10-28, 22.2100, 22.2100, 22.2100, 22.2100, 0
2015-10-29, 22.2100, 22.2100, 22.2100, 22.2100, 8
2015-10-30, 22.4701, 22.4701, 22.4701, 22.4701, 277
2015-11-02, 22.4701, 22.4701, 22.4701, 22.4701, 2
2015-11-03, 22.7191, 22.7191, 22.7191, 22.7191, 302
2015-11-04, 22.7191, 22.7191, 22.7191, 22.7191, 0
2015-11-05, 22.7191, 22.7191, 22.7191, 22.7191, 0
2015-11-06, 23.0600, 23.1300, 23.0500, 23.0700, 4150
2015-11-09, 23.2680, 23.2799, 23.2680, 23.2799, 650
2015-11-10, 23.2799, 23.2799, 23.2799, 23.2799, 0
2015-11-11, 23.2799, 23.2799, 23.2799, 23.2799, 0
2015-11-12, 23.2600, 23.2600, 23.2600, 23.2600, 126
2015-11-13, 23.2600, 23.2600, 23.2600, 23.2600, 30
2015-11-16, 23.2600, 23.2600, 23.2600, 23.2600, 0
2015-11-17, 23.0999, 23.0999, 22.9301, 22.9301, 1222
2015-11-18, 22.9301, 22.9301, 22.9301, 22.9301, 25
2015-11-19, 22.9301, 22.9301, 22.9301, 22.9301, 0
2015-11-20, 22.9301, 22.9301, 22.9301, 22.9301, 5
2015-11-23, 22.9301, 22.9301, 22.9301, 22.9301, 0
2015-11-24, 22.9301, 22.9301, 22.9301, 22.9301, 0
2015-11-25, 22.9301, 22.9301, 22.9301, 22.9301, 0
2015-11-27, 22.9301, 22.9301, 22.9301, 22.9301, 0
2015-11-30, 22.9301, 22.9301, 22.9301, 22.9301, 0
2015-12-01, 22.3640, 22.4080, 22.3600, 22.4080, 1901
2015-12-02, 22.4080, 22.4080, 22.4080, 22.4080, 0
2015-12-03, 22.4080, 22.4080, 22.4080, 22.4080, 0
2015-12-04, 22.4080, 22.4080, 22.4080, 22.4080, 0
2015-12-07, 22.3900, 22.3901, 22.3810, 22.3810, 748
2015-12-08, 22.4000, 22.4500, 22.3900, 22.4100, 1347
2015-12-09, 22.4100, 22.4100, 22.4100, 22.4100, 0
2015-12-10, 22.4700, 22.5200, 22.4600, 22.5200, 894
2015-12-11, 22.5200, 22.5200, 22.5200, 22.5200, 0
2015-12-14, 22.2600, 22.4320, 22.2500, 22.4320, 2230
2015-12-15, 22.4320, 22.4320, 22.4320, 22.4320, 0
2015-12-16, 22.6100, 22.6100, 22.5400, 22.5400, 2400
2015-12-17, 22.5400, 22.5400, 22.5400, 22.5400, 0
2015-12-18, 22.5400, 22.5400, 22.5400, 22.5400, 0
2015-12-21, 22.5400, 22.5400, 22.5400, 22.5400, 0
2015-12-22, 22.4350, 22.4350, 22.3300, 22.3300, 280
2015-12-23, 22.4800, 22.5201, 22.4800, 22.5201, 1950
2015-12-24, 22.5201, 22.5201, 22.5201, 22.5201, 0
2015-12-28, 22.5201, 22.5201, 22.5201, 22.5201, 0
2015-12-29, 22.5100, 22.7002, 22.5100, 22.6701, 4018
2015-12-30, 22.6608, 22.6608, 22.6608, 22.6608, 100
2015-12-31, 22.6062, 22.6062, 22.6062, 22.6062, 150
2016-01-04, 22.6062, 22.6062, 22.6062, 22.6062, 0
2016-01-05, 22.6062, 22.6062, 22.6062, 22.6062, 0
2016-01-06, 22.6062, 22.6062, 22.6062, 22.6062, 6
2016-01-07, 22.2200, 22.3200, 22.1900, 22.2000, 1582
2016-01-08, 22.2000, 22.2000, 22.2000, 22.2000, 0
2016-01-11, 22.2200, 22.2200, 22.2100, 22.2100, 2229
2016-01-12, 22.1000, 22.1001, 22.1000, 22.1001, 1900
2016-01-13, 22.1001, 22.1001, 22.1001, 22.1001, 1
2016-01-14, 21.8800, 21.9200, 21.8800, 21.9200, 703
2016-01-15, 21.6992, 21.6992, 21.6200, 21.6500, 2032
2016-01-19, 21.7100, 21.7520, 21.7100, 21.7520, 1500
2016-01-20, 21.4000, 21.4900, 21.4000, 21.4900, 308
2016-01-21, 21.4100, 21.6416, 21.4100, 21.6416, 9042
2016-01-22, 21.7400, 21.8300, 21.6700, 21.6900, 6644
2016-01-25, 21.5800, 21.5800, 21.5800, 21.5800, 700
2016-01-26, 21.5900, 21.5932, 21.5800, 21.5800, 700
2016-01-27, 21.6600, 21.6600, 21.6600, 21.6600, 100
2016-01-28, 21.6600, 21.6600, 21.6600, 21.6600, 0
2016-01-29, 21.2800, 21.2926, 21.2700, 21.2926, 1200
2016-02-01, 21.3200, 21.4700, 21.3200, 21.4700, 2303
2016-02-02, 21.4700, 21.4700, 21.4700, 21.4700, 0
2016-02-03, 20.9300, 21.3150, 20.9300, 21.2000, 3400
2016-02-04, 21.2500, 21.2500, 21.2500, 21.2500, 1500
2016-02-05, 21.2442, 21.2450, 21.2442, 21.2450, 400
2016-02-08, 21.2450, 21.2450, 21.2450, 21.2450, 0
2016-02-09, 20.6520, 20.6600, 20.6520, 20.6600, 300
2016-02-10, 20.6000, 20.6000, 20.5200, 20.5200, 920
2016-02-11, 20.0001, 20.1000, 20.0001, 20.1000, 468
2016-02-12, 20.4817, 20.4817, 20.4817, 20.4817, 100
2016-02-16, 20.4817, 20.4817, 20.4817, 20.4817, 0
2016-02-17, 20.4817, 20.4817, 20.4817, 20.4817, 0
2016-02-18, 20.4817, 20.4817, 20.4817, 20.4817, 0
2016-02-19, 20.4817, 20.4817, 20.4817, 20.4817, 4
2016-02-22, 20.6900, 20.6900, 20.6900, 20.6900, 100
2016-02-23, 20.6128, 20.6128, 20.6128, 20.6128, 375
2016-02-24, 20.6128, 20.6128, 20.6128, 20.6128, 0
2016-02-25, 20.6128, 20.6128, 20.6128, 20.6128, 0
2016-02-26, 20.6128, 20.6128, 20.6128, 20.6128, 182
2016-02-29, 20.6128, 20.6128, 20.6128, 20.6128, 11
2016-03-01, 20.6128, 20.6128, 20.6128, 20.6128, 0
2016-03-02, 21.0300, 21.0300, 21.0300, 21.0300, 600
2016-03-03, 20.9300, 20.9620, 20.9300, 20.9620, 200
2016-03-04, 21.0401, 21.0401, 21.0400, 21.0400, 6000
2016-03-07, 21.0400, 21.0400, 21.0400, 21.0400, 0
2016-03-08, 21.0400, 21.0400, 21.0400, 21.0400, 0
2016-03-09, 21.0000, 21.0000, 20.9700, 20.9700, 600
2016-03-10, 20.7600, 20.8200, 20.7600, 20.8200, 684
2016-03-11, 20.8200, 20.8200, 20.8200, 20.8200, 0
2016-03-14, 21.1000, 21.1000, 21.1000, 21.1000, 400
2016-03-15, 21.1000, 21.1000, 21.1000, 21.1000, 0
2016-03-16, 21.0700, 21.0710, 21.0700, 21.0710, 1140
2016-03-17, 20.9010, 20.9100, 20.8900, 20.8900, 7100
2016-03-18, 20.8900, 20.8900, 20.8900, 20.8900, 0
2016-03-21, 20.9900, 21.0721, 20.9900, 21.0721, 1010
2016-03-22, 21.0699, 21.0699, 21.0699, 21.0699, 1001
2016-03-23, 21.0699, 21.0699, 21.0699, 21.0699, 0
2016-03-24, 21.0699, 21.0699, 21.0699, 21.0699, 0
2016-03-28, 21.0699, 21.0699, 21.0699, 21.0699, 0
2016-03-29, 21.0699, 21.0699, 21.0699, 21.0699, 0
2016-03-30, 20.7592, 20.8700, 20.7400, 20.8700, 2270
2016-03-31, 20.8700, 20.8700, 20.8700, 20.8700, 0
2016-04-01, 20.8700, 20.8700, 20.8700, 20.8700, 0
2016-04-04, 20.4500, 20.5817, 20.4500, 20.5817, 802
2016-04-05, 20.5817, 20.5817, 20.5817, 20.5817, 0
2016-04-06, 20.5817, 20.5817, 20.5817, 20.5817, 0
2016-04-07, 20.2800, 20.2900, 20.2500, 20.2500, 7368
2016-04-08, 20.2500, 20.2500, 20.2500, 20.2500, 65
2016-04-11, 20.2500, 20.2500, 20.2500, 20.2500, 0
2016-04-12, 20.2500, 20.2500, 20.2500, 20.2500, 0
2016-04-13, 20.2500, 20.2500, 20.2500, 20.2500, 55
2016-04-14, 20.5000, 20.5000, 20.4828, 20.4828, 500
2016-04-15, 20.4828, 20.4828, 20.4828, 20.4828, 0
2016-04-18, 20.5394, 20.5394, 20.5394, 20.5394, 367
2016-04-19, 20.6399, 20.6399, 20.6043, 20.6043, 1400
2016-04-20, 20.6043, 20.6043, 20.6043, 20.6043, 0
2016-04-21, 20.6043, 20.6043, 20.6043, 20.6043, 0
2016-04-22, 20.6043, 20.6043, 20.6043, 20.6043, 0
2016-04-25, 20.6043, 20.6043, 20.6043, 20.6043, 0
2016-04-26, 21.1200, 21.1200, 21.1200, 21.1200, 300
2016-04-27, 21.0200, 21.0200, 21.0200, 21.0200, 2367
2016-04-28, 20.9160, 20.9160, 20.9160, 20.9160, 100
2016-04-29, 20.9160, 20.9160, 20.9160, 20.9160, 0
2016-05-02, 20.8506, 20.8506, 20.8506, 20.8506, 100
2016-05-03, 20.8506, 20.8506, 20.8506, 20.8506, 0
2016-05-04, 20.8506, 20.8506, 20.8506, 20.8506, 0
2016-05-05, 20.5010, 20.5010, 20.4910, 20.4910, 500
2016-05-06, 19.9800, 20.5300, 19.9800, 20.5300, 786
2016-05-09, 20.5300, 20.5300, 20.5300, 20.5300, 0
2016-05-10, 20.4800, 20.4800, 20.4800, 20.4800, 100
2016-05-11, 20.4800, 20.4800, 20.4800, 20.4800, 0
2016-05-12, 20.4800, 20.4800, 20.4800, 20.4800, 0
2016-05-13, 20.4800, 20.4800, 20.4800, 20.4800, 0
2016-05-16, 20.4700, 20.4700, 20.4100, 20.4110, 500
2016-05-17, 20.4110, 20.4110, 20.4110, 20.4110, 0
2016-05-18, 20.4110, 20.4110, 20.4110, 20.4110, 0
2016-05-19, 20.6800, 20.6800, 20.6399, 20.6399, 2000
2016-05-20, 20.5810, 20.5810, 20.5810, 20.5810, 100
2016-05-23, 20.5700, 20.5800, 20.5699, 20.5700, 4000
2016-05-24, 20.5700, 20.5700, 20.5700, 20.5700, 83
2016-05-25, 20.5700, 20.5700, 20.5700, 20.5700, 0
2016-05-26, 20.5400, 20.6000, 20.5400, 20.6000, 600
2016-05-27, 20.6000, 20.6000, 20.6000, 20.6000, 0
2016-05-31, 20.6100, 20.6100, 20.5899, 20.5899, 962
2016-06-01, 20.5899, 20.5899, 20.5899, 20.5899, 0
2016-06-02, 20.5899, 20.5899, 20.5899, 20.5899, 0
2016-06-03, 20.1000, 20.1090, 20.0950, 20.0950, 1900
2016-06-06, 20.6000, 20.6000, 20.0600, 20.0600, 300
2016-06-07, 20.0600, 20.0600, 20.0600, 20.0600, 0
2016-06-08, 20.0600, 20.0600, 20.0600, 20.0600, 2000
2016-06-09, 19.8967, 19.8967, 19.8501, 19.8501, 860
2016-06-10, 19.8000, 19.8000, 19.7300, 19.7300, 900
2016-06-13, 19.7300, 19.7300, 19.7300, 19.7300, 0
2016-06-14, 19.6500, 19.6500, 19.6500, 19.6500, 1000
2016-06-15, 19.6500, 19.6500, 19.6500, 19.6500, 0
2016-06-16, 19.4500, 19.4600, 19.4500, 19.4600, 2600
2016-06-17, 19.4600, 19.4600, 19.4600, 19.4600, 0
2016-06-20, 19.8700, 19.8700, 19.8700, 19.8700, 400
2016-06-21, 19.8700, 19.8700, 19.8700, 19.8700, 0
2016-06-22, 19.8700, 19.8700, 19.8700, 19.8700, 0
2016-06-23, 19.8700, 19.8700, 19.8700, 19.8700, 0
2016-06-24, 19.6500, 19.7221, 19.6000, 19.6000, 2462
2016-06-27, 19.6000, 19.6000, 19.6000, 19.6000, 0
2016-06-28, 19.1900, 19.1900, 19.1900, 19.1900, 100
2016-06-29, 19.2300, 19.2300, 19.2300, 19.2300, 200
2016-06-30, 19.0800, 19.2300, 19.0800, 19.2300, 2400
2016-07-01, 18.9700, 18.9700, 18.9400, 18.9400, 1350
2016-07-05, 18.9400, 18.9400, 18.9400, 18.9400, 0
2016-07-06, 18.6600, 18.6600, 18.6600, 18.6600, 1000
2016-07-07, 18.6000, 18.6384, 18.6000, 18.6384, 600
2016-07-08, 18.7400, 18.7400, 18.6660, 18.6660, 674
2016-07-11, 18.4901, 18.6300, 18.4901, 18.6300, 675
2016-07-12, 19.0900, 19.0900, 18.8600, 18.9200, 6230
2016-07-13, 19.0200, 19.0200, 18.7590, 18.7590, 2510
2016-07-14, 18.7590, 18.7590, 18.7590, 18.7590, 0
2016-07-15, 19.1580, 19.1800, 19.1580, 19.1800, 1200
2016-07-18, 19.5000, 19.5000, 19.1000, 19.1000, 4900
2016-07-19, 19.1500, 19.1500, 19.1500, 19.1500, 237
2016-07-20, 19.4500, 19.4500, 19.4500, 19.4500, 352
2016-07-21, 19.4500, 19.4500, 19.4500, 19.4500, 0
2016-07-22, 19.4500, 19.4500, 19.4500, 19.4500, 0
2016-07-25, 19.0745, 19.1065, 19.0745, 19.1065, 700
2016-07-26, 19.0608, 19.0887, 19.0608, 19.0887, 1555
2016-07-27, 19.0000, 19.0000, 18.9600, 18.9600, 2000
2016-07-28, 18.9600, 18.9600, 18.9600, 18.9600, 0
2016-07-29, 18.9600, 18.9600, 18.9600, 18.9600, 0
2016-08-01, 18.9600, 18.9600, 18.9600, 18.9600, 38
2016-08-02, 19.1065, 19.1065, 19.1054, 19.1054, 200
2016-08-03, 19.1054, 19.1054, 19.1054, 19.1054, 0
2016-08-04, 19.1054, 19.1054, 19.1054, 19.1054, 0
2016-08-05, 19.1100, 19.1100, 19.1100, 19.1100, 7700
2016-08-08, 19.1100, 19.1100, 19.1100, 19.1100, 0
2016-08-09, 19.1100, 19.1100, 19.1100, 19.1100, 0
2016-08-10, 19.1100, 19.1100, 19.1100, 19.1100, 0
2016-08-11, 19.1100, 19.1100, 19.1100, 19.1100, 0
2016-08-12, 19.1100, 19.1100, 19.1100, 19.1100, 0
2016-08-15, 19.1100, 19.1100, 19.1100, 19.1100, 0
2016-08-16, 19.1100, 19.1100, 19.1100, 19.1100, 0
2016-08-17, 19.1100, 19.1100, 19.1100, 19.1100, 0
2016-08-18, 19.1100, 19.1100, 19.1100, 19.1100, 0
2016-08-19, 19.1616, 19.1699, 19.0985, 19.0985, 1300
2016-08-22, 19.0985, 19.0985, 19.0985, 19.0985, 0
2016-08-23, 19.0985, 19.0985, 19.0985, 19.0985, 0
2016-08-24, 19.0985, 19.0985, 19.0985, 19.0985, 0
2016-08-25, 19.0985, 19.0985, 19.0985, 19.0985, 0
2016-08-26, 19.0000, 19.0600, 19.0000, 19.0600, 362
2016-08-29, 19.0600, 19.0600, 19.0600, 19.0600, 52
2016-08-30, 19.0600, 19.0600, 19.0600, 19.0600, 0
2016-08-31, 19.0600, 19.0600, 19.0600, 19.0600, 0
2016-09-01, 19.0600, 19.0600, 19.0600, 19.0600, 0
2016-09-02, 19.0600, 19.0600, 19.0600, 19.0600, 0
2016-09-06, 19.0600, 19.0600, 19.0600, 19.0600, 0
2016-09-07, 19.0600, 19.0600, 19.0600, 19.0600, 0
2016-09-08, 19.1000, 19.1000, 19.1000, 19.1000, 218
2016-09-09, 19.1000, 19.1000, 19.1000, 19.1000, 30
2016-09-12, 19.4400, 19.5200, 19.4400, 19.5200, 1701
2016-09-13, 19.5200, 19.5200, 19.5200, 19.5200, 0
2016-09-14, 19.5200, 19.5200, 19.5200, 19.5200, 0
2016-09-15, 19.7500, 19.7500, 19.7200, 19.7200, 252
2016-09-16, 19.7200, 19.7200, 19.7200, 19.7200, 0
2016-09-19, 19.7200, 19.7200, 19.7200, 19.7200, 0
2016-09-20, 19.5899, 19.5899, 19.5899, 19.5899, 400
2016-09-21, 19.6009, 19.6100, 19.6009, 19.6100, 200
2016-09-22, 19.6100, 19.6100, 19.6100, 19.6100, 0
2016-09-23, 19.6100, 19.6100, 19.6100, 19.6100, 0
2016-09-26, 19.2000, 19.2000, 19.2000, 19.2000, 100
2016-09-27, 19.0400, 19.0400, 18.9950, 18.9950, 1395
2016-09-28, 19.0000, 19.0000, 19.0000, 19.0000, 250
2016-09-29, 18.9800, 18.9824, 18.9800, 18.9824, 2700
2016-09-30, 18.9824, 18.9824, 18.9824, 18.9824, 0
2016-10-03, 19.1800, 19.1800, 19.1800, 19.1800, 300
2016-10-04, 19.1800, 19.1800, 19.1800, 19.1800, 0
2016-10-05, 19.1800, 19.1800, 19.1800, 19.1800, 0
2016-10-06, 19.6600, 19.6600, 19.6600, 19.6600, 300
2016-10-07, 19.6600, 19.6600, 19.6600, 19.6600, 4
2016-10-10, 19.6600, 19.7000, 19.6600, 19.6600, 2000
2016-10-11, 19.6600, 19.6600, 19.6600, 19.6600, 0
2016-10-12, 19.6600, 19.6600, 19.6600, 19.6600, 2
2016-10-13, 19.5000, 19.7205, 19.5000, 19.7205, 3200
2016-10-14, 19.8800, 19.8900, 19.8200, 19.8200, 600
2016-10-17, 19.7000, 19.8800, 19.7000, 19.8508, 900
2016-10-18, 19.7850, 19.7850, 19.7850, 19.7850, 105
2016-10-19, 19.7850, 19.7850, 19.7850, 19.7850, 0
2016-10-20, 19.6300, 19.6701, 19.6300, 19.6600, 400
2016-10-21, 19.6600, 19.6600, 19.6600, 19.6600, 0
2016-10-24, 19.7800, 19.7800, 19.7600, 19.7701, 2000
2016-10-25, 19.7701, 19.7701, 19.7701, 19.7701, 0
2016-10-26, 19.7701, 19.7701, 19.7701, 19.7701, 4
2016-10-27, 20.0000, 20.0000, 20.0000, 20.0000, 780
2016-10-28, 20.0000, 20.0000, 20.0000, 20.0000, 0
2016-10-31, 20.1600, 20.1600, 20.0500, 20.0800, 1700
2016-11-01, 20.2000, 20.2000, 20.2000, 20.2000, 230
2016-11-02, 20.2000, 20.2000, 20.2000, 20.2000, 11
2016-11-03, 20.0924, 20.0924, 20.0875, 20.0875, 1010
2016-11-04, 20.0875, 20.0875, 20.0875, 20.0875, 11
2016-11-07, 20.0875, 20.0875, 20.0875, 20.0875, 5
2016-11-08, 20.0875, 20.0875, 20.0875, 20.0875, 10
2016-11-09, 20.4000, 20.9800, 20.4000, 20.9301, 1075
2016-11-10, 21.2247, 21.2247, 21.1260, 21.2033, 353405
2016-11-11, 21.4429, 21.5040, 21.4429, 21.5040, 870
2016-11-14, 21.8500, 21.8500, 21.5301, 21.5999, 3705
2016-11-15, 21.4340, 21.4340, 21.4340, 21.4340, 556
2016-11-16, 21.3750, 21.3750, 21.3750, 21.3750, 227
2016-11-17, 21.4900, 21.5899, 21.4746, 21.5799, 2329
2016-11-18, 21.4577, 21.6900, 21.4577, 21.6799, 6693
2016-11-21, 21.5900, 21.6900, 21.5684, 21.5900, 6203
2016-11-22, 21.5900, 21.6200, 21.5900, 21.6020, 572
2016-11-23, 21.8300, 21.9000, 21.6700, 21.7000, 2797
2016-11-25, 21.6600, 21.6600, 21.6100, 21.6100, 310
2016-11-28, 21.6200, 21.6200, 21.4800, 21.5800, 7417
2016-11-29, 21.5600, 21.5600, 21.4000, 21.4000, 1907
2016-11-30, 21.8200, 21.8200, 21.8200, 21.8200, 1005
2016-12-01, 22.0000, 22.1100, 22.0000, 22.1100, 2380
2016-12-02, 22.4100, 22.4100, 21.8500, 21.8500, 3405
2016-12-05, 21.7366, 21.7366, 21.7366, 21.7366, 1005
2016-12-06, 21.8262, 21.8262, 21.8200, 21.8200, 805
2016-12-07, 21.6576, 21.6576, 21.6576, 21.6576, 305
2016-12-08, 21.8900, 21.9230, 21.8800, 21.8800, 2505
2016-12-09, 22.2000, 22.2000, 22.2000, 22.2000, 1005
2016-12-12, 22.3200, 22.3200, 22.1800, 22.1800, 709
2016-12-13, 22.0400, 22.1599, 22.0400, 22.0999, 4188
2016-12-14, 21.9200, 21.9400, 21.9200, 21.9400, 805
2016-12-15, 22.0701, 22.0701, 22.0701, 22.0701, 405
2016-12-16, 22.0701, 22.0701, 22.0701, 22.0701, 8
2016-12-19, 21.6900, 21.6900, 21.6900, 21.6900, 570
2016-12-20, 22.0600, 22.5000, 22.0600, 22.1699, 3859
2016-12-21, 22.0101, 22.0101, 22.0101, 22.0101, 150
2016-12-22, 22.0101, 22.0101, 22.0101, 22.0101, 0
2016-12-23, 21.9400, 21.9501, 21.9400, 21.9501, 650
2016-12-27, 22.1500, 22.1500, 22.1185, 22.1185, 1400
2016-12-28, 22.0759, 22.0759, 21.8700, 21.8700, 1900
2016-12-29, 21.8700, 21.8700, 21.8700, 21.8700, 0
2016-12-30, 21.8743, 21.8743, 21.8000, 21.8242, 6049
2017-01-03, 22.0100, 22.0100, 22.0100, 22.0100, 1001
2017-01-04, 21.7799, 21.7799, 21.6500, 21.6500, 400
2017-01-05, 21.3871, 21.3871, 21.3871, 21.3871, 250
2017-01-06, 21.3871, 21.3871, 21.3871, 21.3871, 0
2017-01-09, 21.3679, 21.3679, 21.3522, 21.3522, 1144
2017-01-10, 21.3980, 21.4175, 21.3900, 21.3900, 3347
2017-01-11, 21.3900, 21.3900, 21.3900, 21.3900, 0
2017-01-12, 21.2801, 21.2801, 21.2801, 21.2801, 199
2017-01-13, 21.3800, 21.4099, 21.3800, 21.4099, 500
2017-01-17, 21.2000, 21.2000, 21.1596, 21.1982, 1344
2017-01-18, 21.1982, 21.1982, 21.1982, 21.1982, 0
2017-01-19, 21.7100, 21.7300, 21.6600, 21.6900, 8920
2017-01-20, 21.6600, 21.6600, 21.6405, 21.6405, 260
2017-01-23, 21.4400, 21.4400, 21.3300, 21.4083, 3365
2017-01-24, 21.4083, 21.4083, 21.4083, 21.4083, 10
2017-01-25, 21.4083, 21.4083, 21.4083, 21.4083, 10
2017-01-26, 21.8600, 21.9500, 21.8100, 21.8100, 5807
2017-01-27, 21.8300, 21.8300, 21.8300, 21.8300, 159
2017-01-30, 21.7226, 21.7226, 21.7226, 21.7226, 205
2017-01-31, 21.7226, 21.7226, 21.7226, 21.7226, 5
2017-02-01, 21.7600, 21.7600, 21.7600, 21.7600, 1605
2017-02-02, 21.7600, 21.7700, 21.7600, 21.7700, 729
2017-02-03, 21.7700, 21.7700, 21.7700, 21.7700, 5
2017-02-06, 21.6236, 21.6236, 21.6236, 21.6236, 305
2017-02-07, 21.4900, 21.4900, 21.4300, 21.4317, 2937
2017-02-08, 21.2601, 21.2601, 21.2300, 21.2300, 400
2017-02-09, 21.2800, 21.4499, 21.2800, 21.4499, 2050
2017-02-10, 21.4500, 21.4500, 21.4310, 21.4500, 2000
2017-02-13, 21.5010, 21.5010, 21.5010, 21.5010, 100
2017-02-14, 21.5010, 21.5010, 21.5010, 21.5010, 37
2017-02-15, 21.7600, 21.7600, 21.7600, 21.7600, 2000
2017-02-16, 22.0000, 22.0000, 21.6300, 21.6500, 7171
2017-02-17, 21.7500, 21.7500, 21.6000, 21.6000, 200
2017-02-21, 21.6000, 21.6000, 21.6000, 21.6000, 0
2017-02-22, 21.6000, 21.6000, 21.6000, 21.6000, 65
2017-02-23, 21.4923, 21.4923, 21.4923, 21.4923, 100
2017-02-24, 21.3800, 21.3800, 21.2800, 21.2800, 1495
2017-02-27, 21.2732, 21.3500, 21.2732, 21.3500, 200
2017-02-28, 21.3500, 21.3500, 21.3500, 21.3500, 0
2017-03-01, 21.6900, 21.6900, 21.6900, 21.6900, 430
2017-03-02, 21.6980, 21.6980, 21.6970, 21.6970, 1400
2017-03-03, 21.7000, 21.7000, 21.7000, 21.7000, 2600
2017-03-06, 21.7000, 21.7000, 21.7000, 21.7000, 0
2017-03-07, 21.7000, 21.7000, 21.7000, 21.7000, 0
2017-03-08, 22.0100, 22.0100, 21.9371, 21.9471, 7880
2017-03-09, 22.1000, 22.1500, 22.0200, 22.1120, 6400
2017-03-10, 22.1050, 22.1200, 22.0700, 22.0700, 1200
2017-03-13, 22.1800, 22.1800, 22.1800, 22.1800, 104
2017-03-14, 22.0769, 22.0900, 22.0600, 22.0900, 2197
2017-03-15, 22.1800, 22.4136, 21.6932, 21.6932, 10455
2017-03-16, 21.8580, 21.9272, 21.8580, 21.9272, 1600
2017-03-17, 21.9272, 21.9272, 21.9272, 21.9272, 0
2017-03-20, 22.0400, 22.0400, 21.6900, 21.6900, 1303
2017-03-21, 21.6900, 21.6900, 21.6900, 21.6900, 13
2017-03-22, 21.4900, 21.4900, 21.3300, 21.3900, 429
2017-03-23, 21.3100, 21.4314, 21.3100, 21.4100, 1050
2017-03-24, 21.4130, 21.4130, 21.3700, 21.3925, 2800
2017-03-27, 21.1800, 21.2900, 21.1700, 21.2500, 2300
2017-03-28, 21.2500, 21.2500, 21.2500, 21.2500, 0
2017-03-29, 21.2600, 21.3200, 21.2600, 21.3200, 550
2017-03-30, 21.3200, 21.3200, 21.3200, 21.3200, 1
2017-03-31, 21.3200, 21.3200, 21.3200, 21.3200, 0
2017-04-03, 21.4500, 21.4500, 21.4500, 21.4500, 100
2017-04-04, 21.2200, 21.2200, 21.2200, 21.2200, 150
2017-04-05, 21.2500, 21.2700, 21.2277, 21.2277, 1050
2017-04-06, 21.2277, 21.2277, 21.2277, 21.2277, 0
2017-04-07, 21.2277, 21.2277, 21.2277, 21.2277, 0
2017-04-10, 21.2277, 21.2277, 21.2277, 21.2277, 0
2017-04-11, 21.1200, 21.1200, 21.0800, 21.0800, 5135
2017-04-12, 21.0015, 21.0015, 20.9700, 20.9700, 800
2017-04-13, 20.9700, 20.9700, 20.9700, 20.9700, 0
2017-04-17, 20.9700, 20.9700, 20.9700, 20.9700, 0
2017-04-18, 20.9700, 20.9700, 20.9700, 20.9700, 0
2017-04-19, 20.9700, 20.9700, 20.9700, 20.9700, 0
2017-04-20, 20.9700, 20.9700, 20.9700, 20.9700, 0
2017-04-21, 20.8129, 20.8129, 20.8129, 20.8129, 1000
2017-04-24, 20.9655, 20.9655, 20.9500, 20.9575, 600
2017-04-25, 20.9575, 20.9575, 20.9575, 20.9575, 0
2017-04-26, 21.1500, 21.1500, 21.1000, 21.1000, 1050
2017-04-27, 21.1000, 21.1000, 21.1000, 21.1000, 0
2017-04-28, 21.1000, 21.1000, 21.1000, 21.1000, 0
2017-05-01, 21.2100, 21.2100, 21.2100, 21.2100, 5100
2017-05-02, 21.2100, 21.2100, 21.2100, 21.2100, 0
2017-05-03, 21.2100, 21.2100, 21.2100, 21.2100, 0
2017-05-04, 21.2100, 21.2100, 21.2100, 21.2100, 0
2017-05-05, 21.2100, 21.2100, 21.2100, 21.2100, 0
2017-05-08, 21.3073, 21.3073, 21.2918, 21.2918, 558
2017-05-09, 21.3420, 21.3500, 21.3420, 21.3500, 535
2017-05-10, 21.3300, 21.3300, 21.3300, 21.3300, 299
2017-05-11, 21.3300, 21.3300, 21.3300, 21.3300, 0
2017-05-12, 21.3300, 21.3300, 21.3300, 21.3300, 0
2017-05-15, 21.3300, 21.3300, 21.3300, 21.3300, 0
2017-05-16, 21.1785, 21.1785, 21.1785, 21.1785, 100
2017-05-17, 20.9800, 20.9800, 20.8900, 20.8900, 235
2017-05-18, 20.8900, 20.8900, 20.8900, 20.8900, 37
2017-05-19, 20.8900, 20.8900, 20.8900, 20.8900, 0
2017-05-22, 20.8428, 20.8428, 20.8428, 20.8428, 1100
2017-05-23, 20.8428, 20.8428, 20.8428, 20.8428, 0
2017-05-24, 20.8428, 20.8428, 20.8428, 20.8428, 0
2017-05-25, 20.8428, 20.8428, 20.8428, 20.8428, 0
2017-05-26, 20.8201, 20.8266, 20.8201, 20.8202, 558
2017-05-30, 20.7620, 20.8099, 20.7399, 20.7400, 5204
2017-05-31, 20.7400, 20.7400, 20.7400, 20.7400, 0
2017-06-01, 20.7400, 20.7400, 20.7400, 20.7400, 0
2017-06-02, 20.7400, 20.7400, 20.7400, 20.7400, 50
2017-06-05, 20.7400, 20.7400, 20.7400, 20.7400, 0
2017-06-06, 20.4300, 20.4300, 20.4000, 20.4000, 537
2017-06-07, 20.5000, 20.5000, 20.5000, 20.5000, 300
2017-06-08, 20.5868, 20.5868, 20.5868, 20.5868, 100
2017-06-09, 20.5868, 20.5868, 20.5868, 20.5868, 0
2017-06-12, 20.5868, 20.5868, 20.5868, 20.5868, 0
2017-06-13, 20.6264, 20.6328, 20.6200, 20.6328, 500
2017-06-14, 20.6328, 20.6328, 20.6328, 20.6328, 0
2017-06-15, 20.6328, 20.6328, 20.6328, 20.6328, 0
2017-06-16, 20.6328, 20.6328, 20.6328, 20.6328, 75
2017-06-19, 20.6328, 20.6328, 20.6328, 20.6328, 0
2017-06-20, 20.1268, 20.1268, 20.1201, 20.1201, 500
2017-06-21, 20.1800, 20.1801, 20.1302, 20.1302, 1420
2017-06-22, 20.1302, 20.1302, 20.1302, 20.1302, 0
2017-06-23, 20.1302, 20.1302, 20.1302, 20.1302, 0
2017-06-26, 20.0500, 20.0500, 19.9900, 19.9900, 1100
2017-06-27, 20.1100, 20.1100, 20.1100, 20.1100, 400
2017-06-28, 20.1100, 20.1100, 20.1100, 20.1100, 0
2017-06-29, 20.1100, 20.1100, 20.1100, 20.1100, 0
2017-06-30, 20.4200, 20.4200, 20.4200, 20.4200, 1000
2017-07-03, 20.4100, 20.6236, 20.4100, 20.5700, 958
2017-07-05, 20.5700, 20.5700, 20.5700, 20.5700, 0
2017-07-06, 20.7300, 20.7300, 20.7200, 20.7200, 400
2017-07-07, 21.0000, 21.0000, 20.8500, 20.8500, 1200
2017-07-10, 20.8300, 20.8300, 20.8300, 20.8300, 1016
2017-07-11, 20.8300, 20.8300, 20.8300, 20.8300, 0
2017-07-12, 20.6750, 20.6750, 20.6500, 20.6500, 700
2017-07-13, 20.6500, 20.6500, 20.6500, 20.6500, 0
2017-07-14, 20.6333, 20.6333, 20.6333, 20.6333, 1132
2017-07-17, 20.7464, 20.7464, 20.7200, 20.7200, 950
2017-07-18, 20.5400, 20.5400, 20.5400, 20.5400, 100
2017-07-19, 20.5130, 20.5130, 20.5130, 20.5130, 308
2017-07-20, 20.3700, 20.4500, 20.3700, 20.4500, 6095
2017-07-21, 20.3700, 20.3700, 20.3700, 20.3700, 2500
2017-07-24, 20.3700, 20.3700, 20.3700, 20.3700, 0
2017-07-25, 20.5600, 20.5600, 20.5600, 20.5600, 350
2017-07-26, 20.5600, 20.5600, 20.5600, 20.5600, 0
2017-07-27, 20.5600, 20.5600, 20.5600, 20.5600, 0
2017-07-28, 20.5600, 20.5600, 20.5600, 20.5600, 0
2017-07-31, 20.6800, 20.6800, 20.6800, 20.6800, 1000
2017-08-01, 20.6800, 20.6800, 20.6800, 20.6800, 0
2017-08-02, 20.4600, 20.4600, 20.4300, 20.4300, 500
2017-08-03, 20.4300, 20.4300, 20.4300, 20.4300, 0
2017-08-04, 20.4300, 20.4300, 20.4300, 20.4300, 0
2017-08-07, 20.3900, 20.4000, 20.3900, 20.4000, 1300
2017-08-08, 20.5000, 20.5000, 20.5000, 20.5000, 100
2017-08-09, 20.5000, 20.5000, 20.5000, 20.5000, 0
2017-08-10, 20.2800, 20.2800, 20.2710, 20.2710, 643
2017-08-11, 20.2200, 20.2200, 20.2200, 20.2200, 150
2017-08-14, 20.2200, 20.2200, 20.2200, 20.2200, 0
2017-08-15, 20.4300, 20.4300, 20.4300, 20.4300, 100
2017-08-16, 20.4300, 20.4300, 20.4300, 20.4300, 0
2017-08-17, 20.1680, 20.1790, 20.1680, 20.1790, 200
2017-08-18, 20.1400, 20.1425, 20.1400, 20.1425, 200
2017-08-21, 20.1425, 20.1425, 20.1425, 20.1425, 0
2017-08-22, 20.1425, 20.1425, 20.1425, 20.1425, 0
2017-08-23, 20.1425, 20.1425, 20.1425, 20.1425, 0
2017-08-24, 20.1425, 20.1425, 20.1425, 20.1425, 0
2017-08-25, 20.0700, 20.0700, 20.0400, 20.0400, 1325
2017-08-28, 20.0400, 20.0400, 20.0400, 20.0400, 50
2017-08-29, 19.9700, 19.9700, 19.9700, 19.9700, 148
2017-08-30, 19.9700, 19.9700, 19.9700, 19.9700, 66
2017-08-31, 19.9700, 19.9700, 19.9700, 19.9700, 0
2017-09-01, 19.9700, 19.9700, 19.9700, 19.9700, 0
2017-09-05, 19.9700, 19.9700, 19.9700, 19.9700, 35
2017-09-06, 19.6900, 19.9120, 19.6900, 19.9100, 6672
2017-09-07, 19.6900, 19.6900, 19.6900, 19.6900, 925
2017-09-08, 19.7800, 19.7800, 19.7800, 19.7800, 500
2017-09-11, 19.7800, 19.7800, 19.7800, 19.7800, 0
2017-09-12, 19.7800, 19.7800, 19.7800, 19.7800, 0
2017-09-13, 20.1499, 20.1499, 20.1300, 20.1300, 2293
2017-09-14, 20.0950, 20.0950, 20.0950, 20.0950, 211
2017-09-15, 20.0100, 20.0100, 20.0100, 20.0100, 150
2017-09-18, 20.1800, 20.1800, 20.1800, 20.1800, 344
2017-09-19, 20.1800, 20.1800, 20.1800, 20.1800, 76
2017-09-20, 20.2800, 20.3300, 20.2800, 20.3300, 1542
2017-09-21, 20.1600, 20.1788, 20.1600, 20.1788, 1400
2017-09-22, 20.1788, 20.1788, 20.1788, 20.1788, 0
2017-09-25, 20.1788, 20.1788, 20.1788, 20.1788, 0
2017-09-26, 20.1788, 20.1788, 20.1788, 20.1788, 0
2017-09-27, 20.1788, 20.1788, 20.1788, 20.1788, 0
2017-09-28, 20.4600, 20.4600, 20.4500, 20.4500, 6368
2017-09-29, 20.4500, 20.4500, 20.4500, 20.4500, 50
2017-10-02, 21.2600, 21.2600, 20.4000, 20.4100, 17500
2017-10-03, 20.4500, 20.4530, 20.4500, 20.4530, 1000
2017-10-04, 20.4530, 20.4530, 20.4530, 20.4530, 0
2017-10-05, 20.4500, 20.4500, 20.4500, 20.4500, 0
2017-10-06, 20.4530, 20.4530, 20.4530, 20.4530, 0
2017-10-09, 20.4530, 20.4530, 20.4530, 20.4530, 0
2017-10-10, 20.4530, 20.4530, 20.4530, 20.4530, 0
2017-10-11, 20.4500, 20.4500, 20.4500, 20.4500, 0
2017-10-12, 20.4200, 20.4200, 20.4200, 20.4200, 500
2017-10-13, 20.4200, 20.4200, 20.4200, 20.4200, 22
2017-10-16, 20.4200, 20.4200, 20.4200, 20.4200, 0
2017-10-17, 20.4200, 20.4200, 20.4200, 20.4200, 5
2017-10-18, 20.3600, 20.3600, 20.3600, 20.3600, 1050
2017-10-19, 20.1880, 20.1975, 20.1800, 20.1975, 1025
2017-10-20, 20.2000, 20.2000, 20.2000, 20.2000, 0
2017-10-23, 20.1975, 20.1975, 20.1975, 20.1975, 0
2017-10-24, 20.2000, 20.2000, 20.2000, 20.2000, 0
2017-10-25, 20.7100, 20.7499, 20.7100, 20.7299, 850
2017-10-26, 20.6200, 20.7200, 20.6200, 20.7200, 670
2017-10-27, 20.7200, 20.7200, 20.7200, 20.7200, 0
2017-10-30, 20.5300, 20.5300, 20.5100, 20.5100, 2500
2017-10-31, 20.5100, 20.5100, 20.5100, 20.5100, 0
2017-11-01, 20.5100, 20.5100, 20.5100, 20.5100, 5
2017-11-02, 20.2110, 20.2110, 20.2110, 20.2110, 100
2017-11-03, 20.2110, 20.2110, 20.2110, 20.2110, 100
2017-11-06, 20.1000, 20.1088, 20.1000, 20.1088, 660
2017-11-07, 20.1088, 20.1088, 20.1088, 20.1088, 0
2017-11-08, 20.0400, 20.0400, 20.0400, 20.0400, 100
2017-11-09, 20.0400, 20.0400, 20.0400, 20.0400, 0
2017-11-10, 20.0400, 20.0400, 20.0400, 20.0400, 25
2017-11-13, 20.0400, 20.0400, 20.0400, 20.0400, 75
2017-11-14, 20.0400, 20.0400, 20.0400, 20.0400, 0
2017-11-15, 20.0400, 20.0400, 20.0400, 20.0400, 5
2017-11-16, 20.2700, 20.2700, 20.2700, 20.2700, 525
2017-11-17, 20.2700, 20.2700, 20.2700, 20.2700, 0
2017-11-20, 20.1558, 20.1558, 20.1558, 20.1558, 250
2017-11-21, 20.1700, 20.1700, 20.1700, 20.1700, 180
2017-11-22, 19.9831, 19.9831, 19.9623, 19.9623, 1944
2017-11-24, 19.9600, 19.9600, 19.9600, 19.9600, 0
2017-11-27, 19.9623, 19.9623, 19.9623, 19.9623, 0
2017-11-28, 19.9623, 19.9623, 19.9623, 19.9623, 0
2017-11-29, 20.1800, 20.2000, 20.1750, 20.1750, 518
2017-11-30, 20.2000, 20.2900, 20.1500, 20.2620, 12687
2017-12-01, 20.2620, 20.2620, 20.2620, 20.2620, 0
2017-12-04, 20.2620, 20.2620, 20.2620, 20.2620, 44
2017-12-05, 19.9399, 19.9399, 19.9257, 19.9257, 838
2017-12-06, 19.9257, 19.9257, 19.9257, 19.9257, 1
2017-12-07, 19.8600, 19.8600, 19.8600, 19.8600, 100
2017-12-08, 20.0700, 20.0700, 20.0700, 20.0700, 100
2017-12-11, 19.9200, 19.9200, 19.9200, 19.9200, 130
2017-12-12, 19.9200, 19.9200, 19.9200, 19.9200, 0
2017-12-13, 19.9500, 19.9500, 19.9300, 19.9300, 6760
2017-12-14, 19.9300, 19.9300, 19.9300, 19.9300, 0
2017-12-15, 19.9300, 19.9300, 19.9300, 19.9300, 0
2017-12-18, 19.8200, 19.8200, 19.8100, 19.8189, 1521
2017-12-19, 20.0100, 20.2100, 20.0100, 20.1706, 10064
2017-12-20, 20.3600, 20.3900, 20.3400, 20.3735, 2461
2017-12-21, 20.3900, 20.4200, 20.3100, 20.3700, 10750
2017-12-22, 20.3700, 20.3700, 20.3700, 20.3700, 7
2017-12-26, 20.3700, 20.3700, 20.3700, 20.3700, 0
2017-12-27, 20.3700, 20.3700, 20.3700, 20.3700, 0
2017-12-28, 19.9800, 20.0100, 19.9200, 19.9400, 5300
2017-12-29, 19.9059, 19.9180, 19.9059, 19.9180, 1700
2018-01-02, 20.1000, 20.1600, 20.1000, 20.1600, 200
2018-01-03, 20.1600, 20.1600, 20.1600, 20.1600, 0
2018-01-04, 20.1600, 20.1600, 20.1600, 20.1600, 0
2018-01-05, 20.1600, 20.1600, 20.1600, 20.1600, 0
2018-01-08, 20.1600, 20.1600, 20.1600, 20.1600, 1235
2018-01-09, 20.3400, 20.3701, 20.3400, 20.3701, 4150
2018-01-10, 20.3701, 20.3701, 20.3701, 20.3701, 0
2018-01-11, 20.3391, 20.3391, 20.3200, 20.3200, 250
2018-01-12, 20.3300, 20.3300, 20.3300, 20.3300, 190
2018-01-16, 20.2600, 20.2600, 20.2450, 20.2450, 300
2018-01-17, 20.1500, 20.2600, 20.1500, 20.2600, 524
2018-01-18, 20.3800, 20.3800, 20.3698, 20.3800, 735
2018-01-19, 20.4900, 20.4900, 20.4890, 20.4890, 749
2018-01-22, 20.4799, 20.4850, 20.4799, 20.4850, 1815
2018-01-23, 20.3900, 20.4200, 20.3900, 20.4200, 224
2018-01-24, 20.6050, 20.6050, 20.6050, 20.6050, 100
2018-01-25, 20.4306, 20.4306, 20.4306, 20.4306, 550
2018-01-26, 20.4700, 20.5300, 20.4301, 20.4301, 2154
2018-01-29, 20.4301, 20.4301, 20.4301, 20.4301, 47
2018-01-30, 20.7500, 20.7500, 20.7500, 20.7500, 244
2018-01-31, 20.7100, 20.7100, 20.6800, 20.7100, 654
2018-02-01, 20.7800, 20.8300, 20.7800, 20.8300, 2300
2018-02-02, 21.0000, 21.1400, 21.0000, 21.0700, 7588
2018-02-05, 21.2000, 21.2300, 21.1100, 21.1400, 4238
2018-02-06, 20.9391, 20.9391, 20.9391, 20.9391, 875
2018-02-07, 21.0800, 21.3000, 21.0799, 21.2711, 2228
2018-02-08, 21.2300, 21.3800, 21.2300, 21.3161, 3060
2018-02-09, 21.2300, 21.3400, 21.2300, 21.3400, 1560
2018-02-12, 21.3150, 21.3150, 21.3150, 21.3150, 100
2018-02-13, 21.2200, 21.3300, 21.2200, 21.3300, 419
2018-02-14, 21.3400, 21.3400, 21.3400, 21.3400, 450
2018-02-15, 21.3400, 21.3599, 21.3155, 21.3599, 508
2018-02-16, 21.3599, 21.3599, 21.3599, 21.3599, 0
2018-02-20, 21.3500, 21.3500, 21.3500, 21.3500, 368
2018-02-21, 21.2900, 21.5600, 21.2900, 21.5600, 2452
2018-02-22, 21.5500, 21.5800, 21.5495, 21.5495, 2123
2018-02-23, 21.4100, 21.4100, 21.3200, 21.3473, 4715
2018-02-26, 21.3500, 21.3500, 21.3500, 21.3500, 30
2018-02-27, 21.3473, 21.3473, 21.3473, 21.3473, 80
2018-02-28, 21.3500, 21.3500, 21.3500, 21.3500, 4600
2018-03-01, 21.1700, 21.1710, 21.1173, 21.1173, 312
2018-03-02, 21.2600, 21.2600, 21.2425, 21.2425, 1167
2018-03-05, 21.2425, 21.2425, 21.2425, 21.2425, 0
2018-03-06, 21.2200, 21.2200, 21.2200, 21.2200, 265
2018-03-07, 21.2896, 21.3090, 21.2896, 21.3090, 500
2018-03-08, 21.3000, 21.3000, 21.2100, 21.2800, 874
2018-03-09, 21.2800, 21.2800, 21.2800, 21.2800, 3
2018-03-12, 21.2800, 21.2800, 21.2800, 21.2800, 0
2018-03-13, 21.2800, 21.2800, 21.2800, 21.2800, 0
2018-03-14, 21.0200, 21.0200, 21.0200, 21.0200, 1100
2018-03-15, 21.0201, 21.0201, 21.0201, 21.0201, 0
2018-03-16, 21.0000, 21.0000, 21.0000, 21.0000, 100
2018-03-19, 21.0734, 21.0734, 21.0734, 21.0734, 404
2018-03-20, 21.0700, 21.0700, 21.0700, 21.0700, 0
2018-03-21, 21.1300, 21.1480, 21.1100, 21.1100, 8600
2018-03-22, 20.9150, 20.9150, 20.8600, 20.8600, 1470
2018-03-23, 20.8600, 20.8600, 20.8600, 20.8600, 6
2018-03-26, 20.8600, 20.8600, 20.8600, 20.8600, 0
2018-03-27, 20.7610, 20.7917, 20.7610, 20.7700, 2791
2018-03-28, 20.7700, 20.7700, 20.7700, 20.7700, 9
2018-03-29, 20.6400, 20.6400, 20.6400, 20.6400, 159
2018-04-02, 20.5229, 20.5400, 20.5229, 20.5400, 578
2018-04-03, 20.5400, 20.5400, 20.5400, 20.5400, 50
2018-04-04, 20.5400, 20.5400, 20.5400, 20.5400, 0
2018-04-05, 20.5400, 20.5400, 20.5400, 20.5400, 8
2018-04-06, 20.5400, 20.5400, 20.5400, 20.5400, 0
2018-04-09, 20.5400, 20.5400, 20.5400, 20.5400, 0
2018-04-10, 20.7400, 20.7400, 20.7400, 20.7400, 200
2018-04-11, 20.7400, 20.7400, 20.7400, 20.7400, 0
2018-04-12, 20.8300, 20.8300, 20.8300, 20.8300, 100
2018-04-13, 20.8250, 20.8250, 20.8250, 20.8250, 0
2018-04-16, 20.8500, 20.8500, 20.8500, 20.8500, 4000
2018-04-17, 20.8500, 20.8500, 20.8500, 20.8500, 0
2018-04-18, 20.7302, 20.7302, 20.7302, 20.7302, 204
2018-04-19, 20.9200, 21.1322, 20.9200, 21.1100, 13332
2018-04-20, 21.1100, 21.1100, 21.1100, 21.1100, 0
2018-04-23, 21.2110, 21.2127, 21.2110, 21.2127, 1000
2018-04-24, 21.2593, 21.2593, 21.2593, 21.2593, 115
2018-04-25, 21.4200, 21.4400, 21.4200, 21.4400, 990
2018-04-26, 21.2700, 21.2700, 21.2700, 21.2700, 1000
2018-04-27, 21.2692, 21.2692, 21.2692, 21.2692, 2
2018-04-30, 21.2692, 21.2692, 21.2692, 21.2692, 4
2018-05-01, 21.2692, 21.2692, 21.2692, 21.2692, 7
2018-05-02, 21.2692, 21.2692, 21.2692, 21.2692, 11
2018-05-03, 21.2000, 21.2000, 21.2000, 21.2000, 400
2018-05-04, 21.2000, 21.2000, 21.2000, 21.2000, 25
2018-05-07, 21.2000, 21.2000, 21.2000, 21.2000, 17
2018-05-08, 21.2000, 21.2000, 21.2000, 21.2000, 10
2018-05-09, 21.2000, 21.2000, 21.2000, 21.2000, 0
2018-05-10, 21.2000, 21.2000, 21.2000, 21.2000, 50
2018-05-11, 21.0300, 21.0300, 21.0300, 21.0300, 536
2018-05-14, 21.0400, 21.1000, 21.0400, 21.1000, 900
2018-05-15, 21.1000, 21.1000, 21.1000, 21.1000, 0
2018-05-16, 21.1000, 21.1000, 21.1000, 21.1000, 0
2018-05-17, 21.1000, 21.1000, 21.1000, 21.1000, 0
2018-05-18, 21.4648, 21.4648, 21.3880, 21.3880, 2097
2018-05-21, 21.3900, 21.3900, 21.3900, 21.3900, 0
2018-05-22, 21.3880, 21.3880, 21.3880, 21.3880, 0
2018-05-23, 21.3880, 21.3880, 21.3880, 21.3880, 0
2018-05-24, 21.3880, 21.3880, 21.3880, 21.3880, 12
2018-05-25, 21.3880, 21.3880, 21.3880, 21.3880, 0
2018-05-29, 20.4874, 20.4874, 20.4874, 20.4874, 100
2018-05-30, 20.7000, 20.7000, 20.6996, 20.6996, 670
2018-05-31, 20.6996, 20.6996, 20.6996, 20.6996, 0
2018-06-01, 20.7500, 20.7600, 20.7000, 20.7600, 1476
2018-06-04, 20.8500, 20.9033, 20.8500, 20.9033, 2720
2018-06-05, 20.9000, 20.9000, 20.9000, 20.9000, 1
2018-06-06, 20.9033, 20.9033, 20.9033, 20.9033, 0
2018-06-07, 20.9033, 20.9033, 20.9033, 20.9033, 0
2018-06-08, 20.9033, 20.9033, 20.9033, 20.9033, 0
2018-06-11, 20.9033, 20.9033, 20.9033, 20.9033, 0
2018-06-12, 20.9033, 20.9033, 20.9033, 20.9033, 0
2018-06-13, 21.0080, 21.0500, 20.9500, 20.9500, 3105
2018-06-14, 20.9500, 20.9500, 20.9500, 20.9500, 0
2018-06-15, 20.7848, 20.7848, 20.7848, 20.7848, 246
2018-06-18, 20.7848, 20.7848, 20.7848, 20.7848, 75
2018-06-19, 20.7848, 20.7848, 20.7848, 20.7848, 0
2018-06-20, 20.7848, 20.7848, 20.7848, 20.7848, 0
2018-06-21, 20.7848, 20.7848, 20.7848, 20.7848, 0
2018-06-22, 20.7276, 20.7276, 20.7276, 20.7276, 9
2018-06-25, 20.6100, 20.6100, 20.5900, 20.5900, 45816
2018-06-26, 20.8100, 20.8100, 20.6426, 20.6799, 5914
2018-06-27, 20.6600, 20.6600, 20.4522, 20.4591, 34355
2018-06-28, 20.5200, 20.5200, 20.4499, 20.5100, 16207
2018-06-29, 20.5100, 20.5100, 20.5100, 20.5100, 0
2018-07-02, 20.5600, 20.5600, 20.5600, 20.5600, 3027
2018-07-03, 20.5100, 20.5100, 20.4600, 20.4600, 469
2018-07-05, 20.3799, 20.3800, 20.3799, 20.3800, 1278
2018-07-06, 20.3800, 20.3800, 20.3800, 20.3800, 0
2018-07-09, 20.3800, 20.3800, 20.3800, 20.3800, 0
2018-07-10, 20.3800, 20.3800, 20.3800, 20.3800, 0
2018-07-11, 20.4300, 20.4300, 20.3900, 20.3900, 352
2018-07-12, 20.3500, 20.3500, 20.3500, 20.3500, 700
2018-07-13, 20.3501, 20.3501, 20.3501, 20.3501, 0
2018-07-16, 20.3501, 20.3501, 20.3501, 20.3501, 0
2018-07-17, 20.3501, 20.3501, 20.3501, 20.3501, 0
2018-07-18, 20.3501, 20.3501, 20.3501, 20.3501, 1
2018-07-19, 20.3501, 20.3501, 20.3501, 20.3501, 0
2018-07-20, 20.3501, 20.3501, 20.3501, 20.3501, 0
2018-07-23, 20.3501, 20.3501, 20.3501, 20.3501, 0
2018-07-24, 20.8500, 20.8500, 20.8500, 20.8500, 100
2018-07-25, 20.8520, 20.8520, 20.8520, 20.8520, 4
2018-07-26, 20.8520, 20.8520, 20.8520, 20.8520, 0
2018-07-27, 20.8520, 20.8520, 20.8520, 20.8520, 0
2018-07-30, 20.9000, 20.9100, 20.9000, 20.9100, 2170
2018-07-31, 20.9100, 20.9100, 20.9100, 20.9100, 0
2018-08-01, 20.9100, 20.9100, 20.9100, 20.9100, 0
2018-08-02, 20.9100, 20.9100, 20.9100, 20.9100, 0
2018-08-03, 20.8800, 20.8800, 20.8800, 20.8800, 200
2018-08-06, 20.8800, 20.8800, 20.8800, 20.8800, 0
2018-08-07, 20.8800, 20.8800, 20.8800, 20.8800, 0
2018-08-08, 20.9900, 20.9900, 20.9900, 20.9900, 4936
2018-08-09, 20.8400, 20.8400, 20.8400, 20.8400, 200
2018-08-10, 20.8378, 20.8378, 20.8378, 20.8378, 47
2018-08-13, 20.6700, 20.6950, 20.6600, 20.6600, 625
2018-08-14, 20.7100, 20.7100, 20.7100, 20.7100, 1200
2018-08-15, 20.7100, 20.7100, 20.7100, 20.7100, 20
2018-08-16, 20.7100, 20.7100, 20.7100, 20.7100, 60
2018-08-17, 20.7100, 20.7100, 20.7100, 20.7100, 28
2018-08-20, 20.4800, 20.4800, 20.4800, 20.4800, 1000
2018-08-21, 20.4800, 20.4800, 20.4800, 20.4800, 2
2018-08-22, 20.4701, 20.4701, 20.4500, 20.4500, 444
2018-08-23, 20.4500, 20.4500, 20.4500, 20.4500, 1
2018-08-24, 20.4500, 20.4500, 20.4500, 20.4500, 0
2018-08-27, 20.4500, 20.4500, 20.4500, 20.4500, 0
2018-08-28, 20.4500, 20.4500, 20.4500, 20.4500, 0
2018-08-29, 20.4500, 20.4500, 20.4500, 20.4500, 0
2018-08-30, 20.4500, 20.4500, 20.4500, 20.4500, 0
2018-08-31, 20.4500, 20.4500, 20.4500, 20.4500, 0
2018-09-04, 20.4500, 20.4500, 20.4500, 20.4500, 139
2018-09-05, 20.7600, 20.7600, 20.7500, 20.7500, 1600
2018-09-06, 20.7500, 20.7500, 20.7500, 20.7500, 0
2018-09-07, 20.8800, 20.8800, 20.8800, 20.8800, 300
2018-09-10, 20.8301, 20.8454, 20.8300, 20.8454, 800
2018-09-11, 20.8454, 20.8454, 20.8454, 20.8454, 0
2018-09-12, 20.8500, 20.8500, 20.8500, 20.8500, 0
2018-09-13, 20.8454, 20.8454, 20.8454, 20.8454, 0
2018-09-14, 20.9500, 20.9700, 20.9500, 20.9700, 200
2018-09-17, 20.9700, 20.9700, 20.9700, 20.9700, 0
2018-09-18, 20.9680, 20.9680, 20.9680, 20.9680, 94
2018-09-19, 21.3680, 21.3680, 21.3500, 21.3500, 400
2018-09-20, 21.3500, 21.3500, 21.3500, 21.3500, 0
2018-09-21, 21.3500, 21.3500, 21.3500, 21.3500, 0
2018-09-24, 21.2900, 21.2900, 21.2900, 21.2900, 200
2018-09-25, 21.2870, 21.2870, 21.2870, 21.2870, 0
2018-09-26, 21.2870, 21.2870, 21.2870, 21.2870, 0
2018-09-27, 21.2870, 21.2870, 21.2870, 21.2870, 0
2018-09-28, 21.1997, 21.1997, 21.1997, 21.1997, 8
2018-10-01, 21.1997, 21.1997, 21.1997, 21.1997, 0
2018-10-02, 21.1997, 21.1997, 21.1997, 21.1997, 0
2018-10-03, 21.1997, 21.1997, 21.1997, 21.1997, 3
2018-10-04, 21.7527, 21.7700, 21.7200, 21.7200, 7984
2018-10-05, 21.8500, 21.9700, 21.8500, 21.9132, 12990
2018-10-08, 21.9700, 22.0000, 21.8900, 22.0000, 3826
2018-10-09, 21.9900, 21.9900, 21.8000, 21.8000, 2825
2018-10-10, 21.8711, 21.8801, 21.8336, 21.8336, 3062
2018-10-11, 21.7400, 21.7400, 21.5700, 21.6000, 5105
2018-10-12, 21.5870, 21.5870, 21.5600, 21.5850, 1565
2018-10-15, 21.5900, 21.5900, 21.5900, 21.5900, 100
2018-10-16, 21.5900, 21.5900, 21.5900, 21.5900, 0
2018-10-17, 21.5900, 21.5900, 21.5900, 21.5900, 107
2018-10-18, 21.5900, 21.5900, 21.5900, 21.5900, 0
2018-10-19, 21.7200, 21.7500, 21.7200, 21.7500, 2447
2018-10-22, 21.7370, 21.7387, 21.7210, 21.7210, 1536
2018-10-23, 21.7000, 21.7000, 21.7000, 21.7000, 2100
2018-10-24, 21.6951, 21.6951, 21.6951, 21.6951, 0
2018-10-25, 21.6900, 21.6900, 21.6900, 21.6900, 900
2018-10-26, 21.6888, 21.6888, 21.6888, 21.6888, 0
2018-10-29, 21.5836, 21.5836, 21.5836, 21.5836, 400
2018-10-30, 21.6880, 21.6880, 21.6880, 21.6880, 430
2018-10-31, 21.6880, 21.6880, 21.6880, 21.6880, 690
2018-11-01, 21.6900, 21.6900, 21.6900, 21.6900, 0
2018-11-02, 21.6880, 21.6880, 21.6880, 21.6880, 28
2018-11-05, 21.6880, 21.6880, 21.6880, 21.6880, 5
2018-11-06, 21.6900, 21.6900, 21.6900, 21.6900, 0
2018-11-07, 21.6880, 21.6880, 21.6880, 21.6880, 2
2018-11-08, 21.6880, 21.6880, 21.6880, 21.6880, 46
2018-11-09, 21.6900, 21.6900, 21.6900, 21.6900, 0
