2013-01-15, 17.5000, 17.9300, 17.4000, 17.6000, 9229281
2013-01-16, 17.7000, 17.8000, 17.5700, 17.5700, 1330922
2013-01-17, 17.5800, 17.7000, 17.5000, 17.5000, 593910
2013-01-18, 17.5000, 17.5800, 17.2500, 17.4000, 565283
2013-01-22, 17.4500, 17.9120, 17.2800, 17.8700, 438611
2013-01-23, 17.9400, 17.9400, 17.6850, 17.8300, 435235
2013-01-24, 17.7700, 17.9100, 17.7200, 17.8000, 257596
2013-01-25, 17.8900, 17.9800, 17.7500, 17.8000, 264335
2013-01-28, 17.7800, 17.8500, 17.6400, 17.7500, 131464
2013-01-29, 17.8000, 17.8400, 17.6600, 17.7500, 156042
2013-01-30, 17.8000, 17.8200, 17.6600, 17.7800, 131786
2013-01-31, 17.8500, 17.8500, 17.6500, 17.7200, 103807
2013-02-01, 17.7500, 17.9500, 17.7400, 17.8200, 114636
2013-02-04, 17.8900, 17.8900, 17.5500, 17.7500, 88147
2013-02-05, 17.8500, 17.8500, 17.6500, 17.7500, 106313
2013-02-06, 17.7500, 17.9000, 17.6500, 17.7900, 140690
2013-02-07, 17.7300, 17.9500, 17.7068, 17.9100, 117200
2013-02-08, 17.8400, 17.9500, 17.7180, 17.9500, 115090
2013-02-11, 18.1100, 18.4400, 18.0500, 18.3100, 989814
2013-02-12, 18.4500, 18.7700, 18.4000, 18.4500, 401691
2013-02-13, 18.5700, 18.8500, 18.4300, 18.5100, 231898
2013-02-14, 18.5600, 18.6600, 18.3800, 18.3900, 148956
2013-02-15, 18.3300, 18.4500, 18.1301, 18.4000, 218082
2013-02-19, 18.3300, 18.4800, 18.1300, 18.4000, 190162
2013-02-20, 18.3338, 18.5500, 18.2300, 18.2600, 182682
2013-02-21, 18.2600, 18.3500, 18.0200, 18.0300, 167288
2013-02-22, 18.1700, 18.4500, 18.1700, 18.3400, 178226
2013-02-25, 18.3100, 18.4600, 18.1200, 18.1600, 107965
2013-02-26, 18.3000, 18.4900, 18.0600, 18.4500, 166280
2013-02-27, 18.4900, 18.6700, 18.2700, 18.5700, 185845
2013-02-28, 18.4700, 18.6900, 18.3903, 18.6500, 207577
2013-03-01, 18.5300, 18.8000, 18.3200, 18.7000, 129412
2013-03-04, 18.7700, 19.0000, 18.6000, 18.9700, 131809
2013-03-05, 18.9800, 19.3000, 18.9701, 19.2000, 189230
2013-03-06, 19.1600, 19.2500, 18.6200, 19.0500, 179962
2013-03-07, 19.0000, 19.2000, 18.8201, 19.1600, 54746
2013-03-08, 18.8300, 19.3900, 18.8300, 19.3100, 214583
2013-03-11, 19.2900, 19.6499, 19.0400, 19.6000, 129463
2013-03-12, 19.5100, 19.7500, 19.3001, 19.5200, 110085
2013-03-13, 19.4500, 19.7500, 19.3200, 19.6500, 79911
2013-03-14, 19.6500, 19.8500, 19.4500, 19.6100, 114621
2013-03-15, 19.4700, 19.8200, 19.4076, 19.7600, 104047
2013-03-18, 19.7000, 19.7000, 19.2500, 19.5200, 143369
2013-03-19, 19.5100, 19.5200, 19.2000, 19.2000, 151921
2013-03-20, 19.1800, 19.2600, 18.6700, 19.1800, 176495
2013-03-21, 19.0000, 19.1715, 18.8500, 19.1300, 66492
2013-03-22, 19.2300, 19.3500, 18.9341, 19.2000, 44182
2013-03-25, 19.1501, 19.2160, 19.0000, 19.2000, 62834
2013-03-26, 19.1500, 19.5000, 19.1000, 19.4700, 66112
2013-03-27, 19.2700, 19.6600, 19.1700, 19.6500, 77356
2013-03-28, 19.5600, 20.0000, 19.4800, 20.0000, 136047
2013-04-01, 19.8300, 19.9934, 19.7100, 19.9000, 127562
2013-04-02, 19.9500, 20.0830, 19.8527, 20.0000, 144009
2013-04-03, 20.0000, 20.0100, 19.6100, 19.6200, 175280
2013-04-04, 19.5600, 19.6499, 19.3600, 19.6100, 104698
2013-04-05, 19.3600, 19.8900, 18.7700, 19.7500, 68071
2013-04-08, 19.6600, 19.9800, 19.3300, 19.8600, 82670
2013-04-09, 19.7600, 20.0100, 19.7500, 19.9700, 101554
2013-04-10, 19.9900, 20.0300, 19.8100, 20.0100, 79068
2013-04-11, 20.0200, 20.2500, 19.8500, 20.0000, 180039
2013-04-12, 19.9100, 20.0000, 19.7600, 19.9900, 34465
2013-04-15, 19.8100, 19.9800, 19.2700, 19.5800, 130263
2013-04-16, 19.6600, 19.7400, 19.5301, 19.6900, 124282
2013-04-17, 19.5300, 19.6500, 19.1700, 19.2900, 138027
2013-04-18, 19.1900, 19.7200, 19.0500, 19.6200, 190971
2013-04-19, 19.4800, 19.9800, 19.4000, 19.8000, 100642
2013-04-22, 19.7500, 20.0300, 19.7100, 19.9700, 62336
2013-04-23, 19.9000, 20.9200, 19.8000, 20.8000, 134431
2013-04-24, 20.8700, 21.1800, 20.6200, 20.8900, 145096
2013-04-25, 20.9500, 21.8900, 20.7900, 21.1800, 152145
2013-04-26, 21.4800, 21.5800, 20.7500, 20.8100, 92544
2013-04-29, 21.0000, 21.3800, 21.0000, 21.2600, 169852
2013-04-30, 21.3400, 21.6000, 21.1501, 21.5000, 130766
2013-05-01, 20.9800, 21.7900, 20.7701, 21.5200, 177220
2013-05-02, 21.5200, 21.5999, 21.1600, 21.4000, 60309
2013-05-03, 21.5100, 21.7200, 21.3001, 21.7000, 114329
2013-05-06, 21.6100, 22.2900, 21.5400, 22.1900, 84513
2013-05-07, 22.3000, 22.4700, 22.2001, 22.4300, 43050
2013-05-08, 22.3200, 22.6800, 22.2301, 22.3268, 73364
2013-05-09, 22.0000, 22.3200, 21.4300, 22.0000, 208326
2013-05-10, 21.8600, 22.4600, 21.6600, 22.3000, 103121
2013-05-13, 22.0000, 22.3400, 21.9500, 22.2200, 103586
2013-05-14, 22.0100, 22.2099, 21.6500, 21.7800, 134900
2013-05-15, 21.9000, 22.0500, 21.5000, 21.7700, 57205
2013-05-16, 21.6800, 21.8400, 21.6800, 21.7000, 47018
2013-05-17, 21.8100, 22.0700, 21.7200, 21.9800, 47529
2013-05-20, 22.0200, 22.1997, 21.8000, 21.8700, 14957
2013-05-21, 21.8700, 22.0000, 21.8200, 21.8500, 42476
2013-05-22, 21.8200, 21.9899, 21.8200, 21.8500, 35165
2013-05-23, 21.8000, 21.8000, 21.3200, 21.4400, 37953
2013-05-24, 21.3500, 21.9400, 21.3500, 21.8800, 47427
2013-05-28, 22.0000, 22.4200, 21.8400, 22.1200, 66764
2013-05-29, 22.1400, 22.7200, 22.1400, 22.7200, 119334
2013-05-30, 22.5900, 22.8300, 22.2875, 22.3100, 126459
2013-05-31, 22.4500, 22.6399, 22.0500, 22.1900, 24537
2013-06-03, 23.3500, 23.3500, 22.3700, 22.8600, 97143
2013-06-04, 22.7500, 22.8600, 21.6500, 21.6500, 268275
2013-06-05, 21.6300, 21.7400, 20.3700, 20.5900, 233165
2013-06-06, 20.6600, 20.9400, 20.5200, 20.7200, 55867
2013-06-07, 20.8400, 21.2500, 20.6800, 21.1700, 39211
2013-06-10, 21.2000, 22.1200, 21.2000, 21.9300, 136411
2013-06-11, 21.6600, 22.1900, 21.6600, 22.1700, 25801
2013-06-12, 22.1100, 22.5038, 21.5326, 22.2600, 29506
2013-06-13, 22.1200, 22.6500, 21.6700, 22.6200, 27493
2013-06-14, 22.0300, 23.0000, 22.0300, 22.9400, 30225
2013-06-17, 23.2300, 23.2600, 22.7700, 23.2400, 68520
2013-06-18, 22.9750, 23.3800, 22.8700, 23.3200, 73373
2013-06-19, 23.1300, 23.3500, 23.0600, 23.3400, 28526
2013-06-20, 23.3200, 23.3799, 22.7700, 23.0500, 83140
2013-06-21, 23.0000, 23.1700, 22.7700, 23.0700, 110068
2013-06-24, 22.8200, 23.2000, 22.1300, 23.1800, 67080
2013-06-25, 23.2500, 23.7200, 23.1200, 23.1200, 71130
2013-06-26, 23.4100, 23.4300, 23.0000, 23.1700, 65343
2013-06-27, 23.1700, 23.3300, 23.0610, 23.3100, 23207
2013-06-28, 23.1500, 23.6600, 23.1500, 23.5314, 57587
2013-07-01, 23.9800, 24.2000, 23.4400, 23.8900, 67420
2013-07-02, 23.8500, 24.0800, 23.7265, 23.8350, 45416
2013-07-03, 23.8720, 23.8750, 23.2701, 23.3400, 24656
2013-07-05, 23.5900, 23.7899, 23.4410, 23.5300, 28024
2013-07-08, 23.5300, 24.4000, 23.4200, 24.1600, 72127
2013-07-09, 24.0100, 24.3620, 24.0100, 24.3000, 40535
2013-07-10, 24.3600, 24.3999, 24.2000, 24.3100, 16253
2013-07-11, 24.3500, 24.4800, 24.2000, 24.4000, 34983
2013-07-12, 24.3700, 24.6600, 24.3100, 24.4000, 21160
2013-07-15, 24.5100, 24.7299, 24.5100, 24.6900, 101915
2013-07-16, 24.9400, 24.9500, 24.6000, 24.8300, 136497
2013-07-17, 24.8700, 25.5985, 24.8700, 25.4800, 45028
2013-07-18, 25.9200, 25.9600, 25.5000, 25.5500, 109288
2013-07-19, 25.6120, 25.9700, 25.6120, 25.8500, 20922
2013-07-22, 26.0000, 26.1690, 25.7800, 25.7800, 35965
2013-07-23, 26.0200, 26.0800, 25.0900, 25.2100, 38569
2013-07-24, 25.3600, 25.3600, 24.6588, 24.6800, 25782
2013-07-25, 24.7900, 25.3800, 24.5650, 25.2100, 27662
2013-07-26, 25.3500, 25.6000, 25.0300, 25.5200, 31049
2013-07-29, 25.6000, 25.8600, 24.9010, 25.5000, 40431
2013-07-30, 25.7700, 26.2000, 25.3800, 25.9800, 420656
2013-07-31, 25.7400, 25.7400, 25.1000, 25.3800, 41318
2013-08-01, 25.5000, 26.3040, 25.4100, 26.1900, 39497
2013-08-02, 26.1900, 26.1900, 25.7100, 26.0600, 16591
2013-08-05, 26.5000, 26.5000, 26.0200, 26.1000, 11642
2013-08-06, 26.2000, 26.2000, 25.6000, 25.6100, 21102
2013-08-07, 25.6700, 25.9500, 25.2600, 25.7600, 22289
2013-08-08, 25.8500, 26.1500, 25.6800, 25.9800, 20879
2013-08-09, 26.1500, 26.5000, 25.9700, 26.2700, 37556
2013-08-12, 26.3200, 26.3200, 25.1800, 25.2200, 33299
2013-08-13, 24.6100, 25.0700, 23.5200, 24.4800, 444637
2013-08-14, 25.4700, 25.7100, 25.0540, 25.3000, 123788
2013-08-15, 25.1600, 25.7400, 24.3100, 24.4100, 53572
2013-08-16, 24.5062, 24.5062, 23.9750, 24.2000, 38689
2013-08-19, 24.3500, 24.3800, 23.7500, 23.8200, 29067
2013-08-20, 24.3700, 24.6500, 23.8000, 24.0000, 27283
2013-08-21, 23.9000, 24.4900, 23.8000, 24.4900, 13792
2013-08-22, 24.7400, 25.0000, 24.4410, 24.6200, 24149
2013-08-23, 24.8300, 24.9600, 24.6301, 24.9130, 15278
2013-08-26, 25.0000, 25.0000, 24.6600, 24.7200, 21234
2013-08-27, 24.3300, 24.4550, 23.7800, 24.0900, 93630
2013-08-28, 24.6400, 24.6400, 24.2254, 24.4500, 8900
2013-08-29, 24.5100, 24.7400, 24.2500, 24.5500, 61271
2013-08-30, 24.5801, 25.4699, 24.5000, 24.5000, 33044
2013-09-03, 24.2300, 24.4799, 23.1500, 23.4700, 145995
2013-09-04, 23.4700, 23.6500, 22.5000, 22.5500, 220121
2013-09-05, 22.5500, 23.1799, 22.5500, 23.0000, 49148
2013-09-06, 23.0050, 23.3400, 22.8000, 23.1000, 57465
2013-09-09, 23.2800, 23.6500, 23.0650, 23.5200, 32916
2013-09-10, 23.6900, 24.0300, 23.6900, 23.9800, 53642
2013-09-11, 24.1900, 24.1901, 23.1300, 23.4100, 44780
2013-09-12, 23.2600, 23.4548, 22.9819, 23.1100, 25769
2013-09-13, 23.6800, 23.7400, 23.1600, 23.3500, 34503
2013-09-16, 23.5300, 23.8890, 23.3100, 23.6100, 81799
2013-09-17, 23.3074, 23.7800, 23.3074, 23.5400, 90806
2013-09-18, 23.8000, 23.8000, 23.3200, 23.3500, 48991
2013-09-19, 23.3300, 23.9300, 23.3300, 23.6100, 83792
2013-09-20, 23.7800, 23.9390, 23.5400, 23.5400, 29389
2013-09-23, 23.6500, 23.9000, 23.4300, 23.4300, 36173
2013-09-24, 23.3200, 24.0400, 23.3200, 23.8400, 24207
2013-09-25, 23.9400, 24.2500, 23.7750, 24.0200, 18401
2013-09-26, 24.0700, 24.2200, 23.8500, 24.0600, 24168
2013-09-27, 24.0700, 24.2290, 23.9300, 23.9840, 17847
2013-09-30, 23.7600, 24.2300, 23.5400, 23.8200, 32647
2013-10-01, 23.7400, 24.3400, 23.7400, 24.2400, 19604
2013-10-02, 24.2120, 24.2471, 24.1500, 24.1600, 8389
2013-10-03, 24.3199, 24.3199, 24.1000, 24.2200, 31304
2013-10-04, 24.1999, 24.1999, 23.7910, 23.9500, 21497
2013-10-07, 23.7400, 24.0000, 23.7400, 23.8500, 23859
2013-10-08, 23.7000, 23.7800, 23.1800, 23.5500, 40585
2013-10-09, 23.3200, 23.7000, 23.3000, 23.5800, 9348
2013-10-10, 23.8900, 24.0200, 23.7300, 23.7700, 16811
2013-10-11, 23.7100, 23.9800, 23.3200, 23.3500, 24782
2013-10-14, 23.4200, 23.6300, 22.0700, 23.0200, 95975
2013-10-15, 23.0390, 23.0390, 22.5200, 22.8000, 23703
2013-10-16, 22.8200, 22.9999, 22.7500, 22.9000, 23185
2013-10-17, 22.7800, 23.3380, 22.7800, 22.9700, 8587
2013-10-18, 23.2700, 23.7599, 23.2700, 23.5901, 17524
2013-10-21, 23.4700, 24.1399, 23.4700, 24.0000, 20378
2013-10-22, 24.2400, 24.9300, 24.2400, 24.8100, 39731
2013-10-23, 24.9400, 24.9400, 24.5000, 24.6900, 31615
2013-10-24, 24.7700, 25.2399, 24.5400, 24.6000, 31932
2013-10-25, 24.8500, 25.0200, 24.6300, 24.6700, 26886
2013-10-28, 24.7300, 25.0100, 24.6600, 24.8700, 48670
2013-10-29, 24.8200, 25.2400, 24.7700, 24.9300, 25039
2013-10-30, 25.0900, 25.2200, 24.7200, 24.7200, 22481
2013-10-31, 24.4000, 24.4000, 24.2025, 24.2800, 19693
2013-11-01, 24.2500, 24.9800, 24.2000, 24.2200, 48744
2013-11-04, 24.4800, 24.6100, 24.2001, 24.3200, 15940
2013-11-05, 24.4100, 24.4100, 24.0500, 24.2300, 170675
2013-11-06, 24.4000, 24.5390, 24.1000, 24.1900, 18254
2013-11-07, 24.1000, 24.6500, 24.1000, 24.4900, 23245
2013-11-08, 24.4400, 24.8899, 24.4400, 24.6900, 20215
2013-11-11, 24.5700, 24.8700, 24.5601, 24.5700, 22628
2013-11-12, 24.7100, 24.8200, 24.7000, 24.7500, 15644
2013-11-13, 24.7600, 24.8900, 24.6500, 24.8300, 52345
2013-11-14, 24.8900, 24.9100, 24.6500, 24.8300, 51079
2013-11-15, 25.2500, 25.3400, 25.0100, 25.0500, 54176
2013-11-18, 25.4500, 25.7000, 25.2600, 25.4600, 41599
2013-11-19, 25.5900, 25.9390, 24.7600, 25.0600, 37303
2013-11-20, 25.3300, 25.6600, 24.8301, 25.0000, 32035
2013-11-21, 24.9400, 25.9090, 24.9400, 25.2300, 30830
2013-11-22, 25.3100, 25.5000, 25.0000, 25.1400, 11622
2013-11-25, 25.2900, 25.4800, 24.5000, 24.7000, 35463
2013-11-26, 24.7000, 24.9900, 24.5765, 24.8799, 36631
2013-11-27, 25.0000, 25.2690, 24.7000, 24.7000, 20349
2013-11-29, 24.6600, 24.8790, 24.5000, 24.5100, 17144
2013-12-02, 24.6000, 24.8400, 24.3300, 24.4900, 29865
2013-12-03, 24.7200, 24.7600, 24.1301, 24.5200, 18740
2013-12-04, 24.3400, 24.6500, 24.0000, 24.5200, 238936
2013-12-05, 24.4708, 24.6200, 24.1900, 24.2400, 19369
2013-12-06, 24.5800, 24.6100, 24.0500, 24.1000, 229456
2013-12-09, 24.2600, 24.8100, 24.0600, 24.2100, 102845
2013-12-10, 24.1000, 24.2985, 24.1000, 24.2400, 8032
2013-12-11, 24.1500, 24.4900, 24.1000, 24.3600, 76645
2013-12-12, 24.4300, 24.7299, 24.3660, 24.4400, 13396
2013-12-13, 24.5900, 24.8100, 24.1456, 24.3300, 25883
2013-12-16, 24.6400, 24.6700, 24.2000, 24.5600, 229450
2013-12-17, 24.6400, 24.7000, 24.2500, 24.4900, 8442
2013-12-18, 24.4500, 24.8600, 24.4500, 24.5000, 25140
2013-12-19, 24.5500, 24.7833, 24.3200, 24.3800, 30353
2013-12-20, 24.3000, 24.5900, 24.3000, 24.5900, 74202
2013-12-23, 24.6200, 25.0000, 24.6200, 24.9000, 31173
2013-12-24, 24.7800, 25.6500, 24.5101, 25.5600, 29657
2013-12-26, 25.7200, 25.9900, 25.5600, 25.8000, 15625
2013-12-27, 25.8100, 26.3000, 25.8100, 26.0600, 31954
2013-12-30, 26.1400, 27.1200, 26.1400, 26.6800, 24552
2013-12-31, 26.5900, 26.9999, 26.5890, 26.8000, 16000
2014-01-02, 26.8000, 27.2131, 26.8000, 27.1900, 25545
2014-01-03, 27.2900, 27.4000, 26.7500, 26.7700, 16193
2014-01-06, 27.0000, 27.2500, 26.8000, 27.0000, 87551
2014-01-07, 27.1800, 27.2500, 27.0300, 27.1000, 5496
2014-01-08, 27.1000, 27.1399, 26.7500, 26.8212, 11729
2014-01-09, 27.0500, 27.0500, 26.7500, 26.9600, 35187
2014-01-10, 26.9900, 26.9900, 26.7872, 26.9000, 8417
2014-01-13, 26.9900, 27.0000, 26.5200, 26.6600, 18345
2014-01-14, 26.7600, 26.7600, 26.0900, 26.2500, 13207
2014-01-15, 26.3100, 26.4800, 26.3001, 26.3859, 6124
2014-01-16, 26.4700, 27.3100, 26.3496, 27.1500, 23684
2014-01-17, 27.1400, 27.9000, 27.0100, 27.4400, 39275
2014-01-21, 27.5100, 28.0000, 27.3400, 27.5000, 17965
2014-01-22, 27.7501, 28.0000, 27.5831, 27.5831, 4425
2014-01-23, 27.5000, 27.8000, 27.0200, 27.1800, 11271
2014-01-24, 27.1800, 27.4300, 26.6100, 26.6100, 16799
2014-01-27, 26.8100, 27.4000, 26.6000, 26.6200, 21497
2014-01-28, 26.5100, 27.7172, 26.5100, 27.4200, 30003
2014-01-29, 27.4000, 27.6000, 27.1600, 27.1600, 22916
2014-01-30, 27.8400, 28.4000, 27.6000, 27.9500, 36329
2014-01-31, 27.5000, 27.5000, 27.2301, 27.3000, 13045
2014-02-03, 27.6700, 28.7300, 27.0600, 27.1700, 28151
2014-02-04, 27.1000, 27.5700, 26.8010, 26.8200, 20014
2014-02-05, 26.8000, 26.8500, 26.4000, 26.5100, 7753
2014-02-06, 26.4100, 27.0400, 26.2701, 26.4500, 21904
2014-02-07, 26.9633, 26.9633, 26.3500, 26.6277, 10891
2014-02-10, 26.6000, 26.6200, 26.3100, 26.4400, 10562
2014-02-11, 26.3000, 26.8800, 26.3000, 26.4700, 39265
2014-02-12, 26.6200, 27.8400, 26.5500, 27.7300, 40499
2014-02-13, 27.7200, 28.3900, 27.4600, 27.5100, 48969
2014-02-14, 27.6600, 27.6600, 26.8500, 27.0800, 24114
2014-02-18, 27.0000, 27.0000, 26.1200, 26.2300, 52341
2014-02-19, 26.3400, 26.6800, 26.1300, 26.3000, 47984
2014-02-20, 26.9500, 26.9500, 26.3300, 26.3900, 163784
2014-02-21, 26.7500, 27.0723, 26.5500, 26.6900, 168447
2014-02-24, 26.9100, 27.0899, 26.1370, 26.5700, 51222
2014-02-25, 26.8100, 26.8100, 26.3101, 26.3200, 26200
2014-02-26, 26.5600, 26.9300, 26.5600, 26.6900, 16234
2014-02-27, 26.7900, 27.3700, 26.7200, 27.2000, 90709
2014-02-28, 27.1900, 27.6300, 27.1900, 27.2640, 9150
2014-03-03, 27.1100, 27.5975, 27.1001, 27.3500, 14840
2014-03-04, 27.5600, 27.6765, 27.1900, 27.2200, 19765
2014-03-05, 27.1300, 27.9100, 27.1100, 27.9100, 24312
2014-03-06, 28.0000, 28.2600, 27.6600, 27.9500, 36253
2014-03-07, 27.9600, 28.2399, 27.7065, 27.9900, 31249
2014-03-10, 27.6800, 28.1600, 27.4000, 27.5900, 30683
2014-03-11, 27.6500, 27.9265, 27.3401, 27.3800, 19592
2014-03-12, 27.3400, 27.7490, 27.0001, 27.1200, 23553
2014-03-13, 27.3800, 27.3800, 26.6000, 26.6000, 13948
2014-03-14, 26.7200, 26.9900, 26.6500, 26.7900, 27609
2014-03-17, 26.8200, 27.2100, 26.6000, 26.6500, 21815
2014-03-18, 26.6500, 27.5000, 26.5000, 27.0100, 27209
2014-03-19, 27.2100, 27.5000, 27.0200, 27.1700, 9577
2014-03-20, 27.1100, 27.4000, 26.6665, 26.9000, 22500
2014-03-21, 27.2859, 27.3100, 26.7400, 26.8800, 26955
2014-03-24, 26.7500, 26.7500, 25.7100, 26.0400, 34027
2014-03-25, 25.9400, 26.4105, 25.9400, 26.0100, 22857
2014-03-26, 26.2600, 26.5800, 25.9000, 25.9100, 15183
2014-03-27, 25.9900, 26.1900, 25.8235, 26.0000, 22205
2014-03-28, 26.0123, 26.2400, 25.9163, 26.0700, 24783
2014-03-31, 26.1400, 26.2500, 26.0500, 26.2400, 31313
2014-04-01, 26.2200, 26.6500, 26.0800, 26.4800, 21474
2014-04-02, 26.6300, 27.1400, 26.2900, 27.0400, 19184
2014-04-03, 27.1499, 27.1499, 26.8101, 27.0800, 5151
2014-04-04, 27.0700, 27.1700, 27.0440, 27.0700, 24449
2014-04-07, 27.1400, 27.1860, 26.5800, 26.7400, 16938
2014-04-08, 26.7860, 27.1500, 26.6900, 27.0000, 15420
2014-04-09, 26.9900, 27.4000, 26.9900, 27.3200, 25429
2014-04-10, 27.7500, 27.7500, 27.0200, 27.0400, 9416
2014-04-11, 27.5500, 27.5500, 26.6500, 26.7900, 17340
2014-04-14, 26.7900, 27.0110, 26.7900, 26.9600, 13658
2014-04-15, 26.9800, 27.2900, 26.9000, 27.1220, 6573
2014-04-16, 27.1500, 27.1500, 26.8500, 27.0000, 34918
2014-04-17, 26.9000, 27.1400, 26.9000, 26.9100, 16626
2014-04-21, 26.9200, 27.2500, 26.9001, 27.0100, 23796
2014-04-22, 27.0001, 27.1700, 27.0001, 27.0600, 11127
2014-04-23, 27.0300, 27.2200, 27.0300, 27.0920, 13648
2014-04-24, 27.0700, 27.1968, 27.0300, 27.0600, 2429
2014-04-25, 27.1300, 27.5900, 27.0500, 27.0500, 4851
2014-04-28, 27.1000, 27.1799, 26.9300, 27.1300, 12140
2014-04-29, 27.2700, 27.3725, 26.9800, 27.0500, 9773
2014-04-30, 26.9800, 28.2857, 26.9800, 27.7500, 74892
2014-05-01, 27.3500, 27.3912, 26.5600, 26.6700, 27509
2014-05-02, 26.6700, 27.3799, 26.6700, 27.3799, 22671
2014-05-05, 27.4000, 27.5390, 26.8000, 26.8500, 27754
2014-05-06, 27.2200, 27.2200, 26.4800, 26.4900, 26858
2014-05-07, 26.4800, 27.2300, 26.4800, 27.2300, 41421
2014-05-08, 27.0800, 27.2650, 26.8000, 26.9800, 28217
2014-05-09, 27.1000, 27.2350, 26.8401, 27.0000, 20144
2014-05-12, 27.1100, 27.3050, 26.9500, 26.9500, 11195
2014-05-13, 26.9500, 26.9500, 26.7700, 26.7700, 17397
2014-05-14, 25.0200, 25.1000, 24.7500, 24.8500, 5045747
2014-05-15, 24.8500, 24.9500, 24.7500, 24.7500, 523957
2014-05-16, 24.8500, 25.1400, 24.7800, 24.8300, 305554
2014-05-19, 24.9100, 25.1500, 24.8700, 25.1100, 176441
2014-05-20, 25.1100, 25.3200, 25.0000, 25.2500, 235734
2014-05-21, 25.3000, 25.3900, 25.2000, 25.2000, 163975
2014-05-22, 25.2000, 25.6000, 25.2000, 25.5900, 300460
2014-05-23, 25.5900, 25.6200, 25.4000, 25.4900, 184093
2014-05-27, 25.4000, 25.4000, 24.8900, 24.9200, 137647
2014-05-28, 25.0200, 25.1000, 24.5200, 24.9000, 127451
2014-05-29, 24.8200, 25.0700, 24.6600, 24.8800, 125540
2014-05-30, 24.5900, 25.0100, 24.5900, 25.0000, 99281
2014-06-02, 25.5000, 25.5000, 24.8200, 25.3100, 349006
2014-06-03, 25.1500, 25.4500, 25.0100, 25.2700, 252312
2014-06-04, 25.2732, 25.5300, 25.0500, 25.3500, 141368
2014-06-05, 25.4800, 25.6400, 25.2600, 25.5300, 122632
2014-06-06, 25.5900, 25.6000, 25.4155, 25.5200, 69817
2014-06-09, 25.5900, 25.6200, 25.3400, 25.4400, 107143
2014-06-10, 25.4600, 25.5700, 25.2400, 25.3900, 58350
2014-06-11, 25.3000, 25.5000, 25.0600, 25.4600, 106058
2014-06-12, 25.4400, 25.4400, 25.0000, 25.0600, 98343
2014-06-13, 25.0500, 25.3100, 24.8700, 24.9600, 68899
2014-06-16, 25.0000, 25.0800, 24.7500, 24.9500, 74069
2014-06-17, 24.8800, 25.2135, 24.8300, 25.1100, 73490
2014-06-18, 25.2400, 25.3200, 24.8500, 24.8800, 197761
2014-06-19, 24.9900, 25.3000, 24.7500, 24.8800, 124773
2014-06-20, 24.8600, 25.2900, 24.7801, 25.2000, 134204
2014-06-23, 25.3100, 25.4700, 25.1300, 25.4700, 95501
2014-06-24, 25.2800, 25.5900, 25.1300, 25.1700, 168647
2014-06-25, 25.1300, 25.2700, 25.0500, 25.0700, 64577
2014-06-26, 25.1800, 25.5200, 25.0500, 25.4300, 65180
2014-06-27, 25.4900, 25.7300, 25.3000, 25.6800, 111849
2014-06-30, 25.7500, 25.7500, 25.4900, 25.6800, 95029
2014-07-01, 25.6500, 25.7900, 25.4600, 25.5700, 89085
2014-07-02, 25.6700, 25.7800, 25.4100, 25.7300, 86132
2014-07-03, 25.7900, 25.7900, 25.3100, 25.5900, 49328
2014-07-07, 25.5400, 25.7300, 25.2700, 25.5200, 65349
2014-07-08, 25.4100, 25.4799, 25.3000, 25.3800, 42450
2014-07-09, 25.3600, 25.5800, 25.3040, 25.5200, 51287
2014-07-10, 25.4100, 25.6286, 25.2700, 25.3100, 108154
2014-07-11, 25.4200, 25.5700, 25.0800, 25.1220, 104874
2014-07-14, 25.1000, 25.2400, 25.0300, 25.1400, 88418
2014-07-15, 25.0800, 25.2300, 25.0100, 25.0900, 90847
2014-07-16, 25.1300, 25.5100, 25.0800, 25.2500, 131079
2014-07-17, 25.3200, 25.4800, 25.1200, 25.4800, 54695
2014-07-18, 25.3500, 25.4900, 25.2500, 25.4600, 51942
2014-07-21, 25.3300, 25.4800, 25.2900, 25.3500, 65543
2014-07-22, 25.2800, 25.4700, 25.1800, 25.3400, 81475
2014-07-23, 25.2803, 25.3993, 25.1600, 25.2500, 58568
2014-07-24, 25.2400, 25.2400, 25.0600, 25.1400, 36276
2014-07-25, 25.1300, 25.2100, 25.0900, 25.1000, 45168
2014-07-28, 25.3300, 25.7400, 25.3300, 25.6500, 258203
2014-07-29, 25.6500, 26.0800, 25.5000, 25.8800, 202321
2014-07-30, 25.9500, 26.2600, 25.5500, 25.8200, 240350
2014-07-31, 25.3300, 25.5700, 24.3300, 24.6000, 176847
2014-08-01, 24.6700, 24.9200, 23.1700, 23.6300, 334312
2014-08-04, 23.7700, 24.1000, 23.5886, 24.0100, 179424
2014-08-05, 24.0000, 24.0000, 23.5200, 23.7400, 112455
2014-08-06, 23.6200, 24.0600, 23.5000, 23.9400, 94313
2014-08-07, 23.9600, 24.0299, 23.7100, 23.8100, 79742
2014-08-08, 23.7800, 24.3538, 23.6900, 24.2000, 74913
2014-08-11, 24.1500, 25.1500, 24.1500, 24.5400, 196409
2014-08-12, 25.1000, 25.7500, 25.0260, 25.2200, 291656
2014-08-13, 25.0900, 25.2500, 24.8200, 25.1900, 149928
2014-08-14, 25.1900, 25.5000, 24.9800, 25.4400, 178523
2014-08-15, 25.6300, 25.6800, 25.1100, 25.2500, 110675
2014-08-18, 25.2800, 25.7300, 25.2800, 25.4600, 120304
2014-08-19, 25.6100, 26.4000, 25.4160, 25.7800, 273670
2014-08-20, 25.7900, 26.0500, 25.5900, 26.0000, 131512
2014-08-21, 26.1000, 26.2000, 25.7400, 26.0200, 104775
2014-08-22, 26.0500, 26.0500, 25.5000, 25.7400, 111943
2014-08-25, 25.9100, 25.9100, 25.6000, 25.7200, 115615
2014-08-26, 25.6600, 25.8000, 25.5601, 25.7400, 91876
2014-08-27, 25.7000, 26.0300, 25.6600, 25.8600, 63031
2014-08-28, 25.9272, 26.2000, 25.6500, 26.0300, 95950
2014-08-29, 25.9500, 26.4400, 25.8300, 26.1600, 80976
2014-09-02, 26.1600, 26.1600, 25.7500, 25.8100, 114399
2014-09-03, 25.7500, 25.8800, 25.6200, 25.7300, 246207
2014-09-04, 25.7500, 25.8000, 25.2100, 25.3300, 174943
2014-09-05, 25.1700, 25.2495, 25.0300, 25.0900, 52852
2014-09-08, 25.0700, 25.1000, 24.6288, 24.8300, 71139
2014-09-09, 24.6400, 25.1300, 24.6350, 25.0100, 141249
2014-09-10, 25.0900, 25.2899, 24.8576, 25.0100, 132502
2014-09-11, 25.0000, 25.1175, 24.6200, 24.7600, 95956
2014-09-12, 24.8000, 24.9600, 24.6600, 24.6900, 132223
2014-09-15, 24.7600, 24.7600, 24.1900, 24.3200, 65810
2014-09-16, 24.3300, 24.7599, 24.2700, 24.7300, 147858
2014-09-17, 24.5400, 24.9030, 24.5400, 24.7600, 113540
2014-09-18, 24.6600, 24.9400, 24.6600, 24.8400, 58870
2014-09-19, 24.7900, 25.1400, 24.6820, 25.0800, 112492
2014-09-22, 25.1000, 25.1000, 24.6600, 24.7900, 92791
2014-09-23, 24.6500, 24.7400, 24.1200, 24.4300, 116028
2014-09-24, 24.3000, 24.6000, 24.2050, 24.5700, 103768
2014-09-25, 24.4905, 24.5600, 24.1600, 24.2600, 67491
2014-09-26, 24.1600, 24.4500, 24.1000, 24.2600, 112896
2014-09-29, 24.1300, 24.5299, 24.1300, 24.3800, 57523
2014-09-30, 24.3000, 24.5295, 24.1000, 24.2900, 73501
2014-10-01, 24.2700, 24.2900, 24.0500, 24.1200, 38289
2014-10-02, 24.1200, 24.5100, 24.0500, 24.4500, 77627
2014-10-03, 24.4400, 24.4400, 24.1700, 24.3600, 50744
2014-10-06, 24.3100, 24.3216, 24.0501, 24.1400, 55200
2014-10-07, 24.0700, 24.2500, 23.8300, 23.9100, 96673
2014-10-08, 23.8200, 23.8999, 22.8000, 23.8200, 149684
2014-10-09, 23.6600, 23.6600, 23.0571, 23.3500, 112168
2014-10-10, 23.2400, 23.3099, 21.6500, 22.5100, 218429
2014-10-13, 22.4000, 22.4000, 21.0500, 21.1100, 182805
2014-10-14, 21.1100, 21.4200, 19.5100, 20.6300, 283799
2014-10-15, 19.7500, 20.9400, 19.5200, 20.2800, 187818
2014-10-16, 20.2800, 23.7500, 20.2800, 23.0500, 210259
2014-10-17, 23.8400, 24.4999, 22.9900, 23.5000, 236598
2014-10-20, 23.3000, 23.7300, 23.3000, 23.5000, 96327
2014-10-21, 23.4600, 24.5900, 23.4400, 24.4600, 101497
2014-10-22, 24.4900, 24.6100, 24.0200, 24.3400, 187915
2014-10-23, 24.6700, 24.6700, 24.3100, 24.4500, 81316
2014-10-24, 24.5800, 24.6480, 24.0200, 24.3400, 56012
2014-10-27, 24.0300, 24.1600, 23.8700, 24.1600, 67326
2014-10-28, 24.2900, 24.6600, 24.0428, 24.6600, 58155
2014-10-29, 24.6700, 24.8200, 24.4000, 24.8200, 80383
2014-10-30, 24.6400, 24.8000, 23.6100, 23.7200, 78581
2014-10-31, 23.7000, 23.7000, 22.6200, 22.8000, 107665
2014-11-03, 22.7700, 23.5400, 22.7700, 23.3400, 55835
2014-11-04, 23.2800, 23.3400, 22.7301, 23.1600, 48368
2014-11-05, 23.1900, 23.3199, 23.0400, 23.1800, 67378
2014-11-06, 23.2200, 23.5600, 22.8101, 23.3300, 71912
2014-11-07, 23.4100, 23.6400, 22.8700, 22.8700, 73058
2014-11-10, 22.8700, 23.2100, 22.6400, 22.8600, 69501
2014-11-11, 22.7100, 22.7100, 21.7500, 22.6000, 100674
2014-11-12, 22.3100, 22.6000, 22.1400, 22.1800, 108475
2014-11-13, 22.0000, 22.0500, 20.5690, 20.6300, 170094
2014-11-14, 20.7800, 21.0000, 20.5101, 20.7400, 73361
2014-11-17, 20.9000, 21.6400, 20.7220, 21.4600, 99098
2014-11-18, 21.2400, 21.7199, 20.8100, 21.6200, 130933
2014-11-19, 21.3220, 21.6527, 21.1225, 21.2700, 45300
2014-11-20, 21.2500, 21.5300, 21.0725, 21.3000, 65649
2014-11-21, 21.2600, 21.5300, 21.0700, 21.2600, 248311
2014-11-24, 21.2600, 21.2600, 21.0100, 21.0700, 106198
2014-11-25, 21.0800, 21.3000, 20.5700, 20.7700, 184796
2014-11-26, 20.8500, 20.8500, 20.2600, 20.4400, 132641
2014-11-28, 20.0000, 20.0100, 19.0000, 19.0000, 129313
2014-12-01, 18.9900, 18.9900, 16.2510, 18.1000, 256457
2014-12-02, 17.9200, 18.8400, 17.9200, 18.6200, 104012
2014-12-03, 18.3000, 19.2100, 18.1400, 19.1400, 91229
2014-12-04, 19.1800, 19.4000, 18.9200, 19.0700, 107942
2014-12-05, 19.0000, 19.0900, 18.4700, 19.0600, 158438
2014-12-08, 18.8400, 18.8400, 16.6600, 17.2700, 254807
2014-12-09, 15.6000, 18.0800, 15.5700, 18.0100, 164789
2014-12-10, 17.7200, 18.7700, 17.5000, 18.1700, 130928
2014-12-11, 18.1400, 18.2000, 17.0400, 17.1000, 289680
2014-12-12, 16.9400, 17.0700, 16.4600, 17.0600, 184084
2014-12-15, 17.1100, 17.2765, 15.2100, 15.2900, 233872
2014-12-16, 15.0500, 15.3600, 14.4500, 15.0000, 316474
2014-12-17, 15.0000, 16.4700, 14.7700, 16.0300, 135968
2014-12-18, 17.0000, 17.0000, 15.5600, 16.1300, 181284
2014-12-19, 16.1300, 17.3700, 15.9135, 17.0600, 118268
2014-12-22, 17.1900, 17.1900, 15.9400, 15.9600, 263548
2014-12-23, 15.9400, 17.1600, 15.8200, 17.0600, 211621
2014-12-24, 16.9900, 17.0000, 16.0700, 16.7300, 78843
2014-12-26, 16.7300, 16.8500, 16.4500, 16.6200, 94659
2014-12-29, 16.5200, 16.8100, 16.1300, 16.4800, 159399
2014-12-30, 16.3800, 16.5600, 15.8200, 16.4800, 162451
2014-12-31, 15.9800, 16.7000, 15.9800, 16.5900, 183953
2015-01-02, 16.2100, 17.3760, 16.2100, 17.3700, 38333
2015-01-05, 17.2700, 17.6500, 16.4000, 16.8600, 89358
2015-01-06, 16.7201, 16.9810, 16.1792, 16.8500, 84861
2015-01-07, 17.0000, 17.6200, 16.5400, 17.2500, 141914
2015-01-08, 17.3200, 18.1100, 17.3100, 17.7500, 165106
2015-01-09, 17.8900, 18.2600, 17.5000, 18.0700, 103404
2015-01-12, 17.9800, 17.9800, 16.8800, 17.3400, 112845
2015-01-13, 17.5200, 17.5200, 16.2000, 16.6100, 108147
2015-01-14, 16.2900, 16.6000, 15.6801, 15.7500, 207333
2015-01-15, 15.7700, 16.0800, 15.5700, 15.8500, 103009
2015-01-16, 16.2000, 17.3000, 16.2000, 17.2400, 70024
2015-01-20, 17.1300, 17.7600, 16.8810, 17.6300, 69877
2015-01-21, 17.6500, 18.2300, 17.5800, 18.0100, 74570
2015-01-22, 18.0100, 18.1000, 17.6400, 17.9800, 95309
2015-01-23, 17.9800, 19.0600, 17.5000, 18.4300, 189488
2015-01-26, 18.4900, 18.6300, 18.3161, 18.5500, 121395
2015-01-27, 18.3800, 18.5000, 18.2100, 18.4500, 45695
2015-01-28, 18.4000, 18.6175, 17.5700, 17.6900, 88536
2015-01-29, 17.6900, 18.2000, 16.8900, 17.9700, 124550
2015-01-30, 17.4000, 17.4000, 17.0000, 17.2700, 47336
2015-02-02, 16.9000, 17.3900, 16.9000, 17.3000, 81657
2015-02-03, 17.3700, 18.1090, 17.1800, 17.3900, 124008
2015-02-04, 17.2800, 17.4400, 16.8100, 17.0300, 101108
2015-02-05, 17.0900, 17.5600, 17.0000, 17.5500, 75593
2015-02-06, 17.6400, 18.4600, 17.5500, 18.4600, 44428
2015-02-09, 18.5500, 19.8400, 18.4300, 19.0800, 115053
2015-02-10, 19.0800, 19.3700, 18.2800, 18.4400, 64808
2015-02-11, 18.2400, 18.8300, 18.2000, 18.4300, 54028
2015-02-12, 18.5300, 19.1000, 18.4600, 18.4600, 25937
2015-02-13, 18.6800, 19.6300, 18.4500, 19.0700, 80705
2015-02-17, 18.9900, 19.5290, 18.7200, 19.1500, 98301
2015-02-18, 19.2200, 19.7700, 18.9300, 19.6700, 78489
2015-02-19, 19.8600, 19.8900, 19.5500, 19.8600, 54600
2015-02-20, 19.9800, 20.3000, 19.1000, 19.4400, 110603
2015-02-23, 19.3400, 19.5100, 18.9600, 19.5000, 77111
2015-02-24, 19.0000, 19.5000, 18.9800, 19.0800, 76899
2015-02-25, 19.1100, 19.4800, 18.8200, 19.4800, 36325
2015-02-26, 19.3100, 19.6300, 18.8700, 19.4900, 31135
2015-02-27, 19.4300, 19.5500, 19.1000, 19.5200, 41376
2015-03-02, 19.5900, 19.6000, 19.2622, 19.3800, 51161
2015-03-03, 19.2900, 19.4800, 18.9000, 19.4800, 50072
2015-03-04, 19.4500, 19.4900, 19.0600, 19.4800, 55917
2015-03-05, 19.5000, 19.9900, 19.1900, 19.7500, 80108
2015-03-06, 19.7000, 19.9084, 19.3400, 19.5600, 42562
2015-03-09, 19.5600, 19.9300, 19.3100, 19.8199, 78418
2015-03-10, 19.4600, 19.6950, 18.9700, 19.4700, 105205
2015-03-11, 19.4600, 19.7500, 19.0300, 19.5700, 108728
2015-03-12, 19.7500, 19.7600, 19.1300, 19.5800, 91007
2015-03-13, 19.6200, 19.8200, 19.0600, 19.7600, 102187
2015-03-16, 19.8600, 19.8600, 19.0000, 19.1600, 104888
2015-03-17, 19.2600, 19.8600, 19.1600, 19.6200, 122823
2015-03-18, 19.6200, 20.5000, 19.1600, 20.3200, 149310
2015-03-19, 20.1000, 20.1800, 19.5291, 19.7000, 95747
2015-03-20, 19.9900, 20.6000, 19.5200, 20.4500, 581774
2015-03-23, 20.3500, 21.5980, 20.2700, 21.5900, 152858
2015-03-24, 21.4100, 21.4100, 20.3400, 21.0900, 94638
2015-03-25, 21.0400, 21.1900, 20.2000, 20.4300, 51929
2015-03-26, 20.6200, 20.8300, 20.3400, 20.5600, 29313
2015-03-27, 20.5000, 20.5000, 20.0100, 20.1800, 36413
2015-03-30, 20.2100, 20.3900, 19.9390, 20.0700, 23671
2015-03-31, 19.8800, 20.8799, 19.8700, 20.4700, 76197
2015-04-01, 20.4700, 21.0100, 20.3400, 20.8600, 59964
2015-04-02, 21.0600, 21.2100, 20.3700, 20.5400, 50732
2015-04-06, 20.4600, 21.2000, 20.4600, 21.1200, 60811
2015-04-07, 21.1400, 21.4900, 20.5700, 20.7500, 94759
2015-04-08, 20.5200, 21.0600, 20.4900, 20.9700, 59937
2015-04-09, 21.0500, 21.5000, 20.7925, 20.9500, 93808
2015-04-10, 20.8600, 20.9499, 19.9900, 20.3400, 128668
2015-04-13, 20.7600, 21.5900, 20.4900, 21.1300, 136250
2015-04-14, 21.3500, 21.9800, 21.2200, 21.9300, 144194
2015-04-15, 22.1000, 22.7010, 21.8550, 22.5900, 97676
2015-04-16, 22.5900, 22.5900, 21.8500, 21.9300, 77325
2015-04-17, 21.9700, 22.2900, 21.4100, 21.8600, 61982
2015-04-20, 22.0500, 23.0500, 22.0000, 22.3100, 111686
2015-04-21, 22.4100, 22.6900, 21.8101, 22.0000, 85495
2015-04-22, 22.0000, 22.2500, 21.8110, 22.0000, 49742
2015-04-23, 22.3900, 22.4400, 22.0150, 22.3700, 44348
2015-04-24, 22.3800, 23.1300, 22.3800, 22.9400, 84299
2015-04-27, 23.0300, 24.3000, 22.7801, 22.9700, 132986
2015-04-28, 23.1700, 23.1700, 22.4800, 22.8200, 60712
2015-04-29, 22.4400, 22.9400, 22.4000, 22.6800, 105689
2015-04-30, 23.0300, 23.3900, 22.7200, 23.1100, 95303
2015-05-01, 22.6000, 22.7500, 22.2750, 22.6100, 39757
2015-05-04, 23.0000, 23.1200, 22.6000, 22.9400, 65277
2015-05-05, 23.0100, 23.0400, 22.5000, 22.6100, 50171
2015-05-06, 22.6900, 22.9899, 22.2000, 22.2900, 56379
2015-05-07, 21.8900, 22.6000, 21.6100, 22.0400, 140772
2015-05-08, 22.2900, 22.3500, 21.6300, 22.1200, 85948
2015-05-11, 22.2500, 22.2500, 21.7500, 21.8700, 41781
2015-05-12, 21.9500, 22.1950, 21.6700, 22.0100, 137457
2015-05-13, 22.3000, 22.3000, 21.9896, 22.2000, 66195
2015-05-14, 22.2000, 23.0400, 22.0300, 22.6600, 131127
2015-05-15, 22.8900, 22.8900, 22.1200, 22.6700, 108527
2015-05-18, 22.7600, 22.7600, 22.3501, 22.5000, 63757
2015-05-19, 22.5600, 22.5790, 21.8600, 22.0700, 69623
2015-05-20, 22.1200, 22.1200, 21.7700, 21.9300, 42555
2015-05-21, 21.9900, 22.2399, 21.8800, 22.1420, 41944
2015-05-22, 22.2300, 22.4000, 21.8800, 22.2100, 37275
2015-05-26, 22.1200, 22.2000, 22.0001, 22.0200, 17844
2015-05-27, 22.2900, 22.3100, 22.0101, 22.2100, 20583
2015-05-28, 22.1000, 22.2600, 22.0000, 22.2000, 17091
2015-05-29, 22.2300, 22.4800, 22.1100, 22.2900, 46725
2015-06-01, 22.3500, 22.3900, 21.3100, 21.4200, 85456
2015-06-02, 21.4200, 21.8100, 21.4200, 21.8000, 17858
2015-06-03, 22.3669, 22.3669, 21.6200, 21.7000, 11643
2015-06-04, 21.8100, 21.8100, 21.0000, 21.0200, 27193
2015-06-05, 21.0100, 21.3300, 20.7700, 21.3200, 19175
2015-06-08, 21.4000, 21.6500, 21.0100, 21.0300, 42096
2015-06-09, 21.2200, 21.2200, 20.5800, 20.7200, 38393
2015-06-10, 20.6200, 21.1000, 20.5700, 20.8700, 24010
2015-06-11, 20.9999, 21.1295, 20.8500, 21.1050, 41060
2015-06-12, 21.1400, 21.3600, 20.8890, 21.1670, 19802
2015-06-15, 20.9400, 21.2000, 20.6000, 21.1900, 31362
2015-06-16, 21.2200, 21.5943, 20.9900, 21.0200, 36781
2015-06-17, 21.2300, 21.3100, 20.8200, 21.0600, 48914
2015-06-18, 21.1900, 21.1900, 20.6400, 20.6400, 53615
2015-06-19, 20.7200, 20.7700, 19.3000, 19.3000, 117689
2015-06-22, 19.4000, 19.5700, 19.1100, 19.4400, 87520
2015-06-23, 19.5000, 19.5000, 19.1100, 19.3300, 65197
2015-06-24, 19.1700, 19.4000, 19.1700, 19.3500, 29443
2015-06-25, 19.4500, 19.4500, 19.1600, 19.3000, 39843
2015-06-26, 19.3600, 19.5950, 19.0000, 19.2700, 44066
2015-06-29, 19.1900, 19.5500, 18.5500, 18.9100, 152900
2015-06-30, 18.8600, 19.4000, 18.3300, 19.1600, 60558
2015-07-01, 19.2900, 19.3200, 18.7200, 18.7200, 75537
2015-07-02, 18.9200, 19.1400, 18.5600, 18.5600, 116736
2015-07-06, 18.4100, 18.8800, 18.3600, 18.7000, 57000
2015-07-07, 18.6600, 19.0286, 18.1850, 18.9900, 44873
2015-07-08, 18.9100, 19.0900, 18.3800, 18.7700, 63721
2015-07-09, 18.8800, 19.2800, 18.6800, 18.9100, 65203
2015-07-10, 18.9000, 19.3100, 18.9000, 19.2900, 44695
2015-07-13, 19.3900, 19.8500, 19.2500, 19.7100, 103710
2015-07-14, 19.7800, 20.6200, 19.6366, 20.5501, 95399
2015-07-15, 20.5700, 20.7400, 20.3300, 20.3900, 106054
2015-07-16, 20.6200, 20.7800, 20.2100, 20.4500, 45512
2015-07-17, 20.6100, 20.6100, 20.0000, 20.3400, 44470
2015-07-20, 20.3600, 20.3800, 19.7500, 20.0400, 91695
2015-07-21, 20.1800, 20.7700, 19.8500, 20.0000, 106013
2015-07-22, 20.0500, 20.0772, 18.0100, 18.1100, 153518
2015-07-23, 18.3000, 18.5800, 18.0940, 18.2400, 57794
2015-07-24, 18.3200, 18.4800, 18.0100, 18.3600, 89796
2015-07-27, 18.0700, 18.3600, 18.0200, 18.1400, 66756
2015-07-28, 17.8600, 18.5070, 17.8600, 18.4500, 93515
2015-07-29, 18.3700, 18.9700, 18.1701, 18.9100, 71948
2015-07-30, 18.6600, 19.0100, 18.3700, 18.8000, 57369
2015-07-31, 18.4100, 18.4100, 17.8101, 17.9300, 71034
2015-08-03, 17.9100, 17.9800, 17.0000, 17.4300, 129361
2015-08-04, 17.5000, 17.7500, 17.1500, 17.2200, 115470
2015-08-05, 17.5700, 18.4099, 17.4500, 17.6100, 105409
2015-08-06, 17.4400, 18.0000, 17.4250, 17.9700, 87070
2015-08-07, 17.9000, 18.2600, 17.3100, 17.4000, 38999
2015-08-10, 17.5700, 18.2500, 17.3400, 18.1500, 39149
2015-08-11, 18.0300, 18.4500, 17.5700, 18.3600, 59914
2015-08-12, 18.2800, 18.6600, 18.1900, 18.3600, 79152
2015-08-13, 18.2400, 18.7783, 17.5000, 17.5900, 86394
2015-08-14, 17.7700, 18.4700, 17.6253, 18.2900, 58454
2015-08-17, 18.5900, 19.4300, 18.5500, 19.2500, 111348
2015-08-18, 19.2500, 20.0800, 19.2300, 19.9800, 99615
2015-08-19, 20.0000, 20.0000, 19.5900, 19.8800, 72106
2015-08-20, 19.9400, 19.9400, 18.8900, 18.9300, 73231
2015-08-21, 18.7000, 18.8350, 18.0000, 18.3700, 65068
2015-08-24, 17.9400, 18.9275, 17.0000, 17.5000, 185335
2015-08-25, 17.6100, 18.4900, 17.5850, 18.3200, 130139
2015-08-26, 18.8800, 19.4900, 18.4400, 19.4800, 91482
2015-08-27, 19.7100, 20.1000, 19.2550, 19.9400, 100116
2015-08-28, 19.8400, 20.9500, 19.8300, 20.1300, 66836
2015-08-31, 19.7900, 20.4400, 19.6800, 20.0000, 94296
2015-09-01, 19.5200, 20.3499, 19.5200, 19.9100, 48925
2015-09-02, 20.2100, 20.3100, 19.6000, 20.0000, 48962
2015-09-03, 20.0600, 20.5900, 20.0110, 20.1600, 25847
2015-09-04, 20.1400, 20.5999, 20.1400, 20.2300, 64866
2015-09-08, 20.4500, 20.4500, 20.1400, 20.2700, 63861
2015-09-09, 20.2200, 20.4400, 20.2001, 20.2500, 34472
2015-09-10, 18.2200, 18.3400, 17.7000, 17.8100, 3150514
2015-09-11, 17.6800, 17.8000, 17.0000, 17.0300, 750072
2015-09-14, 16.8800, 17.3300, 16.5210, 17.0100, 239381
2015-09-15, 17.0500, 17.7299, 17.0100, 17.2500, 169142
2015-09-16, 17.2700, 17.3300, 16.7700, 16.9400, 186623
2015-09-17, 17.0000, 17.5700, 17.0000, 17.2800, 216880
2015-09-18, 17.0900, 17.3900, 17.0234, 17.3200, 97799
2015-09-21, 17.3200, 17.4499, 16.8000, 17.4200, 142235
2015-09-22, 17.1400, 17.3400, 16.8000, 16.8100, 151736
2015-09-23, 16.8000, 16.9300, 15.7700, 16.0200, 293493
2015-09-24, 16.0200, 16.0200, 15.2200, 15.7100, 222631
2015-09-25, 15.9200, 16.2501, 15.2700, 15.3200, 185713
2015-09-28, 15.3000, 15.4799, 14.1200, 14.3100, 262867
2015-09-29, 14.3000, 14.7599, 13.3100, 13.4800, 256244
2015-09-30, 13.7400, 14.5500, 13.2550, 14.4200, 438603
2015-10-01, 14.7000, 14.9200, 13.8780, 14.5200, 280291
2015-10-02, 14.3800, 14.8700, 13.9200, 14.4700, 242126
2015-10-05, 14.6300, 16.3700, 14.5500, 16.2400, 283916
2015-10-06, 16.3500, 17.3750, 16.2300, 17.2000, 305256
2015-10-07, 17.3000, 18.0000, 16.9700, 17.8100, 292449
2015-10-08, 17.7500, 18.6700, 17.6300, 18.0600, 349630
2015-10-09, 18.0800, 18.8900, 18.0425, 18.2500, 240015
2015-10-12, 18.0700, 18.1600, 17.1100, 17.2900, 193948
2015-10-13, 17.2200, 17.7500, 17.1200, 17.2400, 98745
2015-10-14, 17.3100, 18.0100, 17.1817, 17.9800, 96929
2015-10-15, 17.9900, 18.3200, 17.3700, 18.1600, 112751
2015-10-16, 18.2800, 18.3400, 17.6300, 17.9500, 98574
2015-10-19, 18.0000, 18.4050, 17.8000, 17.8900, 88334
2015-10-20, 17.9900, 18.3200, 17.9030, 18.2700, 85451
2015-10-21, 18.1800, 18.2300, 17.5000, 17.6500, 127098
2015-10-22, 17.7500, 17.8299, 17.5701, 17.6900, 38660
2015-10-23, 17.6900, 17.6900, 17.2200, 17.5400, 82377
2015-10-26, 17.5400, 17.5400, 16.4900, 16.6200, 126317
2015-10-27, 16.5300, 16.7000, 15.8900, 16.0900, 97675
2015-10-28, 16.0800, 16.7392, 15.9100, 16.4000, 64883
2015-10-29, 16.5000, 16.8600, 16.1001, 16.3000, 123174
2015-10-30, 15.8800, 16.2300, 15.4700, 16.1200, 92339
2015-11-02, 16.1500, 16.4100, 15.7200, 15.7500, 128152
2015-11-03, 15.9300, 16.0400, 15.6114, 15.9100, 86247
2015-11-04, 15.8800, 16.1550, 15.6900, 15.8400, 87735
2015-11-05, 16.6000, 17.1100, 15.7400, 16.0100, 450443
2015-11-06, 16.1700, 16.1700, 15.7100, 15.8500, 92308
2015-11-09, 16.0500, 16.0700, 15.5200, 15.5600, 190602
2015-11-10, 15.5500, 16.0599, 15.4362, 15.7800, 90632
2015-11-11, 15.8000, 16.0400, 15.5000, 15.7300, 155447
2015-11-12, 15.5100, 16.0000, 15.3300, 15.4500, 284505
2015-11-13, 15.6600, 15.8700, 15.0800, 15.3200, 195428
2015-11-16, 15.6400, 16.3600, 15.6400, 16.3400, 347837
2015-11-17, 16.3300, 16.3300, 16.0100, 16.2500, 138769
2015-11-18, 16.2800, 16.3300, 15.7200, 15.8600, 108088
2015-11-19, 15.8600, 16.3500, 15.7100, 16.1700, 148516
2015-11-20, 16.2400, 16.3000, 15.3200, 15.3800, 180825
2015-11-23, 15.4300, 15.7700, 15.3200, 15.3300, 146652
2015-11-24, 15.5100, 15.6899, 15.2000, 15.2800, 137387
2015-11-25, 15.2800, 15.4800, 14.8750, 15.0300, 159262
2015-11-27, 15.0300, 15.1560, 14.6600, 14.7500, 37085
2015-11-30, 14.7600, 15.5500, 14.7600, 15.2200, 61490
2015-12-01, 15.2600, 15.3431, 14.8300, 14.9600, 73047
2015-12-02, 14.9400, 14.9400, 13.7500, 14.1800, 243200
2015-12-03, 14.3500, 14.3500, 13.6608, 13.9200, 236032
2015-12-04, 13.6200, 13.9200, 13.4000, 13.4700, 193928
2015-12-07, 13.3000, 13.3850, 11.7000, 12.1200, 547431
2015-12-08, 12.2700, 12.3300, 11.8200, 12.2800, 221520
2015-12-09, 12.2800, 13.6100, 12.2800, 13.3700, 243149
2015-12-10, 13.1900, 13.3700, 12.1200, 12.4600, 247769
2015-12-11, 12.4700, 12.5000, 11.5900, 11.6000, 205468
2015-12-14, 11.6300, 11.7099, 10.1911, 11.0100, 335120
2015-12-15, 11.1800, 11.4800, 10.7000, 11.2900, 240140
2015-12-16, 11.3500, 11.7700, 11.1750, 11.4700, 192909
2015-12-17, 11.5600, 11.7700, 10.6010, 10.9900, 182097
2015-12-18, 10.9100, 11.1850, 10.9100, 11.0300, 263142
2015-12-21, 10.9900, 11.2500, 10.7900, 10.9800, 134991
2015-12-22, 11.0600, 12.0600, 10.9400, 11.7600, 211411
2015-12-23, 11.8000, 12.1900, 11.6700, 11.9700, 439857
2015-12-24, 12.0600, 12.1320, 11.6700, 11.7200, 53558
2015-12-28, 11.6200, 11.6799, 10.5900, 10.6300, 262624
2015-12-29, 10.8600, 11.0500, 10.5100, 10.7400, 251600
2015-12-30, 10.6500, 11.0000, 10.6500, 10.9000, 164406
2015-12-31, 11.0000, 11.5050, 10.8400, 11.4900, 346803
2016-01-04, 11.6400, 11.8800, 11.3800, 11.7600, 158842
2016-01-05, 11.8200, 11.8700, 11.3200, 11.8500, 165442
2016-01-06, 11.6800, 11.6800, 10.7900, 10.8900, 134937
2016-01-07, 10.6200, 10.8700, 10.5500, 10.5700, 139901
2016-01-08, 10.7200, 11.2200, 10.6400, 11.0900, 114807
2016-01-11, 10.6500, 11.0800, 10.0800, 10.1900, 350660
2016-01-12, 10.2100, 10.4100, 9.4100, 9.8900, 307212
2016-01-13, 9.9100, 10.0381, 8.9400, 8.9800, 286067
2016-01-14, 8.7800, 10.1800, 8.5000, 9.8300, 229436
2016-01-15, 9.4000, 9.6800, 9.1710, 9.3300, 124055
2016-01-19, 9.4000, 9.4000, 8.3300, 8.6600, 184247
2016-01-20, 8.4000, 8.4000, 7.5700, 8.2000, 382048
2016-01-21, 8.0500, 8.6300, 8.0500, 8.5800, 315017
2016-01-22, 9.7500, 10.8900, 9.6500, 10.7600, 367434
2016-01-25, 10.6000, 11.3900, 10.0000, 10.0200, 174997
2016-01-26, 10.2900, 10.7500, 9.8600, 10.6200, 162458
2016-01-27, 10.5500, 11.3200, 10.3800, 11.1000, 144467
2016-01-28, 11.7000, 11.8900, 11.3300, 11.7100, 204347
2016-01-29, 11.1500, 11.3200, 10.5600, 11.1400, 149599
2016-02-01, 10.7900, 11.0300, 10.3100, 10.8400, 98495
2016-02-02, 10.4900, 10.7300, 10.2400, 10.3900, 220472
2016-02-03, 10.3900, 10.4000, 9.5900, 9.6700, 189078
2016-02-04, 9.7900, 9.7900, 9.3300, 9.5100, 178877
2016-02-05, 9.4000, 9.4000, 9.1500, 9.2500, 153133
2016-02-08, 9.0000, 9.0000, 8.5100, 8.6700, 163016
2016-02-09, 8.6000, 8.6000, 7.9700, 8.2500, 284570
2016-02-10, 8.5700, 8.7500, 7.6800, 7.8200, 323989
2016-02-11, 7.7000, 7.7400, 7.0300, 7.2300, 326064
2016-02-12, 7.6800, 8.0100, 7.2500, 7.2500, 295874
2016-02-16, 7.5200, 7.6800, 7.0700, 7.5700, 1380037
2016-02-17, 7.7400, 8.2700, 7.7200, 7.9900, 266028
2016-02-18, 8.0800, 8.1164, 7.7000, 7.8100, 232303
2016-02-19, 7.9000, 7.9000, 7.2500, 7.7000, 548679
2016-02-22, 7.6800, 8.3700, 7.4800, 8.1000, 213905
2016-02-23, 8.0800, 8.2500, 7.5600, 7.8200, 343175
2016-02-24, 7.6100, 7.8100, 7.5000, 7.7600, 293057
2016-02-25, 7.8100, 7.9500, 7.4000, 7.7600, 86873
2016-02-26, 7.8600, 8.6000, 7.8000, 8.5200, 159142
2016-02-29, 8.6200, 9.1300, 8.5200, 9.0200, 212764
2016-03-01, 9.1700, 9.5200, 8.8100, 9.0600, 236397
2016-03-02, 9.0800, 9.7800, 9.0100, 9.7400, 152596
2016-03-03, 9.7400, 10.4900, 9.7000, 10.3100, 191338
2016-03-04, 10.3700, 10.8600, 10.0900, 10.7000, 246335
2016-03-07, 10.7200, 10.9800, 10.4400, 10.6000, 272264
2016-03-08, 10.5300, 10.5300, 9.6400, 9.6800, 101543
2016-03-09, 9.8100, 10.0400, 9.4000, 9.8700, 107050
2016-03-10, 9.8800, 10.1300, 9.4700, 9.9200, 103521
2016-03-11, 10.1600, 10.4600, 10.0200, 10.2600, 95757
2016-03-14, 10.1000, 10.5400, 10.0000, 10.3900, 62122
2016-03-15, 10.2800, 10.8000, 10.1600, 10.7300, 119139
2016-03-16, 10.8100, 11.4500, 10.8100, 11.2700, 143772
2016-03-17, 11.4500, 11.7500, 11.2400, 11.6600, 169065
2016-03-18, 11.6500, 11.7500, 11.0700, 11.6600, 299819
2016-03-21, 11.6600, 11.7100, 11.0500, 11.3500, 170645
2016-03-22, 11.2900, 11.5100, 11.0100, 11.2500, 92315
2016-03-23, 11.2900, 11.4730, 10.5801, 10.7500, 76625
2016-03-24, 10.5700, 10.7894, 10.2800, 10.6700, 49921
2016-03-28, 10.8000, 11.0700, 10.4200, 10.5700, 56848
2016-03-29, 10.4500, 10.9400, 10.3100, 10.9200, 75387
2016-03-30, 11.0300, 11.1900, 10.7500, 11.1600, 69930
2016-03-31, 11.0800, 11.7500, 11.0800, 11.7500, 172873
2016-04-01, 11.4800, 11.5324, 11.0100, 11.1400, 73959
2016-04-04, 11.1800, 11.2327, 10.6200, 10.6200, 87702
2016-04-05, 10.5600, 10.9600, 10.5000, 10.7900, 49428
2016-04-06, 10.8700, 11.4500, 10.6864, 11.2100, 53612
2016-04-07, 11.0700, 11.1398, 11.0200, 11.1300, 28244
2016-04-08, 11.3800, 11.5900, 11.2800, 11.5800, 46534
2016-04-11, 11.5900, 11.9200, 11.5183, 11.8300, 65246
2016-04-12, 11.9000, 12.7500, 11.7300, 12.6000, 188380
2016-04-13, 12.5800, 13.0866, 12.3000, 12.9200, 90488
2016-04-14, 13.0100, 13.0100, 12.5400, 12.9400, 88389
2016-04-15, 12.7100, 13.0300, 12.5449, 12.9300, 88468
2016-04-18, 12.5700, 13.2900, 12.5700, 13.0700, 91774
2016-04-19, 13.2500, 13.7200, 13.0250, 13.6800, 89696
2016-04-20, 13.5900, 14.0700, 13.4262, 14.0100, 147220
2016-04-21, 14.1100, 14.1432, 13.7650, 13.9700, 54742
2016-04-22, 14.2300, 14.7900, 14.1600, 14.7800, 294490
2016-04-25, 14.7800, 14.9200, 14.0100, 14.3100, 235569
2016-04-26, 14.4400, 14.7500, 14.1600, 14.6300, 261834
2016-04-27, 14.8100, 15.1350, 14.6001, 14.8300, 99587
2016-04-28, 14.7400, 14.9300, 14.3800, 14.6700, 153874
2016-04-29, 14.2800, 14.5800, 13.2800, 13.4700, 210227
2016-05-02, 13.3200, 13.6800, 12.9600, 13.4400, 113765
2016-05-03, 13.1900, 13.5000, 12.8600, 12.9800, 126939
2016-05-04, 13.0200, 13.2000, 12.4100, 12.9400, 177393
2016-05-05, 12.1700, 13.8851, 12.0254, 13.6200, 140885
2016-05-06, 13.5800, 14.5400, 13.4800, 14.3300, 239354
2016-05-09, 14.3300, 14.3667, 13.6100, 13.8700, 69452
2016-05-10, 14.0200, 14.4355, 13.8256, 14.0900, 125146
2016-05-11, 13.9700, 14.2500, 13.3750, 14.2000, 101018
2016-05-12, 14.2500, 14.5500, 14.0200, 14.2800, 241953
2016-05-13, 14.2700, 14.2800, 13.5601, 13.8300, 138688
2016-05-16, 14.1700, 14.5530, 13.9800, 14.3300, 218642
2016-05-17, 14.4400, 14.6400, 14.2720, 14.4700, 137726
2016-05-18, 14.3600, 14.7600, 14.0400, 14.2200, 147860
2016-05-19, 14.0000, 14.5100, 13.8200, 14.3500, 129521
2016-05-20, 14.4800, 14.6400, 14.0700, 14.4500, 80400
2016-05-23, 14.2900, 14.6800, 14.1000, 14.5200, 40462
2016-05-24, 14.3400, 14.6799, 14.2000, 14.2400, 209445
2016-05-25, 14.3200, 14.6900, 14.1600, 14.4900, 141269
2016-05-26, 14.5800, 14.5800, 14.2000, 14.2300, 80604
2016-05-27, 14.2300, 14.5200, 14.0100, 14.4300, 75282
2016-05-31, 14.6200, 15.3500, 14.6200, 15.2200, 244787
2016-06-01, 15.0900, 15.8700, 14.8201, 15.7900, 194834
2016-06-02, 15.5600, 15.9320, 15.4200, 15.7800, 178763
2016-06-03, 15.8100, 15.9000, 15.4201, 15.7300, 106725
2016-06-06, 15.8500, 16.2400, 15.8185, 15.9800, 102758
2016-06-07, 16.1500, 16.2400, 15.8400, 16.1000, 112838
2016-06-08, 16.1500, 16.4200, 16.1000, 16.2200, 161591
2016-06-09, 16.0200, 16.1500, 15.4800, 15.5300, 185877
2016-06-10, 15.3100, 15.6100, 15.0700, 15.4200, 66004
2016-06-13, 15.1500, 15.4200, 14.9601, 15.2000, 115384
2016-06-14, 15.1000, 15.4000, 14.8100, 15.0600, 89553
2016-06-15, 14.9900, 15.5690, 14.9900, 15.1600, 60106
2016-06-16, 14.9900, 14.9900, 14.0700, 14.8700, 195157
2016-06-17, 14.8700, 15.4500, 14.8700, 15.3100, 113645
2016-06-20, 15.5800, 15.5859, 14.8700, 14.9700, 112241
2016-06-21, 14.6800, 15.0389, 13.8900, 14.9300, 113017
2016-06-22, 15.0900, 15.0900, 14.1800, 14.3000, 190203
2016-06-23, 14.5800, 14.6800, 14.1400, 14.5200, 138588
2016-06-24, 14.0000, 14.7500, 13.9100, 14.4600, 82298
2016-06-27, 14.5000, 14.9399, 13.6505, 13.7000, 172471
2016-06-28, 14.1300, 14.8700, 14.1300, 14.6700, 80856
2016-06-29, 14.7500, 14.8812, 14.5000, 14.6800, 95242
2016-06-30, 14.6400, 14.7900, 14.3001, 14.6600, 159796
2016-07-01, 14.6500, 14.8900, 14.5900, 14.6700, 103626
2016-07-05, 14.5400, 14.5400, 14.0200, 14.3400, 131605
2016-07-06, 14.2000, 14.6600, 14.2000, 14.5900, 101833
2016-07-07, 14.8700, 14.8700, 14.4760, 14.5800, 55104
2016-07-08, 14.6800, 15.2400, 14.2401, 15.0900, 123899
2016-07-11, 15.0800, 15.1590, 14.7500, 14.9000, 109884
2016-07-12, 15.1200, 15.1350, 14.7820, 14.9500, 88445
2016-07-13, 14.8000, 15.0488, 14.5280, 14.6400, 60611
2016-07-14, 15.0100, 15.2900, 14.7100, 14.7500, 54266
2016-07-15, 14.9500, 15.0500, 14.7000, 14.8600, 72875
2016-07-18, 14.8500, 14.9800, 14.5700, 14.9300, 80651
2016-07-19, 14.8500, 15.1600, 14.5600, 14.6500, 88645
2016-07-20, 14.6500, 14.8201, 14.3200, 14.6200, 61216
2016-07-21, 14.7000, 14.9800, 14.5200, 14.5900, 59848
2016-07-22, 14.7400, 14.8600, 14.5337, 14.6800, 380807
2016-07-25, 14.6500, 14.8150, 14.6000, 14.6700, 150343
2016-07-26, 14.6100, 15.1400, 14.6000, 15.1100, 290776
2016-07-27, 15.1500, 15.4000, 14.8700, 14.9600, 106840
2016-07-28, 14.9300, 15.3300, 14.7110, 15.3000, 303744
2016-07-29, 14.6500, 15.0800, 14.5400, 15.0000, 194060
2016-08-01, 15.0000, 15.0500, 14.2100, 14.3800, 159049
2016-08-02, 14.5700, 14.5700, 14.0800, 14.2100, 77172
2016-08-03, 14.1500, 14.5800, 14.0900, 14.5200, 117309
2016-08-04, 14.5100, 14.8900, 14.4000, 14.7500, 118733
2016-08-05, 14.8000, 15.3600, 14.7200, 15.3200, 195625
2016-08-08, 15.3500, 16.0900, 15.3200, 16.0800, 186134
2016-08-09, 16.1000, 16.2500, 15.7558, 15.9900, 79594
2016-08-10, 15.9200, 16.1500, 15.5700, 15.9300, 72106
2016-08-11, 15.9500, 16.2200, 15.7064, 16.0900, 109101
2016-08-12, 16.2000, 16.2300, 15.7400, 15.8200, 80046
2016-08-15, 15.9300, 15.9700, 15.3500, 15.3900, 79529
2016-08-16, 15.4200, 15.8400, 15.3500, 15.6800, 108623
2016-08-17, 15.6600, 15.9999, 15.2800, 15.6200, 99069
2016-08-18, 15.7100, 16.0120, 15.7100, 15.8400, 59353
2016-08-19, 15.7600, 15.9600, 15.4600, 15.8600, 46918
2016-08-22, 15.6200, 15.7700, 15.2800, 15.6300, 34090
2016-08-23, 15.6200, 15.8400, 15.5650, 15.7100, 63844
2016-08-24, 15.6300, 15.8900, 15.3200, 15.6500, 83841
2016-08-25, 15.6300, 15.6600, 15.3400, 15.5000, 43837
2016-08-26, 15.5200, 15.7800, 15.3200, 15.6500, 82949
2016-08-29, 15.7000, 15.9900, 15.6750, 15.9500, 102061
2016-08-30, 16.0000, 16.7000, 15.9900, 16.3300, 212920
2016-08-31, 16.3200, 16.6400, 16.1101, 16.5100, 67970
2016-09-01, 16.5000, 16.5300, 16.2601, 16.5300, 71410
2016-09-02, 16.6400, 17.1900, 16.3101, 16.8600, 117302
2016-09-06, 16.8600, 17.1500, 16.7300, 16.9500, 89008
2016-09-07, 17.0000, 17.1600, 16.9748, 17.0400, 71302
2016-09-08, 17.1600, 17.9100, 17.0400, 17.7000, 641271
2016-09-09, 17.6900, 17.6900, 16.9100, 16.9100, 114059
2016-09-12, 16.9100, 17.1400, 16.5100, 16.9800, 58688
2016-09-13, 16.7900, 17.1300, 16.3100, 16.5400, 70135
2016-09-14, 16.3300, 16.8200, 16.3200, 16.5500, 44492
2016-09-15, 16.5800, 16.8400, 16.4700, 16.5500, 13709
2016-09-16, 16.4000, 17.1500, 16.3400, 17.0900, 88047
2016-09-19, 17.3100, 18.3100, 17.3100, 17.4500, 174850
2016-09-20, 17.5700, 17.7800, 17.3000, 17.5200, 76244
2016-09-21, 17.5900, 18.0200, 17.4900, 17.9700, 90335
2016-09-22, 18.0000, 18.2800, 17.9800, 18.1200, 126173
2016-09-23, 18.2100, 18.3000, 17.9100, 17.9800, 94555
2016-09-26, 18.0700, 18.2000, 17.9100, 17.9500, 82706
2016-09-27, 17.8300, 18.0000, 17.5200, 17.6800, 65144
2016-09-28, 17.7800, 18.4800, 17.6600, 18.2300, 74115
2016-09-29, 18.3900, 18.7600, 18.1600, 18.2900, 66526
2016-09-30, 18.5700, 18.9000, 18.4206, 18.7800, 108599
2016-10-03, 18.8200, 18.8200, 17.7700, 18.3300, 117726
2016-10-04, 18.4900, 18.5300, 18.1500, 18.1900, 54794
2016-10-05, 18.4700, 18.8000, 18.2500, 18.2900, 152575
2016-10-06, 18.4800, 18.7676, 18.1110, 18.2400, 109029
2016-10-07, 18.4100, 18.8000, 18.2000, 18.4700, 37562
2016-10-10, 18.4700, 19.0851, 18.3300, 18.8800, 78553
2016-10-11, 18.8700, 18.8700, 18.4007, 18.7000, 76261
2016-10-12, 18.6200, 18.8590, 18.5000, 18.7000, 139613
2016-10-13, 18.6500, 18.7400, 18.4700, 18.6100, 95668
2016-10-14, 18.5900, 18.7500, 18.3000, 18.3000, 111677
2016-10-17, 18.4200, 18.8000, 18.3500, 18.4400, 54687
2016-10-18, 18.6600, 18.6600, 18.3000, 18.3700, 144581
2016-10-19, 18.5900, 18.7099, 18.2500, 18.4400, 54682
2016-10-20, 18.4400, 18.5400, 18.2200, 18.3900, 104534
2016-10-21, 18.4000, 18.8757, 18.3800, 18.7100, 140487
2016-10-24, 18.7500, 19.1936, 18.6500, 19.1400, 104448
2016-10-25, 19.1500, 19.3000, 18.8100, 18.9200, 73568
2016-10-26, 18.8900, 19.3300, 18.3600, 18.9400, 135146
2016-10-27, 18.9500, 19.1200, 18.8240, 19.0100, 61036
2016-10-28, 19.0900, 19.1900, 18.7890, 19.0500, 113113
2016-10-31, 18.9200, 19.1200, 18.3500, 19.0800, 127214
2016-11-01, 19.1500, 19.1500, 18.5000, 18.6400, 184989
2016-11-02, 18.0000, 18.2800, 17.3700, 18.2800, 156724
2016-11-03, 18.2200, 18.4900, 18.0801, 18.3700, 42636
2016-11-04, 18.2700, 18.5500, 17.8100, 17.8700, 67524
2016-11-07, 17.8400, 18.0980, 17.5000, 17.9400, 92987
2016-11-08, 16.9200, 17.6700, 15.4101, 17.4300, 527528
2016-11-09, 19.3200, 19.3200, 17.7833, 18.0100, 84967
2016-11-10, 18.0300, 18.1300, 17.3800, 18.1300, 83690
2016-11-11, 17.9400, 18.0100, 17.5101, 17.9900, 55868
2016-11-14, 18.0500, 18.3400, 18.0300, 18.1200, 47162
2016-11-15, 18.2400, 18.5399, 18.2300, 18.2300, 79448
2016-11-16, 18.1000, 18.6500, 18.1000, 18.1800, 133079
2016-11-17, 18.2600, 18.8565, 18.0700, 18.1600, 64803
2016-11-18, 18.2500, 18.6900, 18.1195, 18.4400, 76931
2016-11-21, 18.7600, 18.7800, 18.5200, 18.5700, 197647
2016-11-22, 18.6600, 18.7800, 18.0400, 18.0400, 71825
2016-11-23, 18.0500, 18.3200, 18.0100, 18.1500, 94254
2016-11-25, 18.2100, 18.2345, 17.8400, 17.9600, 20148
2016-11-28, 18.1000, 18.1000, 17.2700, 17.3000, 65055
2016-11-29, 17.1800, 17.4900, 16.8900, 17.3300, 81070
2016-11-30, 17.7500, 18.2200, 17.5374, 17.9300, 135831
2016-12-01, 18.2300, 18.2400, 17.4100, 17.4200, 46076
2016-12-02, 17.4800, 18.3200, 17.3300, 17.7000, 48387
2016-12-05, 18.1100, 18.5500, 18.0271, 18.3100, 235495
2016-12-06, 18.4100, 18.6785, 18.1100, 18.2100, 181940
2016-12-07, 18.3500, 18.4600, 17.9200, 18.1500, 56885
2016-12-08, 18.2000, 18.7493, 17.9100, 18.0100, 131264
2016-12-09, 16.4800, 16.7450, 16.1600, 16.3000, 3081236
2016-12-12, 16.4100, 16.6500, 16.2000, 16.2000, 613360
2016-12-13, 16.3600, 16.3600, 15.7000, 16.2000, 386269
2016-12-14, 16.2000, 16.3600, 15.8600, 16.0100, 280693
2016-12-15, 15.8700, 16.2500, 15.7000, 16.0700, 100245
2016-12-16, 16.1400, 16.3000, 16.0400, 16.1600, 115784
2016-12-19, 16.1600, 16.2900, 15.9842, 16.1500, 135421
2016-12-20, 16.1600, 16.3000, 15.9100, 16.1400, 121079
2016-12-21, 16.1500, 16.2600, 15.9500, 16.1300, 100711
2016-12-22, 16.0500, 16.3000, 16.0500, 16.2400, 110104
2016-12-23, 16.1800, 16.5915, 16.0707, 16.2900, 139633
2016-12-27, 16.2200, 16.6200, 16.2000, 16.6100, 154650
2016-12-28, 16.6900, 16.6900, 16.1900, 16.2400, 217384
2016-12-29, 16.2000, 16.6900, 16.2000, 16.6200, 203695
2016-12-30, 16.6000, 17.3500, 16.5000, 17.3000, 272854
2017-01-03, 17.3800, 17.4500, 17.0100, 17.4100, 189344
2017-01-04, 17.5100, 18.3400, 17.4200, 18.2500, 229027
2017-01-05, 18.3400, 18.4395, 17.9700, 18.2000, 124984
2017-01-06, 18.2900, 18.3800, 18.1765, 18.3100, 84085
2017-01-09, 18.2600, 18.3500, 18.0650, 18.2300, 102504
2017-01-10, 18.2600, 18.2600, 17.6900, 17.7000, 151489
2017-01-11, 17.8100, 18.4500, 17.7500, 18.0200, 66338
2017-01-12, 18.2000, 18.3550, 17.8400, 18.3500, 116017
2017-01-13, 18.3000, 19.1900, 18.2000, 19.0000, 288925
2017-01-17, 19.0700, 19.0700, 18.6200, 18.9400, 151096
2017-01-18, 18.8400, 18.9790, 18.3300, 18.4500, 72757
2017-01-19, 18.5200, 18.6985, 18.2400, 18.4300, 59696
2017-01-20, 18.6900, 19.1500, 18.6000, 19.0500, 148613
2017-01-23, 19.1000, 19.1518, 18.3800, 18.8100, 284071
2017-01-24, 19.0200, 19.3300, 19.0200, 19.3000, 141861
2017-01-25, 19.3300, 19.5400, 19.2690, 19.4400, 175414
2017-01-26, 19.5200, 19.6899, 19.1200, 19.6300, 126025
2017-01-27, 19.7000, 19.7800, 19.5100, 19.7400, 81883
2017-01-30, 19.6900, 19.6900, 19.2610, 19.4700, 124148
2017-01-31, 19.5500, 19.6098, 19.0901, 19.2000, 134746
2017-02-01, 18.7000, 18.7982, 18.4400, 18.5900, 86395
2017-02-02, 18.6300, 18.6582, 18.3100, 18.4600, 75408
2017-02-03, 18.4600, 18.8208, 18.2800, 18.6400, 83108
2017-02-06, 18.6400, 18.8717, 18.2200, 18.2700, 74520
2017-02-07, 18.2700, 18.2700, 17.9010, 18.0100, 59284
2017-02-08, 17.9600, 18.2200, 17.7700, 17.9400, 68253
2017-02-09, 18.0100, 18.5900, 17.9500, 18.5200, 97711
2017-02-10, 18.6300, 18.8220, 18.3000, 18.4100, 162821
2017-02-13, 18.9200, 19.1800, 18.1600, 18.4100, 222741
2017-02-14, 18.1600, 18.4336, 18.1300, 18.2600, 179683
2017-02-15, 18.3500, 18.3879, 18.0900, 18.1300, 156361
2017-02-16, 18.3000, 18.5700, 17.7800, 17.8800, 127688
2017-02-17, 17.8300, 17.9090, 17.4100, 17.7600, 155083
2017-02-21, 18.2200, 18.2900, 17.9000, 17.9700, 229078
2017-02-22, 18.0000, 18.2700, 17.8500, 17.9400, 203270
2017-02-23, 18.0000, 18.1100, 17.5100, 17.5700, 273551
2017-02-24, 17.5000, 17.7400, 17.4200, 17.4500, 136132
2017-02-27, 17.5200, 18.1700, 17.4000, 17.9300, 140134
2017-02-28, 17.9300, 18.1200, 17.6560, 17.7700, 89754
2017-03-01, 17.8200, 18.1900, 17.7950, 17.9500, 99404
2017-03-02, 17.9300, 18.0100, 17.5501, 17.7500, 72309
2017-03-03, 17.8000, 17.8358, 17.4900, 17.6300, 67837
2017-03-06, 17.6700, 17.6700, 17.3000, 17.3600, 109777
2017-03-07, 17.3000, 17.4600, 17.0000, 17.1700, 138034
2017-03-08, 17.1500, 17.3450, 17.0000, 17.0200, 165344
2017-03-09, 16.8800, 17.0700, 16.5201, 16.7500, 155621
2017-03-10, 16.6900, 16.8900, 16.2800, 16.7400, 136636
2017-03-13, 16.8100, 16.8900, 16.5700, 16.8600, 84356
2017-03-14, 16.8300, 16.8300, 16.3300, 16.4500, 105756
2017-03-15, 16.4800, 16.8500, 16.3500, 16.7400, 88205
2017-03-16, 16.8300, 16.8600, 16.6600, 16.7600, 70667
2017-03-17, 16.7700, 17.2200, 16.6600, 16.7600, 137885
2017-03-20, 16.8300, 17.0000, 16.5000, 16.8400, 61181
2017-03-21, 16.8400, 17.0448, 16.4700, 16.5000, 113631
2017-03-22, 16.4500, 16.4872, 16.1300, 16.3100, 83496
2017-03-23, 16.3900, 16.7500, 16.1616, 16.6500, 78033
2017-03-24, 16.7200, 16.7700, 16.4800, 16.5600, 47382
2017-03-27, 16.4100, 16.4600, 16.1800, 16.3300, 72490
2017-03-28, 16.4000, 16.5760, 16.2520, 16.3700, 27803
2017-03-29, 16.3900, 16.7500, 16.3240, 16.7000, 44304
2017-03-30, 16.7500, 16.8900, 16.4000, 16.4300, 76486
2017-03-31, 16.4400, 16.9100, 16.4000, 16.8900, 152431
2017-04-03, 16.9200, 16.9700, 16.5100, 16.7500, 91757
2017-04-04, 16.8500, 17.1700, 16.8000, 17.0500, 100913
2017-04-05, 17.2400, 17.2872, 16.6601, 16.7500, 116766
2017-04-06, 16.8600, 17.2400, 16.8300, 17.0900, 130935
2017-04-07, 17.1500, 17.1990, 16.9601, 16.9900, 95462
2017-04-10, 17.1300, 17.2979, 17.0000, 17.1800, 94543
2017-04-11, 17.2300, 17.2300, 16.5801, 16.9300, 141105
2017-04-12, 16.9400, 17.0300, 16.7000, 16.8800, 65653
2017-04-13, 16.8800, 16.9100, 16.6500, 16.7600, 168179
2017-04-17, 16.7700, 17.2200, 16.7278, 16.9700, 46713
2017-04-18, 16.9300, 17.3500, 16.9000, 17.0000, 90707
2017-04-19, 17.0500, 17.2000, 16.9000, 16.9900, 141599
2017-04-20, 17.0900, 17.2000, 16.9000, 17.1400, 61666
2017-04-21, 17.2000, 17.5800, 17.1100, 17.5700, 124665
2017-04-24, 17.8500, 17.8500, 17.4600, 17.5400, 126436
2017-04-25, 17.6900, 17.8400, 17.4100, 17.4900, 111387
2017-04-26, 17.5000, 17.7872, 17.5000, 17.5300, 93837
2017-04-27, 17.5600, 17.6300, 17.3000, 17.5700, 158133
2017-04-28, 17.0000, 17.0220, 16.6100, 16.7500, 122763
2017-05-01, 16.6900, 16.6900, 16.0300, 16.2300, 175425
2017-05-02, 16.2400, 16.4200, 15.9000, 16.1300, 105879
2017-05-03, 16.0700, 16.1700, 15.7200, 15.9900, 133648
2017-05-04, 15.6000, 16.4400, 15.2700, 16.4100, 218689
2017-05-05, 16.4500, 16.9000, 16.2500, 16.8500, 71866
2017-05-08, 16.8500, 17.2400, 16.5500, 17.0300, 129890
2017-05-09, 17.0800, 17.0800, 16.3000, 16.5300, 121092
2017-05-10, 16.6700, 16.9800, 16.5158, 16.7200, 152331
2017-05-11, 16.9400, 17.0599, 16.6500, 16.9900, 105420
2017-05-12, 16.9500, 17.2500, 16.7700, 16.8800, 94212
2017-05-15, 17.2000, 17.2500, 16.8500, 16.8900, 79880
2017-05-16, 16.8700, 16.9800, 16.7405, 16.8200, 39778
2017-05-17, 16.7000, 16.7380, 16.4092, 16.4100, 44733
2017-05-18, 16.3700, 16.5950, 16.3010, 16.4100, 61446
2017-05-19, 16.3900, 16.6300, 16.3900, 16.5600, 63407
2017-05-22, 16.5100, 16.6300, 16.3000, 16.3700, 37439
2017-05-23, 16.4000, 16.5050, 16.2800, 16.4200, 73640
2017-05-24, 16.4200, 16.6040, 16.1300, 16.3800, 44073
2017-05-25, 16.3800, 16.4336, 16.0000, 16.0700, 96311
2017-05-26, 16.0500, 16.2441, 16.0100, 16.0500, 29895
2017-05-30, 16.0200, 16.2050, 15.4200, 15.6700, 134968
2017-05-31, 15.6300, 15.6335, 15.2700, 15.3700, 104963
2017-06-01, 15.4100, 15.9200, 15.2700, 15.9000, 96001
2017-06-02, 15.8800, 15.8800, 15.6600, 15.7100, 67559
2017-06-05, 15.7400, 15.8800, 15.2100, 15.3000, 86890
2017-06-06, 15.3500, 15.4900, 15.0000, 15.4300, 83262
2017-06-07, 15.3800, 15.4983, 14.3000, 14.9200, 261918
2017-06-08, 14.9800, 15.2066, 14.9300, 15.1500, 109124
2017-06-09, 15.1800, 15.6100, 15.0400, 15.4200, 76072
2017-06-12, 15.6300, 16.7300, 15.6300, 16.5600, 378101
2017-06-13, 16.5700, 17.0200, 16.5300, 16.9400, 228232
2017-06-14, 16.8700, 17.0300, 16.3900, 16.6700, 201534
2017-06-15, 16.5400, 17.0000, 16.2500, 16.5000, 151696
2017-06-16, 16.5000, 16.7500, 16.1700, 16.5300, 918533
2017-06-19, 16.5000, 16.5000, 15.6900, 16.0400, 126923
2017-06-20, 15.9200, 15.9900, 15.6100, 15.8000, 83253
2017-06-21, 15.8100, 15.8800, 15.2800, 15.5200, 62081
2017-06-22, 15.5700, 15.9600, 15.4000, 15.7000, 71151
2017-06-23, 15.7500, 16.2700, 15.6100, 16.1100, 113312
2017-06-26, 16.1500, 16.2900, 15.9600, 16.0200, 84579
2017-06-27, 16.0900, 16.5400, 15.9100, 15.9800, 57927
2017-06-28, 15.9800, 16.5400, 15.9800, 16.3500, 52026
2017-06-29, 16.2500, 16.8800, 16.1350, 16.5500, 155768
2017-06-30, 16.7700, 16.8200, 16.2500, 16.3600, 143006
2017-07-03, 16.4200, 16.9200, 16.4200, 16.8700, 28029
2017-07-05, 16.8300, 16.9800, 16.4400, 16.7900, 101269
2017-07-06, 16.8700, 16.9050, 16.4300, 16.6000, 91143
2017-07-07, 16.5500, 16.6300, 16.3000, 16.5400, 111284
2017-07-10, 16.6500, 17.4200, 16.6500, 17.3100, 424015
2017-07-11, 17.7200, 17.7200, 17.2100, 17.3500, 112203
2017-07-12, 17.3500, 17.6100, 17.2200, 17.3000, 128197
2017-07-13, 17.2700, 17.4700, 17.1200, 17.4400, 69125
2017-07-14, 17.4900, 17.7200, 17.2000, 17.5700, 166174
2017-07-17, 17.5000, 17.7200, 17.4000, 17.4400, 83262
2017-07-18, 17.4400, 17.7500, 17.4400, 17.6700, 95455
2017-07-19, 17.6800, 17.8400, 17.6112, 17.7100, 70581
2017-07-20, 17.7800, 17.8000, 17.1310, 17.4800, 73905
2017-07-21, 17.4900, 17.6000, 17.2000, 17.4700, 74326
2017-07-24, 17.5200, 17.7000, 17.3900, 17.6400, 92419
2017-07-25, 17.6600, 17.7500, 17.5200, 17.5700, 92284
2017-07-26, 17.6300, 17.7512, 17.3600, 17.5200, 103082
2017-07-27, 17.5500, 17.5500, 17.0800, 17.1500, 253940
2017-07-28, 16.6500, 16.8800, 16.4875, 16.5100, 130731
2017-07-31, 16.5100, 16.5178, 15.9500, 16.3600, 228126
2017-08-01, 16.3600, 16.6900, 16.1600, 16.6400, 93131
2017-08-02, 16.6500, 17.0000, 16.3600, 16.9000, 97348
2017-08-03, 16.9200, 17.1400, 16.1100, 16.2200, 185160
2017-08-04, 16.0000, 16.1990, 14.7306, 14.7700, 401848
2017-08-07, 15.0400, 15.6700, 14.8600, 15.6400, 193187
2017-08-08, 15.5200, 15.6700, 15.0210, 15.0800, 138685
2017-08-09, 15.0800, 15.2300, 15.0000, 15.0600, 113018
2017-08-10, 15.1500, 15.5500, 15.0500, 15.4500, 158457
2017-08-11, 15.2700, 15.5500, 14.9700, 15.5300, 241514
2017-08-14, 15.5200, 15.6000, 15.1962, 15.5100, 120007
2017-08-15, 15.4000, 15.4900, 15.2000, 15.2700, 88364
2017-08-16, 15.2100, 15.3617, 15.0000, 15.1500, 85859
2017-08-17, 15.0100, 15.1101, 14.7600, 14.8300, 145186
2017-08-18, 14.8000, 15.1300, 14.5900, 14.9900, 127601
2017-08-21, 14.9700, 14.9700, 14.6000, 14.7100, 64664
2017-08-22, 14.7400, 15.2000, 14.5500, 15.1100, 93836
2017-08-23, 15.0100, 15.2700, 15.0000, 15.2000, 75638
2017-08-24, 15.2100, 15.3000, 14.9800, 15.1400, 75461
2017-08-25, 15.1900, 15.5399, 15.0700, 15.5000, 103385
2017-08-28, 15.5400, 15.6500, 15.1200, 15.5200, 122871
2017-08-29, 15.5700, 15.6600, 15.2062, 15.3800, 50499
2017-08-30, 15.3300, 15.4500, 15.1400, 15.3300, 56382
2017-08-31, 15.4800, 15.8600, 15.3000, 15.7800, 77241
2017-09-01, 15.7900, 15.7900, 15.5200, 15.6000, 65115
2017-09-05, 15.5700, 15.8900, 15.5100, 15.7400, 30681
2017-09-06, 15.7300, 15.9900, 15.7200, 15.9300, 52169
2017-09-07, 15.9600, 15.9900, 15.6044, 15.7800, 65020
2017-09-08, 15.7400, 15.7500, 15.3800, 15.5900, 56642
2017-09-11, 15.6800, 15.6800, 15.3500, 15.4200, 47442
2017-09-12, 15.4200, 15.5400, 15.3500, 15.3500, 51543
2017-09-13, 15.3800, 15.6900, 15.3500, 15.5100, 49499
2017-09-14, 15.5900, 15.7000, 15.3100, 15.4100, 89756
2017-09-15, 15.3900, 15.6100, 15.3500, 15.4000, 153583
2017-09-18, 15.4300, 15.6300, 15.4100, 15.4600, 49998
2017-09-19, 15.4800, 15.6200, 15.3000, 15.5100, 100853
2017-09-20, 15.6200, 15.7150, 15.4445, 15.6300, 106933
2017-09-21, 15.5700, 15.6900, 15.4400, 15.5300, 48480
2017-09-22, 15.5100, 15.9100, 15.5100, 15.7600, 62899
2017-09-25, 16.0000, 16.6797, 15.9184, 16.5800, 203890
2017-09-26, 16.5800, 16.7700, 16.3500, 16.6900, 114937
2017-09-27, 16.7000, 16.7800, 16.2300, 16.7200, 84651
2017-09-28, 16.7400, 16.7799, 16.3400, 16.6000, 73269
2017-09-29, 16.5400, 16.8000, 16.5400, 16.7200, 21844
2017-10-02, 16.5000, 16.7599, 16.3850, 16.6800, 53538
2017-10-03, 16.6600, 16.9999, 16.5900, 16.8900, 46455
2017-10-04, 16.9400, 16.9500, 16.7600, 16.8400, 22894
2017-10-05, 16.8500, 17.2500, 16.8500, 17.1900, 73089
2017-10-06, 17.1800, 17.2900, 16.9048, 17.2800, 49599
2017-10-09, 17.2400, 17.3400, 17.1110, 17.2400, 40087
2017-10-10, 17.3400, 17.5000, 17.1900, 17.2500, 54004
2017-10-11, 17.2000, 17.5350, 17.2000, 17.4600, 67542
2017-10-12, 17.3700, 17.6400, 16.9500, 17.0800, 128685
2017-10-13, 17.0600, 17.1900, 16.6100, 16.8100, 142181
2017-10-16, 16.8200, 17.1151, 16.8200, 16.9600, 57762
2017-10-17, 17.0400, 17.0800, 16.8100, 16.8400, 41979
2017-10-18, 16.9500, 17.0499, 16.5200, 16.7100, 44742
2017-10-19, 16.5600, 16.9850, 16.5600, 16.8100, 34252
2017-10-20, 16.9700, 17.2900, 16.8300, 17.1300, 83687
2017-10-23, 17.1500, 17.2500, 16.7776, 16.8400, 91765
2017-10-24, 17.0000, 17.2350, 16.8983, 17.0700, 50405
2017-10-25, 17.2000, 17.2000, 16.8200, 16.9800, 97197
2017-10-26, 17.1100, 17.1100, 16.0800, 16.1000, 215191
2017-10-27, 15.4800, 16.1600, 15.4800, 15.8600, 192365
2017-10-30, 15.8500, 16.1450, 15.5700, 15.6800, 66569
2017-10-31, 15.6000, 15.8400, 15.5800, 15.7100, 74207
2017-11-01, 15.7400, 16.4190, 15.6891, 16.2600, 74338
2017-11-02, 16.2800, 16.4432, 15.8915, 16.1800, 72378
2017-11-03, 16.1800, 16.4000, 15.8700, 16.2800, 44779
2017-11-06, 16.2200, 16.7200, 16.2200, 16.3400, 62043
2017-11-07, 16.3400, 16.8101, 16.0300, 16.5900, 55326
2017-11-08, 16.7200, 16.8850, 16.6000, 16.7600, 50933
2017-11-09, 16.8100, 17.0500, 16.7224, 16.8200, 77720
2017-11-10, 16.9500, 17.0400, 16.7400, 16.7700, 46899
2017-11-13, 16.7000, 17.0300, 16.3500, 16.4000, 77728
2017-11-14, 16.3500, 16.3700, 16.0100, 16.0100, 52290
2017-11-15, 16.0100, 16.3400, 15.8700, 16.2700, 65545
2017-11-16, 16.1800, 16.7000, 15.9000, 16.5100, 75049
2017-11-17, 16.5100, 16.8000, 16.2300, 16.6900, 54326
2017-11-20, 16.6000, 16.7100, 16.4400, 16.5700, 44541
2017-11-21, 16.5000, 16.7400, 16.4750, 16.6800, 37547
2017-11-22, 16.7000, 16.9047, 16.3600, 16.4500, 52556
2017-11-24, 16.5900, 16.8100, 16.5841, 16.7500, 15651
2017-11-27, 16.8100, 16.8100, 16.5100, 16.5700, 56432
2017-11-28, 16.6700, 16.9500, 16.5800, 16.9500, 56302
2017-11-29, 16.9000, 17.0500, 16.6500, 16.7000, 33658
2017-11-30, 16.8700, 17.0400, 16.7000, 16.9800, 72880
2017-12-01, 17.0600, 17.1699, 16.8500, 16.9000, 84403
2017-12-04, 16.4600, 17.1000, 16.4600, 16.6600, 68439
2017-12-05, 16.6600, 17.0000, 16.6300, 16.9600, 68971
2017-12-06, 16.8000, 16.9500, 16.6000, 16.7400, 70707
2017-12-07, 16.6900, 16.8000, 16.6000, 16.6800, 41701
2017-12-08, 16.7500, 16.8900, 16.5541, 16.7200, 75955
2017-12-11, 16.8000, 17.1300, 16.7100, 16.8900, 236747
2017-12-12, 16.8700, 16.9800, 16.7640, 16.8500, 83527
2017-12-13, 16.9700, 16.9700, 16.7191, 16.7300, 61839
2017-12-14, 16.8300, 16.9800, 16.7300, 16.7400, 84412
2017-12-15, 16.7300, 16.8400, 16.4100, 16.5300, 214270
2017-12-18, 16.7000, 16.9500, 16.4500, 16.6400, 72386
2017-12-19, 16.4200, 16.6500, 16.3500, 16.4400, 71403
2017-12-20, 16.5700, 16.7750, 16.4200, 16.4900, 85155
2017-12-21, 16.6100, 16.7988, 16.4350, 16.6600, 86614
2017-12-22, 16.5500, 16.6400, 16.4300, 16.5700, 43078
2017-12-26, 16.6000, 16.8600, 16.5808, 16.8000, 62461
2017-12-27, 16.7200, 16.8200, 16.5600, 16.6700, 25588
2017-12-28, 16.6200, 16.7900, 16.5700, 16.6800, 40626
2017-12-29, 16.6000, 16.7900, 16.4100, 16.5400, 91037
2018-01-02, 16.5500, 16.9800, 16.4150, 16.9400, 99497
2018-01-03, 16.9800, 17.6900, 16.9107, 17.5600, 201231
2018-01-04, 17.6000, 17.6500, 17.3001, 17.4600, 91721
2018-01-05, 17.5300, 17.6800, 17.3615, 17.5300, 52626
2018-01-08, 17.5100, 17.8800, 17.3110, 17.6600, 142376
2018-01-09, 17.6800, 17.7300, 17.5000, 17.6300, 82016
2018-01-10, 17.6300, 17.7900, 17.5800, 17.6300, 88529
2018-01-11, 17.7500, 17.7900, 17.5500, 17.5600, 243611
2018-01-12, 17.5700, 17.7955, 17.4500, 17.4500, 118691
2018-01-16, 17.8400, 18.0000, 17.4000, 17.6200, 446413
2018-01-17, 17.9800, 18.5000, 17.9800, 18.1800, 416676
2018-01-18, 18.2000, 18.4600, 18.2000, 18.3600, 245960
2018-01-19, 18.5600, 18.8900, 18.5000, 18.8100, 612849
2018-01-22, 18.9000, 18.9700, 18.7500, 18.9300, 369524
2018-01-23, 18.9500, 19.3200, 18.8011, 19.1600, 204386
2018-01-24, 19.2900, 19.3300, 18.8400, 19.0500, 199692
2018-01-25, 19.1500, 19.2090, 18.7200, 18.9100, 225115
2018-01-26, 19.0900, 19.1200, 18.6200, 18.8800, 277931
2018-01-29, 18.9000, 18.9010, 18.6100, 18.6500, 185092
2018-01-30, 18.5500, 18.6400, 18.2200, 18.4200, 237222
2018-01-31, 18.5600, 18.6037, 18.2899, 18.4200, 269754
2018-02-01, 17.8500, 18.7600, 17.6200, 18.5500, 343550
2018-02-02, 18.5200, 18.5200, 18.0200, 18.1900, 204944
2018-02-05, 17.9600, 18.2700, 17.6501, 18.0700, 237418
2018-02-06, 17.7900, 18.5200, 17.7100, 18.1300, 206291
2018-02-07, 18.0900, 18.3650, 17.7901, 17.9700, 140810
2018-02-08, 18.0000, 18.2399, 17.4000, 17.4700, 99411
2018-02-09, 17.4000, 17.5900, 16.6500, 17.1400, 176844
2018-02-12, 17.1800, 18.0000, 17.1800, 17.9300, 160026
2018-02-13, 17.9300, 18.3600, 17.9000, 18.0700, 283452
2018-02-14, 18.0500, 18.1700, 17.9000, 18.0000, 311332
2018-02-15, 18.0500, 18.2500, 17.8700, 17.8700, 163176
2018-02-16, 17.8100, 18.1000, 17.7250, 17.9900, 144714
2018-02-20, 17.9900, 18.1600, 17.5800, 17.6000, 147926
2018-02-21, 17.7500, 17.9650, 17.7500, 17.7600, 78745
2018-02-22, 17.8100, 18.1500, 17.5800, 17.6600, 100184
2018-02-23, 17.6600, 18.4700, 17.6184, 18.2100, 176943
2018-02-26, 18.3500, 18.3500, 17.8400, 18.0000, 148663
2018-02-27, 18.0900, 18.4500, 17.6700, 17.6700, 99084
2018-02-28, 17.7200, 18.0400, 17.7200, 17.7800, 122233
2018-03-01, 17.8900, 18.1250, 17.5600, 17.8200, 187063
2018-03-02, 17.6300, 17.9639, 17.5600, 17.6900, 176950
2018-03-05, 17.9800, 18.0550, 17.7600, 17.7800, 159283
2018-03-06, 17.9000, 17.9900, 17.7702, 17.8700, 166518
2018-03-07, 17.7900, 18.0000, 17.7016, 17.9500, 172293
2018-03-08, 18.0000, 18.2500, 17.7600, 17.8300, 174393
2018-03-09, 18.0500, 18.1800, 17.6600, 17.6900, 246602
2018-03-12, 17.6500, 17.9000, 17.5100, 17.6200, 236599
2018-03-13, 17.5100, 17.6000, 17.1400, 17.2500, 263751
2018-03-14, 17.2700, 17.5500, 17.2100, 17.3900, 168946
2018-03-15, 17.4500, 17.6400, 16.7200, 16.7400, 393946
2018-03-16, 16.7500, 17.5850, 16.6500, 17.2300, 664179
2018-03-19, 17.2300, 17.2800, 16.7900, 17.1200, 202769
2018-03-20, 17.1800, 17.2600, 16.6400, 16.9300, 234074
2018-03-21, 16.9700, 17.4300, 16.9700, 17.2200, 234907
2018-03-22, 17.2500, 17.4600, 17.0500, 17.1000, 118662
2018-03-23, 17.1200, 17.4700, 17.0300, 17.1100, 173685
2018-03-26, 17.2300, 17.2800, 16.7500, 17.0100, 152352
2018-03-27, 17.0600, 17.1300, 16.7100, 16.7600, 399370
2018-03-28, 16.7500, 16.8900, 16.5000, 16.6100, 145904
2018-03-29, 16.6800, 17.0500, 16.5931, 16.9300, 135995
2018-04-02, 17.0300, 17.0800, 16.5500, 17.0500, 105065
2018-04-03, 17.0500, 17.2700, 16.9800, 17.1100, 186531
2018-04-04, 16.9100, 17.0800, 16.5600, 16.6700, 179456
2018-04-05, 16.7600, 17.2000, 16.6000, 17.0400, 111042
2018-04-06, 17.0200, 17.1100, 16.6600, 16.8400, 102928
2018-04-09, 16.8800, 17.2400, 16.8700, 17.0000, 101232
2018-04-10, 17.2100, 17.9300, 17.1700, 17.7700, 285028
2018-04-11, 17.6900, 18.2170, 17.6900, 18.0500, 76481
2018-04-12, 18.1400, 18.2200, 17.7800, 17.8900, 113075
2018-04-13, 17.9800, 18.2900, 17.8414, 18.1300, 212033
2018-04-16, 18.2700, 18.7500, 18.1800, 18.6300, 278955
2018-04-17, 18.6000, 18.8000, 18.5000, 18.7400, 207911
2018-04-18, 19.2800, 19.2800, 18.7000, 18.8200, 222098
2018-04-19, 18.8100, 18.9400, 18.5870, 18.8500, 278035
2018-04-20, 18.9200, 19.1400, 18.7300, 18.8000, 236275
2018-04-23, 18.8000, 19.2700, 18.7500, 19.0400, 193485
2018-04-24, 19.1300, 19.1300, 18.4800, 18.5100, 187700
2018-04-25, 18.5800, 18.6800, 18.4800, 18.6000, 64274
2018-04-26, 18.6000, 18.8300, 18.5200, 18.5300, 113669
2018-04-27, 18.5800, 18.6000, 18.1200, 18.2100, 236643
2018-04-30, 17.6100, 18.1250, 17.6000, 17.9000, 215670
2018-05-01, 17.8200, 18.0300, 17.5650, 17.9300, 83220
2018-05-02, 17.8700, 18.1400, 17.8700, 17.9200, 62809
2018-05-03, 17.9500, 17.9500, 17.6301, 17.7700, 100599
2018-05-04, 17.7000, 17.8700, 17.5200, 17.8500, 99048
2018-05-07, 17.9200, 18.0700, 17.6400, 17.7900, 164049
2018-05-08, 17.7400, 18.0700, 17.5500, 17.9900, 168784
2018-05-09, 18.0100, 18.4500, 18.0100, 18.2800, 785914
2018-05-10, 18.3100, 18.5068, 18.2900, 18.3600, 105760
2018-05-11, 18.4700, 18.6400, 18.2900, 18.4200, 428067
2018-05-14, 18.5400, 18.9550, 18.5400, 18.6900, 142149
2018-05-15, 18.5800, 18.7999, 18.2900, 18.3100, 86630
2018-05-16, 18.3100, 18.4529, 17.8500, 17.9400, 184500
2018-05-17, 18.0100, 18.4400, 18.0100, 18.2000, 475958
2018-05-18, 18.2000, 18.3050, 18.1000, 18.2100, 182595
2018-05-21, 18.4000, 18.4000, 18.1800, 18.2500, 117549
2018-05-22, 18.2500, 18.4600, 18.1200, 18.2400, 160303
2018-05-23, 18.2500, 18.3300, 18.0200, 18.2600, 156623
2018-05-24, 18.1500, 18.2153, 17.8600, 17.9800, 115537
2018-05-25, 17.8500, 18.1000, 17.6900, 17.9800, 137996
2018-05-29, 17.9400, 18.2552, 17.7600, 18.1400, 106451
2018-05-30, 18.1400, 18.6100, 18.1300, 18.5700, 116145
2018-05-31, 18.4500, 18.7200, 18.2500, 18.5700, 186655
2018-06-01, 18.6000, 18.7000, 18.3900, 18.5100, 449425
2018-06-04, 18.5500, 18.6300, 18.2700, 18.4300, 141894
2018-06-05, 18.3600, 18.5100, 18.3100, 18.3600, 293173
2018-06-06, 18.3300, 18.4900, 18.1700, 18.3000, 232798
2018-06-07, 18.3500, 18.4100, 18.1800, 18.3200, 109240
2018-06-08, 18.5000, 18.5000, 18.0900, 18.3000, 371066
2018-06-11, 18.2300, 18.4400, 18.1550, 18.3200, 346675
2018-06-12, 18.2900, 18.4300, 17.9700, 17.9800, 287661
2018-06-13, 16.2900, 16.6300, 16.2300, 16.2500, 3578672
2018-06-14, 16.3700, 17.0900, 16.3600, 16.9400, 1177905
2018-06-15, 16.9400, 17.1700, 16.7244, 16.9000, 2008630
2018-06-18, 16.8300, 17.1800, 16.7845, 16.9100, 335616
2018-06-19, 16.7000, 17.0100, 16.7000, 16.7700, 327069
2018-06-20, 16.7800, 17.1600, 16.6500, 16.8300, 196658
2018-06-21, 16.8900, 16.9900, 16.6000, 16.6600, 139489
2018-06-22, 16.9500, 17.1500, 16.7900, 16.9300, 166148
2018-06-25, 16.8700, 16.9400, 16.6000, 16.7400, 124985
2018-06-26, 16.7500, 16.9900, 16.6700, 16.9400, 99168
2018-06-27, 17.0000, 17.1900, 16.7300, 16.8600, 236373
2018-06-28, 16.9100, 16.9100, 16.5600, 16.7000, 140094
2018-06-29, 16.7500, 17.1000, 16.6000, 16.8300, 151739
2018-07-02, 16.8500, 17.0900, 16.6500, 16.8500, 139060
2018-07-03, 16.9500, 17.2000, 16.9500, 16.9900, 70132
2018-07-05, 17.1100, 17.3029, 17.0500, 17.2700, 111437
2018-07-06, 17.2700, 17.5300, 17.2000, 17.3800, 90034
2018-07-09, 17.4100, 17.5700, 17.2500, 17.2900, 193604
2018-07-10, 17.3500, 17.5700, 17.1700, 17.2500, 269234
2018-07-11, 17.1600, 17.2400, 16.9100, 17.0000, 243356
2018-07-12, 17.0100, 17.0800, 16.7300, 16.9000, 183564
2018-07-13, 16.8600, 17.0000, 16.8000, 16.9500, 161270
2018-07-16, 16.8000, 16.9900, 16.7100, 16.9000, 208634
2018-07-17, 16.8700, 16.8700, 16.7000, 16.7500, 892270
2018-07-18, 16.7700, 17.0100, 16.6300, 17.0000, 224664
2018-07-19, 17.0600, 17.1710, 16.9400, 16.9900, 253095
2018-07-20, 17.1300, 17.1300, 16.9750, 17.0800, 153220
2018-07-23, 17.1300, 17.1400, 16.7900, 16.8900, 220945
2018-07-24, 16.8900, 17.0000, 16.8000, 16.8500, 201806
2018-07-25, 16.8400, 17.0300, 16.8100, 16.9000, 169724
2018-07-26, 17.0200, 17.1700, 16.8800, 16.9800, 527731
2018-07-27, 16.7100, 16.7300, 16.0900, 16.1000, 317668
2018-07-30, 16.2600, 16.4300, 16.0700, 16.1400, 318595
2018-07-31, 16.1900, 16.4400, 16.0700, 16.2900, 131655
2018-08-01, 16.2400, 16.4300, 16.0200, 16.2600, 121049
2018-08-02, 16.3500, 16.5800, 16.1100, 16.5800, 162006
2018-08-03, 16.5600, 16.6300, 16.4000, 16.4900, 101658
2018-08-06, 16.4600, 16.6900, 16.4000, 16.6200, 141391
2018-08-07, 16.8500, 17.4400, 16.7500, 17.3100, 324824
2018-08-08, 17.2800, 17.5700, 17.0800, 17.2600, 557715
2018-08-09, 17.3900, 17.3900, 17.1600, 17.3000, 295288
2018-08-10, 17.3000, 17.4100, 17.2428, 17.3700, 458008
2018-08-13, 17.4300, 17.4600, 16.8700, 16.8800, 243833
2018-08-14, 16.8400, 17.2800, 16.8400, 16.9600, 224752
2018-08-15, 16.9500, 17.1500, 16.7500, 16.9700, 247235
2018-08-16, 17.0000, 17.2700, 16.9300, 17.1800, 144936
2018-08-17, 17.0900, 17.4600, 17.0900, 17.2800, 1149008
2018-08-20, 17.4000, 17.7100, 17.3271, 17.4700, 340404
2018-08-21, 17.4800, 17.6000, 17.3300, 17.3700, 233077
2018-08-22, 17.5400, 17.6000, 17.3800, 17.4500, 220471
2018-08-23, 17.5000, 17.5622, 17.3200, 17.5100, 307478
2018-08-24, 17.5100, 17.8900, 17.3400, 17.7500, 4267034
2018-08-27, 17.7000, 17.7900, 17.4300, 17.5000, 263276
2018-08-28, 17.4800, 17.6100, 17.0900, 17.1200, 202282
2018-08-29, 17.0300, 17.2400, 16.3000, 16.4200, 881411
2018-08-30, 16.4000, 16.7300, 16.2700, 16.5600, 543122
2018-08-31, 16.5000, 16.7700, 16.2700, 16.5200, 350562
2018-09-04, 16.5800, 16.8500, 16.3700, 16.6600, 618392
2018-09-05, 16.8900, 16.8900, 16.3900, 16.4500, 558108
2018-09-06, 16.4000, 16.5600, 16.3500, 16.4000, 271121
2018-09-07, 16.3100, 16.6100, 16.1200, 16.5300, 169253
2018-09-10, 16.6400, 16.7900, 16.4200, 16.5000, 195142
2018-09-11, 16.5300, 16.6100, 16.3900, 16.4000, 254098
2018-09-12, 16.4300, 16.5800, 16.4300, 16.5000, 179067
2018-09-13, 16.5900, 16.5900, 16.3100, 16.4200, 248934
2018-09-14, 16.3700, 16.6900, 16.3550, 16.6700, 341610
2018-09-17, 16.6800, 16.7300, 16.5450, 16.6000, 137507
2018-09-18, 16.6100, 16.7550, 16.6100, 16.6500, 222139
2018-09-19, 16.7300, 16.7500, 16.3900, 16.4500, 159937
2018-09-20, 16.5000, 16.7100, 16.3600, 16.7000, 406467
2018-09-21, 16.7700, 16.7700, 16.5200, 16.5700, 249732
2018-09-24, 16.6100, 16.6850, 16.3700, 16.4600, 215808
2018-09-25, 16.5500, 16.5900, 16.3900, 16.5100, 348699
2018-09-26, 16.5400, 16.5600, 16.3850, 16.4000, 305696
2018-09-27, 16.4500, 16.4800, 16.3000, 16.4500, 303917
2018-09-28, 16.4100, 16.5100, 16.3500, 16.5100, 312955
2018-10-01, 16.6100, 17.1400, 16.5800, 17.0300, 638301
2018-10-02, 17.0000, 17.1000, 16.6900, 16.7000, 486174
2018-10-03, 16.9000, 17.1300, 16.6800, 17.1000, 268237
2018-10-04, 17.1300, 17.1300, 16.7595, 16.8600, 256386
2018-10-05, 16.9000, 17.0500, 16.7900, 16.9200, 263488
2018-10-08, 16.9300, 17.0100, 16.7300, 16.8800, 246064
2018-10-09, 16.9100, 16.9400, 16.7500, 16.8100, 129510
2018-10-10, 16.8700, 16.8700, 16.4540, 16.5300, 209909
2018-10-11, 16.4900, 16.6700, 16.1476, 16.3900, 201221
2018-10-12, 16.5600, 16.5600, 16.1600, 16.4800, 195202
2018-10-15, 16.4800, 16.5600, 16.3700, 16.4800, 115276
2018-10-16, 16.5300, 16.8600, 16.4600, 16.7000, 217053
2018-10-17, 16.7000, 16.7398, 16.5000, 16.6400, 180188
2018-10-18, 16.5200, 16.7100, 16.4300, 16.6300, 125272
2018-10-19, 16.7100, 17.0000, 16.6600, 16.6600, 247833
2018-10-22, 16.7400, 16.9300, 16.6142, 16.7300, 188472
2018-10-23, 16.5400, 16.6400, 16.4100, 16.4800, 420723
2018-10-24, 16.6200, 16.6200, 16.0800, 16.0800, 303933
2018-10-25, 16.1400, 16.3300, 16.0900, 16.1800, 290886
2018-10-26, 15.5200, 15.5600, 15.1100, 15.4500, 394953
2018-10-29, 15.4800, 15.6300, 14.8100, 14.9600, 476262
2018-10-30, 14.8100, 14.9500, 14.4200, 14.6800, 375908
2018-10-31, 14.7800, 14.9089, 14.4500, 14.6500, 347940
2018-11-01, 14.7500, 14.8000, 14.5000, 14.7500, 178047
2018-11-02, 14.7800, 14.9700, 14.6400, 14.8000, 413670
2018-11-05, 14.9400, 15.1600, 14.8200, 15.0700, 242531
2018-11-06, 15.1800, 15.1800, 14.0100, 14.1800, 766969
2018-11-07, 14.7100, 14.7400, 14.2900, 14.5500, 514508
2018-11-08, 14.5000, 15.0000, 14.5000, 14.6700, 282530
2018-11-09, 14.6100, 14.6161, 14.3300, 14.5300, 239425
