2013-05-02, 19.2500, 21.2100, 19.2000, 20.8400, 32928800
2013-05-03, 21.3300, 21.7100, 20.6400, 20.6700, 8633100
2013-05-06, 20.7900, 21.2000, 20.7900, 21.1000, 2398500
2013-05-07, 21.0300, 22.0500, 20.8000, 21.6600, 2247900
2013-05-08, 21.7500, 23.0100, 21.6700, 22.1500, 5092100
2013-05-09, 22.2600, 22.5700, 21.5500, 21.6600, 1407300
2013-05-10, 21.7100, 22.7550, 21.5400, 22.6200, 1657700
2013-05-13, 22.7400, 22.7400, 22.2200, 22.3200, 1920100
2013-05-14, 22.2500, 23.3500, 22.2500, 23.1900, 1458000
2013-05-15, 23.3100, 23.9200, 23.1500, 23.8900, 2095100
2013-05-16, 23.8900, 24.3000, 23.6000, 23.9800, 1123200
2013-05-17, 24.3800, 24.9700, 24.2300, 24.9200, 4312700
2013-05-20, 26.8900, 26.9800, 25.9200, 26.2600, 7392500
2013-05-21, 26.9800, 27.8300, 26.4000, 26.8300, 2980900
2013-05-22, 27.2100, 27.4099, 25.2700, 25.9700, 4012000
2013-05-23, 25.4900, 27.4700, 25.3000, 26.4000, 3250500
2013-05-24, 26.5000, 26.5000, 26.0000, 26.3400, 1164000
2013-05-28, 26.8800, 28.9700, 26.5400, 28.4300, 3725100
2013-05-29, 27.9800, 28.2900, 27.1400, 28.1600, 1388200
2013-05-30, 28.1800, 29.0590, 28.1800, 28.4700, 882200
2013-05-31, 28.4300, 28.9000, 28.1500, 28.5300, 1211400
2013-06-03, 28.4400, 28.4400, 27.2500, 28.4000, 1506500
2013-06-04, 28.4700, 28.4800, 27.6400, 27.7800, 1013200
2013-06-05, 27.8000, 27.9600, 26.5600, 26.6300, 841800
2013-06-06, 26.5200, 27.1700, 26.4500, 27.0900, 1224600
2013-06-07, 27.0800, 28.0700, 27.0200, 28.0600, 636200
2013-06-10, 28.3500, 28.8990, 28.0000, 28.4100, 1076200
2013-06-11, 27.8300, 28.2000, 27.2000, 27.3200, 2040700
2013-06-12, 27.5000, 27.7400, 26.3800, 26.5700, 883000
2013-06-13, 26.4600, 26.8000, 26.2121, 26.6700, 588500
2013-06-14, 26.5300, 26.9800, 26.0100, 26.0700, 788600
2013-06-17, 26.7200, 26.9000, 26.2700, 26.2900, 1340200
2013-06-18, 26.3700, 26.7850, 26.2100, 26.6700, 675600
2013-06-19, 26.7100, 27.5600, 26.5200, 27.3800, 976000
2013-06-20, 27.0800, 27.5000, 26.5400, 27.0000, 1259700
2013-06-21, 27.1000, 27.1000, 26.5200, 26.5600, 1134700
2013-06-24, 26.3100, 26.5550, 25.5200, 25.9700, 1580500
2013-06-25, 26.2600, 26.5300, 25.8800, 26.0500, 1210000
2013-06-26, 26.1900, 26.4100, 26.0100, 26.2500, 1233200
2013-06-27, 26.5000, 27.0200, 26.2500, 26.9600, 990800
2013-06-28, 26.9700, 27.5100, 26.5400, 27.0600, 3861700
2013-07-01, 27.1000, 27.8000, 26.9700, 27.6200, 832600
2013-07-02, 27.6700, 28.1900, 27.3800, 28.0700, 1078500
2013-07-03, 27.9000, 28.1400, 27.6100, 27.9900, 653200
2013-07-05, 28.1200, 28.2000, 27.6300, 27.7900, 506100
2013-07-08, 28.0000, 28.1200, 27.7600, 28.0900, 514900
2013-07-09, 28.1700, 29.1700, 28.1700, 28.6400, 1839400
2013-07-10, 28.6200, 28.7300, 28.1800, 28.4700, 990500
2013-07-11, 28.8900, 28.8900, 28.3143, 28.5900, 1109500
2013-07-12, 28.6300, 29.1500, 28.3000, 29.0200, 773800
2013-07-15, 29.1500, 29.6400, 29.1500, 29.5000, 1733100
2013-07-16, 29.5600, 29.6300, 29.2000, 29.5500, 650200
2013-07-17, 29.7000, 29.8500, 29.5110, 29.6900, 400800
2013-07-18, 29.8600, 30.0800, 29.6900, 29.8500, 494800
2013-07-19, 29.5000, 29.8100, 29.0000, 29.7400, 243200
2013-07-22, 29.7400, 29.9400, 29.6501, 29.9300, 326700
2013-07-23, 29.9000, 30.3000, 29.8900, 30.1000, 1678500
2013-07-24, 30.3300, 30.6800, 30.0900, 30.4000, 655100
2013-07-25, 30.3800, 31.2200, 30.2000, 30.8500, 593300
2013-07-26, 30.6300, 32.0200, 30.5900, 31.2200, 1014300
2013-07-29, 31.0000, 31.0600, 30.1100, 30.4300, 117200
2013-07-30, 30.5700, 31.3500, 30.3500, 31.1600, 1013100
2013-07-31, 31.1700, 31.2460, 31.0400, 31.1200, 589600
2013-08-01, 31.5800, 32.2600, 31.3212, 31.9700, 919600
2013-08-02, 32.0800, 32.4300, 32.0100, 32.2200, 486500
2013-08-05, 32.0600, 32.5900, 32.0000, 32.1900, 445800
2013-08-06, 32.0300, 32.2400, 31.7000, 32.0700, 615800
2013-08-07, 32.1300, 32.6990, 30.8700, 31.3300, 1443400
2013-08-08, 31.6400, 31.9800, 31.4400, 31.7500, 611700
2013-08-09, 31.6200, 31.9000, 31.4205, 31.7500, 453600
2013-08-12, 30.9500, 31.1800, 30.4000, 31.0900, 1744900
2013-08-13, 30.8600, 31.0300, 30.4600, 30.8100, 1139100
2013-08-14, 30.8400, 31.0800, 30.5700, 30.6800, 672000
2013-08-15, 30.4000, 30.6600, 30.0900, 30.1800, 705500
2013-08-16, 30.2900, 30.4200, 29.8800, 29.9600, 629600
2013-08-19, 29.8700, 30.1900, 29.8700, 30.0600, 631100
2013-08-20, 30.0900, 31.1700, 30.0700, 30.5700, 661300
2013-08-21, 30.5200, 30.8600, 30.1000, 30.2000, 314500
2013-08-22, 30.3300, 30.4800, 30.1500, 30.3700, 210600
2013-08-23, 30.4500, 30.5000, 30.2700, 30.3000, 270100
2013-08-26, 30.2800, 30.3700, 29.7500, 29.7800, 317700
2013-08-27, 29.7500, 29.7500, 29.0100, 29.2400, 581200
2013-08-28, 29.1800, 29.4900, 28.9300, 29.1100, 197000
2013-08-29, 28.9700, 29.3600, 28.9700, 29.1800, 333900
2013-08-30, 29.2300, 29.2300, 28.6400, 28.8000, 630400
2013-09-03, 29.1400, 29.3900, 28.6900, 28.9300, 454400
2013-09-04, 28.9000, 29.3550, 28.7600, 29.1900, 819500
2013-09-05, 29.3300, 29.7300, 29.1600, 29.4300, 483600
2013-09-06, 29.5700, 29.8400, 29.3500, 29.7700, 668100
2013-09-09, 29.7500, 30.3300, 29.5200, 30.1100, 1033500
2013-09-10, 30.3500, 30.3800, 30.1100, 30.3600, 914700
2013-09-11, 30.3500, 30.6200, 30.1700, 30.2900, 472700
2013-09-12, 30.2600, 30.6300, 30.1800, 30.2000, 552400
2013-09-13, 30.2000, 30.4000, 29.8200, 30.0500, 878100
2013-09-16, 30.4100, 30.4100, 29.0800, 29.5700, 849200
2013-09-17, 29.6000, 29.9300, 29.3200, 29.8300, 520800
2013-09-18, 29.8200, 30.4400, 29.8200, 30.0700, 865200
2013-09-19, 30.0400, 30.0400, 28.7900, 29.0200, 1109500
2013-09-20, 28.9800, 29.2900, 28.8600, 28.9800, 1550900
2013-09-23, 28.9800, 29.2700, 28.8000, 29.1300, 517400
2013-09-24, 29.1600, 29.4200, 29.0700, 29.2500, 290700
2013-09-25, 29.2300, 29.8000, 29.1700, 29.6300, 187900
2013-09-26, 29.5500, 29.9900, 29.5200, 29.8000, 350100
2013-09-27, 29.5700, 30.4500, 29.4810, 29.8200, 357600
2013-09-30, 29.4100, 29.9100, 29.1300, 29.2100, 409700
2013-10-01, 29.1200, 29.8000, 28.9400, 29.8000, 611000
2013-10-02, 29.6800, 30.4600, 29.5600, 30.2400, 1414700
2013-10-03, 30.2100, 30.3500, 29.9950, 30.3000, 911000
2013-10-04, 30.3100, 30.4900, 29.6700, 29.7600, 582600
2013-10-07, 29.6300, 29.6300, 28.9500, 29.0400, 753600
2013-10-08, 29.1900, 29.4000, 28.9300, 29.1100, 792200
2013-10-09, 29.1600, 29.3400, 28.6400, 29.1800, 405000
2013-10-10, 29.5900, 30.0400, 29.5400, 30.0000, 533000
2013-10-11, 30.1600, 30.5100, 29.8860, 30.5000, 425500
2013-10-14, 30.2400, 30.3800, 30.0200, 30.1900, 267500
2013-10-15, 30.1600, 30.3800, 29.9800, 30.0200, 166000
2013-10-16, 30.1700, 30.8300, 30.1310, 30.7400, 440800
2013-10-17, 30.6800, 31.3498, 30.5390, 31.3200, 534700
2013-10-18, 31.4300, 31.5100, 31.1900, 31.2300, 291300
2013-10-21, 30.0100, 30.8900, 29.9500, 30.6900, 1022300
2013-10-22, 30.8300, 31.2900, 30.6900, 30.8100, 833100
2013-10-23, 30.6900, 30.6900, 29.3700, 29.6100, 2148000
2013-10-24, 29.7800, 30.6900, 29.7000, 30.5000, 17473300
2013-10-25, 30.5000, 31.2500, 30.1500, 30.8200, 2657700
2013-10-28, 30.9900, 31.2600, 30.8000, 31.0000, 1702200
2013-10-29, 30.9500, 31.2600, 30.8200, 31.2200, 1387000
2013-10-30, 31.1900, 31.7900, 30.8300, 31.1900, 1351100
2013-10-31, 31.1900, 31.3700, 30.8500, 31.0200, 988700
2013-11-01, 30.9900, 31.2900, 30.2600, 30.9600, 2854600
2013-11-04, 30.9700, 31.3200, 30.9700, 31.1900, 934800
2013-11-05, 31.0100, 31.3200, 30.8500, 30.9700, 835600
2013-11-06, 32.0800, 33.8400, 32.0000, 33.5900, 3300500
2013-11-07, 33.4900, 33.8700, 32.7700, 32.9500, 1940000
2013-11-08, 32.8900, 34.4200, 32.6500, 34.3400, 1677300
2013-11-11, 34.2600, 34.6700, 33.8510, 34.5100, 845600
2013-11-12, 34.5000, 35.1900, 34.2750, 34.5100, 1412100
2013-11-13, 34.3600, 35.3100, 34.1200, 35.2800, 955500
2013-11-14, 35.2300, 36.0800, 35.2200, 35.7800, 1365600
2013-11-15, 35.8200, 35.8200, 34.8800, 34.9500, 1264500
2013-11-18, 35.1700, 35.2200, 34.4400, 34.5500, 940900
2013-11-19, 34.6200, 34.7900, 34.3600, 34.5100, 1003400
2013-11-20, 34.6000, 34.8100, 34.2650, 34.3400, 1187200
2013-11-21, 34.4900, 34.9300, 34.3140, 34.4500, 927500
2013-11-22, 34.4700, 34.9200, 34.4500, 34.6400, 678400
2013-11-25, 34.7300, 35.2100, 34.6800, 34.8200, 590300
2013-11-26, 34.9000, 35.1400, 34.4100, 34.8400, 501000
2013-11-27, 34.9100, 35.1300, 34.7900, 34.9100, 405200
2013-11-29, 34.9100, 35.2200, 34.8950, 34.9400, 155200
2013-12-02, 34.9000, 35.1600, 34.5100, 34.9900, 709000
2013-12-03, 34.7600, 35.0600, 34.4700, 34.6100, 545700
2013-12-04, 34.4600, 34.9800, 33.3000, 33.9000, 1228500
2013-12-05, 34.1000, 34.3700, 33.7400, 33.9700, 490400
2013-12-06, 34.2700, 34.8000, 34.2200, 34.7500, 709300
2013-12-09, 34.8200, 35.0400, 34.2800, 35.0300, 797200
2013-12-10, 34.8600, 35.0900, 34.5000, 34.6800, 437600
2013-12-11, 34.7500, 34.7500, 33.6800, 33.9100, 838600
2013-12-12, 33.9500, 34.3100, 33.8301, 34.1500, 536400
2013-12-13, 34.2100, 34.3800, 33.9500, 34.3600, 438400
2013-12-16, 34.6500, 35.7100, 34.1800, 35.6100, 1072300
2013-12-17, 35.5400, 36.0100, 35.3200, 35.4200, 1127300
2013-12-18, 35.4700, 35.9300, 35.1900, 35.8900, 854800
2013-12-19, 35.7200, 35.9600, 34.8500, 35.0100, 1163800
2013-12-20, 35.2500, 35.7800, 34.7500, 35.0300, 3398600
2013-12-23, 35.2200, 35.4075, 35.0300, 35.2000, 496800
2013-12-24, 35.2600, 35.7700, 35.0820, 35.5200, 391100
2013-12-26, 35.5800, 35.9500, 35.1600, 35.5800, 464400
2013-12-27, 35.6900, 35.6900, 35.1300, 35.1900, 210600
2013-12-30, 35.2400, 35.5300, 34.9400, 35.0300, 433500
2013-12-31, 35.0300, 35.3500, 34.9500, 35.1500, 478300
2014-01-02, 35.0100, 35.3100, 34.7200, 35.2700, 712200
2014-01-03, 35.2300, 35.7200, 34.9080, 35.6800, 894200
2014-01-06, 35.9600, 36.7900, 35.8699, 36.6500, 2879200
2014-01-07, 37.0000, 37.0900, 36.5700, 36.9700, 1272600
2014-01-08, 36.9800, 37.1900, 36.7500, 37.0300, 1274300
2014-01-09, 36.1800, 36.5800, 35.1800, 36.3000, 1167900
2014-01-10, 36.4500, 36.9800, 36.1100, 36.9400, 1002700
2014-01-13, 36.9100, 37.1200, 35.2300, 35.4300, 1095100
2014-01-14, 35.5400, 35.9700, 35.4700, 35.8200, 739700
2014-01-15, 36.0100, 36.4700, 35.8100, 36.3600, 632700
2014-01-16, 36.2100, 36.6200, 36.0700, 36.3900, 825400
2014-01-17, 36.4300, 36.4300, 36.0500, 36.3000, 492800
2014-01-21, 36.5400, 36.5400, 35.4600, 35.5500, 347600
2014-01-22, 35.6900, 35.7000, 34.9900, 35.2500, 460100
2014-01-23, 35.0600, 35.3900, 34.1075, 34.4500, 705300
2014-01-24, 34.1100, 34.2000, 33.1200, 33.7900, 1028400
2014-01-27, 33.7900, 34.7000, 33.4900, 33.8100, 1221300
2014-01-28, 33.9100, 34.4600, 33.6600, 33.9000, 530200
2014-01-29, 33.5100, 33.9300, 33.0100, 33.6400, 663200
2014-01-30, 33.9900, 34.3100, 33.8500, 33.9100, 674400
2014-01-31, 33.5200, 34.0490, 33.3400, 33.7700, 1386600
2014-02-03, 33.7700, 33.9100, 32.7000, 33.2300, 1007600
2014-02-04, 33.4100, 33.6900, 33.1500, 33.6000, 655300
2014-02-05, 33.5500, 33.6200, 33.0900, 33.2300, 629500
2014-02-06, 33.3600, 33.6200, 32.8300, 33.1100, 689700
2014-02-07, 33.1500, 34.0900, 33.0100, 33.9600, 880700
2014-02-10, 33.9100, 34.6600, 33.7900, 34.4900, 633400
2014-02-11, 34.5300, 34.7800, 34.1800, 34.6100, 899300
2014-02-12, 34.6200, 36.5800, 34.6200, 35.1700, 926700
2014-02-13, 34.6400, 35.6200, 33.6200, 35.4900, 1475200
2014-02-14, 35.4800, 35.9000, 35.3100, 35.5800, 490600
2014-02-18, 35.7600, 36.7200, 35.4550, 35.6600, 708400
2014-02-19, 35.5600, 35.6400, 35.0200, 35.2200, 552200
2014-02-20, 35.2000, 35.2350, 34.5600, 34.9900, 491400
2014-02-21, 35.0600, 35.1900, 34.5700, 34.9600, 606300
2014-02-24, 34.9600, 35.8200, 34.8942, 35.7600, 753000
2014-02-25, 35.7300, 36.0700, 35.4000, 35.5600, 766200
2014-02-26, 35.5500, 35.7200, 35.2600, 35.3900, 530700
2014-02-27, 35.3800, 35.6700, 35.0500, 35.4700, 376100
2014-02-28, 35.3900, 36.0000, 35.3900, 35.8700, 601400
2014-03-03, 35.5500, 35.6900, 35.1400, 35.5100, 632700
2014-03-04, 35.8400, 36.3700, 35.8260, 36.2000, 430200
2014-03-05, 36.2300, 36.7500, 36.1100, 36.5800, 262200
2014-03-06, 36.7400, 37.1200, 36.7300, 36.8500, 437300
2014-03-07, 37.0400, 37.3100, 36.8900, 37.0100, 258800
2014-03-10, 36.9000, 37.2699, 36.3300, 36.9200, 433300
2014-03-11, 36.8300, 37.1300, 36.1600, 36.4000, 797500
2014-03-12, 36.0900, 36.2400, 35.6850, 35.9400, 701400
2014-03-13, 36.1100, 36.5500, 35.5300, 35.8200, 920300
2014-03-14, 35.6600, 35.6600, 34.3700, 35.3600, 770500
2014-03-17, 35.6300, 35.8300, 35.3400, 35.6000, 422500
2014-03-18, 36.0400, 37.7500, 35.0900, 36.3000, 1361400
2014-03-19, 36.3100, 36.5400, 35.1501, 35.2300, 2771100
2014-03-20, 35.8000, 36.8700, 35.8000, 36.7000, 12384400
2014-03-21, 37.0000, 37.2500, 36.1500, 36.6100, 2751700
2014-03-24, 36.6200, 37.2100, 36.1200, 36.7500, 1680900
2014-03-25, 36.8700, 37.1800, 36.2800, 36.5000, 1312100
2014-03-26, 36.6600, 36.7500, 35.8800, 35.9300, 1818000
2014-03-27, 35.7900, 36.4200, 35.2000, 35.6200, 1362800
2014-03-28, 35.7200, 35.8100, 35.2100, 35.4900, 3758300
2014-03-31, 36.2300, 36.6800, 35.8800, 36.2700, 2146000
2014-04-01, 36.5100, 36.7800, 36.3800, 36.7700, 1015400
2014-04-02, 36.9700, 37.2100, 36.4800, 37.1700, 2482100
2014-04-03, 37.2200, 37.4800, 37.0525, 37.2600, 1470200
2014-04-04, 37.3900, 37.5900, 36.6650, 36.8100, 1386400
2014-04-07, 36.7700, 36.9700, 35.8400, 35.9800, 1983800
2014-04-08, 35.9500, 36.8300, 35.6600, 35.9100, 2864000
2014-04-09, 35.9900, 36.3700, 35.6500, 36.2900, 1648800
2014-04-10, 36.2700, 36.7600, 35.4000, 35.6900, 2268500
2014-04-11, 35.3800, 35.6200, 34.6500, 34.8000, 1367500
2014-04-14, 35.0600, 35.0600, 34.2400, 34.5800, 1155400
2014-04-15, 34.6000, 34.7400, 34.1100, 34.6000, 1039500
2014-04-16, 34.8600, 35.2400, 34.7000, 34.9000, 750100
2014-04-17, 34.8900, 35.5900, 34.8900, 35.5100, 706300
2014-04-21, 35.5700, 35.5700, 35.0000, 35.2400, 470200
2014-04-22, 35.3400, 36.1300, 35.0900, 35.8300, 1203200
2014-04-23, 35.8600, 35.9600, 35.3450, 35.5300, 953100
2014-04-24, 36.0200, 36.2060, 35.1500, 35.3700, 1398200
2014-04-25, 35.3000, 35.4500, 34.9600, 35.1300, 616400
2014-04-28, 35.3100, 35.3100, 33.7550, 34.3200, 1390000
2014-04-29, 34.8700, 35.2800, 34.5725, 34.8300, 1046400
2014-04-30, 34.8900, 35.5200, 34.7262, 35.3900, 940600
2014-05-01, 35.3000, 35.8100, 34.9500, 35.0800, 2012900
2014-05-02, 35.0600, 35.7100, 34.7900, 35.3700, 1726100
2014-05-05, 35.0500, 35.8000, 34.9900, 35.3800, 942900
2014-05-06, 35.2500, 35.4200, 34.9000, 34.9800, 1994800
2014-05-07, 34.6500, 34.6800, 32.6001, 33.9900, 4103200
2014-05-08, 33.7800, 34.6700, 33.6550, 34.2500, 2395000
2014-05-09, 34.1300, 34.5200, 33.5300, 34.4800, 2105400
2014-05-12, 34.6200, 35.7800, 34.1800, 35.5800, 1888300
2014-05-13, 35.5500, 35.6800, 35.2200, 35.4900, 1270000
2014-05-14, 35.4900, 35.4900, 34.9200, 34.9800, 1665900
2014-05-15, 34.8000, 34.8400, 33.8450, 34.2700, 1233400
2014-05-16, 34.2500, 34.5700, 33.9950, 34.4600, 1887900
2014-05-19, 34.4100, 34.8000, 34.3600, 34.7200, 661000
2014-05-20, 34.6600, 35.2750, 34.6500, 34.9000, 1235400
2014-05-21, 35.6500, 36.6600, 35.5400, 35.8500, 2126600
2014-05-22, 35.9200, 36.4000, 35.5000, 36.2400, 1249300
2014-05-23, 36.2000, 36.5400, 36.2000, 36.3300, 1089200
2014-05-27, 36.5800, 37.3600, 36.5800, 37.1800, 2714200
2014-05-28, 37.2900, 37.3800, 36.3350, 36.4500, 2349500
2014-05-29, 36.5800, 36.7300, 35.8900, 36.2100, 1444200
2014-05-30, 36.5400, 36.5400, 35.8000, 35.8000, 7370500
2014-06-02, 35.9400, 36.8700, 35.9300, 36.8400, 1904600
2014-06-03, 36.8000, 36.8200, 36.0100, 36.2200, 2560500
2014-06-04, 36.3700, 36.8600, 36.2300, 36.8000, 2226900
2014-06-05, 36.7700, 36.8000, 36.0500, 36.1000, 2341800
2014-06-06, 36.2800, 36.4500, 36.1300, 36.3600, 1935600
2014-06-09, 36.2600, 36.5800, 35.9200, 36.4500, 1825900
2014-06-10, 36.2700, 36.6500, 36.1900, 36.4100, 1142300
2014-06-11, 36.3200, 36.3900, 35.8100, 35.8400, 760800
2014-06-12, 35.6400, 36.3550, 35.6400, 36.1200, 2253400
2014-06-13, 36.1400, 36.5100, 36.0300, 36.1500, 1278300
2014-06-16, 36.1500, 36.1500, 35.4800, 35.6700, 1309200
2014-06-17, 35.7000, 36.5200, 35.6850, 36.3800, 1075400
2014-06-18, 36.3100, 36.6200, 35.7301, 36.3100, 922800
2014-06-19, 36.3200, 36.4500, 35.9700, 36.0700, 590300
2014-06-20, 36.1100, 36.2900, 35.9700, 36.0700, 1102000
2014-06-23, 36.3200, 36.6000, 36.1200, 36.4400, 1152800
2014-06-24, 36.2900, 36.8400, 36.2000, 36.4100, 212539
2014-06-25, 36.3200, 36.6200, 36.2300, 36.5600, 194195
2014-06-26, 36.5400, 36.6000, 36.2500, 36.5000, 1247800
2014-06-27, 36.4000, 36.5100, 36.0100, 36.3200, 3607800
2014-06-30, 36.3200, 36.5900, 36.1600, 36.3400, 978300
2014-07-01, 36.3600, 36.8400, 36.3000, 36.5800, 1209500
2014-07-02, 36.6500, 36.8500, 36.3750, 36.4900, 980100
2014-07-03, 36.6600, 37.4000, 36.4700, 37.3700, 989600
2014-07-07, 37.1600, 37.1800, 36.7100, 36.8200, 778100
2014-07-08, 36.7800, 36.8800, 36.0200, 36.2800, 790000
2014-07-09, 36.3400, 36.7100, 36.3100, 36.5700, 1332200
2014-07-10, 36.1100, 36.4400, 35.8700, 36.2800, 987600
2014-07-11, 36.1800, 36.6400, 36.0200, 36.6100, 505800
2014-07-14, 36.8500, 37.0100, 36.7500, 36.9100, 692000
2014-07-15, 36.8100, 37.1199, 36.5000, 36.8200, 727100
2014-07-16, 36.9200, 36.9600, 36.4400, 36.5000, 673900
2014-07-17, 36.5000, 36.6900, 35.9200, 36.0000, 753300
2014-07-18, 36.0000, 36.4300, 35.9300, 36.3700, 467900
2014-07-21, 36.1900, 36.9800, 36.0540, 36.8300, 1170900
2014-07-22, 36.9100, 36.9600, 36.6600, 36.8600, 1003200
2014-07-23, 36.8500, 37.0200, 36.5900, 37.0100, 467600
2014-07-24, 37.0900, 37.1900, 36.8800, 37.1100, 1091500
2014-07-25, 37.0800, 37.1000, 36.8100, 36.8900, 929500
2014-07-28, 36.8300, 37.0050, 36.5950, 36.8300, 789500
2014-07-29, 36.8300, 37.0700, 36.7000, 37.0600, 2302100
2014-07-30, 37.2100, 37.5355, 37.0400, 37.4700, 1341600
2014-07-31, 37.1200, 37.3000, 36.6600, 37.1000, 1341600
2014-08-01, 36.9100, 37.4000, 36.5460, 36.8500, 1171300
2014-08-04, 36.9800, 37.1000, 36.5800, 37.1000, 943500
2014-08-05, 36.8500, 37.3100, 36.7000, 37.1200, 1161400
2014-08-06, 37.5700, 37.7200, 35.7300, 36.3800, 3257300
2014-08-07, 36.6200, 36.9700, 35.9800, 36.0900, 1593300
2014-08-08, 36.0800, 36.5600, 35.8400, 36.5500, 874900
2014-08-11, 36.6900, 37.2200, 36.5000, 36.8200, 1176100
2014-08-12, 36.7200, 37.0600, 36.6100, 36.9700, 1239900
2014-08-13, 37.1800, 37.8800, 37.1100, 37.3900, 2045500
2014-08-14, 37.5900, 38.0600, 37.4000, 37.8500, 1540900
2014-08-15, 38.0300, 38.3300, 37.4500, 38.0100, 1518000
2014-08-18, 38.2400, 38.5600, 38.0600, 38.5600, 1005100
2014-08-19, 38.7700, 38.8800, 38.4600, 38.7900, 1010200
2014-08-20, 38.7700, 38.9350, 38.5600, 38.6800, 858700
2014-08-21, 38.9000, 38.9000, 38.3300, 38.7800, 987800
2014-08-22, 38.7400, 39.0600, 38.6200, 38.8100, 689600
2014-08-25, 39.0800, 39.3500, 38.8700, 38.9300, 788800
2014-08-26, 38.9200, 39.2900, 38.8700, 39.2100, 1586300
2014-08-27, 39.4500, 39.5800, 39.2100, 39.4000, 916900
2014-08-28, 39.3300, 39.3400, 38.8000, 38.8800, 1837200
2014-08-29, 39.0100, 39.4200, 38.6610, 39.0900, 1165200
2014-09-02, 39.3900, 39.7200, 39.1600, 39.3700, 1019300
2014-09-03, 39.4000, 39.4800, 39.0500, 39.0500, 11673900
2014-09-04, 39.1000, 39.3550, 38.8700, 38.9700, 3262700
2014-09-05, 38.8500, 39.2300, 38.5950, 39.1500, 1682200
2014-09-08, 39.1900, 39.6000, 38.9800, 39.4800, 2188800
2014-09-09, 39.4300, 39.5000, 38.8900, 38.9800, 1988100
2014-09-10, 39.1600, 39.3600, 39.0800, 39.2900, 1700000
2014-09-11, 39.1000, 39.4400, 39.0400, 39.3200, 1588900
2014-09-12, 39.2600, 39.6300, 39.2600, 39.5800, 3147800
2014-09-15, 39.4300, 39.5900, 38.9500, 39.5600, 1055000
2014-09-16, 39.4800, 39.6300, 39.2800, 39.4400, 1252700
2014-09-17, 39.6300, 39.8000, 39.3100, 39.6000, 1177400
2014-09-18, 39.6900, 40.0000, 39.6600, 39.6900, 1302700
2014-09-19, 40.0300, 40.0800, 39.4100, 39.7000, 3073100
2014-09-22, 39.5600, 39.6300, 38.8600, 39.1700, 1255296
2014-09-23, 39.0700, 39.4300, 38.5300, 38.5600, 1259942
2014-09-24, 38.5100, 39.2400, 38.4700, 39.1600, 1225687
2014-09-25, 39.0100, 39.0200, 38.5800, 38.7800, 1143738
2014-09-26, 38.9300, 39.0800, 38.6000, 39.0500, 926231
2014-09-29, 39.3400, 39.4300, 38.8000, 39.0300, 1727388
2014-09-30, 39.1000, 39.2650, 38.7700, 39.1000, 1328241
2014-10-01, 39.0600, 39.2200, 38.3700, 38.6000, 1669163
2014-10-02, 38.6100, 39.0300, 38.1900, 38.5900, 1708235
2014-10-03, 38.8800, 39.3500, 38.8400, 39.1400, 1635025
2014-10-06, 39.3500, 39.4600, 38.7900, 38.9700, 1070563
2014-10-07, 38.8400, 38.9900, 38.4500, 38.4900, 1448998
2014-10-08, 38.4900, 38.7200, 38.0731, 38.6000, 1678412
2014-10-09, 38.5100, 38.7600, 37.4300, 37.4300, 2390839
2014-10-10, 37.5100, 37.7700, 36.8000, 36.8100, 2238742
2014-10-13, 36.8600, 37.1328, 36.2000, 36.2300, 1447149
2014-10-14, 36.2900, 36.6000, 35.9300, 36.2000, 1903597
2014-10-15, 35.7200, 35.7200, 33.9400, 35.3900, 4276441
2014-10-16, 34.2800, 35.3400, 34.2800, 35.2300, 2040321
2014-10-17, 35.5500, 36.1280, 35.2800, 35.9100, 1717648
2014-10-20, 35.6400, 36.0200, 35.5100, 35.9600, 1326126
2014-10-21, 36.8700, 37.3700, 36.5400, 37.3100, 1773766
2014-10-22, 37.3900, 37.9200, 37.2500, 37.3300, 1970987
2014-10-23, 37.7500, 38.0800, 37.5400, 37.6100, 793798
2014-10-24, 37.7200, 37.9600, 37.6000, 37.8700, 678145
2014-10-27, 37.7700, 38.1600, 37.5000, 38.0600, 1288723
2014-10-28, 38.2900, 39.0100, 38.1500, 38.8800, 1421452
2014-10-29, 38.8500, 39.0900, 38.3500, 38.6300, 866398
2014-10-30, 38.5900, 38.8000, 38.2100, 38.5300, 1454341
2014-10-31, 39.1900, 39.5200, 38.9200, 39.2500, 1749844
2014-11-03, 39.3400, 39.6400, 39.1200, 39.4500, 1294758
2014-11-04, 39.4400, 39.6600, 39.1500, 39.3800, 1394684
2014-11-05, 39.3900, 39.7500, 38.4500, 39.1900, 1917638
2014-11-06, 39.5100, 39.8900, 39.1500, 39.6300, 2018503
2014-11-07, 39.7500, 40.7000, 39.6100, 40.5100, 2150610
2014-11-10, 40.4600, 40.8500, 40.1100, 40.2500, 1238943
2014-11-11, 40.2800, 40.4000, 39.9900, 40.2700, 1125533
2014-11-12, 40.1000, 40.3900, 39.9200, 39.9900, 1278387
2014-11-13, 39.1500, 39.4350, 39.1100, 39.2600, 12982713
2014-11-14, 39.5000, 40.1900, 39.4300, 40.1300, 5675136
2014-11-17, 40.2500, 40.8400, 40.0500, 40.8400, 4367034
2014-11-18, 40.9400, 41.6900, 40.9400, 41.5900, 3996105
2014-11-19, 41.5100, 41.8800, 41.2400, 41.4400, 2369176
2014-11-20, 41.2900, 41.6400, 41.0100, 41.6200, 1601296
2014-11-21, 42.0500, 42.1700, 41.4500, 41.7600, 2646762
2014-11-24, 41.8400, 42.1500, 41.4800, 41.7000, 1393787
2014-11-25, 41.6800, 42.0200, 40.4100, 41.9500, 2156137
2014-11-26, 41.9200, 42.0900, 41.6500, 41.9700, 776055
2014-11-28, 41.9500, 42.0350, 41.6700, 41.8800, 486541
2014-12-01, 41.6900, 41.9000, 41.1300, 41.4800, 1190141
2014-12-02, 41.5900, 42.0550, 41.3400, 41.7100, 1754189
2014-12-03, 41.7400, 42.0600, 41.6400, 41.8100, 1141228
2014-12-04, 41.8200, 41.9400, 41.6200, 41.9100, 1293167
2014-12-05, 42.1200, 42.4900, 42.0450, 42.2100, 1446091
2014-12-08, 42.0800, 42.4600, 41.9600, 42.1700, 1725238
2014-12-09, 41.7600, 42.2200, 41.4300, 42.2100, 2128572
2014-12-10, 42.1300, 42.3900, 40.8600, 41.0400, 1973339
2014-12-11, 41.2500, 41.6200, 41.1900, 41.3400, 1606928
2014-12-12, 40.9500, 41.1000, 39.9800, 40.0600, 2015767
2014-12-15, 40.4600, 40.8000, 39.6300, 39.9600, 1826712
2014-12-16, 39.7400, 40.3900, 39.3500, 40.1600, 2412337
2014-12-17, 40.3300, 41.1750, 40.2500, 41.1300, 2631306
2014-12-18, 41.8400, 42.0600, 41.3000, 42.0600, 2039296
2014-12-19, 42.1400, 42.6000, 41.8100, 42.4300, 1738240
2014-12-22, 42.4200, 42.7900, 42.0800, 42.2700, 1100514
2014-12-23, 42.5000, 42.9900, 42.3400, 42.9100, 1014017
2014-12-24, 42.9200, 43.1700, 42.6500, 43.0000, 373523
2014-12-26, 43.0600, 43.2700, 42.9000, 43.0700, 482647
2014-12-29, 42.9500, 43.3500, 42.8500, 42.9600, 600992
2014-12-30, 42.7900, 42.9900, 42.6400, 42.8600, 597314
2014-12-31, 42.9700, 42.9800, 42.3700, 42.3800, 720453
2015-01-02, 42.6000, 42.8700, 42.0700, 42.3300, 980012
2015-01-05, 41.6200, 41.9900, 40.5500, 40.8100, 1867553
2015-01-06, 40.7600, 40.8300, 39.6200, 39.9200, 2444654
2015-01-07, 40.5900, 40.7000, 39.9900, 40.3600, 1695909
2015-01-08, 41.0400, 41.3200, 40.8200, 41.1300, 1402114
2015-01-09, 41.8900, 42.0600, 40.6300, 40.6800, 923266
2015-01-12, 40.6200, 40.6600, 39.8000, 40.0000, 1035804
2015-01-13, 40.4900, 40.8050, 40.0300, 40.4000, 2547546
2015-01-14, 39.8200, 39.9300, 38.9150, 39.6300, 2431692
2015-01-15, 39.6900, 39.8100, 38.4300, 38.5200, 2818556
2015-01-16, 38.4400, 39.0100, 38.2800, 38.9100, 1287414
2015-01-20, 39.0000, 39.1200, 38.2900, 38.5700, 1450244
2015-01-21, 38.4100, 38.8900, 38.3000, 38.6800, 1698552
2015-01-22, 38.9400, 39.7100, 38.6600, 39.6600, 1480252
2015-01-23, 39.6400, 39.6400, 38.9900, 39.1800, 921507
2015-01-26, 39.1800, 39.4400, 38.9300, 39.4000, 913465
2015-01-27, 38.9300, 39.6800, 38.7000, 39.4600, 1259045
2015-01-28, 39.9000, 39.9000, 39.0500, 39.0500, 1545171
2015-01-29, 39.1600, 39.5300, 38.7400, 39.4800, 1203310
2015-01-30, 39.0000, 39.4850, 38.7100, 39.0100, 1964923
2015-02-02, 39.0400, 39.6900, 38.8700, 39.6700, 1289669
2015-02-03, 40.1800, 40.4900, 39.7100, 40.2400, 1883014
2015-02-04, 40.1100, 40.3800, 39.7500, 39.7800, 1213072
2015-02-05, 39.8700, 40.2800, 39.6200, 40.2600, 1646022
2015-02-06, 40.5900, 41.7900, 40.5050, 41.1000, 2565184
2015-02-09, 41.0200, 41.2000, 40.6900, 41.0600, 1521284
2015-02-10, 41.4400, 41.7000, 41.1300, 41.5600, 2625275
2015-02-11, 43.9900, 44.0200, 42.3000, 42.4400, 3588069
2015-02-12, 43.2100, 43.5600, 42.7400, 43.0500, 2043167
2015-02-13, 43.0900, 43.4600, 43.0400, 43.1900, 1511630
2015-02-17, 43.3100, 43.5700, 42.8800, 43.1300, 2043711
2015-02-18, 43.1900, 43.9000, 43.1000, 43.5500, 3157541
2015-02-19, 43.3500, 43.6000, 43.0500, 43.4200, 1080440
2015-02-20, 43.3900, 43.9850, 42.9200, 43.9600, 1160031
2015-02-23, 43.9000, 43.9000, 43.3200, 43.6400, 637445
2015-02-24, 44.4300, 44.4900, 43.0500, 43.6000, 1493361
2015-02-25, 43.4600, 43.6700, 43.3000, 43.4800, 560635
2015-02-26, 43.5000, 43.8800, 43.4300, 43.6500, 857876
2015-02-27, 43.7200, 44.2600, 43.5100, 44.1900, 1853817
2015-03-02, 44.3100, 44.5000, 44.0900, 44.2400, 1321994
2015-03-03, 44.1700, 44.8000, 43.9900, 44.0800, 2115225
2015-03-04, 44.7100, 44.7100, 44.0900, 44.3000, 14140481
2015-03-05, 44.4900, 44.5000, 44.0650, 44.1100, 4567213
2015-03-06, 44.2000, 44.5000, 44.0600, 44.2200, 4816284
2015-03-09, 44.5800, 44.7700, 44.1100, 44.6900, 2270534
2015-03-10, 43.9000, 44.1700, 43.3400, 43.3400, 4316464
2015-03-11, 43.4900, 44.0600, 43.1750, 44.0100, 3089735
2015-03-12, 44.2300, 44.9500, 44.1700, 44.9300, 3236351
2015-03-13, 44.7500, 44.8200, 44.0900, 44.6400, 3238024
2015-03-16, 44.8900, 44.9700, 44.5500, 44.9200, 1907759
2015-03-17, 44.5200, 44.9500, 44.2800, 44.4300, 2446225
2015-03-18, 44.2400, 44.6800, 44.1100, 44.3800, 2200372
2015-03-19, 44.2500, 44.4200, 43.7700, 44.2200, 1874126
2015-03-20, 44.4100, 44.8100, 44.1700, 44.3500, 2676511
2015-03-23, 44.3800, 44.6900, 44.2600, 44.3700, 1754190
2015-03-24, 44.3900, 44.5700, 43.7200, 43.7900, 2254596
2015-03-25, 43.9600, 44.1000, 43.1300, 43.1700, 4049185
2015-03-26, 43.0900, 43.3400, 42.7000, 43.2100, 2057434
2015-03-27, 43.1000, 43.3200, 42.9400, 43.3100, 1869318
2015-03-30, 43.5000, 44.0100, 43.0300, 43.2900, 3598140
2015-03-31, 43.1500, 43.2300, 42.8500, 43.1100, 2957538
2015-04-01, 43.1800, 44.1200, 43.1000, 44.0100, 4728500
2015-04-02, 44.0000, 44.3400, 43.7300, 43.9700, 1955923
2015-04-06, 43.4300, 44.0100, 43.2400, 43.8300, 2379750
2015-04-07, 43.8700, 44.0390, 43.6200, 43.8600, 1648214
2015-04-08, 43.9400, 44.3880, 43.9000, 44.2300, 1411589
2015-04-09, 44.1200, 44.7200, 44.1200, 44.5500, 1811320
2015-04-10, 44.6000, 44.6300, 43.1900, 43.8300, 5298909
2015-04-13, 43.8200, 44.6000, 43.8000, 44.2000, 2497492
2015-04-14, 44.3600, 44.3700, 43.0800, 43.3200, 4249541
2015-04-15, 43.3400, 43.6900, 43.0800, 43.4500, 2624672
2015-04-16, 43.4600, 43.7350, 43.2600, 43.6000, 1277366
2015-04-17, 42.9100, 43.1100, 42.6300, 42.9300, 2065443
2015-04-20, 43.1000, 43.3100, 42.8600, 42.8600, 1503641
2015-04-21, 42.9300, 42.9300, 42.3175, 42.5900, 1451436
2015-04-22, 42.5700, 43.1200, 42.2600, 43.0100, 1444683
2015-04-23, 42.8900, 43.1200, 42.7350, 42.9900, 1281060
2015-04-24, 42.9600, 42.9900, 42.5100, 42.8000, 714105
2015-04-27, 42.8700, 43.1100, 42.3100, 42.3400, 904847
2015-04-28, 42.3400, 42.8700, 42.1150, 42.8700, 1362732
2015-04-29, 42.8800, 43.1700, 42.7300, 42.8700, 1695445
2015-04-30, 42.6800, 42.8100, 41.9200, 42.3400, 2895593
2015-05-01, 42.6200, 42.9400, 42.4700, 42.7000, 1599267
2015-05-04, 42.7300, 43.2100, 42.6300, 43.0200, 1118357
2015-05-05, 42.8500, 43.2200, 42.6800, 42.7300, 1173667
2015-05-06, 42.7400, 43.6000, 42.5600, 43.0600, 2172540
2015-05-07, 43.4400, 44.1500, 43.1200, 43.9500, 2322517
2015-05-08, 44.0700, 44.5100, 43.7700, 44.1200, 1816538
2015-05-11, 44.1900, 45.2700, 44.0300, 45.1600, 2116368
2015-05-12, 45.0700, 45.0700, 44.5500, 44.5900, 1743256
2015-05-13, 44.5200, 44.8400, 44.3600, 44.8000, 1654931
2015-05-14, 44.9400, 45.0600, 44.7600, 44.9500, 1299222
2015-05-15, 45.3400, 45.3400, 44.5300, 44.8100, 1483955
2015-05-18, 44.7200, 45.5000, 44.6400, 45.4000, 2151125
2015-05-19, 45.3400, 45.6000, 45.0600, 45.3100, 2097193
2015-05-20, 45.3900, 45.7750, 45.1300, 45.6800, 1790728
2015-05-21, 45.6800, 45.9100, 45.4900, 45.7900, 2162528
2015-05-22, 45.8200, 46.1900, 45.7600, 46.0400, 1764132
2015-05-26, 45.9500, 46.0400, 45.6500, 45.7700, 2824029
2015-05-27, 45.9000, 45.9750, 45.5900, 45.6500, 1540688
2015-05-28, 45.6200, 45.8600, 45.5100, 45.6200, 1135933
2015-05-29, 45.5700, 45.6200, 45.0800, 45.3100, 1753261
2015-06-01, 45.4700, 45.6800, 45.1700, 45.3400, 1054005
2015-06-02, 45.2000, 46.3000, 45.2000, 45.7600, 1948843
2015-06-03, 46.2000, 46.9700, 46.1000, 46.8100, 4004798
2015-06-04, 46.3900, 46.7900, 46.2700, 46.4500, 2661007
2015-06-05, 46.7600, 47.2100, 46.4400, 46.5800, 3108290
2015-06-08, 46.6200, 46.9300, 46.4200, 46.4600, 1726546
2015-06-09, 46.4700, 46.4800, 46.0900, 46.3800, 1797751
2015-06-10, 46.5700, 47.2500, 46.5700, 47.0400, 1623343
2015-06-11, 47.2400, 47.3600, 46.9700, 47.2100, 1715224
2015-06-12, 47.0200, 47.2500, 46.8500, 47.2200, 1021861
2015-06-15, 46.7400, 47.1500, 46.5100, 46.9500, 1727864
2015-06-16, 46.9600, 47.2850, 46.8800, 47.1400, 1690824
2015-06-17, 47.3000, 47.5600, 47.0300, 47.2300, 2237428
2015-06-18, 47.3200, 47.7500, 47.2740, 47.6100, 1693528
2015-06-19, 47.5200, 47.7900, 47.3800, 47.4000, 2135422
2015-06-22, 47.9000, 48.1500, 47.5400, 47.8900, 1767769
2015-06-23, 48.0500, 48.3000, 47.9200, 48.1400, 1466427
2015-06-24, 47.9400, 48.1260, 47.7000, 47.8000, 1300225
2015-06-25, 48.0000, 48.0100, 47.5100, 47.5200, 1895500
2015-06-26, 47.7500, 48.0700, 47.5100, 47.8100, 5946669
2015-06-29, 47.2900, 47.4500, 46.1600, 46.1900, 2313964
2015-06-30, 46.6800, 46.9700, 46.2500, 46.4700, 2015428
2015-07-01, 47.1700, 47.5100, 46.9550, 47.2700, 2151042
2015-07-02, 47.1300, 47.3900, 46.7400, 46.9700, 1188864
2015-07-06, 46.4000, 46.8600, 46.3200, 46.6900, 1536693
2015-07-07, 46.5300, 46.5300, 44.9100, 46.3300, 2642871
2015-07-08, 45.8100, 46.4200, 44.8950, 45.0700, 2251463
2015-07-09, 45.6900, 46.8100, 45.3000, 45.4600, 1643952
2015-07-10, 45.7000, 46.2000, 45.7000, 45.9900, 1583169
2015-07-13, 46.4400, 46.6400, 46.3500, 46.6200, 1285140
2015-07-14, 46.5600, 46.9700, 46.3700, 46.9100, 1288109
2015-07-15, 46.8500, 47.2300, 46.6600, 47.2300, 1513081
2015-07-16, 47.5900, 47.9950, 47.3500, 47.8700, 2550314
2015-07-17, 47.8200, 47.8599, 47.4700, 47.7900, 965434
2015-07-20, 47.9000, 48.0800, 47.6000, 47.6400, 2754623
2015-07-21, 47.7300, 47.8400, 47.1400, 47.1500, 1477813
2015-07-22, 47.0500, 47.4200, 47.0100, 47.1500, 1585315
2015-07-23, 47.2000, 47.3900, 46.6475, 46.8200, 1553783
2015-07-24, 46.8200, 46.9100, 46.4000, 46.5300, 1321421
2015-07-27, 45.9400, 46.2400, 45.8100, 46.2100, 1885216
2015-07-28, 46.6400, 46.8100, 46.1400, 46.4800, 1161969
2015-07-29, 46.4300, 47.0700, 46.4100, 47.0300, 1567504
2015-07-30, 47.0900, 47.4050, 46.8100, 47.2300, 1996454
2015-07-31, 47.1400, 47.4799, 46.8800, 46.9500, 1495012
2015-08-03, 47.1500, 47.3100, 46.6400, 46.7300, 1597895
2015-08-04, 46.8500, 47.0900, 46.5100, 46.5500, 1875298
2015-08-05, 44.2300, 45.9700, 44.2300, 45.2900, 3066125
2015-08-06, 45.4900, 45.6900, 44.9700, 45.3500, 2299888
2015-08-07, 45.1600, 45.3900, 44.4500, 45.1100, 2401205
2015-08-10, 45.3600, 45.7200, 45.2400, 45.6500, 2153595
2015-08-11, 44.9700, 45.2700, 44.4650, 44.7300, 1909712
2015-08-12, 44.1700, 44.3100, 43.4800, 44.1800, 1605952
2015-08-13, 44.3700, 44.8600, 44.1000, 44.8000, 1490487
2015-08-14, 44.8300, 45.1600, 44.6400, 45.0500, 1484266
2015-08-17, 44.7100, 45.0350, 44.3600, 45.0000, 1553834
2015-08-18, 44.9900, 45.3000, 44.8400, 45.0200, 1340095
2015-08-19, 44.8400, 44.9300, 44.2000, 44.6500, 3035956
2015-08-20, 44.1900, 44.3150, 43.5400, 43.5400, 3248370
2015-08-21, 43.0900, 43.3500, 42.1300, 42.2100, 2429929
2015-08-24, 39.2000, 41.3800, 36.9600, 40.1800, 2336315
2015-08-25, 40.6000, 42.5300, 39.6400, 39.6500, 2668572
2015-08-26, 40.8200, 41.3800, 40.0900, 41.2400, 3607313
2015-08-27, 41.8100, 43.0900, 41.4100, 42.7100, 2467840
2015-08-28, 42.4200, 43.2500, 42.1600, 42.9400, 1821381
2015-08-31, 43.4200, 45.1500, 42.6100, 43.0800, 2629900
2015-09-01, 42.0900, 42.4500, 41.2400, 41.4300, 3098962
2015-09-02, 41.9700, 42.0700, 41.3300, 41.9200, 2691980
2015-09-03, 42.1400, 42.6600, 41.8400, 42.0200, 2038907
2015-09-04, 41.5400, 41.8200, 41.0700, 41.4400, 2124170
2015-09-08, 42.1700, 42.4000, 41.6000, 42.1800, 2762154
2015-09-09, 42.3000, 42.6900, 41.3900, 41.4900, 1923463
2015-09-10, 41.2500, 42.2500, 41.0650, 41.9100, 2732904
2015-09-11, 41.6600, 42.6300, 41.5300, 42.5600, 2986786
2015-09-14, 42.5600, 42.8100, 42.3600, 42.5600, 2176794
2015-09-15, 42.7700, 43.1200, 42.5400, 42.9400, 1766513
2015-09-16, 42.8700, 43.1600, 42.7700, 42.9800, 1499399
2015-09-17, 42.9100, 43.0000, 41.4700, 41.6800, 2364462
2015-09-18, 40.9400, 41.1000, 40.3900, 40.5900, 2621137
2015-09-21, 40.9800, 41.2300, 40.3400, 40.6200, 1562700
2015-09-22, 40.0400, 40.2700, 39.5700, 39.9900, 1473173
2015-09-23, 39.9900, 40.3600, 39.7500, 40.0200, 1059978
2015-09-24, 39.5800, 40.3500, 39.2400, 39.7000, 1181336
2015-09-25, 40.2900, 40.4700, 39.4600, 39.7900, 1712970
2015-09-28, 39.5200, 39.6100, 38.2300, 38.2500, 2215473
2015-09-29, 38.3500, 38.6500, 37.7300, 38.3800, 1920969
2015-09-30, 38.8900, 39.1400, 38.5300, 38.7700, 2234462
2015-10-01, 38.8600, 39.2400, 37.7150, 39.0000, 1815624
2015-10-02, 38.2500, 39.3000, 37.7900, 38.9700, 1654197
2015-10-05, 39.2100, 39.7850, 39.0800, 39.5500, 1539444
2015-10-06, 39.4100, 39.8300, 39.3600, 39.6700, 1259375
2015-10-07, 39.9700, 40.3300, 39.6900, 39.9700, 1620655
2015-10-08, 39.7500, 40.3400, 39.6700, 40.1700, 1651422
2015-10-09, 40.2200, 40.4900, 39.9300, 40.1500, 1568200
2015-10-12, 40.0700, 40.3000, 39.8500, 39.8900, 1120625
2015-10-13, 39.8000, 39.9300, 39.2300, 39.2900, 2002411
2015-10-14, 39.2100, 40.2700, 38.6907, 38.8200, 1860151
2015-10-15, 39.0500, 40.0300, 38.7100, 39.2600, 2622691
2015-10-16, 39.5100, 39.6300, 39.1900, 39.4400, 1284666
2015-10-19, 39.2800, 40.1200, 39.2600, 39.7900, 1625087
2015-10-20, 39.8200, 41.0700, 39.8200, 40.2500, 1754424
2015-10-21, 40.4400, 40.5000, 39.7400, 39.7900, 1466560
2015-10-22, 40.0100, 40.9900, 39.9300, 40.0900, 1967911
2015-10-23, 40.5500, 40.9700, 40.2900, 40.4700, 1795768
2015-10-26, 40.3900, 40.5600, 40.2000, 40.4200, 1838103
2015-10-27, 40.0900, 40.7700, 39.7600, 39.8500, 1561379
2015-10-28, 39.9500, 40.7900, 39.9000, 40.6100, 2603178
2015-10-29, 40.6500, 40.9800, 40.4500, 40.5700, 1652242
2015-10-30, 40.6100, 40.8600, 40.3100, 40.5700, 1732104
2015-11-02, 40.6500, 41.1800, 40.5600, 40.9700, 1979930
2015-11-03, 40.9300, 41.2800, 40.5950, 40.6900, 2577374
2015-11-04, 40.0000, 41.0500, 39.0000, 39.5300, 4036382
2015-11-05, 39.6600, 40.0700, 39.4200, 40.0300, 2183163
2015-11-06, 40.8500, 42.0400, 40.8000, 41.9100, 3037801
2015-11-09, 41.8700, 42.1700, 41.2900, 41.5200, 2277511
2015-11-10, 41.3600, 41.7200, 41.1300, 41.6100, 1510691
2015-11-11, 42.4100, 42.4500, 41.7700, 41.8000, 1550766
2015-11-12, 41.2900, 41.5500, 40.7450, 40.7600, 1943676
2015-11-13, 40.5500, 41.0100, 40.3200, 40.8700, 1411515
2015-11-16, 40.7100, 41.1900, 40.3700, 41.0800, 1427990
2015-11-17, 41.2500, 41.6500, 41.1100, 41.2200, 1465331
2015-11-18, 41.3500, 41.9750, 41.2100, 41.9400, 1483091
2015-11-19, 41.8400, 41.9200, 41.3800, 41.6000, 1249401
2015-11-20, 41.7400, 41.9200, 41.5700, 41.6300, 1181783
2015-11-23, 41.4000, 41.7200, 41.1000, 41.1400, 1339574
2015-11-24, 40.7500, 41.2200, 40.6800, 40.8900, 1345921
2015-11-25, 40.9900, 41.2100, 40.5900, 40.8100, 970388
2015-11-27, 40.8000, 40.9099, 40.5600, 40.6600, 545511
2015-11-30, 40.6900, 40.9300, 40.4300, 40.7000, 1416536
2015-12-01, 40.9300, 41.1200, 40.7400, 40.8600, 1287492
2015-12-02, 41.1000, 41.1000, 40.4500, 40.5000, 1047074
2015-12-03, 40.7500, 40.8800, 39.6300, 39.8400, 2109653
2015-12-04, 39.8000, 40.4950, 39.7800, 40.3400, 2860694
2015-12-07, 40.2600, 40.5100, 39.8500, 40.0000, 1389772
2015-12-08, 39.5000, 40.2700, 38.6500, 38.7900, 2706259
2015-12-09, 38.6200, 39.0700, 37.6600, 37.8800, 2218714
2015-12-10, 37.9400, 39.0650, 37.6000, 38.6900, 2265371
2015-12-11, 38.0900, 38.2900, 37.0700, 37.1400, 2886034
2015-12-14, 37.2400, 37.5300, 36.3900, 36.8300, 2307065
2015-12-15, 37.2400, 37.4000, 37.0200, 37.1500, 2251787
2015-12-16, 37.3400, 37.7700, 37.0200, 37.6000, 2077766
2015-12-17, 37.7400, 37.8100, 36.5500, 36.7100, 1852608
2015-12-18, 36.2700, 36.4300, 35.7700, 36.0400, 4624296
2015-12-21, 36.2800, 36.7600, 36.1700, 36.4200, 1679053
2015-12-22, 36.6800, 37.2900, 36.3600, 37.1400, 2192154
2015-12-23, 37.2800, 37.7800, 37.1150, 37.7800, 1242371
2015-12-24, 37.7300, 37.8300, 37.4200, 37.4400, 456808
2015-12-28, 37.3100, 37.4300, 36.7500, 37.2400, 1389255
2015-12-29, 37.4700, 37.7900, 37.4700, 37.6000, 799270
2015-12-30, 37.5300, 37.6500, 37.2600, 37.2700, 880647
2015-12-31, 37.0800, 37.4900, 36.9100, 36.9100, 977167
2016-01-04, 36.0800, 36.5600, 35.7700, 36.5200, 1729011
2016-01-05, 36.6500, 37.0200, 35.9200, 35.9800, 2432596
2016-01-06, 35.4200, 35.4600, 34.4300, 34.5800, 2382226
2016-01-07, 33.5400, 34.1400, 33.1000, 33.1800, 3090100
2016-01-08, 33.3600, 33.7000, 32.3100, 32.3700, 3020593
2016-01-11, 32.5800, 32.8200, 31.6700, 32.2400, 2326629
2016-01-12, 32.5300, 32.7200, 31.9800, 32.1700, 3221179
2016-01-13, 32.5400, 32.9100, 30.9000, 30.9900, 2763961
2016-01-14, 31.0800, 31.4650, 30.4700, 31.2000, 3011179
2016-01-15, 30.5200, 30.7400, 29.5220, 30.2400, 3914768
2016-01-19, 30.7000, 30.7100, 29.8200, 30.1700, 3822837
2016-01-20, 29.9800, 30.4300, 29.1100, 29.7600, 3767625
2016-01-21, 29.7500, 30.2200, 29.4800, 29.9100, 2822362
2016-01-22, 30.4600, 30.6300, 29.7500, 30.2800, 3144850
2016-01-25, 30.2800, 30.3200, 29.8100, 29.8400, 3591835
2016-01-26, 30.1400, 30.6600, 29.8800, 30.2700, 2239156
2016-01-27, 30.1200, 30.7600, 29.5600, 30.1300, 2994854
2016-01-28, 30.4800, 30.6400, 30.0100, 30.2400, 2380447
2016-01-29, 30.3300, 30.6700, 29.9600, 30.5800, 3266903
2016-02-01, 30.2700, 30.3950, 29.9600, 30.1300, 3442535
2016-02-02, 29.7800, 29.7800, 28.9600, 29.2100, 3900771
2016-02-03, 29.5000, 29.5650, 28.4400, 29.1200, 2514387
2016-02-04, 29.1100, 30.0000, 29.0400, 29.5700, 1963228
2016-02-05, 29.4800, 29.8800, 28.8700, 28.9300, 2826859
2016-02-08, 28.3200, 28.4800, 27.0750, 27.2500, 3532910
2016-02-09, 26.6400, 26.9500, 26.1200, 26.7300, 4600443
2016-02-10, 28.0700, 28.6800, 26.6800, 27.2600, 3309262
2016-02-11, 26.7000, 27.0200, 25.7450, 25.9800, 4086255
2016-02-12, 25.9700, 27.0500, 25.8600, 26.6000, 3973574
2016-02-16, 27.0900, 28.2208, 27.0100, 28.1700, 3516293
2016-02-17, 28.5800, 29.6100, 28.5800, 29.2400, 3177912
2016-02-18, 29.2800, 29.4900, 28.7400, 28.7600, 3234057
2016-02-19, 28.4600, 29.0200, 28.3100, 28.9300, 2218621
2016-02-22, 29.3000, 29.6600, 28.8550, 28.9900, 2254949
2016-02-23, 28.9100, 29.3100, 28.2600, 28.6300, 2567923
2016-02-24, 28.0100, 28.9200, 27.7000, 28.8000, 2387731
2016-02-25, 28.8000, 29.3900, 28.5400, 29.3900, 1819315
2016-02-26, 29.6400, 30.2900, 29.5650, 29.7700, 1818312
2016-02-29, 29.7400, 29.9000, 29.3400, 29.3600, 2306430
2016-03-01, 29.5300, 30.5700, 29.4500, 30.3300, 2005319
2016-03-02, 30.4400, 30.9750, 30.3350, 30.5800, 1940992
2016-03-03, 30.4800, 31.0250, 30.2400, 30.9000, 1780045
2016-03-04, 31.1200, 31.4850, 30.7600, 31.0500, 2918687
2016-03-07, 30.9100, 31.5700, 30.8100, 31.3500, 2197798
2016-03-08, 30.9100, 31.2200, 29.4600, 30.0200, 3470741
2016-03-09, 30.2800, 30.4100, 29.4000, 29.4800, 2539382
2016-03-10, 29.7200, 30.0200, 29.1500, 29.5500, 2559251
2016-03-11, 30.0000, 31.5300, 29.9700, 31.3800, 2774915
2016-03-14, 31.2500, 31.9050, 31.0600, 31.7000, 2669053
2016-03-15, 31.3700, 31.3700, 30.6800, 30.9600, 1422724
2016-03-16, 30.7600, 31.2600, 30.5800, 31.0800, 1681639
2016-03-17, 31.0700, 31.5200, 30.5400, 31.2700, 1287093
2016-03-18, 31.4600, 31.8500, 31.2100, 31.4100, 2595789
2016-03-21, 31.4100, 31.8100, 31.0400, 31.2800, 1436273
2016-03-22, 31.1900, 31.3500, 30.7400, 30.9800, 1511569
2016-03-23, 30.9400, 31.0365, 30.4050, 30.5700, 1592600
2016-03-24, 30.2100, 30.4200, 29.4200, 29.8100, 2551049
2016-03-28, 29.9800, 30.4650, 29.7300, 30.4500, 1545760
2016-03-29, 30.2500, 30.3360, 29.6500, 29.9900, 2681163
2016-03-30, 30.1000, 31.1500, 30.1000, 30.5300, 1969364
2016-03-31, 30.3900, 30.4700, 29.6350, 29.7700, 2938988
2016-04-01, 29.6600, 30.5000, 29.1800, 30.4700, 1786629
2016-04-04, 30.3900, 30.8500, 30.1900, 30.2900, 1700525
2016-04-05, 30.1100, 30.3500, 29.5700, 29.7700, 2565216
2016-04-06, 29.8300, 30.3400, 29.7400, 30.0100, 2038879
2016-04-07, 29.6400, 29.8700, 29.0100, 29.2000, 1639723
2016-04-08, 29.4700, 29.8000, 29.1250, 29.2500, 1040776
2016-04-11, 29.5000, 29.9300, 29.3000, 29.6400, 1580143
2016-04-12, 29.8700, 30.6100, 29.7550, 30.4600, 2100459
2016-04-13, 30.6000, 31.6000, 30.6000, 31.5300, 1711025
2016-04-14, 31.6000, 31.9800, 31.3400, 31.7200, 1396162
2016-04-15, 31.6400, 31.8400, 31.0500, 31.6100, 1803084
2016-04-18, 31.4200, 31.8000, 31.1600, 31.7400, 1385159
2016-04-19, 31.8300, 32.1200, 31.6200, 31.8400, 1715087
2016-04-20, 31.8700, 32.7400, 31.8100, 32.5300, 1293224
2016-04-21, 32.7600, 33.3150, 32.5750, 32.6400, 1572274
2016-04-22, 32.6900, 33.2600, 32.5850, 32.9200, 1498886
2016-04-25, 32.7400, 32.9300, 32.1700, 32.6500, 1496748
2016-04-26, 32.8000, 33.2300, 32.6300, 33.1300, 1643443
2016-04-27, 33.0800, 33.4100, 32.7250, 33.1300, 1605908
2016-04-28, 32.7800, 33.0400, 32.2600, 32.3900, 1208540
2016-04-29, 32.2100, 32.5300, 31.6400, 32.4700, 3226228
2016-05-02, 32.5800, 32.7400, 32.1200, 32.6900, 1529461
2016-05-03, 32.1100, 32.1300, 31.4400, 32.0100, 2804470
2016-05-04, 31.1300, 31.3400, 29.7600, 29.8600, 4211963
2016-05-05, 29.7400, 29.9200, 29.4000, 29.5800, 2471692
2016-05-06, 29.3300, 30.1900, 29.1300, 30.1900, 1754458
2016-05-09, 30.0400, 30.3900, 29.9100, 30.1700, 1558085
2016-05-10, 30.3100, 31.1900, 30.2900, 31.0100, 1557971
2016-05-11, 30.8900, 31.2900, 30.5200, 30.5400, 1797870
2016-05-12, 30.8400, 31.0800, 30.1700, 30.5300, 2000910
2016-05-13, 30.3500, 30.9500, 30.1200, 30.3000, 2866049
2016-05-16, 30.4000, 30.8600, 30.3550, 30.6600, 2498970
2016-05-17, 30.6500, 31.1700, 30.4600, 30.8200, 3496339
2016-05-18, 30.9900, 32.7200, 30.7943, 32.5500, 2836675
2016-05-19, 32.2500, 32.6400, 31.4900, 31.8200, 2365729
2016-05-20, 32.0300, 32.7300, 32.0200, 32.4300, 1543732
2016-05-23, 32.3800, 32.7100, 32.1700, 32.4100, 1614701
2016-05-24, 32.7400, 33.1100, 32.6600, 32.7500, 1950006
2016-05-25, 33.0100, 33.5700, 32.9650, 33.1100, 1901910
2016-05-26, 33.1500, 33.7400, 32.7400, 32.8900, 1657039
2016-05-27, 33.0200, 33.3300, 32.6700, 33.2700, 888258
2016-05-31, 33.5200, 33.5600, 32.6000, 32.8600, 2088816
2016-06-01, 32.5300, 32.7300, 32.1900, 32.5700, 2217904
2016-06-02, 32.3900, 32.5900, 30.5800, 32.4600, 1253372
2016-06-03, 32.0700, 32.0700, 31.0900, 31.5400, 1616148
2016-06-06, 31.6600, 31.9900, 31.3300, 31.8100, 1433088
2016-06-07, 31.9100, 31.9100, 31.6000, 31.6600, 1157432
2016-06-08, 31.6400, 32.0000, 31.6200, 31.7100, 1003569
2016-06-09, 31.4300, 31.5350, 30.8650, 30.9400, 1650133
2016-06-10, 30.3900, 30.5901, 30.2400, 30.3600, 1907837
2016-06-13, 30.0700, 30.4200, 29.7400, 29.7500, 1233179
2016-06-14, 29.5600, 29.8700, 28.7200, 28.9900, 1388152
2016-06-15, 29.1200, 29.3700, 28.9400, 28.9400, 1799619
2016-06-16, 28.6600, 28.7050, 27.8600, 28.5900, 1941261
2016-06-17, 28.5800, 28.9500, 28.4900, 28.6100, 2347622
2016-06-20, 29.1900, 29.5450, 28.6800, 28.7500, 1576685
2016-06-21, 28.7700, 28.9600, 28.3650, 28.7300, 1574924
2016-06-22, 28.7300, 28.9500, 28.5300, 28.5600, 2236683
2016-06-23, 29.0600, 29.4450, 28.8000, 29.2400, 2980294
2016-06-24, 27.6600, 27.8600, 26.3950, 26.4300, 8757155
2016-06-27, 25.9500, 26.0000, 23.5100, 23.6400, 6011182
2016-06-28, 24.1300, 24.1500, 23.3600, 23.3800, 6730151
2016-06-29, 23.7500, 24.8000, 23.0500, 24.6000, 6216551
2016-06-30, 24.8500, 24.8800, 24.2700, 24.7600, 3797883
2016-07-01, 24.5200, 25.0000, 24.3750, 24.5700, 2950537
2016-07-05, 24.2100, 24.2100, 23.4000, 23.4700, 2746912
2016-07-06, 23.2900, 23.6300, 22.7500, 23.5600, 3154226
2016-07-07, 23.4500, 24.0800, 23.3600, 23.6000, 2794586
2016-07-08, 23.9900, 24.3400, 23.7700, 24.1300, 2321862
2016-07-11, 24.4600, 24.6500, 24.2500, 24.3200, 1856316
2016-07-12, 24.7200, 25.4700, 24.7200, 25.1400, 2533722
2016-07-13, 25.1400, 25.2900, 24.4500, 25.0100, 2952417
2016-07-14, 25.7800, 25.7800, 25.2400, 25.3000, 3708481
2016-07-15, 25.1400, 25.4500, 25.0150, 25.1900, 2372106
2016-07-18, 25.1600, 25.4460, 24.8900, 25.3100, 1771905
2016-07-19, 25.2300, 25.5000, 25.1100, 25.4000, 2099179
2016-07-20, 25.5500, 25.8200, 25.2700, 25.6700, 2421465
2016-07-21, 25.7600, 25.9330, 25.5650, 25.6200, 1762086
2016-07-22, 25.6900, 25.7900, 25.4900, 25.6500, 1884570
2016-07-25, 25.5600, 25.8300, 25.5050, 25.6100, 2770599
2016-07-26, 25.5000, 25.8500, 25.5000, 25.7500, 1382598
2016-07-27, 25.8000, 25.9900, 25.4300, 25.5300, 2517428
2016-07-28, 25.5200, 25.5850, 25.2100, 25.4000, 1704172
2016-07-29, 25.0000, 25.6700, 24.8600, 25.6300, 2011708
2016-08-01, 25.7300, 25.8450, 25.4700, 25.5800, 2211171
2016-08-02, 25.5900, 25.8200, 24.9150, 25.1100, 2390247
2016-08-03, 27.2500, 27.9000, 26.6100, 27.5600, 4767119
2016-08-04, 27.4000, 27.6600, 26.9900, 27.2500, 2217867
2016-08-05, 27.6000, 28.1100, 27.4900, 27.9400, 2672916
2016-08-08, 28.0400, 28.2500, 27.8799, 28.0100, 1660839
2016-08-09, 28.0500, 28.1600, 27.6900, 27.7000, 1540056
2016-08-10, 27.6600, 27.8100, 27.3000, 27.4500, 1600142
2016-08-11, 27.5000, 27.7000, 27.2500, 27.5200, 1594610
2016-08-12, 27.2000, 27.4450, 27.0800, 27.2600, 1138805
2016-08-15, 27.4700, 27.9700, 27.4700, 27.9200, 1026963
2016-08-16, 27.9100, 28.7800, 27.7000, 28.7700, 2672243
2016-08-17, 28.6800, 28.7700, 28.4300, 28.6300, 3205657
2016-08-18, 28.6100, 28.7200, 28.4550, 28.5100, 1953289
2016-08-19, 28.4200, 28.4800, 28.1400, 28.2500, 1610835
2016-08-22, 28.1400, 28.4100, 27.7900, 28.1400, 2069024
2016-08-23, 28.2000, 28.6500, 28.2000, 28.4600, 1089563
2016-08-24, 28.5000, 28.7400, 28.2100, 28.3100, 1389224
2016-08-25, 28.2800, 28.6000, 28.1000, 28.3400, 1453206
2016-08-26, 28.4500, 28.9500, 28.2600, 28.3900, 1815671
2016-08-29, 28.4600, 28.8300, 28.4100, 28.7400, 1172218
2016-08-30, 28.7300, 29.3850, 28.6323, 29.3200, 1389132
2016-08-31, 29.3400, 29.5150, 28.8400, 29.2400, 2318246
2016-09-01, 29.3800, 29.6200, 28.3700, 28.7600, 2026546
2016-09-02, 28.8300, 29.2400, 28.6700, 29.0100, 1441636
2016-09-06, 28.9900, 28.9900, 28.3100, 28.5000, 1607028
2016-09-07, 28.4300, 28.7700, 28.3550, 28.7400, 1416841
2016-09-08, 28.8300, 29.0900, 28.6700, 28.8700, 1314157
2016-09-09, 28.8300, 29.5100, 28.7000, 29.1900, 2056653
2016-09-12, 28.9100, 29.5500, 28.4700, 29.4700, 2250424
2016-09-13, 28.9700, 29.2850, 28.6150, 29.1600, 1695144
2016-09-14, 29.1500, 29.1600, 28.6100, 28.8300, 1743442
2016-09-15, 28.7600, 29.5500, 28.7600, 29.4500, 1900389
2016-09-16, 29.1500, 29.3200, 28.8200, 29.0200, 2352995
2016-09-19, 29.2200, 29.5100, 28.9100, 29.0900, 1318827
2016-09-20, 29.2900, 29.2900, 28.7600, 28.8300, 999539
2016-09-21, 29.0400, 29.5800, 28.8500, 29.1200, 1829331
2016-09-22, 29.1900, 29.4400, 29.0200, 29.0400, 1136479
2016-09-23, 28.7700, 29.3350, 28.7200, 28.8300, 1580574
2016-09-26, 28.5000, 28.6900, 28.2200, 28.3300, 1387096
2016-09-27, 28.0800, 28.5100, 27.7300, 28.4100, 1484570
2016-09-28, 28.6100, 28.9250, 28.1600, 28.7500, 1436951
2016-09-29, 28.7500, 29.0600, 28.1650, 28.3100, 1766734
2016-09-30, 28.2600, 28.9800, 28.2600, 28.8200, 1599421
2016-10-03, 28.6800, 29.1300, 28.6300, 28.8800, 1640154
2016-10-04, 29.0600, 29.1600, 28.7500, 28.8900, 3091020
2016-10-05, 29.1800, 30.5100, 29.1800, 30.3100, 3034020
2016-10-06, 30.4700, 31.0000, 30.1850, 30.2600, 1883879
2016-10-07, 30.3600, 30.9100, 30.1810, 30.7400, 2374329
2016-10-10, 31.1200, 31.1200, 30.7700, 30.9000, 975740
2016-10-11, 30.8800, 31.1200, 30.6650, 30.9000, 1672264
2016-10-12, 30.9600, 31.2100, 30.6000, 30.9100, 1236485
2016-10-13, 30.4400, 30.4800, 29.4500, 29.9800, 3392186
2016-10-14, 30.4500, 30.8300, 30.1800, 30.2700, 1119257
2016-10-17, 30.3700, 30.4100, 30.0450, 30.1600, 1340595
2016-10-18, 30.6000, 30.6000, 30.1600, 30.2100, 866333
2016-10-19, 30.3100, 30.8100, 30.1600, 30.7500, 1352767
2016-10-20, 30.6800, 30.8400, 30.2500, 30.7000, 1125826
2016-10-21, 30.4400, 30.7300, 30.2400, 30.6300, 929310
2016-10-24, 30.8000, 30.8300, 30.5500, 30.6800, 1296873
2016-10-25, 30.6200, 30.7500, 30.2100, 30.3000, 1181366
2016-10-26, 30.1300, 30.7900, 29.9901, 30.6400, 805158
2016-10-27, 30.8200, 31.3300, 30.5800, 31.0500, 1547568
2016-10-28, 31.1100, 31.1600, 30.4000, 30.6700, 1043665
2016-10-31, 30.8100, 31.0600, 30.5300, 30.5500, 1742654
2016-11-01, 30.6900, 30.8199, 30.0382, 30.3800, 2732634
2016-11-02, 30.7000, 31.0650, 28.9600, 30.3900, 3865244
2016-11-03, 30.4200, 31.0800, 30.0100, 30.0700, 2847830
2016-11-04, 30.1100, 30.4000, 29.8000, 29.9000, 3012861
2016-11-07, 30.6100, 31.3100, 30.5800, 30.9900, 2270232
2016-11-08, 30.7900, 31.4700, 30.4000, 31.3500, 1337756
2016-11-09, 31.6300, 34.3400, 31.2700, 33.8900, 3698975
2016-11-10, 34.6500, 37.6900, 34.4904, 35.7800, 3899247
2016-11-11, 35.3700, 36.5750, 35.2800, 36.4900, 3139020
2016-11-14, 36.9900, 38.8200, 36.7700, 37.6500, 3905329
2016-11-15, 37.1900, 37.6700, 36.4000, 37.6600, 2830350
2016-11-16, 37.2100, 37.4800, 36.8400, 36.9200, 1913178
2016-11-17, 36.9100, 37.5900, 36.5500, 37.3300, 1200602
2016-11-18, 37.3000, 37.8100, 37.0000, 37.3600, 1887359
2016-11-21, 37.1300, 37.8600, 37.1300, 37.5600, 1374311
2016-11-22, 37.6500, 38.6600, 37.5500, 37.9000, 1921695
2016-11-23, 38.0800, 38.2600, 37.6000, 38.1100, 1665316
2016-11-25, 38.1000, 38.3100, 37.5800, 38.1000, 524954
2016-11-28, 37.6700, 38.1400, 37.4200, 37.5100, 1455916
2016-11-29, 37.7000, 38.1000, 37.5400, 37.8300, 1864907
2016-11-30, 38.5900, 39.1900, 38.0450, 38.8700, 4407140
2016-12-01, 39.2500, 40.5800, 39.0500, 40.0200, 3268992
2016-12-02, 39.7800, 40.1100, 38.9350, 39.1700, 2970530
2016-12-05, 39.7500, 40.1800, 39.3100, 39.5000, 1330676
2016-12-06, 39.6900, 40.0600, 39.5600, 40.0600, 982667
2016-12-07, 40.1600, 40.6000, 39.9000, 40.2300, 1601617
2016-12-08, 40.6100, 41.0150, 39.8800, 40.6400, 1710438
2016-12-09, 40.8300, 41.1700, 40.6000, 41.0000, 1285381
2016-12-12, 40.8500, 41.0700, 40.1700, 40.3000, 1623692
2016-12-13, 40.4900, 40.7100, 39.7800, 39.9100, 1459978
2016-12-14, 39.2800, 41.0400, 39.0900, 39.8700, 2223311
2016-12-15, 40.1800, 40.8400, 40.0000, 40.3000, 1857371
2016-12-16, 40.0800, 40.8600, 39.8000, 39.8500, 2615438
2016-12-19, 39.7900, 40.1100, 39.4200, 39.9700, 935120
2016-12-20, 40.2700, 40.3900, 39.9900, 40.1600, 1198563
2016-12-21, 40.1100, 40.3100, 39.8700, 40.1500, 1121357
2016-12-22, 40.1100, 40.1500, 39.8700, 40.0800, 1003837
2016-12-23, 40.1000, 40.4000, 39.9300, 40.2900, 668116
2016-12-27, 40.5000, 40.5000, 40.1500, 40.2800, 522330
2016-12-28, 40.2800, 40.3800, 39.5800, 39.7800, 964083
2016-12-29, 39.8100, 39.8700, 39.2100, 39.3900, 716194
2016-12-30, 39.5800, 39.5800, 39.1400, 39.2200, 925802
2017-01-03, 39.3200, 40.3100, 39.1800, 39.7100, 2021172
2017-01-04, 39.8900, 40.4300, 39.8400, 40.0900, 2316072
2017-01-05, 39.6100, 39.9300, 38.8300, 39.3200, 1792351
2017-01-06, 39.6400, 39.9100, 39.4100, 39.4500, 1051205
2017-01-09, 39.7600, 40.0100, 39.0800, 39.3400, 1455211
2017-01-10, 39.5300, 40.6350, 39.3300, 40.3600, 2126082
2017-01-11, 40.2900, 40.5800, 39.9500, 40.3500, 2020142
2017-01-12, 39.9700, 40.0400, 39.1900, 39.9100, 1286309
2017-01-13, 40.2700, 41.0400, 40.2700, 40.5400, 1345910
2017-01-17, 39.8500, 40.2000, 38.9755, 39.1700, 1737323
2017-01-18, 39.4100, 39.5000, 38.8500, 39.4800, 2637783
2017-01-19, 39.8300, 39.8300, 38.9700, 39.2400, 1313182
2017-01-20, 39.4000, 39.7700, 39.3100, 39.7100, 1172198
2017-01-23, 39.5600, 40.1299, 39.3100, 39.6100, 1207233
2017-01-24, 39.9500, 40.4000, 39.8600, 40.1600, 1722497
2017-01-25, 40.7400, 41.1099, 40.6000, 40.8000, 1604727
2017-01-26, 40.9800, 41.5800, 40.8100, 41.4000, 1536182
2017-01-27, 41.4700, 41.4700, 40.4600, 40.6900, 1447732
2017-01-30, 40.2500, 40.4000, 39.7500, 40.3500, 1276741
2017-01-31, 40.2400, 40.7500, 39.6300, 40.2200, 1436016
2017-02-01, 41.1300, 41.1900, 40.6800, 40.8600, 1143101
2017-02-02, 40.4400, 40.7400, 39.7500, 39.8900, 1475353
2017-02-03, 40.6600, 41.4500, 40.5500, 41.1400, 1430946
2017-02-06, 40.6800, 41.3500, 40.6200, 40.8800, 2250650
2017-02-07, 41.1900, 41.5200, 40.8800, 40.9900, 2146964
2017-02-08, 40.4300, 40.7500, 38.4500, 39.2800, 3422421
2017-02-09, 39.9100, 40.0050, 38.9600, 39.8900, 2382864
2017-02-10, 40.2500, 40.4100, 39.7300, 40.0700, 1549876
2017-02-13, 40.3000, 41.1800, 40.3000, 41.0000, 1835335
2017-02-14, 40.8200, 42.1300, 40.7400, 42.0000, 1802713
2017-02-15, 42.2800, 42.9000, 41.8600, 42.8800, 1839756
2017-02-16, 42.6400, 42.9200, 42.1900, 42.5000, 1690500
2017-02-17, 41.9200, 42.1100, 41.5100, 41.9000, 1496614
2017-02-21, 42.2800, 42.8800, 42.0700, 42.6800, 1587827
2017-02-22, 42.5500, 42.8800, 42.1700, 42.7000, 1658566
2017-02-23, 42.6800, 42.9600, 42.2550, 42.9300, 1497539
2017-02-24, 42.3400, 42.3400, 41.5850, 41.6800, 1647895
2017-02-27, 41.6900, 41.7600, 41.3400, 41.4900, 2071888
2017-02-28, 41.1300, 41.3400, 40.6800, 41.2300, 2087728
2017-03-01, 42.2500, 42.8500, 42.0150, 42.5100, 1827180
2017-03-02, 42.6900, 42.7000, 41.8100, 41.8600, 1522233
2017-03-03, 41.8600, 42.3500, 41.7400, 41.9800, 1517742
2017-03-06, 41.7400, 41.8400, 41.3400, 41.3500, 1193977
2017-03-07, 41.2400, 41.2750, 40.7300, 41.0900, 2162156
2017-03-08, 41.9700, 42.0100, 40.9600, 40.9700, 2445697
2017-03-09, 41.2400, 41.3600, 40.5900, 40.7900, 1353700
2017-03-10, 40.8900, 41.1400, 40.3000, 40.5500, 1359853
2017-03-13, 40.6900, 40.9300, 40.3200, 40.8000, 1570658
2017-03-14, 40.5400, 40.5500, 39.9400, 40.5100, 1172524
2017-03-15, 40.5000, 40.7900, 40.0200, 40.3600, 2384921
2017-03-16, 40.8800, 41.1300, 40.5500, 41.0500, 1920682
2017-03-17, 41.0900, 41.2600, 39.8500, 39.9400, 2755306
2017-03-20, 39.7400, 39.8300, 39.2500, 39.2500, 1341071
2017-03-21, 39.5200, 39.5200, 37.8000, 37.8600, 1761786
2017-03-22, 37.5200, 38.0200, 36.8900, 37.3700, 2608367
2017-03-23, 37.3000, 38.0300, 37.1400, 37.4500, 2119919
2017-03-24, 37.6500, 37.8600, 37.1500, 37.4500, 1588684
2017-03-27, 36.5900, 37.1400, 36.0200, 36.9800, 1740929
2017-03-28, 36.8200, 37.8500, 36.8200, 37.6400, 1711737
2017-03-29, 37.5100, 37.6600, 37.1400, 37.2100, 1313739
2017-03-30, 37.3600, 38.2789, 37.2200, 38.0700, 1356079
2017-03-31, 37.9300, 38.2500, 37.8500, 37.9600, 1892727
2017-04-03, 37.9800, 38.0300, 37.1600, 37.4800, 1923389
2017-04-04, 37.4800, 37.7600, 37.2000, 37.5300, 1677536
2017-04-05, 37.8800, 38.1000, 36.9000, 36.9900, 1818412
2017-04-06, 36.8100, 37.4800, 36.3500, 37.2800, 1220081
2017-04-07, 36.9100, 37.4100, 36.6500, 37.2100, 1535573
2017-04-10, 37.1600, 37.4500, 36.9300, 37.1900, 1196343
2017-04-11, 36.8200, 37.1800, 36.7000, 36.9900, 2360323
2017-04-12, 37.0200, 37.0200, 36.2600, 36.2900, 1726343
2017-04-13, 36.0500, 36.5300, 35.8000, 35.8500, 1253086
2017-04-17, 35.8900, 36.4800, 35.8000, 36.4200, 1268444
2017-04-18, 35.9800, 36.2500, 35.6400, 35.9000, 1286078
2017-04-19, 36.3100, 36.6500, 36.0100, 36.1600, 1279021
2017-04-20, 36.4400, 37.3250, 36.0900, 37.0600, 2113083
2017-04-21, 36.8700, 37.2800, 36.6000, 36.6800, 1322275
2017-04-24, 37.7500, 38.2000, 37.4621, 37.7900, 1017525
2017-04-25, 38.2700, 38.5300, 37.8600, 38.0200, 935707
2017-04-26, 38.0500, 38.3250, 37.7700, 37.8300, 815258
2017-04-27, 37.9600, 37.9600, 37.2350, 37.6100, 969874
2017-04-28, 37.7400, 37.7400, 37.1700, 37.3800, 942872
2017-05-01, 37.6100, 37.9100, 37.2850, 37.7400, 1588820
2017-05-02, 37.7500, 38.1900, 37.4300, 38.0300, 3237295
2017-05-03, 38.1000, 39.3700, 37.0200, 37.2100, 3608225
2017-05-04, 37.5000, 38.1800, 36.3818, 36.4800, 2369365
2017-05-05, 36.6500, 36.7700, 36.0800, 36.7600, 1309128
2017-05-08, 36.9200, 37.0800, 36.5200, 36.5900, 1315225
2017-05-09, 36.6300, 36.8400, 36.3300, 36.6300, 1350641
2017-05-10, 36.3800, 37.1300, 36.3800, 37.1100, 1406288
2017-05-11, 36.9500, 37.1000, 36.3800, 36.5400, 910644
2017-05-12, 36.2900, 36.3400, 35.6300, 36.0100, 1189697
2017-05-15, 36.1400, 37.1400, 36.0500, 36.7000, 1702704
2017-05-16, 36.7700, 36.9000, 36.3700, 36.3900, 736157
2017-05-17, 35.5000, 35.6700, 34.6100, 34.9200, 1647792
2017-05-18, 34.7500, 35.2700, 34.6500, 34.8300, 1052116
2017-05-19, 35.1700, 35.6300, 34.8800, 35.3400, 1251446
2017-05-22, 35.5900, 35.6450, 34.7500, 34.9300, 1188023
2017-05-23, 35.0100, 35.3100, 34.5700, 35.0200, 1030754
2017-05-24, 35.0800, 35.2350, 34.5450, 34.6400, 1200835
2017-05-25, 34.9500, 34.9500, 34.3400, 34.7100, 1591843
2017-05-26, 34.7500, 35.0000, 34.4700, 34.7100, 1375577
2017-05-30, 34.8800, 35.0600, 34.2000, 34.3200, 2658598
2017-05-31, 34.5000, 34.5000, 33.5300, 34.1800, 1989167
2017-06-01, 34.4700, 35.6600, 34.0700, 35.4800, 1911553
2017-06-02, 35.0300, 35.8400, 34.7900, 35.3400, 2399748
2017-06-05, 35.4100, 35.4900, 34.9600, 34.9700, 1215505
2017-06-06, 34.5700, 34.6350, 34.0600, 34.4500, 1536479
2017-06-07, 34.8600, 35.5200, 34.7800, 35.3300, 1437518
2017-06-08, 35.3200, 36.5435, 35.3200, 36.1100, 2116590
2017-06-09, 36.4700, 37.0800, 36.2550, 36.9700, 1500349
2017-06-12, 37.0800, 37.8400, 36.9600, 37.3300, 2524213
2017-06-13, 37.5000, 37.9300, 37.3400, 37.7200, 1449503
2017-06-14, 37.2600, 37.5800, 36.3400, 37.3600, 2164043
2017-06-15, 36.9900, 37.5900, 36.8900, 37.3900, 1431767
2017-06-16, 37.4200, 37.4200, 36.7000, 36.9500, 1889476
2017-06-19, 37.3300, 37.7900, 37.2800, 37.4800, 1160993
2017-06-20, 37.3000, 37.3200, 36.9800, 36.9800, 921626
2017-06-21, 36.9800, 36.9800, 35.4300, 35.4800, 1272520
2017-06-22, 35.4300, 35.5800, 34.7500, 35.2100, 1063225
2017-06-23, 35.2400, 35.5700, 34.8800, 35.2400, 2328408
2017-06-26, 35.4100, 36.0400, 35.2700, 35.8100, 1601488
2017-06-27, 35.9900, 36.6900, 35.9700, 36.1500, 1146295
2017-06-28, 36.3900, 37.1150, 36.3900, 36.9600, 2386293
2017-06-29, 37.7400, 37.9300, 36.8750, 37.3400, 1315498
2017-06-30, 37.5700, 37.8300, 36.5900, 36.8900, 2090550
2017-07-03, 37.2000, 37.7800, 37.0850, 37.6900, 858056
2017-07-05, 37.6600, 37.9600, 37.2850, 37.5700, 1369274
2017-07-06, 37.6200, 38.0900, 37.3700, 37.5000, 1612913
2017-07-07, 37.7000, 37.8250, 37.2300, 37.4800, 1218884
2017-07-10, 37.4500, 37.6000, 37.1900, 37.2300, 1126344
2017-07-11, 37.2000, 37.6000, 36.9900, 37.0500, 1141452
2017-07-12, 36.9300, 37.2900, 36.7700, 37.1600, 1102019
2017-07-13, 37.1900, 37.9300, 37.1900, 37.5700, 1763177
2017-07-14, 37.0700, 37.6200, 37.0200, 37.4300, 906915
2017-07-17, 37.4400, 37.5500, 37.1600, 37.4400, 884109
2017-07-18, 37.2600, 37.3600, 36.6800, 36.8700, 999879
2017-07-19, 37.0600, 37.7700, 36.8300, 37.4600, 1601900
2017-07-20, 37.5000, 37.8100, 37.3500, 37.5400, 851608
2017-07-21, 37.4900, 37.7300, 37.1100, 37.5800, 566831
2017-07-24, 37.7200, 38.0050, 37.4200, 37.9200, 900348
2017-07-25, 38.6700, 39.1400, 38.3900, 38.4400, 1257526
2017-07-26, 38.5800, 38.5850, 38.1800, 38.2600, 1036918
2017-07-27, 38.3600, 39.0400, 38.1800, 38.5900, 1058456
2017-07-28, 38.7700, 39.2800, 38.3800, 39.0000, 1229047
2017-07-31, 39.2300, 39.3700, 38.9600, 39.2400, 1297700
2017-08-01, 40.6300, 41.2200, 40.3200, 40.9000, 1806284
2017-08-02, 40.0000, 41.2400, 39.6200, 40.5900, 3219828
2017-08-03, 40.5300, 40.6500, 40.1000, 40.2100, 1279011
2017-08-04, 40.6300, 41.2200, 40.3200, 40.9000, 1059740
2017-08-07, 41.1800, 41.3200, 40.7100, 40.7300, 1000456
2017-08-08, 40.7400, 41.6450, 40.6200, 40.7300, 1616142
2017-08-09, 40.2600, 40.3350, 39.3700, 39.6600, 1313425
2017-08-10, 39.4000, 39.5479, 38.6500, 38.6700, 976968
2017-08-11, 38.5100, 38.8900, 38.2300, 38.5600, 1032271
2017-08-14, 39.1200, 39.5000, 38.7700, 38.8800, 835603
2017-08-15, 39.2900, 39.6900, 38.6500, 38.9000, 1205823
2017-08-16, 39.0500, 39.2600, 38.1000, 38.4300, 1085145
2017-08-17, 38.3000, 38.3700, 37.4200, 37.6000, 1360087
2017-08-18, 37.2800, 37.6500, 37.2000, 37.3300, 1384566
2017-08-21, 37.2400, 37.2800, 36.7000, 36.8100, 997334
2017-08-22, 36.9900, 37.2500, 36.8100, 37.1800, 1407378
2017-08-23, 36.8600, 37.5000, 36.7000, 37.2700, 884693
2017-08-24, 37.5700, 37.6700, 37.4000, 37.5000, 1162878
2017-08-25, 37.5600, 38.1000, 37.5000, 38.0000, 1082156
2017-08-28, 38.0000, 38.1100, 37.7800, 38.0000, 1115648
2017-08-29, 37.3000, 37.8600, 37.0000, 37.6900, 1445118
2017-08-30, 37.7300, 38.4600, 37.7200, 38.3800, 1213983
2017-08-31, 38.4700, 38.5400, 38.1000, 38.2300, 3393940
2017-09-01, 38.3900, 39.0800, 38.2800, 38.9700, 1606870
2017-09-05, 38.6000, 38.6300, 37.2000, 37.5700, 1985576
2017-09-06, 37.8000, 38.2300, 37.3500, 37.3800, 1145180
2017-09-07, 37.3500, 37.5540, 35.8200, 36.1800, 1666205
2017-09-08, 36.1300, 36.6300, 36.0800, 36.5200, 1132194
2017-09-11, 37.0900, 37.3700, 36.8100, 36.8300, 1166489
2017-09-12, 37.1000, 37.5300, 36.9300, 37.4300, 786266
2017-09-13, 37.3300, 37.6700, 37.1800, 37.5300, 708033
2017-09-14, 37.4700, 37.9200, 37.4700, 37.5500, 1142098
2017-09-15, 37.6000, 38.0300, 37.3800, 37.9200, 1738922
2017-09-18, 38.0100, 38.5800, 37.9300, 38.5100, 1305299
2017-09-19, 38.5300, 39.1000, 38.4600, 38.5700, 1339161
2017-09-20, 38.6400, 39.2100, 38.2700, 39.0000, 1169787
2017-09-21, 39.0200, 39.3600, 38.9400, 39.0200, 1009099
2017-09-22, 38.6900, 39.5100, 38.6900, 39.4700, 1480154
2017-09-25, 39.3800, 39.6800, 38.2500, 39.3200, 923973
2017-09-26, 39.3800, 39.8750, 39.1000, 39.6300, 773042
2017-09-27, 40.3000, 41.2200, 40.0300, 40.6200, 1663824
2017-09-28, 40.6200, 40.6200, 39.2800, 39.7700, 993441
2017-09-29, 39.7200, 40.3700, 39.6250, 39.8900, 1035285
2017-10-02, 40.0300, 40.2050, 39.6500, 39.9800, 1463564
2017-10-03, 40.1700, 40.2900, 39.6100, 39.7100, 1060441
2017-10-04, 39.9500, 40.0800, 39.5600, 39.9100, 1172112
2017-10-05, 39.9500, 40.8300, 39.2000, 40.8000, 5738589
2017-10-06, 41.0400, 41.2900, 40.3100, 40.7000, 1296110
2017-10-09, 40.7600, 40.8000, 40.3300, 40.4500, 538873
2017-10-10, 40.5200, 40.6500, 40.0200, 40.4300, 612246
2017-10-11, 40.3300, 40.5900, 40.0600, 40.5500, 985217
2017-10-12, 40.7000, 40.8700, 39.8900, 39.9200, 1125265
2017-10-13, 39.8500, 40.4200, 39.7390, 39.8400, 1198264
2017-10-16, 39.9800, 40.3000, 39.6900, 39.6900, 1267677
2017-10-17, 40.0000, 40.0000, 39.3600, 39.5000, 1750316
2017-10-18, 39.8800, 40.1600, 39.6700, 39.9600, 1715503
2017-10-19, 39.4800, 39.9200, 39.3000, 39.8500, 1286093
2017-10-20, 40.4200, 40.4200, 40.0700, 40.1500, 994798
2017-10-23, 40.2000, 40.2700, 39.7000, 39.7700, 1246025
2017-10-24, 40.1000, 41.0600, 40.0600, 40.8900, 1853640
2017-10-25, 41.1900, 41.1900, 39.9100, 40.1800, 1383366
2017-10-26, 40.1600, 40.4350, 39.9600, 40.2100, 1002964
2017-10-27, 40.0800, 40.6900, 39.8400, 40.6800, 817612
2017-10-30, 40.3400, 40.7550, 40.0700, 40.3300, 1342599
2017-10-31, 40.4100, 40.6700, 40.0800, 40.1600, 1193277
2017-11-01, 40.9800, 42.4300, 40.7500, 41.3000, 3489035
2017-11-02, 41.4300, 42.6300, 41.1700, 42.5100, 1715587
2017-11-03, 42.2200, 42.6800, 41.8300, 41.8500, 1388969
2017-11-06, 41.6400, 42.2100, 41.4500, 42.0600, 1089343
2017-11-07, 42.1100, 42.3900, 41.7600, 42.0500, 1905283
2017-11-08, 41.9200, 42.0500, 41.3010, 41.5600, 1197163
2017-11-09, 41.2100, 41.9000, 41.0500, 41.3300, 938238
2017-11-10, 41.4700, 41.5900, 40.6900, 40.7100, 1326696
2017-11-13, 40.9400, 41.8000, 40.7800, 41.0400, 1506771
2017-11-14, 40.8300, 41.3200, 40.5900, 41.2900, 1247255
2017-11-15, 40.6800, 41.8600, 40.6600, 41.4200, 1263601
2017-11-16, 41.6400, 42.0400, 41.3500, 41.5300, 1375130
2017-11-17, 41.2100, 42.1600, 41.2100, 42.0600, 1259210
2017-11-20, 42.0600, 42.4300, 41.8700, 42.3900, 775942
2017-11-21, 42.5200, 42.7000, 42.0300, 42.1900, 870126
2017-11-22, 42.2300, 42.5000, 41.9700, 42.3100, 686050
2017-11-24, 42.5200, 42.5200, 41.9200, 42.0600, 474169
2017-11-27, 41.9700, 42.1100, 41.5500, 41.8600, 918462
2017-11-28, 41.8700, 43.0200, 41.7600, 42.9400, 1242874
2017-11-29, 43.5100, 44.4900, 43.0900, 43.9300, 2091904
2017-11-30, 44.2900, 44.6400, 43.6000, 44.2000, 1716119
2017-12-01, 44.2600, 44.3600, 42.7800, 44.3400, 2088858
2017-12-04, 45.1700, 45.7500, 44.9300, 45.0900, 1357235
2017-12-05, 45.3300, 45.3600, 44.5700, 44.7300, 1035280
2017-12-06, 44.5400, 44.7499, 44.1300, 44.5700, 1205273
2017-12-07, 44.3400, 44.6500, 44.1500, 44.1600, 1678424
2017-12-08, 44.5000, 46.3500, 44.0300, 46.1500, 4819771
2017-12-11, 46.3000, 47.0400, 46.1200, 46.3200, 1996919
2017-12-12, 46.3800, 46.5550, 46.2100, 46.3000, 1457895
2017-12-13, 46.1300, 46.5100, 45.2300, 45.2700, 1299460
2017-12-14, 45.3600, 46.0400, 45.2100, 45.5000, 1646684
2017-12-15, 45.5000, 46.0500, 45.3600, 45.5700, 1930704
2017-12-18, 45.8700, 46.0800, 45.5500, 45.7600, 888636
2017-12-19, 45.9500, 46.5200, 45.6000, 46.2800, 1389350
2017-12-20, 46.6500, 46.9900, 46.3800, 46.8300, 1245096
2017-12-21, 49.7450, 52.4784, 49.1600, 52.0700, 6678207
2017-12-22, 51.3800, 52.3600, 50.2800, 51.1400, 3384509
2017-12-26, 50.9800, 51.6350, 50.6300, 51.0400, 1692615
2017-12-27, 50.8600, 50.9000, 50.3300, 50.5100, 1706078
2017-12-28, 50.6000, 50.6000, 49.6700, 50.1300, 2289362
2017-12-29, 50.3000, 50.6000, 48.8800, 49.4700, 1670480
2018-01-02, 49.9100, 50.1250, 49.2200, 49.7400, 1899926
2018-01-03, 49.6700, 50.3200, 49.5000, 49.6800, 2168016
2018-01-04, 50.1400, 50.8100, 49.6000, 50.3400, 2193862
2018-01-05, 50.6700, 50.8100, 50.2800, 50.7300, 1331364
2018-01-08, 50.7500, 50.9900, 50.1800, 50.5200, 1199661
2018-01-09, 50.6000, 53.4800, 50.6000, 52.9900, 4389468
2018-01-10, 52.8900, 54.6300, 52.8300, 53.5700, 3547266
2018-01-11, 53.7800, 54.5700, 53.1550, 53.5000, 2232663
2018-01-12, 53.8500, 54.3000, 53.4200, 54.1600, 3137067
2018-01-16, 54.2600, 54.4150, 52.9200, 52.9800, 2479728
2018-01-17, 53.3400, 53.7700, 52.7000, 53.4600, 1655442
2018-01-18, 53.8900, 53.9050, 53.0300, 53.6800, 2198214
2018-01-19, 53.4500, 54.6600, 53.4500, 54.4300, 1914995
2018-01-22, 53.9700, 54.3400, 53.3600, 54.1700, 3058332
2018-01-23, 53.9100, 54.6500, 53.7700, 54.2400, 1937047
2018-01-24, 54.6900, 54.8700, 53.5800, 53.9800, 1406094
2018-01-25, 54.2100, 54.3200, 53.4900, 53.8700, 1268354
2018-01-26, 54.3000, 54.4000, 53.6900, 54.3200, 1422996
2018-01-29, 54.2600, 54.6300, 53.3600, 53.6900, 2154717
2018-01-30, 53.0700, 53.5600, 52.2000, 52.3700, 2293379
2018-01-31, 52.4700, 53.1700, 51.7700, 51.9100, 2628763
2018-02-01, 51.7000, 53.0600, 51.7000, 52.5700, 2170069
2018-02-02, 52.3200, 52.8900, 50.9000, 51.3400, 2058088
2018-02-05, 50.3500, 51.2800, 48.1800, 48.9100, 3484568
2018-02-06, 47.6200, 49.7800, 47.2900, 49.3100, 3203911
2018-02-07, 49.2100, 50.0900, 48.6500, 48.6700, 2854926
2018-02-08, 48.9900, 49.0300, 46.7500, 46.7500, 2268209
2018-02-09, 47.6300, 47.9100, 45.6100, 46.9100, 3233157
2018-02-12, 47.3400, 48.8900, 47.0900, 48.0700, 2875001
2018-02-13, 47.7400, 48.0900, 47.3200, 48.0200, 1968508
2018-02-14, 48.0300, 51.5100, 47.5100, 51.1900, 4080632
2018-02-15, 51.7500, 52.0900, 49.7400, 50.5500, 3012452
2018-02-16, 50.0000, 50.8100, 50.0000, 50.6300, 1861268
2018-02-20, 50.2900, 51.1200, 50.2900, 50.4400, 2092939
2018-02-21, 50.5300, 51.4000, 50.5100, 50.5200, 1473781
2018-02-22, 50.5600, 51.6000, 50.5600, 50.7100, 2402894
2018-02-23, 50.7700, 51.0900, 50.3200, 51.0400, 1349512
2018-02-26, 51.1600, 52.0700, 51.1000, 51.9700, 1347074
2018-02-27, 51.7500, 52.5200, 51.6900, 51.8000, 1898174
2018-02-28, 52.0600, 52.2700, 50.8800, 51.0200, 1828202
2018-03-01, 51.2400, 51.4700, 49.8500, 50.3300, 2455159
2018-03-02, 49.8100, 50.9800, 49.6000, 50.9100, 2455261
2018-03-05, 50.3900, 52.2600, 50.3900, 51.9700, 1465992
2018-03-06, 52.0400, 52.4200, 51.7000, 52.0300, 1405433
2018-03-07, 51.3600, 51.8800, 50.9100, 51.6900, 6445511
2018-03-08, 51.7000, 51.7500, 50.6400, 51.2900, 5075210
2018-03-09, 51.7500, 53.4300, 51.6000, 52.9400, 3713845
2018-03-12, 53.1800, 54.2200, 52.9700, 53.9700, 3067656
2018-03-13, 54.1100, 54.5000, 53.4400, 54.1500, 3756839
2018-03-14, 54.3700, 54.3850, 53.5800, 54.0000, 2455065
2018-03-15, 54.1100, 54.5900, 53.6600, 54.1000, 2542960
2018-03-16, 54.1100, 54.3900, 53.4800, 53.5100, 2536544
2018-03-19, 53.4100, 53.7400, 52.2100, 53.0100, 2237322
2018-03-20, 53.4900, 54.2700, 53.4200, 53.4400, 2266179
2018-03-21, 53.3400, 54.3500, 53.2600, 53.4300, 1445513
2018-03-22, 52.7800, 53.2700, 51.0900, 51.2800, 2895366
2018-03-23, 51.2800, 51.3000, 48.6900, 48.6900, 4302757
2018-03-26, 50.0600, 50.7000, 49.3600, 50.5800, 2139013
2018-03-27, 50.6400, 51.1200, 49.5400, 49.8900, 1960622
2018-03-28, 49.9700, 50.3200, 49.0700, 50.0700, 1795278
2018-03-29, 50.3100, 50.7700, 50.0700, 50.5000, 1775145
2018-04-02, 50.0000, 50.2800, 48.3400, 49.1500, 1958140
2018-04-03, 49.4200, 49.7550, 49.0100, 49.6000, 1564934
2018-04-04, 48.5400, 49.9300, 48.2400, 49.8200, 1766910
2018-04-05, 50.3100, 51.7200, 50.0600, 50.7200, 2165898
2018-04-06, 49.8800, 50.6600, 49.0050, 49.5200, 2644504
2018-04-09, 50.1100, 50.8900, 49.6400, 49.6900, 2470080
2018-04-10, 50.7600, 51.1900, 50.0000, 50.8100, 3386122
2018-04-11, 50.2000, 51.1500, 50.1300, 50.3200, 2344086
2018-04-12, 50.3700, 51.9100, 50.3700, 51.3500, 2134692
2018-04-13, 51.7200, 51.9000, 50.9400, 51.1800, 1408385
2018-04-16, 51.7200, 52.2700, 51.2300, 52.0000, 1341064
2018-04-17, 52.4700, 52.6600, 51.8500, 52.0400, 2626658
2018-04-18, 52.6800, 52.9750, 52.2200, 52.5700, 1546299
2018-04-19, 52.5600, 53.7400, 52.5600, 52.9900, 2237758
2018-04-20, 53.1700, 53.3800, 52.1950, 52.5100, 1915236
2018-04-23, 52.7500, 53.2700, 52.7375, 53.0500, 1388483
2018-04-24, 53.4000, 53.7900, 52.1550, 52.7100, 1835765
2018-04-25, 52.8900, 53.1800, 52.2500, 52.7500, 1892372
2018-04-26, 52.7200, 53.3500, 52.5900, 52.7500, 1643150
2018-04-27, 52.6900, 53.2000, 52.3200, 52.9600, 1512009
2018-04-30, 53.0200, 53.5050, 52.3500, 52.3500, 2205113
2018-05-01, 52.1900, 52.3100, 51.2800, 51.5100, 4176490
2018-05-02, 52.4200, 53.1900, 51.8000, 52.0000, 3200011
2018-05-03, 51.6400, 51.8750, 49.5600, 51.0400, 2676135
2018-05-04, 50.9200, 52.3000, 50.7100, 51.9600, 1816005
2018-05-07, 52.0500, 52.8300, 51.7900, 52.4500, 951130
2018-05-08, 52.2900, 52.9000, 51.9800, 52.0900, 1428833
2018-05-09, 52.7000, 53.0150, 52.3400, 52.7700, 1734902
2018-05-10, 52.5200, 53.1100, 52.5200, 52.6500, 1427976
2018-05-11, 52.7300, 53.4200, 52.6120, 52.7600, 1232058
2018-05-14, 52.8600, 53.1200, 52.5500, 52.6200, 975597
2018-05-15, 52.6900, 53.6700, 52.5900, 53.1900, 1892317
2018-05-16, 53.1200, 53.9800, 53.0400, 53.6600, 1262555
2018-05-17, 53.6500, 55.2500, 53.5810, 55.1500, 3293139
2018-05-18, 54.9800, 55.2700, 53.3700, 53.4200, 2732931
2018-05-21, 53.7300, 54.3700, 53.6200, 53.9600, 1202617
2018-05-22, 54.1200, 54.4600, 53.9100, 53.9800, 1235650
2018-05-23, 53.5800, 53.6900, 52.8550, 53.4500, 1462561
2018-05-24, 53.2000, 53.6000, 52.6100, 53.3700, 1199962
2018-05-25, 53.0700, 53.4850, 52.9200, 53.1200, 1074542
2018-05-29, 52.3400, 52.5100, 50.1700, 50.4700, 2235587
2018-05-30, 51.3400, 52.5400, 51.0200, 52.1100, 2680216
2018-05-31, 52.1000, 52.6800, 51.5600, 51.9400, 2265745
2018-06-01, 52.7800, 53.0000, 52.0600, 52.4500, 2752577
2018-06-04, 52.9200, 53.0400, 52.5500, 52.9200, 2190511
2018-06-05, 52.7900, 53.4700, 52.1300, 52.7200, 1835684
2018-06-06, 53.2700, 53.4250, 52.7800, 53.2500, 1660198
2018-06-07, 53.3600, 54.0500, 53.3000, 53.6400, 2325597
2018-06-08, 53.3600, 54.6700, 53.0900, 53.5900, 1376841
2018-06-11, 53.6600, 53.8600, 53.1600, 53.3000, 1106645
2018-06-12, 53.5300, 53.6400, 52.8500, 53.0600, 1799658
2018-06-13, 53.0700, 53.3200, 52.0400, 52.0600, 2058172
2018-06-14, 52.2400, 52.2400, 51.3700, 51.7000, 1833776
2018-06-15, 51.1300, 51.4150, 50.3400, 51.3200, 2284585
2018-06-18, 50.8000, 51.7550, 50.6000, 51.7200, 1597434
2018-06-19, 51.2200, 51.6000, 50.9700, 51.1100, 1874866
2018-06-20, 51.8100, 51.8100, 49.9800, 49.9900, 1830568
2018-06-21, 49.7500, 50.1100, 49.2000, 49.2700, 2532354
2018-06-22, 50.0000, 50.3600, 49.1400, 49.3700, 2884841
2018-06-25, 49.0500, 49.4100, 48.6400, 49.1300, 1751374
2018-06-26, 49.2400, 49.6950, 48.9400, 49.0700, 2704974
2018-06-27, 48.9500, 49.2900, 47.6300, 47.6700, 1529425
2018-06-28, 47.5600, 47.8200, 46.4600, 47.1500, 2826920
2018-06-29, 47.6600, 48.2500, 46.9900, 47.0000, 1428376
2018-07-02, 46.6000, 47.3200, 46.5700, 47.2300, 1123354
2018-07-03, 47.4500, 47.5400, 46.7700, 46.9500, 622549
2018-07-05, 47.2700, 47.3900, 46.7000, 46.8200, 1242243
2018-07-06, 46.4200, 47.3200, 46.2100, 47.0800, 1035636
2018-07-09, 47.4900, 49.1900, 47.4026, 48.8900, 1646061
2018-07-10, 49.0100, 49.2400, 47.9200, 48.3700, 1886276
2018-07-11, 47.9000, 48.1800, 47.2800, 47.6300, 1580782
2018-07-12, 48.0200, 48.1600, 47.0500, 47.5300, 1300205
2018-07-13, 47.4900, 47.7000, 46.9200, 47.4000, 1285215
2018-07-16, 47.5500, 48.0800, 47.1300, 47.9300, 1491736
2018-07-17, 48.0300, 48.4100, 47.7700, 48.2100, 987216
2018-07-18, 48.2700, 49.2600, 48.2300, 49.1100, 1095831
2018-07-19, 48.8200, 49.0600, 48.1100, 48.8400, 2513266
2018-07-20, 49.0800, 49.4000, 48.7200, 48.9700, 1891950
2018-07-23, 48.9800, 50.0200, 48.9200, 49.7300, 1487532
2018-07-24, 50.0100, 50.7000, 49.7200, 50.0100, 1180579
2018-07-25, 49.9300, 50.2400, 49.4700, 50.1600, 1001773
2018-07-26, 50.1600, 50.9050, 50.0100, 50.7400, 1756474
2018-07-27, 50.8600, 51.4800, 50.6200, 50.9300, 1106428
2018-07-30, 51.0400, 51.4200, 50.7800, 51.0500, 1370469
2018-07-31, 51.1000, 51.2400, 50.3800, 50.5200, 1372170
2018-08-01, 50.8200, 51.1400, 49.1000, 49.5700, 2201957
2018-08-02, 48.9100, 50.9600, 48.9100, 50.0100, 2021123
2018-08-03, 50.1300, 50.4650, 49.7300, 49.9200, 1019363
2018-08-06, 49.9700, 50.4750, 49.5000, 50.2700, 1428882
2018-08-07, 50.3500, 51.3200, 50.3500, 50.6500, 1227720
2018-08-08, 50.5900, 51.0200, 50.2900, 50.8600, 763087
2018-08-09, 50.8900, 51.2600, 50.3900, 50.4000, 981998
2018-08-10, 49.7200, 49.9000, 48.7100, 49.2600, 1199987
2018-08-13, 49.1800, 49.4900, 48.7800, 48.9800, 1277463
2018-08-14, 49.0700, 49.8300, 48.9700, 49.5100, 1164838
2018-08-15, 49.0600, 49.2800, 48.4400, 48.7600, 923602
2018-08-16, 49.2500, 50.2150, 49.0200, 49.5900, 1023222
2018-08-17, 49.5800, 50.1600, 49.3700, 49.9700, 972388
2018-08-20, 49.8200, 50.1500, 49.6600, 50.0100, 653705
2018-08-21, 50.0400, 51.0900, 49.9000, 50.6800, 889088
2018-08-22, 50.6800, 50.8700, 50.3300, 50.4800, 588192
2018-08-23, 50.4200, 50.5300, 49.6600, 49.7300, 1247210
2018-08-24, 50.1400, 50.2200, 49.6600, 49.7600, 892242
2018-08-27, 50.1900, 51.1700, 49.8800, 50.7600, 1220077
2018-08-28, 50.9700, 51.3000, 50.6400, 50.8500, 986800
2018-08-29, 50.8100, 51.2600, 50.6700, 50.9500, 1107165
2018-08-30, 50.7100, 51.1700, 50.2000, 50.2600, 916470
2018-08-31, 50.0000, 50.2600, 49.7820, 50.0700, 794073
2018-09-04, 49.9300, 50.2700, 49.7100, 50.0600, 789202
2018-09-05, 49.8000, 50.3100, 49.5000, 49.5800, 1132934
2018-09-06, 49.6300, 50.0000, 48.7900, 49.0400, 1612515
2018-09-07, 49.0900, 49.2600, 48.3300, 48.7200, 1440695
2018-09-10, 49.0000, 49.0450, 48.2100, 48.2100, 1177306
2018-09-11, 48.0200, 48.4400, 47.6100, 48.3300, 1642908
2018-09-12, 48.2900, 48.4300, 47.8500, 48.1700, 903500
2018-09-13, 48.3600, 48.9200, 48.2100, 48.3700, 1080644
2018-09-14, 48.4800, 49.7400, 48.4700, 49.3900, 1829031
2018-09-17, 49.5600, 49.9699, 48.4100, 48.5900, 1266422
2018-09-18, 48.8200, 49.7900, 48.6000, 49.5600, 1258777
2018-09-19, 49.6500, 50.8200, 49.5100, 50.1700, 2027389
2018-09-20, 50.5100, 51.0650, 49.9800, 50.1000, 1737545
2018-09-21, 50.1500, 50.6000, 50.0100, 50.5000, 2429809
2018-09-24, 50.4600, 50.6400, 50.1900, 50.3900, 1122519
2018-09-25, 50.6500, 51.0400, 50.4500, 50.4700, 1609105
2018-09-26, 50.5700, 50.6800, 49.4300, 49.4800, 1888844
2018-09-27, 49.5800, 49.8700, 49.1100, 49.4200, 1251757
2018-09-28, 49.0400, 49.8600, 49.0400, 49.6700, 1423913
2018-10-01, 50.0000, 50.7335, 49.8100, 50.0500, 1053509
2018-10-02, 49.9800, 50.3200, 49.3200, 50.1100, 1070276
2018-10-03, 50.6900, 51.3600, 50.5000, 50.9700, 1334896
2018-10-04, 51.0900, 51.8800, 51.0300, 51.8400, 1712769
2018-10-05, 51.9600, 52.3500, 51.2500, 51.3800, 1137709
2018-10-08, 51.1700, 52.0000, 51.0400, 51.9200, 1109463
2018-10-09, 51.6300, 51.9900, 51.1500, 51.6500, 1278525
2018-10-10, 51.7000, 51.7500, 49.4000, 49.4500, 1697575
2018-10-11, 49.0100, 49.6100, 47.0800, 47.2600, 1956936
2018-10-12, 48.1600, 48.4200, 46.1100, 47.4700, 1646724
2018-10-15, 47.4200, 47.8500, 47.1200, 47.1700, 1235816
2018-10-16, 47.5000, 47.8000, 46.8400, 47.7700, 1188666
2018-10-17, 47.6000, 48.9500, 47.5400, 48.4500, 1451484
2018-10-18, 48.3400, 48.5700, 46.9000, 47.1200, 1556388
2018-10-19, 47.1100, 47.7800, 46.6400, 46.6500, 2281909
2018-10-22, 46.8200, 47.2300, 45.1100, 45.2700, 3311296
2018-10-23, 44.4100, 45.0500, 43.4800, 44.4700, 3002804
2018-10-24, 44.4300, 44.6300, 41.7800, 41.8900, 3196168
2018-10-25, 42.3800, 43.5400, 42.1300, 42.9900, 2206727
2018-10-26, 42.3000, 42.5600, 41.0500, 41.8400, 1915418
2018-10-29, 42.5900, 43.0800, 40.4900, 41.3800, 2102478
2018-10-30, 41.5300, 42.0200, 40.7100, 41.3600, 2399894
2018-10-31, 42.2200, 44.7800, 42.2200, 43.7600, 3141352
2018-11-01, 44.2300, 45.0300, 44.0800, 44.6100, 1831058
2018-11-02, 45.2400, 45.8300, 43.8000, 44.2300, 1992119
2018-11-05, 44.2900, 45.1500, 44.2900, 44.6400, 1790102
2018-11-06, 44.4800, 45.2900, 44.3000, 44.9700, 1193807
2018-11-07, 45.3400, 46.3000, 44.7600, 46.2400, 1629807
2018-11-08, 45.8900, 46.9200, 45.8900, 46.4700, 1693361
2018-11-09, 46.1300, 46.6650, 45.3200, 45.6300, 1158150
