2012-03-28, 0.6300, 1.1000, 0.6300, 1.0000, 2596800
2012-03-29, 1.1400, 1.1400, 0.8500, 0.9000, 1232800
2012-03-30, 0.9000, 1.0000, 0.8600, 0.9000, 378100
2012-04-02, 0.9000, 0.9000, 0.7000, 0.7500, 494800
2012-04-03, 0.6500, 0.7900, 0.5500, 0.6700, 1905800
2012-04-04, 0.6000, 0.7000, 0.6000, 0.6800, 1440300
2012-04-05, 0.7000, 0.8000, 0.6500, 0.7500, 107800
2012-04-09, 0.8000, 0.8000, 0.7200, 0.7700, 157700
2012-04-10, 0.8000, 0.8500, 0.7000, 0.7500, 157300
2012-04-11, 0.7000, 0.7500, 0.6800, 0.7000, 223100
2012-04-12, 0.7000, 0.7000, 0.6500, 0.6600, 582700
2012-04-13, 0.6000, 0.7500, 0.6000, 0.6700, 302300
2012-04-16, 0.7000, 0.7000, 0.6500, 0.6500, 1349100
2012-04-17, 0.6500, 0.6800, 0.6000, 0.6800, 227900
2012-04-18, 0.6600, 0.6700, 0.6100, 0.6500, 603500
2012-04-19, 0.6400, 0.6600, 0.6200, 0.6500, 241100
2012-04-20, 0.6600, 0.6600, 0.6100, 0.6500, 357200
2012-04-23, 0.6200, 0.6400, 0.6000, 0.6400, 112000
2012-04-24, 0.6400, 0.6400, 0.6000, 0.6000, 298700
2012-04-25, 0.6000, 0.6300, 0.5900, 0.6000, 192100
2012-04-26, 0.5400, 0.6000, 0.5400, 0.6000, 83500
2012-04-27, 0.5800, 0.6000, 0.5800, 0.6000, 157000
2012-04-30, 0.5800, 0.5900, 0.5500, 0.5900, 288900
2012-05-01, 0.5800, 0.5900, 0.5600, 0.5900, 154000
2012-05-02, 0.5600, 0.5900, 0.5600, 0.5900, 118000
2012-05-03, 0.5900, 0.5900, 0.5500, 0.5900, 284600
2012-05-04, 0.5800, 0.5900, 0.5300, 0.5700, 458400
2012-05-07, 0.5600, 0.5800, 0.5300, 0.5600, 60200
2012-05-08, 0.5900, 0.5900, 0.5200, 0.5300, 147200
2012-05-09, 0.5300, 0.5500, 0.5300, 0.5400, 759200
2012-05-10, 0.5300, 0.5600, 0.5300, 0.5400, 67000
2012-05-11, 0.5400, 0.6000, 0.5400, 0.5400, 157700
2012-05-14, 0.5600, 0.5600, 0.5300, 0.5400, 146000
2012-05-15, 0.5600, 0.5700, 0.5300, 0.5500, 171900
2012-05-16, 0.5300, 0.5600, 0.5000, 0.5500, 986500
2012-05-17, 0.5500, 0.5600, 0.5000, 0.5400, 68200
2012-05-18, 0.5000, 0.6000, 0.5000, 0.5400, 151000
2012-05-21, 0.5100, 0.5400, 0.5100, 0.5300, 328100
2012-05-22, 0.5000, 0.5400, 0.5000, 0.5300, 76900
2012-05-23, 0.5000, 0.5400, 0.4800, 0.5000, 373000
2012-05-24, 0.4300, 0.5000, 0.4300, 0.5000, 145600
2012-05-25, 0.4800, 0.5000, 0.4400, 0.4500, 1065000
2012-05-29, 0.4500, 0.4500, 0.4300, 0.4300, 290000
2012-05-30, 0.4300, 0.4500, 0.4100, 0.4300, 148700
2012-05-31, 0.4000, 0.4500, 0.4000, 0.4300, 106600
2012-06-01, 0.4300, 0.6000, 0.4300, 0.5000, 287500
2012-06-04, 0.4300, 0.6000, 0.4300, 0.4900, 40100
2012-06-05, 0.4500, 0.5900, 0.4500, 0.5000, 278100
2012-06-06, 0.5500, 0.5700, 0.5000, 0.5700, 47300
2012-06-07, 0.5000, 0.5700, 0.5000, 0.5400, 29100
2012-06-08, 0.5300, 0.5700, 0.5300, 0.5700, 37100
2012-06-11, 0.5700, 0.5700, 0.5000, 0.5700, 70800
2012-06-12, 0.6000, 0.6000, 0.5100, 0.5700, 55900
2012-06-13, 0.5700, 0.5700, 0.5100, 0.5700, 60500
2012-06-14, 0.5700, 0.5700, 0.5100, 0.5300, 72100
2012-06-15, 0.5100, 0.5700, 0.5100, 0.5500, 33600
2012-06-18, 0.5500, 0.5500, 0.5100, 0.5200, 96200
2012-06-19, 0.5000, 0.5500, 0.4900, 0.5500, 162400
2012-06-20, 0.5000, 0.5500, 0.4900, 0.5400, 63900
2012-06-21, 0.5400, 0.5400, 0.4800, 0.5100, 69400
2012-06-22, 0.5100, 0.5200, 0.4800, 0.5200, 52900
2012-06-25, 0.4900, 0.5200, 0.4800, 0.4900, 48800
2012-06-26, 0.4800, 0.5000, 0.4800, 0.5000, 124700
2012-06-27, 0.4800, 0.5300, 0.4800, 0.5300, 63100
2012-06-28, 0.4800, 0.5000, 0.4800, 0.4900, 40700
2012-06-29, 0.4900, 0.5200, 0.4900, 0.5000, 76000
2012-07-02, 0.4500, 0.5000, 0.4500, 0.5000, 91100
2012-07-03, 0.4500, 0.5000, 0.4500, 0.5000, 15800
2012-07-05, 0.4500, 0.5000, 0.4500, 0.5000, 77800
2012-07-06, 0.4500, 0.5000, 0.4500, 0.5000, 62100
2012-07-09, 0.4500, 0.5000, 0.4500, 0.5000, 63400
2012-07-10, 0.4500, 0.5000, 0.4500, 0.4700, 57100
2012-07-11, 0.4700, 0.4900, 0.4500, 0.4800, 62700
2012-07-12, 0.4800, 0.5000, 0.4600, 0.5000, 83500
2012-07-13, 0.4600, 0.4900, 0.4600, 0.4800, 167700
2012-07-16, 0.4600, 0.5000, 0.4600, 0.5000, 49900
2012-07-17, 0.4600, 0.5000, 0.4600, 0.4700, 132900
2012-07-18, 0.5000, 0.5000, 0.4600, 0.4600, 46900
2012-07-19, 0.4700, 0.4900, 0.4600, 0.4600, 29400
2012-07-20, 0.5100, 0.5500, 0.4900, 0.5200, 527700
2012-07-23, 0.5500, 0.5500, 0.5000, 0.5000, 248400
2012-07-24, 0.4800, 0.5200, 0.4800, 0.5000, 128500
2012-07-25, 0.4600, 0.5200, 0.4600, 0.4900, 272600
2012-07-26, 0.4800, 0.5200, 0.4800, 0.4900, 94400
2012-07-27, 0.4900, 0.5500, 0.4900, 0.5500, 386900
2012-07-30, 0.5600, 0.6500, 0.4900, 0.5800, 260800
2012-07-31, 0.6200, 0.6200, 0.5400, 0.5700, 361800
2012-08-01, 0.5800, 0.6300, 0.5400, 0.5700, 250900
2012-08-02, 0.5200, 0.5700, 0.5000, 0.5100, 174800
2012-08-03, 0.5100, 0.5800, 0.5000, 0.5400, 211200
2012-08-06, 0.5300, 0.5500, 0.5000, 0.5200, 1802900
2012-08-07, 0.4800, 0.5400, 0.4800, 0.5000, 563900
2012-08-08, 0.4800, 0.5100, 0.4800, 0.5000, 368000
2012-08-09, 0.4900, 0.5600, 0.4800, 0.5000, 269800
2012-08-10, 0.5100, 0.5300, 0.4800, 0.5000, 199700
2012-08-13, 0.5000, 0.5300, 0.4900, 0.5000, 74800
2012-08-14, 0.5000, 0.6000, 0.5000, 0.5000, 93900
2012-08-15, 0.5100, 0.5300, 0.5000, 0.5200, 96900
2012-08-16, 0.5200, 0.5300, 0.5000, 0.5200, 138900
2012-08-17, 0.4700, 0.5200, 0.4700, 0.5100, 91800
2012-08-20, 0.4700, 0.5200, 0.4700, 0.5000, 228600
2012-08-21, 0.4700, 0.5000, 0.4700, 0.5000, 157000
2012-08-22, 0.4700, 0.5500, 0.4700, 0.5100, 97300
2012-08-23, 0.5100, 0.5300, 0.5000, 0.5000, 134900
2012-08-24, 0.5100, 0.5500, 0.5000, 0.5200, 159100
2012-08-27, 0.5200, 0.5200, 0.5000, 0.5000, 47400
2012-08-28, 0.5200, 0.5200, 0.4500, 0.5000, 32500
2012-08-29, 0.5000, 0.5100, 0.4800, 0.5000, 70800
2012-08-30, 0.4500, 0.5000, 0.4500, 0.5000, 49500
2012-08-31, 0.5000, 0.5200, 0.4800, 0.4800, 74500
2012-09-04, 0.4200, 0.5000, 0.4200, 0.5000, 55400
2012-09-05, 0.4200, 0.5000, 0.4200, 0.4800, 38200
2012-09-06, 0.4900, 0.5000, 0.4800, 0.4800, 70900
2012-09-07, 0.4900, 0.5000, 0.4500, 0.5000, 1689800
2012-09-10, 0.4600, 0.5000, 0.4600, 0.4800, 89700
2012-09-11, 0.4600, 0.5000, 0.4600, 0.4800, 55500
2012-09-12, 0.4800, 0.5100, 0.4800, 0.5000, 373800
2012-09-13, 0.5000, 0.5100, 0.4800, 0.5100, 92100
2012-09-14, 0.5000, 0.5200, 0.4800, 0.5100, 438100
2012-09-17, 0.7500, 0.7500, 0.5000, 0.5400, 309000
2012-09-18, 0.5000, 0.5500, 0.5000, 0.5500, 91600
2012-09-19, 0.5000, 0.5500, 0.5000, 0.5400, 48700
2012-09-20, 0.5500, 0.5500, 0.5000, 0.5200, 80200
2012-09-21, 0.5000, 0.5500, 0.5000, 0.5400, 54700
2012-09-24, 0.5500, 0.5500, 0.5000, 0.5300, 160000
2012-09-25, 0.5300, 0.5400, 0.5100, 0.5100, 66200
2012-09-26, 0.5000, 0.5200, 0.5000, 0.5200, 47200
2012-09-27, 0.5400, 0.5400, 0.4900, 0.4900, 162400
2012-09-28, 0.4900, 0.5200, 0.4900, 0.5100, 171900
2012-10-01, 0.4900, 0.5100, 0.4900, 0.5000, 89500
2012-10-02, 0.5000, 0.5000, 0.4900, 0.4900, 95000
2012-10-03, 0.5000, 0.5000, 0.4800, 0.5000, 96900
2012-10-04, 0.5000, 0.5200, 0.4900, 0.4900, 77200
2012-10-05, 0.5200, 0.5200, 0.4900, 0.5000, 165700
2012-10-08, 0.4900, 0.5000, 0.4800, 0.4900, 252800
2012-10-09, 0.4800, 0.5000, 0.4700, 0.4700, 172500
2012-10-10, 0.5000, 0.5000, 0.4800, 0.4800, 133100
2012-10-11, 0.4800, 0.4900, 0.4800, 0.4800, 95200
2012-10-12, 0.4800, 0.5000, 0.4800, 0.4800, 274500
2012-10-15, 0.4800, 0.5000, 0.4800, 0.5000, 317000
2012-10-16, 0.5000, 0.5000, 0.4800, 0.4900, 129800
2012-10-17, 0.4600, 0.5000, 0.4600, 0.4900, 58900
2012-10-18, 0.5000, 0.5000, 0.4800, 0.4800, 167100
2012-10-19, 0.4600, 0.4900, 0.4600, 0.4900, 265200
2012-10-22, 0.4900, 0.4900, 0.4600, 0.4700, 1733300
2012-10-23, 0.4700, 0.5200, 0.4700, 0.5200, 142400
2012-10-24, 0.5000, 0.5000, 0.4800, 0.4900, 82100
2012-10-25, 0.5000, 0.5100, 0.4800, 0.5000, 219200
2012-10-26, 0.5000, 0.5000, 0.4700, 0.4800, 335000
2012-10-31, 0.4700, 0.4800, 0.4600, 0.4700, 292300
2012-11-01, 0.4700, 0.4800, 0.4600, 0.4600, 250900
2012-11-02, 0.4700, 0.4700, 0.4500, 0.4700, 645500
2012-11-05, 0.4700, 0.4700, 0.4400, 0.4500, 310300
2012-11-06, 0.4700, 0.4700, 0.4500, 0.4600, 271900
2012-11-07, 0.4600, 0.4700, 0.4400, 0.4700, 117000
2012-11-08, 0.4600, 0.4800, 0.4500, 0.4800, 61800
2012-11-09, 0.4900, 0.4900, 0.4500, 0.4600, 98100
2012-11-12, 0.4400, 0.4700, 0.4400, 0.4700, 64000
2012-11-13, 0.4700, 0.4700, 0.4500, 0.4700, 144500
2012-11-14, 0.4500, 0.4700, 0.4500, 0.4700, 102900
2012-11-15, 0.4600, 0.4700, 0.4500, 0.4700, 240000
2012-11-16, 0.4700, 0.4700, 0.4500, 0.4700, 1707600
2012-11-19, 0.4500, 0.4700, 0.4500, 0.4700, 92300
2012-11-20, 0.4700, 0.4800, 0.4500, 0.4600, 503100
2012-11-21, 0.4700, 0.4700, 0.4600, 0.4700, 16600
2012-11-23, 0.4600, 0.4700, 0.4600, 0.4700, 33300
2012-11-26, 0.4600, 0.4700, 0.4600, 0.4700, 85500
2012-11-27, 0.4600, 0.4800, 0.4600, 0.4800, 39900
2012-11-28, 0.4600, 0.4800, 0.4600, 0.4600, 118000
2012-11-29, 0.4800, 0.4800, 0.4600, 0.4600, 96800
2012-11-30, 0.4600, 0.4800, 0.4600, 0.4800, 184900
2012-12-03, 0.4700, 0.4800, 0.4600, 0.4700, 194100
2012-12-04, 0.4600, 0.5000, 0.4600, 0.4900, 312500
2012-12-05, 0.4900, 0.5700, 0.4900, 0.5500, 7403900
2012-12-06, 0.5500, 0.5800, 0.5400, 0.5400, 218600
2012-12-07, 0.5500, 0.5700, 0.5500, 0.5600, 393900
2012-12-10, 0.5800, 0.6500, 0.5700, 0.6000, 368400
2012-12-11, 0.5700, 0.6500, 0.5700, 0.6300, 255000
2012-12-12, 0.6100, 0.6400, 0.6000, 0.6100, 621500
2012-12-13, 0.6100, 0.6500, 0.6100, 0.6300, 201200
2012-12-14, 0.6400, 0.6500, 0.6200, 0.6500, 184600
2012-12-17, 0.6400, 0.7000, 0.6400, 0.6900, 510200
2012-12-18, 0.7000, 0.7000, 0.6300, 0.6900, 1619800
2012-12-19, 0.6900, 0.7000, 0.6700, 0.6900, 114000
2012-12-20, 0.6900, 0.7000, 0.6700, 0.6900, 194400
2012-12-21, 0.6700, 0.7000, 0.6700, 0.6800, 148800
2012-12-24, 0.6800, 0.6900, 0.6800, 0.6800, 116200
2012-12-26, 0.6900, 0.8000, 0.6900, 0.7900, 817100
2012-12-27, 0.7900, 0.8600, 0.7400, 0.8300, 892500
2012-12-28, 0.8300, 0.8800, 0.8000, 0.8800, 1024300
2012-12-31, 0.8900, 0.8900, 0.8300, 0.8400, 1832900
2013-01-02, 0.8500, 0.8600, 0.7900, 0.8100, 776400
2013-01-03, 0.8000, 0.8200, 0.7900, 0.8000, 260200
2013-01-04, 0.7900, 0.8300, 0.7900, 0.7900, 96500
2013-01-07, 0.7900, 0.8000, 0.7500, 0.7800, 1394100
2013-01-08, 0.7900, 0.7900, 0.6500, 0.7000, 249600
2013-01-09, 0.6500, 0.7000, 0.6500, 0.6700, 430800
2013-01-10, 0.7000, 0.7200, 0.6700, 0.7200, 94500
2013-01-11, 0.7200, 0.7900, 0.7200, 0.7800, 308300
2013-01-14, 0.7000, 0.7800, 0.7000, 0.7500, 367300
2013-01-15, 0.7500, 0.8000, 0.7500, 0.8000, 760000
2013-01-16, 0.7500, 0.8300, 0.7500, 0.8000, 397800
2013-01-17, 0.7800, 0.8300, 0.7800, 0.8100, 261400
2013-01-18, 0.7800, 0.8400, 0.7800, 0.8300, 1060400
2013-01-22, 0.8000, 0.8600, 0.7900, 0.8000, 477200
2013-01-23, 0.8500, 0.8500, 0.8100, 0.8400, 220400
2013-01-24, 0.8000, 0.8600, 0.7900, 0.8300, 88700
2013-01-25, 0.8000, 0.8300, 0.7900, 0.8300, 51300
2013-01-28, 0.8000, 0.8300, 0.7800, 0.8300, 160500
2013-01-29, 0.8100, 0.8100, 0.7700, 0.7700, 167200
2013-01-30, 0.6000, 0.8100, 0.6000, 0.7800, 76500
2013-01-31, 0.6700, 0.8000, 0.6700, 0.7900, 62600
2013-02-01, 0.7400, 0.7800, 0.7100, 0.7500, 124500
2013-02-04, 0.7600, 0.7800, 0.7100, 0.7500, 57600
2013-02-05, 0.7000, 0.7600, 0.7000, 0.7500, 113100
2013-02-06, 0.7500, 0.7800, 0.7300, 0.7800, 209200
2013-02-07, 0.7800, 0.8200, 0.7500, 0.8200, 69400
2013-02-08, 0.7500, 0.8100, 0.7500, 0.7800, 152800
2013-02-11, 0.7600, 0.8100, 0.7500, 0.7600, 118300
2013-02-12, 0.7800, 0.7900, 0.7500, 0.7700, 68100
2013-02-13, 0.7500, 0.7900, 0.7500, 0.7500, 67200
2013-02-14, 0.7400, 0.7900, 0.7000, 0.7400, 117000
2013-02-15, 0.7000, 0.8000, 0.7000, 0.7900, 134100
2013-02-19, 0.7700, 0.8000, 0.7500, 0.8000, 194700
2013-02-20, 0.7600, 0.8100, 0.7600, 0.7800, 166800
2013-02-21, 0.7600, 0.8100, 0.7600, 0.7800, 170300
2013-02-22, 0.7800, 0.8100, 0.7700, 0.7700, 144900
2013-02-25, 0.7700, 0.8000, 0.7500, 0.7600, 215000
2013-02-26, 0.7800, 0.7900, 0.7600, 0.7800, 199900
2013-02-27, 0.7600, 0.7800, 0.7600, 0.7700, 68000
2013-02-28, 0.7800, 0.7800, 0.7600, 0.7800, 60400
2013-03-01, 0.7600, 0.7900, 0.7600, 0.7600, 69200
2013-03-04, 0.7600, 0.7900, 0.7500, 0.7600, 149400
2013-03-05, 0.7700, 0.7800, 0.7100, 0.7200, 205400
2013-03-06, 0.7500, 0.7500, 0.7000, 0.7500, 97300
2013-03-07, 0.7600, 0.7600, 0.7100, 0.7300, 34700
2013-03-08, 0.7400, 0.7500, 0.7300, 0.7400, 80300
2013-03-11, 0.7500, 0.7500, 0.7000, 0.7300, 98000
2013-03-12, 0.7200, 0.7500, 0.7000, 0.7000, 109000
2013-03-13, 0.7100, 0.7400, 0.7000, 0.7000, 165600
2013-03-14, 0.7000, 0.7300, 0.7000, 0.7300, 180700
2013-03-15, 0.7300, 0.7500, 0.7300, 0.7300, 184800
2013-03-18, 0.7600, 0.7600, 0.7000, 0.7300, 118400
2013-03-19, 0.7100, 0.7600, 0.7000, 0.7600, 528600
2013-03-20, 0.8000, 0.8000, 0.7200, 0.7300, 183800
2013-03-21, 0.7200, 0.7900, 0.7200, 0.7200, 313200
2013-03-22, 0.7500, 0.7500, 0.7200, 0.7200, 36400
2013-03-25, 0.7200, 0.7400, 0.7000, 0.7000, 153000
2013-03-26, 0.7100, 0.7200, 0.7000, 0.7100, 144200
2013-03-27, 0.7000, 0.7200, 0.6800, 0.6900, 127700
2013-03-28, 0.6600, 0.7500, 0.6500, 0.7000, 61200
2013-04-01, 0.6700, 0.7000, 0.6600, 0.7000, 165700
2013-04-02, 0.6800, 0.7000, 0.6800, 0.6900, 52200
2013-04-03, 0.6900, 0.6900, 0.6500, 0.6700, 163900
2013-04-04, 0.6100, 0.6700, 0.6100, 0.6400, 671100
2013-04-05, 0.6400, 0.6500, 0.6100, 0.6400, 350600
2013-04-08, 0.6400, 0.6700, 0.6400, 0.6500, 116300
2013-04-09, 0.6600, 0.6600, 0.6000, 0.6400, 193600
2013-04-10, 0.6500, 0.6500, 0.6100, 0.6200, 261800
2013-04-11, 0.6200, 0.6400, 0.6000, 0.6300, 196500
2013-04-12, 0.6200, 0.6500, 0.6200, 0.6300, 117300
2013-04-15, 0.6200, 0.6700, 0.6200, 0.6300, 400100
2013-04-16, 0.6200, 0.6500, 0.6000, 0.6300, 391300
2013-04-17, 0.6300, 0.6300, 0.6100, 0.6200, 50000
2013-04-18, 0.6200, 0.6200, 0.6100, 0.6100, 212800
2013-04-19, 0.6100, 0.6300, 0.6000, 0.6100, 187100
2013-04-22, 0.5900, 0.6300, 0.5900, 0.6100, 319000
2013-04-23, 0.6000, 0.6200, 0.6000, 0.6100, 782400
2013-04-24, 0.6000, 0.6200, 0.6000, 0.6000, 669100
2013-04-25, 0.6000, 0.6100, 0.6000, 0.6000, 398100
2013-04-26, 0.6100, 0.6100, 0.6000, 0.6000, 227700
2013-04-29, 0.5900, 0.6100, 0.5900, 0.5900, 203900
2013-04-30, 0.6000, 0.6100, 0.6000, 0.6000, 219800
2013-05-01, 0.6000, 0.6100, 0.5900, 0.6000, 221100
2013-05-02, 0.6000, 0.6100, 0.5900, 0.6000, 404100
2013-05-03, 0.6000, 0.6000, 0.6000, 0.6000, 449300
2013-05-06, 0.6100, 0.6100, 0.5900, 0.5900, 389700
2013-05-07, 0.6000, 0.6000, 0.5900, 0.5900, 155500
2013-05-08, 0.6100, 0.6100, 0.6000, 0.6000, 146000
2013-05-09, 0.6000, 0.6000, 0.5900, 0.6000, 160800
2013-05-10, 0.5900, 0.6100, 0.5900, 0.6000, 463100
2013-05-13, 0.5900, 0.6700, 0.5900, 0.6700, 309400
2013-05-14, 0.6700, 0.7300, 0.6100, 0.6600, 1796800
2013-05-15, 0.6500, 0.7200, 0.6500, 0.7200, 872300
2013-05-16, 0.6600, 0.7200, 0.6400, 0.7200, 2307100
2013-05-17, 0.6500, 0.8000, 0.6500, 0.7900, 7221700
2013-05-20, 0.8200, 0.8600, 0.8000, 0.8200, 765000
2013-05-21, 0.8800, 0.8900, 0.8000, 0.8900, 2318000
2013-05-22, 0.8500, 0.8700, 0.8400, 0.8600, 1560300
2013-05-23, 0.8500, 0.8900, 0.8400, 0.8800, 1137800
2013-05-24, 0.9000, 0.9000, 0.8800, 0.9000, 1999400
2013-05-28, 0.9000, 0.9900, 0.8800, 0.9500, 1317100
2013-05-29, 0.9600, 1.0100, 0.9200, 0.9500, 1007000
2013-05-30, 0.9300, 1.0000, 0.8500, 0.8900, 543500
2013-05-31, 0.8500, 0.8900, 0.8300, 0.8800, 105900
2013-06-03, 0.8700, 0.8700, 0.8000, 0.8600, 259700
2013-06-04, 0.8600, 0.8600, 0.8000, 0.8600, 182500
2013-06-05, 0.8600, 0.8600, 0.7600, 0.7700, 245200
2013-06-06, 0.7500, 0.8400, 0.7500, 0.8000, 257700
2013-06-07, 0.7900, 0.8400, 0.7600, 0.8000, 267800
2013-06-10, 0.8400, 0.8400, 0.7800, 0.8000, 23300
2013-06-11, 0.7900, 0.8400, 0.7900, 0.8400, 118100
2013-06-12, 0.8400, 0.8400, 0.7900, 0.8400, 54600
2013-06-13, 0.7700, 0.8300, 0.7700, 0.8100, 81000
2013-06-14, 0.8000, 0.8000, 0.7800, 0.8000, 46000
2013-06-17, 0.7500, 0.8500, 0.7500, 0.8300, 202800
2013-06-18, 0.7900, 0.8800, 0.7900, 0.8700, 249200
2013-06-19, 0.8000, 0.8800, 0.8000, 0.8600, 182900
2013-06-20, 0.8300, 0.8800, 0.8300, 0.8700, 517000
2013-06-21, 0.8800, 0.8800, 0.8400, 0.8700, 137400
2013-06-24, 0.8500, 0.8500, 0.8100, 0.8500, 152100
2013-06-25, 0.8200, 0.8700, 0.8200, 0.8500, 108500
2013-06-26, 0.8500, 0.8500, 0.7900, 0.8000, 274600
2013-06-27, 0.7900, 0.8000, 0.7700, 0.8000, 174000
2013-06-28, 0.7700, 0.8600, 0.7700, 0.8000, 77000
2013-07-01, 0.7800, 0.8400, 0.7800, 0.8100, 185400
2013-07-02, 0.8000, 0.8400, 0.8000, 0.8000, 309200
2013-07-03, 0.8400, 0.8400, 0.7800, 0.8300, 214000
2013-07-05, 0.8400, 0.8400, 0.7800, 0.8100, 156000
2013-07-08, 0.8000, 0.8300, 0.8000, 0.8200, 298000
2013-07-09, 0.7600, 0.8300, 0.7600, 0.8300, 131900
2013-07-10, 0.8000, 0.8300, 0.7900, 0.8000, 97000
2013-07-11, 0.8000, 0.8400, 0.8000, 0.8400, 139600
2013-07-12, 0.8400, 0.8400, 0.8100, 0.8400, 210000
2013-07-15, 0.8100, 0.8700, 0.8100, 0.8400, 500200
2013-07-16, 0.8800, 0.8900, 0.8400, 0.8800, 176000
2013-07-17, 1.0000, 1.0000, 0.8600, 0.8800, 114300
2013-07-18, 0.8200, 0.8900, 0.8200, 0.8800, 199800
2013-07-19, 0.8600, 0.8900, 0.8600, 0.8600, 192700
2013-07-22, 0.8600, 0.8600, 0.8300, 0.8400, 45000
2013-07-23, 0.8100, 0.8800, 0.8100, 0.8500, 139500
2013-07-24, 0.8400, 0.8600, 0.8300, 0.8600, 81800
2013-07-25, 0.8600, 0.8900, 0.8300, 0.8600, 852500
2013-07-26, 0.8600, 0.9000, 0.8600, 0.8900, 178100
2013-07-29, 0.8900, 0.8900, 0.8500, 0.8700, 85600
2013-07-30, 0.8500, 0.9000, 0.8400, 0.9000, 174800
2013-07-31, 0.8500, 0.9100, 0.8500, 0.9000, 506400
2013-08-01, 0.9000, 0.9800, 0.8900, 0.9500, 1634600
2013-08-02, 1.0000, 1.0000, 0.9400, 0.9700, 468300
2013-08-05, 0.9700, 1.0400, 0.9700, 1.0400, 1150100
2013-08-06, 1.0500, 1.0500, 0.9900, 1.0400, 655800
2013-08-07, 1.0400, 1.0500, 1.0000, 1.0500, 145900
2013-08-08, 1.0200, 1.0500, 0.9900, 1.0500, 206800
2013-08-09, 1.0000, 1.0800, 1.0000, 1.0400, 263100
2013-08-12, 1.0400, 1.0400, 1.0000, 1.0200, 283600
2013-08-13, 1.0000, 1.0300, 1.0000, 1.0200, 236000
2013-08-14, 1.0000, 1.0400, 0.9900, 1.0100, 1492700
2013-08-15, 1.0100, 1.0400, 1.0100, 1.0200, 1694400
2013-08-16, 1.0500, 1.0500, 1.0100, 1.0400, 461200
2013-08-19, 1.0200, 1.0300, 1.0100, 1.0200, 708000
2013-08-20, 1.0200, 1.0400, 1.0100, 1.0200, 661400
2013-08-21, 1.0300, 1.0300, 1.0200, 1.0200, 244100
2013-08-22, 1.0200, 1.0300, 1.0200, 1.0300, 207400
2013-08-23, 1.0200, 1.0300, 1.0200, 1.0200, 318400
2013-08-26, 1.0000, 1.0300, 1.0000, 1.0200, 216400
2013-08-27, 1.0200, 1.0300, 1.0100, 1.0300, 372800
2013-08-28, 1.0200, 1.0300, 1.0100, 1.0200, 98600
2013-08-29, 1.0200, 1.0400, 1.0200, 1.0300, 115000
2013-08-30, 1.0200, 1.0500, 1.0200, 1.0200, 251700
2013-09-03, 1.0200, 1.0300, 1.0200, 1.0300, 530100
2013-09-04, 1.0100, 1.0500, 1.0100, 1.0200, 265300
2013-09-05, 1.0200, 1.0400, 1.0200, 1.0200, 40500
2013-09-06, 1.0200, 1.0500, 1.0100, 1.0400, 532800
2013-09-09, 1.0300, 1.0400, 1.0200, 1.0200, 328000
2013-09-10, 1.0300, 1.0400, 1.0200, 1.0300, 444000
2013-09-11, 1.0200, 1.1500, 1.0200, 1.1300, 273600
2013-09-12, 1.1500, 1.2000, 1.1200, 1.1600, 698200
2013-09-13, 1.2500, 1.2500, 1.1600, 1.1900, 544200
2013-09-16, 1.1600, 1.3000, 1.1600, 1.2700, 1057300
2013-09-17, 1.2900, 1.4200, 1.2800, 1.3800, 1871100
2013-09-18, 1.3900, 1.4200, 1.3600, 1.3800, 3467200
2013-09-19, 1.4000, 1.4200, 1.3700, 1.3700, 420700
2013-09-20, 1.3600, 1.4000, 1.0900, 1.2800, 728000
2013-09-23, 1.3800, 1.3800, 1.2200, 1.2800, 112100
2013-09-24, 1.3200, 1.3200, 1.2000, 1.2700, 141100
2013-09-25, 1.3000, 1.3000, 1.2100, 1.2500, 194400
2013-09-26, 1.1000, 1.2500, 1.1000, 1.2400, 226800
2013-09-27, 1.1500, 1.2800, 1.1500, 1.2400, 255200
2013-09-30, 1.2300, 1.2800, 1.1900, 1.2200, 103600
2013-10-01, 1.2000, 1.2800, 1.2000, 1.2400, 129200
2013-10-02, 1.2000, 1.2600, 1.2000, 1.2400, 100700
2013-10-03, 1.2500, 1.2500, 1.2200, 1.2200, 78300
2013-10-04, 1.2200, 1.2400, 1.2100, 1.2200, 118600
2013-10-07, 1.2200, 1.2500, 1.2200, 1.2200, 70600
2013-10-08, 1.2200, 1.2200, 1.2000, 1.2100, 125000
2013-10-09, 1.2400, 1.2400, 1.1600, 1.1900, 305000
2013-10-10, 1.1900, 1.2000, 1.1800, 1.1800, 171700
2013-10-11, 1.2500, 1.2500, 1.1700, 1.1800, 312800
2013-10-14, 1.1800, 1.2200, 1.1700, 1.2200, 650300
2013-10-15, 1.1800, 1.2300, 1.1800, 1.1900, 72000
2013-10-16, 1.2000, 1.2300, 1.0800, 1.1900, 306100
2013-10-17, 1.1100, 1.2000, 1.1100, 1.1900, 229900
2013-10-18, 1.2700, 1.2700, 1.1500, 1.1900, 29100
2013-10-21, 1.2000, 1.2000, 1.1500, 1.1700, 143800
2013-10-22, 1.1700, 1.1900, 1.1400, 1.1600, 91300
2013-10-23, 1.1700, 1.2000, 1.1600, 1.1700, 105800
2013-10-24, 1.1500, 1.2300, 1.1500, 1.1800, 113100
2013-10-25, 1.1800, 1.2000, 1.1400, 1.1800, 56700
2013-10-28, 1.1500, 1.1800, 1.1200, 1.1500, 161900
2013-10-29, 1.1000, 1.1500, 1.1000, 1.1200, 203300
2013-10-30, 1.0900, 1.1400, 1.0500, 1.1100, 175100
2013-10-31, 1.0500, 1.1500, 1.0500, 1.1000, 68600
2013-11-01, 1.0900, 1.1000, 1.0700, 1.0900, 168800
2013-11-04, 1.0500, 1.0900, 1.0000, 1.0400, 214600
2013-11-05, 1.0100, 1.0500, 1.0000, 1.0500, 213600
2013-11-06, 1.0000, 1.0600, 1.0000, 1.0500, 170000
2013-11-07, 1.0100, 1.0300, 1.0100, 1.0100, 45200
2013-11-08, 1.0000, 1.0600, 1.0000, 1.0400, 130900
2013-11-11, 0.9900, 1.1800, 0.9900, 1.1700, 212900
2013-11-12, 1.2000, 1.2000, 1.0500, 1.1700, 123700
2013-11-13, 1.0600, 1.1700, 1.0600, 1.1300, 130600
2013-11-14, 1.1500, 1.1500, 1.1000, 1.1400, 199500
2013-11-15, 1.1000, 1.1800, 1.1000, 1.1800, 36900
2013-11-18, 1.1400, 1.1700, 1.0500, 1.0700, 220500
2013-11-19, 1.0700, 1.1500, 1.0600, 1.1500, 65400
2013-11-20, 1.0700, 1.1600, 1.0700, 1.1400, 54200
2013-11-21, 1.1400, 1.1800, 1.1200, 1.1500, 195500
2013-11-22, 1.1200, 1.1700, 1.1200, 1.1300, 100700
2013-11-25, 1.0500, 1.1400, 1.0500, 1.1400, 55200
2013-11-26, 1.0500, 1.1600, 1.0500, 1.1400, 26200
2013-11-27, 1.0800, 1.1600, 1.0800, 1.1300, 11300
2013-11-29, 1.2000, 1.2000, 1.1300, 1.1500, 42100
2013-12-02, 1.0900, 1.1800, 1.0900, 1.1400, 71400
2013-12-03, 1.0800, 1.1500, 1.0800, 1.1300, 83400
2013-12-04, 1.1000, 1.1300, 1.1000, 1.1200, 103900
2013-12-05, 1.1400, 1.1400, 1.0900, 1.1200, 213500
2013-12-06, 1.0800, 1.1300, 1.0800, 1.1000, 168200
2013-12-09, 1.1000, 1.8100, 1.1000, 1.6500, 11693000
2013-12-10, 1.5500, 1.7300, 1.5500, 1.6800, 2143200
2013-12-11, 1.6500, 1.8000, 1.6000, 1.7600, 1597500
2013-12-12, 1.7500, 2.1300, 1.7000, 2.0600, 7709200
2013-12-13, 2.2400, 2.2400, 2.0200, 2.1300, 2392000
2013-12-16, 2.2500, 2.2800, 1.7000, 2.2800, 1767700
2013-12-17, 2.3000, 2.6000, 2.2900, 2.5000, 2943400
2013-12-18, 2.3800, 2.8000, 2.3800, 2.6700, 2795700
2013-12-19, 2.8500, 2.8500, 2.5200, 2.6600, 1503800
2013-12-20, 2.6400, 2.7000, 2.3000, 2.5200, 2108600
2013-12-23, 2.4000, 2.5000, 2.3900, 2.5000, 605200
2013-12-24, 2.4600, 2.6000, 2.4200, 2.5600, 199100
2013-12-26, 2.6000, 2.7200, 2.6000, 2.6800, 513300
2013-12-27, 2.6800, 2.8400, 2.6800, 2.7100, 303200
2013-12-30, 2.7400, 2.8200, 2.7300, 2.7700, 374700
2013-12-31, 2.7700, 2.8400, 2.7700, 2.8200, 442700
2014-01-02, 2.9000, 2.9400, 2.8500, 2.8700, 863000
2014-01-03, 2.9600, 2.9600, 2.8700, 2.9400, 484100
2014-01-06, 2.9500, 3.0000, 2.7000, 2.7500, 898900
2014-01-07, 2.7400, 2.7500, 2.6000, 2.6900, 573500
2014-01-08, 2.6900, 2.7000, 2.6200, 2.6800, 363000
2014-01-09, 2.7000, 2.7300, 2.6400, 2.6800, 587300
2014-01-10, 2.6000, 2.7400, 2.6000, 2.7000, 221700
2014-01-13, 2.6600, 2.7000, 2.5100, 2.6500, 429300
2014-01-14, 2.7000, 2.7000, 2.6000, 2.6400, 192300
2014-01-15, 2.6700, 2.6700, 2.5500, 2.5900, 161400
2014-01-16, 2.6000, 2.6000, 2.3100, 2.4200, 2142600
2014-01-17, 2.4300, 2.4900, 2.4100, 2.4100, 455800
2014-01-21, 2.3700, 2.5000, 2.3700, 2.4400, 447100
2014-01-22, 2.4500, 2.4600, 2.4200, 2.4400, 528300
2014-01-23, 2.4500, 2.4900, 2.3800, 2.4400, 123800
2014-01-24, 2.4800, 2.5000, 2.3500, 2.4600, 1064100
2014-01-27, 2.4000, 2.5600, 2.4000, 2.4900, 890900
2014-01-28, 2.5500, 2.5500, 2.4700, 2.4800, 320200
2014-01-29, 2.3900, 2.5000, 2.3900, 2.4900, 212100
2014-01-30, 2.6000, 2.6000, 2.4500, 2.5000, 238100
2014-01-31, 2.5900, 2.8800, 2.5500, 2.5500, 2411200
2014-02-03, 2.6500, 2.6500, 2.5200, 2.5600, 231700
2014-02-04, 2.6000, 2.6000, 2.5000, 2.5100, 228800
2014-02-05, 2.5500, 2.5500, 2.3500, 2.4300, 409000
2014-02-06, 2.4000, 2.4600, 2.3800, 2.4200, 287500
2014-02-07, 2.3500, 2.4600, 2.3500, 2.4000, 191300
2014-02-10, 2.3200, 2.5500, 2.3200, 2.5300, 818300
2014-02-11, 2.6000, 2.7500, 2.5500, 2.7000, 1300500
2014-02-12, 2.7500, 2.7500, 2.6500, 2.7100, 186600
2014-02-13, 2.7300, 2.7800, 2.6700, 2.7100, 625300
2014-02-14, 2.7100, 2.7900, 2.6900, 2.7000, 675400
2014-02-18, 2.7000, 2.7500, 2.6500, 2.6900, 188000
2014-02-19, 2.7200, 2.7400, 2.6700, 2.6800, 311900
2014-02-20, 2.7000, 2.7100, 2.6500, 2.7000, 374000
2014-02-21, 2.7200, 2.7200, 2.6500, 2.7000, 145900
2014-02-24, 2.6700, 2.7200, 2.6700, 2.7000, 152100
2014-02-25, 2.6800, 2.7200, 2.6700, 2.7100, 243400
2014-02-26, 2.6800, 2.8000, 2.6800, 2.7000, 855800
2014-02-27, 2.6800, 2.7500, 2.6800, 2.7000, 374300
2014-02-28, 2.7000, 2.7900, 2.6900, 2.7400, 309400
2014-03-03, 2.7100, 2.8000, 2.7100, 2.7500, 411000
2014-03-04, 2.7500, 2.9200, 2.7500, 2.8400, 4114300
2014-03-05, 2.9000, 3.1500, 2.9000, 3.0400, 2632000
2014-03-06, 3.0400, 3.2900, 3.0400, 3.2100, 2831000
2014-03-07, 3.2200, 3.3400, 3.1500, 3.3000, 1188300
2014-03-10, 3.3000, 3.4900, 3.2700, 3.4900, 641300
2014-03-11, 3.5600, 3.7400, 3.0000, 3.3100, 1517800
2014-03-12, 3.5000, 3.5000, 3.2000, 3.3000, 536100
2014-03-13, 3.3500, 3.3500, 3.1800, 3.1800, 548300
2014-03-14, 3.2000, 3.3500, 3.0800, 3.3500, 451200
2014-03-17, 3.4800, 3.5100, 3.4000, 3.4300, 340700
2014-03-18, 3.5000, 3.5500, 3.4100, 3.4500, 616200
2014-03-19, 3.5500, 3.5500, 3.2600, 3.4000, 321900
2014-03-20, 3.4500, 3.4500, 3.3300, 3.3600, 175200
2014-03-21, 3.3500, 3.3600, 3.1500, 3.2500, 436600
2014-03-24, 3.1600, 3.3300, 3.1500, 3.2500, 501900
2014-03-25, 3.1800, 3.3000, 3.1800, 3.2400, 159200
2014-03-26, 3.2700, 3.3000, 3.1800, 3.1900, 246800
2014-03-27, 3.2300, 3.2500, 3.1700, 3.2000, 115100
2014-03-28, 3.2400, 3.2600, 3.1700, 3.2500, 168600
2014-03-31, 3.2500, 3.2600, 3.1900, 3.2500, 273600
2014-04-01, 3.2600, 3.2700, 3.1800, 3.2300, 87700
2014-04-02, 3.2500, 3.5000, 3.2000, 3.3800, 290700
2014-04-03, 3.4100, 3.4700, 3.3000, 3.3800, 136400
2014-04-04, 3.4000, 3.4500, 3.2900, 3.2900, 112100
2014-04-07, 3.2600, 3.4500, 3.2300, 3.3000, 234200
2014-04-08, 3.2500, 3.3500, 3.2500, 3.3000, 153800
2014-04-09, 3.2600, 3.3300, 3.2500, 3.2900, 130100
2014-04-10, 3.2500, 3.2800, 3.2100, 3.2800, 260900
2014-04-11, 3.2100, 3.2600, 3.2000, 3.2500, 298200
2014-04-14, 3.2100, 3.2200, 3.1100, 3.1500, 285100
2014-04-15, 3.1500, 3.2000, 2.9900, 3.0200, 408700
2014-04-16, 3.0100, 3.1700, 3.0100, 3.1200, 148700
2014-04-17, 3.1500, 3.2000, 3.0500, 3.1000, 149900
2014-04-21, 3.0500, 3.1500, 3.0100, 3.0900, 271100
2014-04-22, 3.0700, 3.1500, 3.0500, 3.1500, 105200
2014-04-23, 3.0000, 3.1600, 3.0000, 3.1500, 52700
2014-04-24, 3.0800, 3.1800, 3.0800, 3.1100, 100400
2014-04-25, 3.0800, 3.1000, 3.0400, 3.0700, 185000
2014-04-28, 3.0200, 3.0700, 3.0200, 3.0600, 200600
2014-04-29, 3.0100, 3.1200, 3.0000, 3.0400, 246700
2014-04-30, 3.1000, 3.1000, 2.7400, 3.0000, 1250000
2014-05-01, 3.0000, 3.0200, 2.8000, 2.9500, 125500
2014-05-02, 2.8000, 2.9900, 2.8000, 2.9200, 115500
2014-05-05, 2.8000, 2.9800, 2.8000, 2.9300, 310900
2014-05-06, 2.8500, 2.9300, 2.7700, 2.8000, 113400
2014-05-07, 2.7500, 2.8000, 2.6000, 2.7500, 402400
2014-05-08, 2.7000, 2.7400, 2.7000, 2.7300, 160600
2014-05-09, 2.7000, 2.7500, 2.7000, 2.7300, 175400
2014-05-12, 2.7400, 2.7400, 2.6500, 2.6800, 238800
2014-05-13, 2.6600, 2.6800, 2.6200, 2.6800, 356500
2014-05-14, 2.6800, 2.6800, 2.6000, 2.6800, 348400
2014-05-15, 2.6500, 2.6800, 2.6200, 2.6700, 193700
2014-05-16, 2.6700, 2.6800, 2.5500, 2.6000, 312700
2014-05-19, 2.6800, 2.7000, 2.5200, 2.5600, 279800
2014-05-20, 2.5500, 2.6200, 2.5500, 2.5800, 103000
2014-05-21, 2.5000, 2.7000, 2.5000, 2.6800, 125000
2014-05-22, 2.6800, 2.8500, 2.6500, 2.8500, 190400
2014-05-23, 2.8700, 2.9500, 2.8000, 2.9100, 132000
2014-05-27, 2.9100, 3.1000, 2.8700, 2.9100, 227300
2014-05-28, 2.8800, 2.9800, 2.8600, 2.9000, 50500
2014-05-29, 2.9000, 2.9600, 2.8800, 2.9400, 19700
2014-05-30, 2.9000, 2.9800, 2.8500, 2.9400, 59000
2014-06-02, 2.8000, 2.9200, 2.8000, 2.9000, 63200
2014-06-03, 2.8500, 2.9000, 2.8500, 2.8900, 86800
2014-06-04, 2.8000, 2.8900, 2.7800, 2.7900, 173100
2014-06-05, 2.8000, 2.8000, 2.6100, 2.7600, 280200
2014-06-06, 2.6000, 2.8700, 2.6000, 2.8200, 148100
2014-06-09, 2.6900, 2.8000, 2.6000, 2.8000, 144300
2014-06-10, 2.6900, 2.8200, 2.6900, 2.7500, 97500
2014-06-11, 2.6900, 2.8900, 2.6900, 2.8400, 261600
2014-06-12, 2.7500, 3.0600, 2.7500, 3.0600, 335000
2014-06-13, 3.0100, 3.0900, 2.9900, 2.9900, 131500
2014-06-16, 3.0000, 3.0600, 2.9500, 2.9800, 161200
2014-06-17, 2.9800, 3.0500, 2.7600, 2.8900, 114700
2014-06-18, 2.9200, 2.9300, 2.8200, 2.9000, 106000
2014-06-19, 2.8700, 2.9100, 2.8200, 2.8300, 115300
2014-06-20, 2.8200, 2.8500, 2.7500, 2.8000, 229400
2014-06-23, 2.8000, 2.8500, 2.7500, 2.7700, 235500
2014-06-24, 2.7700, 2.8000, 2.7500, 2.8000, 77200
2014-06-25, 2.7600, 2.8000, 2.7500, 2.8000, 101100
2014-06-26, 2.7500, 2.8000, 2.7500, 2.7500, 156700
2014-06-27, 2.7000, 2.8200, 2.7000, 2.8200, 100000
2014-06-30, 2.7500, 2.8700, 2.7500, 2.8300, 68900
2014-07-01, 2.7200, 2.9500, 2.7200, 2.8800, 134000
2014-07-02, 2.7500, 2.9500, 2.7500, 2.9100, 85000
2014-07-03, 2.8200, 2.9400, 2.8100, 2.9200, 61500
2014-07-07, 2.8400, 2.8900, 2.7900, 2.8100, 94000
2014-07-08, 2.8700, 2.8700, 2.7900, 2.7900, 87500
2014-07-09, 2.7700, 2.8000, 2.7500, 2.7800, 34600
2014-07-10, 2.7500, 2.8000, 2.7400, 2.7700, 61000
2014-07-11, 2.7000, 2.8000, 2.7000, 2.8000, 117500
2014-07-14, 2.8000, 2.8000, 2.7500, 2.8000, 157800
2014-07-15, 2.7700, 2.9000, 2.7700, 2.8200, 69400
2014-07-16, 2.8000, 2.9000, 2.8000, 2.9000, 214100
2014-07-17, 2.9000, 2.9000, 2.8000, 2.8200, 24800
2014-07-18, 2.8100, 2.8500, 2.7400, 2.8000, 166000
2014-07-21, 2.8000, 2.8500, 2.7500, 2.7700, 132200
2014-07-22, 2.7500, 2.8500, 2.7500, 2.7800, 53300
2014-07-23, 2.7500, 2.7800, 2.7500, 2.7600, 221600
2014-07-24, 2.7500, 2.8100, 2.7500, 2.7700, 109800
2014-07-25, 2.7000, 2.8500, 2.7000, 2.7500, 87900
2014-07-28, 2.7500, 2.7600, 2.7500, 2.7500, 93800
2014-07-29, 2.7500, 2.7600, 2.7500, 2.7500, 275800
2014-07-30, 2.7500, 2.7600, 2.7500, 2.7500, 69300
2014-07-31, 2.7500, 2.7600, 2.7000, 2.7200, 141300
2014-08-01, 2.7200, 2.7500, 2.7000, 2.7000, 123100
2014-08-04, 2.6800, 2.7000, 2.6200, 2.7000, 166100
2014-08-05, 2.6500, 2.7000, 2.6500, 2.6900, 80000
2014-08-06, 2.6900, 2.7000, 2.6800, 2.6900, 146700
2014-08-07, 2.7000, 2.7200, 2.6000, 2.6900, 98300
2014-08-08, 2.6700, 2.7100, 2.6700, 2.7100, 50800
2014-08-11, 2.6900, 2.7200, 2.6900, 2.7200, 104000
2014-08-12, 2.7100, 2.7200, 2.6800, 2.7200, 163700
2014-08-13, 2.6000, 2.7200, 2.6000, 2.7100, 101600
2014-08-14, 2.7000, 2.7200, 2.6500, 2.7200, 183600
2014-08-15, 2.7200, 2.7200, 2.6800, 2.7100, 237100
2014-08-18, 2.7000, 2.7300, 2.7000, 2.7300, 93100
2014-08-19, 2.7300, 2.7800, 2.7000, 2.7100, 85800
2014-08-20, 2.7000, 2.8000, 2.7000, 2.7700, 89500
2014-08-21, 2.7200, 2.8100, 2.7200, 2.7700, 34300
2014-08-22, 2.7700, 2.8400, 2.7600, 2.8400, 93700
2014-08-25, 2.8400, 2.8500, 2.7700, 2.8100, 92800
2014-08-26, 2.7700, 2.8700, 2.7000, 2.7000, 185900
2014-08-27, 2.7800, 2.7800, 2.7000, 2.7500, 81400
2014-08-28, 2.7500, 2.8000, 2.7000, 2.7200, 116400
2014-08-29, 2.6800, 2.7500, 2.6500, 2.7500, 127400
2014-09-02, 2.6500, 2.7700, 2.6500, 2.7500, 88000
2014-09-03, 2.7000, 2.7500, 2.7000, 2.7400, 174100
2014-09-04, 2.6800, 2.7500, 2.6800, 2.7400, 58900
2014-09-05, 2.6500, 2.7300, 2.6500, 2.7000, 128300
2014-09-08, 2.7000, 2.7300, 2.7000, 2.7200, 42700
2014-09-09, 2.6500, 2.7300, 2.6500, 2.7100, 98100
2014-09-10, 2.6500, 2.7300, 2.6500, 2.6900, 105800
2014-09-11, 2.6800, 2.7300, 2.6500, 2.6500, 314600
2014-09-12, 2.6400, 2.7200, 2.6400, 2.6800, 49100
2014-09-15, 2.6600, 2.7000, 2.6300, 2.6800, 472400
2014-09-16, 2.6500, 2.6800, 2.6300, 2.6500, 417100
2014-09-17, 2.6500, 2.6700, 2.6000, 2.6400, 231200
2014-09-18, 2.6400, 2.6400, 2.6000, 2.6200, 150200
2014-09-19, 2.6000, 2.6100, 2.5300, 2.5700, 289700
2014-09-22, 2.5200, 2.5700, 2.4200, 2.5400, 169700
2014-09-23, 2.5000, 2.5500, 2.3900, 2.4300, 376000
2014-09-24, 2.4000, 2.4300, 2.2500, 2.3200, 562800
2014-09-25, 2.3100, 2.3500, 2.3100, 2.3500, 236900
2014-09-26, 2.3500, 2.7500, 2.3500, 2.6900, 233100
2014-09-29, 2.6000, 2.6900, 2.5500, 2.6900, 66300
2014-09-30, 2.6000, 2.7000, 2.5500, 2.6700, 121000
2014-10-01, 2.5600, 2.6600, 2.4000, 2.4500, 383900
2014-10-02, 2.3000, 2.6500, 2.3000, 2.4600, 160900
2014-10-03, 2.4500, 2.5500, 2.4200, 2.5000, 80600
2014-10-06, 2.5000, 2.5000, 2.4100, 2.4200, 45000
2014-10-07, 2.3200, 2.4800, 2.3200, 2.3700, 163500
2014-10-08, 2.3200, 2.3600, 2.3000, 2.3500, 159700
2014-10-09, 2.2900, 3.3100, 2.2900, 2.3000, 217200
2014-10-10, 2.2600, 2.3000, 2.1300, 2.1700, 271800
2014-10-13, 2.1400, 2.2300, 2.0000, 2.0500, 666600
2014-10-14, 2.0100, 2.2000, 2.0000, 2.0900, 207600
2014-10-15, 2.1000, 2.1500, 2.0700, 2.0800, 213200
2014-10-16, 2.0500, 2.1800, 2.0500, 2.0800, 126600
2014-10-17, 2.1100, 2.3900, 2.1100, 2.3900, 82800
2014-10-20, 2.3500, 2.4100, 2.2000, 2.2100, 129000
2014-10-21, 2.2000, 2.2500, 2.0600, 2.2000, 89000
2014-10-22, 2.1600, 2.2500, 2.1600, 2.1600, 46800
2014-10-23, 2.1600, 2.2500, 2.1600, 2.2300, 86000
2014-10-24, 2.2100, 2.2500, 2.1700, 2.2500, 38900
2014-10-27, 2.2000, 2.3300, 2.2000, 2.2500, 126000
2014-10-28, 2.1000, 2.2500, 2.1000, 2.2100, 129500
2014-10-29, 2.2000, 2.2200, 2.1000, 2.2000, 35100
2014-10-30, 2.1500, 2.2000, 2.1000, 2.1200, 48000
2014-10-31, 1.9500, 2.2000, 1.9500, 2.1500, 42000
2014-11-03, 2.1500, 2.1500, 2.0000, 2.0300, 281900
2014-11-04, 2.0100, 2.0600, 1.9500, 2.0000, 4295400
2014-11-05, 2.0100, 2.1500, 2.0000, 2.1200, 230800
2014-11-06, 2.1200, 2.1500, 2.0600, 2.0800, 92100
2014-11-07, 2.0000, 2.0500, 2.0000, 2.0400, 85000
2014-11-10, 2.0100, 2.0500, 1.9500, 2.0000, 247500
2014-11-11, 1.9500, 2.0000, 1.9500, 2.0000, 33200
2014-11-12, 1.9900, 1.9900, 1.9500, 1.9800, 306800
2014-11-13, 1.9500, 1.9800, 1.7800, 1.9000, 567400
2014-11-14, 1.8500, 1.8500, 1.7900, 1.8300, 256600
2014-11-17, 1.7500, 1.8400, 1.6200, 1.7500, 229300
2014-11-18, 1.7100, 1.7900, 1.7100, 1.7500, 167700
2014-11-19, 1.7200, 1.8000, 1.7200, 1.7800, 90700
2014-11-20, 1.7200, 1.7800, 1.7000, 1.7500, 396300
2014-11-21, 1.7500, 1.8000, 1.7000, 1.7400, 87300
2014-11-24, 1.7000, 1.8400, 1.7000, 1.8200, 92000
2014-11-25, 1.8000, 1.8500, 1.7800, 1.8500, 136700
2014-11-26, 1.8300, 2.0000, 1.8000, 2.0000, 225800
2014-11-28, 2.0100, 2.0500, 1.9000, 2.0000, 136000
2014-12-01, 1.9300, 2.2900, 1.9300, 2.2000, 627800
2014-12-02, 2.2500, 2.3000, 2.0000, 2.0000, 404600
2014-12-03, 2.3000, 2.3000, 2.0400, 2.0800, 50700
2014-12-04, 2.0400, 2.1500, 2.0400, 2.0400, 73100
2014-12-05, 2.0400, 2.1000, 2.0200, 2.0300, 103400
2014-12-08, 2.0000, 2.0500, 2.0000, 2.0500, 82900
2014-12-09, 2.0500, 2.0500, 2.0000, 2.0100, 52900
2014-12-10, 2.0000, 2.0400, 2.0000, 2.0000, 88100
2014-12-11, 1.9800, 2.0300, 1.9800, 2.0100, 131400
2014-12-12, 2.0000, 2.0500, 2.0000, 2.0200, 123500
2014-12-15, 2.0000, 2.0200, 1.9000, 1.9500, 204100
2014-12-16, 1.8000, 1.9500, 1.8000, 1.9000, 51100
2014-12-17, 1.9000, 1.9000, 1.8000, 1.8300, 109400
2014-12-18, 1.8000, 1.9500, 1.8000, 1.8200, 114300
2014-12-19, 1.8800, 1.8800, 1.8100, 1.8800, 126000
2014-12-22, 2.2200, 2.7000, 2.1000, 2.3400, 1910900
2014-12-23, 2.3100, 2.4000, 2.0500, 2.1400, 1388200
2014-12-24, 2.1900, 2.1900, 2.1000, 2.1400, 1167800
2014-12-26, 2.1500, 2.1700, 2.1000, 2.1000, 269900
2014-12-29, 2.1000, 2.1800, 2.0600, 2.1000, 488000
2014-12-30, 2.1200, 2.1500, 2.0700, 2.1100, 567200
2014-12-31, 2.0200, 2.1100, 2.0000, 2.0500, 1611900
2015-01-02, 2.1500, 2.2500, 2.1000, 2.2000, 1638600
2015-01-05, 2.2000, 2.4000, 2.1500, 2.2000, 671100
2015-01-06, 2.2000, 2.2000, 2.1500, 2.1800, 724700
2015-01-07, 2.1600, 2.1900, 2.1100, 2.1900, 1422300
2015-01-08, 2.1300, 2.1900, 2.1300, 2.1800, 1530000
2015-01-09, 2.2000, 2.2000, 2.1700, 2.1900, 394200
2015-01-12, 2.2400, 2.2500, 2.1800, 2.1900, 836400
2015-01-13, 2.1900, 2.2100, 2.1800, 2.1800, 307500
2015-01-14, 2.1900, 2.2100, 2.1800, 2.2000, 689400
2015-01-15, 2.1900, 2.1900, 2.1400, 2.1800, 234500
2015-01-16, 2.1200, 2.2000, 2.1200, 2.1800, 68200
2015-01-20, 2.1000, 2.2000, 2.1000, 2.1900, 209900
2015-01-21, 2.2000, 2.2000, 2.1500, 2.1800, 79400
2015-01-22, 2.1500, 2.1800, 2.1400, 2.1800, 161400
2015-01-23, 2.1900, 2.2000, 2.1500, 2.2000, 617100
2015-01-26, 2.2000, 2.2000, 2.1100, 2.1500, 178100
2015-01-27, 2.1100, 2.1600, 2.1000, 2.1600, 225500
2015-01-28, 2.1500, 2.2000, 2.1500, 2.1800, 323200
2015-01-29, 2.1500, 2.2000, 2.1500, 2.1500, 192600
2015-01-30, 2.1700, 2.1700, 2.1400, 2.1500, 348400
2015-02-02, 2.1200, 2.1800, 2.1200, 2.1500, 162700
2015-02-03, 2.1200, 2.1700, 2.1200, 2.1500, 304600
2015-02-04, 2.1700, 2.1700, 2.1500, 2.1600, 177500
2015-02-05, 2.1600, 2.1700, 2.1500, 2.1500, 145300
2015-02-06, 2.1700, 2.2200, 2.1500, 2.1900, 2716300
2015-02-09, 2.1900, 2.2000, 2.1800, 2.2000, 247700
2015-02-10, 2.1500, 2.2300, 2.1500, 2.2200, 145200
2015-02-11, 2.2300, 2.2300, 2.1800, 2.2000, 424500
2015-02-12, 2.2000, 2.2000, 2.1900, 2.2000, 148000
2015-02-13, 2.2000, 2.2000, 2.1800, 2.2000, 218600
2015-02-17, 2.1900, 2.2000, 2.1500, 2.1700, 126800
2015-02-18, 2.1500, 2.2000, 2.1500, 2.2000, 122600
2015-02-19, 2.1600, 2.2000, 2.1600, 2.1800, 177700
2015-02-20, 2.1800, 2.2000, 2.1600, 2.2000, 61900
2015-02-23, 2.1500, 2.2000, 2.1500, 2.2000, 62500
2015-02-24, 2.1800, 2.2000, 2.1500, 2.2000, 522100
2015-02-25, 2.1500, 2.4100, 2.1500, 2.3200, 493600
2015-02-26, 2.3600, 2.6400, 2.3200, 2.5500, 815400
2015-02-27, 2.5900, 2.6000, 2.5000, 2.5500, 561400
2015-03-02, 2.5500, 2.6000, 2.5400, 2.5500, 371600
2015-03-03, 2.5000, 2.5800, 2.5000, 2.5500, 431000
2015-03-04, 2.5500, 2.5500, 2.5000, 2.5200, 67300
2015-03-05, 2.5400, 2.5400, 2.4000, 2.4800, 96000
2015-03-06, 2.4000, 2.4400, 2.3400, 2.4400, 226700
2015-03-09, 2.4500, 2.4800, 2.3900, 2.4200, 229300
2015-03-10, 2.4300, 2.4300, 2.4000, 2.4200, 114700
2015-03-11, 2.3700, 2.4200, 2.3700, 2.3900, 390100
2015-03-12, 2.4100, 2.4100, 2.3500, 2.3800, 219400
2015-03-13, 2.3500, 2.3800, 2.2400, 2.3200, 263700
2015-03-16, 2.3000, 2.3500, 2.2400, 2.3500, 341100
2015-03-17, 2.3500, 2.4000, 2.3200, 2.3500, 244600
2015-03-18, 2.3500, 2.3500, 2.3000, 2.3400, 376800
2015-03-19, 2.3500, 2.3500, 2.3300, 2.3300, 182900
2015-03-20, 2.3500, 2.3500, 2.3000, 2.3300, 262800
2015-03-23, 2.4000, 2.4000, 2.2800, 2.3700, 167600
2015-03-24, 2.3000, 2.3700, 2.3000, 2.3200, 157300
2015-03-25, 2.3200, 2.3200, 2.2800, 2.2900, 285100
2015-03-26, 2.2500, 2.3000, 2.2500, 2.2800, 64500
2015-03-27, 2.3000, 2.3000, 2.2400, 2.2600, 236900
2015-03-30, 2.2600, 2.3000, 2.2300, 2.2500, 414700
2015-03-31, 2.2100, 2.3000, 2.2000, 2.2000, 219100
2015-04-01, 2.1800, 2.2100, 2.1700, 2.2000, 274100
2015-04-02, 2.1700, 2.2900, 2.1600, 2.2700, 500400
2015-04-06, 2.2800, 2.3900, 2.2500, 2.3500, 199700
2015-04-07, 2.3000, 2.4400, 2.3000, 2.4000, 395300
2015-04-08, 2.4500, 2.5000, 2.3900, 2.4900, 283500
2015-04-09, 2.4200, 2.5000, 2.4000, 2.4800, 57000
2015-04-10, 2.5000, 2.5000, 2.4200, 2.5000, 98500
2015-04-13, 2.4600, 2.5000, 2.4000, 2.4900, 397600
2015-04-14, 2.5000, 2.5000, 2.4100, 2.4700, 196000
2015-04-15, 2.4000, 2.4900, 2.4000, 2.4500, 253800
2015-04-16, 2.4300, 2.5000, 2.4300, 2.4800, 224200
2015-04-17, 2.4600, 2.4900, 2.4500, 2.4800, 341100
2015-04-20, 2.4500, 2.5100, 2.4500, 2.5000, 155100
2015-04-21, 2.5100, 2.6500, 2.5000, 2.5700, 894000
2015-04-22, 2.5900, 2.6300, 2.5300, 2.5500, 319900
2015-04-23, 2.5500, 2.6000, 2.5500, 2.5900, 235200
2015-04-24, 2.6000, 2.6300, 2.5900, 2.6100, 595300
2015-04-27, 2.6100, 2.6800, 2.6000, 2.6500, 230800
2015-04-28, 2.6400, 2.6700, 2.6000, 2.6000, 558700
2015-04-29, 2.6000, 2.6000, 2.4500, 2.5800, 592500
2015-04-30, 2.5900, 2.6000, 2.5200, 2.5800, 199600
2015-05-01, 2.5200, 2.6800, 2.5200, 2.6500, 1020300
2015-05-04, 2.6400, 2.7600, 2.6400, 2.7100, 835900
2015-05-05, 2.7100, 2.7600, 2.6900, 2.7300, 518700
2015-05-06, 2.7200, 2.7500, 2.7000, 2.7200, 395800
2015-05-07, 2.7500, 2.7900, 2.7300, 2.7600, 429700
2015-05-08, 2.7500, 2.7700, 2.7100, 2.7400, 136000
2015-05-11, 2.7300, 2.7500, 2.7100, 2.7200, 156200
2015-05-12, 2.7100, 2.7200, 2.6900, 2.7000, 448000
2015-05-13, 2.7100, 2.7300, 2.6900, 2.7000, 170300
2015-05-14, 2.7100, 2.7300, 2.7000, 2.7300, 276500
2015-05-15, 2.7100, 2.7700, 2.7100, 2.7600, 415700
2015-05-18, 2.7700, 3.0100, 2.7500, 3.0100, 1180900
2015-05-19, 3.0000, 3.1300, 2.9600, 3.0000, 547000
2015-05-20, 3.0200, 3.0300, 2.8800, 2.9900, 339900
2015-05-21, 2.9500, 2.9900, 2.9200, 2.9400, 318300
2015-05-22, 2.9200, 2.9600, 2.8600, 2.9300, 199000
2015-05-26, 2.9000, 2.9100, 2.8100, 2.8400, 187700
2015-05-27, 2.8500, 2.8500, 2.7600, 2.7800, 164200
2015-05-28, 2.7600, 2.7700, 2.6400, 2.7600, 710600
2015-05-29, 2.7500, 2.9000, 2.7100, 2.8500, 137400
2015-06-01, 2.8600, 2.9000, 2.7800, 2.8000, 83300
2015-06-02, 2.7800, 2.8500, 2.7800, 2.8300, 72500
2015-06-03, 2.8300, 2.8900, 2.7800, 2.8800, 97700
2015-06-04, 2.8700, 2.9000, 2.8000, 2.8100, 278200
2015-06-05, 2.8200, 2.8300, 2.8100, 2.8200, 97800
2015-06-08, 2.8000, 2.8400, 2.7900, 2.8000, 92600
2015-06-09, 2.7900, 2.7900, 2.6900, 2.7500, 483500
2015-06-10, 2.7500, 2.8000, 2.7400, 2.7500, 184400
2015-06-11, 2.7500, 2.8000, 2.7500, 2.8000, 158000
2015-06-12, 2.8000, 2.8100, 2.7500, 2.7800, 126200
2015-06-15, 2.7800, 2.8000, 2.7500, 2.7900, 43900
2015-06-16, 2.7900, 2.8000, 2.7500, 2.7700, 49400
2015-06-17, 2.7700, 2.7700, 2.7500, 2.7500, 292800
2015-06-18, 2.7800, 2.8000, 2.7600, 2.7700, 210800
2015-06-19, 2.7700, 2.7900, 2.7300, 2.7600, 70300
2015-06-22, 2.7500, 2.7900, 2.7500, 2.7500, 54900
2015-06-23, 2.7500, 2.7900, 2.7400, 2.7700, 78000
2015-06-24, 2.7500, 2.7600, 2.7100, 2.7300, 856800
2015-06-25, 2.7300, 2.7500, 2.6000, 2.6300, 323900
2015-06-26, 2.6300, 2.6400, 2.6000, 2.6400, 143200
2015-06-29, 2.5900, 2.6400, 2.5500, 2.5900, 182100
2015-06-30, 2.5800, 2.6400, 2.5800, 2.6100, 131100
2015-07-01, 2.6200, 2.7000, 2.5900, 2.6200, 316300
2015-07-02, 2.6100, 2.6200, 2.5400, 2.5900, 199500
2015-07-06, 2.5400, 2.6300, 2.5000, 2.5800, 1060200
2015-07-07, 2.5600, 2.5800, 2.4500, 2.5300, 434500
2015-07-08, 2.5100, 2.5400, 2.4600, 2.5400, 286400
2015-07-09, 2.5300, 2.5800, 2.5000, 2.5300, 184300
2015-07-10, 2.5400, 2.5600, 2.5300, 2.5500, 139300
2015-07-13, 2.5400, 2.5600, 2.5300, 2.5600, 85400
2015-07-14, 2.5400, 2.5700, 2.5200, 2.5600, 126500
2015-07-15, 2.5600, 2.6200, 2.5500, 2.5800, 138700
2015-07-16, 2.5600, 2.7500, 2.5600, 2.7500, 225000
2015-07-17, 2.7300, 2.8600, 2.7300, 2.8400, 435200
2015-07-20, 2.8000, 2.9000, 2.8000, 2.8700, 1909200
2015-07-21, 2.8700, 2.8700, 2.7400, 2.7500, 431100
2015-07-22, 2.7500, 2.7600, 2.6300, 2.6500, 2986400
2015-07-23, 2.6300, 2.6500, 2.5200, 2.6000, 493200
2015-07-24, 2.6000, 2.6000, 2.5200, 2.5600, 103200
2015-07-27, 2.5700, 2.5900, 2.4200, 2.5500, 180000
2015-07-28, 2.5300, 2.5800, 2.4500, 2.4900, 92800
2015-07-29, 2.4500, 2.5000, 2.4500, 2.4900, 121900
2015-07-30, 2.4900, 2.5200, 2.4600, 2.5200, 67300
2015-07-31, 2.4900, 2.5500, 2.4900, 2.5300, 56900
2015-08-03, 2.5200, 2.5400, 2.4600, 2.4700, 67500
2015-08-04, 2.4700, 2.6200, 2.4200, 2.4700, 125800
2015-08-05, 2.4800, 2.5100, 2.4500, 2.4900, 199000
2015-08-06, 2.4800, 2.5000, 2.4000, 2.4500, 297700
2015-08-07, 2.4400, 2.4900, 2.3900, 2.4100, 296100
2015-08-10, 2.4000, 2.4000, 2.3500, 2.3900, 156400
2015-08-11, 2.3700, 2.4000, 2.2400, 2.3500, 440400
2015-08-12, 2.2700, 2.3900, 2.2700, 2.3500, 148700
2015-08-13, 2.3600, 2.4700, 2.3400, 2.4400, 175800
2015-08-14, 2.4400, 2.4400, 2.3500, 2.3700, 103500
2015-08-17, 2.3900, 2.3900, 2.2800, 2.3400, 184600
2015-08-18, 2.3200, 2.3500, 2.2900, 2.3200, 330100
2015-08-19, 2.3000, 2.3200, 2.2900, 2.3200, 337400
2015-08-20, 2.3200, 2.3400, 2.3100, 2.3300, 213200
2015-08-21, 2.3400, 2.3400, 2.2500, 2.2800, 258500
2015-08-24, 2.2900, 2.3400, 2.1200, 2.2700, 314900
2015-08-25, 2.2700, 2.3800, 2.2600, 2.3100, 185000
2015-08-26, 2.3500, 2.3600, 2.3300, 2.3500, 122800
2015-08-27, 2.3500, 2.3500, 2.3000, 2.3300, 258600
2015-08-28, 2.3200, 2.3400, 2.2800, 2.3100, 118800
2015-08-31, 2.3000, 2.3300, 2.2600, 2.3000, 100300
2015-09-01, 2.2900, 2.3300, 2.2700, 2.3000, 254000
2015-09-02, 2.3000, 2.3000, 2.2600, 2.2700, 141300
2015-09-03, 2.2700, 2.2900, 2.2700, 2.2700, 46100
2015-09-04, 2.2700, 2.2700, 2.2600, 2.2600, 81500
2015-09-08, 2.2500, 2.3200, 2.2500, 2.3200, 181700
2015-09-09, 2.3100, 2.5500, 2.3100, 2.5100, 282000
2015-09-10, 2.5100, 2.5200, 2.4300, 2.4900, 118900
2015-09-11, 2.4500, 2.5200, 2.4200, 2.5200, 218200
2015-09-14, 2.5200, 2.5200, 2.4600, 2.5200, 58700
2015-09-15, 2.5000, 2.5500, 2.4500, 2.4800, 123600
2015-09-16, 2.4800, 2.5400, 2.4800, 2.5100, 218800
2015-09-17, 2.5000, 2.5200, 2.5000, 2.5100, 86600
2015-09-18, 2.5000, 2.6000, 2.4900, 2.6000, 483600
2015-09-21, 2.5100, 2.6000, 2.5100, 2.5200, 115100
2015-09-22, 2.5100, 2.5300, 2.4800, 2.4800, 66600
2015-09-23, 2.4800, 2.4900, 2.4200, 2.4200, 96600
2015-09-24, 2.4600, 2.5500, 2.4300, 2.4300, 485000
2015-09-25, 2.5800, 2.7800, 2.5800, 2.6900, 1176600
2015-09-28, 2.9800, 2.9800, 2.5900, 2.6900, 272900
2015-09-29, 2.7400, 2.7400, 2.5500, 2.6500, 360900
2015-09-30, 2.6800, 2.6800, 2.5500, 2.6000, 232400
2015-10-01, 2.5500, 2.6160, 2.5500, 2.5700, 80000
2015-10-02, 2.6200, 2.6300, 2.5600, 2.5832, 149700
2015-10-05, 2.5700, 2.6000, 2.5700, 2.5700, 133400
2015-10-06, 2.6000, 2.6000, 2.5700, 2.5900, 162900
2015-10-07, 2.6000, 2.6000, 2.5700, 2.5900, 328300
2015-10-08, 2.5700, 2.6000, 2.5700, 2.5900, 168000
2015-10-09, 2.6000, 2.6000, 2.5700, 2.5800, 99900
2015-10-12, 2.5800, 2.5900, 2.5700, 2.5800, 129900
2015-10-13, 2.5700, 2.5900, 2.5250, 2.5900, 149000
2015-10-14, 2.5400, 2.5400, 2.3900, 2.5000, 464100
2015-10-15, 2.5100, 2.5104, 2.4200, 2.4600, 587900
2015-10-16, 2.4500, 2.5300, 2.4100, 2.5000, 1198700
2015-10-19, 2.5000, 2.5600, 2.4700, 2.4700, 472900
2015-10-20, 2.4600, 2.4600, 2.4000, 2.4300, 242100
2015-10-21, 2.4000, 2.4600, 2.4000, 2.4400, 258800
2015-10-22, 2.4200, 2.4697, 2.4200, 2.4500, 646400
2015-10-23, 2.4450, 2.4800, 2.4200, 2.4400, 247800
2015-10-26, 2.4100, 2.4450, 2.4000, 2.4300, 270200
2015-10-27, 2.4600, 2.4600, 2.3700, 2.4000, 565500
2015-10-28, 2.4040, 2.4200, 2.3500, 2.3700, 494400
2015-10-29, 2.2900, 2.3700, 2.2800, 2.3700, 1021000
2015-10-30, 2.3700, 2.3700, 2.3100, 2.3400, 251700
2015-11-02, 2.3100, 2.3500, 2.3100, 2.3500, 214600
2015-11-03, 2.3500, 2.3899, 2.3200, 2.3300, 128900
2015-11-04, 2.3200, 2.3500, 2.3100, 2.3400, 90100
2015-11-05, 2.3400, 2.3600, 2.3200, 2.3600, 86900
2015-11-06, 2.3600, 2.4000, 2.3200, 2.3400, 103100
2015-11-09, 2.3310, 2.3500, 2.3200, 2.3500, 91900
2015-11-10, 2.3100, 2.3310, 2.2600, 2.3300, 244600
2015-11-11, 2.3200, 2.3500, 2.2590, 2.3500, 132300
2015-11-12, 2.2800, 2.3200, 2.2800, 2.3100, 95000
2015-11-13, 2.2500, 2.3000, 2.2500, 2.2900, 243200
2015-11-16, 2.2900, 2.4000, 2.2900, 2.3500, 177900
2015-11-17, 2.3200, 2.4500, 2.3000, 2.3700, 449900
2015-11-18, 2.3500, 2.4000, 2.3400, 2.4000, 286000
2015-11-19, 2.3700, 2.4250, 2.3500, 2.4000, 247100
2015-11-20, 2.4000, 2.4500, 2.3500, 2.4300, 170100
2015-11-23, 2.4300, 2.4300, 2.3750, 2.3800, 80800
2015-11-24, 2.4000, 2.4299, 2.3200, 2.3700, 289200
2015-11-25, 2.3700, 2.4700, 2.3700, 2.4400, 212700
2015-11-27, 2.4100, 2.4400, 2.4000, 2.4400, 77400
2015-11-30, 2.4100, 2.4720, 2.4100, 2.4500, 245100
2015-12-01, 2.4400, 2.4800, 2.3400, 2.4800, 363500
2015-12-02, 2.4900, 2.4900, 2.4200, 2.4300, 129200
2015-12-03, 2.4200, 2.4600, 2.4200, 2.4400, 201800
2015-12-04, 2.4400, 2.4400, 2.4138, 2.4200, 215300
2015-12-07, 2.3900, 2.6500, 2.3900, 2.5700, 743200
2015-12-08, 2.5700, 2.9400, 2.5700, 2.8900, 1561000
2015-12-09, 2.8200, 2.8900, 2.7500, 2.8300, 668800
2015-12-10, 2.7800, 2.8500, 2.7200, 2.8100, 446800
2015-12-11, 2.6600, 2.8000, 2.6300, 2.6400, 702200
2015-12-14, 2.6100, 2.8100, 2.6100, 2.6400, 1106900
2015-12-15, 2.6400, 2.7100, 2.5700, 2.5800, 965300
2015-12-16, 2.5900, 2.7600, 2.5900, 2.7300, 830700
2015-12-17, 2.7300, 2.8100, 2.7200, 2.7800, 816700
2015-12-18, 2.7800, 2.8100, 2.3500, 2.3800, 4510700
2015-12-21, 2.5100, 2.5430, 2.3210, 2.3500, 1484700
2015-12-22, 2.3900, 2.5000, 2.3400, 2.4250, 268400
2015-12-23, 2.4600, 2.4600, 2.4000, 2.4600, 200400
2015-12-24, 2.4600, 2.4600, 2.4000, 2.4200, 66900
2015-12-28, 2.4100, 2.4500, 2.4100, 2.4200, 216300
2015-12-29, 2.4000, 2.4900, 2.4000, 2.4700, 187200
2015-12-30, 2.5000, 2.5000, 2.4200, 2.4500, 144700
2015-12-31, 2.4500, 2.5900, 2.4300, 2.5900, 315500
2016-01-04, 2.5500, 2.5800, 2.4200, 2.5800, 484027
2016-01-05, 2.5300, 2.6400, 2.4700, 2.4900, 233697
2016-01-06, 2.5300, 2.5400, 2.4300, 2.4600, 232176
2016-01-07, 2.4400, 2.4400, 2.3950, 2.4400, 269692
2016-01-08, 2.4800, 2.4800, 2.3900, 2.4100, 169378
2016-01-11, 2.4100, 2.4900, 2.3750, 2.4600, 345702
2016-01-12, 2.4400, 2.4800, 2.3700, 2.4000, 125946
2016-01-13, 2.4500, 2.4500, 2.3400, 2.3600, 279568
2016-01-14, 2.4000, 2.4000, 2.3000, 2.3200, 243253
2016-01-15, 2.3000, 2.3100, 2.2300, 2.2900, 423023
2016-01-19, 2.3000, 2.3740, 2.2200, 2.2300, 294587
2016-01-20, 2.2100, 2.2300, 2.0802, 2.1400, 538415
2016-01-21, 2.1600, 2.1800, 2.0500, 2.1600, 435616
2016-01-22, 2.1900, 2.3500, 2.1900, 2.2500, 225376
2016-01-25, 2.2500, 2.3150, 2.2500, 2.2700, 62353
2016-01-26, 2.2900, 2.3100, 2.2710, 2.2900, 142177
2016-01-27, 2.3000, 2.3500, 2.2800, 2.2900, 132591
2016-01-28, 2.3100, 2.3400, 2.2600, 2.2700, 159053
2016-01-29, 2.2600, 2.4500, 2.2600, 2.4200, 292299
2016-02-01, 2.3900, 2.5100, 2.3800, 2.5000, 547877
2016-02-02, 2.5000, 2.5200, 2.4220, 2.4800, 423950
2016-02-03, 2.5100, 2.5700, 2.4500, 2.5200, 377993
2016-02-04, 2.5300, 2.5800, 2.4500, 2.5200, 610106
2016-02-05, 2.5300, 2.5300, 2.4500, 2.4800, 297288
2016-02-08, 2.4400, 2.4500, 2.3500, 2.4000, 364920
2016-02-09, 2.3600, 2.3900, 2.3100, 2.3900, 615767
2016-02-10, 2.4000, 2.4200, 2.3700, 2.3800, 188689
2016-02-11, 2.3400, 2.3800, 2.3000, 2.3300, 358983
2016-02-12, 2.3300, 2.4000, 2.3300, 2.3500, 449225
2016-02-16, 2.3600, 2.4000, 2.3100, 2.3500, 273836
2016-02-17, 2.3500, 2.4000, 2.3300, 2.3400, 139873
2016-02-18, 2.3400, 2.3500, 2.3000, 2.3400, 270773
2016-02-19, 2.3400, 2.4700, 2.3100, 2.3900, 174418
2016-02-22, 2.4100, 2.4400, 2.3320, 2.4400, 513040
2016-02-23, 2.4400, 2.4400, 2.3994, 2.4400, 408313
2016-02-24, 2.3800, 2.3800, 2.3000, 2.3400, 407327
2016-02-25, 2.3400, 2.3900, 2.3400, 2.3600, 147096
2016-02-26, 2.3600, 2.3600, 2.3300, 2.3500, 171461
2016-02-29, 2.3200, 2.4600, 2.3200, 2.4400, 765191
2016-03-01, 2.4600, 2.4600, 2.3500, 2.3700, 361612
2016-03-02, 2.3500, 2.3700, 2.3300, 2.3600, 98958
2016-03-03, 2.3400, 2.3500, 2.3250, 2.3300, 415254
2016-03-04, 2.3300, 2.3799, 2.2950, 2.3000, 386371
2016-03-07, 2.2800, 2.3500, 2.2800, 2.3200, 195611
2016-03-08, 2.3200, 2.3600, 2.2800, 2.2800, 323270
2016-03-09, 2.2900, 2.3500, 2.2800, 2.3200, 202061
2016-03-10, 2.3300, 2.4000, 2.2500, 2.3000, 692573
2016-03-11, 2.3000, 2.3900, 2.3000, 2.3300, 108166
2016-03-14, 2.3400, 2.3400, 2.2800, 2.3100, 224881
2016-03-15, 2.3000, 2.3500, 2.2944, 2.3200, 243575
2016-03-16, 2.3100, 2.3900, 2.3000, 2.3200, 299490
2016-03-17, 2.3200, 2.3500, 2.2750, 2.3200, 315944
2016-03-18, 2.3200, 2.3800, 2.3100, 2.3500, 264296
2016-03-21, 2.3500, 2.4000, 2.3300, 2.3700, 426362
2016-03-22, 2.3600, 2.4000, 2.2600, 2.3800, 88590
2016-03-23, 2.3800, 2.4600, 2.3100, 2.3500, 506899
2016-03-24, 2.3500, 2.4400, 2.3000, 2.3300, 252263
2016-03-28, 2.3200, 2.3900, 2.3200, 2.3500, 130274
2016-03-29, 2.3300, 2.3700, 2.3100, 2.3300, 250266
2016-03-30, 2.3300, 2.3900, 2.3000, 2.3100, 299842
2016-03-31, 2.3300, 2.3700, 2.3250, 2.3400, 707493
2016-04-01, 2.3500, 2.3800, 2.3100, 2.3100, 275741
2016-04-04, 2.3200, 2.3700, 2.3100, 2.3400, 176351
2016-04-05, 2.3400, 2.3800, 2.3000, 2.3500, 265015
2016-04-06, 2.3700, 2.3750, 2.3400, 2.3500, 332984
2016-04-07, 2.3300, 2.3500, 2.3100, 2.3300, 279255
2016-04-08, 2.3500, 2.3700, 2.3100, 2.3300, 264739
2016-04-11, 2.3400, 2.3700, 2.3000, 2.3100, 278045
2016-04-12, 2.3000, 2.3600, 2.2900, 2.3500, 303385
2016-04-13, 2.3500, 2.3500, 2.3100, 2.3200, 329758
2016-04-14, 2.3100, 2.3600, 2.2650, 2.3200, 260877
2016-04-15, 2.2800, 2.3600, 2.2500, 2.2800, 549651
2016-04-18, 2.2800, 2.3600, 2.2600, 2.2800, 264391
2016-04-19, 2.2800, 2.3200, 2.2700, 2.2900, 231121
2016-04-20, 2.2900, 2.3000, 2.2500, 2.2800, 241953
2016-04-21, 2.2800, 2.3000, 2.2201, 2.2700, 386795
2016-04-22, 2.2500, 2.3100, 2.2500, 2.2800, 218903
2016-04-25, 2.2800, 2.3200, 2.2800, 2.3000, 228739
2016-04-26, 2.3000, 2.3200, 2.2100, 2.2700, 991765
2016-04-27, 2.2500, 2.2600, 2.1600, 2.1900, 1262425
2016-04-28, 2.1700, 2.1950, 2.1201, 2.1600, 2404676
2016-04-29, 2.1600, 2.2500, 2.1600, 2.2300, 352811
2016-05-02, 2.2200, 2.3000, 2.2184, 2.2500, 451304
2016-05-03, 2.2300, 2.2600, 2.2100, 2.2600, 134961
2016-05-04, 2.2300, 2.2950, 2.2000, 2.2900, 274451
2016-05-05, 2.2800, 2.3000, 2.2401, 2.2900, 168496
2016-05-06, 2.2700, 2.2900, 2.2300, 2.2800, 203584
2016-05-09, 2.2700, 2.2900, 2.2500, 2.2900, 164693
2016-05-10, 2.2800, 2.2963, 2.2600, 2.2900, 323441
2016-05-11, 2.2600, 2.3000, 2.2600, 2.3000, 146941
2016-05-12, 2.2900, 2.3000, 2.2800, 2.2900, 339751
2016-05-13, 2.2700, 2.3400, 2.2700, 2.3100, 497469
2016-05-16, 2.3000, 2.3700, 2.2800, 2.3700, 338633
2016-05-17, 2.3900, 2.4050, 2.3600, 2.3800, 303024
2016-05-18, 2.3900, 2.4000, 2.3700, 2.3800, 478118
2016-05-19, 2.3900, 2.4000, 2.3501, 2.3900, 423731
2016-05-20, 2.3900, 2.3900, 2.3400, 2.3400, 302468
2016-05-23, 2.3500, 2.3900, 2.2500, 2.3000, 297500
2016-05-24, 2.3100, 2.3300, 2.2700, 2.3100, 221704
2016-05-25, 2.3000, 2.3700, 2.2600, 2.3600, 302431
2016-05-26, 2.3400, 2.3800, 2.3100, 2.3500, 338501
2016-05-27, 2.3500, 2.3600, 2.2900, 2.3400, 225793
2016-05-31, 2.3100, 2.4000, 2.3000, 2.3700, 1755027
2016-06-01, 2.3900, 2.4450, 2.2500, 2.3500, 676414
2016-06-02, 2.3300, 2.3450, 2.2500, 2.3400, 530509
2016-06-03, 2.3200, 2.3300, 2.2600, 2.3000, 1167092
2016-06-06, 2.2800, 2.3500, 2.2800, 2.3300, 289766
2016-06-07, 2.3300, 2.3900, 2.3000, 2.3700, 366878
2016-06-08, 2.3500, 2.3900, 2.3000, 2.3400, 242814
2016-06-09, 2.3300, 2.3700, 2.2700, 2.3300, 504129
2016-06-10, 2.2900, 2.3500, 2.2800, 2.3400, 379205
2016-06-13, 2.3000, 2.3300, 2.1800, 2.2200, 1137559
2016-06-14, 2.2300, 2.2699, 2.1050, 2.1300, 616792
2016-06-15, 2.1200, 2.1400, 2.0450, 2.1100, 1006379
2016-06-16, 2.1000, 2.1700, 2.0800, 2.1400, 480059
2016-06-17, 2.1200, 2.1400, 2.0900, 2.1300, 441426
2016-06-20, 2.1200, 2.1700, 2.1100, 2.1600, 461774
2016-06-21, 2.1500, 2.2400, 2.1100, 2.2400, 589642
2016-06-22, 2.2900, 2.2900, 2.1600, 2.2700, 683883
2016-06-23, 2.2800, 2.4300, 2.2800, 2.3800, 1613828
2016-06-24, 2.3300, 2.3600, 2.2700, 2.3000, 20695725
2016-06-27, 2.2700, 2.2900, 2.1600, 2.1600, 1088460
2016-06-28, 2.1900, 2.2000, 2.1000, 2.1300, 1200981
2016-06-29, 2.1600, 2.1700, 2.1100, 2.1600, 751460
2016-06-30, 2.1700, 2.2300, 2.1200, 2.2200, 2311414
2016-07-01, 2.1900, 2.2800, 2.1800, 2.2400, 651092
2016-07-05, 2.2400, 2.2500, 2.1600, 2.2200, 656763
2016-07-06, 2.2000, 2.2650, 2.1900, 2.2500, 812245
2016-07-07, 2.2500, 2.2500, 2.2000, 2.2200, 533485
2016-07-08, 2.2300, 2.2600, 2.2100, 2.2300, 670746
2016-07-11, 2.2400, 2.2500, 2.2000, 2.2300, 618457
2016-07-12, 2.2500, 2.3300, 2.2300, 2.2800, 720968
2016-07-13, 2.2900, 2.3100, 2.2100, 2.2700, 718928
2016-07-14, 2.2800, 2.2800, 2.2400, 2.2500, 324835
2016-07-15, 2.2700, 2.2700, 2.2100, 2.2500, 517538
2016-07-18, 2.2300, 2.3000, 2.2200, 2.3000, 463525
2016-07-19, 2.2800, 2.3100, 2.2500, 2.2900, 427736
2016-07-20, 2.2800, 2.3100, 2.2001, 2.3000, 420865
2016-07-21, 2.3100, 2.3400, 2.2600, 2.3100, 490943
2016-07-22, 2.3000, 2.3000, 2.2700, 2.2900, 242867
2016-07-25, 2.2800, 2.2800, 2.2500, 2.2600, 310731
2016-07-26, 2.2500, 2.3200, 2.2500, 2.3100, 569686
2016-07-27, 2.3100, 2.3800, 2.3000, 2.3800, 734475
2016-07-28, 2.3800, 2.4400, 2.3500, 2.4300, 586939
2016-07-29, 2.4100, 2.4550, 2.3500, 2.4200, 1444438
2016-08-01, 2.4200, 2.4500, 2.4150, 2.4500, 584579
2016-08-02, 2.4400, 2.4600, 2.4000, 2.4000, 481383
2016-08-03, 2.3900, 2.4500, 2.3900, 2.4200, 535831
2016-08-04, 2.4100, 2.4450, 2.3800, 2.3800, 253179
2016-08-05, 2.4100, 2.4100, 2.3200, 2.3300, 935396
2016-08-08, 2.3300, 2.3700, 2.3200, 2.3300, 366483
2016-08-09, 2.3300, 2.3500, 2.3000, 2.3100, 219348
2016-08-10, 2.3100, 2.3189, 2.2800, 2.3000, 342681
2016-08-11, 2.3000, 2.3250, 2.2800, 2.3200, 222920
2016-08-12, 2.3200, 2.3300, 2.2900, 2.3300, 443161
2016-08-15, 2.3300, 2.3800, 2.3000, 2.3700, 178750
2016-08-16, 2.3600, 2.3600, 2.3000, 2.3500, 321529
2016-08-17, 2.3500, 2.3500, 2.2400, 2.2900, 546243
2016-08-18, 2.3000, 2.3200, 2.2700, 2.3200, 181408
2016-08-19, 2.3200, 2.3500, 2.2800, 2.3000, 347646
2016-08-22, 2.2800, 2.3300, 2.2800, 2.3100, 131820
2016-08-23, 2.3000, 2.3400, 2.3000, 2.3400, 153271
2016-08-24, 2.3500, 2.3500, 2.3000, 2.3100, 164935
2016-08-25, 2.3200, 2.3500, 2.3200, 2.3400, 147843
2016-08-26, 2.3600, 2.4000, 2.3000, 2.3500, 195130
2016-08-29, 2.3400, 2.3900, 2.3400, 2.3700, 156748
2016-08-30, 2.3500, 2.4000, 2.3450, 2.3900, 746090
2016-08-31, 2.4000, 2.5000, 2.3640, 2.4900, 713551
2016-09-01, 2.4900, 2.4900, 2.4101, 2.4800, 280917
2016-09-02, 2.4800, 2.4900, 2.4300, 2.4500, 301168
2016-09-06, 2.4400, 2.4900, 2.4201, 2.4900, 605547
2016-09-07, 2.4700, 2.4900, 2.4400, 2.4400, 905351
2016-09-08, 2.4400, 2.4900, 2.4400, 2.4900, 988703
2016-09-09, 2.5000, 2.5000, 2.4600, 2.4700, 712435
2016-09-12, 2.4600, 2.5000, 2.4300, 2.4800, 845203
2016-09-13, 2.4000, 2.5000, 2.4000, 2.4500, 963610
2016-09-14, 2.4500, 2.4900, 2.4500, 2.4600, 858481
2016-09-15, 2.4500, 2.4650, 2.4300, 2.4500, 485341
2016-09-16, 2.4900, 2.4900, 2.3400, 2.3800, 4064559
2016-09-19, 2.3700, 2.4400, 2.3550, 2.3800, 241091
2016-09-20, 2.3300, 2.4000, 2.3300, 2.3400, 341132
2016-09-21, 2.3700, 2.3700, 2.3200, 2.3400, 326689
2016-09-22, 2.3300, 2.3700, 2.2900, 2.3000, 711111
2016-09-23, 2.3000, 2.3200, 2.2800, 2.2800, 535787
2016-09-26, 2.2800, 2.3150, 2.2600, 2.2800, 684949
2016-09-27, 2.2700, 2.2987, 2.1950, 2.2700, 492841
2016-09-28, 2.2600, 2.2850, 2.2000, 2.2400, 4474951
2016-09-29, 2.2400, 2.2900, 2.2300, 2.2500, 1107084
2016-09-30, 2.2500, 2.3450, 2.2499, 2.3400, 2359472
2016-10-03, 2.3400, 2.3800, 2.2500, 2.2800, 305313
2016-10-04, 2.2800, 2.2800, 2.2300, 2.2400, 389781
2016-10-05, 2.2400, 2.2400, 2.1800, 2.1900, 1159838
2016-10-06, 2.1900, 2.1900, 2.1500, 2.1800, 586492
2016-10-07, 2.1800, 2.1900, 2.1600, 2.1800, 362252
2016-10-10, 2.1700, 2.2400, 2.1600, 2.2400, 315562
2016-10-11, 2.2300, 2.2300, 2.1800, 2.1800, 251155
2016-10-12, 2.1900, 2.1900, 2.1700, 2.1800, 287676
2016-10-13, 2.1800, 2.1900, 2.1600, 2.1800, 344812
2016-10-14, 2.1700, 2.1900, 2.1400, 2.1400, 552516
2016-10-17, 2.1500, 2.2000, 2.1000, 2.1000, 782751
2016-10-18, 2.1500, 2.1500, 2.0500, 2.1500, 363383
2016-10-19, 2.1500, 2.1500, 2.0500, 2.1500, 455040
2016-10-20, 2.0500, 2.1500, 2.0500, 2.1000, 252658
2016-10-21, 2.0500, 2.0750, 2.0000, 2.0500, 476140
2016-10-24, 2.1000, 2.1000, 2.0000, 2.0500, 401888
2016-10-25, 2.0000, 2.1250, 2.0000, 2.1000, 593130
2016-10-26, 2.0500, 2.1500, 2.0000, 2.1000, 539919
2016-10-27, 2.1000, 2.1500, 2.0500, 2.0500, 331075
2016-10-28, 2.0500, 2.1000, 2.0500, 2.1000, 262864
2016-10-31, 2.1000, 2.1500, 2.0000, 2.1000, 624571
2016-11-01, 2.1000, 2.1000, 2.0500, 2.0500, 178093
2016-11-02, 2.0000, 2.1000, 2.0000, 2.0000, 476597
2016-11-03, 2.0500, 2.0500, 1.9500, 2.0000, 395871
2016-11-04, 2.0000, 2.0500, 1.9500, 2.0000, 328447
2016-11-07, 2.0000, 2.0500, 2.0000, 2.0500, 370006
2016-11-08, 2.0500, 2.0500, 1.4000, 1.9000, 3004809
2016-11-09, 1.8000, 1.8500, 1.5250, 1.7000, 3445714
2016-11-10, 1.7500, 1.8000, 1.5000, 1.6500, 1937496
2016-11-11, 1.5500, 1.6500, 1.4000, 1.5000, 8383125
2016-11-14, 1.5500, 1.5500, 1.4000, 1.5000, 1825326
2016-11-15, 1.5000, 1.6000, 1.4500, 1.5000, 1635440
2016-11-16, 1.4500, 1.6500, 1.4500, 1.6500, 1477004
2016-11-17, 1.6500, 1.6500, 1.5500, 1.6500, 1388629
2016-11-18, 1.6500, 1.6500, 1.5500, 1.6000, 1433589
2016-11-21, 1.6500, 1.6500, 1.5500, 1.6000, 1309810
2016-11-22, 1.6500, 1.7500, 1.5500, 1.7000, 1141679
2016-11-23, 1.7000, 1.7500, 1.6500, 1.7000, 367517
2016-11-25, 1.7000, 1.7500, 1.7000, 1.7500, 215918
2016-11-28, 1.7500, 1.8000, 1.7000, 1.7000, 822406
2016-11-29, 1.7000, 1.7500, 1.6500, 1.6500, 413048
2016-11-30, 1.6500, 1.7500, 1.6000, 1.7000, 1860062
2016-12-01, 1.7000, 1.7500, 1.6500, 1.7000, 577719
2016-12-02, 1.6500, 1.6500, 1.4500, 1.5500, 1139109
2016-12-05, 1.6000, 1.6500, 1.5500, 1.5750, 715195
2016-12-06, 1.6000, 1.6500, 1.5500, 1.6500, 828266
2016-12-07, 1.6000, 1.6500, 1.5500, 1.5500, 1252479
2016-12-08, 1.5500, 1.6000, 1.5000, 1.5500, 1116219
2016-12-09, 1.5500, 1.6000, 1.5000, 1.5500, 1388145
2016-12-12, 1.6000, 1.6000, 1.5000, 1.5500, 1061563
2016-12-13, 1.6000, 1.6000, 1.4500, 1.5000, 2043188
2016-12-14, 1.5000, 1.5000, 1.3500, 1.5000, 1139896
2016-12-15, 1.5000, 1.5000, 1.4250, 1.4500, 474245
2016-12-16, 1.5000, 1.5500, 1.4000, 1.5000, 1979099
2016-12-19, 1.5000, 1.5000, 1.4000, 1.4000, 1906745
2016-12-20, 1.4000, 1.5000, 1.3500, 1.5000, 734842
2016-12-21, 1.4500, 1.4500, 1.3500, 1.4000, 1474000
2016-12-22, 1.3500, 1.4500, 1.3500, 1.3750, 718900
2016-12-23, 1.4000, 1.4000, 1.3000, 1.4000, 1119977
2016-12-27, 1.4000, 1.4000, 1.3000, 1.4000, 616904
2016-12-28, 1.3500, 1.4000, 1.3000, 1.3000, 1433496
2016-12-29, 1.3000, 1.3500, 1.3000, 1.3500, 802267
2016-12-30, 1.3500, 1.6500, 1.3000, 1.5500, 2042336
2017-01-03, 1.6000, 1.6000, 1.4500, 1.5500, 915211
2017-01-04, 1.4500, 1.5000, 1.4500, 1.5000, 476380
2017-01-05, 1.4500, 1.5500, 1.4500, 1.5000, 651416
2017-01-06, 1.4500, 1.5000, 1.4500, 1.5000, 533607
2017-01-09, 1.5000, 1.5000, 1.4000, 1.4500, 962131
2017-01-10, 1.4500, 1.5000, 1.4000, 1.5000, 173760
2017-01-11, 1.4500, 1.5000, 1.4000, 1.4500, 394458
2017-01-12, 1.4500, 1.5000, 1.4000, 1.4500, 570513
2017-01-13, 1.4500, 1.5000, 1.4500, 1.5000, 477932
2017-01-17, 1.4500, 1.5000, 1.4000, 1.4500, 763713
2017-01-18, 1.4500, 1.5000, 1.4000, 1.4500, 365047
2017-01-19, 1.5000, 1.5000, 1.4000, 1.4000, 250237
2017-01-20, 1.4000, 1.5000, 1.3750, 1.4500, 634045
2017-01-23, 1.4500, 1.5000, 1.4500, 1.4500, 324241
2017-01-24, 1.4500, 1.4500, 1.3500, 1.4500, 166888
2017-01-25, 1.4500, 1.5000, 1.4000, 1.5000, 302090
2017-01-26, 1.5000, 1.5000, 1.4500, 1.4500, 318648
2017-01-27, 1.4500, 1.5000, 1.4000, 1.4000, 314213
2017-01-30, 1.4000, 1.4500, 1.4000, 1.4000, 208003
2017-01-31, 1.4000, 1.6000, 1.3500, 1.5500, 764876
2017-02-01, 1.5500, 1.5500, 1.4500, 1.4500, 210400
2017-02-02, 1.4500, 1.5300, 1.4500, 1.5000, 867291
2017-02-03, 1.5000, 1.5000, 1.4500, 1.4500, 311804
2017-02-06, 1.4500, 1.5000, 1.4000, 1.4300, 308226
2017-02-07, 1.4000, 1.4500, 1.4000, 1.4000, 200181
2017-02-08, 1.4500, 1.4500, 1.3500, 1.4000, 650054
2017-02-09, 1.4000, 1.4300, 1.3500, 1.4000, 321981
2017-02-10, 1.4000, 1.4500, 1.3500, 1.4000, 341140
2017-02-13, 1.3500, 1.4000, 1.3000, 1.3500, 1116660
2017-02-14, 1.3000, 1.3500, 1.3000, 1.3000, 403071
2017-02-15, 1.3000, 1.3500, 1.3000, 1.3500, 163436
2017-02-16, 1.3000, 1.3500, 1.3000, 1.3000, 367458
2017-02-17, 1.3500, 1.3500, 1.3000, 1.3300, 380725
2017-02-21, 1.3500, 1.3500, 1.3000, 1.3500, 340811
2017-02-22, 1.3500, 1.3500, 1.3000, 1.3000, 382239
2017-02-23, 1.3000, 1.3500, 1.3000, 1.3000, 607726
2017-02-24, 1.3000, 1.3500, 1.2700, 1.3300, 478808
2017-02-27, 1.3000, 1.3500, 1.3000, 1.3500, 287575
2017-02-28, 1.3000, 1.3500, 1.3000, 1.3500, 633298
2017-03-01, 1.3500, 1.3500, 1.2500, 1.3000, 1012920
2017-03-02, 1.3000, 1.3000, 1.2500, 1.2500, 330087
2017-03-03, 1.2500, 1.3000, 1.2500, 1.3000, 342469
2017-03-06, 1.3000, 1.3000, 1.2000, 1.2500, 1956015
2017-03-07, 1.2500, 1.2500, 1.2000, 1.2000, 477978
2017-03-08, 1.2000, 1.2500, 1.2000, 1.2000, 320290
2017-03-09, 1.2000, 1.2500, 1.0500, 1.1800, 2224345
2017-03-10, 1.2000, 1.2000, 1.0500, 1.1000, 1173025
2017-03-13, 1.1000, 1.2000, 1.0800, 1.1500, 673046
2017-03-14, 1.1500, 1.1500, 1.1000, 1.1000, 325647
2017-03-15, 1.1500, 1.2500, 1.1000, 1.2500, 1714870
2017-03-16, 1.2500, 1.4000, 1.2000, 1.4000, 826079
2017-03-17, 1.3500, 1.5000, 1.3500, 1.4000, 2052986
2017-03-20, 1.4000, 1.4500, 1.3500, 1.4000, 904736
2017-03-21, 1.4000, 1.4500, 1.2500, 1.3500, 2430313
2017-03-22, 1.3500, 1.3500, 1.3000, 1.3000, 675221
2017-03-23, 1.3000, 1.3500, 1.3000, 1.3500, 343799
2017-03-24, 1.3500, 1.3500, 1.2500, 1.3000, 573327
2017-03-27, 1.2500, 1.3500, 1.2500, 1.3300, 598493
2017-03-28, 1.3000, 1.3500, 1.3000, 1.3000, 256685
2017-03-29, 1.3000, 1.3500, 1.3000, 1.3300, 251457
2017-03-30, 1.3000, 1.4300, 1.3000, 1.4000, 534558
2017-03-31, 1.3500, 1.4500, 1.3500, 1.4500, 1242628
2017-04-03, 1.4500, 1.4500, 1.4000, 1.4300, 312845
2017-04-04, 1.4500, 1.4500, 1.4000, 1.4500, 263883
2017-04-05, 1.4500, 1.5000, 1.4000, 1.4750, 794555
2017-04-06, 1.5000, 1.6000, 1.4000, 1.5000, 1048941
2017-04-07, 1.4500, 1.5500, 1.4500, 1.5500, 378194
2017-04-10, 1.5500, 1.5750, 1.5000, 1.5500, 982157
2017-04-11, 1.5000, 1.5500, 1.5000, 1.5250, 347312
2017-04-12, 1.5000, 1.5500, 1.5000, 1.5250, 200159
2017-04-13, 1.5000, 1.6000, 1.5000, 1.5000, 698431
2017-04-17, 1.5500, 1.5500, 1.4500, 1.5000, 332951
2017-04-18, 1.5000, 1.5500, 1.4500, 1.5500, 368020
2017-04-19, 1.5500, 1.5500, 1.5000, 1.5000, 351873
2017-04-20, 1.5000, 1.5500, 1.5000, 1.5500, 309384
2017-04-21, 1.5000, 1.5500, 1.5000, 1.5500, 439014
2017-04-24, 1.5000, 1.5500, 1.5000, 1.5250, 230793
2017-04-25, 1.5000, 1.5500, 1.5000, 1.5000, 352701
2017-04-26, 1.5000, 1.5500, 1.4500, 1.5000, 677325
2017-04-27, 1.5000, 1.5250, 1.4000, 1.4750, 662779
2017-04-28, 1.4500, 1.5000, 1.4500, 1.5000, 459341
2017-05-01, 1.4500, 1.5000, 1.4500, 1.4750, 210904
2017-05-02, 1.4500, 1.4500, 1.3000, 1.4000, 460365
2017-05-03, 1.4000, 1.4000, 1.3500, 1.3750, 194315
2017-05-04, 1.3500, 1.3500, 1.2500, 1.3000, 531128
2017-05-05, 1.2500, 1.3500, 1.2500, 1.3000, 379913
2017-05-08, 1.3000, 1.3500, 1.2500, 1.2500, 207112
2017-05-09, 1.2500, 1.3250, 1.2500, 1.3000, 208254
2017-05-10, 1.2500, 1.3500, 1.2500, 1.3000, 196543
2017-05-11, 1.3000, 1.3500, 1.2500, 1.2500, 286376
2017-05-12, 1.2500, 1.3000, 1.2500, 1.2500, 402448
2017-05-15, 1.2500, 1.3500, 1.2500, 1.2750, 220039
2017-05-16, 1.3000, 1.3000, 1.2500, 1.3000, 191586
2017-05-17, 1.2500, 1.3000, 1.1500, 1.2500, 1036549
2017-05-18, 1.2000, 1.2500, 1.2000, 1.2250, 93949
2017-05-19, 1.2000, 1.2500, 1.1500, 1.2000, 596884
2017-05-22, 1.2000, 1.2250, 1.1500, 1.1750, 481455
2017-05-23, 1.2000, 1.2000, 1.1500, 1.2000, 418239
2017-05-24, 1.2000, 1.2500, 1.2000, 1.2500, 227703
2017-05-25, 1.2500, 1.2500, 1.2000, 1.2000, 320085
2017-05-26, 1.1500, 1.2000, 1.1000, 1.1000, 508474
2017-05-30, 1.1000, 1.2000, 1.1000, 1.1500, 299422
2017-05-31, 1.1500, 1.2000, 1.1000, 1.1000, 590498
2017-06-01, 1.1500, 1.2500, 1.1500, 1.2000, 448881
2017-06-02, 1.2500, 1.2500, 1.1500, 1.2500, 411978
2017-06-05, 1.2000, 1.2250, 1.1500, 1.1500, 187111
2017-06-06, 1.1500, 1.2000, 1.1000, 1.1500, 331899
2017-06-07, 1.1500, 1.1813, 1.1000, 1.1000, 320253
2017-06-08, 1.1000, 1.1500, 1.1000, 1.1500, 384913
2017-06-09, 1.1500, 1.1500, 1.1000, 1.1500, 258004
2017-06-12, 1.1500, 1.2000, 1.1000, 1.1500, 304650
2017-06-13, 1.1500, 1.2000, 1.1500, 1.1750, 285612
2017-06-14, 1.1500, 1.2000, 1.1500, 1.1500, 227502
2017-06-15, 1.1500, 1.2000, 1.1500, 1.1500, 198536
2017-06-16, 1.1000, 1.2000, 1.1000, 1.2000, 929920
2017-06-19, 1.2000, 1.2500, 1.1500, 1.2000, 462990
2017-06-20, 1.1500, 1.3000, 1.1500, 1.2500, 798023
2017-06-21, 1.2500, 1.3800, 1.2500, 1.2500, 633427
2017-06-22, 1.2500, 1.3500, 1.2500, 1.2700, 453111
2017-06-23, 1.3000, 1.3400, 1.2500, 1.3000, 1577903
2017-06-26, 1.3000, 1.3500, 1.3000, 1.3500, 344926
2017-06-27, 1.3500, 1.3500, 1.2000, 1.2500, 377792
2017-06-28, 1.2500, 1.3000, 1.2500, 1.3000, 279590
2017-06-29, 1.3000, 1.3000, 1.2000, 1.2000, 294793
2017-06-30, 1.2000, 1.2500, 1.2000, 1.2500, 210823
2017-07-03, 1.2500, 1.2750, 1.2000, 1.2500, 153762
2017-07-05, 1.2000, 1.2500, 1.2000, 1.2000, 329595
2017-07-06, 1.2000, 1.2500, 1.2000, 1.2000, 199137
2017-07-07, 1.2000, 1.2500, 1.1500, 1.2500, 404381
2017-07-10, 1.2000, 1.2500, 1.1500, 1.1500, 403521
2017-07-11, 1.1500, 1.2000, 1.1500, 1.1500, 369871
2017-07-12, 1.1500, 1.2000, 1.1000, 1.2000, 357510
2017-07-13, 1.1500, 1.2000, 1.1000, 1.1500, 337600
2017-07-14, 1.1500, 1.2000, 1.1000, 1.1500, 327620
2017-07-17, 1.1500, 1.2000, 1.1000, 1.2000, 241972
2017-07-18, 1.2000, 1.2500, 1.1500, 1.2000, 370910
2017-07-19, 1.2000, 1.2500, 1.1750, 1.2500, 210929
2017-07-20, 1.2500, 1.2500, 1.2000, 1.2500, 232730
2017-07-21, 1.2500, 1.3500, 1.2000, 1.3000, 672153
2017-07-24, 1.3000, 1.3500, 1.2500, 1.2500, 211166
2017-07-25, 1.3000, 1.3500, 1.2500, 1.2500, 320676
2017-07-26, 1.2500, 1.3000, 1.2000, 1.2000, 254399
2017-07-27, 1.2500, 1.3000, 1.2000, 1.2000, 232365
2017-07-28, 1.2000, 1.2500, 1.1500, 1.1500, 306767
2017-07-31, 1.1500, 1.2000, 1.1500, 1.1500, 178008
2017-08-01, 1.1500, 1.2000, 1.1500, 1.2000, 258745
2017-08-02, 1.1500, 1.2000, 1.1500, 1.1500, 241972
2017-08-03, 1.2000, 1.2000, 1.1500, 1.1500, 285439
2017-08-04, 1.2000, 1.2000, 1.1500, 1.1500, 209759
2017-08-07, 1.1500, 1.2000, 1.1500, 1.1500, 321154
2017-08-08, 1.1500, 1.2000, 1.1000, 1.1500, 521385
2017-08-09, 1.1000, 1.1500, 1.1000, 1.1000, 232446
2017-08-10, 1.1000, 1.1500, 1.1000, 1.1000, 339710
2017-08-11, 1.1500, 1.1500, 1.1000, 1.1000, 193702
2017-08-14, 1.1500, 1.1750, 1.1000, 1.1500, 306035
2017-08-15, 1.1000, 1.2000, 1.1000, 1.1000, 572277
2017-08-16, 1.1000, 1.1500, 1.1000, 1.1500, 133071
2017-08-17, 1.1000, 1.1500, 1.1000, 1.1000, 448719
2017-08-18, 1.1000, 1.2000, 1.0500, 1.2000, 847636
2017-08-21, 1.1500, 1.2000, 1.1000, 1.1500, 382305
2017-08-22, 1.1000, 1.3000, 1.1000, 1.2500, 1548561
2017-08-23, 1.2500, 1.2500, 1.2000, 1.2500, 283565
2017-08-24, 1.2500, 1.2500, 1.1500, 1.2300, 325468
2017-08-25, 1.2500, 1.3000, 1.2000, 1.3000, 417534
2017-08-28, 1.3000, 1.3000, 1.2000, 1.2000, 551739
2017-08-29, 1.2000, 1.2750, 1.1500, 1.2250, 774124
2017-08-30, 1.2500, 1.2500, 1.2000, 1.2500, 382981
2017-08-31, 1.2500, 1.2500, 1.2000, 1.2500, 532618
2017-09-01, 1.2500, 1.3000, 1.2000, 1.3000, 304543
2017-09-05, 1.3000, 1.3000, 1.2500, 1.2500, 280746
2017-09-06, 1.2500, 1.3000, 1.2500, 1.2500, 350784
2017-09-07, 1.2500, 1.2700, 1.2000, 1.2000, 237647
2017-09-08, 1.2000, 1.2500, 1.2000, 1.2000, 157409
2017-09-11, 1.2000, 1.2500, 1.1000, 1.1300, 1266752
2017-09-12, 1.1500, 1.1500, 1.0500, 1.1000, 1505459
2017-09-13, 1.1000, 1.1500, 1.0500, 1.0500, 731488
2017-09-14, 1.0500, 1.1000, 1.0500, 1.1000, 897886
2017-09-15, 1.1000, 1.1500, 1.0500, 1.1500, 913520
2017-09-18, 1.1500, 1.2000, 1.1000, 1.1500, 426201
2017-09-19, 1.1500, 1.1800, 1.1000, 1.1500, 290549
2017-09-20, 1.1500, 1.1500, 1.1000, 1.1000, 337069
2017-09-21, 1.1000, 1.1500, 1.1000, 1.1000, 190088
2017-09-22, 1.1500, 1.1500, 1.0500, 1.1000, 441748
2017-09-25, 1.1000, 1.1300, 1.0500, 1.0800, 450168
2017-09-26, 1.1000, 1.1000, 1.0500, 1.0500, 321991
2017-09-27, 1.1000, 1.1000, 1.0500, 1.1000, 336725
2017-09-28, 1.1000, 1.1000, 1.0500, 1.0500, 131761
2017-09-29, 1.0500, 1.1000, 0.9000, 0.9500, 2134358
2017-10-02, 1.0000, 1.0300, 0.9800, 1.0000, 964847
2017-10-03, 1.0000, 1.0000, 0.9500, 0.9500, 891494
2017-10-04, 0.9600, 0.9700, 0.8800, 0.8900, 1625934
2017-10-05, 0.8900, 0.9500, 0.8800, 0.9400, 569445
2017-10-06, 0.9500, 0.9900, 0.9300, 0.9500, 748803
2017-10-09, 0.9700, 0.9900, 0.9300, 0.9700, 390804
2017-10-10, 0.9800, 0.9800, 0.9000, 0.9400, 569094
2017-10-11, 0.9300, 0.9400, 0.9000, 0.9200, 257626
2017-10-12, 0.9200, 0.9400, 0.8800, 0.9000, 347622
2017-10-13, 0.9100, 0.9100, 0.8800, 0.8800, 427845
2017-10-16, 0.8700, 0.9100, 0.8600, 0.9000, 525916
2017-10-17, 0.8874, 0.9000, 0.8651, 0.8800, 248537
2017-10-18, 0.8900, 0.9000, 0.8800, 0.8800, 277640
2017-10-19, 0.8800, 0.8800, 0.8100, 0.8400, 432000
2017-10-20, 0.8600, 0.8600, 0.8200, 0.8300, 267479
2017-10-23, 0.8400, 0.8400, 0.7800, 0.7900, 692783
2017-10-24, 0.8000, 0.8000, 0.7300, 0.7300, 1044787
2017-10-25, 0.7400, 0.7700, 0.6100, 0.7500, 1204801
2017-10-26, 0.7600, 0.8800, 0.7500, 0.8400, 422925
2017-10-27, 0.8500, 0.8700, 0.7900, 0.8200, 685410
2017-10-30, 0.8300, 0.8600, 0.8300, 0.8400, 407244
2017-10-31, 0.8500, 0.8500, 0.8000, 0.8300, 549738
2017-11-01, 0.8400, 0.8500, 0.8100, 0.8100, 294284
2017-11-02, 0.8200, 0.8300, 0.7900, 0.8000, 585269
2017-11-03, 0.8000, 0.8000, 0.7600, 0.7700, 409725
2017-11-06, 0.7600, 0.7800, 0.7500, 0.7500, 278143
2017-11-07, 0.7500, 0.7900, 0.7300, 0.7300, 370534
2017-11-08, 0.7300, 0.7500, 0.6900, 0.7100, 578486
2017-11-09, 0.7000, 0.7300, 0.6800, 0.7000, 362688
2017-11-10, 0.7000, 0.7100, 0.6800, 0.6800, 386978
2017-11-13, 0.6800, 0.6800, 0.6400, 0.6500, 532120
2017-11-14, 0.6500, 0.6500, 0.6100, 0.6100, 777299
2017-11-15, 0.6000, 0.7200, 0.6000, 0.6500, 1051794
2017-11-16, 0.6500, 0.7200, 0.6500, 0.6900, 590371
2017-11-17, 0.6800, 0.7400, 0.6800, 0.7100, 1039868
2017-11-20, 0.7000, 0.7400, 0.6900, 0.6900, 445937
2017-11-21, 0.7000, 0.7300, 0.6900, 0.7200, 433265
2017-11-22, 0.7200, 0.7300, 0.7100, 0.7200, 305115
2017-11-24, 0.7200, 0.7200, 0.7000, 0.7200, 308673
2017-11-27, 0.7124, 0.7200, 0.6900, 0.7119, 425261
2017-11-28, 0.7177, 0.7727, 0.7002, 0.7494, 700673
2017-11-29, 0.7552, 0.7900, 0.7501, 0.7829, 1175639
2017-11-30, 0.7903, 0.8991, 0.7900, 0.8383, 2682117
2017-12-01, 0.8385, 0.9700, 0.8383, 0.9609, 1031640
2017-12-04, 0.9748, 1.0400, 0.8900, 0.9101, 985870
2017-12-05, 0.9100, 0.9400, 0.8500, 0.8559, 727189
2017-12-06, 0.8602, 0.9181, 0.8600, 0.8702, 502036
2017-12-07, 0.8715, 0.9000, 0.8502, 0.8851, 364452
2017-12-08, 0.8800, 0.9200, 0.8700, 0.8950, 501497
2017-12-11, 0.9100, 0.9100, 0.7900, 0.8002, 1543486
2017-12-12, 0.8000, 0.8591, 0.8000, 0.8101, 339743
2017-12-13, 0.8200, 0.8364, 0.8000, 0.8068, 305823
2017-12-14, 0.8100, 0.8500, 0.7900, 0.7905, 367459
2017-12-15, 0.7834, 0.8000, 0.7328, 0.7356, 1278359
2017-12-18, 0.7422, 0.8041, 0.7387, 0.7550, 1164138
2017-12-19, 0.7400, 0.7600, 0.7155, 0.7221, 748977
2017-12-20, 0.7200, 0.7300, 0.6921, 0.7063, 1526413
2017-12-21, 0.7100, 0.7364, 0.6630, 0.6800, 1172160
2017-12-22, 0.6800, 0.6800, 0.6513, 0.6695, 1338994
2017-12-26, 0.6695, 0.7500, 0.6650, 0.7243, 1747074
2017-12-27, 0.7700, 0.7800, 0.7286, 0.7750, 783960
2017-12-28, 0.7800, 0.8350, 0.7601, 0.8018, 1317069
2017-12-29, 0.8001, 0.8620, 0.7952, 0.8491, 990645
2018-01-02, 0.8565, 0.8700, 0.8141, 0.8532, 475603
2018-01-03, 0.8357, 0.8600, 0.7819, 0.8322, 514900
2018-01-04, 0.8291, 0.8400, 0.7979, 0.8142, 307920
2018-01-05, 0.8071, 0.9500, 0.8063, 0.9080, 1348661
2018-01-08, 0.9409, 0.9415, 0.9050, 0.9178, 511825
2018-01-09, 0.9029, 0.9050, 0.8745, 0.8878, 343269
2018-01-10, 0.8687, 0.9400, 0.8500, 0.9399, 385447
2018-01-11, 0.9328, 1.0400, 0.9200, 1.0300, 1427415
2018-01-12, 1.0400, 1.0500, 0.9531, 0.9779, 903399
2018-01-16, 0.9881, 1.0400, 0.9654, 0.9825, 512232
2018-01-17, 0.9900, 1.0300, 0.9642, 0.9772, 421278
2018-01-18, 0.9800, 0.9900, 0.9500, 0.9590, 398141
2018-01-19, 0.9410, 0.9900, 0.9200, 0.9798, 281956
2018-01-22, 0.9800, 1.0000, 0.9548, 0.9853, 271200
2018-01-23, 0.9824, 1.0100, 0.9800, 1.0100, 463223
2018-01-24, 1.0100, 1.0100, 0.9700, 0.9711, 304152
2018-01-25, 0.9700, 0.9879, 0.9475, 0.9697, 523323
2018-01-26, 0.9811, 0.9900, 0.9450, 0.9857, 304998
2018-01-29, 0.9700, 0.9900, 0.9500, 0.9835, 201330
2018-01-30, 0.9800, 0.9895, 0.9452, 0.9600, 369237
2018-01-31, 0.9548, 0.9849, 0.9300, 0.9430, 421532
2018-02-01, 0.9461, 0.9662, 0.8652, 0.8799, 659857
2018-02-02, 0.8700, 0.8857, 0.8229, 0.8410, 385320
2018-02-05, 0.8400, 0.8400, 0.7500, 0.7513, 503624
2018-02-06, 0.7520, 0.8035, 0.7520, 0.7726, 531758
2018-02-07, 0.7805, 0.7900, 0.7500, 0.7639, 379595
2018-02-08, 0.7800, 0.7885, 0.7500, 0.7501, 497284
2018-02-09, 0.7586, 0.7898, 0.7421, 0.7701, 424332
2018-02-12, 0.7549, 0.7980, 0.7500, 0.7960, 246553
2018-02-13, 1.3100, 1.3300, 1.1650, 1.2300, 18977631
2018-02-14, 1.2500, 1.3050, 1.2200, 1.2800, 5537434
2018-02-15, 1.2900, 1.3000, 1.2300, 1.3000, 3326609
2018-02-16, 1.2800, 1.3200, 1.2700, 1.2700, 2662975
2018-02-20, 1.2700, 1.3500, 1.2400, 1.2500, 1752066
2018-02-21, 1.2400, 1.2700, 1.2000, 1.2400, 1653429
2018-02-22, 1.2600, 1.2600, 1.2100, 1.2300, 1847469
2018-02-23, 1.2300, 1.2800, 1.1800, 1.2500, 2399712
2018-02-26, 1.2700, 1.3100, 1.2400, 1.2900, 1648854
2018-02-27, 1.2800, 1.3100, 1.2400, 1.2500, 1003974
2018-02-28, 1.2400, 1.3100, 1.2300, 1.2900, 1996651
2018-03-01, 1.2800, 1.3200, 1.2500, 1.2700, 1752193
2018-03-02, 1.2500, 1.3400, 1.2400, 1.3100, 1316401
2018-03-05, 1.3000, 1.3700, 1.2700, 1.3400, 1727802
2018-03-06, 1.3500, 1.4200, 1.3100, 1.3900, 1855189
2018-03-07, 1.3900, 1.4500, 1.3700, 1.3900, 2345536
2018-03-08, 1.4000, 1.4100, 1.3500, 1.3700, 1186219
2018-03-09, 1.3600, 1.4300, 1.3600, 1.4200, 1578972
2018-03-12, 1.4200, 1.4300, 1.3800, 1.3900, 605442
2018-03-13, 1.4100, 1.4200, 1.3400, 1.3500, 1331163
2018-03-14, 1.3600, 1.3800, 1.3350, 1.3700, 593520
2018-03-15, 1.3800, 1.3800, 1.3400, 1.3600, 672595
2018-03-16, 1.3600, 1.6100, 1.3400, 1.5200, 3833853
2018-03-19, 1.5000, 1.5500, 1.4400, 1.5200, 2416867
2018-03-20, 1.5000, 1.5400, 1.4800, 1.5300, 1414408
2018-03-21, 1.5300, 1.5350, 1.4800, 1.4900, 1096544
2018-03-22, 1.4700, 1.4850, 1.4100, 1.4100, 1178642
2018-03-23, 1.4200, 1.5000, 1.4100, 1.4200, 1080653
2018-03-26, 1.4200, 1.4600, 1.3900, 1.4300, 1158584
2018-03-27, 1.4400, 1.4500, 1.3900, 1.4100, 1090208
2018-03-28, 1.4300, 1.4400, 1.4000, 1.4100, 841189
2018-03-29, 1.4300, 1.4450, 1.4100, 1.4200, 346465
2018-04-02, 1.4200, 1.4500, 1.3400, 1.3600, 1021529
2018-04-03, 1.3600, 1.3800, 1.3400, 1.3600, 386629
2018-04-04, 1.3400, 1.4000, 1.3200, 1.3800, 412890
2018-04-05, 1.3800, 1.4000, 1.3600, 1.3900, 324436
2018-04-06, 1.3700, 1.4100, 1.3500, 1.3700, 388567
2018-04-09, 1.3600, 1.4300, 1.3600, 1.3800, 394963
2018-04-10, 1.4000, 1.4400, 1.3800, 1.4400, 640748
2018-04-11, 1.4300, 1.4500, 1.4200, 1.4400, 250061
2018-04-12, 1.4500, 1.4800, 1.4400, 1.4500, 380159
2018-04-13, 1.4700, 1.4700, 1.4100, 1.4400, 457750
2018-04-16, 1.4400, 1.4600, 1.4100, 1.4500, 425773
2018-04-17, 1.4500, 1.4501, 1.4100, 1.4200, 510919
2018-04-18, 1.4300, 1.4600, 1.4100, 1.4400, 294673
2018-04-19, 1.4700, 1.4700, 1.4000, 1.4100, 545380
2018-04-20, 1.4000, 1.4400, 1.4000, 1.4300, 786510
2018-04-23, 1.4400, 1.4400, 1.3900, 1.4000, 383809
2018-04-24, 1.4000, 1.4300, 1.3700, 1.3700, 481785
2018-04-25, 1.3700, 1.4100, 1.3700, 1.3900, 445345
2018-04-26, 1.4000, 1.4100, 1.3800, 1.4100, 373889
2018-04-27, 1.4100, 1.4100, 1.3800, 1.3900, 812534
2018-04-30, 1.4000, 1.4300, 1.3700, 1.3700, 527114
2018-05-01, 1.3800, 1.3900, 1.3600, 1.3900, 394145
2018-05-02, 1.3800, 1.4100, 1.3600, 1.3900, 604815
2018-05-03, 1.3900, 1.4100, 1.3700, 1.4000, 279535
2018-05-04, 1.3900, 1.4500, 1.3850, 1.4000, 1634404
2018-05-07, 1.4000, 1.4100, 1.3800, 1.3900, 912400
2018-05-08, 1.3800, 1.4200, 1.3800, 1.4000, 282000
2018-05-09, 1.3900, 1.3900, 1.3800, 1.3800, 455808
2018-05-10, 1.3800, 1.4000, 1.3700, 1.3800, 368718
2018-05-11, 1.3900, 1.4000, 1.3600, 1.3700, 311021
2018-05-14, 1.3600, 1.4000, 1.3600, 1.3700, 237666
2018-05-15, 1.3800, 1.4000, 1.3600, 1.3900, 386952
2018-05-16, 1.4000, 1.4300, 1.3800, 1.3900, 1610915
2018-05-17, 1.4000, 1.4300, 1.3900, 1.4000, 769443
2018-05-18, 1.4300, 1.4300, 1.3900, 1.3900, 970031
2018-05-21, 1.3900, 1.4200, 1.3900, 1.4000, 320416
2018-05-22, 1.4000, 1.4100, 1.3600, 1.3900, 4530500
2018-05-23, 1.4000, 1.4100, 1.3700, 1.3900, 566480
2018-05-24, 1.4000, 1.4100, 1.3600, 1.3800, 342065
2018-05-25, 1.3800, 1.4000, 1.3600, 1.3700, 351800
2018-05-29, 1.3700, 1.4000, 1.3600, 1.3800, 409597
2018-05-30, 1.3700, 1.4000, 1.3700, 1.3800, 498273
2018-05-31, 1.3900, 1.4000, 1.3500, 1.3500, 1069432
2018-06-01, 1.3500, 1.3800, 1.3500, 1.3700, 531235
2018-06-04, 1.3900, 1.3900, 1.3300, 1.3400, 1064765
2018-06-05, 1.3500, 1.3600, 1.3300, 1.3500, 764221
2018-06-06, 1.3500, 1.3500, 1.3300, 1.3400, 3129562
2018-06-07, 1.3400, 1.3500, 1.3000, 1.3500, 639100
2018-06-08, 1.3500, 1.3500, 1.3300, 1.3300, 358878
2018-06-11, 1.3500, 1.3700, 1.3300, 1.3400, 1810782
2018-06-12, 1.3500, 1.3600, 1.3300, 1.3500, 720009
2018-06-13, 1.3400, 1.3500, 1.3300, 1.3400, 1064332
2018-06-14, 1.3400, 1.3500, 1.3200, 1.3400, 537100
2018-06-15, 1.3400, 1.3500, 1.3200, 1.3400, 1639061
2018-06-18, 1.3300, 1.3400, 1.3200, 1.3300, 605102
2018-06-19, 1.3300, 1.3350, 1.2900, 1.2900, 1026721
2018-06-20, 1.3100, 1.3500, 1.2900, 1.3400, 672457
2018-06-21, 1.3200, 1.3600, 1.3000, 1.3100, 895464
2018-06-22, 1.3000, 1.3600, 1.3000, 1.3500, 1753324
2018-06-25, 1.3400, 1.3450, 1.3000, 1.3200, 981758
2018-06-26, 1.3000, 1.3400, 1.3000, 1.3400, 794501
2018-06-27, 1.3300, 1.3500, 1.3000, 1.3100, 2811227
2018-06-28, 1.3200, 1.3500, 1.3100, 1.3400, 619178
2018-06-29, 1.3300, 1.3600, 1.3250, 1.3400, 904369
2018-07-02, 1.3600, 1.3950, 1.3100, 1.3800, 922168
2018-07-03, 1.4200, 1.4485, 1.3900, 1.4300, 1207764
2018-07-05, 1.4500, 1.4500, 1.3900, 1.4100, 1211405
2018-07-06, 1.4100, 1.4400, 1.3948, 1.4100, 750887
2018-07-09, 1.4000, 1.4300, 1.3900, 1.3900, 667030
2018-07-10, 1.4000, 1.4200, 1.3700, 1.3900, 1490496
2018-07-11, 1.3900, 1.4000, 1.3600, 1.4000, 518032
2018-07-12, 1.4000, 1.4050, 1.3700, 1.3700, 793521
2018-07-13, 1.3700, 1.3900, 1.3600, 1.3700, 535801
2018-07-16, 1.3800, 1.3900, 1.3600, 1.3900, 488943
2018-07-17, 1.4000, 1.4100, 1.3600, 1.3800, 1467452
2018-07-18, 1.3700, 1.3800, 1.3600, 1.3800, 2190817
2018-07-19, 1.3700, 1.3900, 1.3600, 1.3600, 1161343
2018-07-20, 1.3600, 1.4100, 1.3600, 1.4000, 1227193
2018-07-23, 1.3900, 1.4200, 1.3800, 1.4100, 3904353
2018-07-24, 1.4100, 1.5000, 1.4000, 1.4700, 2247353
2018-07-25, 1.4800, 1.5000, 1.4600, 1.4600, 1561887
2018-07-26, 1.4600, 1.5400, 1.4600, 1.5200, 1698282
2018-07-27, 1.5300, 1.5500, 1.4800, 1.4900, 1288459
2018-07-30, 1.5500, 1.5500, 1.3500, 1.4200, 11786098
2018-07-31, 1.4100, 1.5100, 1.3500, 1.3600, 8215659
2018-08-01, 1.3800, 1.4700, 1.3800, 1.4300, 5322343
2018-08-02, 1.4100, 1.4300, 1.3200, 1.3700, 4961964
2018-08-03, 1.3500, 1.4100, 1.3300, 1.3300, 7352659
2018-08-06, 1.3500, 1.3600, 1.3200, 1.3200, 7355704
2018-08-07, 1.2600, 1.3400, 1.2600, 1.3300, 20234214
2018-08-08, 1.3500, 1.4100, 1.3400, 1.3900, 7938831
2018-08-09, 1.3800, 1.4000, 1.3600, 1.3800, 9530317
2018-08-10, 1.3700, 1.4100, 1.3600, 1.4000, 2188362
2018-08-13, 1.3900, 1.4400, 1.3900, 1.4300, 7876752
2018-08-14, 1.4300, 1.4500, 1.4100, 1.4500, 4111114
2018-08-15, 1.4300, 1.4500, 1.4300, 1.4300, 4710700
2018-08-16, 1.4500, 1.5000, 1.4300, 1.5000, 5229818
2018-08-17, 1.4600, 1.5800, 1.4500, 1.5700, 5087168
2018-08-20, 1.5900, 1.6700, 1.5700, 1.6500, 6892477
2018-08-21, 1.6500, 1.6700, 1.5800, 1.6000, 8202123
2018-08-22, 1.6000, 1.6500, 1.5700, 1.5900, 3018438
2018-08-23, 1.6300, 1.6500, 1.5950, 1.6100, 4192884
2018-08-24, 1.6000, 1.6200, 1.5300, 1.5700, 4909205
2018-08-27, 1.5600, 1.5700, 1.5400, 1.5400, 2032376
2018-08-28, 1.5500, 1.5594, 1.4900, 1.5200, 5260509
2018-08-29, 1.5200, 1.6100, 1.5100, 1.6000, 13911771
2018-08-30, 1.5700, 1.6400, 1.5700, 1.6000, 5843513
2018-08-31, 1.5800, 1.6200, 1.5000, 1.5100, 4427897
2018-09-04, 1.5100, 1.5800, 1.5100, 1.5400, 4130415
2018-09-05, 1.5200, 1.5800, 1.4900, 1.4900, 4084006
2018-09-06, 1.5000, 1.5600, 1.5000, 1.5100, 3851834
2018-09-07, 1.5000, 1.5400, 1.4600, 1.4900, 5485473
2018-09-10, 1.5000, 1.5200, 1.4300, 1.4600, 4681946
2018-09-11, 1.4500, 1.4600, 1.4300, 1.4300, 3899324
2018-09-12, 1.4400, 1.4700, 1.4000, 1.4700, 4735824
2018-09-13, 1.4800, 1.5300, 1.4600, 1.5200, 3524951
2018-09-14, 1.5300, 1.5400, 1.4900, 1.5000, 2065767
2018-09-17, 1.5000, 1.5000, 1.4500, 1.4500, 3599958
2018-09-18, 1.4600, 1.4700, 1.4000, 1.4000, 5056504
2018-09-19, 1.3800, 1.4100, 1.3600, 1.3600, 6490741
2018-09-20, 1.3800, 1.4100, 1.3500, 1.3600, 5887988
2018-09-21, 1.3600, 1.3900, 1.2900, 1.3300, 18164068
2018-09-24, 1.3300, 1.3900, 1.3250, 1.3700, 8624631
2018-09-25, 1.3600, 1.4000, 1.3400, 1.3700, 7471453
2018-09-26, 1.3800, 1.4100, 1.3700, 1.3800, 6398460
2018-09-27, 1.4000, 1.4100, 1.3800, 1.3800, 4028037
2018-09-28, 1.3800, 1.4000, 1.3550, 1.3900, 2791211
2018-10-01, 1.3900, 1.3900, 1.3600, 1.3800, 3160666
2018-10-02, 1.3700, 1.3750, 1.3500, 1.3700, 2853701
2018-10-03, 1.3600, 1.4300, 1.3500, 1.4100, 6968397
2018-10-04, 1.3900, 1.4100, 1.3700, 1.3900, 4018818
2018-10-05, 1.4000, 1.4100, 1.3600, 1.3800, 6217812
2018-10-08, 1.3800, 1.4000, 1.3400, 1.3500, 2765928
2018-10-09, 1.3600, 1.3600, 1.3250, 1.3350, 4788979
2018-10-10, 1.3400, 1.3400, 1.2800, 1.3100, 6257297
