2013-08-08, 21.1000, 25.3625, 21.0700, 24.7300, 10631800
2013-08-09, 25.1000, 31.4400, 24.7500, 29.0900, 2303300
2013-08-12, 29.0000, 30.3400, 29.0000, 29.7000, 651100
2013-08-13, 29.9900, 29.9900, 26.6300, 28.6900, 519000
2013-08-14, 28.2600, 28.5900, 26.5100, 27.2300, 398300
2013-08-15, 26.6500, 26.9900, 25.1101, 25.8000, 520000
2013-08-16, 25.8000, 25.9900, 24.8400, 25.6300, 350800
2013-08-19, 26.0900, 26.4700, 25.5200, 25.9400, 305800
2013-08-20, 25.7100, 26.2390, 24.0000, 24.1000, 444400
2013-08-21, 24.0800, 25.2800, 22.6200, 23.7300, 637200
2013-08-22, 23.9900, 23.9900, 22.8700, 22.9200, 460000
2013-08-23, 22.8800, 23.6499, 22.8000, 23.4200, 222000
2013-08-26, 23.4100, 23.7400, 22.4100, 22.6000, 249500
2013-08-27, 22.5000, 22.5450, 20.6500, 21.6400, 638400
2013-08-28, 21.4500, 22.0300, 20.9620, 21.3600, 364100
2013-08-29, 21.9000, 22.8100, 21.6200, 22.1800, 394100
2013-08-30, 22.2900, 22.5600, 21.6000, 21.7300, 181200
2013-09-03, 22.2800, 22.7400, 21.1300, 22.3100, 534200
2013-09-04, 22.5000, 23.3000, 22.0000, 22.3900, 707700
2013-09-05, 23.0000, 24.9064, 22.4400, 24.2900, 568500
2013-09-06, 24.7900, 25.9100, 23.6800, 25.5400, 388800
2013-09-09, 25.8500, 27.4600, 25.0100, 25.9800, 591500
2013-09-10, 26.7600, 27.0800, 26.0000, 26.7600, 272300
2013-09-11, 26.9800, 26.9800, 24.1600, 25.4200, 466800
2013-09-12, 25.9500, 25.9500, 24.3200, 24.6400, 222900
2013-09-13, 24.6200, 25.0000, 23.7300, 23.9000, 199000
2013-09-16, 24.0100, 24.0100, 22.1000, 22.5700, 473600
2013-09-17, 22.5000, 24.1500, 22.3300, 23.9500, 428400
2013-09-18, 24.1500, 25.0900, 23.3100, 24.3000, 326800
2013-09-19, 24.5000, 24.7499, 23.5000, 23.7000, 166000
2013-09-20, 23.4100, 23.5950, 21.3100, 22.1200, 604700
2013-09-23, 22.1300, 22.8800, 21.2400, 22.1200, 411500
2013-09-24, 21.7400, 22.2000, 21.1200, 21.4100, 543300
2013-09-25, 21.5300, 22.2700, 21.2500, 22.1200, 1013000
2013-09-26, 22.5000, 22.7800, 22.1100, 22.6200, 443300
2013-09-27, 22.4000, 23.6000, 22.4000, 23.0100, 467000
2013-09-30, 22.3700, 24.2300, 22.0895, 23.6900, 1052200
2013-10-01, 23.6900, 24.3200, 23.4500, 24.2400, 465300
2013-10-02, 23.9900, 25.9500, 23.8900, 25.5000, 575300
2013-10-03, 25.5500, 25.9200, 24.2900, 25.1000, 420200
2013-10-04, 25.0100, 25.1400, 23.3600, 23.5900, 280100
2013-10-07, 23.5100, 23.5800, 22.8500, 23.1300, 356800
2013-10-08, 23.8400, 23.8400, 22.2000, 22.2700, 359000
2013-10-09, 22.4600, 22.4600, 20.7500, 21.2000, 669400
2013-10-10, 21.6100, 21.9500, 20.8500, 21.1500, 406100
2013-10-11, 20.9500, 21.8800, 20.1000, 21.8400, 493800
2013-10-14, 21.6700, 22.8000, 21.4750, 22.5000, 327700
2013-10-15, 22.4600, 22.7000, 22.1250, 22.2900, 147300
2013-10-16, 22.4200, 23.0800, 22.3601, 23.0100, 118000
2013-10-17, 23.0000, 23.3400, 22.8240, 23.1900, 143600
2013-10-18, 23.5000, 23.5500, 22.2601, 23.0000, 254400
2013-10-21, 23.0300, 23.1200, 21.7600, 21.8400, 155400
2013-10-22, 21.9800, 22.3500, 21.0700, 21.2100, 258600
2013-10-23, 21.1700, 21.1700, 20.7000, 20.9000, 189700
2013-10-24, 20.9200, 21.5700, 20.1600, 21.5100, 378200
2013-10-25, 21.6000, 22.0400, 20.7000, 22.0200, 188000
2013-10-28, 22.0000, 22.7200, 21.8101, 22.4000, 330800
2013-10-29, 22.8500, 22.8500, 21.9100, 22.0800, 133900
2013-10-30, 22.1000, 22.1000, 21.0000, 21.5400, 218800
2013-10-31, 21.6000, 21.7199, 21.0300, 21.2000, 129500
2013-11-01, 21.2200, 21.2692, 20.5000, 20.8800, 168100
2013-11-04, 20.8900, 21.2000, 20.5200, 20.6100, 100900
2013-11-05, 20.5600, 20.7000, 20.0200, 20.3500, 199100
2013-11-06, 20.4400, 20.5400, 18.2801, 18.6500, 410000
2013-11-07, 18.7000, 19.0399, 17.5200, 17.6500, 355500
2013-11-08, 18.3500, 20.1500, 17.9000, 19.3300, 738500
2013-11-11, 19.4100, 19.9300, 18.9500, 19.6200, 219800
2013-11-12, 19.8300, 19.9500, 19.0200, 19.2000, 214300
2013-11-13, 19.0200, 19.6200, 19.0200, 19.1700, 198600
2013-11-14, 19.2600, 19.4400, 17.8200, 18.1200, 278900
2013-11-15, 20.0800, 20.4500, 19.4300, 19.6700, 1388900
2013-11-18, 19.7700, 19.9500, 19.1300, 19.5100, 464200
2013-11-19, 19.3900, 19.6600, 19.0100, 19.4200, 378100
2013-11-20, 19.4400, 19.9290, 19.0204, 19.6000, 228200
2013-11-21, 19.7300, 21.3200, 19.7300, 20.9600, 541100
2013-11-22, 21.0700, 22.8700, 21.0100, 21.6500, 473300
2013-11-25, 21.6200, 21.8600, 20.8000, 21.2900, 54600
2013-11-26, 21.2600, 21.8100, 21.2000, 21.6000, 432800
2013-11-27, 21.7500, 22.0650, 21.3000, 21.9300, 191600
2013-11-29, 22.2000, 23.1600, 22.0000, 22.8900, 192200
2013-12-02, 22.5100, 22.6399, 20.9500, 21.0500, 621900
2013-12-03, 21.1000, 21.5600, 19.9500, 20.1900, 835800
2013-12-04, 20.1000, 20.9600, 20.0100, 20.7400, 337000
2013-12-05, 20.6700, 21.1400, 20.4800, 20.7900, 174400
2013-12-06, 21.1500, 21.2999, 19.7900, 20.5100, 255000
2013-12-09, 21.0000, 21.0000, 19.5400, 19.8200, 285300
2013-12-10, 19.8300, 20.0500, 19.4500, 19.4700, 354500
2013-12-11, 19.5600, 19.5600, 18.9100, 19.2100, 1009500
2013-12-12, 19.2100, 19.7501, 19.0000, 19.6300, 288200
2013-12-13, 19.6600, 19.8350, 19.2100, 19.7400, 272100
2013-12-16, 19.8200, 19.9900, 19.6200, 19.9100, 376900
2013-12-17, 19.8200, 19.9700, 19.4400, 19.8300, 152000
2013-12-18, 19.8700, 20.9400, 19.8000, 20.2700, 270900
2013-12-19, 20.2800, 20.5600, 19.9600, 20.1200, 197300
2013-12-20, 20.0400, 20.9800, 20.0100, 20.3600, 280500
2013-12-23, 20.3600, 21.9000, 20.3600, 21.4200, 409300
2013-12-24, 21.6400, 21.7780, 21.5000, 21.6200, 74700
2013-12-26, 21.7500, 21.9000, 21.2700, 21.5200, 118300
2013-12-27, 21.5100, 21.9000, 21.2601, 21.8200, 132300
2013-12-30, 22.0400, 22.9700, 22.0300, 22.5000, 763800
2013-12-31, 23.4300, 24.5000, 23.1000, 23.8000, 587200
2014-01-02, 23.6500, 23.8500, 23.0000, 23.7400, 328000
2014-01-03, 23.7800, 23.8850, 23.4300, 23.5000, 257400
2014-01-06, 23.7300, 23.7300, 22.5300, 22.7700, 336100
2014-01-07, 23.2000, 23.8477, 22.7500, 23.7000, 334800
2014-01-08, 24.0000, 27.0000, 23.7980, 25.6900, 862100
2014-01-09, 26.7700, 27.3800, 25.5500, 26.9900, 464100
2014-01-10, 27.4000, 29.9000, 27.2700, 29.8700, 1078900
2014-01-13, 30.2400, 30.4400, 28.3075, 28.7400, 864000
2014-01-14, 28.7100, 31.7400, 28.6100, 31.2500, 533700
2014-01-15, 32.2000, 34.2700, 31.5000, 34.1300, 934800
2014-01-16, 34.2200, 35.8400, 32.7900, 35.6700, 751600
2014-01-17, 35.8000, 37.7300, 35.4651, 36.8200, 695800
2014-01-21, 37.1600, 38.5000, 33.5000, 34.1900, 1008300
2014-01-22, 35.0000, 36.9299, 33.7900, 35.2000, 260500
2014-01-23, 35.5000, 36.1255, 34.0604, 35.0500, 345400
2014-01-24, 34.7500, 35.1500, 32.5100, 33.0700, 582400
2014-01-27, 33.8000, 34.0799, 31.5610, 32.6200, 410800
2014-01-28, 32.6400, 35.1800, 32.0025, 34.5700, 262400
2014-01-29, 34.0800, 34.8500, 32.7501, 32.9900, 246800
2014-01-30, 33.5600, 33.7600, 32.5700, 32.8500, 406500
2014-01-31, 32.1500, 34.7700, 31.6000, 33.5700, 342300
2014-02-03, 33.2700, 34.3000, 31.2800, 31.7300, 548700
2014-02-04, 32.0000, 32.6200, 30.7600, 31.3100, 449100
2014-02-05, 30.9200, 31.9000, 30.0000, 31.0300, 574600
2014-02-06, 31.3100, 31.7900, 29.6600, 30.0900, 412900
2014-02-07, 30.0200, 30.4800, 29.6000, 30.1600, 581700
2014-02-10, 29.6600, 29.9500, 28.7200, 29.3300, 666900
2014-02-11, 29.5200, 29.9168, 28.9206, 29.0000, 448700
2014-02-12, 28.9900, 29.1200, 28.1300, 28.3000, 473700
2014-02-13, 27.9600, 28.9900, 27.5900, 28.4500, 515000
2014-02-14, 28.3800, 28.5332, 26.7150, 27.0800, 424800
2014-02-18, 27.0300, 27.8200, 26.8200, 27.6800, 980900
2014-02-19, 27.8600, 28.0000, 27.0500, 27.1900, 346300
2014-02-20, 27.1500, 27.2258, 26.1450, 26.2000, 437400
2014-02-21, 26.2000, 26.2000, 25.4120, 25.4900, 600800
2014-02-24, 25.6700, 26.1000, 24.7700, 24.9800, 745200
2014-02-25, 25.2400, 28.9950, 24.0200, 27.9700, 1959400
2014-02-26, 29.1000, 29.4700, 26.3100, 26.4300, 835200
2014-02-27, 26.4300, 26.7899, 25.6600, 25.8600, 357600
2014-02-28, 25.7200, 27.9000, 25.6100, 25.9800, 568600
2014-03-03, 25.4900, 25.7100, 24.5000, 24.7400, 455600
2014-03-04, 25.2000, 26.8100, 25.1201, 25.8900, 586100
2014-03-05, 27.0800, 29.1000, 26.8200, 28.6300, 1043600
2014-03-06, 29.4100, 29.5099, 26.5601, 27.1200, 906100
2014-03-07, 27.3700, 27.3700, 25.9000, 26.7200, 578500
2014-03-10, 26.5500, 27.8100, 26.3300, 27.2700, 610600
2014-03-11, 27.4100, 29.2170, 26.9101, 27.4100, 811900
2014-03-12, 27.0300, 31.2400, 27.0300, 30.5500, 1268600
2014-03-13, 31.0000, 31.1096, 28.7100, 29.5700, 1110600
2014-03-14, 28.6000, 30.9200, 28.3700, 30.1400, 580100
2014-03-17, 30.5000, 31.1200, 29.6100, 29.9500, 597000
2014-03-18, 29.9900, 30.9900, 29.1300, 30.8700, 596500
2014-03-19, 31.0500, 31.7000, 29.9000, 30.6700, 500500
2014-03-20, 30.4700, 30.9200, 29.6300, 30.7200, 455200
2014-03-21, 30.8600, 30.8700, 27.4200, 28.1400, 2993200
2014-03-24, 28.0100, 28.5000, 26.7600, 27.6700, 883500
2014-03-25, 28.3500, 28.4500, 26.7700, 27.0500, 659900
2014-03-26, 27.3900, 27.7700, 25.3901, 25.7200, 657800
2014-03-27, 25.8300, 26.4200, 25.1600, 26.2600, 424600
2014-03-28, 26.2000, 26.6500, 23.8700, 24.2100, 900500
2014-03-31, 25.3500, 26.7200, 25.0600, 26.2900, 862200
2014-04-01, 26.2600, 26.6000, 24.7600, 25.5400, 1314400
2014-04-02, 25.6000, 25.9100, 24.8400, 25.1000, 726200
2014-04-03, 25.2100, 25.4499, 24.0875, 24.5500, 993900
2014-04-04, 24.7700, 25.0000, 22.6200, 23.4700, 1067400
2014-04-07, 23.0600, 23.1400, 20.9900, 22.4300, 1892600
2014-04-08, 22.2500, 23.9900, 21.7700, 23.6700, 1075800
2014-04-09, 23.8900, 24.2000, 23.1400, 23.9000, 575400
2014-04-10, 23.7800, 23.8500, 21.4700, 21.7500, 704700
2014-04-11, 21.2200, 22.6900, 20.8501, 21.4400, 845100
2014-04-14, 21.5500, 21.8700, 20.0000, 20.3100, 562400
2014-04-15, 20.3300, 20.6200, 18.0000, 19.4900, 1484300
2014-04-16, 19.7300, 19.7399, 18.6800, 19.6200, 885500
2014-04-17, 19.9299, 19.9900, 19.0300, 19.2700, 581200
2014-04-21, 19.4400, 19.8900, 19.0700, 19.6500, 348600
2014-04-22, 19.7100, 21.4000, 19.5950, 21.1000, 1413600
2014-04-23, 21.2600, 21.2900, 19.6150, 20.1600, 923100
2014-04-24, 20.2200, 20.2200, 19.0800, 19.6300, 511900
2014-04-25, 19.4200, 19.6000, 18.6100, 18.6600, 579900
2014-04-28, 18.6600, 19.3500, 18.0100, 18.6100, 597500
2014-04-29, 18.6900, 19.2299, 18.4600, 18.8700, 322200
2014-04-30, 18.9000, 18.9800, 18.3300, 18.8800, 355900
2014-05-01, 18.9800, 18.9800, 18.0100, 18.3200, 436300
2014-05-02, 18.2600, 18.5000, 18.0100, 18.4600, 393500
2014-05-05, 18.2000, 18.3000, 16.7500, 18.0000, 1474500
2014-05-06, 17.9300, 18.2400, 17.3000, 17.3200, 1028200
2014-05-07, 17.3300, 17.4000, 15.0600, 15.3900, 1424300
2014-05-08, 16.1400, 16.3100, 15.1010, 15.3000, 1405200
2014-05-09, 15.2000, 15.8600, 13.1300, 15.7600, 1652200
2014-05-12, 15.9600, 16.1900, 15.5400, 15.7400, 683400
2014-05-13, 15.7000, 16.2900, 15.4700, 15.5000, 556000
2014-05-14, 16.5500, 18.3900, 16.1900, 17.4900, 1928900
2014-05-15, 17.3300, 18.2900, 16.5500, 18.2000, 911700
2014-05-16, 18.3500, 18.3595, 17.5400, 18.0300, 661300
2014-05-19, 17.4000, 18.3000, 17.4000, 17.8200, 421600
2014-05-20, 17.2300, 17.7800, 16.5300, 16.7100, 706600
2014-05-21, 16.6600, 17.3700, 16.6001, 17.0900, 392400
2014-05-22, 17.0200, 18.8793, 16.8800, 17.8400, 716100
2014-05-23, 18.4000, 18.4000, 17.7000, 17.9900, 493700
2014-05-27, 18.0100, 18.8900, 17.8200, 18.8900, 964000
2014-05-28, 18.7900, 21.2500, 18.7900, 20.3300, 1598300
2014-05-29, 20.4800, 21.5600, 20.4700, 21.0400, 1156900
2014-05-30, 21.1400, 21.7100, 20.9400, 21.0900, 900400
2014-06-02, 21.4500, 22.4970, 21.3800, 22.2800, 1265000
2014-06-03, 22.0400, 23.0900, 22.0000, 22.9300, 1363800
2014-06-04, 22.7800, 23.3600, 22.3801, 23.3000, 644100
2014-06-05, 23.3100, 24.0775, 22.6806, 22.9600, 664000
2014-06-06, 22.9600, 23.6400, 22.5000, 23.4800, 476000
2014-06-09, 23.5000, 24.6300, 23.4500, 24.0400, 769500
2014-06-10, 24.1000, 24.8800, 23.9400, 24.7100, 560900
2014-06-11, 24.6400, 25.6500, 24.1200, 25.2500, 945400
2014-06-12, 25.2400, 25.4500, 24.4500, 24.9300, 479000
2014-06-13, 24.7800, 24.9300, 23.9300, 24.6200, 496700
2014-06-16, 24.6100, 26.2700, 24.5100, 25.6900, 716400
2014-06-17, 25.4800, 26.2400, 25.2110, 25.4300, 499600
2014-06-18, 25.4700, 25.8200, 24.9600, 25.6700, 462900
2014-06-19, 25.8400, 25.9600, 25.1000, 25.6900, 414400
2014-06-20, 25.7200, 25.9900, 25.3000, 25.9300, 513000
2014-06-23, 25.8800, 25.9820, 25.4318, 25.6100, 344700
2014-06-24, 25.4900, 25.9500, 24.3500, 24.7300, 542100
2014-06-25, 24.6100, 26.0000, 24.0500, 25.0300, 654600
2014-06-26, 25.2300, 25.5000, 24.8300, 25.4000, 388400
2014-06-27, 25.2000, 25.7800, 24.9000, 25.2300, 2880300
2014-06-30, 25.2200, 26.2300, 24.8720, 25.1300, 422800
2014-07-01, 25.2600, 25.6900, 24.3700, 24.6800, 592300
2014-07-02, 24.5600, 25.5400, 24.5600, 25.4000, 413800
2014-07-03, 25.4400, 26.6200, 25.2900, 26.5900, 449000
2014-07-07, 26.3400, 26.5500, 25.8450, 26.0500, 595900
2014-07-08, 25.9400, 25.9400, 23.4400, 23.6600, 777000
2014-07-09, 23.6700, 23.9300, 22.5700, 23.2300, 614500
2014-07-10, 22.5000, 25.0700, 22.1200, 24.8200, 851500
2014-07-11, 24.6700, 25.2000, 23.9300, 25.0600, 444100
2014-07-14, 25.2500, 25.3700, 24.7601, 24.8300, 179400
2014-07-15, 24.8000, 24.8300, 22.9100, 23.0500, 626700
2014-07-16, 23.1300, 23.8900, 22.8810, 23.4000, 324200
2014-07-17, 23.4400, 23.4400, 21.4300, 21.5100, 623200
2014-07-18, 21.5100, 22.8200, 21.3400, 22.4100, 519400
2014-07-21, 22.2400, 22.4800, 21.8300, 22.3900, 268500
2014-07-22, 22.6600, 22.8200, 22.0900, 22.2700, 258600
2014-07-23, 22.4600, 23.6499, 22.3800, 23.5800, 302900
2014-07-24, 23.6000, 24.3450, 23.0000, 24.0000, 363000
2014-07-25, 23.8700, 24.5000, 23.6120, 24.2000, 334600
2014-07-28, 23.9800, 24.3600, 22.6400, 22.7100, 390500
2014-07-29, 22.6700, 23.7900, 22.6700, 23.1900, 279700
2014-07-30, 23.4700, 24.2300, 23.4700, 23.9000, 226400
2014-07-31, 23.6200, 23.6200, 22.0000, 22.0900, 362800
2014-08-01, 22.0000, 22.5150, 21.2600, 21.9800, 278300
2014-08-04, 22.1100, 22.4900, 21.3000, 21.8100, 523000
2014-08-05, 21.5700, 22.3800, 21.3000, 21.8400, 487200
2014-08-06, 22.1800, 22.6900, 21.5500, 21.9900, 456200
2014-08-07, 22.0000, 23.2000, 21.8300, 22.5400, 685200
2014-08-08, 22.4800, 23.0300, 22.0900, 22.7100, 530100
2014-08-11, 22.9500, 23.2500, 22.4000, 22.5300, 364400
2014-08-12, 22.2700, 22.5330, 21.5000, 21.9000, 297000
2014-08-13, 22.0000, 22.5700, 21.8600, 22.2800, 256600
2014-08-14, 22.3200, 22.6565, 21.8800, 22.4000, 309100
2014-08-15, 23.5000, 23.6200, 20.7000, 21.6400, 1200700
2014-08-18, 21.9700, 22.1450, 21.4350, 21.5500, 520200
2014-08-19, 21.4500, 21.5900, 20.6500, 20.7800, 602400
2014-08-20, 20.6000, 20.7890, 20.3630, 20.5500, 322100
2014-08-21, 20.4200, 20.5600, 19.5900, 19.7500, 422400
2014-08-22, 19.7400, 20.4600, 19.4200, 20.0900, 291600
2014-08-25, 20.1600, 20.9600, 20.1600, 20.2900, 323800
2014-08-26, 20.3300, 20.7400, 20.0400, 20.6600, 227800
2014-08-27, 20.5900, 21.0000, 20.5300, 20.7100, 236600
2014-08-28, 20.4900, 20.7800, 19.9400, 20.1200, 228700
2014-08-29, 20.1200, 20.5800, 20.0601, 20.2800, 167300
2014-09-02, 20.0100, 20.2800, 19.1800, 19.2000, 596800
2014-09-03, 19.2800, 19.5100, 18.6200, 18.7800, 1063300
2014-09-04, 18.8300, 19.2600, 17.9201, 18.0200, 445600
2014-09-05, 17.8900, 18.1900, 17.3520, 17.8800, 455400
2014-09-08, 17.7100, 18.4000, 17.7100, 18.1800, 426400
2014-09-09, 18.2000, 18.3450, 17.7600, 17.8600, 408200
2014-09-10, 17.7500, 18.5500, 17.4800, 18.5400, 348100
2014-09-11, 18.3200, 18.7900, 18.0000, 18.6900, 295800
2014-09-12, 18.7400, 18.9200, 18.1600, 18.5200, 361500
2014-09-15, 18.4400, 18.5999, 18.0950, 18.3900, 535100
2014-09-16, 18.2300, 18.6300, 18.2000, 18.5900, 331700
2014-09-17, 18.6300, 19.6047, 18.5900, 19.3900, 535800
2014-09-18, 19.4100, 20.7400, 19.4100, 20.7100, 665900
2014-09-19, 20.5300, 20.7000, 19.6000, 20.1900, 1098300
2014-09-22, 20.0500, 20.0500, 18.4800, 18.9000, 485327
2014-09-23, 18.7500, 18.9300, 18.4800, 18.6500, 312713
2014-09-24, 18.6700, 19.4000, 18.6700, 19.0900, 483924
2014-09-25, 19.0000, 19.6600, 18.4900, 18.9300, 351836
2014-09-26, 19.0100, 19.3400, 18.6800, 19.0900, 192730
2014-09-29, 18.7300, 19.7600, 18.7300, 19.6900, 282540
2014-09-30, 19.6600, 19.6700, 18.5800, 18.5800, 343835
2014-10-01, 18.6000, 18.6000, 17.2500, 17.6700, 855739
2014-10-02, 17.7800, 18.1200, 17.1200, 18.0900, 240028
2014-10-03, 18.1500, 18.3200, 17.6500, 17.9900, 455167
2014-10-06, 18.0200, 18.0500, 17.5200, 17.6800, 448037
2014-10-07, 17.2700, 18.8000, 17.1500, 18.2300, 800597
2014-10-08, 18.2900, 18.4200, 16.9200, 17.4900, 712969
2014-10-09, 17.3600, 17.4400, 16.1300, 16.9100, 870867
2014-10-10, 16.7100, 17.4800, 16.4100, 16.9100, 472723
2014-10-13, 16.8800, 17.1500, 16.2400, 16.6100, 336432
2014-10-14, 16.7500, 18.6300, 16.6200, 18.1500, 722092
2014-10-15, 17.7000, 19.6400, 17.6000, 19.5700, 1131117
2014-10-16, 19.1600, 19.4000, 18.4600, 18.5100, 741168
2014-10-17, 18.7900, 18.8100, 17.7500, 17.9400, 333294
2014-10-20, 17.9400, 18.4900, 17.6200, 18.3300, 244259
2014-10-21, 18.5000, 18.8500, 18.2100, 18.7500, 307994
2014-10-22, 18.8200, 19.3600, 18.4100, 18.4800, 277833
2014-10-23, 18.7100, 20.6900, 18.6500, 20.6200, 655021
2014-10-24, 20.6300, 20.9700, 20.0200, 20.4500, 298066
2014-10-27, 20.3400, 21.3000, 19.9900, 21.1800, 289567
2014-10-28, 21.3000, 21.7300, 20.9900, 21.5200, 288546
2014-10-29, 21.5000, 21.7500, 20.8200, 21.4600, 276876
2014-10-30, 21.3800, 22.9600, 21.3000, 22.8900, 439286
2014-10-31, 23.2700, 23.6266, 22.2400, 22.3200, 1110411
2014-11-03, 22.3700, 22.4800, 20.9900, 21.1300, 391632
2014-11-04, 20.9100, 21.5000, 20.2810, 20.5700, 311614
2014-11-05, 20.7900, 20.8020, 19.5100, 19.5300, 296500
2014-11-06, 19.6000, 21.1400, 19.5500, 20.9400, 289440
2014-11-07, 20.9800, 21.2100, 20.0700, 21.1500, 389565
2014-11-10, 21.2400, 21.7050, 20.9700, 21.6000, 317428
2014-11-11, 21.6500, 25.0000, 21.4700, 23.9700, 2745862
2014-11-12, 23.7200, 24.4900, 23.0400, 24.4000, 845049
2014-11-13, 24.4300, 24.7900, 23.5200, 23.7700, 893070
2014-11-14, 23.7700, 23.9500, 22.3100, 23.4600, 668620
2014-11-17, 23.4800, 25.6400, 23.4500, 24.9300, 1071209
2014-11-18, 25.1800, 25.4900, 24.1500, 24.8400, 642114
2014-11-19, 24.9300, 27.0400, 24.8100, 25.4800, 1030534
2014-11-20, 25.5000, 26.7700, 25.0000, 26.1400, 669991
2014-11-21, 26.5900, 27.2200, 25.9800, 26.0700, 680668
2014-11-24, 26.2900, 26.5000, 25.8600, 26.4900, 325876
2014-11-25, 26.5500, 26.9000, 25.7700, 26.0200, 405494
2014-11-26, 26.0000, 26.0700, 25.1800, 25.8200, 310833
2014-11-28, 25.8000, 26.5500, 25.5800, 26.5300, 252793
2014-12-01, 26.9200, 26.9800, 25.4500, 25.4500, 625778
2014-12-02, 25.5900, 26.3300, 24.4000, 25.0400, 1185345
2014-12-03, 25.1400, 25.5500, 24.6600, 24.7900, 457095
2014-12-04, 24.5500, 24.5500, 23.4500, 23.7700, 456155
2014-12-05, 23.7500, 24.9300, 23.7500, 24.3900, 313776
2014-12-08, 24.4300, 25.8799, 24.4100, 24.8500, 567631
2014-12-09, 24.4000, 26.9500, 24.1200, 26.5900, 811708
2014-12-10, 26.5500, 27.1000, 25.4300, 25.9100, 559292
2014-12-11, 26.1900, 28.7800, 26.1300, 26.6600, 894350
2014-12-12, 26.3700, 28.0000, 26.1101, 27.0100, 812267
2014-12-15, 27.3100, 28.4700, 26.1600, 26.3500, 915651
2014-12-16, 26.2200, 27.3899, 25.5800, 26.1400, 576199
2014-12-17, 26.2700, 27.8000, 26.1600, 27.5800, 514258
2014-12-18, 28.0800, 28.6500, 27.0400, 27.6300, 612717
2014-12-19, 27.8500, 28.2100, 26.5200, 28.0200, 2229307
2014-12-22, 28.1000, 28.2750, 26.6000, 27.0100, 490276
2014-12-23, 27.1000, 27.3300, 24.4100, 25.5200, 638549
2014-12-24, 25.7600, 26.4800, 25.4400, 26.1900, 248852
2014-12-26, 26.3000, 26.9499, 25.9500, 26.5300, 233922
2014-12-29, 26.5000, 27.9100, 26.5000, 27.2000, 528744
2014-12-30, 27.0000, 27.9200, 26.6400, 27.6400, 479446
2014-12-31, 27.7900, 28.2100, 26.5900, 27.5300, 615233
2015-01-02, 27.7900, 28.7499, 25.8900, 26.1100, 538331
2015-01-05, 26.0000, 26.7075, 25.3800, 26.0800, 466267
2015-01-06, 26.2200, 26.6600, 25.2300, 26.3500, 545171
2015-01-07, 26.6600, 27.5000, 26.6600, 27.3600, 589785
2015-01-08, 27.7100, 28.6800, 27.4100, 28.0100, 692725
2015-01-09, 27.9300, 31.0000, 27.9300, 30.0800, 1173400
2015-01-12, 31.0100, 31.0100, 29.2200, 29.5000, 709595
2015-01-13, 29.7700, 29.9900, 27.8400, 28.3700, 588172
2015-01-14, 31.5200, 38.6000, 29.2800, 37.3000, 5193233
2015-01-15, 36.3300, 40.4900, 32.2600, 33.5300, 3268295
2015-01-16, 34.0600, 34.9800, 32.0500, 34.1100, 1198244
2015-01-20, 34.1200, 34.1200, 29.7400, 32.3900, 1341225
2015-01-21, 31.4600, 31.8000, 28.2600, 28.4000, 1486903
2015-01-22, 27.5000, 29.5900, 26.5000, 28.6400, 4219646
2015-01-23, 28.5100, 29.8100, 27.2000, 27.3400, 945037
2015-01-26, 27.4600, 29.3600, 27.1583, 29.3600, 1110080
2015-01-27, 28.8500, 32.9600, 28.6200, 31.8800, 1812179
2015-01-28, 31.7100, 32.1400, 29.6000, 30.0500, 985530
2015-01-29, 30.1400, 30.9200, 28.7300, 30.0500, 802506
2015-01-30, 29.9400, 30.4800, 28.4300, 28.7100, 1322509
2015-02-02, 28.7100, 30.0000, 28.0200, 28.9500, 1014343
2015-02-03, 29.0900, 30.0100, 28.0900, 29.9000, 921329
2015-02-04, 29.9200, 29.9200, 28.3800, 28.8800, 647306
2015-02-05, 29.1400, 30.4300, 28.8000, 29.8800, 574997
2015-02-06, 29.9000, 30.8000, 29.3110, 29.7200, 630379
2015-02-09, 29.6700, 31.1999, 29.2501, 30.1600, 717830
2015-02-10, 33.5000, 35.6100, 32.0600, 34.2700, 3841688
2015-02-11, 34.6300, 37.0000, 33.8500, 35.1400, 2218978
2015-02-12, 35.4300, 38.6900, 35.1550, 38.2500, 1808571
2015-02-13, 39.1300, 40.0200, 37.1201, 39.3000, 1726236
2015-02-17, 40.1800, 40.6000, 39.3600, 39.9500, 1514747
2015-02-18, 40.1500, 40.6000, 38.7500, 39.4000, 1333895
2015-02-19, 39.3000, 40.3500, 38.0400, 40.2200, 950201
2015-02-20, 40.5000, 41.9500, 39.5200, 41.7500, 1430004
2015-02-23, 42.0000, 45.1000, 40.8400, 41.1600, 2451166
2015-02-24, 41.6000, 42.2900, 39.2900, 39.9500, 1571356
2015-02-25, 40.1000, 42.2400, 39.5500, 42.1900, 1247310
2015-02-26, 43.0000, 43.5000, 41.3034, 42.9200, 1189155
2015-02-27, 43.0000, 43.1000, 40.3100, 41.0600, 1143768
2015-03-02, 41.5000, 41.7300, 39.6100, 40.2200, 1667100
2015-03-03, 43.2400, 49.1500, 42.0300, 48.1500, 5073688
2015-03-04, 48.0000, 50.9800, 47.0201, 48.1100, 3122866
2015-03-05, 49.0000, 49.8700, 47.8600, 49.5000, 1532632
2015-03-06, 49.5500, 50.3900, 48.5300, 50.1600, 1725095
2015-03-09, 50.2500, 50.3500, 46.2100, 48.7200, 1890750
2015-03-10, 46.2500, 48.2899, 45.2200, 47.0100, 1982732
2015-03-11, 47.1200, 47.8500, 45.9000, 46.8100, 1017103
2015-03-12, 47.2300, 47.9200, 46.3000, 47.4800, 1007656
2015-03-13, 47.0700, 47.7764, 45.8000, 46.4900, 684307
2015-03-16, 46.9600, 47.2400, 45.4800, 46.8800, 918642
2015-03-17, 46.7200, 46.8500, 45.7100, 46.1700, 710215
2015-03-18, 46.3000, 47.3499, 44.1100, 45.4700, 1064730
2015-03-19, 45.7000, 49.1800, 45.5901, 47.3700, 1381048
2015-03-20, 47.9100, 48.6899, 45.1600, 46.1100, 1794682
2015-03-23, 45.3900, 45.4300, 43.2200, 43.6800, 1251090
2015-03-24, 43.5700, 46.1200, 42.6311, 43.7300, 1029505
2015-03-25, 43.7300, 44.2500, 38.8800, 40.3500, 2327569
2015-03-26, 39.0000, 40.3300, 38.3300, 39.3700, 1374259
2015-03-27, 39.6000, 43.0600, 39.6000, 43.0000, 2209508
2015-03-30, 48.5100, 49.1500, 45.0700, 46.3000, 4321768
2015-03-31, 45.8800, 47.3200, 44.5000, 45.3700, 1953222
2015-04-01, 44.9000, 45.1300, 41.8600, 43.2800, 1861012
2015-04-02, 43.5000, 43.5000, 41.0000, 41.4400, 1411180
2015-04-06, 41.0900, 42.7500, 40.7500, 41.8800, 1126587
2015-04-07, 41.9000, 42.7376, 40.6800, 40.6900, 1051511
2015-04-08, 40.8900, 43.4900, 40.8900, 43.0900, 1288184
2015-04-09, 43.2800, 44.4400, 41.1500, 42.0200, 841940
2015-04-10, 41.8600, 43.3040, 41.3600, 42.8900, 630254
2015-04-13, 42.8900, 44.7900, 42.7200, 43.2900, 996073
2015-04-14, 43.5600, 44.7900, 42.3050, 44.5100, 1369961
2015-04-15, 44.9100, 45.0500, 43.5000, 44.1400, 907827
2015-04-16, 44.1100, 45.3300, 43.7500, 44.9900, 864646
2015-04-17, 44.4000, 44.6050, 42.9800, 43.7000, 962397
2015-04-20, 44.1400, 44.2100, 41.2710, 42.3900, 1092454
2015-04-21, 42.3700, 44.4000, 42.1000, 44.1700, 896481
2015-04-22, 44.2300, 44.9100, 43.5140, 44.5300, 802227
2015-04-23, 44.4600, 45.9500, 43.7800, 45.0100, 1054386
2015-04-24, 44.8400, 45.9600, 44.0300, 44.1000, 596174
2015-04-27, 44.0000, 44.8100, 40.2100, 40.8600, 1474187
2015-04-28, 41.0000, 41.4625, 37.3000, 39.2600, 2379558
2015-04-29, 38.8100, 40.3500, 38.1000, 38.7200, 1010172
2015-04-30, 38.5400, 39.6399, 38.1000, 38.8300, 1093612
2015-05-01, 39.0000, 40.7000, 38.5601, 39.9300, 1575335
2015-05-04, 40.0800, 41.4300, 39.8600, 40.5500, 1098584
2015-05-05, 40.4200, 40.8700, 38.9200, 39.0900, 944708
2015-05-06, 39.3800, 40.8300, 38.7400, 39.5800, 795345
2015-05-07, 40.3200, 42.4000, 39.9096, 42.1200, 1929896
2015-05-08, 42.8200, 43.9000, 41.9000, 42.8400, 2047028
2015-05-11, 43.0700, 43.9000, 42.4000, 43.0400, 1626306
2015-05-12, 44.9100, 44.9100, 41.6000, 44.1900, 2871546
2015-05-13, 44.1800, 45.3400, 41.6700, 41.9600, 2015314
2015-05-14, 41.9400, 42.1300, 39.6000, 40.9800, 1432874
2015-05-15, 40.9200, 41.0675, 39.5800, 40.0800, 1049473
2015-05-18, 39.9200, 41.4200, 39.6300, 41.1700, 822600
2015-05-19, 41.0900, 42.3300, 40.7818, 41.1700, 707496
2015-05-20, 41.4900, 41.9900, 40.5800, 41.5300, 512444
2015-05-21, 41.6100, 42.4700, 41.5100, 42.0000, 493356
2015-05-22, 41.8800, 42.9900, 41.7900, 42.6000, 564482
2015-05-26, 42.4800, 42.7800, 41.4400, 41.5800, 784509
2015-05-27, 41.6200, 41.7100, 40.5000, 41.1500, 878389
2015-05-28, 40.9500, 41.2600, 40.1100, 40.8800, 596965
2015-05-29, 40.7600, 42.7100, 40.7600, 42.1200, 850426
2015-06-01, 42.4200, 42.8300, 41.3700, 41.8800, 550238
2015-06-02, 41.8800, 44.0299, 41.5900, 42.3100, 1006303
2015-06-03, 42.9800, 43.7571, 42.2000, 43.5500, 646413
2015-06-04, 43.2600, 44.3900, 42.5300, 43.2900, 832938
2015-06-05, 43.2000, 45.6600, 42.8000, 45.4600, 1089940
2015-06-08, 45.8100, 47.8000, 45.5900, 47.6500, 1714419
2015-06-09, 46.5000, 47.6200, 44.3400, 46.5700, 1517119
2015-06-10, 46.3400, 46.9500, 45.3100, 46.4100, 822176
2015-06-11, 46.8200, 47.1000, 45.6800, 45.8400, 766491
2015-06-12, 45.5400, 46.1205, 44.6700, 44.7500, 738184
2015-06-15, 44.1200, 45.2100, 43.2100, 45.1100, 771094
2015-06-16, 44.8600, 45.9200, 44.5600, 45.4400, 600490
2015-06-17, 45.5600, 48.7300, 45.5600, 48.5600, 1742148
2015-06-18, 48.8900, 50.3400, 48.2400, 48.2700, 1830998
2015-06-19, 48.6300, 51.1650, 47.7800, 50.2700, 1757202
2015-06-22, 50.1000, 51.4400, 49.2900, 50.7100, 1150656
2015-06-23, 50.8800, 51.2700, 49.0300, 49.8000, 957051
2015-06-24, 49.6200, 49.9700, 48.1100, 48.1700, 1001142
2015-06-25, 48.4000, 49.2500, 47.6500, 49.1800, 881493
2015-06-26, 49.0400, 49.9200, 47.9500, 48.2800, 3314455
2015-06-29, 47.1100, 49.5000, 47.0000, 47.2100, 1209669
2015-06-30, 48.1100, 49.8500, 47.7700, 48.8000, 1292570
2015-07-01, 49.4400, 49.4800, 45.3800, 45.6800, 1675891
2015-07-02, 46.1100, 47.1300, 45.5000, 45.9500, 1123508
2015-07-06, 45.5400, 48.9900, 45.5400, 47.5400, 3399855
2015-07-07, 47.7200, 47.8599, 46.0200, 47.3000, 901220
2015-07-08, 46.5900, 47.1200, 44.7000, 45.0100, 1084739
2015-07-09, 45.7000, 46.6200, 45.0300, 45.5200, 718290
2015-07-10, 46.3000, 46.8100, 45.5600, 46.5400, 587417
2015-07-13, 47.0700, 47.6900, 46.0138, 46.4000, 779354
2015-07-14, 46.4400, 50.4900, 46.4400, 50.2300, 1794187
2015-07-15, 50.8500, 53.9000, 50.8500, 53.8000, 3264631
2015-07-16, 54.0700, 57.7100, 53.6600, 55.6000, 3535093
2015-07-17, 56.2300, 56.7000, 55.0100, 55.9200, 1337011
2015-07-20, 56.5000, 58.2960, 56.0100, 57.9500, 1302927
2015-07-21, 57.5000, 57.9600, 55.1000, 56.7700, 1361098
2015-07-22, 56.0300, 59.8200, 55.6200, 58.8900, 1354043
2015-07-23, 58.7000, 59.7900, 57.8200, 58.2500, 840349
2015-07-24, 57.7600, 59.1948, 56.2400, 56.8600, 1042992
2015-07-27, 56.4100, 56.4200, 54.0100, 54.5700, 1528682
2015-07-28, 55.3700, 61.3800, 55.0300, 60.6000, 2040733
2015-07-29, 61.4300, 62.5000, 59.7600, 62.3400, 1591421
2015-07-30, 62.1000, 63.7400, 60.4000, 63.4200, 1250843
2015-07-31, 63.5500, 66.0000, 62.5642, 65.2500, 1606846
2015-08-03, 65.7700, 67.9100, 64.7300, 65.2000, 1508348
2015-08-04, 65.1500, 65.6600, 63.7600, 65.3400, 1192094
2015-08-05, 66.1300, 68.8210, 65.9500, 68.7100, 1423240
2015-08-06, 69.0000, 69.4500, 63.2905, 65.5500, 2441216
2015-08-07, 65.5000, 65.5000, 57.3300, 59.5100, 3331274
2015-08-10, 61.9700, 62.8500, 57.3900, 57.6800, 2391214
2015-08-11, 52.0800, 55.8820, 46.5000, 48.9300, 7192189
2015-08-12, 48.0600, 52.6900, 46.5200, 51.7500, 3312972
2015-08-13, 51.7500, 52.9800, 49.8600, 50.0100, 1607772
2015-08-14, 49.9100, 50.0400, 46.3300, 47.5200, 1905410
2015-08-17, 47.1300, 49.3800, 47.0100, 49.0600, 1385311
2015-08-18, 49.6100, 50.2000, 47.1100, 48.0300, 1137525
2015-08-19, 47.5900, 47.9600, 45.6000, 47.0600, 1285224
2015-08-20, 47.2200, 47.3500, 42.2500, 42.5000, 1988264
2015-08-21, 41.6900, 46.6200, 41.0000, 45.4600, 4345740
2015-08-24, 41.4800, 44.6500, 39.5000, 42.5900, 2364335
2015-08-25, 45.2700, 46.1900, 42.2400, 42.5600, 1747900
2015-08-26, 43.8500, 44.4500, 41.3000, 44.2900, 1313648
2015-08-27, 45.0100, 45.5000, 43.5101, 44.8200, 1067811
2015-08-28, 44.1800, 47.6200, 43.8500, 46.7500, 1351779
2015-08-31, 46.0300, 47.5251, 44.0200, 44.5000, 820365
2015-09-01, 43.4800, 44.7500, 41.5500, 41.7700, 1420568
2015-09-02, 42.7600, 43.1400, 41.3000, 43.0000, 1369029
2015-09-03, 43.4000, 44.2500, 40.5500, 41.2100, 1371738
2015-09-04, 40.2600, 41.4700, 39.6600, 41.3400, 1389117
2015-09-08, 42.3700, 44.0500, 41.7800, 43.9900, 1238654
2015-09-09, 44.1800, 45.0000, 42.0500, 42.2600, 870856
2015-09-10, 42.0000, 43.1000, 41.6100, 42.5400, 932412
2015-09-11, 42.4100, 45.0000, 42.1900, 44.8800, 915851
2015-09-14, 45.0000, 46.4500, 44.5500, 45.9000, 944570
2015-09-15, 46.1400, 46.3800, 44.9705, 45.9800, 777118
2015-09-16, 45.6500, 46.9700, 45.1800, 46.3100, 982370
2015-09-17, 46.0400, 49.1890, 45.7400, 48.5700, 1372198
2015-09-18, 47.6500, 50.4600, 47.3600, 49.9100, 2261498
2015-09-21, 51.6150, 53.3900, 45.8000, 47.3800, 2909436
2015-09-22, 46.6400, 48.2600, 43.8200, 45.9800, 1699188
2015-09-23, 46.1600, 47.3800, 44.3200, 45.3800, 1306660
2015-09-24, 44.8900, 44.9999, 42.3600, 43.9900, 1539397
2015-09-25, 44.9600, 45.9000, 37.7200, 39.3400, 2809511
2015-09-28, 39.0000, 39.0100, 30.5301, 31.7800, 5489375
2015-09-29, 32.1600, 33.2000, 29.0000, 29.3900, 3876520
2015-09-30, 30.2900, 32.4400, 28.3900, 31.8000, 4261806
2015-10-01, 31.4500, 32.0600, 28.6100, 30.1000, 4124787
2015-10-02, 28.8400, 31.8000, 27.5200, 31.4400, 3974112
2015-10-05, 32.0500, 33.1600, 30.3000, 32.3900, 3874505
2015-10-06, 32.1700, 32.3478, 29.0200, 31.0700, 2516512
2015-10-07, 31.2900, 34.8400, 30.4600, 33.7100, 2749817
2015-10-08, 33.4200, 34.9800, 32.3673, 34.7700, 1840812
2015-10-09, 34.8300, 36.7500, 33.8700, 36.0100, 1858011
2015-10-12, 36.3500, 38.2400, 36.0700, 36.2500, 1762201
2015-10-13, 35.3600, 37.2000, 31.3900, 32.0500, 2904581
2015-10-14, 34.2900, 35.5400, 31.8800, 33.0000, 3893490
2015-10-15, 32.6600, 33.9000, 31.9100, 33.4800, 2538182
2015-10-16, 33.6300, 35.8600, 32.7300, 33.0700, 2310274
2015-10-19, 32.8600, 34.2900, 32.0200, 33.7400, 1835851
2015-10-20, 33.7000, 33.9990, 31.4100, 32.0000, 1583274
2015-10-21, 32.3600, 32.7500, 30.0000, 31.8400, 1971263
2015-10-22, 31.8200, 32.2890, 30.1200, 30.9800, 1739924
2015-10-23, 31.9600, 33.1900, 31.1790, 32.9300, 1592223
2015-10-26, 32.8800, 33.8200, 31.7800, 32.7600, 1302410
2015-10-27, 32.3000, 34.0000, 31.5600, 33.9700, 2027411
2015-10-28, 33.8500, 36.0000, 32.8300, 35.8100, 2356273
2015-10-29, 35.3900, 36.3700, 33.5200, 33.7300, 1727884
2015-10-30, 34.1700, 34.5900, 32.7700, 33.6000, 1306121
2015-11-02, 34.1800, 35.6300, 33.2000, 35.5200, 2557894
2015-11-03, 35.0000, 40.2400, 34.8000, 39.4200, 4355050
2015-11-04, 39.5500, 41.7700, 38.8100, 40.3600, 2512075
2015-11-05, 40.4000, 42.9900, 37.7800, 38.9400, 1848164
2015-11-06, 38.7800, 39.7500, 37.2800, 39.0000, 1599238
2015-11-09, 38.8100, 40.7600, 38.8100, 39.7800, 1581894
2015-11-10, 39.0000, 43.5500, 38.8500, 42.8000, 3554756
2015-11-11, 43.6800, 43.7600, 41.2900, 41.7600, 1820617
2015-11-12, 41.8200, 41.8200, 38.5000, 38.7200, 1997013
2015-11-13, 38.9000, 38.9000, 35.1100, 35.3400, 2474893
2015-11-16, 35.0000, 36.2800, 33.7600, 34.9400, 1369948
2015-11-17, 35.2900, 36.4500, 34.5495, 35.2300, 1023323
2015-11-18, 35.4900, 36.0900, 34.5000, 35.2900, 1453014
2015-11-19, 35.4800, 39.2950, 35.4100, 36.6500, 3216243
2015-11-20, 36.8500, 37.1100, 34.7400, 34.8500, 1721054
2015-11-23, 35.0000, 35.4700, 33.9100, 34.9300, 1706814
2015-11-24, 34.5900, 35.0441, 34.3000, 34.7300, 967499
2015-11-25, 34.7500, 37.2000, 34.7500, 36.8800, 1474824
2015-11-27, 37.1800, 37.6177, 36.2300, 36.8300, 402235
2015-11-30, 36.8300, 37.5900, 35.6800, 36.3100, 961729
2015-12-01, 36.7200, 36.8300, 35.3500, 36.2400, 1118596
2015-12-02, 36.1400, 36.6199, 34.6600, 34.8300, 1244698
2015-12-03, 35.0200, 35.8099, 31.4500, 31.5700, 2047629
2015-12-04, 32.0900, 33.1000, 29.3500, 32.9500, 2953753
2015-12-07, 32.5900, 32.5900, 29.8100, 30.7800, 2069355
2015-12-08, 31.3600, 32.7400, 30.6600, 32.4300, 1868896
2015-12-09, 31.9300, 32.9000, 31.4300, 32.3800, 2017364
2015-12-10, 32.3800, 33.5400, 31.9000, 32.0600, 1798417
2015-12-11, 31.3500, 31.4600, 29.6300, 29.8300, 2253268
2015-12-14, 29.8400, 30.9200, 28.6542, 29.5600, 2093133
2015-12-15, 30.4800, 30.7299, 29.2600, 30.7200, 2027765
2015-12-16, 31.2500, 33.2400, 31.1001, 32.9700, 1855238
2015-12-17, 33.3700, 33.9000, 31.3900, 31.8200, 1183032
2015-12-18, 31.8200, 32.9300, 31.2800, 31.2800, 2441962
2015-12-21, 31.7200, 31.9437, 30.5009, 31.8100, 1005730
2015-12-22, 32.9600, 33.7800, 30.7500, 31.4000, 1923990
2015-12-23, 31.6300, 31.8450, 30.9200, 31.6400, 965153
2015-12-24, 31.6000, 31.9800, 31.3310, 31.7500, 407314
2015-12-28, 31.5600, 31.8699, 30.8700, 31.0200, 1206648
2015-12-29, 31.1400, 31.3352, 30.0700, 30.7800, 1360415
2015-12-30, 30.8000, 32.0000, 30.5000, 31.5000, 1324683
2015-12-31, 31.4400, 31.6952, 30.1400, 30.1500, 1216422
2016-01-04, 30.0000, 30.1035, 28.7700, 29.1700, 1873609
2016-01-05, 29.2400, 29.8100, 28.2800, 28.5900, 2346842
2016-01-06, 27.9400, 28.5000, 25.0600, 26.1900, 3034803
2016-01-07, 25.3600, 27.2800, 24.5800, 27.1400, 2295502
2016-01-08, 27.5200, 27.8400, 25.1800, 25.6700, 1958451
2016-01-11, 25.6800, 26.0400, 22.0900, 23.1000, 3065225
2016-01-12, 23.4000, 24.6500, 21.6230, 23.2000, 2224278
2016-01-13, 23.4000, 23.8199, 21.2300, 21.3800, 2394776
2016-01-14, 21.4500, 25.4700, 18.5201, 25.1600, 4420630
2016-01-15, 23.5100, 27.1300, 22.2700, 27.1100, 3596264
2016-01-19, 27.6550, 27.8400, 24.5300, 24.7400, 3114726
2016-01-20, 23.2000, 26.7600, 21.6200, 26.2300, 2139135
2016-01-21, 26.2100, 28.5000, 25.3900, 26.5100, 2050356
2016-01-22, 26.5100, 28.3900, 26.4500, 27.6200, 1340940
2016-01-25, 27.6200, 28.4700, 26.2700, 26.7400, 1519421
2016-01-26, 26.7500, 27.0500, 25.2900, 25.9500, 1361903
2016-01-27, 26.7800, 27.6626, 25.0900, 26.3700, 1776013
2016-01-28, 27.9500, 32.6700, 27.3100, 29.0000, 6338228
2016-01-29, 30.1300, 31.4300, 26.6200, 29.1400, 4475740
2016-02-01, 30.2900, 32.7200, 28.7850, 31.5700, 3654204
2016-02-02, 31.5800, 32.7500, 29.2900, 30.7000, 2764559
2016-02-03, 32.1100, 32.4800, 29.5500, 31.0100, 2817419
2016-02-04, 31.3900, 35.7787, 30.0600, 34.9600, 3934790
2016-02-05, 34.7500, 36.8340, 33.1700, 35.9700, 2970828
2016-02-08, 34.6600, 36.0400, 34.3418, 35.0200, 1902501
2016-02-09, 34.1500, 35.6845, 32.6000, 33.9200, 1693729
2016-02-10, 34.7100, 34.9900, 30.8500, 31.1900, 1630395
2016-02-11, 30.0400, 30.8700, 29.6300, 30.3900, 1351141
2016-02-12, 30.7800, 31.2440, 28.6600, 29.6700, 1353504
2016-02-16, 30.0000, 31.3240, 29.7500, 30.6000, 1312868
2016-02-17, 31.4500, 33.0400, 31.4500, 32.3200, 1838817
2016-02-18, 32.5000, 32.7000, 30.1000, 30.9400, 1462890
2016-02-19, 30.7500, 33.4900, 29.9600, 32.4200, 1319528
2016-02-22, 32.8000, 33.8700, 32.2300, 32.6800, 825102
2016-02-23, 32.4000, 33.4900, 31.5200, 31.5500, 1190009
2016-02-24, 30.9500, 32.4700, 29.6400, 32.2800, 1210252
2016-02-25, 32.0600, 32.7850, 30.6400, 31.5500, 1257800
2016-02-26, 31.8500, 34.6900, 31.1400, 33.7600, 1580432
2016-02-29, 33.7000, 34.1300, 30.7000, 30.9500, 1655199
2016-03-01, 32.7500, 33.8400, 30.6500, 33.7300, 2637249
2016-03-02, 33.9000, 37.5900, 33.5100, 37.0200, 2893079
2016-03-03, 36.9500, 38.6000, 36.3500, 37.2800, 2022354
2016-03-04, 37.3000, 38.5000, 36.6001, 37.0300, 1816786
2016-03-07, 38.0400, 40.2400, 37.9000, 38.9000, 2569368
2016-03-08, 38.4900, 38.7600, 36.3500, 36.4700, 1620541
2016-03-09, 36.8500, 38.0000, 36.0100, 37.5500, 897467
2016-03-10, 37.8000, 38.1999, 34.6500, 34.9900, 1446371
2016-03-11, 35.8000, 38.0000, 35.6101, 37.9700, 1721914
2016-03-14, 38.4500, 38.8900, 36.9999, 37.4200, 1160972
2016-03-15, 36.8300, 36.9975, 34.0100, 34.1900, 1917563
2016-03-16, 33.8000, 35.5200, 33.2500, 34.5200, 1168506
2016-03-17, 34.5500, 36.1400, 34.4429, 35.7800, 1624643
2016-03-18, 35.6400, 38.2500, 35.1000, 37.3800, 2711830
2016-03-21, 37.0000, 39.4900, 36.5100, 38.4400, 1758194
2016-03-22, 37.8500, 39.2400, 37.3300, 37.8000, 1940744
2016-03-23, 37.5900, 38.4000, 35.3600, 35.4600, 1802978
2016-03-24, 35.2500, 36.5200, 34.4800, 35.9400, 1263255
2016-03-28, 36.0400, 36.4200, 33.9800, 34.5300, 1672179
2016-03-29, 34.0500, 35.4191, 33.3200, 35.2700, 1592636
2016-03-30, 35.8000, 36.4299, 33.5800, 33.7800, 1626750
2016-03-31, 33.7300, 34.8599, 33.4000, 33.8900, 1460590
2016-04-01, 33.4000, 35.0600, 33.2500, 34.6800, 1587001
2016-04-04, 35.0900, 36.0700, 34.2400, 35.0000, 1716073
2016-04-05, 34.2500, 34.7500, 33.4000, 33.4500, 2014263
2016-04-06, 33.7700, 35.1600, 33.5200, 35.1100, 1472277
2016-04-07, 35.0200, 35.7000, 33.9300, 34.5600, 1325216
2016-04-08, 34.8600, 35.2400, 34.0400, 34.4100, 823732
2016-04-11, 34.5600, 35.8500, 33.1400, 33.1700, 1647048
2016-04-12, 33.2000, 33.8300, 32.0800, 32.9900, 1469229
2016-04-13, 34.2900, 36.1000, 33.3100, 35.6900, 2167703
2016-04-14, 36.0000, 38.3399, 36.0000, 38.0000, 3142239
2016-04-15, 38.0000, 38.6000, 36.7101, 37.9600, 1382523
2016-04-18, 37.7500, 38.5400, 36.8300, 36.9900, 1165560
2016-04-19, 36.8200, 37.3400, 35.6500, 35.7600, 996666
2016-04-20, 35.9900, 37.5950, 35.8500, 36.8300, 931624
2016-04-21, 35.0200, 35.4000, 26.5000, 27.1000, 14115546
2016-04-22, 28.4100, 29.9700, 26.9000, 29.0100, 7650631
2016-04-25, 28.7500, 29.0000, 27.0100, 27.8100, 2412566
2016-04-26, 27.5300, 27.8100, 26.0300, 26.9200, 2550688
2016-04-27, 24.9600, 27.4800, 23.3500, 27.2400, 6846543
2016-04-28, 26.9400, 27.9800, 26.5500, 26.8500, 2195900
2016-04-29, 26.7900, 28.0580, 25.8206, 26.7300, 1988664
2016-05-02, 26.5700, 27.7300, 25.6201, 27.5500, 2287326
2016-05-03, 27.5000, 27.5000, 26.1600, 26.2600, 2089914
2016-05-04, 25.9400, 26.5800, 24.0600, 24.9900, 2667372
2016-05-05, 24.8100, 26.0800, 24.3963, 25.3800, 2455680
2016-05-06, 24.8500, 26.8200, 24.8400, 26.2100, 1879012
2016-05-09, 26.0300, 27.3800, 25.9300, 27.2100, 1694053
2016-05-10, 27.3000, 28.4900, 27.1240, 27.7500, 2272878
2016-05-11, 25.5600, 26.6600, 24.7800, 25.8200, 2989096
2016-05-12, 25.7100, 25.9300, 24.0600, 24.5000, 2513387
2016-05-13, 23.2400, 24.8100, 22.8100, 24.3500, 3619491
2016-05-16, 24.6300, 25.9500, 24.5100, 25.5500, 2126366
2016-05-17, 25.5500, 27.0250, 25.5050, 26.6400, 1947139
2016-05-18, 26.5400, 27.3600, 26.1890, 26.6800, 858517
2016-05-19, 26.4500, 27.2200, 26.3100, 26.5300, 852286
2016-05-20, 26.7000, 28.4700, 26.6963, 28.0500, 1902326
2016-05-23, 28.2400, 30.1000, 28.0500, 29.5900, 2094066
2016-05-24, 30.2300, 30.9800, 29.4600, 30.5800, 2385925
2016-05-25, 30.8000, 31.0300, 30.0600, 30.4300, 1205894
2016-05-26, 30.6300, 30.9400, 30.0500, 30.2400, 759983
2016-05-27, 30.2100, 30.2100, 29.0500, 30.0200, 723139
2016-05-31, 30.5000, 31.3599, 30.3500, 30.7400, 1454454
2016-06-01, 30.5600, 30.9000, 29.8500, 29.9400, 1042422
2016-06-02, 29.5600, 30.2058, 29.5100, 29.9900, 1203523
2016-06-03, 29.7600, 29.9900, 28.7500, 28.9600, 1087666
2016-06-06, 29.0000, 29.8000, 28.4600, 29.7000, 1093750
2016-06-07, 29.5000, 30.0300, 28.6100, 28.6200, 1017746
2016-06-08, 28.4000, 28.5000, 26.0100, 26.5000, 2130289
2016-06-09, 26.3400, 26.5100, 25.0000, 25.1300, 1631417
2016-06-10, 24.7900, 26.3300, 24.4000, 25.2700, 1577618
2016-06-13, 25.0000, 26.7000, 25.0000, 25.1300, 1441941
2016-06-14, 25.0000, 25.7325, 24.2500, 24.8500, 1590057
2016-06-15, 24.8500, 26.6000, 24.8500, 25.5000, 2586432
2016-06-16, 25.1100, 25.5225, 24.3100, 25.4200, 1861139
2016-06-17, 25.8100, 26.1500, 23.7550, 23.9500, 4639989
2016-06-20, 24.3400, 25.5500, 24.0000, 25.1200, 2586340
2016-06-21, 25.3700, 25.6199, 24.4350, 24.7800, 1195154
2016-06-22, 24.7500, 25.4000, 23.8700, 24.6500, 1289511
2016-06-23, 24.5600, 25.3000, 24.4400, 25.2000, 1967698
2016-06-24, 23.9900, 25.4800, 23.9500, 24.0000, 2440533
2016-06-27, 23.8200, 24.3000, 23.6400, 23.9900, 2377333
2016-06-28, 24.2900, 24.8000, 23.5500, 23.8200, 2092458
2016-06-29, 24.0200, 25.6000, 23.5400, 25.4400, 1466156
2016-06-30, 24.9900, 25.3600, 23.8501, 24.6100, 1455159
2016-07-01, 24.4500, 26.3700, 24.4200, 26.3700, 1348533
2016-07-05, 26.0300, 26.0300, 24.8250, 25.1700, 1338210
2016-07-06, 24.8500, 25.9200, 24.7800, 25.8900, 1557349
2016-07-07, 25.4300, 26.3000, 25.1800, 25.8900, 1076509
2016-07-08, 25.8900, 27.2400, 25.8400, 26.7200, 1353978
2016-07-11, 27.3900, 27.4900, 26.1500, 26.2300, 1213150
2016-07-12, 26.7000, 26.7299, 25.8500, 25.8900, 1107396
2016-07-13, 26.1000, 26.3000, 24.5100, 24.6700, 969307
2016-07-14, 24.7600, 25.2000, 24.6000, 24.8900, 700632
2016-07-15, 24.2400, 24.6800, 24.0700, 24.5500, 1184972
2016-07-18, 24.6400, 25.5300, 24.4400, 25.4500, 820685
2016-07-19, 25.0600, 25.6400, 22.8800, 23.0800, 2840916
2016-07-20, 23.4700, 24.7500, 23.3900, 24.5500, 1376515
2016-07-21, 24.8800, 25.2999, 23.9700, 24.3300, 1223103
2016-07-22, 24.4300, 24.6381, 23.9800, 24.0100, 737617
2016-07-25, 24.0300, 24.5910, 23.8700, 24.3800, 860514
2016-07-26, 24.2600, 24.9200, 23.8300, 24.6100, 706312
2016-07-27, 24.6300, 25.6200, 24.6000, 25.5700, 849196
2016-07-28, 25.4000, 25.7400, 24.3300, 24.7100, 749760
2016-07-29, 24.6500, 25.6300, 24.4500, 25.3300, 842160
2016-08-01, 25.2700, 27.8500, 25.2600, 27.3800, 2369835
2016-08-02, 27.5900, 28.0000, 25.5400, 26.2300, 1768253
2016-08-03, 26.3700, 29.0000, 26.2900, 28.3900, 2825271
2016-08-04, 28.6500, 29.2500, 27.5100, 27.6800, 1539068
2016-08-05, 28.0500, 28.8500, 27.5000, 28.7100, 1823239
2016-08-08, 30.1000, 30.1500, 26.9180, 27.0500, 2295601
2016-08-09, 26.9800, 27.2600, 26.4100, 26.9600, 1637135
2016-08-10, 27.3800, 28.3700, 26.6100, 27.9300, 2739475
2016-08-11, 28.3500, 29.1100, 28.0000, 28.6800, 1219503
2016-08-12, 28.6300, 28.6300, 27.6500, 28.2700, 1143102
2016-08-15, 28.6800, 29.4400, 28.5400, 29.0000, 1287071
2016-08-16, 29.0300, 29.3000, 28.4600, 28.5800, 900436
2016-08-17, 28.4500, 29.7400, 28.1100, 29.2600, 2422109
2016-08-18, 29.3100, 29.6900, 28.8300, 29.3500, 1004314
2016-08-19, 29.4000, 29.4500, 28.7500, 29.1600, 1387721
2016-08-22, 29.2300, 30.5600, 29.1200, 29.8400, 2042038
2016-08-23, 29.9000, 30.4700, 29.1225, 29.2700, 1173744
2016-08-24, 29.3100, 29.7060, 26.2000, 26.2900, 2999488
2016-08-25, 26.5000, 26.9600, 24.8900, 25.6800, 2016960
2016-08-26, 25.6700, 26.3600, 25.3500, 26.1200, 1771387
2016-08-29, 26.0400, 26.3550, 24.3000, 25.4700, 2533045
2016-08-30, 25.4900, 26.1900, 25.0700, 25.4500, 1143664
2016-08-31, 25.2000, 25.5700, 24.8300, 25.2400, 1289007
2016-09-01, 25.0100, 25.5500, 24.6000, 25.2900, 1050463
2016-09-02, 25.3800, 25.7600, 24.9600, 25.3300, 966052
2016-09-06, 25.3800, 26.3400, 25.2600, 26.0000, 1276929
2016-09-07, 26.0300, 28.3000, 25.7000, 27.1600, 3962615
2016-09-08, 27.1500, 27.8300, 26.5230, 27.2900, 1561090
2016-09-09, 26.8800, 27.3100, 25.3800, 25.4000, 1873187
2016-09-12, 25.1100, 26.6100, 25.0400, 26.5900, 1254284
2016-09-13, 26.0600, 26.9245, 25.8600, 26.6200, 887802
2016-09-14, 26.8300, 27.2375, 26.2300, 26.7900, 1044638
2016-09-15, 27.0200, 27.5400, 26.5000, 27.4400, 1005579
2016-09-16, 27.1800, 28.0000, 27.1300, 27.8500, 1803479
2016-09-19, 28.0000, 28.5500, 27.5400, 27.9200, 1246137
2016-09-20, 28.1300, 28.5700, 27.7400, 27.8800, 918412
2016-09-21, 28.0200, 28.3100, 26.7700, 28.1100, 1490600
2016-09-22, 28.2600, 28.4500, 27.7700, 28.0400, 909791
2016-09-23, 27.9100, 28.2600, 27.3900, 27.4100, 860979
2016-09-26, 27.5400, 27.6000, 27.0350, 27.1900, 477034
2016-09-27, 27.0600, 27.7700, 26.9700, 27.4500, 669571
2016-09-28, 27.6600, 28.1000, 27.0208, 27.8100, 943149
2016-09-29, 27.8000, 27.8000, 26.7100, 27.7500, 2241187
2016-09-30, 27.7500, 28.4400, 27.5100, 28.0200, 1065265
2016-10-03, 27.7700, 29.1700, 27.7400, 29.0400, 1364126
2016-10-04, 29.0000, 29.2500, 28.1700, 28.7800, 1262571
2016-10-05, 28.8200, 29.5900, 28.7200, 28.9100, 1017500
2016-10-06, 28.7600, 29.0600, 28.4200, 28.5300, 784900
2016-10-07, 28.4700, 29.7500, 28.2300, 29.6900, 1387993
2016-10-10, 29.8600, 30.7800, 29.4600, 30.4900, 1421769
2016-10-11, 30.2900, 30.5896, 29.1900, 29.3700, 1197253
2016-10-12, 29.2300, 29.5600, 27.4400, 27.5600, 1270303
2016-10-13, 27.0000, 28.1050, 26.8700, 27.2900, 1048654
2016-10-14, 27.3600, 27.7200, 26.4200, 26.6800, 1346610
2016-10-17, 26.6800, 26.8700, 25.8100, 25.8300, 1092518
2016-10-18, 26.1500, 26.5000, 25.8900, 26.3500, 831678
2016-10-19, 26.3000, 26.4200, 25.6700, 25.9700, 947444
2016-10-20, 25.8800, 27.1400, 25.8200, 27.0700, 869939
2016-10-21, 26.8700, 27.0500, 26.5000, 26.6300, 1306812
2016-10-24, 26.7000, 27.0200, 26.3300, 26.6200, 565773
2016-10-25, 26.3700, 27.0000, 26.2850, 26.3400, 571851
2016-10-26, 26.3800, 27.1800, 26.0300, 26.4000, 696184
2016-10-27, 26.6400, 27.0800, 26.0400, 26.1100, 709124
2016-10-28, 25.9200, 26.5400, 25.5200, 25.9400, 1160112
2016-10-31, 25.9800, 26.2199, 25.7600, 26.1000, 616546
2016-11-01, 26.0200, 26.5300, 25.7100, 26.4400, 645838
2016-11-02, 26.1900, 26.4100, 25.4700, 25.6000, 931716
2016-11-03, 25.9200, 26.0000, 24.3000, 24.5100, 1326143
2016-11-04, 24.4500, 25.8400, 24.4300, 25.3900, 1551180
2016-11-07, 25.6700, 25.6900, 24.7600, 25.3700, 1211247
2016-11-08, 24.9900, 26.3100, 24.8300, 25.7900, 977369
2016-11-09, 27.2300, 28.4900, 26.5700, 28.1200, 2195418
2016-11-10, 28.1400, 29.7500, 27.1400, 29.4200, 1793735
2016-11-11, 29.2600, 29.8000, 28.6950, 29.7000, 1606854
2016-11-14, 29.8100, 32.0000, 29.3600, 31.9800, 2037259
2016-11-15, 32.0000, 32.8500, 31.2116, 32.6600, 1632579
2016-11-16, 32.4500, 32.9000, 30.4800, 30.5000, 2900715
2016-11-17, 30.6800, 31.4200, 30.1500, 31.4200, 883118
2016-11-18, 31.3500, 31.8500, 30.9700, 31.1900, 1141018
2016-11-21, 30.9000, 31.6800, 29.8500, 31.0100, 1388332
2016-11-22, 31.3400, 31.3800, 30.2600, 30.3500, 1079842
2016-11-23, 29.7100, 31.3700, 29.5100, 31.3200, 682730
2016-11-25, 31.3400, 31.6800, 31.0000, 31.6800, 460383
2016-11-28, 31.3900, 31.5800, 29.9600, 30.3900, 1337144
2016-11-29, 30.4400, 30.9300, 30.0500, 30.3500, 841881
2016-11-30, 30.4100, 30.4550, 28.9700, 29.1800, 1299483
2016-12-01, 29.4400, 29.4412, 27.7700, 27.8400, 1330886
2016-12-02, 27.9500, 29.0000, 27.5900, 28.2800, 1015997
2016-12-05, 28.5400, 30.0500, 28.2400, 29.9500, 1408437
2016-12-06, 29.9800, 30.5000, 29.3700, 30.4900, 1175912
2016-12-07, 29.5600, 30.3700, 29.1500, 30.0000, 1667841
2016-12-08, 29.9700, 30.4300, 29.3100, 30.3500, 1442296
2016-12-09, 30.6000, 30.9600, 29.7200, 29.8300, 979206
2016-12-12, 29.4800, 29.6400, 28.4000, 28.4300, 1144399
2016-12-13, 28.9400, 29.3500, 28.6200, 28.7100, 1206136
2016-12-14, 28.7000, 29.2800, 27.8700, 28.1100, 1215918
2016-12-15, 28.2000, 28.4900, 27.7500, 28.3800, 1041105
2016-12-16, 28.2800, 29.1800, 28.1700, 28.3500, 2359384
2016-12-19, 28.4100, 29.3900, 28.3100, 28.6400, 1110339
2016-12-20, 28.8200, 28.8700, 27.0900, 27.2200, 1355134
2016-12-21, 27.1500, 27.4900, 26.1000, 26.1300, 1140060
2016-12-22, 26.0000, 26.4000, 25.4100, 25.6000, 1049163
2016-12-23, 25.0700, 26.1500, 25.0200, 25.7800, 1209058
2016-12-27, 25.9000, 26.2600, 25.5700, 25.6000, 884709
2016-12-28, 25.4300, 25.6100, 24.5000, 24.5400, 1278610
2016-12-29, 24.5900, 25.3100, 24.3200, 24.9200, 1811960
2016-12-30, 24.9800, 25.1000, 24.0100, 24.3000, 1173581
2017-01-03, 24.4500, 24.8300, 23.8700, 24.8100, 1212032
2017-01-04, 24.7400, 26.2000, 24.7400, 26.0300, 1281181
2017-01-05, 26.1200, 26.5400, 25.3950, 25.8300, 1223611
2017-01-06, 25.9200, 26.5000, 25.6200, 26.4000, 749667
2017-01-09, 26.5800, 26.8200, 25.9400, 26.3900, 752307
2017-01-10, 26.4900, 26.5700, 25.7800, 26.5000, 661516
2017-01-11, 26.4400, 26.9500, 25.3400, 25.4000, 1100574
2017-01-12, 25.1300, 25.3900, 24.4300, 25.2600, 1240608
2017-01-13, 25.3800, 25.7500, 24.6000, 24.7700, 1037311
2017-01-17, 24.5300, 24.8800, 23.8100, 24.7400, 1663605
2017-01-18, 24.9600, 25.0900, 24.4000, 25.0700, 972565
2017-01-19, 25.0300, 25.0700, 23.2000, 23.5100, 1806366
2017-01-20, 23.5600, 23.7950, 23.0700, 23.3100, 1217431
2017-01-23, 23.2000, 23.3940, 21.9800, 22.0900, 1612624
2017-01-24, 21.9800, 22.4264, 21.1532, 21.6500, 2150832
2017-01-25, 21.8900, 22.0000, 21.0600, 21.1400, 1741921
2017-01-26, 21.1200, 21.7500, 20.7000, 20.7800, 1203897
2017-01-27, 20.8800, 21.6400, 20.6000, 21.6000, 1156147
2017-01-30, 21.9000, 21.9000, 20.6000, 21.0000, 1178076
2017-01-31, 20.8900, 21.5700, 20.4100, 21.1600, 1699842
2017-02-01, 21.2000, 21.2400, 20.4300, 20.4900, 1234735
2017-02-02, 21.0100, 21.9500, 20.3900, 20.9400, 3462329
2017-02-03, 21.1800, 22.0600, 20.9700, 22.0400, 1695968
2017-02-06, 22.2100, 22.3900, 21.2200, 21.4300, 1578330
2017-02-07, 21.4200, 22.1200, 21.2300, 21.4100, 1312164
2017-02-08, 21.3200, 21.6300, 21.0900, 21.3300, 1010890
2017-02-09, 21.5300, 21.8800, 21.4700, 21.6500, 1008600
2017-02-10, 21.6800, 21.9700, 21.3500, 21.8500, 726456
2017-02-13, 22.0000, 22.5000, 21.7700, 22.2700, 1132100
2017-02-14, 22.2500, 23.3400, 22.1300, 23.2900, 1351937
2017-02-15, 23.2400, 23.7500, 23.1600, 23.6500, 1309778
2017-02-16, 23.9100, 23.9700, 23.0500, 23.5700, 1344800
2017-02-17, 23.3500, 23.7100, 23.1100, 23.4300, 869316
2017-02-21, 23.5300, 23.7000, 23.1000, 23.3000, 898420
2017-02-22, 23.2500, 23.4700, 22.3300, 22.3300, 1124630
2017-02-23, 22.4100, 22.5900, 21.8600, 22.0300, 857293
2017-02-24, 21.7900, 22.2700, 21.5200, 21.9100, 838611
2017-02-27, 21.8300, 23.0200, 21.7500, 22.9600, 1101370
2017-02-28, 22.9400, 23.0500, 22.2100, 22.2600, 879137
2017-03-01, 22.6300, 23.0500, 21.7000, 21.8000, 1546473
2017-03-02, 21.1100, 24.0000, 20.2000, 23.5600, 4021072
2017-03-03, 23.4600, 23.4900, 22.7800, 22.9200, 1467874
2017-03-06, 22.8500, 22.9200, 22.3800, 22.7300, 848209
2017-03-07, 22.3400, 22.7700, 22.0000, 22.2500, 1239305
2017-03-08, 22.3100, 23.2600, 22.3100, 22.8300, 831981
2017-03-09, 22.7200, 23.2200, 22.5700, 22.9100, 600920
2017-03-10, 22.8900, 23.8400, 22.8300, 23.7800, 811013
2017-03-13, 23.7400, 23.7400, 22.7900, 22.8600, 1807565
2017-03-14, 22.6300, 22.7500, 20.8000, 20.8300, 2135994
2017-03-15, 20.8200, 21.3200, 20.4500, 21.1600, 1494554
2017-03-16, 21.1900, 21.4800, 20.9500, 21.3800, 1001864
2017-03-17, 21.1000, 21.5900, 20.8100, 20.9900, 2239790
2017-03-20, 20.9800, 21.1500, 20.5300, 20.6800, 824837
2017-03-21, 20.7600, 21.0300, 19.2500, 19.3100, 1800327
2017-03-22, 19.2400, 19.5000, 18.5500, 19.1900, 1367333
2017-03-23, 19.0600, 19.5100, 18.8500, 18.9300, 791977
2017-03-24, 18.9300, 19.3500, 18.7800, 19.1400, 715451
2017-03-27, 18.9000, 20.1400, 18.8600, 20.0200, 932238
2017-03-28, 19.7000, 20.2300, 19.4600, 19.9500, 719679
2017-03-29, 19.9900, 21.0000, 19.9200, 20.2300, 1100731
2017-03-30, 20.2000, 20.2200, 19.7000, 19.7200, 790908
2017-03-31, 19.7500, 20.1200, 19.6900, 19.8200, 512808
2017-04-03, 19.9000, 20.2000, 19.2400, 19.3700, 901737
2017-04-04, 19.3500, 19.5800, 18.8600, 19.2800, 822225
2017-04-05, 19.3300, 19.6500, 18.5900, 18.9200, 1315919
2017-04-06, 18.8700, 19.0400, 18.4100, 19.0200, 1220515
2017-04-07, 18.8900, 19.2400, 18.6300, 19.2200, 954872
2017-04-10, 19.2500, 20.4300, 19.1500, 20.1900, 1322455
2017-04-11, 20.1900, 20.4300, 19.2900, 19.6800, 1242943
2017-04-12, 19.7000, 20.0600, 19.5600, 19.8700, 926669
2017-04-13, 19.8600, 20.2000, 19.5800, 19.6700, 902459
2017-04-17, 19.6900, 19.9600, 19.4400, 19.5000, 616320
2017-04-18, 19.4700, 19.4700, 18.7400, 19.3300, 1088497
2017-04-19, 19.4400, 20.3700, 19.2100, 20.1200, 1229500
2017-04-20, 20.2500, 20.4400, 20.0000, 20.3000, 800106
2017-04-21, 20.3000, 20.4300, 20.0200, 20.1700, 1037051
2017-04-24, 20.5000, 20.6000, 20.2000, 20.2700, 618000
2017-04-25, 20.4300, 21.2500, 20.2600, 21.1300, 933094
2017-04-26, 21.1200, 21.4400, 21.0000, 21.3300, 853918
2017-04-27, 21.4100, 21.7500, 21.1900, 21.4700, 855857
2017-04-28, 21.5300, 21.6700, 20.6300, 20.8400, 542066
2017-05-01, 20.8800, 21.1700, 20.6500, 21.0300, 325937
2017-05-02, 21.1100, 21.4100, 20.6100, 21.1800, 688979
2017-05-03, 21.0600, 21.4200, 20.7600, 21.1400, 497456
2017-05-04, 21.2300, 21.2900, 20.7500, 21.1300, 486914
2017-05-05, 21.1700, 21.1700, 20.4500, 20.5700, 651611
2017-05-08, 20.4400, 20.6800, 19.2200, 19.3600, 994265
2017-05-09, 19.4600, 19.6600, 18.8900, 19.4400, 1235738
2017-05-10, 19.4400, 19.6000, 18.9300, 19.5600, 1004832
2017-05-11, 20.7100, 23.9000, 20.1200, 23.6200, 5321279
2017-05-12, 23.6200, 24.2600, 22.9100, 24.1400, 1860593
2017-05-15, 24.2500, 26.9900, 24.2100, 25.6700, 2869655
2017-05-16, 25.6400, 26.1700, 24.1900, 24.2500, 1697910
2017-05-17, 23.8600, 24.9100, 23.6400, 23.7500, 1301635
2017-05-18, 23.8200, 24.3600, 23.6200, 24.2800, 776980
2017-05-19, 24.2700, 24.4700, 23.2600, 23.4900, 828917
2017-05-22, 23.5700, 23.7100, 22.2400, 22.4800, 1264548
2017-05-23, 22.4000, 23.0100, 22.3100, 22.9300, 898279
2017-05-24, 23.0000, 23.6400, 22.9500, 23.2300, 928045
2017-05-25, 23.3400, 23.3600, 21.9000, 22.1100, 1151128
2017-05-26, 22.0000, 23.0200, 21.8000, 21.8900, 810948
2017-05-30, 21.9200, 22.5100, 21.6700, 21.8000, 789208
2017-05-31, 22.0400, 22.0500, 20.1400, 21.3200, 2282767
2017-06-01, 21.2900, 21.9400, 21.1400, 21.8300, 1021807
2017-06-02, 22.0300, 22.1400, 21.3600, 22.0700, 879224
2017-06-05, 22.2800, 22.5200, 21.5300, 21.8200, 961770
2017-06-06, 21.7800, 22.2300, 21.5300, 21.9600, 498706
2017-06-07, 21.8000, 22.1400, 21.7300, 22.0200, 550686
2017-06-08, 22.0300, 23.0400, 21.8000, 22.6500, 802182
2017-06-09, 22.6800, 23.2500, 22.2500, 22.3500, 843919
2017-06-12, 22.2600, 23.2800, 21.8700, 23.1600, 1038792
2017-06-13, 23.2800, 23.4700, 22.4400, 22.7800, 830028
2017-06-14, 22.7400, 23.9400, 22.7100, 23.4800, 726229
2017-06-15, 23.3500, 23.8400, 22.6600, 22.8200, 609251
2017-06-16, 22.8300, 22.9100, 22.3700, 22.5600, 2214910
2017-06-19, 22.7400, 23.5900, 22.4600, 23.4000, 912616
2017-06-20, 23.3000, 23.9200, 23.2200, 23.3000, 727518
2017-06-21, 23.3600, 24.1800, 23.2600, 23.9500, 758661
2017-06-22, 24.0500, 25.6300, 23.7600, 25.2900, 1230583
2017-06-23, 25.1800, 25.8000, 24.7800, 25.3600, 965307
2017-06-26, 25.3600, 25.8800, 24.8500, 25.3800, 748451
2017-06-27, 25.3400, 25.4600, 24.0400, 24.0700, 868905
2017-06-28, 24.3300, 25.1100, 23.8800, 24.9300, 668606
2017-06-29, 24.9300, 25.1800, 23.8200, 24.1400, 808705
2017-06-30, 24.2200, 24.5500, 23.7200, 24.0900, 662414
2017-07-03, 24.1700, 24.7200, 23.9800, 24.4000, 327188
2017-07-05, 24.4500, 25.3000, 24.2500, 25.1300, 854253
2017-07-06, 24.9400, 25.1500, 24.0600, 24.1600, 958970
2017-07-07, 24.3200, 24.8000, 24.1100, 24.2300, 572649
2017-07-10, 24.2200, 24.3500, 23.4300, 23.5000, 597129
2017-07-11, 23.4800, 23.7200, 22.9000, 23.1400, 529870
2017-07-12, 23.2800, 23.8300, 23.2100, 23.5500, 443708
2017-07-13, 23.5000, 24.4500, 23.0500, 24.1200, 598077
2017-07-14, 24.1200, 24.4800, 23.0900, 23.1300, 947050
2017-07-17, 23.0800, 23.5800, 22.7900, 22.8300, 564458
2017-07-18, 22.8000, 23.0700, 22.4300, 22.9200, 485032
2017-07-19, 22.9600, 23.2900, 22.7600, 23.0000, 506145
2017-07-20, 23.0000, 23.7400, 22.9700, 23.6500, 592127
2017-07-21, 23.5000, 23.8400, 23.4100, 23.6100, 390890
2017-07-24, 23.5100, 23.8000, 23.0300, 23.0600, 581176
2017-07-25, 23.2400, 23.4000, 22.7900, 23.1900, 594744
2017-07-26, 23.2100, 23.4500, 22.9500, 23.1200, 342023
2017-07-27, 23.2300, 23.6400, 22.4300, 22.4900, 642860
2017-07-28, 22.3900, 22.5900, 21.9400, 22.5500, 440378
2017-07-31, 22.5100, 22.5100, 21.5600, 21.5900, 581071
2017-08-01, 21.6300, 21.6600, 20.7300, 21.3800, 926571
2017-08-02, 21.3900, 21.6900, 20.6000, 21.0900, 658764
2017-08-03, 21.0500, 21.4000, 20.9300, 21.3200, 657519
2017-08-04, 21.3200, 21.7000, 21.2200, 21.6500, 495893
2017-08-07, 21.6500, 21.9300, 21.4300, 21.5000, 557609
2017-08-08, 21.4700, 21.6600, 20.6300, 20.6600, 703356
2017-08-09, 20.4800, 21.1000, 20.1900, 20.9800, 983705
2017-08-10, 20.0100, 20.7800, 17.7400, 18.6600, 2988493
2017-08-11, 18.5200, 19.6830, 17.7000, 19.6500, 2101114
2017-08-14, 19.9900, 20.5000, 18.5100, 18.5500, 2087218
2017-08-15, 18.5800, 18.8700, 17.8200, 18.6300, 1520922
2017-08-16, 18.6400, 18.8100, 17.9600, 18.2100, 1070976
2017-08-17, 18.1500, 18.3300, 17.5900, 17.6200, 1244615
2017-08-18, 17.6600, 17.7500, 17.0500, 17.3000, 1084002
2017-08-21, 17.3300, 17.8300, 17.0400, 17.3900, 1020931
2017-08-22, 17.4300, 17.8900, 17.2700, 17.8200, 672686
2017-08-23, 17.7700, 18.1500, 17.3000, 18.0300, 717021
2017-08-24, 18.2500, 18.6800, 17.7700, 18.6700, 811765
2017-08-25, 18.6700, 18.7500, 17.6900, 17.7300, 1153671
2017-08-28, 18.0200, 18.2700, 17.7700, 18.1100, 1172736
2017-08-29, 17.7500, 19.3700, 17.6700, 19.0400, 1571504
2017-08-30, 19.0100, 19.2900, 18.7100, 19.1700, 1006197
2017-08-31, 19.1800, 19.9900, 19.0500, 19.7300, 1036525
2017-09-01, 19.6500, 20.6700, 19.6150, 20.1700, 1296476
2017-09-05, 20.0000, 20.4700, 19.5000, 20.0400, 907738
2017-09-06, 20.1800, 20.3600, 19.6700, 19.9600, 660294
2017-09-07, 19.9000, 20.1000, 19.5500, 19.8200, 573836
2017-09-08, 19.8000, 20.2500, 19.7500, 19.8500, 490257
2017-09-11, 20.0700, 20.2500, 19.6400, 19.8500, 612637
2017-09-12, 19.9100, 20.0700, 19.5900, 19.8100, 572475
2017-09-13, 19.6900, 20.0200, 19.4500, 19.8300, 802882
2017-09-14, 19.8200, 19.8200, 18.6100, 18.8900, 1195925
2017-09-15, 18.9200, 19.4700, 18.8500, 19.3700, 1512976
2017-09-18, 19.3700, 19.7000, 19.3600, 19.4700, 673895
2017-09-19, 19.4800, 19.4900, 18.7200, 18.8100, 923812
2017-09-20, 18.7900, 19.1900, 18.6500, 18.8900, 696285
2017-09-21, 18.9100, 19.0400, 18.5600, 18.7500, 568386
2017-09-22, 18.6600, 18.9200, 18.5200, 18.7500, 502612
2017-09-25, 18.6600, 19.0600, 18.5500, 18.7000, 907768
2017-09-26, 18.9400, 18.9400, 18.4000, 18.6900, 527246
2017-09-27, 18.6800, 19.3500, 18.6600, 19.0100, 785113
2017-09-28, 19.0500, 19.2300, 18.7500, 18.8200, 626627
2017-09-29, 18.8700, 19.3000, 18.6600, 19.0100, 826149
2017-10-02, 19.0700, 19.5800, 18.9600, 19.4100, 827368
2017-10-03, 19.4300, 19.5000, 19.2100, 19.4700, 474760
2017-10-04, 19.3800, 19.8800, 19.3300, 19.8200, 782608
2017-10-05, 19.9400, 20.4900, 19.6000, 20.3900, 1023058
2017-10-06, 20.2800, 20.3500, 19.1100, 19.1700, 1150135
2017-10-09, 19.0800, 19.2600, 18.6000, 18.8800, 827149
2017-10-10, 18.9200, 19.2000, 18.7600, 18.8000, 670878
2017-10-11, 18.6700, 19.0500, 17.9200, 17.9700, 1426349
2017-10-12, 17.9500, 18.3100, 17.7500, 18.1100, 1053360
2017-10-13, 18.0700, 18.3300, 17.9500, 17.9900, 592234
2017-10-16, 18.0500, 18.2500, 17.7500, 17.9400, 702546
2017-10-17, 17.8100, 18.1900, 17.7700, 17.9900, 734335
2017-10-18, 18.1000, 18.7300, 17.9600, 18.2400, 1152641
2017-10-19, 18.2000, 18.6500, 17.9800, 18.2200, 932561
2017-10-20, 18.2300, 18.3400, 17.7500, 17.8800, 1592511
2017-10-23, 17.9000, 18.1100, 17.3400, 17.3700, 1067700
2017-10-24, 17.4100, 17.6200, 17.0100, 17.0700, 1187829
2017-10-25, 17.0500, 17.1700, 16.2800, 16.7500, 1196259
2017-10-26, 16.3700, 16.6100, 16.1100, 16.3000, 1231065
2017-10-27, 16.3200, 16.9100, 16.1900, 16.8900, 1016196
2017-10-30, 16.8800, 17.2100, 16.4500, 16.5800, 1025697
2017-10-31, 16.6800, 16.8000, 16.2300, 16.3500, 894161
2017-11-01, 16.4500, 16.6400, 15.7100, 15.8900, 1397113
2017-11-02, 15.9300, 16.2900, 15.6200, 15.8300, 973269
2017-11-03, 15.7900, 16.4500, 15.6800, 16.4300, 789844
2017-11-06, 16.4300, 16.5000, 15.9400, 15.9400, 587495
2017-11-07, 15.9800, 16.1200, 15.5400, 15.5700, 705364
2017-11-08, 15.5700, 15.9300, 15.4000, 15.8000, 959685
2017-11-09, 15.8000, 16.2200, 15.5500, 15.8800, 882366
2017-11-10, 15.0400, 15.4100, 11.8000, 11.8100, 8761165
2017-11-13, 11.6300, 12.8400, 10.2600, 12.5800, 7212387
2017-11-14, 12.4700, 12.6900, 11.6200, 12.6800, 2820710
2017-11-15, 12.4700, 12.8200, 11.9000, 12.6500, 2311025
2017-11-16, 12.9300, 13.8700, 12.8000, 13.6200, 2971409
2017-11-17, 13.5100, 13.6700, 12.5900, 12.8500, 1592552
2017-11-20, 12.9200, 13.1800, 12.3100, 12.5000, 1316004
2017-11-21, 12.4700, 12.5500, 12.2200, 12.3700, 997832
2017-11-22, 12.3700, 14.0900, 12.3400, 13.3400, 2727349
2017-11-24, 13.5100, 13.5500, 12.9000, 13.0500, 697209
2017-11-27, 13.0500, 13.4547, 12.8700, 13.0400, 968855
2017-11-28, 12.9000, 12.9750, 12.5800, 12.9400, 1075852
2017-11-29, 12.9800, 13.7859, 12.8000, 13.5400, 1463063
2017-11-30, 13.6000, 14.0100, 13.4800, 13.6400, 1468989
2017-12-01, 13.5400, 14.0100, 13.2301, 13.5500, 1136265
2017-12-04, 13.7700, 14.1000, 13.3700, 13.4200, 1315084
2017-12-05, 13.5300, 13.8900, 12.9101, 12.9400, 904158
2017-12-06, 12.9400, 13.1100, 12.4500, 12.6400, 948252
2017-12-07, 12.6400, 13.1700, 12.4600, 13.1200, 956525
2017-12-08, 13.3300, 13.4300, 13.1000, 13.2800, 782640
2017-12-11, 13.2700, 13.6000, 12.9500, 12.9900, 986170
2017-12-12, 12.9900, 13.2000, 12.6300, 12.7300, 1029780
2017-12-13, 12.7200, 13.4100, 12.6900, 13.1900, 970715
2017-12-14, 13.2200, 13.3400, 12.2000, 12.3400, 1392334
2017-12-15, 12.2150, 12.6900, 12.1500, 12.6400, 2030593
2017-12-18, 12.4600, 12.7400, 12.2200, 12.3200, 1401100
2017-12-19, 12.0200, 12.3650, 11.8200, 11.9600, 1485792
2017-12-20, 11.8000, 12.2900, 11.5800, 11.9900, 1165074
2017-12-21, 12.0500, 12.1400, 11.8300, 11.9800, 1087202
2017-12-22, 11.9100, 12.0700, 11.5100, 11.7000, 1474995
2017-12-26, 11.4500, 11.8300, 11.3800, 11.4800, 1240528
2017-12-27, 11.4500, 11.9800, 11.3200, 11.6100, 1187457
2017-12-28, 11.5100, 11.6400, 11.1700, 11.3300, 1520113
2017-12-29, 11.3300, 11.9200, 11.1100, 11.5200, 1920305
2018-01-02, 11.7700, 13.4900, 11.6800, 13.4700, 3841322
2018-01-03, 13.5200, 14.2700, 13.5000, 14.0800, 2896509
2018-01-04, 13.9800, 14.0300, 12.6900, 12.8900, 2357659
2018-01-05, 13.1800, 13.3999, 12.5400, 13.1500, 1725745
2018-01-08, 13.1500, 13.1999, 12.2300, 12.7200, 1773019
2018-01-09, 12.6400, 13.8100, 12.5363, 13.6800, 2499206
2018-01-10, 13.5700, 13.8800, 13.1800, 13.4000, 2209890
2018-01-11, 13.3600, 13.4900, 13.0500, 13.2200, 1421281
2018-01-12, 13.2100, 15.0100, 13.2100, 14.7100, 2546010
2018-01-16, 15.0000, 15.3200, 13.5600, 13.7700, 2957008
2018-01-17, 13.3500, 14.5100, 13.1900, 14.2500, 4258865
2018-01-18, 14.7500, 14.7800, 13.5400, 13.6300, 2139328
2018-01-19, 13.6500, 13.6700, 12.6000, 13.0000, 5710240
2018-01-22, 13.1900, 14.5400, 13.1511, 13.6600, 4038433
2018-01-23, 13.9600, 14.2000, 13.6100, 14.1400, 2426471
2018-01-24, 14.0900, 14.4400, 13.6650, 13.9300, 1696171
2018-01-25, 13.9700, 14.9900, 13.9700, 14.6800, 2632128
2018-01-26, 14.8100, 14.9150, 14.1510, 14.3600, 1549203
2018-01-29, 14.2300, 14.7800, 14.0400, 14.0900, 1691613
2018-01-30, 13.8500, 14.2000, 13.2700, 13.2900, 1919676
2018-01-31, 13.4600, 13.6300, 12.9000, 13.0000, 1688564
2018-02-01, 12.9600, 13.2800, 12.7700, 13.2100, 1553449
2018-02-02, 13.0300, 13.2050, 12.6900, 12.7000, 1474674
2018-02-05, 12.5500, 13.0300, 12.0000, 12.0100, 1906934
2018-02-06, 11.7900, 13.1500, 11.6550, 13.0200, 1845086
2018-02-07, 12.7900, 13.8300, 12.7000, 13.5800, 2036124
2018-02-08, 13.2000, 13.8200, 12.6000, 12.6000, 1652346
2018-02-09, 12.7600, 12.8600, 11.8748, 12.3700, 2395754
2018-02-12, 12.5000, 12.8200, 12.2192, 12.6500, 899913
2018-02-13, 12.4300, 13.2000, 12.3300, 13.1000, 1001448
2018-02-14, 12.9300, 13.6338, 12.8858, 13.4600, 1272513
2018-02-15, 13.5800, 13.9800, 13.3600, 13.6200, 1109598
2018-02-16, 13.5500, 13.6499, 13.1750, 13.2500, 749109
2018-02-20, 13.1200, 13.3400, 12.7600, 12.8400, 856763
2018-02-21, 12.8900, 13.3500, 12.8400, 12.8500, 924863
2018-02-22, 12.9600, 13.4500, 12.6900, 12.7700, 1021471
2018-02-23, 12.8500, 13.3300, 12.6200, 13.2900, 1010556
2018-02-26, 13.3500, 13.3600, 12.7600, 13.1700, 806518
2018-02-27, 13.1000, 13.4200, 12.8600, 13.0700, 1037079
2018-02-28, 13.0700, 13.3800, 12.8700, 13.0200, 1077909
2018-03-01, 13.1300, 13.2490, 12.6200, 12.9000, 1105455
2018-03-02, 13.2800, 16.3300, 13.1000, 16.0900, 6199391
2018-03-05, 16.0000, 16.7500, 14.8800, 15.5800, 3159663
2018-03-06, 15.6500, 15.9200, 15.3500, 15.7400, 1348447
2018-03-07, 15.4500, 16.1000, 15.4496, 15.8600, 1682025
2018-03-08, 15.9100, 16.0900, 14.9100, 15.8200, 1775488
2018-03-09, 15.9300, 16.9200, 15.6800, 16.7500, 2419034
2018-03-12, 16.9100, 17.0000, 16.0700, 16.8400, 1773092
2018-03-13, 16.9300, 17.4900, 16.5200, 16.6600, 1650602
2018-03-14, 16.6700, 17.1400, 16.4700, 16.7800, 1141536
2018-03-15, 16.8200, 17.0800, 16.6800, 16.8400, 1331217
2018-03-16, 16.8300, 17.3200, 16.6600, 17.1000, 1311119
2018-03-19, 17.1000, 17.6700, 16.8000, 17.0600, 2060968
2018-03-20, 17.0300, 17.2000, 15.7700, 15.9000, 1371788
2018-03-21, 15.9000, 16.6800, 15.9000, 16.5600, 1045585
2018-03-22, 16.3000, 16.8700, 16.0500, 16.3100, 992268
2018-03-23, 16.2600, 16.2900, 15.6700, 15.8000, 1232170
2018-03-26, 16.1600, 16.8000, 15.8400, 16.6600, 1063177
2018-03-27, 16.7100, 16.8500, 15.9500, 16.0300, 1086909
2018-03-28, 16.1100, 16.2690, 15.7200, 15.8200, 906527
2018-03-29, 15.9600, 16.1450, 15.1000, 15.3300, 1383897
2018-04-02, 15.2000, 15.4000, 14.9000, 15.0900, 1379091
2018-04-03, 15.2100, 16.5400, 15.1610, 16.1600, 2112009
2018-04-04, 15.7800, 17.0900, 15.6100, 16.9100, 1653208
2018-04-05, 17.0100, 17.3500, 16.6500, 17.2900, 1280877
2018-04-06, 17.1400, 17.7600, 16.9000, 17.1000, 1088753
2018-04-09, 17.5000, 17.6200, 17.1200, 17.3900, 918528
2018-04-10, 17.6600, 18.2500, 17.4900, 18.1500, 1284280
2018-04-11, 18.0200, 19.1801, 17.9200, 19.0600, 1621977
2018-04-12, 19.1000, 19.9000, 18.8110, 19.8700, 1857103
2018-04-13, 19.9100, 20.1600, 19.0800, 19.6200, 1598306
2018-04-16, 20.1300, 20.1300, 18.6700, 18.8600, 1285988
2018-04-17, 18.9800, 19.3200, 18.7500, 19.1500, 970126
2018-04-18, 19.1600, 19.3000, 18.4230, 18.8700, 1057289
2018-04-19, 18.7900, 18.9100, 17.9600, 18.0800, 1248139
2018-04-20, 18.1200, 18.2900, 17.8310, 17.9400, 3058992
2018-04-23, 17.9700, 18.7200, 17.8000, 18.0000, 1131339
2018-04-24, 18.0000, 18.4400, 17.4500, 17.8600, 848347
2018-04-25, 17.9000, 18.2300, 17.4600, 18.0200, 749452
2018-04-26, 18.0600, 18.6500, 17.8300, 18.0800, 1066084
2018-04-27, 18.2700, 18.9600, 18.0900, 18.7500, 888541
2018-04-30, 18.7900, 19.1100, 18.0500, 18.1800, 961554
2018-05-01, 18.2200, 18.4400, 17.5600, 18.3200, 651957
2018-05-02, 18.1800, 18.6000, 18.0300, 18.3000, 546560
2018-05-03, 18.2800, 18.4900, 17.6000, 17.9300, 799242
2018-05-04, 17.9000, 18.0572, 17.6200, 17.8800, 774538
2018-05-07, 18.0000, 18.4100, 17.9400, 18.3100, 762584
2018-05-08, 18.2800, 18.4800, 18.0500, 18.3300, 580573
2018-05-09, 18.3900, 18.7390, 18.3200, 18.6200, 911299
2018-05-10, 18.6100, 19.1900, 18.5200, 18.6400, 1490066
2018-05-11, 17.1300, 17.1300, 14.6301, 14.9800, 5275107
2018-05-14, 14.8000, 15.6800, 14.7500, 15.4500, 1857461
2018-05-15, 15.4400, 16.3900, 15.4400, 16.2000, 1734889
2018-05-16, 16.2000, 16.2200, 15.5200, 16.1100, 1644295
2018-05-17, 15.9200, 16.1694, 15.6900, 15.9500, 1121552
2018-05-18, 15.8400, 16.0000, 15.6800, 15.7900, 969282
2018-05-21, 15.8300, 16.0300, 15.4300, 15.4800, 858867
2018-05-22, 15.4500, 15.6799, 15.3100, 15.5100, 773928
2018-05-23, 15.3600, 15.6700, 15.3000, 15.6000, 730408
2018-05-24, 15.5100, 15.9800, 15.4000, 15.5000, 762668
2018-05-25, 15.3500, 15.8000, 15.3100, 15.6600, 643623
2018-05-29, 15.5300, 15.9000, 15.1900, 15.4100, 1003849
2018-05-30, 15.5100, 16.3000, 15.4600, 16.1100, 1193489
2018-05-31, 16.0200, 16.6700, 16.0200, 16.5800, 1061219
2018-06-01, 16.6400, 16.7600, 16.2200, 16.5100, 1063273
2018-06-04, 16.5700, 17.0000, 16.4800, 17.0000, 825830
2018-06-05, 16.9200, 17.0200, 16.6550, 16.9000, 701526
2018-06-06, 16.9250, 17.1000, 16.7800, 16.9700, 575413
2018-06-07, 16.9700, 17.0900, 16.8000, 16.9200, 397866
2018-06-08, 16.8600, 17.1500, 16.8200, 16.8800, 572484
2018-06-11, 16.9200, 17.2000, 16.7600, 17.0600, 750345
2018-06-12, 17.1600, 17.5998, 17.0500, 17.2200, 792932
2018-06-13, 17.2700, 17.3753, 16.9350, 16.9700, 579123
2018-06-14, 17.0700, 17.1200, 16.5100, 16.5700, 845878
2018-06-15, 16.5000, 16.6000, 15.7800, 16.1500, 1615070
2018-06-18, 16.0900, 16.5300, 15.4900, 16.4600, 1085901
2018-06-19, 16.2900, 17.1400, 16.2800, 16.9900, 1219990
2018-06-20, 17.2400, 17.2800, 16.4900, 17.0000, 966099
2018-06-21, 16.9000, 17.0000, 15.6500, 15.7300, 1202498
2018-06-22, 15.7500, 15.7996, 14.9950, 15.5100, 8279350
2018-06-25, 15.3900, 15.3999, 13.9301, 14.2600, 2831495
2018-06-26, 14.2800, 14.3900, 14.0100, 14.1500, 985443
2018-06-27, 14.1500, 14.1500, 13.2000, 13.2600, 1581314
2018-06-28, 12.7900, 13.5800, 12.7900, 13.3700, 1866120
2018-06-29, 13.8000, 14.8600, 13.6200, 13.9400, 9847263
2018-07-02, 13.6100, 14.0800, 13.2000, 13.7700, 1365801
2018-07-03, 13.8000, 14.3800, 13.7700, 14.2900, 695301
2018-07-05, 14.3000, 14.4000, 13.9800, 14.1500, 1535678
2018-07-06, 14.1600, 14.8800, 14.0900, 14.5600, 1093756
2018-07-09, 15.0100, 15.1100, 14.6800, 14.9800, 1487155
2018-07-10, 14.9700, 15.3500, 14.8700, 15.3000, 1202401
2018-07-11, 15.0900, 15.1900, 14.7700, 14.8700, 887975
2018-07-12, 14.9200, 15.3300, 14.5100, 15.2900, 976021
2018-07-13, 15.3000, 15.6600, 15.1800, 15.3800, 807000
2018-07-16, 14.3200, 15.2700, 14.1300, 14.5600, 1484388
2018-07-17, 14.5100, 14.9100, 14.5100, 14.6400, 989983
2018-07-18, 14.5400, 14.7500, 14.3000, 14.3500, 1047307
2018-07-19, 14.3100, 14.8700, 14.2500, 14.6700, 1079004
2018-07-20, 14.6900, 15.0000, 14.6000, 14.7500, 2420881
2018-07-23, 14.7200, 14.8600, 14.2000, 14.6100, 904127
2018-07-24, 14.7200, 14.7300, 13.8601, 13.9700, 1364262
2018-07-25, 13.9100, 14.3000, 13.8100, 13.9900, 850558
2018-07-26, 13.9800, 14.8000, 13.8000, 14.6400, 1408877
2018-07-27, 14.6300, 14.6500, 13.7300, 13.7900, 1564855
2018-07-30, 13.7900, 14.2500, 13.5900, 14.0100, 1035498
2018-07-31, 14.0200, 14.7000, 13.9800, 14.6600, 870150
2018-08-01, 14.6700, 14.9000, 14.4633, 14.5800, 844769
2018-08-02, 14.4800, 14.8800, 14.4000, 14.8200, 541711
2018-08-03, 14.7600, 15.0100, 14.5700, 14.7200, 707697
2018-08-06, 14.8000, 15.0150, 14.4900, 14.5900, 711599
2018-08-07, 14.5900, 15.7277, 14.3300, 15.5900, 1255459
2018-08-08, 15.6100, 15.6700, 14.9400, 15.2700, 795918
2018-08-09, 15.3900, 16.1300, 15.2700, 15.3900, 1601629
2018-08-10, 14.0000, 15.3300, 13.4000, 15.0500, 3024986
2018-08-13, 14.9600, 14.9600, 13.9700, 14.1000, 1568719
2018-08-14, 14.1000, 14.3700, 13.9600, 14.1900, 719123
2018-08-15, 14.1000, 14.1939, 13.5900, 13.7400, 1116663
2018-08-16, 13.7800, 14.2450, 13.4200, 14.2000, 950597
2018-08-17, 14.2000, 14.4900, 14.0700, 14.3600, 624394
2018-08-20, 14.4800, 14.5700, 14.2500, 14.5000, 644896
2018-08-21, 14.6200, 15.0500, 14.5430, 14.8300, 790595
2018-08-22, 14.8400, 15.1250, 14.8100, 14.9900, 772063
2018-08-23, 14.9300, 15.1400, 14.7000, 14.9700, 736810
2018-08-24, 15.0200, 15.4100, 14.9000, 15.1600, 712515
2018-08-27, 15.2100, 15.4899, 15.0700, 15.3200, 748648
2018-08-28, 15.2800, 15.7400, 15.2000, 15.6000, 667877
2018-08-29, 15.6800, 15.9700, 15.5000, 15.6500, 779047
2018-08-30, 15.5500, 15.7600, 15.1400, 15.2200, 693208
2018-08-31, 15.1600, 15.3900, 15.1300, 15.3800, 533407
2018-09-04, 15.4100, 15.5300, 14.6600, 15.0900, 943880
2018-09-05, 14.7500, 15.1600, 14.6200, 14.7900, 684723
2018-09-06, 14.7700, 14.9400, 13.8600, 13.8800, 910680
2018-09-07, 13.8000, 14.1600, 13.5700, 13.6500, 837090
2018-09-10, 13.6600, 14.1400, 13.5100, 14.1100, 721690
2018-09-11, 14.0900, 14.6500, 13.8816, 14.5600, 706761
2018-09-12, 14.5700, 14.7000, 14.3300, 14.6100, 563653
2018-09-13, 14.6900, 14.8150, 14.4100, 14.5600, 511215
2018-09-14, 14.5200, 14.7200, 14.2900, 14.3100, 690403
2018-09-17, 14.2500, 14.3265, 13.8100, 13.9700, 658639
2018-09-18, 14.0500, 14.4000, 13.9600, 14.2500, 747768
2018-09-19, 14.2200, 14.4500, 13.9200, 14.3500, 854300
2018-09-20, 14.4300, 14.6200, 14.2000, 14.5300, 817237
2018-09-21, 14.5300, 14.7700, 14.4000, 14.5000, 2411586
2018-09-24, 15.9900, 19.9400, 15.7700, 19.0700, 19528985
2018-09-25, 18.3200, 19.2100, 16.8100, 17.2900, 4499403
2018-09-26, 17.2200, 18.0500, 16.9100, 17.5600, 2782168
2018-09-27, 17.6400, 17.9400, 16.8600, 17.1200, 2020758
2018-09-28, 17.0500, 17.9300, 16.9000, 17.2200, 2700263
2018-10-01, 17.1100, 17.7800, 16.0200, 16.1700, 2084983
2018-10-02, 15.9100, 16.1400, 15.5700, 16.0900, 1934204
2018-10-03, 16.1000, 16.2400, 15.4300, 16.0600, 1172500
2018-10-04, 16.0000, 16.2633, 15.5500, 16.1800, 1257436
2018-10-05, 15.9200, 16.6200, 15.9000, 16.4900, 1251870
2018-10-08, 16.2000, 16.8900, 15.8700, 16.1100, 1712714
2018-10-09, 16.0100, 16.4000, 15.5200, 15.7600, 1220722
2018-10-10, 15.8500, 16.4400, 15.8100, 16.0500, 1458426
2018-10-11, 16.0000, 16.2700, 14.8200, 15.1100, 1522776
2018-10-12, 15.4500, 15.6500, 14.5800, 15.1200, 1229602
2018-10-15, 14.9700, 15.3000, 14.4100, 14.4200, 1133824
2018-10-16, 14.5000, 15.2300, 14.1000, 15.1500, 1280039
2018-10-17, 15.0800, 15.3500, 14.7861, 15.0800, 870941
2018-10-18, 14.8800, 15.2100, 14.2800, 14.4700, 983120
2018-10-19, 14.2700, 14.7901, 13.3900, 13.9500, 2102335
2018-10-22, 13.9400, 14.1000, 13.3600, 13.6100, 1350349
2018-10-23, 13.3100, 13.7500, 12.9100, 13.4700, 1464025
2018-10-24, 13.4600, 13.6100, 11.3900, 11.4000, 2636670
2018-10-25, 11.3200, 12.2500, 11.1300, 11.6900, 1635729
2018-10-26, 11.4400, 12.0000, 11.3000, 11.7400, 1151595
2018-10-29, 11.9500, 12.0700, 10.8800, 11.1700, 994960
2018-10-30, 11.1700, 11.6700, 11.0300, 11.4900, 1215283
2018-10-31, 11.7000, 11.9600, 11.4800, 11.5600, 1142139
2018-11-01, 11.6200, 12.7400, 11.6200, 12.6800, 1461385
2018-11-02, 12.7000, 13.0900, 12.4000, 12.9600, 943270
2018-11-05, 13.0300, 13.1500, 12.2250, 12.6600, 717088
2018-11-06, 12.5900, 13.0200, 12.5100, 12.7600, 1038272
2018-11-07, 12.8800, 13.6850, 12.7000, 13.3400, 1050946
2018-11-08, 13.4400, 13.5100, 12.9600, 13.2200, 842689
2018-11-09, 12.2300, 12.7700, 10.3701, 10.7700, 2685517
