2015-10-09, 22.0100, 22.0100, 22.0100, 22.0100, 100
2015-10-12, 22.0100, 22.0100, 22.0100, 22.0100, 0
2015-10-13, 22.0100, 22.0100, 22.0100, 22.0100, 0
2015-10-14, 22.0100, 22.0100, 22.0100, 22.0100, 0
2015-10-15, 22.0100, 22.0100, 22.0100, 22.0100, 0
2015-10-16, 21.6100, 21.6100, 21.6100, 21.6100, 100
2015-10-19, 21.6100, 21.6100, 21.6100, 21.6100, 0
2015-10-20, 21.6100, 21.6100, 21.6100, 21.6100, 0
2015-10-21, 21.6100, 21.6100, 21.6100, 21.6100, 0
2015-10-22, 21.6100, 21.6100, 21.6100, 21.6100, 0
2015-10-23, 21.6100, 21.6100, 21.6100, 21.6100, 0
2015-10-26, 20.1800, 20.1800, 20.1800, 20.1800, 150
2015-10-27, 20.1800, 20.1800, 20.1800, 20.1800, 0
2015-10-28, 20.1800, 20.1800, 20.1800, 20.1800, 0
2015-10-29, 20.1800, 20.1800, 20.1800, 20.1800, 0
2015-10-30, 20.1800, 20.1800, 20.1800, 20.1800, 0
2015-11-02, 21.1900, 21.1900, 21.1900, 21.1900, 150
2015-11-03, 21.1900, 21.1900, 21.1900, 21.1900, 0
2015-11-04, 21.1900, 21.1900, 21.1900, 21.1900, 0
2015-11-05, 21.1900, 21.1900, 21.1900, 21.1900, 0
2015-11-06, 20.9800, 20.9800, 20.9800, 20.9800, 150
2015-11-09, 20.9800, 20.9800, 20.9800, 20.9800, 0
2015-11-10, 20.9800, 20.9800, 20.9800, 20.9800, 0
2015-11-11, 20.9800, 20.9800, 20.9800, 20.9800, 0
2015-11-12, 20.9800, 20.9800, 20.9800, 20.9800, 0
2015-11-13, 20.9800, 20.9800, 20.9800, 20.9800, 0
2015-11-16, 20.9800, 20.9800, 20.9800, 20.9800, 0
2015-11-17, 20.9800, 20.9800, 20.9800, 20.9800, 0
2015-11-18, 20.9800, 20.9800, 20.9800, 20.9800, 0
2015-11-19, 20.9800, 20.9800, 20.9800, 20.9800, 0
2015-11-20, 20.9800, 20.9800, 20.9800, 20.9800, 0
2015-11-23, 20.9800, 20.9800, 20.9800, 20.9800, 0
2015-11-24, 20.9800, 20.9800, 20.9800, 20.9800, 0
2015-11-25, 20.9800, 20.9800, 20.9800, 20.9800, 0
2015-11-27, 20.9800, 20.9800, 20.9800, 20.9800, 0
2015-11-30, 20.9800, 20.9800, 20.9800, 20.9800, 0
2015-12-01, 20.9800, 20.9800, 20.9800, 20.9800, 0
2015-12-02, 18.2500, 18.2500, 18.2000, 18.2000, 200
2015-12-03, 18.2000, 18.2000, 18.2000, 18.2000, 0
2015-12-04, 17.0100, 17.0100, 16.9600, 16.9600, 200
2015-12-07, 16.9600, 16.9600, 16.9600, 16.9600, 0
2015-12-08, 16.2400, 16.2400, 16.2100, 16.2100, 200
2015-12-09, 16.2100, 16.2100, 16.2100, 16.2100, 4
2015-12-10, 16.2100, 16.2100, 16.2100, 16.2100, 0
2015-12-11, 16.2100, 16.2100, 16.2100, 16.2100, 0
2015-12-14, 16.2100, 16.2100, 16.2100, 16.2100, 0
2015-12-15, 16.2100, 16.2100, 16.2100, 16.2100, 0
2015-12-16, 16.2100, 16.2100, 16.2100, 16.2100, 0
2015-12-17, 16.2100, 16.2100, 16.2100, 16.2100, 16
2015-12-18, 16.2000, 16.2000, 16.1700, 16.1700, 200
2015-12-21, 16.2200, 16.2200, 16.1900, 16.1900, 200
2015-12-22, 16.1900, 16.1900, 16.1900, 16.1900, 0
2015-12-23, 16.1900, 16.1900, 16.1900, 16.1900, 0
2015-12-24, 16.1900, 16.1900, 16.1900, 16.1900, 0
2015-12-28, 16.1900, 16.1900, 16.1900, 16.1900, 0
2015-12-29, 16.1900, 16.1900, 16.1900, 16.1900, 0
2015-12-30, 16.1900, 16.1900, 16.1900, 16.1900, 0
2015-12-31, 16.1900, 16.1900, 16.1900, 16.1900, 0
2016-01-04, 16.1900, 16.1900, 16.1900, 16.1900, 0
2016-01-05, 16.1900, 16.1900, 16.1900, 16.1900, 0
2016-01-06, 16.1900, 16.1900, 16.1900, 16.1900, 0
2016-01-07, 17.0300, 17.0300, 16.9400, 16.9400, 200
2016-01-08, 16.9400, 16.9400, 16.9400, 16.9400, 0
2016-01-11, 16.9400, 16.9400, 16.9400, 16.9400, 0
2016-01-12, 16.9400, 16.9400, 16.9400, 16.9400, 0
2016-01-13, 16.9400, 16.9400, 16.9400, 16.9400, 0
2016-01-14, 16.9400, 16.9400, 16.9400, 16.9400, 0
2016-01-15, 16.9400, 16.9400, 16.9400, 16.9400, 0
2016-01-19, 16.9400, 16.9400, 16.9400, 16.9400, 0
2016-01-20, 16.9400, 16.9400, 16.9400, 16.9400, 0
2016-01-21, 16.9400, 16.9400, 16.9400, 16.9400, 0
2016-01-22, 16.9400, 16.9400, 16.9400, 16.9400, 0
2016-01-25, 14.9800, 14.9800, 14.9400, 14.9400, 200
2016-01-26, 14.9400, 14.9400, 14.9400, 14.9400, 0
2016-01-27, 14.9400, 14.9400, 14.9400, 14.9400, 0
2016-01-28, 16.0400, 16.0700, 15.9000, 15.9000, 600
2016-01-29, 15.9000, 15.9000, 15.9000, 15.9000, 0
2016-02-01, 15.9000, 15.9000, 15.9000, 15.9000, 0
2016-02-02, 15.9000, 15.9000, 15.9000, 15.9000, 0
2016-02-03, 15.9000, 15.9000, 15.9000, 15.9000, 0
2016-02-04, 15.9000, 15.9000, 15.9000, 15.9000, 0
2016-02-05, 15.9000, 15.9000, 15.9000, 15.9000, 0
2016-02-08, 15.9000, 15.9000, 15.9000, 15.9000, 0
2016-02-09, 15.9000, 15.9000, 15.9000, 15.9000, 0
2016-02-10, 15.9000, 15.9000, 15.9000, 15.9000, 0
2016-02-11, 13.0200, 13.0700, 13.0200, 13.0500, 3500
2016-02-12, 13.0500, 13.0500, 13.0500, 13.0500, 0
2016-02-16, 13.0500, 13.0500, 13.0500, 13.0500, 0
2016-02-17, 13.0500, 13.0500, 13.0500, 13.0500, 0
2016-02-18, 13.0500, 13.0500, 13.0500, 13.0500, 0
2016-02-19, 13.0500, 13.0500, 13.0500, 13.0500, 0
2016-02-22, 13.0500, 13.0500, 13.0500, 13.0500, 0
2016-02-23, 13.0500, 13.0500, 13.0500, 13.0500, 0
2016-02-24, 12.7100, 12.7100, 12.7100, 12.7100, 0
2016-02-25, 15.1800, 15.1800, 15.1300, 15.1300, 200
2016-02-26, 15.1300, 15.1300, 15.1300, 15.1300, 0
2016-02-29, 15.1300, 15.1300, 15.1300, 15.1300, 0
2016-03-01, 15.6800, 15.6800, 15.6300, 15.6300, 200
2016-03-02, 15.6300, 15.6300, 15.6300, 15.6300, 0
2016-03-03, 15.6300, 15.6300, 15.6300, 15.6300, 0
2016-03-04, 15.6300, 15.6300, 15.6300, 15.6300, 0
2016-03-07, 15.6300, 15.6300, 15.6300, 15.6300, 0
2016-03-08, 16.3900, 16.3900, 16.3400, 16.3400, 200
2016-03-09, 16.3400, 16.3400, 16.3400, 16.3400, 4
2016-03-10, 16.3400, 16.3400, 16.3400, 16.3400, 0
2016-03-11, 16.3400, 16.3400, 16.3400, 16.3400, 0
2016-03-14, 16.5800, 16.5800, 16.5400, 16.5400, 201
2016-03-15, 16.0900, 16.0900, 16.0200, 16.0200, 200
2016-03-16, 16.7100, 16.7400, 16.7100, 16.7400, 200
2016-03-17, 16.7400, 16.7400, 16.7400, 16.7400, 0
2016-03-18, 16.7400, 16.7400, 16.7400, 16.7400, 0
2016-03-21, 16.7400, 16.7400, 16.7400, 16.7400, 0
2016-03-22, 16.7400, 16.7400, 16.7400, 16.7400, 0
2016-03-23, 16.7400, 16.7400, 16.7400, 16.7400, 0
2016-03-24, 16.7400, 16.7400, 16.7400, 16.7400, 0
2016-03-28, 16.7400, 16.7400, 16.7400, 16.7400, 0
2016-03-29, 16.7400, 16.7400, 16.7400, 16.7400, 0
2016-03-30, 16.7400, 16.7400, 16.7400, 16.7400, 170
2016-03-31, 16.7400, 16.7400, 16.7400, 16.7400, 0
2016-04-01, 16.7400, 16.7400, 16.7400, 16.7400, 0
2016-04-04, 16.7400, 16.7400, 16.7400, 16.7400, 0
2016-04-05, 16.7400, 16.7400, 16.7400, 16.7400, 0
2016-04-06, 16.3500, 16.3600, 16.3500, 16.3600, 340
2016-04-07, 16.3600, 16.3600, 16.3600, 16.3600, 0
2016-04-08, 16.3600, 16.3600, 16.3600, 16.3600, 0
2016-04-11, 16.3600, 16.3600, 16.3600, 16.3600, 0
2016-04-12, 16.3600, 16.3600, 16.3600, 16.3600, 0
2016-04-13, 16.3600, 16.3600, 16.3600, 16.3600, 0
2016-04-14, 16.3600, 16.3600, 16.3600, 16.3600, 0
2016-04-15, 16.3600, 16.3600, 16.3600, 16.3600, 0
2016-04-18, 16.3600, 16.3600, 16.3600, 16.3600, 1
2016-04-19, 16.3600, 16.3600, 16.3600, 16.3600, 0
2016-04-20, 16.3600, 16.3600, 16.3600, 16.3600, 0
2016-04-21, 16.3600, 16.3600, 16.3600, 16.3600, 0
2016-04-22, 16.3600, 16.3600, 16.3600, 16.3600, 0
2016-04-25, 16.3600, 16.3600, 16.3600, 16.3600, 0
2016-04-26, 16.3600, 16.3600, 16.3600, 16.3600, 0
2016-04-27, 16.3600, 16.3600, 16.3600, 16.3600, 0
2016-04-28, 16.3600, 16.3600, 16.3600, 16.3600, 0
2016-04-29, 16.3600, 16.3600, 16.3600, 16.3600, 0
2016-05-02, 16.3600, 16.3600, 16.3600, 16.3600, 0
2016-05-03, 16.3600, 16.3600, 16.3600, 16.3600, 0
2016-05-04, 16.3600, 16.3600, 16.3600, 16.3600, 0
2016-05-05, 16.3600, 16.3600, 16.3600, 16.3600, 0
2016-05-06, 16.3600, 16.3600, 16.3600, 16.3600, 0
2016-05-09, 16.3600, 16.3600, 16.3600, 16.3600, 0
2016-05-10, 16.3600, 16.3600, 16.3600, 16.3600, 0
2016-05-11, 16.3600, 16.3600, 16.3600, 16.3600, 0
2016-05-12, 16.3600, 16.3600, 16.3600, 16.3600, 0
2016-05-13, 16.3600, 16.3600, 16.3600, 16.3600, 0
2016-05-16, 16.3600, 16.3600, 16.3600, 16.3600, 0
2016-05-17, 16.3600, 16.3600, 16.3600, 16.3600, 0
2016-05-18, 16.3600, 16.3600, 16.3600, 16.3600, 0
2016-05-19, 16.3600, 16.3600, 16.3600, 16.3600, 0
2016-05-20, 16.3600, 16.3600, 16.3600, 16.3600, 0
2016-05-23, 16.3600, 16.3600, 16.3600, 16.3600, 0
2016-05-24, 16.3600, 16.3600, 16.3600, 16.3600, 0
2016-05-25, 16.3600, 16.3600, 16.3600, 16.3600, 0
2016-05-26, 16.3600, 16.3600, 16.3600, 16.3600, 0
2016-05-27, 16.3600, 16.3600, 16.3600, 16.3600, 0
2016-05-31, 16.3600, 16.3600, 16.3600, 16.3600, 0
2016-06-01, 16.3600, 16.3600, 16.3600, 16.3600, 0
2016-06-02, 16.3600, 16.3600, 16.3600, 16.3600, 0
2016-06-03, 16.3600, 16.3600, 16.3600, 16.3600, 0
2016-06-06, 16.3600, 16.3600, 16.3600, 16.3600, 0
2016-06-07, 16.3600, 16.3600, 16.3600, 16.3600, 0
2016-06-08, 16.3600, 16.3600, 16.3600, 16.3600, 0
2016-06-09, 16.3600, 16.3600, 16.3600, 16.3600, 0
2016-06-10, 16.3600, 16.3600, 16.3600, 16.3600, 0
2016-06-13, 16.3600, 16.3600, 16.3600, 16.3600, 0
2016-06-14, 16.3600, 16.3600, 16.3600, 16.3600, 0
2016-06-15, 16.3600, 16.3600, 16.3600, 16.3600, 0
2016-06-16, 16.3600, 16.3600, 16.3600, 16.3600, 0
2016-06-17, 16.3600, 16.3600, 16.3600, 16.3600, 0
2016-06-20, 16.3600, 16.3600, 16.3600, 16.3600, 0
2016-06-21, 16.3600, 16.3600, 16.3600, 16.3600, 0
2016-06-22, 16.3600, 16.3600, 16.3600, 16.3600, 0
2016-06-23, 16.3600, 16.3600, 16.3600, 16.3600, 0
2016-06-24, 16.3600, 16.3600, 16.3600, 16.3600, 0
2016-06-27, 16.3600, 16.3600, 16.3600, 16.3600, 0
2016-06-28, 16.3600, 16.3600, 16.3600, 16.3600, 0
2016-06-29, 16.3600, 16.3600, 16.3600, 16.3600, 0
2016-06-30, 16.3600, 16.3600, 16.3600, 16.3600, 0
2016-07-01, 16.3600, 16.3600, 16.3600, 16.3600, 0
2016-07-05, 16.3600, 16.3600, 16.3600, 16.3600, 0
2016-07-06, 16.3600, 16.3600, 16.3600, 16.3600, 0
2016-07-07, 16.3600, 16.3600, 16.3600, 16.3600, 0
2016-07-08, 16.3600, 16.3600, 16.3600, 16.3600, 0
2016-07-11, 16.3600, 16.3600, 16.3600, 16.3600, 0
2016-07-12, 16.3600, 16.3600, 16.3600, 16.3600, 0
2016-07-13, 16.3600, 16.3600, 16.3600, 16.3600, 0
2016-07-14, 16.3600, 16.3600, 16.3600, 16.3600, 0
2016-07-15, 16.3600, 16.3600, 16.3600, 16.3600, 0
2016-07-18, 16.3600, 16.3600, 16.3600, 16.3600, 0
2016-07-19, 16.3600, 16.3600, 16.3600, 16.3600, 0
2016-07-20, 16.3600, 16.3600, 16.3600, 16.3600, 0
2016-07-21, 16.3600, 16.3600, 16.3600, 16.3600, 0
2016-07-22, 16.3600, 16.3600, 16.3600, 16.3600, 0
2016-07-25, 16.3600, 16.3600, 16.3600, 16.3600, 0
2016-07-26, 16.3600, 16.3600, 16.3600, 16.3600, 0
2016-07-27, 16.3600, 16.3600, 16.3600, 16.3600, 0
2016-07-28, 16.3600, 16.3600, 16.3600, 16.3600, 0
2016-07-29, 16.3600, 16.3600, 16.3600, 16.3600, 0
2016-08-01, 16.3600, 16.3600, 16.3600, 16.3600, 0
2016-08-02, 16.3600, 16.3600, 16.3600, 16.3600, 0
2016-08-03, 16.3600, 16.3600, 16.3600, 16.3600, 0
2016-08-04, 16.3600, 16.3600, 16.3600, 16.3600, 0
2016-08-05, 16.3600, 16.3600, 16.3600, 16.3600, 0
2016-08-08, 16.3600, 16.3600, 16.3600, 16.3600, 0
2016-08-09, 16.3600, 16.3600, 16.3600, 16.3600, 0
2016-08-10, 16.3600, 16.3600, 16.3600, 16.3600, 0
2016-08-11, 16.3600, 16.3600, 16.3600, 16.3600, 0
2016-08-12, 16.3600, 16.3600, 16.3600, 16.3600, 0
2016-08-15, 16.3600, 16.3600, 16.3600, 16.3600, 0
2016-08-16, 16.3600, 16.3600, 16.3600, 16.3600, 0
2016-08-17, 16.3600, 16.3600, 16.3600, 16.3600, 0
2016-08-18, 16.3600, 16.3600, 16.3600, 16.3600, 0
2016-08-19, 16.3600, 16.3600, 16.3600, 16.3600, 0
2016-08-22, 16.3600, 16.3600, 16.3600, 16.3600, 0
2016-08-23, 16.3600, 16.3600, 16.3600, 16.3600, 0
2016-08-24, 16.3600, 16.3600, 16.3600, 16.3600, 0
2016-08-25, 16.3600, 16.3600, 16.3600, 16.3600, 0
2016-08-26, 16.3600, 16.3600, 16.3600, 16.3600, 0
2016-08-29, 16.3600, 16.3600, 16.3600, 16.3600, 0
2016-08-30, 16.3600, 16.3600, 16.3600, 16.3600, 0
2016-08-31, 16.3600, 16.3600, 16.3600, 16.3600, 0
2016-09-01, 16.3600, 16.3600, 16.3600, 16.3600, 0
2016-09-02, 16.3600, 16.3600, 16.3600, 16.3600, 0
2016-09-06, 16.3600, 16.3600, 16.3600, 16.3600, 0
2016-09-07, 16.3600, 16.3600, 16.3600, 16.3600, 0
2016-09-08, 16.3600, 16.3600, 16.3600, 16.3600, 0
2016-09-09, 16.3600, 16.3600, 16.3600, 16.3600, 0
2016-09-12, 16.3600, 16.3600, 16.3600, 16.3600, 0
2016-09-13, 16.3600, 16.3600, 16.3600, 16.3600, 0
2016-09-14, 16.3600, 16.3600, 16.3600, 16.3600, 0
2016-09-15, 16.3600, 16.3600, 16.3600, 16.3600, 0
2016-09-16, 16.3600, 16.3600, 16.3600, 16.3600, 0
2016-09-19, 16.3600, 16.3600, 16.3600, 16.3600, 0
2016-09-20, 16.3600, 16.3600, 16.3600, 16.3600, 0
2016-09-21, 16.3600, 16.3600, 16.3600, 16.3600, 0
2016-09-22, 16.3600, 16.3600, 16.3600, 16.3600, 0
2016-09-23, 16.3600, 16.3600, 16.3600, 16.3600, 0
2016-09-26, 16.3600, 16.3600, 16.3600, 16.3600, 0
2016-09-27, 16.3600, 16.3600, 16.3600, 16.3600, 0
2016-09-28, 16.3600, 16.3600, 16.3600, 16.3600, 0
2016-09-29, 16.3600, 16.3600, 16.3600, 16.3600, 0
2016-09-30, 16.3600, 16.3600, 16.3600, 16.3600, 0
2016-10-03, 16.3600, 16.3600, 16.3600, 16.3600, 0
2016-10-04, 16.3600, 16.3600, 16.3600, 16.3600, 0
2016-10-05, 16.3600, 16.3600, 16.3600, 16.3600, 0
2016-10-06, 16.3600, 16.3600, 16.3600, 16.3600, 0
2016-10-07, 16.3600, 16.3600, 16.3600, 16.3600, 0
2016-10-10, 16.3600, 16.3600, 16.3600, 16.3600, 0
2016-10-11, 16.3600, 16.3600, 16.3600, 16.3600, 0
2016-10-12, 16.3600, 16.3600, 16.3600, 16.3600, 0
2016-10-13, 16.3600, 16.3600, 16.3600, 16.3600, 0
2016-10-14, 16.3600, 16.3600, 16.3600, 16.3600, 0
2016-10-17, 16.3600, 16.3600, 16.3600, 16.3600, 0
2016-10-18, 16.3600, 16.3600, 16.3600, 16.3600, 0
2016-10-19, 16.3600, 16.3600, 16.3600, 16.3600, 0
2016-10-20, 16.3600, 16.3600, 16.3600, 16.3600, 0
2016-10-21, 16.3600, 16.3600, 16.3600, 16.3600, 0
2016-10-24, 16.3600, 16.3600, 16.3600, 16.3600, 0
2016-10-25, 16.3600, 16.3600, 16.3600, 16.3600, 0
2016-10-26, 16.3600, 16.3600, 16.3600, 16.3600, 0
2016-10-27, 16.3600, 16.3600, 16.3600, 16.3600, 0
2016-10-28, 16.3600, 16.3600, 16.3600, 16.3600, 0
2016-10-31, 16.3600, 16.3600, 16.3600, 16.3600, 0
2016-11-01, 16.3600, 16.3600, 16.3600, 16.3600, 0
2016-11-02, 16.3600, 16.3600, 16.3600, 16.3600, 0
2016-11-03, 16.3600, 16.3600, 16.3600, 16.3600, 0
2016-11-04, 16.3600, 16.3600, 16.3600, 16.3600, 0
2016-11-07, 16.3600, 16.3600, 16.3600, 16.3600, 0
2016-11-08, 16.3600, 16.3600, 16.3600, 16.3600, 0
2016-11-09, 16.3600, 16.3600, 16.3600, 16.3600, 0
2016-11-10, 16.3600, 16.3600, 16.3600, 16.3600, 0
2016-11-11, 16.3600, 16.3600, 16.3600, 16.3600, 0
2016-11-14, 16.3600, 16.3600, 16.3600, 16.3600, 0
2016-11-15, 16.3600, 16.3600, 16.3600, 16.3600, 0
2016-11-16, 16.3600, 16.3600, 16.3600, 16.3600, 0
2016-11-17, 16.3600, 16.3600, 16.3600, 16.3600, 0
2016-11-18, 16.3600, 16.3600, 16.3600, 16.3600, 0
2016-11-21, 16.3600, 16.3600, 16.3600, 16.3600, 0
2016-11-22, 16.3600, 16.3600, 16.3600, 16.3600, 0
2016-11-23, 19.4599, 19.4599, 19.4215, 19.4215, 300
2016-11-25, 19.1015, 19.1015, 19.1015, 19.1015, 1
2016-11-28, 19.1015, 19.1015, 19.1015, 19.1015, 0
2016-11-29, 19.1015, 19.1015, 19.1015, 19.1015, 0
2016-11-30, 19.1015, 19.1015, 19.1015, 19.1015, 1
2016-12-01, 19.1015, 19.1015, 19.1015, 19.1015, 31
2016-12-02, 19.1015, 19.1015, 19.1015, 19.1015, 0
2016-12-05, 19.1015, 19.1015, 19.1015, 19.1015, 1
2016-12-06, 19.1015, 19.1015, 19.1015, 19.1015, 0
2016-12-07, 19.1015, 19.1015, 19.1015, 19.1015, 0
2016-12-08, 19.1015, 19.1015, 19.1015, 19.1015, 0
2016-12-09, 19.1015, 19.1015, 19.1015, 19.1015, 0
2016-12-12, 19.1015, 19.1015, 19.1015, 19.1015, 1
2016-12-13, 19.1015, 19.1015, 19.1015, 19.1015, 0
2016-12-14, 19.1015, 19.1015, 19.1015, 19.1015, 0
2016-12-15, 19.1015, 19.1015, 19.1015, 19.1015, 0
2016-12-16, 19.1015, 19.1015, 19.1015, 19.1015, 0
2016-12-19, 19.1015, 19.1015, 19.1015, 19.1015, 0
2016-12-20, 19.1015, 19.1015, 19.1015, 19.1015, 0
2016-12-21, 19.4280, 19.6304, 19.4280, 19.6304, 450
2016-12-22, 19.6304, 19.6304, 19.6304, 19.6304, 0
2016-12-23, 19.6304, 19.6304, 19.6304, 19.6304, 0
2016-12-27, 19.6304, 19.6304, 19.6304, 19.6304, 1
2016-12-28, 19.6304, 19.6304, 19.6304, 19.6304, 0
2016-12-29, 19.8700, 19.8700, 19.8699, 19.8699, 200
2016-12-30, 19.7900, 19.9000, 19.7900, 19.9000, 250
2017-01-03, 19.9000, 19.9000, 19.9000, 19.9000, 0
2017-01-04, 19.9000, 19.9000, 19.9000, 19.9000, 0
2017-01-05, 19.9000, 19.9000, 19.9000, 19.9000, 0
2017-01-06, 19.9000, 19.9000, 19.9000, 19.9000, 0
2017-01-09, 19.9000, 19.9000, 19.9000, 19.9000, 0
2017-01-10, 19.9000, 19.9000, 19.9000, 19.9000, 0
2017-01-11, 19.9000, 19.9000, 19.9000, 19.9000, 0
2017-01-12, 19.9000, 19.9000, 19.9000, 19.9000, 0
2017-01-13, 19.9000, 19.9000, 19.9000, 19.9000, 0
2017-01-17, 19.9000, 19.9000, 19.9000, 19.9000, 0
2017-01-18, 19.9000, 19.9000, 19.9000, 19.9000, 0
2017-01-19, 19.9000, 19.9000, 19.9000, 19.9000, 0
2017-01-20, 19.9000, 19.9000, 19.9000, 19.9000, 0
2017-01-23, 19.9000, 19.9000, 19.9000, 19.9000, 0
2017-01-24, 19.9000, 19.9000, 19.9000, 19.9000, 0
2017-01-25, 20.8709, 20.8709, 20.8709, 20.8709, 200
2017-01-26, 20.8709, 20.8709, 20.8709, 20.8709, 0
2017-01-27, 20.8709, 20.8709, 20.8709, 20.8709, 0
2017-01-30, 20.8709, 20.8709, 20.8709, 20.8709, 0
2017-01-31, 20.6705, 20.6705, 20.6705, 20.6705, 100
2017-02-01, 20.6705, 20.6705, 20.6705, 20.6705, 0
2017-02-02, 20.6705, 20.6705, 20.6705, 20.6705, 0
2017-02-03, 20.6705, 20.6705, 20.6705, 20.6705, 0
2017-02-06, 20.6705, 20.6705, 20.6705, 20.6705, 0
2017-02-07, 20.6705, 20.6705, 20.6705, 20.6705, 0
2017-02-08, 20.6705, 20.6705, 20.6705, 20.6705, 0
2017-02-09, 20.6705, 20.6705, 20.6705, 20.6705, 0
2017-02-10, 20.6705, 20.6705, 20.6705, 20.6705, 0
2017-02-13, 21.2888, 21.3831, 21.2888, 21.3831, 390
2017-02-14, 21.3831, 21.3831, 21.3831, 21.3831, 0
2017-02-15, 21.3831, 21.3831, 21.3831, 21.3831, 0
2017-02-16, 21.3831, 21.3831, 21.3831, 21.3831, 0
2017-02-17, 21.3831, 21.3831, 21.3831, 21.3831, 0
2017-02-21, 21.3831, 21.3831, 21.3831, 21.3831, 0
2017-02-22, 21.3500, 21.3500, 21.3500, 21.3500, 100
2017-02-23, 21.3500, 21.3500, 21.3500, 21.3500, 0
2017-02-24, 21.3500, 21.3500, 21.3500, 21.3500, 0
2017-02-27, 21.0500, 21.0500, 21.0500, 21.0500, 1
2017-02-28, 21.0500, 21.0500, 21.0500, 21.0500, 0
2017-03-01, 20.8700, 20.8700, 20.8450, 20.8450, 512
2017-03-02, 20.8450, 20.8450, 20.8450, 20.8450, 0
2017-03-03, 20.8450, 20.8450, 20.8450, 20.8450, 0
2017-03-06, 20.8450, 20.8450, 20.8450, 20.8450, 0
2017-03-07, 20.8450, 20.8450, 20.8450, 20.8450, 0
2017-03-08, 20.8450, 20.8450, 20.8450, 20.8450, 0
2017-03-09, 20.8450, 20.8450, 20.8450, 20.8450, 0
2017-03-10, 20.8450, 20.8450, 20.8450, 20.8450, 4
2017-03-13, 20.8450, 20.8450, 20.8450, 20.8450, 0
2017-03-14, 20.8450, 20.8450, 20.8450, 20.8450, 0
2017-03-15, 20.8450, 20.8450, 20.8450, 20.8450, 1
2017-03-16, 20.8450, 20.8450, 20.8450, 20.8450, 1
2017-03-17, 20.8450, 20.8450, 20.8450, 20.8450, 0
2017-03-20, 20.8450, 20.8450, 20.8450, 20.8450, 0
2017-03-21, 20.8450, 20.8450, 20.8450, 20.8450, 0
2017-03-22, 20.8450, 20.8450, 20.8450, 20.8450, 0
2017-03-23, 20.8450, 20.8450, 20.8450, 20.8450, 1
2017-03-24, 20.8450, 20.8450, 20.8450, 20.8450, 1
2017-03-27, 20.8450, 20.8450, 20.8450, 20.8450, 0
2017-03-28, 20.8450, 20.8450, 20.8450, 20.8450, 0
2017-03-29, 20.8450, 20.8450, 20.8450, 20.8450, 0
2017-03-30, 20.8450, 20.8450, 20.8450, 20.8450, 0
2017-03-31, 20.8450, 20.8450, 20.8450, 20.8450, 0
2017-04-03, 20.8450, 20.8450, 20.8450, 20.8450, 0
2017-04-04, 20.8450, 20.8450, 20.8450, 20.8450, 1
2017-04-05, 20.8450, 20.8450, 20.8450, 20.8450, 0
2017-04-06, 20.8450, 20.8450, 20.8450, 20.8450, 1
2017-04-07, 20.8450, 20.8450, 20.8450, 20.8450, 0
2017-04-10, 20.8450, 20.8450, 20.8450, 20.8450, 0
2017-04-11, 20.8450, 20.8450, 20.8450, 20.8450, 0
2017-04-12, 20.8450, 20.8450, 20.8450, 20.8450, 1
2017-04-13, 20.8450, 20.8450, 20.8450, 20.8450, 0
2017-04-17, 20.0450, 20.0625, 20.0450, 20.0625, 513
2017-04-18, 20.0625, 20.0625, 20.0625, 20.0625, 0
2017-04-19, 20.0625, 20.0625, 20.0625, 20.0625, 1
2017-04-20, 20.0625, 20.0625, 20.0625, 20.0625, 0
2017-04-21, 20.0625, 20.0625, 20.0625, 20.0625, 1
2017-04-24, 20.0625, 20.0625, 20.0625, 20.0625, 1
2017-04-25, 20.0625, 20.0625, 20.0625, 20.0625, 0
2017-04-26, 20.0625, 20.0625, 20.0625, 20.0625, 0
2017-04-27, 20.0625, 20.0625, 20.0625, 20.0625, 1
2017-04-28, 20.0625, 20.0625, 20.0625, 20.0625, 0
2017-05-01, 20.0625, 20.0625, 20.0625, 20.0625, 0
2017-05-02, 20.0625, 20.0625, 20.0625, 20.0625, 0
2017-05-03, 20.0625, 20.0625, 20.0625, 20.0625, 1
2017-05-04, 20.0625, 20.0625, 20.0625, 20.0625, 0
2017-05-05, 20.0625, 20.0625, 20.0625, 20.0625, 1
2017-05-08, 20.0625, 20.0625, 20.0625, 20.0625, 0
2017-05-09, 20.0625, 20.0625, 20.0625, 20.0625, 1
2017-05-10, 20.0625, 20.0625, 20.0625, 20.0625, 0
2017-05-11, 20.0625, 20.0625, 20.0625, 20.0625, 0
2017-05-12, 20.0625, 20.0625, 20.0625, 20.0625, 0
2017-05-15, 20.0625, 20.0625, 20.0625, 20.0625, 12
2017-05-16, 20.0625, 20.0625, 20.0625, 20.0625, 0
2017-05-17, 20.0625, 20.0625, 20.0625, 20.0625, 0
2017-05-18, 20.0625, 20.0625, 20.0625, 20.0625, 0
2017-05-19, 20.0625, 20.0625, 20.0625, 20.0625, 0
2017-05-22, 20.0625, 20.0625, 20.0625, 20.0625, 0
2017-05-23, 20.0625, 20.0625, 20.0625, 20.0625, 0
2017-05-24, 20.0625, 20.0625, 20.0625, 20.0625, 0
2017-05-25, 20.0625, 20.0625, 20.0625, 20.0625, 0
2017-05-26, 20.0625, 20.0625, 20.0625, 20.0625, 0
2017-05-30, 20.0625, 20.0625, 20.0625, 20.0625, 0
2017-05-31, 20.0625, 20.0625, 20.0625, 20.0625, 0
2017-06-01, 20.0625, 20.0625, 20.0625, 20.0625, 0
2017-06-02, 20.0625, 20.0625, 20.0625, 20.0625, 0
2017-06-05, 20.0625, 20.0625, 20.0625, 20.0625, 0
2017-06-06, 20.0625, 20.0625, 20.0625, 20.0625, 0
2017-06-07, 19.7489, 19.7489, 19.7489, 19.7489, 3
2017-06-08, 19.7489, 19.7489, 19.7489, 19.7489, 0
2017-06-09, 19.7489, 19.7489, 19.7489, 19.7489, 0
2017-06-12, 19.0000, 19.0000, 19.0000, 19.0000, 125
2017-06-13, 19.0000, 19.0000, 19.0000, 19.0000, 0
2017-06-14, 19.0000, 19.0000, 19.0000, 19.0000, 0
2017-06-15, 19.0000, 19.0000, 19.0000, 19.0000, 0
2017-06-16, 19.0000, 19.0000, 19.0000, 19.0000, 0
2017-06-19, 19.0000, 19.0000, 19.0000, 19.0000, 0
2017-06-20, 19.0000, 19.0000, 19.0000, 19.0000, 0
2017-06-21, 19.0000, 19.0000, 19.0000, 19.0000, 0
2017-06-22, 19.0000, 19.0000, 19.0000, 19.0000, 0
2017-06-23, 19.0000, 19.0000, 19.0000, 19.0000, 0
2017-06-26, 19.0000, 19.0000, 19.0000, 19.0000, 0
2017-06-27, 19.0000, 19.0000, 19.0000, 19.0000, 0
2017-06-28, 19.0000, 19.0000, 19.0000, 19.0000, 0
2017-06-29, 19.0000, 19.0000, 19.0000, 19.0000, 0
2017-06-30, 19.0000, 19.0000, 19.0000, 19.0000, 0
2017-07-03, 19.0000, 19.0000, 19.0000, 19.0000, 0
2017-07-05, 19.0000, 19.0000, 19.0000, 19.0000, 0
2017-07-06, 19.0000, 19.0000, 19.0000, 19.0000, 0
2017-07-07, 19.0000, 19.0000, 19.0000, 19.0000, 0
2017-07-10, 19.0000, 19.0000, 19.0000, 19.0000, 0
2017-07-11, 19.0000, 19.0000, 19.0000, 19.0000, 0
2017-07-12, 19.0000, 19.0000, 19.0000, 19.0000, 0
2017-07-13, 19.0000, 19.0000, 19.0000, 19.0000, 0
2017-07-14, 19.0000, 19.0000, 19.0000, 19.0000, 0
2017-07-17, 19.0000, 19.0000, 19.0000, 19.0000, 0
2017-07-18, 19.0000, 19.0000, 19.0000, 19.0000, 0
2017-07-19, 19.0000, 19.0000, 19.0000, 19.0000, 0
2017-07-20, 19.0000, 19.0000, 19.0000, 19.0000, 1
2017-07-21, 19.0000, 19.0000, 19.0000, 19.0000, 2
2017-07-24, 18.7300, 18.7492, 18.7300, 18.7492, 250
2017-07-25, 18.7492, 18.7492, 18.7492, 18.7492, 0
2017-07-26, 18.7492, 18.7492, 18.7492, 18.7492, 0
2017-07-27, 18.7492, 18.7492, 18.7492, 18.7492, 0
2017-07-28, 18.7492, 18.7492, 18.7492, 18.7492, 0
2017-07-31, 18.7492, 18.7492, 18.7492, 18.7492, 0
2017-08-01, 18.7492, 18.7492, 18.7492, 18.7492, 0
2017-08-02, 18.7492, 18.7492, 18.7492, 18.7492, 0
2017-08-03, 18.7492, 18.7492, 18.7492, 18.7492, 0
2017-08-04, 18.7500, 18.7500, 18.6900, 18.7000, 2250
2017-08-07, 18.7000, 18.7000, 18.7000, 18.7000, 0
2017-08-08, 18.7000, 18.7000, 18.7000, 18.7000, 0
2017-08-09, 18.7000, 18.7000, 18.7000, 18.7000, 0
2017-08-10, 18.7000, 18.7000, 18.7000, 18.7000, 1
2017-08-11, 18.7000, 18.7000, 18.7000, 18.7000, 0
2017-08-14, 18.7000, 18.7000, 18.7000, 18.7000, 1
2017-08-15, 18.7000, 18.7000, 18.7000, 18.7000, 0
2017-08-16, 18.7000, 18.7000, 18.7000, 18.7000, 0
2017-08-17, 18.7000, 18.7000, 18.7000, 18.7000, 0
2017-08-18, 18.7000, 18.7000, 18.7000, 18.7000, 1
2017-08-21, 17.0800, 17.0800, 17.0572, 17.0572, 481
2017-08-22, 17.0572, 17.0572, 17.0572, 17.0572, 0
2017-08-23, 17.0572, 17.0572, 17.0572, 17.0572, 0
2017-08-24, 17.2700, 17.2860, 17.2700, 17.2860, 240
2017-08-25, 17.2860, 17.2860, 17.2860, 17.2860, 0
2017-08-28, 17.2860, 17.2860, 17.2860, 17.2860, 0
2017-08-29, 17.2860, 17.2860, 17.2860, 17.2860, 0
2017-08-30, 17.2860, 17.2860, 17.2860, 17.2860, 0
2017-08-31, 17.2860, 17.2860, 17.2860, 17.2860, 0
2017-09-01, 17.2860, 17.2860, 17.2860, 17.2860, 0
2017-09-05, 17.2860, 17.2860, 17.2860, 17.2860, 0
2017-09-06, 17.2860, 17.2860, 17.2860, 17.2860, 0
2017-09-07, 17.2860, 17.2860, 17.2860, 17.2860, 3
2017-09-08, 17.2860, 17.2860, 17.2860, 17.2860, 0
2017-09-11, 17.6950, 17.6950, 17.6950, 17.6950, 101
2017-09-12, 17.7190, 17.7190, 17.7190, 17.7190, 100
2017-09-13, 17.7190, 17.7190, 17.7190, 17.7190, 0
2017-09-14, 17.7190, 17.7190, 17.7190, 17.7190, 0
2017-09-15, 17.7190, 17.7190, 17.7190, 17.7190, 0
2017-09-18, 17.7190, 17.7190, 17.7190, 17.7190, 0
2017-09-19, 17.7190, 17.7190, 17.7190, 17.7190, 0
2017-09-20, 17.7190, 17.7190, 17.7190, 17.7190, 0
2017-09-21, 17.4650, 17.4650, 17.4650, 17.4650, 142
2017-09-22, 17.4650, 17.4650, 17.4650, 17.4650, 0
2017-09-25, 17.4650, 17.4650, 17.4650, 17.4650, 0
2017-09-26, 17.4650, 17.4650, 17.4650, 17.4650, 0
2017-09-27, 17.4650, 17.4650, 17.4650, 17.4650, 0
2017-09-28, 17.4650, 17.4650, 17.4650, 17.4650, 0
2017-09-29, 17.4650, 17.4650, 17.4650, 17.4650, 0
2017-10-02, 17.4650, 17.4650, 17.4650, 17.4650, 0
2017-10-03, 17.4650, 17.4650, 17.4650, 17.4650, 0
2017-10-04, 17.4650, 17.4650, 17.4650, 17.4650, 0
2017-10-05, 17.4650, 17.4650, 17.4650, 17.4650, 0
2017-10-06, 17.4650, 17.4650, 17.4650, 17.4650, 0
2017-10-09, 17.4650, 17.4650, 17.4650, 17.4650, 0
2017-10-10, 17.4650, 17.4650, 17.4650, 17.4650, 0
2017-10-11, 17.4650, 17.4650, 17.4650, 17.4650, 0
2017-10-12, 17.4650, 17.4650, 17.4650, 17.4650, 2
2017-10-13, 17.9500, 17.9500, 17.9500, 17.9500, 450
2017-10-16, 17.9500, 17.9500, 17.9500, 17.9500, 0
2017-10-17, 17.9500, 17.9500, 17.9500, 17.9500, 0
2017-10-18, 17.9500, 17.9500, 17.9500, 17.9500, 0
2017-10-19, 17.9500, 17.9500, 17.9500, 17.9500, 1
2017-10-20, 17.9500, 17.9500, 17.9500, 17.9500, 0
2017-10-23, 17.9500, 17.9500, 17.9500, 17.9500, 0
2017-10-24, 17.9500, 17.9500, 17.9500, 17.9500, 0
2017-10-25, 17.9500, 17.9500, 17.9500, 17.9500, 0
2017-10-26, 17.9500, 17.9500, 17.9500, 17.9500, 0
2017-10-27, 17.9500, 17.9500, 17.9500, 17.9500, 0
2017-10-30, 17.0233, 17.0233, 17.0233, 17.0233, 451
2017-10-31, 17.0233, 17.0233, 17.0233, 17.0233, 0
2017-11-01, 17.0233, 17.0233, 17.0233, 17.0233, 0
2017-11-02, 17.0233, 17.0233, 17.0233, 17.0233, 2
2017-11-03, 17.0233, 17.0233, 17.0233, 17.0233, 0
2017-11-06, 17.0233, 17.0233, 17.0233, 17.0233, 0
2017-11-07, 17.0233, 17.0233, 17.0233, 17.0233, 0
2017-11-08, 17.0233, 17.0233, 17.0233, 17.0233, 0
2017-11-09, 17.0233, 17.0233, 17.0233, 17.0233, 0
2017-11-10, 17.0233, 17.0233, 17.0233, 17.0233, 0
2017-11-13, 17.0233, 17.0233, 17.0233, 17.0233, 3
2017-11-14, 17.0233, 17.0233, 17.0233, 17.0233, 0
2017-11-15, 17.0233, 17.0233, 17.0233, 17.0233, 2
2017-11-16, 17.0233, 17.0233, 17.0233, 17.0233, 3
2017-11-17, 17.0233, 17.0233, 17.0233, 17.0233, 0
2017-11-20, 17.0233, 17.0233, 17.0233, 17.0233, 0
2017-11-21, 17.0233, 17.0233, 17.0233, 17.0233, 1
2017-11-22, 17.0233, 17.0233, 17.0233, 17.0233, 0
2017-11-24, 17.0233, 17.0233, 17.0233, 17.0233, 0
2017-11-27, 17.0233, 17.0233, 17.0233, 17.0233, 2
2017-11-28, 17.0233, 17.0233, 17.0233, 17.0233, 0
2017-11-29, 17.0230, 17.0230, 17.0230, 17.0230, 0
2017-11-30, 16.4101, 16.4275, 16.4101, 16.4275, 378
2017-12-01, 16.7350, 16.7350, 16.7350, 16.7350, 152
2017-12-04, 16.7350, 16.7350, 16.7350, 16.7350, 0
2017-12-05, 16.7350, 16.7350, 16.7350, 16.7350, 0
2017-12-06, 16.7350, 16.7350, 16.7350, 16.7350, 0
2017-12-07, 16.7350, 16.7350, 16.7350, 16.7350, 2
2017-12-08, 16.7350, 16.7350, 16.7350, 16.7350, 3
2017-12-11, 16.7350, 16.7350, 16.7350, 16.7350, 0
2017-12-12, 16.7350, 16.7350, 16.7350, 16.7350, 0
2017-12-13, 16.7350, 16.7350, 16.7350, 16.7350, 1
2017-12-14, 16.7350, 16.7350, 16.7350, 16.7350, 0
2017-12-15, 16.7350, 16.7350, 16.7350, 16.7350, 0
2017-12-18, 17.3800, 17.3800, 17.3800, 17.3800, 1500
2017-12-19, 17.3800, 17.3800, 17.3800, 17.3800, 0
2017-12-20, 17.3800, 17.3800, 17.3800, 17.3800, 1
2017-12-21, 17.3800, 17.3800, 17.3800, 17.3800, 0
2017-12-22, 17.3800, 17.3800, 17.3800, 17.3800, 0
2017-12-26, 17.3800, 17.3800, 17.3800, 17.3800, 0
2017-12-27, 17.3000, 17.3000, 17.3000, 17.3000, 2221
2017-12-28, 17.3000, 17.3000, 17.3000, 17.3000, 0
2017-12-29, 17.3000, 17.3000, 17.3000, 17.3000, 0
2018-01-02, 17.3000, 17.3000, 17.3000, 17.3000, 0
2018-01-03, 17.3000, 17.3000, 17.3000, 17.3000, 0
2018-01-04, 17.3000, 17.3000, 17.3000, 17.3000, 0
2018-01-05, 17.3000, 17.3000, 17.3000, 17.3000, 0
2018-01-08, 17.3000, 17.3000, 17.3000, 17.3000, 0
2018-01-09, 17.3000, 17.3000, 17.3000, 17.3000, 0
2018-01-10, 17.3000, 17.3000, 17.3000, 17.3000, 0
2018-01-11, 17.3000, 17.3000, 17.3000, 17.3000, 0
2018-01-12, 17.3000, 17.3000, 17.3000, 17.3000, 0
2018-01-16, 17.3000, 17.3000, 17.3000, 17.3000, 0
2018-01-17, 17.3000, 17.3000, 17.3000, 17.3000, 1
2018-01-18, 17.3000, 17.3000, 17.3000, 17.3000, 0
2018-01-19, 17.3000, 17.3000, 17.3000, 17.3000, 1
2018-01-22, 17.3000, 17.3000, 17.3000, 17.3000, 0
2018-01-23, 17.3000, 17.3000, 17.3000, 17.3000, 0
2018-01-24, 17.3000, 17.3000, 17.3000, 17.3000, 0
2018-01-25, 17.3000, 17.3000, 17.3000, 17.3000, 0
2018-01-26, 17.3000, 17.3000, 17.3000, 17.3000, 0
2018-01-29, 17.3000, 17.3000, 17.3000, 17.3000, 0
2018-01-30, 17.3000, 17.3000, 17.3000, 17.3000, 0
2018-01-31, 17.3000, 17.3000, 17.3000, 17.3000, 0
2018-02-01, 17.3000, 17.3000, 17.3000, 17.3000, 0
2018-02-02, 17.3000, 17.3000, 17.3000, 17.3000, 1
2018-02-05, 17.3000, 17.3000, 17.3000, 17.3000, 0
2018-02-06, 17.3000, 17.3000, 17.3000, 17.3000, 0
2018-02-07, 17.3000, 17.3000, 17.3000, 17.3000, 0
2018-02-08, 17.3000, 17.3000, 17.3000, 17.3000, 0
2018-02-09, 17.3000, 17.3000, 17.3000, 17.3000, 1
2018-02-12, 17.3000, 17.3000, 17.3000, 17.3000, 0
2018-02-13, 17.3000, 17.3000, 17.3000, 17.3000, 1200
2018-02-14, 16.6000, 17.4300, 16.5500, 17.1850, 2300
2018-02-15, 17.1850, 17.1850, 17.1850, 17.1850, 1
2018-02-16, 17.1850, 17.1850, 17.1850, 17.1850, 0
2018-02-20, 17.1850, 17.1850, 17.1850, 17.1850, 1
2018-02-21, 17.1850, 17.1850, 17.1850, 17.1850, 1
2018-02-22, 17.1850, 17.1850, 17.1850, 17.1850, 3
2018-02-23, 17.1850, 17.1850, 17.1850, 17.1850, 0
2018-02-26, 17.1850, 17.1850, 17.1850, 17.1850, 1
2018-02-27, 17.1850, 17.1850, 17.1850, 17.1850, 0
2018-02-28, 17.1850, 17.1850, 17.1850, 17.1850, 2
2018-03-01, 16.9187, 16.9187, 16.9187, 16.9187, 1
2018-03-02, 16.9187, 16.9187, 16.9187, 16.9187, 0
2018-03-05, 16.9187, 16.9187, 16.9187, 16.9187, 0
2018-03-06, 16.9187, 16.9187, 16.9187, 16.9187, 0
2018-03-07, 16.9187, 16.9187, 16.9187, 16.9187, 1
2018-03-08, 16.9187, 16.9187, 16.9187, 16.9187, 0
2018-03-09, 16.3800, 16.3800, 16.3800, 16.3800, 502
2018-03-12, 16.3800, 16.3800, 16.3800, 16.3800, 4
2018-03-13, 16.3800, 16.3800, 16.3800, 16.3800, 0
2018-03-14, 16.3800, 16.3800, 16.3800, 16.3800, 0
2018-03-15, 16.3800, 16.3800, 16.3800, 16.3800, 1
2018-03-16, 16.3800, 16.3800, 16.3800, 16.3800, 2
2018-03-19, 16.3800, 16.3800, 16.3800, 16.3800, 0
2018-03-20, 16.3800, 16.3800, 16.3800, 16.3800, 0
2018-03-21, 16.3800, 16.3800, 16.3800, 16.3800, 0
2018-03-22, 16.3800, 16.3800, 16.3800, 16.3800, 1
2018-03-23, 16.3800, 16.3800, 16.3800, 16.3800, 0
2018-03-26, 16.3800, 16.3800, 16.3800, 16.3800, 0
2018-03-27, 16.3800, 16.3800, 16.3800, 16.3800, 2
2018-03-28, 16.3800, 16.3800, 16.3800, 16.3800, 2
2018-03-29, 16.3800, 16.3800, 16.3800, 16.3800, 0
2018-04-02, 16.3800, 16.3800, 16.3800, 16.3800, 1
2018-04-03, 16.3800, 16.3800, 16.3800, 16.3800, 0
2018-04-04, 16.3800, 16.3800, 16.3800, 16.3800, 0
2018-04-05, 16.3800, 16.3800, 16.3800, 16.3800, 0
2018-04-06, 16.3800, 16.3800, 16.3800, 16.3800, 0
2018-04-09, 16.3800, 16.3800, 16.3800, 16.3800, 0
2018-04-10, 16.3800, 16.3800, 16.3800, 16.3800, 0
2018-04-11, 16.3800, 16.3800, 16.3800, 16.3800, 55
2018-04-12, 16.3800, 16.3800, 16.3800, 16.3800, 0
2018-04-13, 16.3800, 16.3800, 16.3800, 16.3800, 0
2018-04-16, 16.3800, 16.3800, 16.3800, 16.3800, 0
2018-04-17, 16.3800, 16.3800, 16.3800, 16.3800, 0
2018-04-18, 16.3800, 16.3800, 16.3800, 16.3800, 0
2018-04-19, 16.3800, 16.3800, 16.3800, 16.3800, 0
2018-04-20, 16.3800, 16.3800, 16.3800, 16.3800, 0
2018-04-23, 16.3800, 16.3800, 16.3800, 16.3800, 0
2018-04-24, 16.3800, 16.3800, 16.3800, 16.3800, 0
2018-04-25, 16.3800, 16.3800, 16.3800, 16.3800, 1
2018-04-26, 16.3800, 16.3800, 16.3800, 16.3800, 0
2018-04-27, 16.3800, 16.3800, 16.3800, 16.3800, 0
2018-04-30, 16.3800, 16.3800, 16.3800, 16.3800, 17
2018-05-01, 16.3800, 16.3800, 16.3800, 16.3800, 0
2018-05-02, 16.3800, 16.3800, 16.3800, 16.3800, 0
2018-05-03, 16.3800, 16.3800, 16.3800, 16.3800, 0
2018-05-04, 16.3800, 16.3800, 16.3800, 16.3800, 1
2018-05-07, 16.3800, 16.3800, 16.3800, 16.3800, 1
2018-05-08, 16.3800, 16.3800, 16.3800, 16.3800, 0
2018-05-09, 16.3800, 16.3800, 16.3800, 16.3800, 0
2018-05-10, 16.3800, 16.3800, 16.3800, 16.3800, 0
2018-05-11, 16.3800, 16.3800, 16.3800, 16.3800, 0
2018-05-14, 16.3800, 16.3800, 16.3800, 16.3800, 0
2018-05-15, 16.3800, 16.3800, 16.3800, 16.3800, 1
2018-05-16, 16.3800, 16.3800, 16.3800, 16.3800, 1
2018-05-17, 16.3800, 16.3800, 16.3800, 16.3800, 0
2018-05-18, 16.3800, 16.3800, 16.3800, 16.3800, 1
2018-05-21, 16.3800, 16.3800, 16.3800, 16.3800, 0
2018-05-22, 16.3800, 16.3800, 16.3800, 16.3800, 0
2018-05-23, 16.3800, 16.3800, 16.3800, 16.3800, 0
2018-05-24, 16.3800, 16.3800, 16.3800, 16.3800, 0
2018-05-25, 19.2700, 19.2700, 17.0000, 17.0000, 404
2018-05-29, 17.0000, 17.0000, 17.0000, 17.0000, 0
2018-05-30, 17.0000, 17.0000, 17.0000, 17.0000, 0
2018-05-31, 17.0000, 17.0000, 17.0000, 17.0000, 0
2018-06-01, 17.0000, 17.0000, 17.0000, 17.0000, 0
2018-06-04, 17.0000, 17.0000, 17.0000, 17.0000, 0
2018-06-05, 17.0000, 17.0000, 17.0000, 17.0000, 0
2018-06-06, 17.0000, 17.0000, 17.0000, 17.0000, 0
2018-06-07, 17.0000, 17.0000, 17.0000, 17.0000, 4
2018-06-08, 17.0000, 17.0000, 17.0000, 17.0000, 0
2018-06-11, 17.0000, 17.0000, 17.0000, 17.0000, 0
2018-06-12, 17.0000, 17.0000, 17.0000, 17.0000, 1
2018-06-13, 17.0000, 17.0000, 17.0000, 17.0000, 0
2018-06-14, 17.0000, 17.0000, 17.0000, 17.0000, 0
2018-06-15, 17.0000, 17.0000, 17.0000, 17.0000, 0
2018-06-18, 16.5700, 16.5700, 16.5700, 16.5700, 100
2018-06-19, 16.5698, 16.5698, 16.5698, 16.5698, 0
2018-06-20, 16.5698, 16.5698, 16.5698, 16.5698, 0
2018-06-21, 16.6200, 16.6200, 16.6200, 16.6200, 100
2018-06-22, 16.8900, 16.8900, 16.8900, 16.8900, 100
2018-06-25, 16.8900, 16.8900, 16.8900, 16.8900, 0
2018-06-26, 16.8900, 16.8900, 16.8900, 16.8900, 0
2018-06-27, 16.8900, 16.8900, 16.8900, 16.8900, 0
2018-06-28, 16.8900, 16.8900, 16.8900, 16.8900, 0
2018-06-29, 16.8900, 16.8900, 16.8900, 16.8900, 0
2018-07-02, 16.8900, 16.8900, 16.8900, 16.8900, 0
2018-07-03, 16.8900, 16.8900, 16.8900, 16.8900, 0
2018-07-05, 16.8900, 16.8900, 16.8900, 16.8900, 0
2018-07-06, 16.8900, 16.8900, 16.8900, 16.8900, 0
2018-07-09, 16.8900, 16.8900, 16.8900, 16.8900, 0
2018-07-10, 16.8900, 16.8900, 16.8900, 16.8900, 0
2018-07-11, 16.8900, 16.8900, 16.8900, 16.8900, 0
2018-07-12, 16.8900, 16.8900, 16.8900, 16.8900, 0
2018-07-13, 16.8900, 16.8900, 16.8900, 16.8900, 1
2018-07-16, 16.8900, 16.8900, 16.8900, 16.8900, 0
2018-07-17, 16.8900, 16.8900, 16.8900, 16.8900, 0
2018-07-18, 16.8900, 16.8900, 16.8900, 16.8900, 0
2018-07-19, 16.8900, 16.8900, 16.8900, 16.8900, 0
2018-07-20, 16.8900, 16.8900, 16.8900, 16.8900, 0
2018-07-23, 16.8900, 16.8900, 16.8900, 16.8900, 0
2018-07-24, 16.8900, 16.8900, 16.8900, 16.8900, 0
2018-07-25, 16.8900, 16.8900, 16.8900, 16.8900, 0
2018-07-26, 16.8900, 16.8900, 16.8900, 16.8900, 0
2018-07-27, 16.8900, 16.8900, 16.8900, 16.8900, 1
2018-07-30, 16.8900, 16.8900, 16.8900, 16.8900, 0
2018-07-31, 16.8900, 16.8900, 16.8900, 16.8900, 0
2018-08-01, 16.8900, 16.8900, 16.8900, 16.8900, 0
2018-08-02, 16.8900, 16.8900, 16.8900, 16.8900, 1
2018-08-03, 16.8900, 16.8900, 16.8900, 16.8900, 0
2018-08-06, 16.8900, 16.8900, 16.8900, 16.8900, 0
2018-08-07, 18.2700, 18.2700, 18.2700, 18.2700, 300
2018-08-08, 18.2704, 18.2704, 18.2704, 18.2704, 75
2018-08-09, 18.2704, 18.2704, 18.2704, 18.2704, 0
2018-08-10, 18.2704, 18.2704, 18.2704, 18.2704, 0
2018-08-13, 18.2704, 18.2704, 18.2704, 18.2704, 112
2018-08-14, 18.2704, 18.2704, 18.2704, 18.2704, 75
2018-08-15, 18.2704, 18.2704, 18.2704, 18.2704, 170
2018-08-16, 18.2704, 18.2704, 18.2704, 18.2704, 0
2018-08-17, 18.2704, 18.2704, 18.2704, 18.2704, 0
2018-08-20, 18.2704, 18.2704, 18.2704, 18.2704, 0
2018-08-21, 18.6100, 18.6100, 18.6100, 18.6100, 300
2018-08-22, 18.6100, 18.6100, 18.6100, 18.6100, 0
2018-08-23, 18.6100, 18.6100, 18.6100, 18.6100, 5
2018-08-24, 18.6100, 18.6100, 18.6100, 18.6100, 0
2018-08-27, 18.6100, 18.6100, 18.6100, 18.6100, 0
2018-08-28, 18.6100, 18.6100, 18.6100, 18.6100, 0
2018-08-29, 18.6100, 18.6100, 18.6100, 18.6100, 0
2018-08-30, 18.6100, 18.6100, 18.6100, 18.6100, 50
2018-08-31, 18.2963, 18.2963, 18.2963, 18.2963, 0
2018-09-04, 18.2963, 18.2963, 18.2963, 18.2963, 0
2018-09-05, 18.2963, 18.2963, 18.2963, 18.2963, 0
2018-09-06, 18.2963, 18.2963, 18.2963, 18.2963, 0
2018-09-07, 18.2963, 18.2963, 18.2963, 18.2963, 4
2018-09-10, 18.2963, 18.2963, 18.2963, 18.2963, 1
2018-09-11, 18.2963, 18.2963, 18.2963, 18.2963, 0
2018-09-12, 18.2963, 18.2963, 18.2963, 18.2963, 1
2018-09-13, 18.2963, 18.2963, 18.2963, 18.2963, 1
2018-09-14, 18.2963, 18.2963, 18.2963, 18.2963, 0
2018-09-17, 18.2963, 18.2963, 18.2963, 18.2963, 1
2018-09-18, 18.2963, 18.2963, 18.2963, 18.2963, 0
2018-09-19, 18.2963, 18.2963, 18.2963, 18.2963, 0
2018-09-20, 18.2963, 18.2963, 18.2963, 18.2963, 0
2018-09-21, 17.4501, 17.4710, 17.4501, 17.4710, 600
2018-09-24, 17.4710, 17.4710, 17.4710, 17.4710, 0
2018-09-25, 17.4710, 17.4710, 17.4710, 17.4710, 0
2018-09-26, 17.4710, 17.4710, 17.4710, 17.4710, 0
2018-09-27, 17.4710, 17.4710, 17.4710, 17.4710, 0
2018-09-28, 17.4710, 17.4710, 17.4710, 17.4710, 0
2018-10-01, 17.4710, 17.4710, 17.4710, 17.4710, 0
2018-10-02, 17.4710, 17.4710, 17.4710, 17.4710, 1
2018-10-03, 17.4710, 17.4710, 17.4710, 17.4710, 0
2018-10-04, 17.4710, 17.4710, 17.4710, 17.4710, 26
2018-10-05, 17.4710, 17.4710, 17.4710, 17.4710, 0
2018-10-08, 17.4710, 17.4710, 17.4710, 17.4710, 0
2018-10-09, 17.4710, 17.4710, 17.4710, 17.4710, 0
2018-10-10, 17.4710, 17.4710, 17.4710, 17.4710, 1
2018-10-11, 17.4710, 17.4710, 17.4710, 17.4710, 14
2018-10-12, 17.4710, 17.4710, 17.4710, 17.4710, 27
2018-10-15, 17.4710, 17.4710, 17.4710, 17.4710, 1
2018-10-16, 17.4710, 17.4710, 17.4710, 17.4710, 0
2018-10-17, 17.4710, 17.4710, 17.4710, 17.4710, 0
2018-10-18, 17.4710, 17.4710, 17.4710, 17.4710, 0
2018-10-19, 17.4710, 17.4710, 17.4710, 17.4710, 0
2018-10-22, 17.4710, 17.4710, 17.4710, 17.4710, 0
2018-10-23, 17.4710, 17.4710, 17.4710, 17.4710, 0
2018-10-24, 17.4710, 17.4710, 17.4710, 17.4710, 0
2018-10-25, 17.4710, 17.4710, 17.4710, 17.4710, 0
2018-10-26, 17.4710, 17.4710, 17.4710, 17.4710, 0
2018-10-29, 17.4710, 17.4710, 17.4710, 17.4710, 2
2018-10-30, 17.4710, 17.4710, 17.4710, 17.4710, 0
2018-10-31, 17.4710, 17.4710, 17.4710, 17.4710, 0
2018-11-01, 17.4710, 17.4710, 17.4710, 17.4710, 1
2018-11-02, 17.4710, 17.4710, 17.4710, 17.4710, 0
2018-11-05, 17.4710, 17.4710, 17.4710, 17.4710, 12
2018-11-06, 17.4710, 17.4710, 17.4710, 17.4710, 160
2018-11-07, 17.4710, 17.4710, 17.4710, 17.4710, 0
2018-11-08, 17.4710, 17.4710, 17.4710, 17.4710, 0
2018-11-09, 17.4710, 17.4710, 17.4710, 17.4710, 0
