2013-03-07, 35.2000, 39.5000, 35.1400, 38.8300, 8054700
2013-03-08, 38.4900, 41.8900, 36.8100, 38.6500, 1143400
2013-03-11, 38.8300, 38.8300, 36.4300, 36.7400, 580100
2013-03-12, 37.0000, 37.9800, 36.0500, 37.3900, 305300
2013-03-13, 37.1200, 37.4500, 37.0000, 37.4500, 54400
2013-03-14, 37.2800, 38.0400, 37.2800, 37.6500, 81800
2013-03-15, 39.5200, 39.5200, 37.0500, 37.0500, 264700
2013-03-18, 36.6600, 37.2900, 36.6600, 36.8900, 146200
2013-03-19, 36.8800, 37.2800, 36.5000, 36.8800, 104600
2013-03-20, 37.0100, 37.0800, 36.5500, 36.8300, 297100
2013-03-21, 36.9000, 37.8400, 36.5300, 37.7500, 224100
2013-03-22, 38.0000, 38.2700, 37.6200, 37.8700, 167100
2013-03-25, 38.1100, 38.1400, 37.6001, 38.0400, 121400
2013-03-26, 38.0100, 38.1500, 37.7300, 37.9700, 231800
2013-03-27, 37.9700, 38.3400, 37.8800, 38.1000, 122600
2013-03-28, 38.3100, 39.8500, 37.9600, 39.4500, 148500
2013-04-01, 39.4500, 40.1900, 39.0200, 39.3900, 147000
2013-04-02, 39.6400, 39.8500, 38.8100, 39.6700, 90200
2013-04-03, 40.0000, 40.0000, 39.7300, 39.8500, 150200
2013-04-04, 39.9900, 39.9900, 39.1000, 39.1500, 28400
2013-04-05, 38.8000, 38.9500, 37.3700, 37.9900, 112700
2013-04-08, 37.7500, 37.7800, 37.2610, 37.7800, 68200
2013-04-09, 37.5800, 37.7998, 37.3400, 37.6800, 142100
2013-04-10, 37.5100, 38.9900, 37.5000, 38.9200, 384100
2013-04-11, 38.5300, 39.1400, 38.5300, 38.9800, 51000
2013-04-12, 38.7500, 38.9100, 38.1510, 38.5600, 19000
2013-04-15, 38.2600, 38.5500, 37.8820, 38.2300, 78200
2013-04-16, 38.2000, 39.0200, 37.4900, 38.9200, 180700
2013-04-17, 38.5300, 38.7800, 37.7850, 38.1000, 166700
2013-04-18, 38.1000, 38.1200, 37.7300, 37.9800, 151500
2013-04-19, 37.9800, 38.0000, 37.7940, 37.8800, 5800
2013-04-22, 37.9400, 37.9900, 37.7700, 37.9100, 33600
2013-04-23, 38.0700, 38.1800, 37.8500, 37.9600, 83200
2013-04-24, 37.9700, 37.9700, 37.3700, 37.6100, 62000
2013-04-25, 37.6000, 38.0500, 37.1500, 37.8600, 138200
2013-04-26, 37.5000, 37.6800, 37.4100, 37.5900, 113000
2013-04-29, 37.5700, 37.9200, 37.2700, 37.4500, 78700
2013-04-30, 37.4550, 37.6000, 36.8700, 37.3000, 265000
2013-05-01, 38.0200, 39.7200, 38.0200, 39.4800, 116000
2013-05-02, 39.4700, 40.0000, 39.4600, 40.0000, 100300
2013-05-03, 40.8000, 41.1900, 40.1400, 40.7300, 119700
2013-05-06, 40.7500, 41.0000, 40.3800, 40.7400, 102700
2013-05-07, 40.7500, 40.8900, 40.3900, 40.6000, 124700
2013-05-08, 40.2000, 40.5490, 39.8900, 40.2200, 162500
2013-05-09, 40.4800, 41.6300, 40.0975, 40.9900, 90100
2013-05-10, 41.0000, 43.6500, 40.7100, 43.3500, 69900
2013-05-13, 43.0600, 44.5900, 43.0600, 44.2000, 97200
2013-05-14, 43.9400, 46.6400, 43.9400, 46.2000, 155200
2013-05-15, 46.0000, 48.1100, 46.0000, 47.8500, 121700
2013-05-16, 47.9200, 48.4300, 47.7700, 48.1100, 156000
2013-05-17, 47.6000, 48.7200, 47.6000, 48.5500, 146200
2013-05-20, 48.0200, 49.5850, 47.6001, 49.2900, 93200
2013-05-21, 49.1000, 50.2300, 48.9900, 50.0400, 87000
2013-05-22, 50.0300, 50.3600, 49.9600, 50.0100, 132900
2013-05-23, 49.1100, 49.6400, 49.0900, 49.1800, 216000
2013-05-24, 49.1000, 49.5800, 48.7000, 49.5200, 94000
2013-05-28, 49.9700, 49.9700, 48.7900, 49.5700, 84900
2013-05-29, 49.1200, 49.3490, 47.9000, 48.0000, 196900
2013-05-30, 47.8500, 47.8500, 47.1800, 47.3600, 90600
2013-05-31, 46.9700, 47.4200, 46.3700, 46.7300, 124200
2013-06-03, 46.7400, 46.9200, 46.3500, 46.6000, 118800
2013-06-04, 46.7500, 47.0550, 46.4200, 46.7300, 89600
2013-06-05, 46.5500, 46.7400, 46.0100, 46.5200, 140900
2013-06-06, 46.3700, 47.0400, 46.2000, 46.9800, 160300
2013-06-07, 47.3200, 48.8800, 47.0100, 48.2100, 232800
2013-06-10, 48.3400, 52.7800, 47.9200, 52.4700, 298700
2013-06-11, 52.0100, 54.1000, 51.8600, 52.8600, 317100
2013-06-12, 54.2500, 54.2500, 51.8300, 52.5200, 197400
2013-06-13, 52.2700, 54.1100, 52.1200, 53.6000, 107100
2013-06-14, 53.4400, 54.3000, 52.6100, 53.0300, 142000
2013-06-17, 53.0000, 53.9260, 52.8700, 53.5900, 126700
2013-06-18, 53.8400, 56.0100, 53.5800, 55.7500, 268700
2013-06-19, 55.7500, 56.0700, 55.0900, 55.7400, 172100
2013-06-20, 54.9600, 55.5300, 53.7100, 55.5100, 446000
2013-06-21, 55.3900, 55.9000, 54.6200, 54.7300, 604700
2013-06-24, 54.5500, 54.7700, 52.2000, 53.0200, 115400
2013-06-25, 53.2000, 53.2000, 51.0800, 51.2500, 143800
2013-06-26, 51.8000, 51.8200, 49.4100, 49.7600, 150000
2013-06-27, 49.5700, 50.7900, 49.2600, 50.2500, 119400
2013-06-28, 49.6800, 50.2500, 47.2400, 49.9100, 751000
2013-07-01, 50.2500, 51.2300, 49.5500, 50.3700, 124000
2013-07-02, 50.3400, 51.1130, 49.9900, 50.4100, 53900
2013-07-03, 50.1700, 50.8150, 49.9800, 50.6600, 44900
2013-07-05, 51.0500, 51.1700, 49.4100, 50.5800, 84400
2013-07-08, 50.7400, 51.3200, 50.3000, 50.7700, 78800
2013-07-09, 51.0300, 51.8400, 50.3600, 51.7600, 67600
2013-07-10, 51.6200, 52.7400, 51.4400, 52.6300, 81800
2013-07-11, 52.9200, 53.1500, 52.4000, 52.8100, 89900
2013-07-12, 52.7200, 53.8400, 51.8400, 51.9000, 70600
2013-07-15, 51.9000, 53.5000, 51.6400, 52.5100, 58600
2013-07-16, 52.3400, 52.7120, 51.5200, 51.7600, 36900
2013-07-17, 51.9600, 52.8100, 51.4800, 52.7500, 24700
2013-07-18, 52.8200, 53.7500, 52.3500, 53.3300, 42100
2013-07-19, 53.3200, 53.5500, 52.9600, 53.2700, 82000
2013-07-22, 53.1600, 54.1600, 52.8000, 53.6000, 50700
2013-07-23, 53.5300, 53.6300, 52.3800, 52.4700, 48300
2013-07-24, 52.6000, 52.9800, 51.4600, 51.7400, 51900
2013-07-25, 51.7900, 55.5600, 51.4100, 53.5700, 78200
2013-07-26, 53.3900, 54.2000, 53.0800, 53.5200, 28500
2013-07-29, 53.5300, 53.5300, 52.7800, 53.4000, 22700
2013-07-30, 53.3600, 53.7050, 53.3200, 53.6100, 20400
2013-07-31, 53.6500, 53.8300, 52.6800, 53.0000, 23900
2013-08-01, 53.0700, 53.1400, 52.2900, 53.0000, 27000
2013-08-02, 52.7700, 53.0300, 52.0900, 52.6600, 57100
2013-08-05, 52.6000, 52.6900, 51.7400, 52.0000, 30300
2013-08-06, 52.0700, 52.2700, 51.8201, 52.0000, 52700
2013-08-07, 51.8200, 52.0400, 51.6500, 51.9800, 26800
2013-08-08, 51.8000, 51.9000, 51.3800, 51.5600, 14900
2013-08-09, 51.7400, 51.7400, 51.2800, 51.3400, 11300
2013-08-12, 51.2800, 51.8900, 51.2800, 51.3200, 7300
2013-08-13, 51.5100, 51.6999, 50.2200, 50.4500, 46500
2013-08-14, 50.5400, 50.8100, 50.0200, 50.4800, 15300
2013-08-15, 50.3700, 50.4500, 49.6900, 50.0500, 32300
2013-08-16, 50.0300, 50.0600, 49.4600, 49.7300, 33100
2013-08-19, 49.7600, 50.9000, 49.2000, 49.9800, 52200
2013-08-20, 50.1800, 50.2800, 48.9600, 49.6400, 38200
2013-08-21, 49.6000, 50.6500, 49.4500, 49.8700, 29300
2013-08-22, 50.3600, 50.3900, 49.1200, 49.7000, 16700
2013-08-23, 49.9000, 50.4800, 49.4600, 49.7800, 24100
2013-08-26, 49.7100, 50.7700, 49.1000, 49.4000, 32000
2013-08-27, 49.2300, 49.7820, 48.1600, 48.5400, 30500
2013-08-28, 48.6300, 48.8200, 47.3500, 47.7100, 55800
2013-08-29, 47.9400, 48.5500, 46.0200, 46.6300, 51000
2013-08-30, 46.5700, 48.1600, 46.4640, 47.9900, 32800
2013-09-03, 48.4100, 49.0500, 47.5488, 48.0600, 30700
2013-09-04, 47.9900, 48.6300, 47.5000, 48.4800, 146000
2013-09-05, 48.4900, 49.3200, 48.1200, 48.3900, 31900
2013-09-06, 48.4400, 49.9800, 48.3300, 49.5300, 38300
2013-09-09, 49.2000, 49.8000, 49.2000, 49.7400, 25000
2013-09-10, 50.0500, 51.4000, 50.0200, 51.0900, 49900
2013-09-11, 51.2200, 52.9000, 51.2200, 51.9000, 159200
2013-09-12, 52.1200, 52.5900, 51.5300, 51.9500, 52100
2013-09-13, 52.0000, 52.3800, 51.6000, 51.7300, 91300
2013-09-16, 52.3100, 52.3700, 51.3900, 51.7900, 44000
2013-09-17, 52.0000, 53.0000, 51.6500, 51.7700, 52000
2013-09-18, 51.8100, 53.8100, 51.3500, 53.6800, 66900
2013-09-19, 53.8500, 54.3000, 52.5400, 53.2800, 52900
2013-09-20, 53.1200, 53.4800, 51.3200, 52.5900, 102600
2013-09-23, 52.9800, 53.0900, 51.7600, 52.4900, 129800
2013-09-24, 52.5000, 52.5000, 51.8800, 52.0000, 13300
2013-09-25, 52.0700, 52.4300, 51.5300, 51.9700, 151400
2013-09-26, 51.4600, 51.7400, 50.7900, 51.4700, 127300
2013-09-27, 51.3200, 52.1700, 51.1340, 52.0500, 25500
2013-09-30, 51.9600, 52.8600, 51.5400, 52.3600, 57500
2013-10-01, 52.2700, 53.6000, 52.2700, 52.9600, 93000
2013-10-02, 52.7100, 53.2000, 51.4000, 52.0900, 32800
2013-10-03, 52.1400, 53.4700, 51.6500, 53.3900, 61400
2013-10-04, 53.0900, 53.9500, 52.6200, 53.2400, 41300
2013-10-07, 53.2000, 53.2000, 52.1100, 52.5200, 30600
2013-10-08, 52.6500, 52.9460, 51.2500, 51.9100, 40400
2013-10-09, 52.4300, 52.6900, 51.4900, 51.5300, 51300
2013-10-10, 52.6400, 53.8800, 52.6400, 53.7000, 163000
2013-10-11, 53.7100, 55.9900, 53.4000, 54.6200, 186600
2013-10-14, 54.5300, 55.3650, 54.1100, 54.8400, 49700
2013-10-15, 54.9800, 55.5100, 53.6900, 54.1100, 111500
2013-10-16, 54.0600, 54.0600, 51.8900, 52.9000, 223000
2013-10-17, 52.6400, 53.4200, 52.3800, 52.9800, 73700
2013-10-18, 53.2500, 53.8300, 52.5600, 52.9900, 100100
2013-10-21, 52.8800, 55.8000, 52.8800, 54.7500, 400600
2013-10-22, 54.6600, 58.1750, 54.6600, 56.7500, 135300
2013-10-23, 56.7100, 58.5300, 56.6500, 58.3800, 77900
2013-10-24, 58.3400, 58.4000, 56.7500, 57.2700, 170300
2013-10-25, 57.5900, 58.6100, 56.8300, 57.5700, 229200
2013-10-28, 57.3000, 60.7200, 57.3000, 60.0500, 223300
2013-10-29, 60.0400, 64.2400, 59.3700, 62.7800, 201300
2013-10-30, 62.6900, 63.9600, 62.3400, 62.3700, 207000
2013-10-31, 62.4900, 63.7250, 59.3800, 59.8700, 291900
2013-11-01, 57.8200, 59.9100, 57.7700, 59.2500, 2862200
2013-11-04, 59.3100, 60.2100, 59.2500, 59.8600, 210300
2013-11-05, 59.3100, 61.4000, 59.0600, 61.2500, 228600
2013-11-06, 60.8300, 61.6300, 60.1800, 60.4200, 193600
2013-11-07, 60.3100, 60.7700, 58.1100, 58.3000, 149800
2013-11-08, 58.3000, 60.5400, 58.3000, 60.3700, 143000
2013-11-11, 60.5300, 61.8500, 60.5300, 61.3500, 190000
2013-11-12, 61.4000, 63.4200, 61.1700, 62.5300, 191900
2013-11-13, 62.5300, 64.1400, 62.1660, 63.5800, 181900
2013-11-14, 63.6000, 64.2900, 63.0300, 63.4500, 100500
2013-11-15, 63.6100, 63.7600, 62.0400, 62.3800, 276900
2013-11-18, 62.8400, 62.8400, 60.2700, 60.4300, 211400
2013-11-19, 60.2600, 61.0700, 57.6600, 58.8500, 312100
2013-11-20, 59.2800, 61.7860, 58.7200, 60.1500, 162400
2013-11-21, 60.6500, 60.6500, 59.9200, 60.4800, 99400
2013-11-22, 60.5500, 60.6800, 58.9000, 59.2100, 251700
2013-11-25, 59.8700, 60.2100, 58.8500, 59.1300, 135900
2013-11-26, 58.8300, 59.8100, 58.6240, 59.1600, 217500
2013-11-27, 59.3600, 61.8200, 59.2500, 60.5300, 178900
2013-11-29, 60.6600, 61.9500, 60.6600, 61.7200, 58500
2013-12-02, 61.8200, 62.9400, 61.6200, 62.4400, 176300
2013-12-03, 62.2000, 63.2600, 61.0140, 61.6500, 263300
2013-12-04, 61.5700, 62.7300, 61.0700, 61.8900, 110300
2013-12-05, 61.9200, 62.5200, 61.7300, 62.2800, 127600
2013-12-06, 63.0700, 63.9400, 62.3100, 63.7700, 155600
2013-12-09, 63.9600, 66.0100, 63.7200, 65.1100, 175700
2013-12-10, 65.1800, 65.1800, 62.8800, 63.0400, 134300
2013-12-11, 63.2700, 63.8200, 62.0500, 62.6300, 186100
2013-12-12, 62.7500, 62.9800, 61.8500, 62.2800, 91500
2013-12-13, 62.5000, 62.7599, 61.8300, 61.9800, 113600
2013-12-16, 62.0900, 63.1600, 62.0400, 62.9500, 205800
2013-12-17, 62.9500, 63.2220, 61.7300, 62.3300, 156500
2013-12-18, 62.2700, 63.1700, 61.8500, 62.8600, 210800
2013-12-19, 62.4600, 63.1000, 62.3600, 62.6800, 227300
2013-12-20, 62.9500, 63.6300, 62.5000, 63.5800, 281700
2013-12-23, 63.9100, 64.7200, 63.3000, 64.4000, 191200
2013-12-24, 65.0500, 65.2000, 64.3300, 64.4200, 82900
2013-12-26, 64.4100, 64.7500, 63.6000, 64.5800, 162900
2013-12-27, 64.5800, 65.1000, 64.4200, 64.8600, 54300
2013-12-30, 64.7300, 65.3600, 64.0900, 64.6000, 54800
2013-12-31, 64.4300, 65.3000, 64.4000, 65.1900, 144600
2014-01-02, 64.8500, 65.8800, 64.4700, 64.8200, 116300
2014-01-03, 64.9400, 66.0400, 64.6300, 65.7200, 134800
2014-01-06, 66.1000, 66.5700, 65.2800, 65.5100, 97000
2014-01-07, 66.1200, 66.4000, 65.5500, 66.0600, 69600
2014-01-08, 66.0400, 68.0000, 65.9700, 67.3200, 177600
2014-01-09, 67.5600, 68.7350, 67.1020, 68.2000, 125100
2014-01-10, 71.0000, 71.3700, 69.1500, 70.1800, 307800
2014-01-13, 70.6100, 71.2750, 69.2700, 69.8100, 311600
2014-01-14, 70.2100, 71.1300, 69.0600, 69.7300, 231300
2014-01-15, 69.7300, 69.9700, 68.7300, 69.8300, 148100
2014-01-16, 70.0000, 70.5100, 69.2400, 69.8800, 132800
2014-01-17, 69.9600, 70.6500, 69.5700, 70.4200, 123100
2014-01-21, 70.8400, 71.5400, 70.7800, 71.2700, 144400
2014-01-22, 71.4200, 71.8600, 71.0200, 71.7500, 45900
2014-01-23, 71.5500, 71.7400, 70.7700, 70.9700, 170400
2014-01-24, 70.8800, 70.8800, 66.2900, 66.4000, 200200
2014-01-27, 66.6400, 67.1900, 63.2801, 63.9000, 211900
2014-01-28, 63.9700, 67.1400, 63.8200, 66.8300, 204300
2014-01-29, 65.5000, 65.7000, 63.9100, 64.1000, 140000
2014-01-30, 64.7100, 65.6400, 64.0200, 64.9800, 98800
2014-01-31, 63.9200, 64.3700, 62.7300, 63.4200, 182700
2014-02-03, 63.2100, 63.6600, 60.4700, 61.3200, 160000
2014-02-04, 60.6800, 61.3100, 58.0200, 60.5500, 410800
2014-02-05, 59.9000, 61.3500, 59.8000, 61.0800, 312700
2014-02-06, 61.2600, 61.8100, 60.7300, 61.3800, 161300
2014-02-07, 61.5600, 62.0260, 58.0300, 58.4000, 555800
2014-02-10, 58.3500, 60.0336, 57.5000, 59.4100, 566000
2014-02-11, 59.5500, 60.3700, 59.2500, 60.1900, 346400
2014-02-12, 58.0500, 59.2900, 57.9220, 58.7500, 287900
2014-02-13, 58.4000, 60.6600, 58.1400, 60.3000, 187700
2014-02-14, 60.0700, 60.2000, 59.3200, 60.0400, 118800
2014-02-18, 60.0200, 62.3900, 59.4225, 62.2000, 224000
2014-02-19, 62.0600, 62.8600, 61.4760, 62.2900, 170700
2014-02-20, 62.3760, 63.1100, 62.1300, 62.6500, 140500
2014-02-21, 62.8000, 62.9900, 60.8100, 61.0000, 93700
2014-02-24, 63.1400, 63.9100, 62.3360, 63.4000, 390200
2014-02-25, 63.4700, 63.9000, 63.0407, 63.2500, 137600
2014-02-26, 63.4000, 64.1800, 62.1000, 62.9100, 269700
2014-02-27, 62.7800, 63.5600, 62.5980, 62.7800, 146900
2014-02-28, 63.2000, 63.5700, 62.4000, 63.1700, 167900
2014-03-03, 62.9400, 62.9400, 61.4800, 62.0700, 213900
2014-03-04, 62.0600, 65.8600, 61.4600, 64.8700, 448700
2014-03-05, 64.9700, 65.6500, 64.1500, 65.1700, 275000
2014-03-06, 65.9500, 66.5200, 63.9700, 64.0500, 201100
2014-03-07, 64.0300, 64.8500, 63.6000, 64.7500, 3071900
2014-03-10, 64.6600, 66.4200, 64.0000, 66.2200, 736200
2014-03-11, 66.1500, 66.7200, 64.0000, 64.6300, 442200
2014-03-12, 64.0300, 65.1600, 63.6100, 64.3600, 366400
2014-03-13, 64.8600, 65.4390, 62.7900, 63.4000, 454600
2014-03-14, 63.3200, 64.1800, 62.4200, 62.8100, 167100
2014-03-17, 63.2800, 64.3440, 63.0500, 63.5300, 284200
2014-03-18, 63.5400, 64.0400, 63.1200, 63.4600, 238200
2014-03-19, 63.4600, 63.7000, 61.9500, 62.1200, 370900
2014-03-20, 61.9500, 62.7450, 61.3600, 62.5400, 831700
2014-03-21, 62.6800, 63.9400, 62.4140, 63.6500, 749000
2014-03-24, 63.6500, 64.2200, 62.3500, 62.9300, 201800
2014-03-25, 63.3500, 63.8800, 62.0600, 63.1200, 334100
2014-03-26, 63.5200, 63.6100, 62.6300, 63.0600, 338800
2014-03-27, 63.2100, 63.4900, 62.1500, 62.7100, 176000
2014-03-28, 63.0900, 64.4350, 62.7850, 63.3000, 261600
2014-03-31, 63.7800, 64.7900, 63.5200, 64.2500, 281100
2014-04-01, 64.7400, 65.1900, 63.5700, 64.9100, 496800
2014-04-02, 64.9000, 65.6500, 64.4250, 64.6500, 291600
2014-04-03, 64.7700, 64.9470, 62.3000, 63.3400, 729900
2014-04-04, 64.7600, 65.4500, 62.3600, 62.7600, 422500
2014-04-07, 62.4400, 62.8520, 61.1600, 61.5800, 628200
2014-04-08, 61.5900, 62.1800, 60.8100, 61.5100, 238400
2014-04-09, 61.5400, 62.2800, 61.2500, 61.8200, 194600
2014-04-10, 61.4000, 61.4000, 56.6400, 57.0500, 1413900
2014-04-11, 56.4700, 56.7300, 55.1450, 55.6100, 736300
2014-04-14, 57.6700, 57.6700, 54.1000, 54.4100, 717500
2014-04-15, 54.5300, 54.7750, 52.6621, 54.6600, 1613300
2014-04-16, 55.2600, 56.2100, 54.7100, 55.9000, 735900
2014-04-17, 56.1300, 57.9700, 56.1300, 57.5600, 565000
2014-04-21, 57.5300, 58.0860, 57.0700, 57.8400, 216600
2014-04-22, 57.7900, 59.4100, 57.5660, 58.8300, 237100
2014-04-23, 58.7000, 59.0400, 58.0700, 58.3500, 327300
2014-04-24, 58.6100, 58.9800, 56.9600, 57.5600, 301100
2014-04-25, 57.5000, 57.5000, 55.9300, 56.1700, 311000
2014-04-28, 56.4800, 57.0300, 54.9900, 55.1500, 289000
2014-04-29, 55.2900, 55.9900, 54.8800, 55.7800, 366500
2014-04-30, 56.1400, 58.3100, 56.0000, 58.0700, 313600
2014-05-01, 58.0800, 59.2400, 57.7601, 58.5600, 551100
2014-05-02, 58.6200, 59.1100, 58.3400, 58.8300, 307500
2014-05-05, 58.0700, 59.4500, 58.0700, 58.2600, 247600
2014-05-06, 58.0900, 58.3440, 56.6700, 57.0300, 443000
2014-05-07, 57.0200, 57.4450, 55.5000, 56.0700, 378300
2014-05-08, 56.0900, 57.2900, 55.6600, 55.7300, 247100
2014-05-09, 55.7400, 56.4100, 55.0300, 55.5000, 351700
2014-05-12, 56.3000, 58.3694, 56.3000, 58.0400, 419900
2014-05-13, 58.0200, 58.3300, 56.0700, 56.1700, 390500
2014-05-14, 55.8300, 55.8300, 54.5300, 54.6000, 412600
2014-05-15, 54.3100, 54.3100, 51.7200, 52.9300, 738700
2014-05-16, 52.8300, 53.9290, 51.7400, 53.6400, 487400
2014-05-19, 53.3300, 55.2300, 53.0120, 55.0500, 281100
2014-05-20, 54.8700, 55.4100, 54.5710, 54.9300, 551300
2014-05-21, 55.1200, 55.9800, 54.7500, 55.7100, 206100
2014-05-22, 56.0800, 56.9200, 56.0800, 56.7700, 499300
2014-05-23, 56.6900, 58.0600, 56.4900, 58.0000, 242400
2014-05-27, 58.3200, 58.5000, 57.6000, 58.0100, 423600
2014-05-28, 58.2000, 58.3160, 57.3600, 57.4000, 227600
2014-05-29, 57.8000, 57.8000, 57.1300, 57.6000, 190900
2014-05-30, 57.7800, 58.0199, 57.1100, 57.5200, 230500
2014-06-02, 57.5700, 57.5700, 56.7800, 57.0900, 182900
2014-06-03, 56.8700, 57.3100, 56.4700, 57.0900, 156600
2014-06-04, 56.9500, 58.2200, 56.8000, 58.0900, 169200
2014-06-05, 58.3000, 58.3000, 57.5200, 57.7600, 202800
2014-06-06, 58.2000, 59.0600, 57.6950, 58.8900, 357500
2014-06-09, 58.9200, 59.3700, 58.1510, 59.0100, 181900
2014-06-10, 58.0000, 58.0100, 56.0610, 56.1000, 445200
2014-06-11, 55.9700, 56.6000, 55.8000, 55.9600, 278400
2014-06-12, 55.9700, 56.1100, 55.0200, 55.1700, 281500
2014-06-13, 54.0300, 54.8500, 53.6400, 54.6500, 1569800
2014-06-16, 54.6600, 54.9050, 54.1700, 54.8800, 428800
2014-06-17, 54.9200, 55.6800, 54.7080, 55.4100, 368700
2014-06-18, 55.3500, 56.0400, 55.0100, 55.8200, 553000
2014-06-19, 55.9900, 56.2600, 55.3400, 55.6600, 480900
2014-06-20, 55.7000, 56.6400, 55.3700, 56.5600, 455000
2014-06-23, 56.5400, 56.7300, 55.8400, 56.1200, 303300
2014-06-24, 55.9800, 57.2700, 55.8900, 56.0700, 266300
2014-06-25, 55.8200, 57.4100, 55.8200, 57.2100, 602400
2014-06-26, 57.4800, 57.6500, 56.1000, 56.3300, 410500
2014-06-27, 56.1300, 56.9200, 55.9900, 56.1000, 1093900
2014-06-30, 56.1000, 57.2500, 56.1000, 56.6800, 356500
2014-07-01, 57.1500, 57.6200, 56.7100, 57.3900, 319100
2014-07-02, 57.0500, 57.2400, 55.8500, 55.9700, 388000
2014-07-03, 56.0000, 56.1400, 55.7380, 55.9300, 274500
2014-07-07, 55.6800, 55.6800, 54.6800, 54.7800, 312400
2014-07-08, 54.7500, 55.0300, 53.8300, 53.9400, 392800
2014-07-09, 53.0600, 53.6600, 52.7450, 53.4000, 659300
2014-07-10, 52.4200, 53.8500, 52.0000, 53.5500, 483300
2014-07-11, 53.5600, 53.8800, 52.9800, 53.1000, 356800
2014-07-14, 52.8200, 53.8300, 52.3000, 53.1200, 285400
2014-07-15, 53.2000, 53.6060, 52.3500, 52.6700, 213300
2014-07-16, 54.1400, 54.3700, 52.7100, 53.3100, 250400
2014-07-17, 52.9100, 53.7000, 52.4500, 52.5100, 354900
2014-07-18, 52.5600, 53.7500, 52.5600, 53.6700, 322600
2014-07-21, 53.2400, 54.4000, 53.1650, 54.3800, 389800
2014-07-22, 54.6500, 55.8600, 53.5600, 54.2400, 668700
2014-07-23, 54.7200, 55.0000, 53.2900, 53.4300, 423500
2014-07-24, 53.6400, 54.5200, 53.5440, 54.4600, 301800
2014-07-25, 54.4000, 54.6100, 53.6000, 53.9300, 293500
2014-07-28, 54.0000, 54.6700, 53.4150, 54.4800, 260000
2014-07-29, 54.5300, 54.9900, 54.1000, 54.2300, 225700
2014-07-30, 54.6000, 54.6600, 53.7600, 53.9000, 129200
2014-07-31, 53.2000, 53.2700, 52.0000, 52.1000, 221900
2014-08-01, 52.1000, 52.8000, 50.6600, 51.6000, 445100
2014-08-04, 51.9700, 52.6800, 51.6400, 51.9700, 254400
2014-08-05, 51.9700, 53.1000, 51.6100, 52.5100, 305600
2014-08-06, 52.2700, 53.3700, 51.9500, 53.2500, 181200
2014-08-07, 53.7100, 53.9700, 53.2050, 53.9400, 401400
2014-08-08, 54.0000, 54.6600, 53.6000, 54.4700, 453500
2014-08-11, 54.7700, 55.7800, 54.5700, 55.2200, 424000
2014-08-12, 55.1600, 55.8290, 54.9400, 55.7000, 294700
2014-08-13, 55.1700, 55.5700, 54.6400, 54.9100, 184000
2014-08-14, 54.7800, 55.5335, 54.7500, 55.4000, 190300
2014-08-15, 55.4700, 55.5500, 54.3750, 55.2600, 335500
2014-08-18, 55.7700, 56.3850, 55.5300, 56.3800, 249800
2014-08-19, 56.3000, 56.6700, 55.5720, 55.6600, 441500
2014-08-20, 55.6400, 56.5300, 55.2600, 56.1400, 380600
2014-08-21, 56.3400, 56.6400, 56.1300, 56.2900, 116700
2014-08-22, 56.3400, 56.9900, 56.0620, 56.6900, 361100
2014-08-25, 56.9400, 56.9400, 56.2600, 56.4000, 817000
2014-08-26, 56.4200, 56.7800, 56.1600, 56.2900, 807000
2014-08-27, 56.0500, 56.2000, 55.8500, 55.8900, 318700
2014-08-28, 55.5100, 55.9300, 54.9700, 55.5400, 170000
2014-08-29, 55.5800, 55.7900, 55.2500, 55.4800, 185900
2014-09-02, 55.5100, 56.0300, 55.0900, 55.1000, 190900
2014-09-03, 55.3000, 55.3200, 53.5300, 53.6300, 299700
2014-09-04, 53.5900, 54.6000, 53.4200, 54.4800, 325200
2014-09-05, 54.3300, 54.8400, 53.7500, 54.7500, 287900
2014-09-08, 54.5500, 54.9800, 54.3800, 54.5800, 132500
2014-09-09, 54.5300, 54.8200, 53.3700, 53.7500, 351500
2014-09-10, 53.9100, 54.2000, 53.4900, 54.0300, 255500
2014-09-11, 53.9700, 53.9900, 52.8450, 53.2100, 443200
2014-09-12, 52.8400, 53.5000, 52.6400, 53.2500, 642400
2014-09-15, 53.0200, 53.2800, 51.8625, 52.2600, 368100
2014-09-16, 51.8200, 52.4300, 51.6400, 51.8500, 277600
2014-09-17, 52.1000, 53.1300, 51.7100, 52.7400, 265900
2014-09-18, 53.0300, 53.1640, 52.1600, 52.2500, 304500
2014-09-19, 52.3600, 52.3800, 51.7000, 52.1500, 556700
2014-09-22, 51.8500, 52.0600, 51.3200, 51.6600, 233861
2014-09-23, 51.6000, 52.2400, 51.6000, 51.6400, 260431
2014-09-24, 51.5400, 51.8900, 51.4963, 51.8300, 181137
2014-09-25, 51.8500, 52.0600, 51.5200, 51.8800, 382268
2014-09-26, 51.7600, 52.1100, 51.2200, 51.9600, 355971
2014-09-29, 51.6100, 52.2500, 51.2300, 51.8200, 330822
2014-09-30, 51.7300, 52.2800, 51.4300, 52.0500, 256101
2014-10-01, 52.0900, 52.2400, 51.4100, 51.5000, 356072
2014-10-02, 51.4900, 51.5500, 50.0300, 50.8400, 416345
2014-10-03, 51.1700, 51.7300, 50.6600, 51.4300, 230912
2014-10-06, 51.5800, 52.1275, 51.5300, 51.9800, 232197
2014-10-07, 51.8100, 51.8600, 50.9600, 51.0600, 319500
2014-10-08, 50.9600, 51.6100, 50.1700, 51.5200, 330981
2014-10-09, 51.6700, 51.6700, 49.7200, 49.8400, 407147
2014-10-10, 49.5000, 49.5000, 47.4000, 48.3200, 844988
2014-10-13, 48.1400, 48.6000, 47.0100, 47.1300, 704879
2014-10-14, 47.2400, 47.7600, 46.2120, 46.9000, 558197
2014-10-15, 46.2000, 48.1200, 44.8600, 47.7800, 571280
2014-10-16, 47.0000, 48.5700, 46.6431, 48.2900, 440684
2014-10-17, 48.8800, 49.5300, 48.7300, 49.4900, 304861
2014-10-20, 49.5100, 50.4070, 49.2450, 49.4600, 167663
2014-10-21, 49.7000, 51.3200, 49.4360, 51.0100, 312414
2014-10-22, 51.0000, 51.4700, 50.4400, 50.5900, 211612
2014-10-23, 50.9200, 51.4000, 50.5700, 50.9400, 238471
2014-10-24, 50.8300, 52.0400, 50.7600, 51.7300, 202824
2014-10-27, 51.2100, 52.2000, 50.9700, 51.8200, 169884
2014-10-28, 49.4400, 50.1900, 47.8100, 49.0200, 1474994
2014-10-29, 48.2400, 48.9000, 47.6700, 48.4000, 834685
2014-10-30, 48.6800, 51.1200, 48.6700, 51.1100, 639847
2014-10-31, 48.7300, 49.6000, 47.9900, 48.4800, 517320
2014-11-03, 48.7500, 48.9900, 48.1800, 48.4000, 422075
2014-11-04, 48.3200, 48.4720, 47.5000, 47.9800, 203707
2014-11-05, 48.1900, 48.6500, 47.8500, 47.9800, 368725
2014-11-06, 48.0000, 48.4940, 47.8200, 48.1000, 231748
2014-11-07, 47.9900, 48.3800, 47.8200, 48.2300, 482942
2014-11-10, 48.2800, 48.7792, 48.0100, 48.2900, 412188
2014-11-11, 48.1900, 49.1100, 48.1900, 48.7800, 365478
2014-11-12, 48.6800, 51.1200, 48.6700, 51.1100, 608534
2014-11-13, 51.3100, 51.9200, 51.1900, 51.9100, 407648
2014-11-14, 52.0700, 52.7100, 51.4800, 51.6100, 405562
2014-11-17, 51.6000, 52.1800, 51.1800, 51.5600, 350050
2014-11-18, 51.7100, 52.2500, 51.2900, 51.5400, 241274
2014-11-19, 51.4100, 51.8100, 50.8200, 51.5900, 400916
2014-11-20, 51.4200, 51.8400, 51.1600, 51.7600, 401158
2014-11-21, 51.2600, 51.8200, 51.1950, 51.5100, 526609
2014-11-24, 51.9300, 52.0000, 51.3900, 51.5000, 310153
2014-11-25, 51.3900, 52.1900, 50.9700, 52.1200, 401560
2014-11-26, 52.4000, 52.7800, 52.1238, 52.7100, 329843
2014-11-28, 52.6500, 53.1200, 51.7100, 51.7500, 90301
2014-12-01, 51.4100, 51.5300, 49.7000, 49.8100, 500591
2014-12-02, 49.9500, 50.8100, 49.8900, 50.7500, 134687
2014-12-03, 50.6000, 51.2700, 50.5900, 51.1400, 183206
2014-12-04, 50.8900, 51.3000, 50.2700, 50.4800, 190261
2014-12-05, 50.4100, 51.2500, 50.4100, 50.9900, 236294
2014-12-08, 51.0100, 51.4200, 50.2950, 50.8100, 198567
2014-12-09, 50.5200, 50.6150, 49.4200, 49.9800, 213054
2014-12-10, 49.7000, 50.1500, 48.4300, 48.6800, 262287
2014-12-11, 48.7200, 49.4250, 48.3501, 48.5800, 162049
2014-12-12, 48.0300, 48.7900, 46.9100, 47.0100, 306690
2014-12-15, 47.1900, 47.6400, 47.0001, 47.0900, 299139
2014-12-16, 47.0000, 47.4700, 46.2200, 46.3200, 202141
2014-12-17, 46.2500, 47.6800, 46.1600, 47.5100, 283413
2014-12-18, 48.2500, 49.2150, 48.2500, 48.8000, 225852
2014-12-19, 49.1600, 49.5600, 48.6200, 49.3300, 263720
2014-12-22, 49.3200, 49.9500, 49.1500, 49.7600, 109953
2014-12-23, 49.8500, 50.3000, 49.6300, 49.8100, 94982
2014-12-24, 49.7000, 50.2950, 49.4600, 49.5400, 94022
2014-12-26, 49.4700, 50.5100, 49.4000, 50.3600, 69326
2014-12-29, 50.2900, 50.7500, 50.2000, 50.5500, 145879
2014-12-30, 50.5100, 50.9200, 49.8300, 50.3100, 86001
2014-12-31, 50.5300, 51.2200, 50.2200, 50.5300, 112671
2015-01-02, 50.6300, 50.9260, 50.0300, 50.6000, 115769
2015-01-05, 50.2000, 50.4000, 48.5500, 49.2000, 253440
2015-01-06, 49.2000, 49.3750, 47.7500, 48.2600, 295589
2015-01-07, 48.2500, 49.2200, 48.1200, 49.0000, 202088
2015-01-08, 48.6600, 49.4100, 48.6500, 48.6900, 149976
2015-01-09, 48.6900, 48.9880, 47.8900, 48.1500, 143814
2015-01-12, 48.2700, 48.3460, 47.4500, 47.9500, 125673
2015-01-13, 48.5400, 49.2000, 48.1400, 48.5100, 306508
2015-01-14, 48.0400, 48.0800, 46.7250, 47.6300, 304228
2015-01-15, 47.6600, 48.3400, 46.1800, 46.4800, 286167
2015-01-16, 46.2900, 47.4300, 45.7900, 47.3400, 188589
2015-01-20, 47.5200, 48.1000, 46.8800, 47.7900, 145525
2015-01-21, 47.6200, 48.4100, 46.9100, 47.4700, 131867
2015-01-22, 47.6100, 49.4700, 47.1801, 48.8400, 236343
2015-01-23, 48.7500, 49.1899, 48.5900, 48.8500, 97182
2015-01-26, 48.7900, 50.8600, 48.4700, 50.1000, 221057
2015-01-27, 49.3700, 50.3600, 49.3500, 49.8400, 120962
2015-01-28, 50.2700, 50.2800, 48.3700, 48.6600, 126965
2015-01-29, 48.5800, 48.9700, 47.9200, 48.6700, 162493
2015-01-30, 48.2400, 49.1450, 48.0246, 48.2700, 307611
2015-02-02, 48.7100, 50.2080, 48.4100, 50.0800, 214899
2015-02-03, 48.5200, 49.7000, 47.5700, 48.1100, 680299
2015-02-04, 46.1900, 48.2200, 46.1900, 47.1600, 317973
2015-02-05, 47.1900, 48.2700, 46.9200, 47.9900, 133109
2015-02-06, 48.0800, 48.8600, 47.7540, 47.9000, 109366
2015-02-09, 47.5200, 47.7200, 46.8400, 47.3100, 137699
2015-02-10, 47.6000, 48.3800, 47.2700, 48.1200, 215956
2015-02-11, 46.6700, 46.6700, 44.3400, 44.5700, 460384
2015-02-12, 44.7100, 46.3900, 44.4900, 46.2400, 639548
2015-02-13, 46.3300, 46.4000, 45.6900, 46.1600, 222402
2015-02-17, 45.9900, 46.7100, 45.6300, 46.1500, 163168
2015-02-18, 45.9100, 46.6250, 45.8800, 46.4400, 226295
2015-02-19, 46.3500, 47.5450, 46.3500, 47.4000, 186435
2015-02-20, 47.4000, 47.8800, 47.0896, 47.5800, 253789
2015-02-23, 47.4500, 47.6000, 46.8600, 46.9900, 190086
2015-02-24, 46.7600, 47.4000, 46.2650, 46.3700, 307798
2015-02-25, 46.5200, 48.3500, 46.2500, 48.0100, 279647
2015-02-26, 48.1700, 49.8900, 47.9300, 49.5900, 372237
2015-02-27, 49.4900, 49.4900, 48.2800, 48.5000, 299519
2015-03-02, 48.2400, 48.3100, 46.8600, 47.9000, 340837
2015-03-03, 47.9500, 48.5200, 47.8500, 48.1200, 468344
2015-03-04, 45.1100, 46.4000, 44.8000, 46.0400, 959414
2015-03-05, 46.0300, 47.4300, 45.8700, 46.8200, 451407
2015-03-06, 46.7300, 47.4200, 46.0900, 46.2100, 214012
2015-03-09, 46.2900, 46.7000, 45.4400, 45.8900, 428861
2015-03-10, 45.4300, 46.1800, 45.0600, 45.3400, 310165
2015-03-11, 45.3300, 45.7000, 45.0500, 45.5200, 344824
2015-03-12, 45.9000, 47.1000, 45.6800, 46.2300, 652309
2015-03-13, 46.2900, 46.2900, 45.3800, 45.3800, 473143
2015-03-16, 45.7300, 46.3800, 45.5000, 45.9000, 288819
2015-03-17, 45.6700, 45.9300, 44.8500, 45.7400, 483721
2015-03-18, 45.7100, 46.5700, 45.5900, 46.0800, 231206
2015-03-19, 46.2500, 46.4300, 45.7000, 45.8000, 113593
2015-03-20, 46.1700, 47.1600, 46.0300, 46.9300, 365548
2015-03-23, 46.8000, 47.2200, 46.6500, 46.6600, 200650
2015-03-24, 46.8700, 46.9500, 45.8100, 46.3700, 150893
2015-03-25, 46.5000, 46.5000, 45.6850, 45.9400, 231039
2015-03-26, 45.8300, 46.1710, 45.4200, 45.5200, 184293
2015-03-27, 45.6600, 45.7900, 45.1900, 45.4200, 151196
2015-03-30, 45.9000, 46.1100, 45.2600, 45.5300, 547416
2015-03-31, 45.3900, 46.1000, 45.3830, 45.4600, 261566
2015-04-01, 45.4700, 46.0600, 45.3100, 46.0000, 262059
2015-04-02, 45.7600, 46.9100, 45.7400, 46.7700, 405952
2015-04-06, 46.5700, 47.6400, 46.5700, 47.0200, 557142
2015-04-07, 46.7200, 47.6000, 45.7600, 46.8100, 1514380
2015-04-08, 46.4700, 47.0400, 45.9400, 46.9300, 396068
2015-04-09, 46.7900, 47.1500, 45.8800, 46.6100, 237621
2015-04-10, 46.6200, 47.0000, 46.4100, 46.7700, 129069
2015-04-13, 46.5100, 47.0900, 46.3900, 46.6100, 273963
2015-04-14, 46.4700, 47.1700, 46.3360, 46.9000, 555057
2015-04-15, 46.6600, 47.1600, 45.9700, 46.0500, 267892
2015-04-16, 46.1100, 46.3700, 45.5800, 45.9000, 169846
2015-04-17, 45.7600, 45.7800, 44.8200, 45.2500, 193924
2015-04-20, 45.3700, 45.6700, 45.0800, 45.3800, 180690
2015-04-21, 45.6800, 45.8100, 45.0200, 45.0300, 249990
2015-04-22, 45.2200, 45.9000, 45.0050, 45.5600, 212616
2015-04-23, 45.5100, 46.2600, 45.5000, 46.0600, 196743
2015-04-24, 46.0000, 46.3350, 45.6900, 46.2000, 180323
2015-04-27, 46.2400, 46.7500, 45.8300, 45.9300, 267340
2015-04-28, 45.7300, 46.3400, 45.3600, 46.0800, 215153
2015-04-29, 45.0000, 47.3400, 44.8700, 46.6600, 751590
2015-04-30, 46.6500, 47.0800, 44.6100, 44.7900, 490766
2015-05-01, 45.1100, 45.9500, 44.8950, 45.3400, 190845
2015-05-04, 46.2500, 46.2500, 45.5900, 45.6100, 231195
2015-05-05, 45.5400, 46.0700, 45.0525, 45.4300, 276015
2015-05-06, 45.5800, 45.7900, 44.7300, 45.1500, 185943
2015-05-07, 45.0500, 45.4100, 44.6700, 44.9100, 126312
2015-05-08, 45.3500, 45.7750, 44.9800, 45.4900, 165618
2015-05-11, 45.5100, 45.6900, 44.9400, 45.0600, 118396
2015-05-12, 44.9800, 45.4200, 44.4000, 45.1500, 185982
2015-05-13, 44.6400, 44.8999, 44.1700, 44.6600, 174734
2015-05-14, 44.7900, 45.6000, 44.6400, 45.5600, 146292
2015-05-15, 45.5200, 45.6500, 45.3000, 45.6300, 277645
2015-05-18, 45.6300, 45.8260, 45.0900, 45.1600, 225733
2015-05-19, 45.0400, 45.4199, 44.1400, 44.6800, 200328
2015-05-20, 44.5400, 44.9440, 43.7200, 44.0700, 336655
2015-05-21, 44.0900, 44.4400, 43.0500, 43.9900, 393826
2015-05-22, 43.8300, 44.5300, 43.5700, 44.3600, 282385
2015-05-26, 44.0400, 44.9000, 43.8400, 44.3700, 308840
2015-05-27, 44.5400, 44.5600, 43.9100, 44.2700, 152441
2015-05-28, 44.0800, 44.5100, 43.9200, 44.2100, 122156
2015-05-29, 44.2900, 44.4500, 43.7400, 44.1100, 185721
2015-06-01, 44.3100, 44.3600, 43.4350, 44.3600, 156208
2015-06-02, 44.3100, 44.5200, 43.9000, 43.9500, 174602
2015-06-03, 43.6400, 44.7200, 43.5400, 44.7000, 186990
2015-06-04, 44.4900, 44.7800, 43.8100, 43.9400, 161479
2015-06-05, 44.0800, 44.6400, 43.5500, 44.4500, 117190
2015-06-08, 45.0800, 46.6299, 44.9100, 45.5700, 200399
2015-06-09, 45.6000, 45.6000, 44.9900, 45.0000, 172270
2015-06-10, 45.2400, 46.0100, 45.1000, 45.9700, 333891
2015-06-11, 46.1400, 46.4100, 45.5650, 46.3800, 221385
2015-06-12, 46.1300, 46.6200, 46.0000, 46.5200, 150893
2015-06-15, 46.0800, 46.5200, 45.7100, 46.0300, 171421
2015-06-16, 46.0800, 46.5200, 45.9650, 46.4200, 224650
2015-06-17, 46.5700, 46.8500, 46.2800, 46.5900, 111204
2015-06-18, 46.8000, 47.3300, 46.4700, 46.5700, 97750
2015-06-19, 46.6600, 47.7400, 45.9300, 47.6600, 359230
2015-06-22, 47.8300, 47.9600, 47.3080, 47.4700, 213076
2015-06-23, 47.6700, 47.7960, 47.1300, 47.5300, 226464
2015-06-24, 47.2800, 47.7240, 47.1950, 47.5500, 191380
2015-06-25, 47.6100, 47.9400, 47.4200, 47.9000, 203877
2015-06-26, 48.0500, 48.1500, 47.6500, 47.7000, 602802
2015-06-29, 47.3600, 47.3600, 46.5300, 46.9000, 381709
2015-06-30, 47.2400, 47.4200, 46.1600, 46.4600, 279219
2015-07-01, 46.8900, 47.0100, 46.0900, 46.4900, 208646
2015-07-02, 46.7900, 46.7900, 45.8000, 46.2900, 171487
2015-07-06, 46.2800, 46.6000, 45.5000, 46.0600, 278705
2015-07-07, 46.0900, 46.7900, 45.5100, 46.7000, 191377
2015-07-08, 47.0000, 47.0000, 45.3200, 45.5000, 216243
2015-07-09, 45.9300, 46.2500, 45.2100, 45.5000, 186278
2015-07-10, 45.9100, 46.2900, 45.2900, 45.5300, 187391
2015-07-13, 46.0000, 46.6400, 45.4700, 46.5600, 131587
2015-07-14, 46.6000, 46.9600, 46.3300, 46.8500, 114590
2015-07-15, 46.9200, 46.9500, 46.1500, 46.4800, 157409
2015-07-16, 46.7200, 47.3850, 46.6500, 47.0800, 90740
2015-07-17, 47.1100, 47.3100, 46.7160, 47.1200, 91418
2015-07-20, 47.3200, 47.3200, 46.2900, 46.4200, 116536
2015-07-21, 47.0000, 47.0300, 46.3400, 46.6000, 144510
2015-07-22, 46.5200, 46.7600, 46.0700, 46.1700, 127609
2015-07-23, 46.3300, 46.7200, 45.6700, 45.7600, 131130
2015-07-24, 45.8300, 46.6950, 45.3500, 45.4300, 185742
2015-07-27, 45.2200, 45.5060, 44.1000, 44.3700, 186410
2015-07-28, 44.6700, 45.7400, 44.0200, 45.4900, 267530
2015-07-29, 46.2200, 47.7800, 45.3100, 47.6900, 270049
2015-07-30, 47.3000, 47.9800, 46.7600, 47.3100, 324009
2015-07-31, 47.4600, 48.3900, 46.8700, 47.7500, 328301
2015-08-03, 47.5900, 47.6500, 46.5000, 47.0100, 278257
2015-08-04, 46.9700, 48.1000, 46.5700, 47.2500, 459132
2015-08-05, 47.5900, 47.9300, 46.8150, 46.8400, 109546
2015-08-06, 46.9200, 47.3000, 46.1800, 46.7300, 122096
2015-08-07, 46.6100, 46.8400, 46.0200, 46.3900, 172796
2015-08-10, 46.5200, 47.5200, 46.5200, 47.4700, 175962
2015-08-11, 47.1900, 47.2300, 46.1900, 46.6400, 134250
2015-08-12, 46.3400, 46.8300, 45.3900, 46.6900, 202216
2015-08-13, 46.0800, 46.3400, 45.5980, 46.0500, 241857
2015-08-14, 46.1500, 47.0800, 45.7600, 46.9400, 146373
2015-08-17, 46.7000, 46.7000, 45.9100, 46.5300, 287237
2015-08-18, 46.8100, 46.9860, 45.9100, 46.3300, 340295
2015-08-19, 46.2500, 46.6600, 45.6100, 46.1200, 266617
2015-08-20, 45.7500, 46.1480, 44.5700, 44.6200, 182469
2015-08-21, 44.4000, 44.4800, 42.8800, 43.1400, 470447
2015-08-24, 41.2500, 42.2300, 39.7100, 40.8500, 396782
2015-08-25, 42.0100, 42.1200, 40.5200, 40.8500, 501782
2015-08-26, 41.5600, 41.7600, 40.6400, 41.4600, 331568
2015-08-27, 41.9900, 42.7199, 41.4700, 41.8400, 532320
2015-08-28, 41.5800, 42.0900, 40.9100, 41.1500, 548057
2015-08-31, 40.9300, 41.4400, 40.3800, 40.8700, 1099225
2015-09-01, 40.3600, 40.9900, 39.7300, 39.8300, 834421
2015-09-02, 40.3700, 40.6900, 39.9900, 40.6100, 457653
2015-09-03, 40.2300, 40.6600, 39.7700, 40.5400, 533201
2015-09-04, 40.2300, 40.5000, 38.9200, 39.2600, 240284
2015-09-08, 39.5000, 39.9000, 39.1400, 39.7500, 397279
2015-09-09, 39.9500, 40.3400, 38.6800, 38.8100, 454509
2015-09-10, 38.4100, 39.5300, 38.3000, 38.7700, 443505
2015-09-11, 38.4500, 38.8700, 38.2900, 38.6000, 211511
2015-09-14, 38.8100, 39.2200, 38.2801, 38.5300, 271517
2015-09-15, 37.7100, 38.9100, 37.7100, 38.8300, 336549
2015-09-16, 38.8200, 39.1900, 38.5000, 39.0800, 178400
2015-09-17, 39.0200, 39.7900, 38.9501, 39.2400, 202612
2015-09-18, 38.6400, 38.8500, 37.9000, 38.0300, 300341
2015-09-21, 38.2100, 38.5375, 37.6000, 38.0700, 219010
2015-09-22, 37.6100, 37.9500, 37.2100, 37.6500, 305487
2015-09-23, 37.6000, 37.7380, 36.3600, 36.7000, 307428
2015-09-24, 36.4700, 36.4700, 35.8500, 36.3100, 237780
2015-09-25, 36.6300, 36.7250, 35.8700, 36.3200, 403935
2015-09-28, 36.0200, 36.0200, 34.6900, 34.8300, 258777
2015-09-29, 34.9900, 35.2900, 34.5700, 34.7800, 231104
2015-09-30, 35.2500, 35.7600, 34.9300, 35.2300, 389316
2015-10-01, 35.2600, 35.6100, 34.5200, 35.5300, 271819
2015-10-02, 34.8100, 36.0100, 34.5000, 36.0000, 200894
2015-10-05, 36.2900, 37.5200, 36.2900, 37.3900, 524630
2015-10-06, 37.1900, 37.3600, 36.5700, 36.8600, 319009
2015-10-07, 37.0000, 37.0900, 36.2400, 36.7800, 908341
2015-10-08, 36.4800, 36.5200, 36.0208, 36.3100, 439669
2015-10-09, 36.4200, 36.6400, 35.8800, 36.0700, 346448
2015-10-12, 35.9200, 35.9200, 35.1200, 35.3900, 215195
2015-10-13, 35.1200, 35.3900, 34.3900, 34.5000, 309139
2015-10-14, 34.5400, 34.7200, 33.9400, 34.0600, 223456
2015-10-15, 34.0700, 34.5200, 33.8001, 34.5200, 229775
2015-10-16, 34.5200, 35.4100, 34.3100, 35.3600, 285485
2015-10-19, 35.2000, 35.3100, 34.7400, 35.2900, 303545
2015-10-20, 35.2400, 35.4900, 35.1000, 35.3300, 182861
2015-10-21, 35.2900, 35.3800, 34.1800, 34.2300, 146824
2015-10-22, 34.3800, 36.3500, 34.0800, 35.3900, 666564
2015-10-23, 35.7300, 36.8400, 35.7300, 36.3000, 322024
2015-10-26, 36.2900, 36.9300, 35.9500, 36.8400, 385228
2015-10-27, 36.0000, 36.4240, 33.4100, 35.6300, 602376
2015-10-28, 35.6100, 36.0250, 35.0800, 35.5000, 752442
2015-10-29, 35.8000, 37.8650, 35.4650, 37.3100, 531122
2015-10-30, 37.3900, 38.3300, 37.3740, 38.2500, 389072
2015-11-02, 38.2200, 39.0700, 38.2000, 38.8600, 257717
2015-11-03, 38.6600, 39.4250, 38.4300, 39.2300, 257913
2015-11-04, 39.2200, 40.2600, 39.1700, 39.9600, 612335
2015-11-05, 39.9600, 40.2900, 39.6300, 39.8800, 374202
2015-11-06, 40.1000, 40.6150, 39.9000, 40.5000, 324457
2015-11-09, 40.3600, 40.3900, 39.6400, 39.7000, 429265
2015-11-10, 39.6000, 39.9300, 38.8300, 39.0400, 351379
2015-11-11, 39.2200, 39.2200, 38.4900, 38.6500, 386628
2015-11-12, 37.7500, 38.3400, 37.5500, 37.7100, 584081
2015-11-13, 37.6500, 37.7600, 36.7000, 36.7100, 275079
2015-11-16, 36.7600, 37.8000, 36.6500, 37.7800, 188052
2015-11-17, 37.8300, 38.1100, 37.1200, 37.2300, 195731
2015-11-18, 37.4900, 38.0900, 37.4400, 37.9400, 190088
2015-11-19, 37.9400, 38.3200, 37.9200, 38.0600, 331051
2015-11-20, 38.2400, 38.9900, 38.2400, 38.5000, 164755
2015-11-23, 38.5200, 39.4700, 38.5100, 38.7700, 222445
2015-11-24, 38.3800, 39.2400, 38.2300, 38.9400, 224937
2015-11-25, 39.0800, 39.8600, 39.0800, 39.6500, 241144
2015-11-27, 39.6100, 39.6200, 38.9800, 39.2100, 108452
2015-11-30, 39.2700, 39.6900, 38.6200, 39.0900, 579210
2015-12-01, 39.4700, 39.9800, 38.3000, 38.5300, 248239
2015-12-02, 38.5700, 38.8000, 38.0500, 38.5600, 355613
2015-12-03, 38.7300, 38.8550, 37.5700, 37.8100, 435851
2015-12-04, 37.6900, 38.4700, 36.9600, 38.3700, 369440
2015-12-07, 38.1800, 38.1800, 37.4600, 37.7100, 217427
2015-12-08, 37.2800, 37.3700, 36.5100, 36.5900, 143142
2015-12-09, 36.3800, 37.2500, 35.9200, 36.0500, 156219
2015-12-10, 35.5500, 36.5900, 35.0300, 35.8800, 246665
2015-12-11, 35.3300, 35.4100, 33.8000, 34.2500, 478173
2015-12-14, 34.3600, 34.8000, 33.9000, 34.2500, 560838
2015-12-15, 33.7300, 34.7400, 33.2400, 34.4100, 428258
2015-12-16, 34.6500, 35.0300, 33.4700, 34.3800, 793978
2015-12-17, 34.5400, 35.4600, 34.0800, 35.4000, 507300
2015-12-18, 35.2400, 35.9000, 35.0000, 35.2800, 928407
2015-12-21, 35.2900, 35.9300, 35.0500, 35.7900, 335940
2015-12-22, 35.8900, 36.6500, 35.6000, 36.4000, 416395
2015-12-23, 36.6400, 37.2800, 36.4300, 36.9500, 308024
2015-12-24, 36.8100, 37.1200, 36.2600, 36.4600, 103998
2015-12-28, 36.2500, 36.5600, 35.6100, 36.5400, 180325
2015-12-29, 36.6500, 37.0850, 36.6200, 36.8600, 212256
2015-12-30, 36.5700, 36.8600, 36.0400, 36.4000, 322138
2015-12-31, 36.1900, 36.4200, 35.9700, 36.0600, 195471
2016-01-04, 35.4700, 35.5400, 34.6100, 35.2300, 494085
2016-01-05, 35.2300, 35.4600, 35.0500, 35.2500, 211639
2016-01-06, 34.7400, 35.2900, 34.5100, 34.5900, 571906
2016-01-07, 33.8500, 33.9600, 32.1600, 32.3200, 402039
2016-01-08, 32.6200, 32.7200, 31.6700, 31.7600, 461498
2016-01-11, 31.4600, 31.9799, 30.6500, 31.5200, 669964
2016-01-12, 31.6300, 31.8600, 29.8300, 30.5100, 799471
2016-01-13, 30.7500, 30.8500, 28.8300, 29.2500, 902374
2016-01-14, 29.2700, 30.5300, 28.8050, 30.2200, 729868
2016-01-15, 29.4400, 29.8300, 28.8050, 29.5600, 886800
2016-01-19, 29.8300, 30.3000, 29.3060, 29.6200, 485099
2016-01-20, 29.0000, 29.4600, 28.0900, 29.1800, 425866
2016-01-21, 29.2600, 30.8400, 29.1500, 30.0800, 608867
2016-01-22, 30.5800, 31.3000, 30.5500, 31.0600, 407558
2016-01-25, 31.0200, 31.0200, 29.9400, 29.9800, 285291
2016-01-26, 29.9600, 31.1200, 29.8200, 31.0500, 268445
2016-01-27, 30.8600, 31.2100, 30.0000, 30.4900, 477739
2016-01-28, 30.9400, 31.1500, 29.9600, 30.3200, 489154
2016-01-29, 30.4600, 31.5200, 30.1600, 31.3000, 983541
2016-02-01, 31.1100, 31.2650, 30.3900, 30.6300, 873916
2016-02-02, 30.2700, 30.4800, 28.8450, 29.2200, 554400
2016-02-03, 29.6000, 29.9400, 28.1400, 28.8500, 665941
2016-02-04, 28.7400, 29.5700, 28.7000, 29.1100, 480308
2016-02-05, 29.1100, 29.6900, 29.0000, 29.2800, 508309
2016-02-08, 28.5900, 28.5900, 26.8800, 27.4500, 535681
2016-02-09, 27.0100, 27.8800, 26.8601, 27.4900, 665456
2016-02-10, 26.5800, 26.9500, 24.0300, 24.1600, 1230433
2016-02-11, 24.1400, 25.1500, 23.6500, 24.6200, 1029726
2016-02-12, 24.8600, 25.5500, 24.7000, 25.1200, 366361
2016-02-16, 25.6100, 26.8000, 25.3500, 26.5000, 506930
2016-02-17, 26.7700, 27.7700, 26.7700, 27.3500, 377574
2016-02-18, 26.8900, 27.4999, 26.8400, 27.2600, 356594
2016-02-19, 26.9600, 27.1200, 26.6400, 26.8600, 305504
2016-02-22, 27.2800, 27.9250, 27.1300, 27.8400, 544164
2016-02-23, 27.8000, 28.0400, 27.3200, 27.4000, 306439
2016-02-24, 27.0000, 27.6400, 26.6250, 27.3900, 312762
2016-02-25, 27.4500, 27.8600, 27.0700, 27.5300, 270153
2016-02-26, 27.8600, 28.2200, 27.5700, 27.9700, 386562
2016-02-29, 27.9700, 28.5400, 27.6500, 28.3800, 579116
2016-03-01, 28.4800, 28.8100, 27.8500, 28.2900, 466544
2016-03-02, 28.2700, 28.7400, 27.6700, 28.5200, 819055
2016-03-03, 28.5200, 29.3200, 28.4100, 29.2300, 1873182
2016-03-04, 29.2600, 29.3300, 28.6200, 29.0900, 677324
2016-03-07, 28.9700, 29.3400, 28.4700, 28.9000, 532665
2016-03-08, 28.2500, 28.3300, 26.6396, 27.1200, 669261
2016-03-09, 27.3000, 27.4550, 26.8100, 27.4400, 609621
2016-03-10, 27.6200, 28.4600, 27.2200, 27.6100, 942702
2016-03-11, 28.0000, 28.4600, 27.5100, 28.4200, 393040
2016-03-14, 28.2700, 28.8200, 28.0600, 28.7200, 343536
2016-03-15, 28.6100, 28.6100, 27.7700, 28.0700, 313657
2016-03-16, 27.9300, 28.6200, 27.8431, 28.5100, 228175
2016-03-17, 28.4200, 29.7600, 28.1500, 29.2500, 496136
2016-03-18, 29.4800, 29.8700, 29.2000, 29.6300, 641560
2016-03-21, 29.7200, 30.2000, 29.2100, 30.1300, 416298
2016-03-22, 29.8000, 30.5200, 29.5600, 30.2100, 421275
2016-03-23, 30.1500, 30.4350, 29.2900, 29.3100, 208307
2016-03-24, 28.8300, 29.0900, 28.4400, 28.8700, 244348
2016-03-28, 29.0200, 29.4100, 28.3800, 29.2600, 395131
2016-03-29, 29.0900, 30.2400, 28.6300, 30.1100, 248885
2016-03-30, 30.2400, 30.8200, 30.2400, 30.6800, 315042
2016-03-31, 30.5800, 31.1200, 30.5800, 30.8400, 256119
2016-04-01, 30.5100, 30.8900, 30.1800, 30.7900, 237775
2016-04-04, 30.9800, 31.0500, 30.3500, 30.4200, 369428
2016-04-05, 30.0600, 30.3300, 29.7100, 30.2100, 206890
2016-04-06, 30.2100, 30.3200, 29.8900, 30.1400, 249329
2016-04-07, 29.9500, 30.0650, 29.2000, 29.6000, 488443
2016-04-08, 29.9600, 30.2200, 29.5450, 29.8200, 236757
2016-04-11, 30.2300, 30.8600, 29.9500, 30.5800, 234956
2016-04-12, 30.8100, 31.5900, 30.4300, 31.4200, 400340
2016-04-13, 31.8300, 32.8300, 31.8000, 32.7500, 342185
2016-04-14, 32.6900, 33.4900, 32.4601, 33.1800, 240014
2016-04-15, 33.1700, 33.5900, 33.0100, 33.2500, 260405
2016-04-18, 33.2300, 33.6900, 32.8600, 33.5400, 180934
2016-04-19, 33.8900, 34.3400, 33.4350, 34.3100, 287438
2016-04-20, 34.2800, 34.6200, 33.9300, 34.4600, 236940
2016-04-21, 34.4900, 34.6500, 33.9900, 34.3800, 287463
2016-04-22, 34.3800, 35.0000, 34.0600, 34.9600, 312808
2016-04-25, 34.7100, 34.8543, 34.1700, 34.7900, 263985
2016-04-26, 34.1000, 34.5000, 32.8200, 33.3300, 853020
2016-04-27, 33.4200, 34.0199, 33.1000, 33.5600, 361273
2016-04-28, 33.2500, 33.4500, 32.7500, 32.8600, 501851
2016-04-29, 33.0400, 33.0400, 31.9400, 32.3100, 373940
2016-05-02, 32.3400, 32.7550, 31.9300, 32.3200, 225579
2016-05-03, 31.9300, 32.2250, 31.3500, 32.1300, 469055
2016-05-04, 31.8600, 32.1000, 30.9400, 31.1100, 468353
2016-05-05, 31.1800, 31.4200, 30.7200, 31.1800, 253253
2016-05-06, 30.9200, 31.3200, 30.9100, 31.1600, 239846
2016-05-09, 31.2100, 31.8600, 31.2000, 31.4400, 393630
2016-05-10, 31.7000, 32.0500, 31.6200, 31.9300, 179090
2016-05-11, 31.6500, 31.9700, 31.0200, 31.0800, 445257
2016-05-12, 31.3300, 31.6000, 31.0000, 31.4900, 462462
2016-05-13, 30.9900, 31.2300, 30.1500, 30.2600, 255467
2016-05-16, 30.2800, 31.1500, 30.2800, 30.8800, 240370
2016-05-17, 30.8500, 31.2000, 30.2900, 30.5900, 246916
2016-05-18, 30.4900, 31.5000, 30.4900, 31.3200, 326685
2016-05-19, 31.0500, 31.5000, 30.3100, 30.7000, 300424
2016-05-20, 30.9500, 31.5400, 30.9500, 31.3700, 158071
2016-05-23, 31.3200, 31.6100, 31.1100, 31.4100, 172805
2016-05-24, 31.5500, 32.2600, 31.3900, 32.1600, 371557
2016-05-25, 32.3000, 32.7800, 32.2100, 32.7600, 175768
2016-05-26, 32.7500, 32.8000, 32.2200, 32.6300, 253341
2016-05-27, 32.6500, 32.9900, 32.3500, 32.9100, 231829
2016-05-31, 33.1000, 33.4800, 32.5100, 32.6800, 654398
2016-06-01, 32.3700, 33.1400, 31.9000, 32.9100, 361182
2016-06-02, 32.8100, 32.8300, 32.3300, 32.7800, 248613
2016-06-03, 32.5400, 32.5850, 32.0000, 32.4200, 210919
2016-06-06, 32.5500, 33.4900, 32.2900, 33.2400, 304406
2016-06-07, 33.3700, 33.4400, 32.9587, 33.1100, 176818
2016-06-08, 33.0900, 33.5000, 32.9600, 33.0000, 172730
2016-06-09, 32.6900, 32.8750, 32.3800, 32.4300, 225566
2016-06-10, 32.0900, 32.1500, 31.2700, 31.3500, 199197
2016-06-13, 31.0700, 31.5300, 30.8550, 30.8900, 213733
2016-06-14, 30.6900, 31.1000, 30.2300, 30.2800, 254585
2016-06-15, 30.4500, 31.0500, 30.3100, 30.4900, 631972
2016-06-16, 30.2100, 30.2400, 29.6700, 30.1800, 328474
2016-06-17, 30.1000, 30.6100, 29.9500, 30.1100, 557544
2016-06-20, 30.7000, 31.4400, 30.6600, 30.6700, 410499
2016-06-21, 30.7300, 30.8200, 30.4000, 30.5000, 283448
2016-06-22, 30.5100, 30.6800, 30.2400, 30.4400, 257616
2016-06-23, 31.0000, 31.0850, 30.5600, 30.9000, 524491
2016-06-24, 28.7800, 29.6700, 28.7800, 28.8800, 961867
2016-06-27, 28.4000, 28.4000, 26.2100, 26.6000, 532689
2016-06-28, 26.2300, 27.1100, 26.1400, 26.9300, 702289
2016-06-29, 27.1200, 27.4000, 26.8300, 27.2800, 316897
2016-06-30, 27.3600, 27.6900, 26.7900, 27.6800, 416340
2016-07-01, 27.6200, 28.0800, 27.5521, 27.7000, 215823
2016-07-05, 27.4200, 27.4200, 26.8000, 27.0900, 312287
2016-07-06, 26.9300, 27.1900, 26.3200, 27.0300, 540343
2016-07-07, 26.8000, 27.4400, 26.7100, 27.2000, 626437
2016-07-08, 27.4500, 27.7500, 27.1100, 27.2700, 1208277
2016-07-11, 27.3400, 27.7300, 27.2700, 27.6600, 646739
2016-07-12, 27.9600, 28.6300, 27.9200, 28.4000, 587344
2016-07-13, 28.0000, 28.2800, 27.3800, 27.6900, 395059
2016-07-14, 28.1400, 28.4200, 27.5300, 27.7000, 548725
2016-07-15, 27.4100, 27.8100, 26.9100, 27.5100, 483199
2016-07-18, 27.5000, 28.2100, 27.4200, 28.0400, 301571
2016-07-19, 27.8700, 28.1100, 27.6100, 27.8100, 209627
2016-07-20, 28.0900, 28.2800, 27.5000, 28.2800, 343842
2016-07-21, 28.2500, 28.6500, 28.0100, 28.3600, 497422
2016-07-22, 28.4000, 28.6000, 28.3050, 28.4600, 449868
2016-07-25, 28.1500, 28.6700, 28.0100, 28.0800, 470141
2016-07-26, 27.3500, 28.1600, 26.7200, 27.7000, 623820
2016-07-27, 27.6700, 28.1500, 27.6700, 27.9400, 343725
2016-07-28, 27.9000, 27.9000, 27.3100, 27.7600, 284424
2016-07-29, 27.7200, 28.0000, 27.5900, 27.9600, 280772
2016-08-01, 27.8700, 28.0300, 27.6550, 27.8200, 250572
2016-08-02, 27.8000, 27.9200, 27.5100, 27.6500, 431303
2016-08-03, 27.6700, 28.1800, 27.5850, 28.0200, 327901
2016-08-04, 28.0200, 28.2200, 27.7650, 28.1700, 219942
2016-08-05, 28.3400, 29.1800, 28.1700, 29.0000, 432969
2016-08-08, 29.1300, 29.4490, 28.7400, 28.7600, 244340
2016-08-09, 28.8300, 28.8300, 28.0700, 28.2100, 316179
2016-08-10, 28.2500, 28.2500, 27.6300, 27.7100, 248449
2016-08-11, 27.8000, 28.0100, 27.7500, 27.8800, 205679
2016-08-12, 27.7200, 27.9400, 27.3900, 27.5900, 316913
2016-08-15, 27.0000, 27.4800, 26.9900, 27.3500, 270809
2016-08-16, 27.2100, 27.3000, 26.7900, 26.8300, 222642
2016-08-17, 26.8300, 26.9750, 26.3000, 26.4800, 237691
2016-08-18, 26.5100, 27.0000, 26.4700, 26.9600, 332119
2016-08-19, 26.9100, 27.0900, 26.7500, 27.0100, 128322
2016-08-22, 26.9500, 27.0000, 26.3300, 26.7100, 213077
2016-08-23, 26.9000, 27.3900, 26.8400, 27.2400, 249275
2016-08-24, 27.2900, 27.4400, 26.6750, 26.6800, 160486
2016-08-25, 26.6000, 26.8600, 26.3200, 26.3700, 207468
2016-08-26, 26.4600, 26.7400, 26.2600, 26.3900, 142888
2016-08-29, 26.3900, 26.6400, 26.3900, 26.4800, 244214
2016-08-30, 26.5600, 26.7090, 26.4050, 26.5700, 281986
2016-08-31, 26.6400, 26.6500, 26.0700, 26.1500, 457608
2016-09-01, 26.2400, 26.4000, 25.4100, 25.6900, 473934
2016-09-02, 25.9200, 26.0900, 25.5500, 26.0200, 595444
2016-09-06, 26.2600, 26.7600, 26.0700, 26.4700, 504062
2016-09-07, 26.3600, 26.8300, 26.3600, 26.7300, 545691
2016-09-08, 26.7400, 26.9300, 26.5800, 26.7200, 336120
2016-09-09, 26.5800, 26.7300, 26.0800, 26.4600, 601875
2016-09-12, 26.2200, 27.2500, 26.1700, 27.0500, 548729
2016-09-13, 26.8700, 27.5700, 26.8600, 27.1700, 907566
2016-09-14, 27.2200, 27.2500, 26.5200, 26.6500, 283908
2016-09-15, 26.6400, 27.0900, 26.4800, 26.9900, 368689
2016-09-16, 26.5500, 27.0600, 26.4700, 26.9500, 761024
2016-09-19, 27.1300, 27.5000, 26.9050, 27.1800, 366140
2016-09-20, 27.4600, 27.4900, 27.0900, 27.0900, 412754
2016-09-21, 27.3000, 27.3800, 27.0100, 27.2300, 374934
2016-09-22, 27.4500, 27.9600, 27.4500, 27.7900, 485731
2016-09-23, 27.6500, 27.9300, 27.1900, 27.2000, 324541
2016-09-26, 27.0200, 27.1200, 26.5200, 26.6500, 333403
2016-09-27, 26.5200, 26.9300, 26.2788, 26.7700, 387454
2016-09-28, 26.8900, 27.1800, 26.7200, 27.1500, 274310
2016-09-29, 27.2200, 27.3300, 26.6300, 26.6500, 344498
2016-09-30, 26.9000, 27.3100, 26.6000, 27.2000, 428234
2016-10-03, 27.3500, 28.3000, 27.3000, 27.6800, 510950
2016-10-04, 27.7700, 27.7700, 27.3000, 27.5400, 377549
2016-10-05, 27.7100, 28.2800, 27.6000, 28.1500, 414770
2016-10-06, 28.2000, 28.4200, 27.8400, 28.0200, 739717
2016-10-07, 28.0600, 28.3250, 27.6300, 28.0400, 412856
2016-10-10, 28.2300, 28.3900, 27.9700, 27.9800, 164269
2016-10-11, 27.8800, 27.9200, 27.1900, 27.5100, 285188
2016-10-12, 27.5700, 28.3900, 27.4892, 28.0000, 475645
2016-10-13, 27.7600, 27.8300, 27.1500, 27.5200, 464962
2016-10-14, 27.9100, 28.0500, 27.5200, 27.6100, 305484
2016-10-17, 27.5500, 27.9000, 27.3500, 27.6000, 222257
2016-10-18, 28.2000, 28.2500, 27.5500, 27.6500, 309281
2016-10-19, 27.6500, 28.2000, 27.4500, 28.1000, 391446
2016-10-20, 28.1000, 28.2788, 27.5500, 27.7000, 324485
2016-10-21, 27.5000, 27.7500, 27.3000, 27.6000, 325337
2016-10-24, 27.8500, 28.1000, 27.6750, 27.8500, 200138
2016-10-25, 27.8500, 27.9500, 27.5500, 27.6000, 245156
2016-10-26, 27.4500, 28.0000, 27.3500, 27.4500, 535470
2016-10-27, 27.5500, 27.5500, 26.5000, 26.7000, 447114
2016-10-28, 26.8000, 26.9750, 26.2500, 26.6000, 593970
2016-10-31, 26.7000, 26.7000, 25.9500, 26.0000, 593409
2016-11-01, 27.2500, 27.4000, 25.5010, 25.9500, 606429
2016-11-02, 25.6500, 25.7500, 25.0000, 25.5000, 661578
2016-11-03, 25.4500, 25.6500, 24.8000, 25.0500, 782103
2016-11-04, 25.0500, 25.3000, 24.8000, 24.9000, 663585
2016-11-07, 25.4500, 25.7500, 25.3000, 25.5000, 373060
2016-11-08, 25.3500, 25.5000, 24.4750, 24.5500, 505054
2016-11-09, 24.7000, 25.8256, 24.6000, 25.6500, 517963
2016-11-10, 25.7000, 27.2500, 25.5500, 26.9000, 515395
2016-11-11, 26.9000, 27.2000, 26.5500, 27.1000, 406398
2016-11-14, 26.4500, 27.1500, 26.4000, 26.9500, 363876
2016-11-15, 26.8500, 28.0000, 26.6000, 27.9500, 591259
2016-11-16, 27.6000, 27.9500, 27.4000, 27.9000, 464861
2016-11-17, 27.9000, 28.8250, 27.6000, 28.5500, 641468
2016-11-18, 28.5500, 29.2500, 28.4000, 29.2000, 404601
2016-11-21, 29.3500, 30.0500, 29.3500, 29.7000, 512038
2016-11-22, 29.6500, 30.3000, 29.5000, 30.1500, 542583
2016-11-23, 30.1500, 30.5000, 29.8500, 29.9500, 1071639
2016-11-25, 30.1000, 30.1000, 29.7500, 29.9500, 165133
2016-11-28, 29.8000, 29.8500, 29.2000, 29.2500, 653605
2016-11-29, 29.2500, 29.6000, 28.8000, 29.0000, 561123
2016-11-30, 29.4000, 29.8750, 29.1000, 29.8000, 819700
2016-12-01, 30.0000, 30.6000, 29.5500, 30.1500, 588862
2016-12-02, 30.2000, 30.3500, 29.8250, 30.2500, 658396
2016-12-05, 30.6000, 30.7000, 29.6000, 29.7000, 557082
2016-12-06, 29.9000, 30.5000, 29.7500, 30.2500, 438919
2016-12-07, 30.2500, 31.3250, 29.9950, 31.3000, 567481
2016-12-08, 31.4000, 31.7500, 30.9000, 31.7000, 406010
2016-12-09, 31.7500, 32.1000, 31.1000, 31.3000, 623181
2016-12-12, 31.4500, 32.1500, 31.4500, 31.6000, 790892
2016-12-13, 31.7500, 32.2000, 31.1000, 31.4500, 769442
2016-12-14, 31.1500, 31.6000, 30.5500, 30.6500, 432193
2016-12-15, 30.7000, 31.0000, 29.9000, 30.1000, 605552
2016-12-16, 30.1000, 30.6500, 29.5500, 29.6500, 810457
2016-12-19, 29.8000, 30.0750, 29.4500, 29.8000, 441227
2016-12-20, 30.1000, 30.7000, 29.8433, 30.3000, 476564
2016-12-21, 30.3000, 30.4000, 29.6000, 30.3000, 297322
2016-12-22, 30.3500, 30.4500, 30.0000, 30.3500, 270030
2016-12-23, 30.4000, 30.7500, 29.5000, 30.0500, 226538
2016-12-27, 30.2500, 30.5250, 30.1500, 30.2500, 140553
2016-12-28, 30.2500, 30.4341, 29.4750, 29.5500, 207445
2016-12-29, 29.5500, 29.7500, 29.2000, 29.6000, 290867
2016-12-30, 29.6000, 29.9000, 29.4000, 29.7500, 228091
2017-01-03, 30.1500, 30.8500, 29.9500, 30.7000, 439614
2017-01-04, 29.8000, 30.1000, 29.2500, 29.8500, 593190
2017-01-05, 29.6000, 29.9500, 29.0500, 29.4500, 437258
2017-01-06, 29.4500, 29.7000, 29.1500, 29.4500, 229268
2017-01-09, 29.2500, 29.6250, 28.8999, 29.2500, 375609
2017-01-10, 29.2000, 29.6000, 29.0750, 29.2000, 356983
2017-01-11, 29.2000, 29.6500, 29.0500, 29.4500, 425901
2017-01-12, 29.2500, 29.2500, 28.3000, 28.5500, 633723
2017-01-13, 28.5500, 29.3000, 28.5500, 28.8500, 446260
2017-01-17, 28.9000, 28.9500, 27.9500, 28.0000, 505360
2017-01-18, 28.0000, 28.6500, 27.6500, 28.6500, 455313
2017-01-19, 28.8500, 29.0930, 28.5500, 28.6500, 344272
2017-01-20, 28.8500, 29.3500, 28.8500, 29.3000, 481747
2017-01-23, 29.2000, 29.5000, 28.7500, 29.3500, 289259
2017-01-24, 29.5000, 29.5750, 29.0000, 29.1500, 260037
2017-01-25, 29.5500, 29.6500, 28.7750, 29.0000, 511675
2017-01-26, 29.0000, 29.0000, 28.3000, 28.4000, 282257
2017-01-27, 28.5000, 28.5000, 27.8500, 28.1000, 372768
2017-01-30, 28.0500, 28.8500, 27.7500, 28.8000, 321422
2017-01-31, 28.8000, 29.0500, 28.6750, 28.9500, 222716
2017-02-01, 29.2000, 29.3500, 28.5000, 29.0000, 288373
2017-02-02, 29.0000, 29.2000, 28.6000, 29.1000, 215968
2017-02-03, 29.5000, 29.6500, 29.1500, 29.3000, 346915
2017-02-06, 29.3500, 29.6000, 29.0500, 29.3500, 218699
2017-02-07, 29.7000, 30.0000, 29.0500, 29.8000, 389396
2017-02-08, 29.8000, 30.4000, 29.6000, 30.2000, 644093
2017-02-09, 30.4000, 30.8500, 30.0000, 30.6500, 437772
2017-02-10, 29.9000, 30.2500, 29.6000, 30.2000, 397177
2017-02-13, 30.2500, 30.3500, 29.7000, 30.0500, 500386
2017-02-14, 29.9000, 30.2500, 29.7000, 30.0500, 309074
2017-02-15, 30.1500, 30.2500, 29.7500, 30.1500, 365037
2017-02-16, 30.2000, 30.3500, 29.9000, 30.1000, 273676
2017-02-17, 29.9500, 30.1500, 29.7500, 29.8500, 257513
2017-02-21, 30.0500, 30.5500, 29.9500, 30.4500, 376072
2017-02-22, 30.3500, 30.7000, 30.2500, 30.4000, 384646
2017-02-23, 29.2000, 29.6000, 29.1000, 29.5000, 2266541
2017-02-24, 29.3000, 29.4500, 28.9000, 29.1000, 631461
2017-02-27, 28.9500, 29.3000, 28.8500, 29.0000, 851475
2017-02-28, 28.9500, 29.0000, 28.2500, 28.4500, 553865
2017-03-01, 28.9000, 29.1000, 28.2000, 28.3000, 539711
2017-03-02, 28.4000, 28.4000, 28.0000, 28.3000, 468142
2017-03-03, 28.4000, 28.4000, 27.9000, 28.0000, 463997
2017-03-06, 27.9500, 28.0000, 27.7000, 27.8000, 384311
2017-03-07, 27.8000, 27.9000, 27.4500, 27.4500, 362004
2017-03-08, 27.7000, 27.9500, 27.4500, 27.5500, 683433
2017-03-09, 26.9000, 27.7000, 26.8000, 27.0000, 735366
2017-03-10, 27.3500, 27.5000, 26.9000, 27.5000, 511721
2017-03-13, 27.6000, 27.8500, 27.1000, 27.8000, 531564
2017-03-14, 27.7000, 27.8500, 27.4750, 27.6500, 520212
2017-03-15, 27.8000, 28.2000, 27.6000, 28.0500, 697324
2017-03-16, 28.1500, 28.6000, 28.0500, 28.3000, 702761
2017-03-17, 28.3500, 28.3500, 27.6500, 27.7500, 612851
2017-03-20, 27.7000, 27.7000, 27.1500, 27.5000, 306961
2017-03-21, 27.6500, 27.6500, 26.5000, 26.8500, 638265
2017-03-22, 26.7000, 27.0000, 26.4500, 26.8500, 365211
2017-03-23, 26.9000, 27.3000, 26.7500, 26.9000, 412365
2017-03-24, 26.9500, 27.0500, 26.5500, 26.6300, 289184
2017-03-27, 26.4000, 27.0750, 26.3000, 26.9500, 541652
2017-03-28, 26.8500, 27.6500, 26.8000, 27.5000, 403321
2017-03-29, 27.5000, 27.5000, 26.9500, 27.1500, 354019
2017-03-30, 27.1500, 27.7000, 27.0500, 27.5000, 391791
2017-03-31, 27.5000, 28.0000, 27.3500, 27.6000, 734424
2017-04-03, 27.7500, 27.9350, 27.4500, 27.6000, 497084
2017-04-04, 27.6500, 27.7500, 27.1000, 27.2000, 555673
2017-04-05, 27.4500, 27.5500, 26.8000, 26.8500, 561334
2017-04-06, 27.0000, 27.1000, 26.7500, 27.0000, 457554
2017-04-07, 26.9500, 27.2500, 26.8000, 27.0000, 502634
2017-04-10, 27.0500, 27.2500, 26.8500, 26.9500, 451628
2017-04-11, 26.8500, 27.0000, 26.7000, 26.9500, 367403
2017-04-12, 27.0000, 27.8000, 26.9000, 27.7000, 636632
2017-04-13, 27.6500, 28.0500, 27.5000, 27.5500, 854185
2017-04-17, 27.6000, 28.2000, 27.6000, 28.1500, 455231
2017-04-18, 28.0000, 28.2500, 27.8875, 28.0500, 245730
2017-04-19, 28.3000, 28.4035, 28.0000, 28.0000, 310153
2017-04-20, 28.2500, 28.4000, 28.0000, 28.4000, 408276
2017-04-21, 28.3500, 28.6500, 28.0000, 28.0500, 402716
2017-04-24, 28.6000, 28.6500, 28.3000, 28.5000, 480158
2017-04-25, 28.5500, 28.8500, 28.4000, 28.7500, 392487
2017-04-26, 28.7000, 28.8500, 28.4000, 28.4500, 549312
2017-04-27, 28.5000, 29.0500, 28.3000, 29.0000, 346609
2017-04-28, 31.5500, 31.5500, 28.5500, 29.3000, 6402
2017-05-01, 29.8500, 30.4000, 29.5250, 29.6000, 949634
2017-05-02, 29.7000, 29.7000, 28.7000, 29.2500, 645593
2017-05-03, 29.2000, 29.5000, 29.0000, 29.1000, 664645
2017-05-04, 29.2000, 29.2500, 28.5500, 28.8000, 480960
2017-05-05, 28.8000, 29.1500, 28.5240, 29.1000, 408635
2017-05-08, 29.2000, 29.2500, 28.7000, 29.0000, 307244
2017-05-09, 29.0000, 29.5000, 28.9750, 29.4000, 393781
2017-05-10, 29.4000, 29.9000, 29.2000, 29.5500, 533554
2017-05-11, 29.3500, 29.5500, 28.8000, 29.0000, 390770
2017-05-12, 29.0000, 29.0000, 28.1500, 28.3000, 720351
2017-05-15, 27.6500, 27.9000, 27.5000, 27.9000, 549322
2017-05-16, 27.9000, 28.8500, 27.8500, 28.7500, 679583
2017-05-17, 28.3500, 28.5000, 27.4000, 27.5000, 441749
2017-05-18, 27.3500, 27.6500, 27.2250, 27.4000, 535934
2017-05-19, 27.4000, 28.3500, 27.4000, 27.9000, 345657
2017-05-22, 28.0000, 28.2500, 27.8500, 27.9000, 277290
2017-05-23, 27.9500, 27.9500, 27.5500, 27.6000, 228123
2017-05-24, 27.6500, 28.0250, 27.6000, 28.0000, 250177
2017-05-25, 28.1500, 28.4000, 28.0000, 28.3000, 213983
2017-05-26, 28.3000, 28.5000, 28.1250, 28.4000, 207829
2017-05-30, 28.4000, 28.4143, 27.8500, 28.2500, 293143
2017-05-31, 28.3000, 28.3000, 27.8000, 28.3000, 248738
2017-06-01, 28.4500, 29.2250, 28.2500, 28.9500, 370592
2017-06-02, 28.8500, 29.4500, 28.7500, 29.4000, 432471
2017-06-05, 29.2500, 29.4366, 29.0500, 29.1500, 252644
2017-06-06, 29.0000, 29.4500, 28.8000, 29.1000, 265292
2017-06-07, 29.1000, 29.5000, 29.0000, 29.3000, 191342
2017-06-08, 29.3000, 29.6500, 29.2000, 29.3500, 171290
2017-06-09, 29.5500, 30.4000, 29.4000, 30.2000, 455352
2017-06-12, 30.0000, 30.0500, 29.2550, 29.8500, 603722
2017-06-13, 30.1000, 30.5500, 29.9500, 30.2500, 305351
2017-06-14, 30.2000, 30.4750, 29.9000, 30.0500, 290718
2017-06-15, 29.5500, 29.8500, 29.3000, 29.3500, 401817
2017-06-16, 29.5000, 29.8000, 29.3373, 29.6500, 467901
2017-06-19, 29.8000, 29.9240, 29.5500, 29.7500, 407805
2017-06-20, 29.6000, 29.9500, 29.5000, 29.7000, 473747
2017-06-21, 29.7500, 29.9000, 29.2000, 29.4500, 286851
2017-06-22, 29.4500, 29.8000, 29.4000, 29.5000, 296769
2017-06-23, 29.5000, 29.8000, 29.3500, 29.7500, 3537311
2017-06-26, 30.0000, 30.0500, 29.3500, 29.4500, 581240
2017-06-27, 29.4500, 30.6000, 29.4000, 30.1000, 804970
2017-06-28, 30.3000, 30.8250, 30.2500, 30.5500, 517790
2017-06-29, 30.8000, 30.8000, 29.5000, 30.0000, 508127
2017-06-30, 30.4000, 31.0500, 30.2500, 30.7000, 1001382
2017-07-03, 30.8500, 31.2500, 30.7500, 30.9500, 166069
2017-07-05, 31.1000, 31.1500, 30.5500, 30.7500, 525533
2017-07-06, 30.6000, 30.8000, 30.3500, 30.5000, 474646
2017-07-07, 30.7500, 30.8500, 30.4250, 30.8500, 444380
2017-07-10, 30.8500, 31.3500, 30.7750, 30.8500, 614351
2017-07-11, 31.0000, 31.4500, 30.9000, 31.0000, 577483
2017-07-12, 31.1500, 31.3000, 31.0000, 31.1500, 637878
2017-07-13, 31.2500, 32.1500, 31.2000, 32.0000, 545863
2017-07-14, 32.0000, 32.2000, 31.5500, 31.8000, 383443
2017-07-17, 31.8500, 32.0000, 31.5000, 31.6500, 311452
2017-07-18, 31.6500, 32.1000, 31.3500, 32.1000, 327370
2017-07-19, 32.3000, 32.6500, 32.0500, 32.5500, 441870
2017-07-20, 32.7000, 33.1500, 32.5500, 32.9500, 447200
2017-07-21, 33.1000, 33.2000, 32.5000, 32.5500, 339900
2017-07-24, 32.5500, 32.9500, 32.2743, 32.9000, 535083
2017-07-25, 33.0000, 33.7500, 33.0000, 33.6500, 434522
2017-07-26, 33.7500, 33.8500, 33.4000, 33.4500, 343381
2017-07-27, 33.5500, 33.5500, 32.6500, 32.7500, 529562
2017-07-28, 32.6500, 32.9000, 32.4000, 32.6000, 335415
2017-07-31, 32.8000, 33.5000, 32.5000, 33.2500, 490094
2017-08-01, 31.2500, 31.6500, 30.4500, 30.9000, 694944
2017-08-02, 32.7500, 33.2000, 30.3000, 30.8500, 1298907
2017-08-03, 30.8500, 31.1500, 30.7000, 30.7500, 575714
2017-08-04, 31.2500, 31.6500, 30.4500, 30.9000, 742334
2017-08-07, 31.1000, 31.6500, 31.0766, 31.4500, 391896
2017-08-08, 31.5000, 32.3500, 31.3500, 31.5500, 663020
2017-08-09, 31.3500, 31.6500, 30.9000, 31.0000, 368864
2017-08-10, 30.9000, 31.0000, 30.1500, 30.1500, 458773
2017-08-11, 30.1500, 30.4000, 30.0000, 30.1000, 410714
2017-08-14, 30.5500, 30.7000, 30.3000, 30.6000, 328901
2017-08-15, 30.0500, 30.4000, 29.9500, 30.3000, 357891
2017-08-16, 30.4000, 30.7500, 29.5750, 29.7000, 516334
2017-08-17, 29.6500, 30.2500, 29.1000, 29.3500, 532276
2017-08-18, 29.0500, 29.7500, 29.0000, 29.3500, 320260
2017-08-21, 29.3000, 29.6500, 29.1000, 29.3000, 270245
2017-08-22, 29.4500, 29.9500, 29.3500, 29.6500, 341193
2017-08-23, 29.5500, 30.0837, 29.5000, 29.8500, 346253
2017-08-24, 29.9000, 30.1500, 29.6500, 29.7000, 291134
2017-08-25, 29.9000, 30.1500, 29.7500, 29.9000, 186280
2017-08-28, 30.1000, 30.1500, 29.8000, 30.1500, 242069
2017-08-29, 29.8500, 30.2000, 29.6500, 29.9000, 205118
2017-08-30, 29.9000, 30.3500, 29.7500, 30.2000, 273184
2017-08-31, 30.4000, 30.7000, 30.3000, 30.7000, 256214
2017-09-01, 30.8000, 31.0000, 30.6000, 31.0000, 198768
2017-09-05, 30.8500, 31.1000, 29.7500, 29.8500, 436055
2017-09-06, 30.0000, 30.1500, 29.6000, 29.8500, 226663
2017-09-07, 29.9500, 29.9500, 29.5000, 29.6500, 213196
2017-09-08, 29.7000, 29.9500, 29.6500, 29.8000, 146221
2017-09-11, 30.1500, 30.4250, 30.0000, 30.0500, 322582
2017-09-12, 30.3000, 30.3500, 29.8784, 30.1500, 375088
2017-09-13, 30.2000, 30.5800, 29.7500, 30.4500, 499800
2017-09-14, 30.4000, 30.5000, 30.0300, 30.0500, 283600
2017-09-15, 30.1000, 30.8000, 30.0500, 30.7500, 621424
2017-09-18, 30.8500, 31.4250, 30.8000, 31.0000, 414163
2017-09-19, 31.1000, 31.3000, 30.8000, 31.0000, 342068
2017-09-20, 31.0000, 31.4500, 30.9500, 31.2500, 192312
2017-09-21, 31.3000, 31.4000, 31.0000, 31.2500, 195270
2017-09-22, 31.2500, 31.8000, 31.0284, 31.6500, 210896
2017-09-25, 31.6000, 32.0250, 31.5500, 31.8500, 224925
2017-09-26, 31.9000, 32.2500, 31.8000, 32.0500, 280653
2017-09-27, 32.4000, 32.7000, 31.9750, 32.6000, 322444
2017-09-28, 32.6500, 32.9000, 32.3500, 32.5000, 416528
2017-09-29, 32.5000, 32.9500, 32.4000, 32.6000, 649947
2017-10-02, 32.7500, 33.5000, 32.6000, 33.5000, 583719
2017-10-03, 33.5500, 33.5500, 32.4500, 33.0000, 595918
2017-10-04, 33.1000, 33.6500, 32.9500, 33.4500, 263679
2017-10-05, 33.4500, 33.9500, 33.3000, 33.5500, 361486
2017-10-06, 33.5500, 33.7000, 33.2500, 33.6000, 264514
2017-10-09, 33.8000, 34.2750, 33.7000, 34.1000, 295458
2017-10-10, 34.3000, 34.9000, 34.1000, 34.4500, 563093
2017-10-11, 34.4500, 34.7750, 34.3500, 34.6500, 413437
2017-10-12, 34.7000, 35.2000, 34.4000, 34.5000, 451859
2017-10-13, 34.6000, 35.1500, 34.4000, 34.9500, 366886
2017-10-16, 35.0500, 35.2500, 34.7500, 34.8000, 370714
2017-10-17, 35.0000, 35.0000, 34.5500, 34.7500, 251984
2017-10-18, 34.9500, 35.7500, 34.8000, 35.5500, 459776
2017-10-19, 35.3000, 35.5000, 35.1000, 35.4000, 299825
2017-10-20, 35.8000, 36.0000, 35.6000, 35.9000, 256600
2017-10-23, 36.0000, 36.1500, 35.7000, 35.8000, 322808
2017-10-24, 36.0500, 36.3250, 35.9500, 36.2500, 433807
2017-10-25, 36.3000, 36.3000, 35.2500, 35.4500, 405651
2017-10-26, 35.6500, 35.7500, 35.3500, 35.4000, 314570
2017-10-27, 35.5000, 35.5000, 35.0500, 35.1500, 461964
2017-10-30, 35.1000, 35.1500, 34.3500, 34.5000, 227903
2017-10-31, 34.8500, 34.8500, 34.1750, 34.4000, 460804
2017-11-01, 35.9000, 35.9000, 34.3500, 35.4500, 547918
2017-11-02, 35.5000, 36.0000, 34.9000, 35.9000, 683776
2017-11-03, 35.7500, 36.4500, 35.4000, 36.3000, 330129
2017-11-06, 36.3000, 36.8000, 36.0000, 36.6000, 266569
2017-11-07, 36.7000, 36.8750, 36.2000, 36.4500, 297647
2017-11-08, 36.4500, 36.5500, 36.1000, 36.5000, 304834
2017-11-09, 36.3500, 36.5000, 35.5716, 36.1500, 365455
2017-11-10, 36.4000, 36.7500, 36.0500, 36.6000, 216713
2017-11-13, 36.3500, 36.4500, 35.9500, 36.0900, 296809
2017-11-14, 35.9500, 36.3500, 35.6000, 36.3000, 475853
2017-11-15, 35.7500, 36.6500, 35.4500, 36.3000, 741860
2017-11-16, 36.4500, 37.5500, 36.4500, 37.0000, 905501
2017-11-17, 36.8500, 37.1000, 36.4500, 36.6500, 392592
2017-11-20, 36.7500, 37.9000, 36.7500, 37.7000, 364163
2017-11-21, 38.0000, 38.5500, 37.9000, 38.5000, 297405
2017-11-22, 38.5500, 38.8000, 38.4000, 38.5500, 319960
2017-11-24, 38.8000, 38.8000, 37.9500, 38.0500, 103797
2017-11-27, 38.0000, 38.1500, 37.7500, 37.9000, 359519
2017-11-28, 38.0500, 39.0000, 37.8500, 38.9000, 550160
2017-11-29, 39.0000, 39.4500, 38.7500, 39.3000, 318728
2017-11-30, 39.6500, 39.9000, 39.2500, 39.5000, 501097
2017-12-01, 39.5500, 39.9000, 38.0500, 39.8000, 411610
2017-12-04, 40.3000, 40.6500, 39.5500, 39.6500, 390009
2017-12-05, 39.9000, 40.0000, 39.1500, 39.3000, 449062
2017-12-06, 39.3000, 39.7500, 39.0000, 39.4000, 357003
2017-12-07, 39.3500, 40.1000, 39.0500, 39.7000, 429614
2017-12-08, 39.8500, 40.0000, 39.3000, 39.9500, 197586
2017-12-11, 40.0000, 40.1500, 39.6000, 39.8000, 270665
2017-12-12, 39.9000, 40.2000, 39.4750, 39.6000, 431040
2017-12-13, 39.5500, 39.8500, 39.2000, 39.2500, 360659
2017-12-14, 39.3000, 39.4500, 38.7000, 39.0000, 475427
2017-12-15, 39.2500, 39.8500, 39.1000, 39.3500, 673390
2017-12-18, 40.0000, 40.2000, 39.8000, 40.1000, 369324
2017-12-19, 40.0500, 40.1500, 39.8000, 39.9000, 248344
2017-12-20, 39.9500, 40.1500, 39.7000, 39.9500, 397158
2017-12-21, 40.0000, 40.0500, 39.6000, 39.7500, 205588
2017-12-22, 39.7500, 40.0500, 39.4000, 39.7000, 247946
2017-12-26, 39.6500, 40.1000, 39.5000, 39.8000, 176343
2017-12-27, 39.8500, 40.0000, 39.4500, 39.5500, 196976
2017-12-28, 39.7000, 39.8500, 39.3500, 39.7500, 189635
2017-12-29, 39.9000, 39.9500, 39.4500, 39.5000, 190810
2018-01-02, 39.6000, 39.6500, 38.4000, 38.6500, 338940
2018-01-03, 38.5000, 38.8000, 37.9000, 37.9500, 355786
2018-01-04, 38.1000, 38.9000, 38.1000, 38.1500, 577338
2018-01-05, 38.3000, 38.9000, 38.1500, 38.7500, 255182
2018-01-08, 38.9500, 39.1000, 38.5750, 38.7000, 481448
2018-01-09, 39.0000, 39.5500, 38.9000, 38.9000, 314434
2018-01-10, 38.9500, 39.5000, 38.7000, 38.9500, 382222
2018-01-11, 38.9500, 39.4500, 38.6500, 39.4000, 514848
2018-01-12, 39.5500, 39.8500, 39.1500, 39.8000, 480964
2018-01-16, 40.1000, 40.4500, 38.4500, 38.8000, 464340
2018-01-17, 39.0000, 40.2500, 38.7000, 40.1500, 433895
2018-01-18, 40.0000, 40.2500, 39.5500, 39.7000, 319534
2018-01-19, 39.6500, 40.3000, 39.6000, 40.1500, 286390
2018-01-22, 40.2500, 40.9000, 40.1000, 40.9000, 325273
2018-01-23, 40.8000, 40.9000, 40.1500, 40.4000, 343843
2018-01-24, 40.5500, 41.0000, 40.2500, 40.6000, 311865
2018-01-25, 40.8000, 40.8490, 40.2500, 40.4000, 274182
2018-01-26, 40.6500, 41.4000, 40.3000, 41.3500, 249842
2018-01-29, 41.3500, 41.4500, 40.8500, 41.1500, 323753
2018-01-30, 40.7000, 41.0500, 39.4000, 39.5000, 341906
2018-01-31, 39.7500, 39.7500, 38.5000, 39.1500, 474874
2018-02-01, 39.0500, 39.9000, 38.8000, 39.6500, 226191
2018-02-02, 39.2000, 39.3170, 37.8000, 38.0500, 544664
2018-02-05, 37.6000, 38.6500, 36.3500, 36.9500, 540330
2018-02-06, 36.0500, 38.0000, 35.6000, 37.7600, 635207
2018-02-07, 38.3500, 38.3500, 36.0000, 36.4000, 977789
2018-02-08, 36.2500, 36.2500, 34.0500, 34.2000, 1868514
2018-02-09, 34.7000, 35.6500, 34.1500, 35.3000, 1062796
2018-02-12, 35.6000, 36.0500, 35.0000, 35.8000, 532480
2018-02-13, 34.1000, 34.2500, 33.0500, 33.3500, 724920
2018-02-14, 33.0000, 34.3500, 32.5500, 34.2000, 635196
2018-02-15, 34.4000, 34.5000, 33.0500, 33.1000, 530979
2018-02-16, 32.9000, 34.0000, 32.9000, 33.4500, 480840
2018-02-20, 33.3500, 33.7500, 33.1000, 33.5000, 366755
2018-02-21, 33.6000, 35.6500, 33.6000, 34.4500, 781475
2018-02-22, 34.6000, 34.9000, 33.6000, 33.7000, 625954
2018-02-23, 33.8000, 34.7000, 33.4500, 34.1000, 590310
2018-02-26, 34.2500, 34.8000, 34.1000, 34.7500, 370089
2018-02-27, 34.9000, 35.2000, 33.3000, 33.4000, 586420
2018-02-28, 33.5500, 34.3000, 33.3000, 33.7500, 808071
2018-03-01, 33.6500, 33.8000, 32.4000, 32.7000, 663361
2018-03-02, 32.4500, 33.0000, 31.8000, 32.8000, 505014
2018-03-05, 32.6000, 33.5000, 32.5010, 33.3500, 311563
2018-03-06, 33.5000, 33.8500, 33.0000, 33.6500, 264572
2018-03-07, 33.2000, 33.7500, 33.1500, 33.4500, 288987
2018-03-08, 33.6000, 34.0000, 33.1500, 33.3500, 291375
2018-03-09, 33.7500, 34.7000, 33.7000, 34.4500, 410589
2018-03-12, 34.4500, 34.9250, 34.1000, 34.2500, 258040
2018-03-13, 34.5000, 34.7500, 33.6750, 33.7500, 205573
2018-03-14, 33.9500, 34.0500, 33.3000, 33.4000, 262021
2018-03-15, 33.4000, 33.5500, 33.1500, 33.2500, 180596
2018-03-16, 33.4000, 34.0500, 33.3500, 33.8000, 411815
2018-03-19, 33.7000, 33.8000, 33.2000, 33.6500, 274669
2018-03-20, 33.7000, 34.3000, 33.7000, 34.1500, 278491
2018-03-21, 34.0500, 34.8000, 33.9187, 34.3500, 217088
2018-03-22, 33.9000, 34.1000, 33.1500, 33.1500, 332856
2018-03-23, 33.3000, 33.5000, 32.7500, 32.8000, 296959
2018-03-26, 33.3500, 34.1000, 33.0250, 33.9500, 344952
2018-03-27, 34.1500, 34.1500, 32.8000, 33.0000, 217750
2018-03-28, 33.1000, 33.2000, 32.6000, 32.7500, 298007
2018-03-29, 32.9500, 33.6500, 32.9500, 33.3000, 305957
2018-04-02, 32.9000, 32.9000, 31.3500, 32.0000, 505268
2018-04-03, 32.2500, 32.6000, 31.9500, 32.4000, 253494
2018-04-04, 31.9000, 33.2500, 31.4510, 33.1500, 303196
2018-04-05, 33.3000, 33.4000, 32.6000, 32.8500, 257216
2018-04-06, 32.5000, 32.9000, 32.0000, 32.1500, 423748
2018-04-09, 32.3000, 32.8000, 31.8750, 32.0500, 293262
2018-04-10, 32.7000, 33.2500, 32.4500, 32.9000, 252202
2018-04-11, 32.3000, 32.5000, 32.0000, 32.4500, 254196
2018-04-12, 32.7000, 33.4000, 32.4982, 33.1500, 330995
2018-04-13, 33.4000, 33.4000, 32.3000, 32.6500, 579177
2018-04-16, 32.9500, 33.1500, 32.6500, 32.8500, 337521
2018-04-17, 33.2000, 33.9500, 33.0500, 33.5500, 361676
2018-04-18, 33.6000, 33.8500, 33.4000, 33.4000, 345174
2018-04-19, 33.4000, 33.5500, 32.8500, 32.9500, 251148
2018-04-20, 32.8500, 32.9500, 32.3500, 32.5500, 325478
2018-04-23, 32.6000, 32.9500, 32.3500, 32.6500, 286105
2018-04-24, 32.9000, 33.1500, 32.2500, 32.4500, 273355
2018-04-25, 32.4500, 32.6500, 31.9500, 32.3500, 352083
2018-04-26, 32.5500, 32.7106, 32.2500, 32.5500, 339924
2018-04-27, 32.5000, 32.8250, 32.3500, 32.5000, 237397
2018-04-30, 32.6000, 32.6500, 32.0000, 32.1500, 391110
2018-05-01, 32.0000, 32.2500, 31.4500, 32.0500, 506539
2018-05-02, 32.2500, 32.6000, 31.7500, 32.1000, 476053
2018-05-03, 31.8000, 32.0500, 31.2500, 31.8500, 443484
2018-05-04, 31.6000, 32.7000, 31.4500, 32.4000, 380280
2018-05-07, 32.6500, 33.0500, 32.5500, 32.9500, 301028
2018-05-08, 32.9000, 33.1500, 32.7750, 32.9500, 292465
2018-05-09, 33.2000, 33.3000, 32.5000, 33.2500, 341193
2018-05-10, 33.3000, 33.9000, 33.1500, 33.3000, 353753
2018-05-11, 33.3000, 33.4500, 32.8000, 33.0500, 303564
2018-05-14, 33.2000, 33.3500, 32.7500, 33.0500, 285237
2018-05-15, 32.9500, 33.0000, 32.5500, 32.7500, 328309
2018-05-16, 32.1500, 32.9500, 32.1500, 32.5000, 329830
2018-05-17, 32.5000, 33.0000, 32.5000, 32.7000, 307466
2018-05-18, 32.8000, 32.8000, 32.4500, 32.7000, 208292
2018-05-21, 32.9000, 33.0500, 32.8500, 32.9500, 186343
2018-05-22, 33.0500, 33.1500, 32.8500, 32.9500, 240970
2018-05-23, 32.7500, 33.4000, 32.7485, 33.3000, 329900
2018-05-24, 33.2000, 33.2000, 32.6500, 33.1500, 160954
2018-05-25, 32.9500, 33.3000, 32.8500, 33.1000, 181554
2018-05-29, 32.7000, 32.8846, 31.7500, 32.0000, 416574
2018-05-30, 32.3000, 32.7500, 32.1500, 32.4500, 247084
2018-05-31, 32.4000, 32.6000, 32.0500, 32.3000, 329175
2018-06-01, 32.7000, 33.2000, 32.4000, 32.8500, 239441
2018-06-04, 32.9000, 32.9500, 32.6000, 32.7000, 191875
2018-06-05, 32.6500, 32.8000, 32.3500, 32.7000, 194797
2018-06-06, 32.7500, 33.0000, 32.6000, 32.9500, 277231
2018-06-07, 33.1000, 33.2500, 32.7500, 33.1500, 258514
2018-06-08, 33.0000, 33.3500, 32.9000, 33.1000, 263237
2018-06-11, 33.2500, 33.4000, 33.0000, 33.2500, 274650
2018-06-12, 33.1500, 33.3000, 32.6000, 32.8000, 239987
2018-06-13, 32.8000, 33.0500, 32.3000, 32.6000, 522065
2018-06-14, 32.6500, 32.7000, 32.2000, 32.3000, 308347
2018-06-15, 32.1000, 32.3000, 31.9000, 32.2500, 452681
2018-06-18, 32.0500, 32.1000, 31.7500, 32.0000, 235138
2018-06-19, 31.7000, 32.1000, 31.4250, 32.0500, 334587
2018-06-20, 32.4000, 32.4000, 31.9000, 32.0000, 347482
2018-06-21, 31.9500, 32.0500, 31.4500, 31.5500, 197430
2018-06-22, 31.9000, 32.1500, 31.6500, 31.9000, 669870
2018-06-25, 31.8000, 32.2500, 31.4500, 31.9500, 362648
2018-06-26, 31.7000, 32.1000, 30.3000, 30.3500, 374395
2018-06-27, 30.3000, 30.3000, 29.5500, 29.7000, 434313
2018-06-28, 29.6500, 30.0500, 29.6000, 29.8000, 308203
2018-06-29, 30.0000, 30.4500, 29.9500, 30.1500, 379537
2018-07-02, 29.8000, 30.4000, 29.8000, 30.4000, 193503
2018-07-03, 30.5000, 30.6000, 30.0500, 30.1000, 73401
2018-07-05, 30.3500, 30.7000, 30.0500, 30.6000, 206620
2018-07-06, 30.6000, 30.9500, 30.4500, 30.5500, 137139
2018-07-09, 30.6000, 31.1556, 30.6000, 31.0000, 169063
2018-07-10, 31.2000, 31.4500, 31.0000, 31.4500, 157130
2018-07-11, 31.1500, 31.4500, 30.8500, 30.9000, 216321
2018-07-12, 31.1500, 31.2000, 30.6500, 31.1500, 215059
2018-07-13, 30.7500, 31.0750, 30.6500, 30.7000, 269821
2018-07-16, 30.7500, 31.1500, 30.6250, 31.1000, 211572
2018-07-17, 31.1000, 31.3000, 30.9000, 31.1000, 156285
2018-07-18, 31.0500, 31.6000, 30.9000, 31.5000, 253206
2018-07-19, 31.3000, 31.8250, 31.1500, 31.6500, 281928
2018-07-20, 31.6500, 31.6500, 31.4000, 31.4500, 177664
2018-07-23, 31.5000, 32.2500, 31.4500, 32.1500, 260750
2018-07-24, 32.3500, 32.7500, 32.1500, 32.4000, 297649
2018-07-25, 32.4000, 32.5500, 31.9000, 32.5500, 155804
2018-07-26, 32.6000, 33.3500, 32.4500, 32.7500, 325763
2018-07-27, 32.8500, 32.9500, 32.1500, 32.9000, 297758
2018-07-30, 33.0000, 34.0000, 32.9000, 33.9000, 342865
2018-07-31, 34.1000, 34.8000, 33.9500, 34.4500, 503469
2018-08-01, 34.3500, 35.5000, 32.4500, 32.6500, 477217
2018-08-02, 32.3500, 32.8500, 32.0000, 32.4500, 365556
2018-08-03, 32.7000, 33.7000, 32.7000, 33.7000, 359726
2018-08-06, 33.7000, 34.0000, 33.4500, 33.8000, 187530
2018-08-07, 34.0500, 34.7000, 33.7500, 34.3500, 232682
2018-08-08, 34.3000, 34.7500, 33.9990, 34.5500, 240623
2018-08-09, 34.6000, 34.7500, 34.2500, 34.5000, 213033
2018-08-10, 34.3500, 34.4000, 33.2000, 33.9000, 296595
2018-08-13, 33.9500, 34.1500, 33.2000, 33.2000, 309111
2018-08-14, 33.4500, 33.8500, 32.8500, 33.1500, 416537
2018-08-15, 32.9500, 33.2000, 32.3500, 32.6000, 369941
2018-08-16, 32.0000, 32.4500, 31.7000, 32.2000, 340373
2018-08-17, 32.0500, 33.5000, 32.0000, 32.4000, 252404
2018-08-20, 32.4500, 33.0500, 32.2500, 32.7500, 191894
2018-08-21, 32.7500, 33.4000, 32.7500, 33.2500, 262920
2018-08-22, 33.2000, 33.3500, 32.7000, 33.3500, 225210
2018-08-23, 33.4000, 33.6000, 32.5500, 32.6500, 208625
2018-08-24, 32.7500, 33.1000, 32.5000, 32.9500, 262756
2018-08-27, 33.1000, 33.8000, 33.1000, 33.4000, 200849
2018-08-28, 33.5500, 33.7000, 33.3456, 33.5500, 216223
2018-08-29, 33.5500, 33.8500, 33.0500, 33.7000, 223381
2018-08-30, 33.5500, 33.9000, 32.9500, 33.0000, 204625
2018-08-31, 32.8000, 33.2000, 32.6500, 33.1500, 193878
2018-09-04, 33.1500, 33.2000, 32.1500, 32.6000, 371916
2018-09-05, 32.5500, 33.2500, 32.5000, 33.0500, 246692
2018-09-06, 33.1500, 33.2500, 32.7250, 33.2000, 246646
2018-09-07, 33.1000, 33.2000, 32.8500, 33.0000, 184467
2018-09-10, 33.2500, 33.6500, 33.1000, 33.2000, 142321
2018-09-11, 33.0000, 33.2000, 32.6500, 32.7000, 165070
2018-09-12, 32.6000, 32.7000, 31.9750, 32.1000, 319473
2018-09-13, 32.1000, 32.3500, 31.4000, 31.9000, 364953
2018-09-14, 32.0000, 32.9500, 31.9000, 32.5500, 204723
2018-09-17, 32.6000, 32.8000, 32.0500, 32.1500, 222521
2018-09-18, 32.1500, 32.4000, 32.0500, 32.3500, 269448
2018-09-19, 32.4000, 33.5000, 32.3750, 33.3000, 222812
2018-09-20, 33.5000, 33.7000, 32.7500, 33.2000, 240164
2018-09-21, 33.2500, 33.4500, 33.2000, 33.3500, 406497
2018-09-24, 33.3500, 33.4500, 33.0500, 33.2500, 192683
2018-09-25, 33.4500, 33.4500, 32.9500, 33.1000, 238679
2018-09-26, 33.2000, 33.4500, 32.8000, 32.8500, 227727
2018-09-27, 32.9000, 33.1000, 32.6000, 32.8500, 302484
2018-09-28, 32.6500, 32.9500, 32.1500, 32.4000, 249630
2018-10-01, 32.3000, 32.3800, 31.6900, 31.9100, 390032
2018-10-02, 31.8500, 32.0700, 31.5225, 31.8200, 276949
2018-10-03, 32.0800, 32.3000, 31.8350, 32.0700, 448365
2018-10-04, 32.0800, 32.4900, 31.8200, 32.0500, 635809
2018-10-05, 32.0900, 32.4500, 31.9800, 32.0300, 296618
2018-10-08, 32.0300, 32.3800, 31.9700, 32.0200, 397961
2018-10-09, 31.7500, 32.1500, 31.3900, 31.4600, 498361
2018-10-10, 31.8500, 32.4000, 30.9700, 31.0300, 820991
2018-10-11, 30.9000, 30.9560, 29.4100, 29.6100, 464968
2018-10-12, 30.1000, 30.2600, 28.3700, 28.8600, 387592
2018-10-15, 28.8100, 29.4200, 28.5600, 29.2200, 331576
2018-10-16, 29.3100, 29.5900, 28.8900, 29.5300, 352981
2018-10-17, 29.5800, 29.9300, 29.0500, 29.9100, 312435
2018-10-18, 29.6400, 29.6400, 28.3400, 28.4700, 327896
2018-10-19, 28.4600, 28.7800, 28.1200, 28.3100, 522169
2018-10-22, 28.3800, 28.8700, 28.2500, 28.4700, 310282
2018-10-23, 27.8500, 28.4800, 27.6200, 28.1900, 319403
2018-10-24, 28.2500, 28.3000, 27.0800, 27.1300, 347162
2018-10-25, 27.3100, 28.1100, 27.1400, 27.8700, 459474
2018-10-26, 27.4100, 28.1100, 27.1200, 27.7800, 265447
2018-10-29, 28.2600, 28.5500, 27.5500, 27.8700, 211671
2018-10-30, 28.0500, 28.6200, 27.7600, 28.5300, 318541
2018-10-31, 28.9500, 29.2600, 27.2600, 27.4100, 918521
2018-11-01, 27.1200, 27.6500, 26.2900, 27.1000, 648506
2018-11-02, 27.3600, 27.6200, 26.6700, 26.7000, 471319
2018-11-05, 26.7500, 27.3400, 26.5900, 26.9600, 302944
2018-11-06, 26.9400, 27.2450, 26.6800, 27.1700, 355221
2018-11-07, 27.3100, 27.7100, 26.9100, 27.7100, 222132
2018-11-08, 27.5900, 27.9100, 27.1700, 27.3600, 324289
2018-11-09, 27.2500, 27.3688, 26.6100, 27.1900, 203937
