2015-06-09, 3.5000, 4.0000, 3.5000, 4.0000, 12161
2015-06-10, 4.5000, 4.5000, 4.4000, 4.4800, 6480
2015-06-11, 4.5000, 4.5000, 4.5000, 4.5000, 300
2015-06-12, 4.5000, 4.5000, 4.5000, 4.5000, 1007
2015-06-15, 4.5000, 4.5000, 3.5000, 3.7500, 3500
2015-06-16, 4.0000, 4.0000, 3.6000, 4.0000, 1270
2015-06-17, 3.0500, 3.7400, 3.0000, 3.2000, 4639
2015-06-18, 3.1600, 3.2500, 3.1600, 3.2500, 1900
2015-06-19, 3.2500, 3.2500, 3.2500, 3.2500, 0
2015-06-22, 3.2500, 3.2500, 3.2500, 3.2500, 1106
2015-06-23, 3.4900, 3.4900, 3.2500, 3.2500, 1535
2015-06-24, 3.2500, 3.5400, 3.2499, 3.2499, 1600
2015-06-25, 2.7500, 2.8500, 2.5100, 2.6500, 378725
2015-06-26, 2.7000, 2.7000, 2.5500, 2.7000, 122904
2015-06-29, 2.7000, 2.7000, 2.5200, 2.5999, 13049
2015-06-30, 2.7000, 2.7000, 2.5600, 2.5601, 14159
2015-07-01, 2.5500, 2.5600, 2.5172, 2.5500, 3693
2015-07-02, 2.4200, 2.4200, 2.1900, 2.3400, 37211
2015-07-06, 2.3200, 2.4900, 2.1000, 2.3500, 58255
2015-07-07, 2.5000, 2.5000, 2.2500, 2.3600, 14630
2015-07-08, 2.2000, 2.3300, 2.2000, 2.3300, 1549
2015-07-09, 2.2100, 2.4500, 2.2100, 2.4500, 16804
2015-07-10, 2.3000, 2.7000, 2.2100, 2.5000, 42789
2015-07-13, 2.7500, 2.7500, 2.4500, 2.5300, 14996
2015-07-14, 2.6500, 2.6500, 2.2500, 2.3400, 33614
2015-07-15, 2.5100, 2.5100, 2.2550, 2.3400, 33517
2015-07-16, 2.4362, 2.4362, 2.1600, 2.2300, 44938
2015-07-17, 2.2000, 2.5700, 2.2000, 2.2100, 27171
2015-07-20, 2.2000, 2.2501, 2.1600, 2.1600, 17573
2015-07-21, 2.2000, 2.3100, 2.1101, 2.2200, 46502
2015-07-22, 2.2501, 2.2501, 2.2501, 2.2501, 486
2015-07-23, 2.3000, 2.3100, 1.8200, 1.9700, 52573
2015-07-24, 2.0300, 2.0500, 2.0000, 2.0500, 34741
2015-07-27, 2.1000, 2.4900, 2.0000, 2.1200, 57257
2015-07-28, 2.1800, 2.4000, 2.0300, 2.1800, 73012
2015-07-29, 2.2500, 2.2800, 2.0600, 2.0600, 9398
2015-07-30, 2.3400, 2.3400, 2.1000, 2.2699, 92030
2015-07-31, 2.2599, 2.2600, 2.1300, 2.1800, 13661
2015-08-03, 2.2500, 2.2500, 2.1500, 2.1500, 10641
2015-08-04, 2.2100, 2.2200, 2.1500, 2.2100, 11285
2015-08-05, 2.2099, 2.2200, 2.0500, 2.1199, 46563
2015-08-06, 2.0700, 2.2000, 1.8300, 1.9500, 174388
2015-08-07, 1.9500, 1.9500, 1.8300, 1.8300, 22611
2015-08-10, 1.8100, 1.8500, 1.4000, 1.6700, 22801
2015-08-11, 1.5700, 1.7700, 1.4800, 1.7700, 32898
2015-08-12, 1.6000, 1.8800, 1.5600, 1.8500, 23771
2015-08-13, 1.9800, 1.9800, 1.8000, 1.8500, 12960
2015-08-14, 1.8500, 1.8800, 1.6200, 1.8700, 4650
2015-08-17, 1.8700, 1.8700, 1.6000, 1.8500, 60216
2015-08-18, 1.8499, 1.8500, 1.6500, 1.7700, 36313
2015-08-19, 1.7500, 1.7700, 1.5600, 1.6200, 62063
2015-08-20, 1.7399, 1.7399, 1.6100, 1.7000, 4268
2015-08-21, 1.6924, 1.8000, 1.5000, 1.8000, 15316
2015-08-24, 1.6500, 1.6800, 1.3900, 1.6300, 68271
2015-08-25, 1.7900, 1.7900, 1.5100, 1.6700, 14871
2015-08-26, 1.7432, 1.7432, 1.2000, 1.4200, 111677
2015-08-27, 1.4200, 1.4700, 1.3039, 1.4700, 41344
2015-08-28, 1.4900, 1.4900, 1.3000, 1.3300, 15720
2015-08-31, 1.4500, 1.4699, 1.3800, 1.4200, 5791
2015-09-01, 1.4400, 1.4499, 1.2530, 1.3300, 15087
2015-09-02, 1.3700, 1.4500, 1.3300, 1.3900, 8136
2015-09-03, 1.5000, 1.5000, 1.2800, 1.4300, 16209
2015-09-04, 1.4800, 1.5500, 1.4001, 1.4500, 31720
2015-09-08, 1.6500, 1.6600, 1.4607, 1.4900, 43472
2015-09-09, 1.6100, 1.6100, 1.4600, 1.5200, 23210
2015-09-10, 1.5600, 1.5600, 1.4000, 1.4600, 31654
2015-09-11, 1.4900, 1.8900, 1.4900, 1.8700, 51842
2015-09-14, 1.9500, 2.2500, 1.8500, 2.0100, 228376
2015-09-15, 2.1500, 2.1500, 1.7000, 1.8000, 89847
2015-09-16, 1.9500, 1.9500, 1.7200, 1.8400, 63301
2015-09-17, 1.8500, 1.8500, 1.6800, 1.6800, 54601
2015-09-18, 1.6800, 1.7499, 1.5000, 1.5000, 83393
2015-09-21, 1.6000, 1.7000, 1.5200, 1.6000, 44928
2015-09-22, 1.6600, 1.6600, 1.5000, 1.5000, 30187
2015-09-23, 1.5900, 1.6486, 1.3800, 1.5000, 22991
2015-09-24, 1.4700, 1.5000, 1.4200, 1.4300, 45720
2015-09-25, 1.4500, 1.4500, 1.3800, 1.4300, 10750
2015-09-28, 1.4300, 1.4300, 1.0600, 1.0800, 43168
2015-09-29, 1.0100, 1.1500, 0.9100, 1.0499, 60501
2015-09-30, 1.0200, 1.1400, 0.9800, 1.0300, 22399
2015-10-01, 1.1000, 1.1000, 1.0500, 1.0936, 12019
2015-10-02, 1.0910, 1.1600, 1.0800, 1.1300, 35592
2015-10-05, 1.1900, 1.2390, 1.1300, 1.1600, 18640
2015-10-06, 1.1800, 1.2221, 1.1800, 1.2200, 39768
2015-10-07, 1.2700, 1.3200, 1.2400, 1.2800, 40835
2015-10-08, 1.3497, 1.3497, 1.0800, 1.2000, 95846
2015-10-09, 1.2900, 1.3000, 1.1800, 1.1900, 26115
2015-10-12, 1.1800, 1.2360, 1.1600, 1.2032, 6533
2015-10-13, 1.2999, 1.2999, 1.1601, 1.2500, 6008
2015-10-14, 1.3000, 1.3600, 1.1600, 1.1600, 28248
2015-10-15, 1.2500, 1.2899, 1.1800, 1.2100, 19574
2015-10-16, 1.1600, 1.6500, 1.1600, 1.2200, 85432
2015-10-19, 1.1700, 1.2200, 1.1700, 1.2100, 20565
2015-10-20, 1.2600, 1.2600, 1.1500, 1.1500, 15901
2015-10-21, 1.1600, 1.1999, 1.1000, 1.1000, 16184
2015-10-22, 1.1000, 1.1162, 1.0000, 1.0500, 10493
2015-10-23, 1.0100, 1.1600, 1.0100, 1.0400, 29158
2015-10-26, 1.0900, 1.0972, 1.0100, 1.0500, 13003
2015-10-27, 1.0405, 1.1350, 1.0405, 1.1000, 32783
2015-10-28, 1.1184, 1.1551, 1.0500, 1.0501, 13269
2015-10-29, 1.0500, 1.3700, 1.0000, 1.1500, 129774
2015-10-30, 1.0800, 1.1200, 1.0700, 1.0700, 9700
2015-11-02, 1.1200, 1.1500, 1.0200, 1.0600, 10933
2015-11-03, 1.0535, 1.1400, 1.0535, 1.1400, 51489
2015-11-04, 1.2000, 1.2500, 1.0000, 1.2000, 54204
2015-11-05, 1.1740, 1.1740, 1.0900, 1.1100, 2338
2015-11-06, 1.0300, 1.3100, 0.9900, 1.1400, 133053
2015-11-09, 1.1500, 1.1700, 1.1400, 1.1600, 17688
2015-11-10, 1.1900, 1.2000, 1.1000, 1.1900, 11302
2015-11-11, 1.1200, 1.1300, 1.0700, 1.1200, 23707
2015-11-12, 1.1900, 1.2000, 1.1400, 1.1900, 24136
2015-11-13, 1.1205, 1.1400, 1.1200, 1.1400, 6109
2015-11-16, 1.1000, 1.1800, 1.0600, 1.1800, 5130
2015-11-17, 1.1400, 1.1800, 1.1000, 1.1800, 5446
2015-11-18, 1.1200, 1.1200, 1.0800, 1.0800, 61226
2015-11-19, 1.1500, 1.1500, 1.1200, 1.1300, 810
2015-11-20, 1.1340, 1.1600, 1.1200, 1.1200, 36298
2015-11-23, 1.1599, 1.1600, 1.1300, 1.1301, 5403
2015-11-24, 1.1700, 1.1700, 1.1300, 1.1300, 2459
2015-11-25, 1.1900, 1.2400, 1.1000, 1.1000, 18447
2015-11-27, 1.1000, 1.1900, 1.0860, 1.1900, 6321
2015-11-30, 1.2100, 1.3000, 1.1500, 1.2900, 24193
2015-12-01, 1.2900, 1.2900, 1.1700, 1.2899, 27213
2015-12-02, 1.2400, 1.4600, 1.2400, 1.3500, 21846
2015-12-03, 1.3000, 1.3500, 1.1400, 1.2300, 60073
2015-12-04, 1.2900, 1.2999, 1.1800, 1.1800, 2852
2015-12-07, 1.1600, 1.2000, 1.1600, 1.2000, 645
2015-12-08, 1.1501, 1.1620, 1.1500, 1.1600, 6904
2015-12-09, 1.1800, 1.2400, 1.1200, 1.1500, 20456
2015-12-10, 1.1401, 1.1500, 1.1100, 1.1500, 2574
2015-12-11, 1.3100, 2.7500, 1.2400, 1.7600, 8524973
2015-12-14, 1.8600, 2.4000, 1.8400, 2.2300, 3907635
2015-12-15, 2.0500, 2.0700, 1.6100, 1.8100, 844362
2015-12-16, 1.6500, 1.7889, 1.5120, 1.5800, 206782
2015-12-17, 1.7700, 1.7700, 1.5700, 1.6100, 102535
2015-12-18, 1.6000, 1.6800, 1.5100, 1.5600, 83345
2015-12-21, 1.5508, 1.5600, 1.3300, 1.3900, 280542
2015-12-22, 1.3900, 1.4800, 1.3050, 1.4800, 229266
2015-12-23, 1.4800, 1.8300, 1.4100, 1.7500, 681373
2015-12-24, 1.8900, 1.8900, 1.5200, 1.5700, 139399
2015-12-28, 1.6500, 1.6700, 1.4500, 1.4700, 83753
2015-12-29, 1.6000, 1.6000, 1.4400, 1.5000, 85588
2015-12-30, 1.5900, 1.5900, 1.4600, 1.5000, 69784
2015-12-31, 1.4600, 1.5200, 1.4589, 1.5200, 59092
2016-01-04, 1.5700, 1.5700, 1.4200, 1.5500, 92456
2016-01-05, 1.5800, 1.5800, 1.4200, 1.4200, 24324
2016-01-06, 1.4200, 1.5800, 1.4200, 1.4800, 124185
2016-01-07, 1.4400, 1.5489, 1.4300, 1.5000, 58670
2016-01-08, 1.5490, 1.5800, 1.4300, 1.4900, 56647
2016-01-11, 1.4400, 1.9500, 1.4300, 1.9500, 154740
2016-01-12, 1.7300, 1.7900, 1.5900, 1.5900, 86285
2016-01-13, 1.5600, 1.5700, 1.4600, 1.4700, 47497
2016-01-14, 1.4800, 1.6700, 1.4600, 1.5600, 96574
2016-01-15, 1.5200, 1.6400, 1.5000, 1.5000, 39441
2016-01-19, 1.4700, 1.7300, 1.4600, 1.4705, 42065
2016-01-20, 1.4700, 1.4900, 1.4400, 1.4500, 49530
2016-01-21, 1.4300, 1.7399, 1.4300, 1.6200, 149311
2016-01-22, 1.6200, 1.7100, 1.6000, 1.6300, 205144
2016-01-25, 1.6000, 1.7100, 1.4700, 1.5400, 127277
2016-01-26, 1.5300, 1.5800, 1.5001, 1.5500, 5075
2016-01-27, 1.5400, 1.6900, 1.4000, 1.4600, 54334
2016-01-28, 1.5900, 1.6000, 1.4500, 1.5600, 26862
2016-01-29, 1.7500, 1.8400, 1.5600, 1.7800, 131909
2016-02-01, 1.7500, 1.7500, 1.6100, 1.6800, 12263
2016-02-02, 1.7000, 1.7800, 1.5550, 1.6500, 27409
2016-02-03, 1.6710, 1.6800, 1.5800, 1.5802, 37119
2016-02-04, 1.5800, 1.6567, 1.5700, 1.6500, 8180
2016-02-05, 1.6500, 1.6500, 1.5900, 1.5900, 6108
2016-02-08, 1.5900, 1.6400, 1.5800, 1.6400, 3713
2016-02-09, 1.6000, 1.6100, 1.5000, 1.5500, 22882
2016-02-10, 1.5640, 1.6500, 1.5190, 1.6400, 3463
2016-02-11, 1.6100, 1.6200, 1.5200, 1.5500, 51931
2016-02-12, 1.5569, 1.5800, 1.5100, 1.5800, 3637
2016-02-16, 1.5800, 1.6000, 1.4900, 1.6000, 19196
2016-02-17, 1.6000, 1.6000, 1.5500, 1.5700, 9062
2016-02-18, 1.5500, 1.5500, 1.5100, 1.5300, 10316
2016-02-19, 1.5590, 1.5700, 1.5000, 1.5000, 12292
2016-02-22, 1.5499, 1.5720, 1.4900, 1.4900, 43398
2016-02-23, 1.5300, 1.5600, 1.5000, 1.5100, 16430
2016-02-24, 1.5164, 1.5500, 1.5000, 1.5000, 90511
2016-02-25, 1.5500, 1.5600, 1.5000, 1.5100, 11525
2016-02-26, 1.5288, 1.5600, 1.5200, 1.5300, 21560
2016-02-29, 1.5800, 1.5800, 1.5500, 1.5500, 2152
2016-03-01, 1.5504, 1.5800, 1.5500, 1.5500, 8786
2016-03-02, 1.5649, 1.5700, 1.5500, 1.5600, 15389
2016-03-03, 1.5720, 1.5900, 1.5000, 1.5500, 27558
2016-03-04, 1.5400, 1.5600, 1.4900, 1.5100, 28600
2016-03-07, 1.5300, 1.5600, 1.5300, 1.5400, 14035
2016-03-08, 1.5400, 1.5400, 1.5000, 1.5000, 10083
2016-03-09, 1.5300, 1.5300, 1.4900, 1.5100, 23974
2016-03-10, 1.5210, 1.5300, 1.4900, 1.4900, 33671
2016-03-11, 1.5300, 1.5300, 1.4600, 1.4700, 1505
2016-03-14, 1.4800, 1.5000, 1.4290, 1.4300, 49110
2016-03-15, 1.4400, 1.4800, 1.3100, 1.3500, 23336
2016-03-16, 1.3500, 1.4800, 1.3500, 1.3700, 10285
2016-03-17, 1.4040, 1.4040, 1.3300, 1.3300, 8520
2016-03-18, 1.3400, 1.4550, 1.3400, 1.3500, 27108
2016-03-21, 1.4600, 1.5000, 1.4600, 1.5000, 23861
2016-03-22, 1.5000, 1.5000, 1.4700, 1.4700, 7573
2016-03-23, 1.5000, 1.5000, 1.4700, 1.4900, 2129
2016-03-24, 1.4600, 1.4800, 1.4600, 1.4700, 15104
2016-03-28, 1.5000, 1.5000, 1.4700, 1.4700, 15991
2016-03-29, 1.2000, 1.2800, 1.0000, 1.0600, 542863
2016-03-30, 1.0800, 1.0800, 1.0100, 1.0700, 134911
2016-03-31, 1.0900, 1.0900, 1.0400, 1.0900, 65013
2016-04-01, 1.0900, 1.0900, 1.0600, 1.0600, 106998
2016-04-04, 1.0600, 1.0800, 1.0000, 1.0300, 192362
2016-04-05, 1.0127, 1.0300, 1.0000, 1.0000, 119550
2016-04-06, 1.0200, 1.0200, 0.9500, 0.9850, 69051
2016-04-07, 1.0300, 1.0300, 0.9501, 0.9501, 69864
2016-04-08, 0.9600, 1.0200, 0.9280, 0.9280, 44272
2016-04-11, 0.9301, 1.0500, 0.8600, 0.8900, 213005
2016-04-12, 0.9170, 0.9750, 0.8500, 0.8700, 83128
2016-04-13, 0.8999, 0.9300, 0.8600, 0.8700, 48143
2016-04-14, 0.8500, 0.8900, 0.8500, 0.8501, 38941
2016-04-15, 0.8900, 0.9499, 0.8500, 0.8500, 53428
2016-04-18, 0.8760, 0.9200, 0.8300, 0.8500, 198858
2016-04-19, 0.8760, 0.8760, 0.8011, 0.8100, 120874
2016-04-20, 0.8269, 0.8499, 0.7500, 0.7800, 158291
2016-04-21, 0.8180, 0.8600, 0.7800, 0.8000, 227075
2016-04-22, 0.8239, 0.9100, 0.8200, 0.8800, 248256
2016-04-25, 0.9060, 0.9300, 0.9060, 0.9275, 168942
2016-04-26, 0.9499, 0.9500, 0.8800, 0.9000, 121519
2016-04-27, 0.8501, 0.8509, 0.7800, 0.8400, 161720
2016-04-28, 0.8100, 0.8410, 0.8000, 0.8410, 51709
2016-04-29, 0.8400, 0.8400, 0.7900, 0.7960, 85673
2016-05-02, 0.7700, 0.8099, 0.7400, 0.7400, 146906
2016-05-03, 0.7563, 0.7600, 0.7300, 0.7350, 29593
2016-05-04, 0.7301, 0.7800, 0.7300, 0.7748, 41194
2016-05-05, 0.7800, 0.7801, 0.7700, 0.7762, 12340
2016-05-06, 0.8000, 0.8000, 0.7508, 0.8000, 59618
2016-05-09, 0.8240, 0.8300, 0.7900, 0.8192, 45571
2016-05-10, 0.7800, 0.8300, 0.7000, 0.7900, 21831
2016-05-11, 0.7661, 0.7699, 0.7400, 0.7570, 19500
2016-05-12, 0.7830, 0.7830, 0.6801, 0.6801, 41993
2016-05-13, 0.6258, 0.6258, 0.6000, 0.6000, 79146
2016-05-16, 0.6001, 0.6500, 0.5800, 0.6000, 44277
2016-05-17, 0.6180, 0.6200, 0.5800, 0.5950, 31968
2016-05-18, 0.6000, 0.6079, 0.5321, 0.5500, 46265
2016-05-19, 0.5340, 0.5500, 0.5102, 0.5200, 27842
2016-05-20, 0.5360, 0.6079, 0.5360, 0.5700, 46127
2016-05-23, 0.6000, 0.6600, 0.5710, 0.5900, 19948
2016-05-24, 0.5900, 0.5999, 0.5846, 0.5990, 33977
2016-05-25, 0.5990, 0.6600, 0.5700, 0.6300, 16297
2016-05-26, 0.6600, 0.6600, 0.6100, 0.6300, 8480
2016-05-27, 0.6300, 0.6447, 0.6200, 0.6300, 35005
2016-05-31, 0.6490, 0.6498, 0.6300, 0.6300, 3884
2016-06-01, 0.6300, 0.6320, 0.6300, 0.6300, 21829
2016-06-02, 0.6500, 0.7700, 0.6350, 0.7100, 46951
2016-06-03, 0.7400, 0.7700, 0.7000, 0.7500, 31580
2016-06-06, 0.7700, 0.7700, 0.7200, 0.7200, 33383
2016-06-07, 0.7200, 0.7700, 0.7016, 0.7700, 22769
2016-06-08, 0.7084, 0.8100, 0.6901, 0.7800, 57757
2016-06-09, 0.7999, 0.8000, 0.7600, 0.7721, 40924
2016-06-10, 0.7899, 0.7899, 0.7300, 0.7600, 12535
2016-06-13, 0.7500, 0.7790, 0.7400, 0.7600, 35439
2016-06-14, 0.7699, 0.7815, 0.7495, 0.7699, 38272
2016-06-15, 0.7400, 0.7600, 0.7400, 0.7400, 40977
2016-06-16, 0.7400, 0.7400, 0.6520, 0.6900, 62686
2016-06-17, 0.6899, 0.7000, 0.6800, 0.6800, 5470
2016-06-20, 0.6800, 0.6800, 0.6300, 0.6401, 10736
2016-06-21, 0.6401, 0.6401, 0.6300, 0.6300, 3341
2016-06-22, 0.6500, 0.6500, 0.6300, 0.6320, 6590
2016-06-23, 0.6300, 0.6480, 0.6000, 0.6000, 30192
2016-06-24, 0.6000, 0.6499, 0.6000, 0.6001, 6408
2016-06-27, 0.6000, 0.6150, 0.6000, 0.6100, 8036
2016-06-28, 0.6100, 0.6100, 0.5094, 0.5900, 21397
2016-06-29, 0.7994, 0.8000, 0.6221, 0.6606, 401249
2016-06-30, 0.6790, 0.6850, 0.5700, 0.6500, 74307
2016-07-01, 0.6551, 0.6700, 0.6400, 0.6500, 37288
2016-07-05, 0.6555, 0.6555, 0.6200, 0.6300, 14580
2016-07-06, 0.6201, 0.6399, 0.6200, 0.6208, 6117
2016-07-07, 0.6210, 0.6298, 0.6200, 0.6216, 11535
2016-07-08, 0.6200, 0.6500, 0.6200, 0.6450, 12210
2016-07-11, 0.6500, 0.6500, 0.6200, 0.6301, 8259
2016-07-12, 0.6500, 0.6500, 0.5860, 0.6070, 43306
2016-07-13, 0.6280, 0.6280, 0.5600, 0.5970, 13964
2016-07-14, 0.5885, 0.6090, 0.5800, 0.5800, 24296
2016-07-15, 0.5800, 0.5800, 0.5000, 0.5500, 45509
2016-07-18, 0.5060, 0.5966, 0.5060, 0.5900, 6532
2016-07-19, 0.6000, 0.6500, 0.5800, 0.6000, 8567
2016-07-20, 0.6300, 0.6398, 0.5015, 0.5800, 145020
2016-07-21, 0.6200, 0.6219, 0.5201, 0.6219, 217615
2016-07-22, 0.6400, 0.8000, 0.6350, 0.7800, 291321
2016-07-25, 0.8190, 0.9700, 0.7900, 0.8990, 295134
2016-07-26, 0.9000, 0.9500, 0.8800, 0.9400, 535757
2016-07-27, 0.9400, 0.9400, 0.8037, 0.8800, 229378
2016-07-28, 0.8800, 0.9000, 0.8300, 0.8600, 164828
2016-07-29, 0.8800, 0.8800, 0.7200, 0.7201, 259511
2016-08-01, 0.6900, 0.7600, 0.6900, 0.7200, 32348
2016-08-02, 0.7300, 0.7906, 0.6688, 0.6690, 39401
2016-08-03, 0.6600, 0.6800, 0.6534, 0.6716, 23451
2016-08-04, 0.6510, 0.7200, 0.6510, 0.7101, 30652
2016-08-05, 0.6890, 0.7008, 0.6802, 0.6803, 13478
2016-08-08, 0.7100, 0.7100, 0.6600, 0.6700, 42598
2016-08-09, 0.6600, 0.6650, 0.6500, 0.6510, 10778
2016-08-10, 0.6310, 0.6800, 0.6310, 0.6800, 25224
2016-08-11, 0.6842, 0.6980, 0.6600, 0.6600, 43705
2016-08-12, 0.6703, 0.6703, 0.5500, 0.6519, 142660
2016-08-15, 0.6320, 0.7500, 0.6020, 0.6800, 223035
2016-08-16, 0.6798, 0.7255, 0.6798, 0.7200, 28053
2016-08-17, 0.7400, 0.8600, 0.7301, 0.8500, 244003
2016-08-18, 0.8101, 0.8400, 0.7120, 0.8160, 157403
2016-08-19, 0.8250, 0.8300, 0.7697, 0.7800, 258053
2016-08-22, 1.1100, 1.2200, 0.8620, 0.9000, 2366299
2016-08-23, 0.8621, 0.8945, 0.8010, 0.8300, 299236
2016-08-24, 0.8600, 0.8795, 0.8041, 0.8400, 282251
2016-08-25, 0.8400, 0.8400, 0.7703, 0.7991, 84867
2016-08-26, 0.8000, 0.8050, 0.7300, 0.7650, 44687
2016-08-29, 0.7500, 0.7832, 0.7300, 0.7400, 54506
2016-08-30, 0.7600, 0.7600, 0.7000, 0.7106, 88855
2016-08-31, 0.7100, 0.7549, 0.7001, 0.7500, 50416
2016-09-01, 0.7880, 0.7880, 0.7098, 0.7200, 31399
2016-09-02, 0.7252, 0.7500, 0.7240, 0.7400, 20393
2016-09-06, 0.7500, 0.8390, 0.7086, 0.7771, 261900
2016-09-07, 0.7700, 0.7999, 0.7035, 0.7400, 79581
2016-09-08, 0.7100, 0.7600, 0.7050, 0.7400, 62360
2016-09-09, 0.7399, 0.7402, 0.7100, 0.7200, 43321
2016-09-12, 0.8000, 0.8110, 0.7000, 0.7250, 147465
2016-09-13, 0.7500, 0.7500, 0.6325, 0.6700, 391409
2016-09-14, 0.7700, 0.7994, 0.7100, 0.7500, 128239
2016-09-15, 0.7600, 0.7600, 0.6900, 0.6903, 34009
2016-09-16, 0.6900, 0.7100, 0.6501, 0.6507, 67562
2016-09-19, 0.7027, 0.7600, 0.6801, 0.7000, 11528
2016-09-20, 0.7000, 0.7000, 0.6600, 0.6900, 32966
2016-09-21, 0.7300, 0.7300, 0.6885, 0.7000, 20771
2016-09-22, 0.7000, 0.7000, 0.6722, 0.6800, 33131
2016-09-23, 0.6998, 0.7200, 0.6498, 0.7100, 25567
2016-09-26, 0.6800, 0.6800, 0.6020, 0.6300, 194749
2016-09-27, 0.6025, 0.6600, 0.6020, 0.6200, 78076
2016-09-28, 0.6199, 0.6575, 0.5900, 0.6000, 184693
2016-09-29, 0.6000, 0.6400, 0.5930, 0.6300, 87302
2016-09-30, 0.6000, 0.6000, 0.5510, 0.5550, 148528
2016-10-03, 0.5985, 0.6000, 0.5500, 0.5570, 120121
2016-10-04, 0.5800, 0.5800, 0.4333, 0.4500, 297550
2016-10-05, 0.4450, 0.4700, 0.4101, 0.4300, 324444
2016-10-06, 0.4800, 0.4900, 0.4145, 0.4196, 169547
2016-10-07, 0.4100, 0.4300, 0.3863, 0.4078, 139283
2016-10-10, 0.4000, 0.4000, 0.3725, 0.3800, 207663
2016-10-11, 0.3800, 0.3998, 0.3605, 0.3798, 112685
2016-10-12, 0.3700, 0.3850, 0.3557, 0.3563, 100324
2016-10-13, 0.3563, 0.3849, 0.3200, 0.3489, 184155
2016-10-14, 0.3600, 0.3850, 0.3400, 0.3400, 194626
2016-10-17, 0.3700, 0.3700, 0.3301, 0.3400, 54728
2016-10-18, 0.3570, 0.3570, 0.3301, 0.3326, 35759
2016-10-19, 0.3327, 0.3400, 0.3200, 0.3277, 88071
2016-10-20, 0.3200, 0.3200, 0.2900, 0.2935, 220022
2016-10-21, 0.2900, 0.3100, 0.2710, 0.2794, 129169
2016-10-24, 0.2760, 0.2850, 0.2710, 0.2800, 133452
2016-10-25, 0.2800, 0.2900, 0.2651, 0.2800, 136739
2016-10-26, 0.3900, 0.3900, 0.2699, 0.2750, 523047
2016-10-27, 0.2708, 0.2785, 0.2700, 0.2749, 161021
2016-10-28, 0.2788, 0.3150, 0.2700, 0.2727, 156840
2016-10-31, 0.2750, 0.3349, 0.2700, 0.3131, 468206
2016-11-01, 0.3100, 0.3145, 0.2900, 0.2900, 94164
2016-11-02, 0.3100, 0.3100, 0.2900, 0.2900, 51053
2016-11-03, 0.3000, 0.3100, 0.2900, 0.3100, 98077
2016-11-04, 0.3000, 0.3100, 0.2813, 0.2813, 38365
2016-11-07, 0.2900, 0.2900, 0.2775, 0.2775, 134361
2016-11-08, 0.2780, 0.2850, 0.2700, 0.2700, 40908
2016-11-09, 0.2700, 0.2800, 0.1883, 0.2005, 422170
2016-11-10, 0.2100, 0.2200, 0.2000, 0.2107, 169032
2016-11-11, 0.2107, 0.2468, 0.2107, 0.2207, 111185
2016-11-14, 0.2215, 0.2599, 0.1883, 0.2000, 227103
2016-11-15, 0.2100, 0.2399, 0.1905, 0.2399, 431467
2016-11-16, 0.2499, 0.2597, 0.2150, 0.2405, 576253
2016-11-17, 0.2500, 0.2900, 0.2500, 0.2800, 320086
2016-11-18, 0.2900, 0.2900, 0.2500, 0.2709, 187795
2016-11-21, 0.2900, 0.3700, 0.2700, 0.3530, 471709
2016-11-22, 0.2839, 0.3400, 0.2500, 0.2996, 3368206
2016-11-23, 0.3100, 0.3100, 0.2601, 0.2619, 1722336
2016-11-25, 0.2700, 0.2748, 0.2600, 0.2740, 808549
2016-11-28, 0.2700, 0.2750, 0.2600, 0.2701, 276439
2016-11-29, 0.2800, 0.2800, 0.2600, 0.2750, 205621
2016-11-30, 0.2900, 0.3500, 0.2601, 0.3100, 1356384
2016-12-01, 0.3300, 0.3300, 0.3012, 0.3100, 288146
2016-12-02, 0.3400, 0.4399, 0.3200, 0.4100, 3644429
2016-12-05, 0.4300, 0.4790, 0.3705, 0.4300, 2655411
2016-12-06, 0.4500, 0.4500, 0.4000, 0.4329, 1199652
2016-12-07, 0.4497, 0.5785, 0.4242, 0.5600, 5029144
2016-12-08, 0.5100, 0.5600, 0.3500, 0.4200, 4515788
2016-12-09, 0.4200, 0.4200, 0.3700, 0.3800, 809708
2016-12-12, 0.3982, 0.4000, 0.3500, 0.3851, 588086
2016-12-13, 0.3850, 0.4480, 0.3800, 0.4029, 2364152
2016-12-14, 0.4800, 0.5700, 0.4230, 0.5180, 8778180
2016-12-15, 0.5295, 0.5300, 0.4008, 0.4251, 5329988
2016-12-16, 0.4300, 0.4500, 0.3800, 0.3975, 1568370
2016-12-19, 0.4000, 0.4050, 0.3599, 0.4004, 946143
2016-12-20, 0.3900, 0.4010, 0.3601, 0.3650, 924022
2016-12-21, 0.3754, 0.3900, 0.3646, 0.3800, 544679
2016-12-22, 0.3690, 0.3999, 0.3680, 0.3975, 490773
2016-12-23, 0.4080, 0.4390, 0.3903, 0.3904, 1460571
2016-12-27, 0.4295, 0.4295, 0.3750, 0.3801, 601626
2016-12-28, 0.3800, 0.3900, 0.3626, 0.3693, 638015
2016-12-29, 0.3650, 0.3863, 0.3500, 0.3846, 710505
2016-12-30, 0.3900, 0.3900, 0.3610, 0.3740, 269069
2017-01-03, 0.3700, 0.3850, 0.3696, 0.3812, 261063
2017-01-04, 0.4000, 0.4100, 0.3900, 0.4001, 469413
2017-01-05, 0.4050, 0.4253, 0.3998, 0.4106, 541571
2017-01-06, 0.4253, 0.4505, 0.4014, 0.4050, 1126697
2017-01-09, 0.4200, 0.4200, 0.3700, 0.3987, 686381
2017-01-10, 0.4200, 0.4200, 0.3703, 0.4059, 667663
2017-01-11, 0.4050, 0.4400, 0.4000, 0.4119, 837281
2017-01-12, 0.4700, 0.4700, 0.3950, 0.4000, 3065269
2017-01-13, 0.4290, 0.4395, 0.3935, 0.4220, 1008232
2017-01-17, 0.4100, 0.4490, 0.4100, 0.4350, 2124651
2017-01-18, 0.4400, 0.4500, 0.4316, 0.4500, 1278790
2017-01-19, 0.4510, 0.4510, 0.4110, 0.4288, 732546
2017-01-20, 0.4100, 0.4389, 0.4100, 0.4317, 279034
2017-01-23, 0.4390, 0.4390, 0.4200, 0.4299, 362903
2017-01-24, 0.4350, 0.4450, 0.4210, 0.4290, 647585
2017-01-25, 0.4200, 0.4497, 0.4200, 0.4290, 662339
2017-01-26, 0.4205, 0.4494, 0.4205, 0.4350, 406080
2017-01-27, 0.4400, 0.4900, 0.4400, 0.4500, 1816928
2017-01-30, 0.4601, 0.5096, 0.4500, 0.4800, 2471577
2017-01-31, 0.4800, 0.5100, 0.4650, 0.4860, 1790796
2017-02-01, 0.5010, 0.5100, 0.4750, 0.5000, 772545
2017-02-02, 0.4990, 0.4990, 0.4290, 0.4870, 1562158
2017-02-03, 0.4870, 0.4900, 0.4550, 0.4850, 577707
2017-02-06, 0.4900, 0.5000, 0.4700, 0.4850, 425302
2017-02-07, 0.4870, 0.4870, 0.4610, 0.4700, 588414
2017-02-08, 0.4680, 0.4680, 0.4510, 0.4550, 690181
2017-02-09, 0.4600, 0.4780, 0.4430, 0.4650, 758641
2017-02-10, 0.4660, 0.4800, 0.4440, 0.4630, 649030
2017-02-13, 0.4800, 0.4800, 0.3850, 0.4310, 1802739
2017-02-14, 0.4400, 0.4400, 0.4100, 0.4210, 422574
2017-02-15, 0.4140, 0.4570, 0.4140, 0.4450, 609292
2017-02-16, 0.4450, 0.4780, 0.4150, 0.4400, 885515
2017-02-17, 0.4480, 0.4550, 0.4300, 0.4500, 414647
2017-02-21, 0.4700, 0.4700, 0.4450, 0.4620, 534574
2017-02-22, 0.4700, 0.4700, 0.4400, 0.4500, 651706
2017-02-23, 0.4500, 0.4500, 0.4300, 0.4360, 501187
2017-02-24, 0.4300, 0.4450, 0.4200, 0.4430, 405284
2017-02-27, 0.4600, 0.4700, 0.4320, 0.4640, 317134
2017-02-28, 0.4420, 0.4790, 0.4420, 0.4600, 359886
2017-03-01, 0.4650, 0.4750, 0.4600, 0.4620, 237163
2017-03-02, 0.4700, 0.4790, 0.4600, 0.4780, 436262
2017-03-03, 0.4790, 0.5000, 0.4580, 0.4700, 1120875
2017-03-06, 0.4800, 0.4850, 0.4600, 0.4700, 519892
2017-03-07, 0.4600, 0.4700, 0.4500, 0.4500, 688572
2017-03-08, 0.4500, 0.4780, 0.4500, 0.4600, 374978
2017-03-09, 0.4680, 0.4700, 0.4400, 0.4500, 641464
2017-03-10, 0.4600, 0.4600, 0.4400, 0.4400, 381754
2017-03-13, 0.4600, 0.5100, 0.4350, 0.4750, 1949469
2017-03-14, 0.4700, 0.4800, 0.4600, 0.4750, 391387
2017-03-15, 0.4800, 0.5700, 0.4650, 0.5400, 4716620
2017-03-16, 0.5600, 0.6100, 0.5240, 0.5530, 6549475
2017-03-17, 0.5700, 0.5800, 0.5120, 0.5250, 1431019
2017-03-20, 0.5490, 0.5490, 0.4650, 0.5100, 1329373
2017-03-21, 0.4900, 0.5180, 0.4750, 0.4940, 662275
2017-03-22, 0.4900, 0.5200, 0.4610, 0.4970, 743215
2017-03-23, 0.5290, 0.5600, 0.5010, 0.5500, 1517147
2017-03-24, 0.5400, 0.5500, 0.4720, 0.4900, 889502
2017-03-27, 0.5000, 0.5400, 0.4900, 0.5190, 1106694
2017-03-28, 0.5380, 0.5690, 0.5030, 0.5400, 1860985
2017-03-29, 0.5200, 0.5500, 0.5100, 0.5200, 582585
2017-03-30, 0.5300, 0.5310, 0.5000, 0.5100, 916883
2017-03-31, 0.5200, 0.5400, 0.5010, 0.5050, 539301
2017-04-03, 0.5500, 0.5500, 0.5020, 0.5040, 921437
2017-04-04, 0.5280, 0.5280, 0.5000, 0.5060, 565310
2017-04-05, 0.5180, 0.5300, 0.5030, 0.5200, 647739
2017-04-06, 0.5400, 0.6000, 0.5210, 0.6000, 4458431
2017-04-07, 0.6000, 0.6500, 0.5810, 0.6500, 5351288
2017-04-10, 0.6500, 0.7600, 0.6500, 0.7200, 4604933
2017-04-11, 0.7150, 0.7300, 0.6330, 0.6930, 2377846
2017-04-12, 0.7000, 0.7100, 0.6530, 0.6750, 722253
2017-04-13, 0.6540, 0.7180, 0.6300, 0.7000, 927375
2017-04-17, 0.7200, 0.7500, 0.7100, 0.7500, 1309470
2017-04-18, 0.7500, 0.7800, 0.7300, 0.7360, 1107495
2017-04-19, 0.7300, 0.7350, 0.6700, 0.6900, 1012560
2017-04-20, 0.7100, 0.7380, 0.6990, 0.7300, 1281203
2017-04-21, 0.7400, 0.8150, 0.7120, 0.8000, 2632807
2017-04-24, 0.7970, 0.8790, 0.7710, 0.8400, 3353323
2017-04-25, 0.8500, 0.8700, 0.7120, 0.7550, 2258325
2017-04-26, 0.7300, 0.7330, 0.6850, 0.6990, 3385629
2017-04-27, 0.7150, 0.8400, 0.6900, 0.8400, 3306605
2017-04-28, 0.7940, 0.8970, 0.7700, 0.8260, 3661850
2017-05-01, 0.8260, 0.8500, 0.7330, 0.8300, 3037037
2017-05-02, 0.8300, 0.8950, 0.8000, 0.8400, 3336955
2017-05-03, 0.8630, 0.8780, 0.8100, 0.8500, 4887600
2017-05-04, 0.5700, 0.6200, 0.4170, 0.4580, 11395419
2017-05-05, 0.5380, 0.5380, 0.4500, 0.4550, 4893466
2017-05-08, 0.4830, 0.5100, 0.4400, 0.5100, 2379652
2017-05-09, 0.4700, 0.5000, 0.4530, 0.5000, 1500176
2017-05-10, 0.4630, 0.5000, 0.4610, 0.4950, 1316965
2017-05-11, 0.4820, 0.4820, 0.4540, 0.4600, 1430128
2017-05-12, 0.4650, 0.4660, 0.4450, 0.4640, 992101
2017-05-15, 0.4640, 0.4950, 0.4630, 0.4700, 927825
2017-05-16, 0.4800, 0.4810, 0.4500, 0.4510, 1135993
2017-05-17, 0.4550, 0.4550, 0.4050, 0.4350, 1157800
2017-05-18, 0.4400, 0.4600, 0.4250, 0.4500, 725484
2017-05-19, 0.4500, 0.4970, 0.4400, 0.4900, 1462431
2017-05-22, 0.5000, 0.6500, 0.5000, 0.6170, 7420854
2017-05-23, 0.6600, 0.7500, 0.6140, 0.6610, 8622575
2017-05-24, 0.6600, 0.6600, 0.5710, 0.6260, 2129655
2017-05-25, 0.6300, 0.6500, 0.6030, 0.6310, 1341245
2017-05-26, 0.6300, 0.6400, 0.6100, 0.6400, 1403559
2017-05-30, 0.6500, 0.6580, 0.6210, 0.6400, 993010
2017-05-31, 0.6400, 0.6900, 0.6210, 0.6340, 2510423
2017-06-01, 0.6900, 0.6900, 0.4010, 0.5870, 4595161
2017-06-02, 0.5400, 0.5600, 0.5200, 0.5550, 1979696
2017-06-05, 0.5680, 0.5680, 0.4800, 0.5260, 2057770
2017-06-06, 0.5150, 0.5170, 0.4900, 0.4920, 806874
2017-06-07, 0.5000, 0.5300, 0.4810, 0.5230, 871887
2017-06-08, 0.5230, 0.5480, 0.4850, 0.5080, 1052392
2017-06-09, 0.5180, 0.5200, 0.5000, 0.5100, 835140
2017-06-12, 0.5100, 0.5300, 0.5000, 0.5170, 644904
2017-06-13, 0.5300, 0.5400, 0.5080, 0.5200, 1128049
2017-06-14, 0.5000, 0.5000, 0.4700, 0.4950, 1031117
2017-06-15, 0.4800, 0.4940, 0.4700, 0.4800, 685967
2017-06-16, 0.4900, 0.4930, 0.4530, 0.4710, 1112150
2017-06-19, 0.4700, 0.4800, 0.4500, 0.4700, 925125
2017-06-20, 0.4650, 0.4650, 0.4000, 0.4440, 1687890
2017-06-21, 0.4200, 0.4500, 0.4160, 0.4260, 676862
2017-06-22, 0.4200, 0.4650, 0.4180, 0.4590, 1149685
2017-06-23, 0.4700, 0.4700, 0.4320, 0.4500, 537071
2017-06-26, 0.4550, 0.4550, 0.4350, 0.4440, 356229
2017-06-27, 0.4410, 0.4500, 0.4300, 0.4500, 692996
2017-06-28, 0.4500, 0.4550, 0.4400, 0.4500, 385231
2017-06-29, 0.4600, 0.4700, 0.4500, 0.4700, 522968
2017-06-30, 0.4700, 0.4880, 0.4600, 0.4790, 490408
2017-07-03, 0.4900, 0.5000, 0.4800, 0.4900, 177510
2017-07-05, 0.4830, 0.4990, 0.4800, 0.4800, 429976
2017-07-06, 0.4750, 0.4880, 0.4500, 0.4750, 392466
2017-07-07, 0.4700, 0.4750, 0.4410, 0.4460, 563030
2017-07-10, 0.4500, 0.4600, 0.4500, 0.4600, 164403
2017-07-11, 0.4600, 0.4700, 0.4500, 0.4500, 229398
2017-07-12, 0.4510, 0.4590, 0.4500, 0.4590, 196766
2017-07-13, 0.4501, 0.4579, 0.4501, 0.4508, 166490
2017-07-14, 0.4550, 0.4590, 0.4500, 0.4590, 320493
2017-07-17, 0.4520, 0.4750, 0.4520, 0.4700, 300709
2017-07-18, 0.4710, 0.4710, 0.4602, 0.4700, 258306
2017-07-19, 0.4700, 0.4840, 0.4700, 0.4770, 404045
2017-07-20, 0.4770, 0.4800, 0.4600, 0.4700, 473905
2017-07-21, 0.4700, 0.4790, 0.4300, 0.4600, 345465
2017-07-24, 0.4200, 0.4200, 0.3750, 0.3800, 1896474
2017-07-25, 0.3700, 0.3850, 0.3610, 0.3700, 918646
2017-07-26, 0.3730, 0.3730, 0.3200, 0.3400, 1172621
2017-07-27, 0.3600, 0.3610, 0.3360, 0.3510, 714912
2017-07-28, 0.3450, 0.3550, 0.3450, 0.3550, 472608
2017-07-31, 0.3600, 0.3600, 0.3210, 0.3430, 718760
2017-08-01, 0.3400, 0.3490, 0.3220, 0.3300, 584284
2017-08-02, 0.3300, 0.3300, 0.2850, 0.3000, 1268744
2017-08-03, 0.3000, 0.3100, 0.2860, 0.3000, 529893
2017-08-04, 0.3140, 0.3140, 0.2950, 0.3000, 427034
2017-08-07, 0.3100, 0.3100, 0.2800, 0.2920, 888374
2017-08-08, 0.2918, 0.2918, 0.2612, 0.2685, 2008279
2017-08-09, 0.2700, 0.3000, 0.2650, 0.2980, 721696
2017-08-10, 0.3000, 0.3048, 0.2800, 0.2830, 712498
2017-08-11, 0.2940, 0.2940, 0.2700, 0.2700, 427733
2017-08-14, 0.2888, 0.2930, 0.2800, 0.2920, 398949
2017-08-15, 0.2852, 0.3299, 0.2850, 0.3110, 1084259
2017-08-16, 0.3240, 0.3350, 0.2900, 0.3100, 1069447
2017-08-17, 0.3100, 0.3190, 0.2800, 0.2900, 1195518
2017-08-18, 0.2900, 0.2950, 0.2800, 0.2940, 366519
2017-08-21, 0.2860, 0.2900, 0.2750, 0.2750, 624719
2017-08-22, 0.2700, 0.2900, 0.2700, 0.2830, 352066
2017-08-23, 0.2740, 0.2880, 0.2740, 0.2850, 352943
2017-08-24, 0.2900, 0.3000, 0.2850, 0.2880, 332813
2017-08-25, 0.2930, 0.2950, 0.2800, 0.2900, 328844
2017-08-28, 0.2850, 0.2970, 0.2800, 0.2800, 338225
2017-08-29, 0.2800, 0.2900, 0.2800, 0.2870, 328713
2017-08-30, 0.2900, 0.2910, 0.2820, 0.2910, 243465
2017-08-31, 0.2900, 0.3200, 0.2900, 0.3060, 832779
2017-09-01, 0.3090, 0.3120, 0.2951, 0.3110, 545356
2017-09-05, 0.3000, 0.3400, 0.2999, 0.3300, 1050228
2017-09-06, 0.3500, 0.3700, 0.3220, 0.3600, 1333824
2017-09-07, 0.3600, 0.3790, 0.3400, 0.3490, 653534
2017-09-08, 0.3530, 0.3570, 0.3170, 0.3400, 404023
2017-09-11, 0.3480, 0.3500, 0.3200, 0.3460, 351420
2017-09-12, 0.3600, 0.3930, 0.3400, 0.3400, 2464414
2017-09-13, 0.3300, 0.3400, 0.3000, 0.3000, 1404064
2017-09-14, 0.3200, 0.3200, 0.2850, 0.2880, 887727
2017-09-15, 0.2750, 0.3050, 0.2750, 0.3050, 540914
2017-09-18, 0.3300, 0.3300, 0.2850, 0.2850, 665978
2017-09-19, 0.2800, 0.2940, 0.2660, 0.2710, 964332
2017-09-20, 0.2810, 0.3100, 0.2700, 0.3000, 1291215
2017-09-21, 0.3150, 0.3150, 0.2850, 0.2860, 567557
2017-09-22, 0.3050, 0.3050, 0.2850, 0.3000, 340967
2017-09-25, 0.2900, 0.3100, 0.2800, 0.2850, 500337
2017-09-26, 0.2800, 0.3490, 0.2800, 0.3310, 5777875
2017-09-27, 0.3400, 0.3400, 0.2800, 0.3030, 1838067
2017-09-28, 0.2970, 0.3010, 0.2820, 0.2860, 1018963
2017-09-29, 0.2870, 0.3000, 0.2860, 0.2860, 657646
2017-10-02, 0.3000, 0.3050, 0.2900, 0.3000, 593277
2017-10-03, 0.3000, 0.3000, 0.2850, 0.2900, 778512
2017-10-04, 0.2900, 0.2960, 0.2800, 0.2820, 652751
2017-10-05, 0.2850, 0.2950, 0.2800, 0.2920, 774069
2017-10-06, 0.2980, 0.3150, 0.2860, 0.2950, 1235160
2017-10-09, 0.2850, 0.2950, 0.2820, 0.2850, 921616
2017-10-10, 0.2900, 0.3290, 0.2820, 0.2920, 3919080
2017-10-11, 0.2990, 0.3150, 0.2920, 0.2980, 2226772
2017-10-12, 0.3090, 0.3090, 0.2850, 0.2860, 866530
2017-10-13, 0.2850, 0.2960, 0.2850, 0.2890, 614207
2017-10-16, 0.2900, 0.2900, 0.2730, 0.2820, 1268633
2017-10-17, 0.2800, 0.3050, 0.2750, 0.2820, 1826824
2017-10-18, 0.2810, 0.3150, 0.2810, 0.2900, 1931887
2017-10-19, 0.3100, 0.3100, 0.2850, 0.2900, 903413
2017-10-20, 0.2400, 0.2700, 0.2200, 0.2450, 3280777
2017-10-23, 0.2500, 0.2500, 0.2020, 0.2160, 2167704
2017-10-24, 0.2270, 0.2300, 0.1950, 0.2050, 1763195
2017-10-25, 0.2300, 0.2300, 0.1950, 0.1950, 1089364
2017-10-26, 0.1950, 0.2100, 0.1810, 0.1960, 1093270
2017-10-27, 0.2100, 0.2100, 0.1960, 0.2050, 1108406
2017-10-30, 0.2000, 0.2060, 0.1910, 0.1910, 884079
2017-10-31, 0.1900, 0.1950, 0.1810, 0.1830, 1181295
2017-11-01, 0.1900, 0.1900, 0.1630, 0.1760, 1108723
2017-11-02, 0.1760, 0.1800, 0.1610, 0.1700, 1058307
2017-11-03, 0.1780, 0.1780, 0.1600, 0.1750, 525107
2017-11-06, 0.1730, 0.1780, 0.1660, 0.1710, 550857
2017-11-07, 0.1740, 0.2100, 0.1700, 0.2090, 3023314
2017-11-08, 0.2610, 0.2950, 0.2310, 0.2420, 7824326
2017-11-09, 0.2100, 0.2150, 0.1950, 0.1980, 2568884
2017-11-10, 0.1980, 0.2000, 0.1700, 0.1810, 1819477
2017-11-13, 0.1920, 0.1950, 0.1830, 0.1900, 1071985
2017-11-14, 0.1950, 0.2000, 0.1820, 0.1880, 812694
2017-11-15, 0.1970, 0.1970, 0.1840, 0.1890, 679111
2017-11-16, 0.1912, 0.1946, 0.1834, 0.1900, 470084
2017-11-17, 0.1960, 0.1960, 0.1845, 0.1900, 940325
2017-11-20, 0.1860, 0.1920, 0.1850, 0.1860, 462144
2017-11-21, 0.1300, 0.1300, 0.1110, 0.1250, 17291428
2017-11-22, 0.1230, 0.1250, 0.1150, 0.1210, 3038553
2017-11-24, 0.1210, 0.1300, 0.1190, 0.1250, 2223269
2017-11-27, 0.1205, 0.1240, 0.1058, 0.1160, 3882071
2017-11-28, 0.1250, 0.1270, 0.1170, 0.1221, 4589555
2017-11-29, 0.1250, 0.1299, 0.1200, 0.1257, 3753784
2017-11-30, 0.1285, 0.1350, 0.1168, 0.1250, 7122117
2017-12-01, 0.1250, 0.1250, 0.1163, 0.1163, 3014215
2017-12-04, 0.1250, 0.1260, 0.1180, 0.1199, 3440518
2017-12-05, 0.1200, 0.1228, 0.1126, 0.1169, 2779118
2017-12-06, 0.1189, 0.1189, 0.1080, 0.1105, 3237045
2017-12-07, 0.1080, 0.1160, 0.1070, 0.1118, 2304742
2017-12-08, 0.1175, 0.1200, 0.1070, 0.1169, 3312713
2017-12-11, 0.1200, 0.1200, 0.1112, 0.1112, 2710956
2017-12-12, 0.1180, 0.1180, 0.1120, 0.1135, 2029615
2017-12-13, 0.1191, 0.1198, 0.1100, 0.1118, 3620726
2017-12-14, 0.1110, 0.1170, 0.1070, 0.1118, 3565455
2017-12-15, 0.1130, 0.1150, 0.1090, 0.1135, 2541202
2017-12-18, 0.1110, 0.1135, 0.1070, 0.1109, 2534051
2017-12-19, 0.1081, 0.1125, 0.1070, 0.1100, 1594903
2017-12-20, 0.1044, 0.1100, 0.1018, 0.1034, 2550151
2017-12-21, 0.1072, 0.1130, 0.1000, 0.1100, 2933430
2017-12-22, 0.1141, 0.1171, 0.1050, 0.1050, 3130099
2017-12-26, 0.1102, 0.1180, 0.1102, 0.1155, 2680971
2017-12-27, 0.1188, 0.1199, 0.1113, 0.1152, 2687694
2017-12-28, 0.1188, 0.1204, 0.1125, 0.1148, 3470366
2017-12-29, 0.1130, 0.1189, 0.1080, 0.1102, 2834352
2018-01-02, 0.1135, 0.1150, 0.1100, 0.1120, 1573672
2018-01-03, 0.1123, 0.1150, 0.1119, 0.1120, 1139510
2018-01-04, 0.1150, 0.1150, 0.1111, 0.1137, 1363230
2018-01-05, 0.1114, 0.1148, 0.1090, 0.1118, 1957439
2018-01-08, 0.1130, 0.1250, 0.1090, 0.1130, 6465506
2018-01-09, 0.1130, 0.1390, 0.1110, 0.1229, 20040808
2018-01-10, 0.1260, 0.1270, 0.1120, 0.1150, 5688897
2018-01-11, 0.1207, 0.1282, 0.1130, 0.1240, 7799233
2018-01-12, 0.1300, 0.1300, 0.1160, 0.1200, 5892445
2018-01-16, 0.1260, 0.1280, 0.1180, 0.1279, 5860829
2018-01-17, 0.1323, 0.1450, 0.1260, 0.1390, 25645583
2018-01-18, 0.1450, 0.1450, 0.1260, 0.1324, 15808430
2018-01-19, 0.1380, 0.1380, 0.1205, 0.1269, 6103601
2018-01-22, 0.1350, 0.1350, 0.1260, 0.1277, 5422350
2018-01-23, 0.1300, 0.1360, 0.1270, 0.1329, 7582202
2018-01-24, 0.1330, 0.1330, 0.1260, 0.1277, 5377425
2018-01-25, 0.1300, 0.1329, 0.1230, 0.1266, 4384129
2018-01-26, 0.1295, 0.1300, 0.1235, 0.1294, 6207999
2018-01-29, 0.1365, 0.1375, 0.1275, 0.1288, 11285738
2018-01-30, 0.1300, 0.1300, 0.1255, 0.1279, 6068758
2018-01-31, 0.1350, 0.1380, 0.1300, 0.1320, 7840193
2018-02-01, 0.1400, 0.1880, 0.1350, 0.1877, 52370613
2018-02-02, 0.1837, 0.1850, 0.1400, 0.1611, 29836638
2018-02-05, 0.1750, 0.2090, 0.1600, 0.1793, 41921736
2018-02-06, 0.1850, 0.2000, 0.1600, 0.2000, 15133692
2018-02-07, 0.1950, 0.1960, 0.1750, 0.1765, 11179481
2018-02-08, 0.1850, 0.1850, 0.1700, 0.1792, 8517090
2018-02-09, 0.1800, 0.1850, 0.1650, 0.1850, 8228601
2018-02-12, 0.1850, 0.1850, 0.1696, 0.1700, 7195988
2018-02-13, 0.1779, 0.1789, 0.1670, 0.1683, 5450513
2018-02-14, 0.1689, 0.1697, 0.1425, 0.1575, 8927528
2018-02-15, 0.1500, 0.1574, 0.1374, 0.1450, 11062890
2018-02-16, 0.1520, 0.1620, 0.1474, 0.1569, 7204225
2018-02-20, 0.1690, 0.1690, 0.1550, 0.1580, 6577471
2018-02-21, 0.1540, 0.1589, 0.1510, 0.1575, 3487676
2018-02-22, 0.1600, 0.1650, 0.1522, 0.1600, 5592951
2018-02-23, 0.1650, 0.1660, 0.1600, 0.1630, 3928073
2018-02-26, 0.1680, 0.1840, 0.1620, 0.1791, 11211852
2018-02-27, 0.1900, 0.2301, 0.1845, 0.2244, 48196957
2018-02-28, 0.2690, 0.3200, 0.2120, 0.2549, 100250710
2018-03-01, 0.2800, 0.2800, 0.2392, 0.2700, 27786032
2018-03-02, 0.2700, 0.2750, 0.2550, 0.2740, 14034088
2018-03-05, 0.2887, 0.3048, 0.2757, 0.2910, 25225970
2018-03-06, 0.3050, 0.3503, 0.3000, 0.3445, 46869581
2018-03-07, 0.3740, 0.3751, 0.3063, 0.3400, 44758595
2018-03-08, 0.3250, 0.3250, 0.2750, 0.3020, 34687067
2018-03-09, 0.3100, 0.3351, 0.2950, 0.3280, 19333258
2018-03-12, 0.3550, 0.3550, 0.3200, 0.3370, 17745028
2018-03-13, 0.3100, 0.3285, 0.2900, 0.3130, 16180302
2018-03-14, 0.3045, 0.3100, 0.2810, 0.2970, 13980011
2018-03-15, 0.2950, 0.2959, 0.2400, 0.2900, 18650308
2018-03-16, 0.2700, 0.2800, 0.2551, 0.2694, 8885774
2018-03-19, 0.2600, 0.2700, 0.2350, 0.2650, 14512669
2018-03-20, 0.3000, 0.3290, 0.2810, 0.3115, 36483100
2018-03-21, 0.2824, 0.3050, 0.2816, 0.2990, 11879919
2018-03-22, 0.2887, 0.2930, 0.2800, 0.2849, 8283493
2018-03-23, 0.2700, 0.2800, 0.2600, 0.2775, 6677140
2018-03-26, 0.2800, 0.2800, 0.2660, 0.2695, 6373375
2018-03-27, 0.2670, 0.2690, 0.2550, 0.2565, 6413556
2018-03-28, 0.2560, 0.2600, 0.2270, 0.2400, 10512615
2018-03-29, 0.2300, 0.2430, 0.2300, 0.2310, 5361086
2018-04-02, 0.2400, 0.2400, 0.2220, 0.2283, 4765420
2018-04-03, 0.2251, 0.2282, 0.1800, 0.2052, 10941328
2018-04-04, 0.2100, 0.2480, 0.2090, 0.2380, 11938400
2018-04-05, 0.2520, 0.2520, 0.2220, 0.2309, 7001111
2018-04-06, 0.2340, 0.2340, 0.2145, 0.2210, 5019023
2018-04-09, 0.2100, 0.2270, 0.2061, 0.2224, 4281016
2018-04-10, 0.2200, 0.2220, 0.2120, 0.2215, 3497826
2018-04-11, 0.2215, 0.2350, 0.2125, 0.2251, 4570865
2018-04-12, 0.2300, 0.2300, 0.2200, 0.2210, 3854851
2018-04-13, 0.2257, 0.2260, 0.2100, 0.2150, 3639783
2018-04-16, 0.2150, 0.2285, 0.2145, 0.2188, 4177930
2018-04-17, 0.2250, 0.2350, 0.2201, 0.2300, 6234997
2018-04-18, 0.2491, 0.2580, 0.2330, 0.2399, 9632063
2018-04-19, 0.2401, 0.2450, 0.2250, 0.2278, 4896252
2018-04-20, 0.2285, 0.2342, 0.2220, 0.2226, 3057071
2018-04-23, 0.2226, 0.2250, 0.2120, 0.2162, 3242043
2018-04-24, 0.2170, 0.2200, 0.2121, 0.2155, 2798262
2018-04-25, 0.2220, 0.2220, 0.2100, 0.2110, 2777403
2018-04-26, 0.2199, 0.2199, 0.2089, 0.2101, 4314336
2018-04-27, 0.2300, 0.2347, 0.2111, 0.2200, 5144910
2018-04-30, 0.2150, 0.2247, 0.2125, 0.2247, 3241460
2018-05-01, 0.2247, 0.2247, 0.2150, 0.2155, 2901078
2018-05-02, 0.2150, 0.2160, 0.2050, 0.2100, 4039811
2018-05-03, 0.2055, 0.2130, 0.2001, 0.2080, 3704444
2018-05-04, 0.2000, 0.2030, 0.1850, 0.1990, 8899993
2018-05-07, 0.1990, 0.2110, 0.1920, 0.2047, 4275747
2018-05-08, 0.2046, 0.2089, 0.2000, 0.2017, 2765486
2018-05-09, 0.2000, 0.2015, 0.1900, 0.1985, 3834937
2018-05-10, 0.1980, 0.1990, 0.1900, 0.1920, 2775531
2018-05-11, 0.1933, 0.1933, 0.1800, 0.1860, 3806378
2018-05-14, 0.1860, 0.1975, 0.1847, 0.1975, 2862518
2018-05-15, 0.1975, 0.1985, 0.1910, 0.1940, 1934643
2018-05-16, 0.1953, 0.1980, 0.1910, 0.1910, 2238364
2018-05-17, 0.1910, 0.1939, 0.1875, 0.1905, 1747325
2018-05-18, 0.1899, 0.2090, 0.1861, 0.2054, 5882722
2018-05-21, 0.2100, 0.2345, 0.2060, 0.2189, 11220118
2018-05-22, 0.2298, 0.2399, 0.2248, 0.2294, 6095437
2018-05-23, 0.2250, 0.2250, 0.2055, 0.2150, 3762691
2018-05-24, 0.2230, 0.2342, 0.2151, 0.2184, 4802337
2018-05-25, 0.2205, 0.2298, 0.2160, 0.2270, 3293288
2018-05-29, 0.2340, 0.2500, 0.2300, 0.2400, 7647461
2018-05-30, 0.2500, 0.2530, 0.2400, 0.2450, 5420484
2018-05-31, 0.2550, 0.2880, 0.2450, 0.2830, 16103554
2018-06-01, 0.2900, 0.2940, 0.2542, 0.2678, 12961229
2018-06-04, 0.2750, 0.2750, 0.2429, 0.2500, 6940085
2018-06-05, 0.2500, 0.2550, 0.2350, 0.2450, 5143200
2018-06-06, 0.2400, 0.2596, 0.2350, 0.2500, 5075764
2018-06-07, 0.2525, 0.2595, 0.2455, 0.2507, 3502498
2018-06-08, 0.2650, 0.2750, 0.2525, 0.2650, 5964685
2018-06-11, 0.2685, 0.2688, 0.2440, 0.2524, 5945119
2018-06-12, 0.2500, 0.2580, 0.2425, 0.2455, 3510667
2018-06-13, 0.2550, 0.2550, 0.2455, 0.2455, 2438666
2018-06-14, 0.2500, 0.2540, 0.2430, 0.2460, 2877304
2018-06-15, 0.2487, 0.2530, 0.2450, 0.2500, 2390595
2018-06-18, 0.2450, 0.2510, 0.2412, 0.2456, 3262640
2018-06-19, 0.2456, 0.2480, 0.2315, 0.2316, 4182613
2018-06-20, 0.2400, 0.2400, 0.2302, 0.2350, 2630839
2018-06-21, 0.2350, 0.2379, 0.2230, 0.2271, 3042075
2018-06-22, 0.2300, 0.2350, 0.2235, 0.2324, 1940172
2018-06-25, 0.2331, 0.2460, 0.2331, 0.2357, 2861641
2018-06-26, 0.2400, 0.2400, 0.2300, 0.2366, 3365966
2018-06-27, 0.2100, 0.2250, 0.2004, 0.2126, 5390741
2018-06-28, 0.2100, 0.2127, 0.1870, 0.2126, 3215480
2018-06-29, 0.2199, 0.2224, 0.2055, 0.2208, 2116800
2018-07-02, 0.2318, 0.2350, 0.2200, 0.2214, 1779247
2018-07-03, 0.2270, 0.2290, 0.2150, 0.2240, 1006144
2018-07-05, 0.2150, 0.2290, 0.2150, 0.2163, 1928263
2018-07-06, 0.2150, 0.2245, 0.2150, 0.2220, 1240154
2018-07-09, 0.2255, 0.2275, 0.2167, 0.2175, 2229772
2018-07-10, 0.2180, 0.2250, 0.2122, 0.2170, 2200797
2018-07-11, 0.2170, 0.2250, 0.2150, 0.2199, 1295318
2018-07-12, 0.2150, 0.2200, 0.2150, 0.2159, 1473904
2018-07-13, 0.2150, 0.2159, 0.2040, 0.2124, 2644924
2018-07-16, 0.2080, 0.2100, 0.2000, 0.2063, 1867982
2018-07-17, 0.2075, 0.2100, 0.1960, 0.2005, 2485467
2018-07-18, 0.2080, 0.2090, 0.1980, 0.1999, 2326166
2018-07-19, 0.2300, 0.2650, 0.2201, 0.2320, 25082957
2018-07-20, 0.2447, 0.2447, 0.2229, 0.2360, 5213318
2018-07-23, 0.2380, 0.2380, 0.2230, 0.2348, 2758624
2018-07-24, 0.2300, 0.2350, 0.2238, 0.2253, 2687216
2018-07-25, 0.2280, 0.2280, 0.2120, 0.2180, 3275189
2018-07-26, 0.2160, 0.2190, 0.2100, 0.2120, 2001479
2018-07-27, 0.2120, 0.2200, 0.2042, 0.2164, 2894515
2018-07-30, 0.2200, 0.2200, 0.2018, 0.2068, 2730231
2018-07-31, 0.2110, 0.2151, 0.2005, 0.2010, 3962144
2018-08-01, 0.2045, 0.2045, 0.1700, 0.1923, 4770213
2018-08-02, 0.1900, 0.2025, 0.1900, 0.2011, 2340626
2018-08-03, 0.2019, 0.2040, 0.1950, 0.1990, 1545199
2018-08-06, 0.1998, 0.1998, 0.1910, 0.1941, 1931361
2018-08-07, 0.1900, 0.1958, 0.1885, 0.1912, 1948105
2018-08-08, 0.1930, 0.1935, 0.1870, 0.1898, 2328364
2018-08-09, 0.1950, 0.1995, 0.1835, 0.1882, 3728017
2018-08-10, 0.1910, 0.1910, 0.1800, 0.1828, 2221951
2018-08-13, 0.1800, 0.1821, 0.1500, 0.1699, 6568763
2018-08-14, 0.1744, 0.1744, 0.1552, 0.1660, 3660220
2018-08-15, 0.1680, 0.1700, 0.1600, 0.1619, 2236090
2018-08-16, 0.1687, 0.1687, 0.1560, 0.1650, 1823872
2018-08-17, 0.1700, 0.1700, 0.1618, 0.1642, 1423963
2018-08-20, 0.1675, 0.1675, 0.1560, 0.1590, 1873361
2018-08-21, 0.1588, 0.1588, 0.1400, 0.1466, 5176611
2018-08-22, 0.1450, 0.1450, 0.1260, 0.1300, 5790606
2018-08-23, 0.1375, 0.1600, 0.1350, 0.1550, 7339925
2018-08-24, 0.1577, 0.1672, 0.1502, 0.1520, 3301272
2018-08-27, 0.1650, 0.1700, 0.1600, 0.1601, 3752888
2018-08-28, 0.1713, 0.1713, 0.1520, 0.1588, 2924000
2018-08-29, 0.1630, 0.1650, 0.1510, 0.1584, 2241428
2018-08-30, 0.1620, 0.1620, 0.1550, 0.1574, 1440551
2018-08-31, 0.1550, 0.1595, 0.1549, 0.1563, 1636484
2018-09-04, 0.1595, 0.1600, 0.1540, 0.1576, 2036498
2018-09-05, 0.1620, 0.1650, 0.1574, 0.1611, 1967091
2018-09-06, 0.1620, 0.1630, 0.1560, 0.1608, 1478356
2018-09-07, 0.1600, 0.1610, 0.1575, 0.1590, 1636908
2018-09-10, 0.1600, 0.1620, 0.1580, 0.1612, 1772570
2018-09-11, 0.1650, 0.2400, 0.1650, 0.2178, 31899345
2018-09-12, 0.2520, 0.2700, 0.1934, 0.1988, 27870807
2018-09-13, 0.2250, 0.2250, 0.1950, 0.2111, 8562152
2018-09-14, 0.2100, 0.2100, 0.1850, 0.1940, 5067935
2018-09-17, 0.1902, 0.2170, 0.1902, 0.2017, 4026646
2018-09-18, 0.2100, 0.2110, 0.1970, 0.2037, 3205331
2018-09-19, 0.2071, 0.2200, 0.1980, 0.2140, 5214140
2018-09-20, 0.2070, 0.2200, 0.2030, 0.2058, 4050438
2018-09-21, 0.2120, 0.2250, 0.2010, 0.2010, 4727243
2018-09-24, 0.2150, 0.2160, 0.2090, 0.2140, 3262681
2018-09-25, 0.2220, 0.2220, 0.2050, 0.2093, 4015264
2018-09-26, 0.2099, 0.2150, 0.2065, 0.2121, 2596568
2018-09-27, 0.2144, 0.2145, 0.2100, 0.2109, 2337053
2018-09-28, 0.2092, 0.2092, 0.1890, 0.1900, 6662620
2018-10-01, 0.1900, 0.1910, 0.1800, 0.1847, 4685491
2018-10-02, 0.1872, 0.2030, 0.1840, 0.1909, 5221969
2018-10-03, 0.1900, 0.2000, 0.1900, 0.1955, 3544194
2018-10-04, 0.2000, 0.2000, 0.1860, 0.1903, 2395365
2018-10-05, 0.1990, 0.1990, 0.1850, 0.1879, 2230335
2018-10-08, 0.1950, 0.1950, 0.1811, 0.1836, 2192711
2018-10-09, 0.1815, 0.1885, 0.1768, 0.1789, 2838613
2018-10-10, 0.1900, 0.2000, 0.1810, 0.1850, 4086787
2018-10-11, 0.1989, 0.1989, 0.1850, 0.1850, 2628115
2018-10-12, 0.1950, 0.1950, 0.1850, 0.1860, 2364295
2018-10-15, 0.1950, 0.1950, 0.1850, 0.1865, 2629432
2018-10-16, 0.1850, 0.1900, 0.1809, 0.1825, 2949097
2018-10-17, 0.1950, 0.1950, 0.1800, 0.1850, 2722760
2018-10-18, 0.1885, 0.1885, 0.1825, 0.1880, 2392911
2018-10-19, 0.1880, 0.1890, 0.1800, 0.1805, 2180587
2018-10-22, 0.1825, 0.1850, 0.1750, 0.1750, 3364453
2018-10-23, 0.1795, 0.1795, 0.1700, 0.1749, 3023466
2018-10-24, 0.1839, 0.1842, 0.1720, 0.1729, 3002518
2018-10-25, 0.1725, 0.1760, 0.1700, 0.1725, 2150191
2018-10-26, 0.1720, 0.1738, 0.1650, 0.1678, 2088990
2018-10-29, 0.1740, 0.1740, 0.1650, 0.1650, 1809248
2018-10-30, 0.1658, 0.1685, 0.1644, 0.1651, 1466942
2018-10-31, 0.1700, 0.1700, 0.1600, 0.1688, 1331470
2018-11-01, 0.1716, 0.1719, 0.1621, 0.1679, 2321680
2018-11-02, 0.1690, 0.1729, 0.1650, 0.1650, 3072598
2018-11-05, 0.1650, 0.1850, 0.1650, 0.1800, 4416989
2018-11-06, 0.1880, 0.1920, 0.1800, 0.1823, 3688560
2018-11-07, 0.1842, 0.1900, 0.1750, 0.1780, 3384390
2018-11-08, 0.1840, 0.1880, 0.1770, 0.1826, 2599145
2018-11-09, 0.1840, 0.1890, 0.1776, 0.1802, 2775169
