2011-09-13, 25.5000, 25.5000, 24.1900, 24.7500, 10500
2011-09-14, 24.0100, 24.7000, 24.0100, 24.6500, 3199
2011-09-15, 25.0000, 25.0000, 24.3500, 24.3500, 8300
2011-09-16, 24.6500, 24.6500, 24.3600, 24.3600, 9800
2011-09-19, 24.0000, 24.7000, 24.0000, 24.7000, 16101
2011-09-20, 24.7500, 24.7500, 24.7500, 24.7500, 500
2011-09-21, 24.9500, 25.1800, 24.9000, 25.1800, 37000
2011-09-22, 25.6000, 25.6000, 25.6000, 25.6000, 100
2011-09-23, 27.0000, 27.0000, 25.7000, 25.7000, 700
2011-09-26, 25.8900, 25.9000, 25.7800, 25.8000, 3350
2011-09-27, 25.5000, 25.5000, 25.0000, 25.2500, 4400
2011-09-28, 26.0000, 26.0000, 25.3000, 25.4800, 9100
2011-09-29, 26.0000, 26.0000, 25.7500, 25.8800, 2600
2011-09-30, 25.4500, 26.0000, 25.4500, 26.0000, 1300
2011-10-03, 26.5000, 26.5000, 26.3700, 26.5000, 10908
2011-10-04, 27.2500, 27.2500, 26.3600, 26.3600, 26876
2011-10-05, 26.3000, 26.5000, 25.4120, 25.7200, 12884
2011-10-06, 25.0000, 25.5000, 25.0000, 25.3000, 6004
2011-10-07, 24.0000, 25.3000, 24.0000, 25.3000, 5100
2011-10-10, 17.3000, 25.1000, 16.8400, 25.0300, 1600
2011-10-11, 24.9000, 25.1500, 24.8800, 24.8800, 2300
2011-10-12, 24.2500, 24.4100, 24.2500, 24.4100, 1800
2011-10-13, 24.0100, 24.6000, 24.0100, 24.4100, 2916
2011-10-14, 24.0500, 24.1000, 24.0000, 24.0000, 400
2011-10-17, 24.2000, 24.3500, 24.2000, 24.3500, 3700
2011-10-18, 24.5000, 24.7000, 24.0000, 24.0000, 1200
2011-10-19, 23.9500, 24.2700, 23.9500, 24.2700, 5000
2011-10-20, 24.1500, 24.5000, 24.1500, 24.3500, 5464
2011-10-21, 24.1500, 24.2500, 23.9000, 24.0000, 2200
2011-10-24, 23.7500, 23.7500, 23.1826, 23.1827, 4466
2011-10-25, 23.5000, 23.7000, 23.0000, 23.5000, 14506
2011-10-26, 23.5000, 23.5000, 23.2000, 23.2000, 7060
2011-10-27, 22.4000, 22.4000, 22.0000, 22.0000, 1020
2011-10-28, 21.8500, 21.9000, 21.6135, 21.6135, 3500
2011-10-31, 22.3000, 22.4000, 22.1500, 22.4000, 13100
2011-11-01, 22.9200, 23.1500, 22.7500, 23.0000, 37729
2011-11-02, 23.0000, 23.0000, 23.0000, 23.0000, 0
2011-11-03, 21.5300, 22.8000, 21.5300, 22.5200, 19400
2011-11-04, 22.6500, 22.6500, 22.4300, 22.4300, 5300
2011-11-07, 22.4000, 22.5500, 22.4000, 22.5500, 800
2011-11-08, 22.6100, 22.6100, 22.6100, 22.6100, 2500
2011-11-09, 22.6100, 22.6100, 22.6100, 22.6100, 0
2011-11-10, 22.9500, 22.9500, 22.9500, 22.9500, 200
2011-11-11, 22.8000, 22.8000, 22.8000, 22.8000, 100
2011-11-14, 22.6900, 22.8000, 22.6900, 22.8000, 1714
2011-11-15, 22.5600, 23.0000, 22.4500, 23.0000, 400
2011-11-16, 22.9000, 22.9000, 22.7500, 22.7500, 4700
2011-11-17, 22.9800, 23.5000, 22.8100, 23.5000, 110769
2011-11-18, 23.4000, 23.7800, 23.2900, 23.3000, 1000
2011-11-21, 23.2501, 23.4200, 23.2501, 23.4200, 1335
2011-11-22, 23.5000, 23.5000, 23.5000, 23.5000, 100
2011-11-23, 23.5000, 23.8500, 23.2400, 23.8500, 3990
2011-11-25, 24.2900, 24.2900, 24.2900, 24.2900, 500
2011-11-28, 24.5000, 25.0000, 24.0000, 24.2900, 14636
2011-11-29, 24.2900, 24.2900, 24.2900, 24.2900, 0
2011-11-30, 23.5200, 23.6000, 23.3576, 23.3576, 3200
2011-12-01, 23.0100, 23.3500, 23.0100, 23.2632, 1900
2011-12-02, 22.8800, 23.0400, 22.8500, 23.0400, 6520
2011-12-05, 22.8500, 22.8500, 22.8500, 22.8500, 300
2011-12-06, 23.0060, 23.0060, 23.0060, 23.0060, 150
2011-12-07, 23.0060, 23.0060, 23.0060, 23.0060, 0
2011-12-08, 21.9260, 23.4000, 21.9260, 23.4000, 700
2011-12-09, 23.4100, 23.7000, 23.4100, 23.4800, 700
2011-12-12, 23.4800, 23.4800, 23.4800, 23.4800, 0
2011-12-13, 23.7800, 23.9500, 23.7800, 23.9500, 2800
2011-12-14, 24.3800, 24.4078, 24.2900, 24.4078, 3103
2011-12-15, 24.3500, 24.3500, 24.3500, 24.3500, 1500
2011-12-16, 24.8500, 24.8500, 24.8500, 24.8500, 100
2011-12-19, 24.5200, 24.5500, 24.5200, 24.5500, 1100
2011-12-20, 24.2300, 24.2300, 24.0000, 24.0000, 1000
2011-12-21, 23.9700, 24.2000, 23.9700, 24.0000, 1300
2011-12-22, 23.8600, 23.8600, 23.6900, 23.6900, 603
2011-12-23, 23.6900, 23.6900, 23.6900, 23.6900, 0
2011-12-27, 22.6460, 22.6460, 22.6460, 22.6460, 400
2011-12-28, 22.6460, 22.6460, 22.6460, 22.6460, 0
2011-12-29, 22.6460, 22.6460, 22.6460, 22.6460, 0
2011-12-30, 23.7100, 23.7100, 23.7100, 23.7100, 100
2012-01-03, 23.7100, 23.7100, 23.7100, 23.7100, 0
2012-01-04, 23.7100, 23.7100, 23.7100, 23.7100, 0
2012-01-05, 23.7100, 23.7100, 23.7100, 23.7100, 0
2012-01-06, 22.8800, 22.9300, 22.8800, 22.9300, 200
2012-01-09, 22.7500, 22.8800, 22.7500, 22.8800, 200
2012-01-10, 22.4500, 22.4500, 22.4500, 22.4500, 100
2012-01-11, 22.6100, 22.6100, 22.4300, 22.4300, 200
2012-01-12, 25.4900, 25.4900, 22.3500, 22.3500, 300
2012-01-13, 23.5000, 23.5000, 22.6500, 22.6500, 200
2012-01-17, 22.3400, 22.5000, 22.3400, 22.5000, 1200
2012-01-18, 22.5500, 22.5500, 22.5500, 22.5500, 1100
2012-01-19, 22.0100, 22.0100, 22.0000, 22.0000, 200
2012-01-20, 22.0100, 22.9600, 22.0000, 22.1000, 13100
2012-01-23, 21.9000, 21.9000, 21.9000, 21.9000, 3000
2012-01-24, 22.1000, 22.1000, 22.0700, 22.0700, 3300
2012-01-25, 21.8900, 21.8900, 21.6000, 21.6000, 300
2012-01-26, 21.5500, 21.7600, 21.5500, 21.7600, 5100
2012-01-27, 21.8800, 21.8800, 21.8800, 21.8800, 2500
2012-01-30, 22.5100, 22.5100, 21.6000, 21.6000, 200
2012-01-31, 21.7000, 21.8400, 21.7000, 21.8400, 2600
2012-02-01, 21.7000, 21.7000, 21.4000, 21.4000, 200
2012-02-02, 21.7000, 21.7000, 21.4800, 21.4800, 200
2012-02-03, 21.1400, 21.1400, 21.1000, 21.1000, 4100
2012-02-06, 21.0000, 21.0900, 21.0000, 21.0900, 400
2012-02-07, 21.1400, 21.1400, 21.1000, 21.1000, 200
2012-02-08, 20.9300, 20.9800, 20.9300, 20.9800, 200
2012-02-09, 20.9500, 20.9500, 20.9300, 20.9400, 1400
2012-02-10, 21.1500, 21.1500, 21.0500, 21.0500, 200
2012-02-13, 21.1200, 21.1200, 21.0700, 21.0700, 300
2012-02-14, 21.0500, 21.0500, 21.0500, 21.0500, 200
2012-02-15, 20.9000, 20.9100, 20.9000, 20.9100, 300
2012-02-16, 20.7500, 20.9500, 20.7500, 20.9500, 200
2012-02-17, 21.5000, 21.5000, 20.7300, 20.7300, 700
2012-02-21, 20.7600, 20.7800, 20.7600, 20.7800, 200
2012-02-22, 20.6200, 20.8700, 20.6200, 20.8700, 200
2012-02-23, 20.7600, 20.9000, 20.7600, 20.9000, 200
2012-02-24, 20.8500, 20.8500, 20.8500, 20.8500, 200
2012-02-27, 20.6600, 20.7500, 20.6600, 20.7500, 350
2012-02-28, 20.5300, 20.5800, 20.5300, 20.5800, 200
2012-02-29, 20.7300, 21.5000, 20.7300, 21.5000, 200
2012-03-01, 20.8800, 20.8800, 20.8800, 20.8800, 200
2012-03-02, 20.6000, 20.8100, 20.6000, 20.8100, 200
2012-03-05, 21.0800, 21.1000, 21.0800, 21.1000, 300
2012-03-06, 21.5500, 21.5500, 21.5500, 21.5500, 300
2012-03-07, 21.4600, 21.4600, 21.4500, 21.4500, 200
2012-03-08, 21.3900, 21.3900, 21.3800, 21.3800, 300
2012-03-09, 21.2000, 21.2000, 21.2000, 21.2000, 200
2012-03-12, 21.2600, 21.2600, 21.2600, 21.2600, 200
2012-03-13, 21.2900, 21.2900, 21.2700, 21.2700, 2900
2012-03-14, 21.0100, 21.0443, 21.0100, 21.0443, 1316
2012-03-15, 21.0400, 21.8900, 20.9700, 21.0000, 6000
2012-03-16, 20.8000, 20.8000, 20.7800, 20.7800, 400
2012-03-19, 20.8100, 21.1700, 20.7999, 21.1700, 4464
2012-03-20, 20.9000, 20.9900, 20.9000, 20.9300, 500
2012-03-21, 20.8600, 20.9300, 20.8600, 20.9300, 5900
2012-03-22, 21.0600, 21.0600, 21.0600, 21.0600, 200
2012-03-23, 21.2100, 21.2100, 21.1800, 21.1800, 2700
2012-03-26, 21.1000, 21.1000, 21.0300, 21.0300, 300
2012-03-27, 20.9700, 21.0500, 20.9700, 21.0500, 10000
2012-03-28, 21.0600, 21.3000, 21.0600, 21.3000, 10400
2012-03-29, 21.2700, 21.3600, 21.2000, 21.2000, 96050
2012-03-30, 21.2700, 21.3800, 21.2700, 21.3800, 2000
2012-04-02, 21.1700, 21.1700, 21.1700, 21.1700, 100
2012-04-03, 21.1900, 21.1900, 21.1900, 21.1900, 200
2012-04-04, 22.9400, 22.9400, 21.3010, 21.5100, 4300
2012-04-05, 21.4000, 21.4000, 21.4000, 21.4000, 100
2012-04-09, 21.7200, 21.7299, 21.7200, 21.7299, 900
2012-04-10, 21.7400, 21.7400, 21.7400, 21.7400, 200
2012-04-11, 21.8700, 21.8700, 21.8700, 21.8700, 200
2012-04-12, 21.8700, 21.8700, 21.8700, 21.8700, 0
2012-04-13, 21.7400, 21.7500, 21.7400, 21.7500, 700
2012-04-16, 21.7000, 21.8800, 21.7000, 21.8800, 3100
2012-04-17, 21.7000, 21.7000, 21.6900, 21.6900, 900
2012-04-18, 21.7800, 21.8600, 21.7800, 21.8600, 300
2012-04-19, 21.7600, 21.7700, 21.7600, 21.7700, 700
2012-04-20, 21.8100, 21.8100, 21.8100, 21.8100, 500
2012-04-23, 22.2000, 22.2000, 22.1700, 22.1800, 2973
2012-04-24, 22.1300, 22.1700, 22.0500, 22.1400, 31199
2012-04-25, 21.9100, 21.9100, 21.8900, 21.8900, 3000
2012-04-26, 21.8900, 21.8900, 21.8900, 21.8900, 500
2012-04-27, 21.8900, 21.9100, 21.8000, 21.8000, 53797
2012-04-30, 22.4100, 22.4100, 21.9000, 21.9800, 34900
2012-05-01, 21.9500, 21.9500, 21.7000, 21.8000, 17997
2012-05-02, 21.9900, 22.0100, 21.8100, 21.8100, 46887
2012-05-03, 22.0000, 22.3700, 22.0000, 22.3700, 73887
2012-05-04, 22.8500, 23.1000, 22.3900, 22.5500, 16199
2012-05-07, 22.8600, 22.8600, 22.4600, 22.5600, 40426
2012-05-08, 22.7700, 22.9580, 22.7200, 22.9500, 17700
2012-05-09, 22.9500, 22.9700, 22.7800, 22.8000, 37310
2012-05-10, 22.7120, 22.9100, 22.7000, 22.8500, 24389
2012-05-11, 22.9500, 22.9500, 22.7600, 22.8300, 109800
2012-05-14, 22.9200, 23.0400, 22.9100, 23.0000, 45400
2012-05-15, 23.1100, 23.2700, 23.0400, 23.2700, 48000
2012-05-16, 23.2700, 23.5000, 23.1000, 23.5000, 9300
2012-05-17, 23.5500, 23.7200, 23.5500, 23.7200, 15000
2012-05-18, 23.6900, 23.8200, 23.6800, 23.7700, 3470
2012-05-21, 23.7500, 23.7500, 23.4820, 23.4820, 7604
2012-05-22, 23.4000, 23.4700, 23.3127, 23.4700, 4500
2012-05-23, 23.6600, 23.7100, 23.4500, 23.4900, 50400
2012-05-24, 23.3700, 23.6100, 23.3700, 23.5700, 6927
2012-05-25, 23.4800, 23.5000, 23.4400, 23.5000, 5200
2012-05-29, 23.2500, 23.3700, 23.2000, 23.2100, 22500
2012-05-30, 23.4455, 23.9200, 23.4455, 23.6000, 58647
2012-05-31, 23.6000, 23.7400, 23.6000, 23.6300, 45406
2012-06-01, 23.9400, 24.1300, 23.9400, 24.1083, 15074
2012-06-04, 24.1600, 24.5300, 24.1600, 24.3400, 71760
2012-06-05, 24.3500, 24.3500, 24.0845, 24.0845, 17299
2012-06-06, 24.0250, 24.0250, 23.7300, 23.9600, 10250
2012-06-07, 23.5800, 23.9700, 23.5800, 23.8800, 8191
2012-06-08, 24.0400, 24.0700, 23.8300, 23.8715, 96360
2012-06-11, 23.8200, 24.3400, 23.8200, 24.3400, 12212
2012-06-12, 24.5700, 24.5700, 24.1400, 24.1600, 52825
2012-06-13, 24.3500, 24.4299, 24.0800, 24.4299, 26500
2012-06-14, 24.4000, 24.4500, 24.2800, 24.3990, 36762
2012-06-15, 24.4800, 24.4800, 24.0400, 24.0400, 45750
2012-06-18, 24.2910, 24.3640, 24.1200, 24.2290, 36331
2012-06-19, 24.0000, 24.1600, 23.7510, 23.8801, 30000
2012-06-20, 24.2000, 24.2000, 23.5700, 23.8400, 39896
2012-06-21, 23.8350, 24.2500, 23.7600, 23.9900, 100000
2012-06-22, 24.0700, 24.2600, 23.9800, 24.0900, 77472
2012-06-25, 24.3944, 24.5900, 24.2900, 24.5200, 38209
2012-06-26, 24.6500, 24.6600, 24.4100, 24.5400, 31405
2012-06-27, 24.8000, 24.8000, 24.3000, 24.3900, 7410
2012-06-28, 24.3100, 24.3210, 24.1700, 24.2300, 24000
2012-06-29, 24.2900, 24.2900, 23.6800, 23.7170, 128913
2012-07-02, 23.3100, 24.0000, 23.3100, 24.0000, 2700
2012-07-03, 23.7600, 23.7600, 23.7600, 23.7600, 115
2012-07-05, 23.4990, 23.7599, 23.4990, 23.7299, 16257
2012-07-06, 23.8446, 24.1100, 23.8446, 24.1100, 7650
2012-07-09, 24.4700, 24.4700, 24.0300, 24.1600, 12600
2012-07-10, 24.0200, 24.5200, 23.9843, 24.5200, 11695
2012-07-11, 24.3800, 24.5422, 24.3800, 24.5422, 6500
2012-07-12, 24.7599, 24.7599, 24.6600, 24.6700, 1300
2012-07-13, 24.6500, 24.6500, 24.4600, 24.4600, 2100
2012-07-16, 24.5000, 24.5760, 24.5000, 24.5399, 3750
2012-07-17, 24.6832, 24.6832, 24.5000, 24.5382, 2050
2012-07-18, 24.2900, 24.9200, 24.1100, 24.1800, 19900
2012-07-19, 23.9601, 24.0300, 23.9601, 24.0300, 1195
2012-07-20, 24.1100, 24.2699, 24.1100, 24.2699, 6178
2012-07-23, 24.4900, 24.4900, 24.3290, 24.3400, 2400
2012-07-24, 24.2800, 24.5200, 24.2800, 24.5200, 96925
2012-07-25, 24.4500, 24.6044, 24.4000, 24.5219, 9395
2012-07-26, 24.4900, 24.4900, 24.2900, 24.2900, 4548
2012-07-27, 24.2210, 24.2210, 23.9190, 23.9400, 6100
2012-07-30, 23.9400, 24.1710, 22.7400, 24.0500, 9708
2012-07-31, 24.2900, 24.2900, 23.9300, 23.9400, 17870
2012-08-01, 24.1300, 24.1300, 24.1300, 24.1300, 1000
2012-08-02, 24.3300, 24.4400, 24.2500, 24.2500, 9077
2012-08-03, 24.2500, 24.2900, 24.0900, 24.0900, 31920
2012-08-06, 23.9760, 23.9760, 23.9760, 23.9760, 611
2012-08-07, 23.3600, 23.3600, 23.2800, 23.2800, 4733
2012-08-08, 23.3948, 23.3948, 23.3300, 23.3400, 5658
2012-08-09, 22.8200, 23.2650, 22.8200, 23.0068, 31395
2012-08-10, 23.0800, 23.1000, 23.0700, 23.0700, 500
2012-08-13, 23.0900, 23.0900, 23.0900, 23.0900, 200600
2012-08-14, 23.0800, 23.2267, 23.0800, 23.2267, 18000
2012-08-15, 23.1536, 23.1999, 23.1536, 23.1699, 1791
2012-08-16, 23.0799, 23.0799, 22.8301, 22.8600, 6960
2012-08-17, 22.7700, 22.7700, 22.7700, 22.7700, 2000
2012-08-20, 22.7911, 22.7911, 22.7911, 22.7911, 200
2012-08-21, 22.6200, 22.6800, 22.6200, 22.6800, 1200
2012-08-22, 22.7101, 22.7101, 22.7101, 22.7101, 600
2012-08-23, 22.8101, 22.8800, 22.8101, 22.8800, 1250
2012-08-24, 23.0101, 23.0101, 22.9300, 22.9300, 25154
2012-08-27, 23.0700, 23.0700, 23.0700, 23.0700, 1000
2012-08-28, 23.3400, 23.3400, 23.0720, 23.0720, 4734
2012-08-29, 23.0300, 23.0300, 23.0300, 23.0300, 115
2012-08-30, 23.0800, 23.2200, 23.0800, 23.1900, 3489
2012-08-31, 23.1400, 23.1400, 23.0900, 23.0901, 625
2012-09-04, 23.2900, 23.3000, 23.2300, 23.2300, 1800
2012-09-05, 23.2299, 23.2300, 23.2299, 23.2299, 1800
2012-09-06, 22.9608, 22.9608, 22.7801, 22.8599, 5213
2012-09-07, 22.4300, 22.4500, 22.4300, 22.4500, 684
2012-09-10, 22.4400, 22.4400, 22.4400, 22.4400, 1000
2012-09-11, 22.4200, 22.4200, 22.3600, 22.3900, 1415
2012-09-12, 22.3580, 22.3580, 22.3580, 22.3580, 152
2012-09-13, 22.4600, 22.4600, 21.2689, 22.0400, 32695
2012-09-14, 21.5300, 21.7500, 21.5300, 21.6700, 2568
2012-09-17, 21.7901, 21.8801, 21.7900, 21.8800, 2405
2012-09-18, 21.6800, 22.2000, 21.6800, 22.2000, 4394
2012-09-19, 21.9901, 22.0200, 21.9901, 22.0200, 52890
2012-09-20, 22.2500, 22.3500, 22.2500, 22.2500, 3517
2012-09-21, 22.3600, 22.3600, 22.3600, 22.3600, 147
2012-09-24, 22.4500, 22.4500, 22.4500, 22.4500, 1000
2012-09-25, 22.6400, 22.9700, 22.6300, 22.9700, 25067
2012-09-26, 23.2000, 23.2000, 23.1200, 23.1800, 1650
2012-09-27, 23.2500, 23.2500, 22.8600, 22.9000, 4894
2012-09-28, 23.0600, 23.0600, 23.0440, 23.0440, 387
2012-10-01, 23.0440, 23.0440, 23.0440, 23.0440, 0
2012-10-02, 23.1500, 23.1500, 23.1100, 23.1100, 941
2012-10-03, 23.1200, 23.1600, 23.1200, 23.1330, 4440
2012-10-04, 23.0100, 23.0100, 22.9600, 22.9600, 2100
2012-10-05, 22.7900, 22.9890, 22.7900, 22.9860, 2258
2012-10-08, 22.8800, 22.8800, 22.8800, 22.8800, 2000
2012-10-09, 22.9200, 23.0000, 22.9200, 22.9832, 7938
2012-10-10, 23.0400, 23.1500, 23.0228, 23.1500, 3186
2012-10-11, 22.9300, 22.9300, 22.8300, 22.8800, 4676
2012-10-12, 22.9900, 23.0453, 22.9700, 22.9700, 2551
2012-10-15, 22.9600, 22.9600, 22.9500, 22.9500, 2000
2012-10-16, 22.8199, 22.8499, 22.7600, 22.8399, 4029
2012-10-17, 22.6700, 22.6700, 22.6262, 22.6456, 2455
2012-10-18, 22.6100, 22.7099, 22.5400, 22.7099, 3395
2012-10-19, 22.7001, 22.8899, 22.7001, 22.8799, 3617
2012-10-22, 22.7400, 22.8362, 22.7400, 22.8362, 2300
2012-10-23, 22.9699, 22.9699, 22.9600, 22.9600, 934
2012-10-24, 23.0001, 23.0100, 23.0001, 23.0100, 2334
2012-10-25, 22.9100, 23.0400, 22.9100, 23.0200, 5889
2012-10-26, 23.0100, 23.0100, 23.0100, 23.0100, 2000
2012-10-31, 22.8400, 22.8900, 22.8400, 22.8900, 2200
2012-11-01, 22.9100, 22.9100, 22.8600, 22.9000, 3000
2012-11-02, 22.8100, 22.8600, 22.0400, 22.8600, 24590
2012-11-05, 22.7700, 22.7900, 22.7400, 22.7500, 47364
2012-11-06, 22.6300, 22.6300, 22.6000, 22.6220, 5150
2012-11-07, 22.8700, 22.9299, 22.8700, 22.9000, 9997
2012-11-08, 23.0600, 23.1201, 23.0200, 23.1201, 1142
2012-11-09, 23.3300, 23.3600, 23.0801, 23.1700, 3699
2012-11-12, 23.1300, 23.1300, 23.1200, 23.1200, 500
2012-11-13, 23.1001, 23.1295, 23.1001, 23.1001, 700
2012-11-14, 23.1001, 23.1001, 23.1001, 23.1001, 638
2012-11-15, 23.2901, 23.3100, 23.2000, 23.2000, 5310
2012-11-16, 23.2000, 23.4000, 23.2000, 23.3000, 1900
2012-11-19, 23.1600, 23.1600, 23.1000, 23.1500, 735
2012-11-20, 23.1500, 23.1500, 23.1500, 23.1500, 600
2012-11-21, 23.1500, 23.1500, 23.1500, 23.1500, 0
2012-11-23, 22.9799, 22.9800, 22.9799, 22.9800, 400
2012-11-26, 23.0620, 23.0620, 22.9700, 22.9700, 1500
2012-11-27, 22.9499, 22.9700, 22.9200, 22.9500, 4445
2012-11-28, 23.1645, 23.1645, 23.0600, 23.0600, 1400
2012-11-29, 23.0600, 23.0600, 23.0600, 23.0600, 0
2012-11-30, 22.8699, 22.8699, 22.8699, 22.8699, 200
2012-12-03, 22.8400, 22.8400, 22.8400, 22.8400, 3920
2012-12-04, 22.8299, 22.8299, 22.8299, 22.8299, 200
2012-12-05, 22.7199, 22.7199, 22.7199, 22.7199, 265
2012-12-06, 22.7700, 22.7700, 22.7700, 22.7700, 250
2012-12-07, 22.5700, 22.6800, 22.5700, 22.6500, 1433
2012-12-10, 22.6100, 22.6100, 22.6100, 22.6100, 100
2012-12-11, 22.6100, 22.6100, 22.6100, 22.6100, 0
2012-12-12, 22.2701, 22.2801, 22.2500, 22.2500, 5490
2012-12-13, 22.3575, 22.3799, 22.3501, 22.3501, 1265
2012-12-14, 22.3600, 22.3600, 22.3600, 22.3600, 500
2012-12-17, 22.1800, 22.1854, 22.1700, 22.1854, 1500
2012-12-18, 21.8400, 21.8900, 21.8200, 21.8600, 17703
2012-12-19, 21.7599, 21.8900, 21.7599, 21.8600, 6400
2012-12-20, 21.8500, 21.8535, 21.7699, 21.8000, 11300
2012-12-21, 21.8000, 21.8000, 21.8000, 21.8000, 0
2012-12-24, 21.8000, 21.8000, 21.8000, 21.8000, 0
2012-12-26, 21.7800, 21.9501, 21.7800, 21.9100, 3700
2012-12-27, 22.0900, 22.3200, 21.2200, 21.7900, 5400
2012-12-28, 21.9900, 22.0400, 21.9900, 22.0400, 664
2012-12-31, 22.0400, 22.0400, 22.0400, 22.0400, 0
2013-01-02, 21.2900, 21.5600, 21.2900, 21.3700, 5201
2013-01-03, 21.3100, 21.3100, 21.3100, 21.3100, 234
2013-01-04, 21.3499, 21.4501, 21.3499, 21.4500, 700
2013-01-07, 21.5000, 21.5000, 21.2600, 21.2600, 5800
2013-01-08, 21.3500, 21.3775, 21.3414, 21.3414, 800
2013-01-09, 21.3414, 21.3414, 21.3414, 21.3414, 0
2013-01-10, 21.3414, 21.3414, 21.3414, 21.3414, 0
2013-01-11, 21.3414, 21.3414, 21.3414, 21.3414, 0
2013-01-14, 21.4500, 21.4500, 21.4500, 21.4500, 999
2013-01-15, 21.4500, 21.4500, 21.4500, 21.4500, 0
2013-01-16, 21.4500, 21.4500, 21.4500, 21.4500, 0
2013-01-17, 21.2700, 21.3000, 21.2700, 21.3000, 10497
2013-01-18, 21.2760, 21.2760, 21.2760, 21.2760, 483
2013-01-22, 21.1600, 21.1600, 21.1500, 21.1500, 749
2013-01-23, 21.1500, 21.1500, 21.1500, 21.1500, 0
2013-01-24, 21.0736, 21.0736, 21.0736, 21.0736, 200
2013-01-25, 20.9100, 21.0700, 20.9100, 21.0700, 1800
2013-01-28, 21.1000, 21.1000, 20.9301, 20.9301, 450
2013-01-29, 21.0300, 21.0300, 20.9700, 21.0097, 3844
2013-01-30, 21.0097, 21.0097, 21.0097, 21.0097, 0
2013-01-31, 21.0097, 21.0097, 21.0097, 21.0097, 0
2013-02-01, 20.9899, 20.9999, 20.9899, 20.9999, 802
2013-02-04, 20.9999, 20.9999, 20.9999, 20.9999, 0
2013-02-05, 20.9999, 20.9999, 20.9999, 20.9999, 0
2013-02-06, 21.0190, 21.0190, 21.0190, 21.0190, 240
2013-02-07, 21.0190, 21.0190, 21.0190, 21.0190, 0
2013-02-08, 21.0700, 21.1100, 21.0700, 21.1100, 1379
2013-02-11, 21.1100, 21.1100, 21.1100, 21.1100, 0
2013-02-12, 21.0000, 21.0000, 20.9000, 20.9895, 8105
2013-02-13, 20.9895, 20.9895, 20.9895, 20.9895, 0
2013-02-14, 20.9895, 20.9895, 20.9895, 20.9895, 0
2013-02-15, 20.8900, 20.9000, 20.8800, 20.8800, 36775
2013-02-19, 20.8800, 20.8800, 20.8800, 20.8800, 0
2013-02-20, 21.1079, 21.1079, 21.1079, 21.1079, 276
2013-02-21, 21.3200, 21.5200, 21.2800, 21.5199, 52274
2013-02-22, 21.5200, 21.5200, 21.5200, 21.5200, 541
2013-02-25, 21.3000, 21.7400, 21.3000, 21.4401, 17024
2013-02-26, 21.7500, 21.9300, 21.7500, 21.8400, 6380
2013-02-27, 21.7699, 21.7699, 21.7400, 21.7400, 1947
2013-02-28, 21.7200, 21.7200, 21.7200, 21.7200, 500
2013-03-01, 21.7200, 21.7200, 21.7200, 21.7200, 507
2013-03-04, 21.7200, 21.7200, 21.7200, 21.7200, 0
2013-03-05, 21.5101, 21.5101, 21.5101, 21.5101, 663
2013-03-06, 21.5000, 21.5000, 21.3700, 21.3700, 1477
2013-03-07, 21.1700, 21.1700, 21.1700, 21.1700, 229
2013-03-08, 21.1700, 21.1700, 21.1700, 21.1700, 0
2013-03-11, 21.2300, 21.2300, 21.2300, 21.2300, 1100
2013-03-12, 21.1500, 21.1500, 21.1500, 21.1500, 235
2013-03-13, 21.2299, 21.2400, 21.1000, 21.2400, 2381
2013-03-14, 21.1900, 21.2000, 21.0000, 21.1100, 13744
2013-03-15, 21.0500, 21.1600, 21.0400, 21.1600, 6066
2013-03-18, 21.4900, 21.4900, 21.2100, 21.2500, 3600
2013-03-19, 21.4700, 21.6000, 21.4699, 21.6000, 1237
2013-03-20, 21.3999, 21.4000, 21.3900, 21.3900, 3400
2013-03-21, 21.3900, 21.5644, 21.3700, 21.5644, 800
2013-03-22, 21.5000, 21.5200, 21.4600, 21.5200, 10826
2013-03-25, 21.6700, 21.6700, 21.5000, 21.5800, 1338
2013-03-26, 21.6750, 21.6900, 21.5600, 21.5600, 1980
2013-03-27, 21.5600, 21.5600, 21.5600, 21.5600, 0
2013-03-28, 21.5600, 21.5600, 21.5600, 21.5600, 0
2013-04-01, 21.7990, 21.9200, 21.7990, 21.9199, 1100
2013-04-02, 21.9100, 22.0500, 21.9100, 22.0500, 1324
2013-04-03, 22.0500, 22.0500, 22.0500, 22.0500, 0
2013-04-04, 22.0500, 22.0500, 22.0500, 22.0500, 0
2013-04-05, 22.5500, 22.5500, 22.2899, 22.2900, 5325
2013-04-08, 22.1799, 22.2200, 22.0500, 22.1200, 3499
2013-04-09, 22.1200, 22.1200, 22.1200, 22.1200, 0
2013-04-10, 21.7200, 21.7200, 21.7200, 21.7200, 312
2013-04-11, 21.9200, 21.9600, 21.6510, 21.6510, 5236
2013-04-12, 21.6510, 21.6510, 21.6510, 21.6510, 0
2013-04-15, 22.0410, 22.3900, 22.0410, 22.3300, 787
2013-04-16, 22.3300, 22.3300, 22.3300, 22.3300, 0
2013-04-17, 22.3300, 22.3300, 22.3300, 22.3300, 0
2013-04-18, 22.6400, 22.6400, 22.4200, 22.4820, 1990
2013-04-19, 22.4820, 22.4820, 22.4820, 22.4820, 0
2013-04-22, 22.4900, 22.6200, 22.4900, 22.6200, 547
2013-04-23, 22.4001, 22.4001, 22.4001, 22.4001, 941
2013-04-24, 22.4150, 22.4150, 22.4150, 22.4150, 133
2013-04-25, 22.2200, 22.2280, 22.2200, 22.2200, 1660
2013-04-26, 22.2700, 22.3200, 22.0100, 22.0100, 7972
2013-04-29, 22.0100, 22.0100, 22.0100, 22.0100, 0
2013-04-30, 21.9201, 21.9201, 21.9201, 21.9201, 200
2013-05-01, 22.3879, 22.3879, 22.3879, 22.3879, 400
2013-05-02, 22.3900, 22.3900, 22.0500, 22.0500, 400
2013-05-03, 21.8500, 21.8500, 21.8500, 21.8500, 450
2013-05-06, 21.8500, 21.8500, 21.8500, 21.8500, 0
2013-05-07, 21.5100, 21.5200, 21.5100, 21.5200, 420
2013-05-08, 21.6400, 21.6900, 21.5999, 21.5999, 1772
2013-05-09, 21.6100, 21.6100, 21.5400, 21.5400, 1349
2013-05-10, 21.5500, 21.6000, 21.3860, 21.3860, 997
2013-05-13, 21.8000, 21.8000, 21.4300, 21.4300, 2490
2013-05-14, 21.4501, 21.4501, 21.3000, 21.3000, 1400
2013-05-15, 21.4599, 21.5100, 21.2801, 21.5100, 780
2013-05-16, 21.5100, 21.5100, 21.5100, 21.5100, 0
2013-05-17, 21.3400, 21.3400, 21.2700, 21.2700, 700
2013-05-20, 21.2700, 21.2700, 21.2700, 21.2700, 0
2013-05-21, 21.1000, 21.1000, 20.9800, 20.9801, 1699
2013-05-22, 20.9000, 21.2100, 20.9000, 21.0760, 19667
2013-05-23, 21.1000, 21.3000, 21.1000, 21.3000, 513
2013-05-24, 21.2080, 21.2340, 21.1700, 21.2000, 3628
2013-05-28, 21.2000, 21.2000, 21.2000, 21.2000, 0
2013-05-29, 21.1900, 21.1900, 20.8200, 20.8300, 16586
2013-05-30, 20.8000, 21.5200, 20.6400, 21.5200, 4803
2013-05-31, 20.6000, 20.8520, 20.5200, 20.8000, 10727
2013-06-03, 20.5300, 21.0500, 20.5300, 20.8700, 19100
2013-06-04, 20.8100, 21.0000, 20.6641, 20.7600, 16061
2013-06-05, 21.0800, 21.0800, 20.9000, 21.0100, 6200
2013-06-06, 21.1500, 21.1600, 20.8400, 20.9800, 59200
2013-06-07, 21.0500, 21.0500, 20.8200, 21.0000, 28492
2013-06-10, 21.0000, 21.0000, 20.9500, 20.9699, 36872
2013-06-11, 21.3000, 21.3000, 21.0000, 21.0499, 616
2013-06-12, 20.8710, 21.0800, 20.8710, 21.0350, 1365
2013-06-13, 21.0420, 21.0799, 21.0420, 21.0799, 400
2013-06-14, 20.9200, 21.0500, 20.9200, 21.0500, 590
2013-06-17, 21.3500, 21.3500, 21.0000, 21.0000, 2548
2013-06-18, 21.0000, 21.0000, 21.0000, 21.0000, 0
2013-06-19, 20.6901, 20.6901, 20.6901, 20.6901, 110
2013-06-20, 20.9000, 20.9700, 20.9000, 20.9700, 576
2013-06-21, 20.9801, 21.0400, 20.9501, 20.9501, 1051
2013-06-24, 21.1701, 21.3000, 21.1701, 21.3000, 11890
2013-06-25, 21.3000, 21.3000, 21.3000, 21.3000, 0
2013-06-26, 21.3000, 21.3000, 21.3000, 21.3000, 0
2013-06-27, 20.9700, 20.9724, 20.9400, 20.9400, 2600
2013-06-28, 20.9400, 20.9400, 20.9400, 20.9400, 0
2013-07-01, 20.9400, 20.9400, 20.9400, 20.9400, 0
2013-07-02, 20.9400, 20.9400, 20.9400, 20.9400, 0
2013-07-03, 21.0000, 21.0700, 21.0000, 21.0400, 500
2013-07-05, 21.0400, 21.0400, 21.0400, 21.0400, 0
2013-07-08, 20.9500, 20.9500, 20.8500, 20.8500, 940
2013-07-09, 20.8500, 20.8500, 20.8500, 20.8500, 100
2013-07-10, 20.6500, 20.7400, 20.6500, 20.6901, 32799
2013-07-11, 20.7100, 20.7100, 20.6200, 20.6200, 33100
2013-07-12, 20.5801, 20.5801, 20.5700, 20.5700, 15132
2013-07-15, 20.5700, 20.5700, 20.5700, 20.5700, 0
2013-07-16, 20.5500, 20.8600, 20.5500, 20.6500, 4713
2013-07-17, 20.6401, 20.6401, 20.6300, 20.6300, 623
2013-07-18, 20.6300, 20.6300, 20.6300, 20.6300, 0
2013-07-19, 20.4500, 20.4500, 20.4500, 20.4500, 2075
2013-07-22, 20.6599, 20.6599, 20.4200, 20.4200, 808
2013-07-23, 20.4200, 20.4200, 20.4200, 20.4200, 0
2013-07-24, 20.4200, 20.4200, 20.4200, 20.4200, 0
2013-07-25, 20.4800, 20.5000, 20.4500, 20.4500, 1160
2013-07-26, 20.4700, 20.4900, 20.4700, 20.4900, 2559
2013-07-29, 20.5500, 20.5500, 20.5500, 20.5500, 4100
2013-07-30, 20.3860, 20.3940, 20.3500, 20.3860, 1643
2013-07-31, 20.3860, 20.3860, 20.3860, 20.3860, 0
2013-08-01, 20.0300, 20.0300, 20.0300, 20.0300, 985
2013-08-02, 20.3900, 20.3900, 20.2200, 20.2300, 10978
2013-08-05, 20.2300, 20.2300, 20.2300, 20.2300, 0
2013-08-06, 20.1539, 20.1539, 20.1539, 20.1539, 150
2013-08-07, 20.2900, 20.2900, 20.2900, 20.2900, 123
2013-08-08, 20.2900, 20.2900, 20.2900, 20.2900, 0
2013-08-09, 20.1800, 20.1800, 20.1600, 20.1600, 2613
2013-08-12, 20.1600, 20.1600, 20.1600, 20.1600, 0
2013-08-13, 20.1600, 20.1600, 20.1600, 20.1600, 0
2013-08-14, 20.1600, 20.1600, 20.1600, 20.1600, 0
2013-08-15, 20.1600, 20.1600, 20.1600, 20.1600, 0
2013-08-16, 20.0860, 20.1000, 20.0400, 20.1000, 1540
2013-08-19, 20.1000, 20.1000, 20.1000, 20.1000, 0
2013-08-20, 20.1000, 20.1000, 20.1000, 20.1000, 0
2013-08-21, 20.1000, 20.1000, 20.1000, 20.1000, 0
2013-08-22, 19.8030, 19.8030, 19.8030, 19.8030, 200
2013-08-23, 19.8030, 19.8030, 19.8030, 19.8030, 0
2013-08-26, 20.0400, 20.1200, 19.9700, 20.0200, 31200
2013-08-27, 20.3099, 20.3099, 20.3099, 20.3099, 735
2013-08-28, 20.3099, 20.3099, 20.3099, 20.3099, 0
2013-08-29, 20.1600, 20.1600, 20.0800, 20.0800, 400
2013-08-30, 20.0800, 20.0800, 20.0800, 20.0800, 0
2013-09-03, 20.0800, 20.0800, 20.0800, 20.0800, 0
2013-09-04, 20.0800, 20.0800, 20.0800, 20.0800, 0
2013-09-05, 19.9600, 19.9600, 19.8200, 19.8200, 4684
2013-09-06, 19.8200, 19.8200, 19.8200, 19.8200, 0
2013-09-09, 19.7900, 19.7900, 19.6400, 19.6400, 13600
2013-09-10, 19.5800, 19.5800, 19.4700, 19.4700, 21900
2013-09-11, 19.5413, 19.5413, 19.5413, 19.5413, 1130
2013-09-12, 19.6000, 19.6000, 19.5200, 19.5200, 1200
2013-09-13, 19.6000, 19.6000, 19.6000, 19.6000, 3000
2013-09-16, 19.4700, 19.4700, 19.4700, 19.4700, 175
2013-09-17, 19.4700, 19.4700, 19.4700, 19.4700, 0
2013-09-18, 19.5001, 19.5001, 19.5000, 19.5000, 500
2013-09-19, 19.4200, 19.5100, 19.4200, 19.4700, 22438
2013-09-20, 19.5200, 19.6300, 19.4600, 19.6300, 2400
2013-09-23, 19.6271, 19.7528, 19.6271, 19.7000, 4800
2013-09-24, 19.7300, 19.7300, 19.6300, 19.6300, 4975
2013-09-25, 20.3800, 20.3800, 19.6799, 19.6799, 28469
2013-09-26, 19.6799, 19.6799, 19.6799, 19.6799, 0
2013-09-27, 19.5300, 19.5600, 19.5300, 19.5600, 240
2013-09-30, 19.7200, 19.7300, 19.5100, 19.5200, 4200
2013-10-01, 19.5200, 19.5200, 19.5200, 19.5200, 0
2013-10-02, 19.5200, 19.5200, 19.5200, 19.5200, 0
2013-10-03, 19.5200, 19.5200, 19.5200, 19.5200, 0
2013-10-04, 19.5200, 19.5200, 19.5200, 19.5200, 0
2013-10-07, 19.0600, 19.3500, 19.0600, 19.3500, 33666
2013-10-08, 19.5810, 19.8000, 19.5810, 19.7300, 20000
2013-10-09, 19.7500, 20.0000, 19.7500, 19.9100, 30700
2013-10-10, 19.8300, 19.8300, 19.5900, 19.5900, 55299
2013-10-11, 19.6800, 19.8000, 19.5710, 19.6000, 76083
2013-10-14, 19.7200, 19.8200, 19.5200, 19.5200, 48956
2013-10-15, 19.7000, 19.8300, 19.5900, 19.6600, 107040
2013-10-16, 19.9000, 19.9000, 19.6400, 19.6600, 55148
2013-10-17, 19.6800, 19.7700, 19.5400, 19.6500, 110100
2013-10-18, 19.6000, 19.7500, 19.4900, 19.5400, 90446
2013-10-21, 19.7000, 19.7000, 19.5000, 19.5800, 53700
2013-10-22, 19.5700, 19.6900, 19.5000, 19.5800, 15610
2013-10-23, 19.6500, 19.7200, 19.5600, 19.6700, 3200
2013-10-24, 19.6700, 19.6700, 19.6700, 19.6700, 0
2013-10-25, 19.4800, 19.5800, 19.3900, 19.5100, 2200
2013-10-28, 19.7199, 19.7199, 19.5700, 19.6500, 1092
2013-10-29, 19.5800, 19.6500, 19.5800, 19.6500, 400
2013-10-30, 19.6500, 19.6500, 19.6500, 19.6500, 200
2013-10-31, 19.6400, 19.6500, 19.6300, 19.6400, 610
2013-11-01, 19.5800, 19.6600, 19.5500, 19.5700, 8249
2013-11-04, 19.5700, 19.5700, 19.5700, 19.5700, 0
2013-11-05, 19.5504, 19.5504, 19.5504, 19.5504, 200
2013-11-06, 19.3700, 19.5500, 19.3700, 19.5500, 1875
2013-11-07, 19.5500, 19.5500, 19.5500, 19.5500, 0
2013-11-08, 19.5610, 19.5610, 19.5610, 19.5610, 100
2013-11-11, 19.6800, 19.6800, 19.6800, 19.6800, 1000
2013-11-12, 19.6800, 19.6800, 19.6800, 19.6800, 0
2013-11-13, 19.6800, 19.6800, 19.6800, 19.6800, 0
2013-11-14, 19.6800, 19.6800, 19.6800, 19.6800, 0
2013-11-15, 19.6800, 19.6800, 19.6800, 19.6800, 0
2013-11-18, 19.2110, 19.2600, 19.2100, 19.2600, 300
2013-11-19, 19.6200, 19.6200, 19.6200, 19.6200, 100
2013-11-20, 19.6200, 19.6200, 19.6200, 19.6200, 0
2013-11-21, 19.4900, 19.4900, 19.4700, 19.4700, 1000
2013-11-22, 19.6500, 19.6500, 19.6400, 19.6400, 749
2013-11-25, 19.6400, 19.6400, 19.6400, 19.6400, 0
2013-11-26, 19.4711, 19.4711, 19.4711, 19.4711, 100
2013-11-27, 19.9000, 19.9000, 19.5400, 19.5400, 642
2013-11-29, 19.5400, 19.5400, 19.5400, 19.5400, 0
2013-12-02, 19.2901, 19.2901, 19.2901, 19.2901, 573
2013-12-03, 19.5300, 19.5300, 19.5000, 19.5100, 10000
2013-12-04, 19.0000, 19.3999, 19.0000, 19.3999, 3000
2013-12-05, 19.3800, 19.4900, 19.3500, 19.3500, 7600
2013-12-06, 19.3500, 19.3500, 19.3500, 19.3500, 0
2013-12-09, 19.4399, 19.4399, 19.4399, 19.4399, 641
2013-12-10, 19.4399, 19.4399, 19.4399, 19.4399, 0
2013-12-11, 19.4399, 19.4399, 19.4399, 19.4399, 13
2013-12-12, 19.4399, 19.4399, 19.4399, 19.4399, 16
2013-12-13, 19.5200, 19.5700, 19.4600, 19.4600, 23522
2013-12-16, 19.6000, 19.6000, 19.2100, 19.2100, 7121
2013-12-17, 19.1600, 19.4900, 19.1600, 19.4800, 18330
2013-12-18, 19.2000, 19.6300, 18.9900, 19.0400, 50551
2013-12-19, 19.2000, 19.3300, 19.1400, 19.2100, 18798
2013-12-20, 19.1500, 19.3200, 19.1500, 19.2600, 35159
2013-12-23, 19.3000, 19.3000, 19.3000, 19.3000, 303
2013-12-24, 19.2500, 19.2500, 19.2500, 19.2500, 100
2013-12-26, 19.1800, 19.2200, 19.1800, 19.2000, 513
2013-12-27, 19.2200, 19.2400, 19.1700, 19.1700, 770
2013-12-30, 19.3300, 19.3300, 19.0008, 19.0008, 7843
2013-12-31, 19.0008, 19.0008, 19.0008, 19.0008, 0
2014-01-02, 19.0000, 19.1600, 19.0000, 19.1100, 1534
2014-01-03, 19.1500, 19.2200, 19.0700, 19.1600, 19850
2014-01-06, 19.1600, 19.1600, 19.1600, 19.1600, 71
2014-01-07, 19.1600, 19.1600, 19.1600, 19.1600, 18
2014-01-08, 19.0600, 19.2600, 18.8800, 19.0700, 15128
2014-01-09, 18.7300, 18.9300, 18.7300, 18.9100, 3745
2014-01-10, 18.9100, 18.9900, 18.9100, 18.9400, 1200
2014-01-13, 19.0200, 19.0200, 19.0200, 19.0200, 300
2014-01-14, 19.0400, 19.0400, 19.0200, 19.0200, 606
2014-01-15, 19.0100, 19.0100, 19.0100, 19.0100, 100
2014-01-16, 19.0000, 19.0000, 18.8800, 18.9100, 12035
2014-01-17, 19.0000, 19.0000, 18.8600, 18.8980, 8562
2014-01-21, 19.0500, 19.0500, 18.9200, 18.9700, 6500
2014-01-22, 18.9900, 19.0300, 18.8600, 18.9500, 10672
2014-01-23, 19.0300, 19.0300, 18.8800, 18.9500, 11982
2014-01-24, 19.0800, 19.0800, 19.0500, 19.0800, 500
2014-01-27, 19.4500, 19.4600, 19.2400, 19.3500, 3102
2014-01-28, 20.4300, 20.4300, 19.2000, 19.2000, 9732
2014-01-29, 19.2000, 19.2000, 19.2000, 19.2000, 0
2014-01-30, 19.2000, 19.2000, 19.2000, 19.2000, 13
2014-01-31, 18.9400, 19.0200, 18.8500, 18.8500, 1091
2014-02-03, 19.2188, 19.2188, 19.0800, 19.0800, 1106
2014-02-04, 19.0800, 19.0800, 19.0800, 19.0800, 28
2014-02-05, 19.0800, 19.0800, 19.0800, 19.0800, 37
2014-02-06, 19.0800, 19.0800, 19.0800, 19.0800, 2
2014-02-07, 19.0800, 19.0800, 19.0800, 19.0800, 0
2014-02-10, 19.1500, 19.1600, 19.1500, 19.1600, 375
2014-02-11, 19.1500, 19.1500, 19.1500, 19.1500, 340
2014-02-12, 19.1500, 19.1500, 19.1500, 19.1500, 0
2014-02-13, 18.9320, 18.9320, 18.9320, 18.9320, 100
2014-02-14, 18.9320, 18.9320, 18.9320, 18.9320, 1
2014-02-18, 19.0200, 19.0200, 18.7900, 18.7900, 32000
2014-02-19, 18.8800, 18.9700, 18.8800, 18.9700, 301
2014-02-20, 18.7800, 18.8400, 18.7800, 18.8400, 666
2014-02-21, 18.8400, 18.8400, 18.8400, 18.8400, 0
2014-02-24, 18.7500, 18.7600, 18.6600, 18.6600, 977
2014-02-25, 18.6600, 18.6600, 18.6600, 18.6600, 0
2014-02-26, 18.6400, 18.6710, 18.6400, 18.6710, 6026
2014-02-27, 18.7800, 18.7900, 18.6300, 18.6454, 1460
2014-02-28, 18.6454, 18.6454, 18.6454, 18.6454, 0
2014-03-03, 18.6454, 18.6454, 18.6454, 18.6454, 6
2014-03-04, 18.7000, 18.7000, 18.7000, 18.7000, 135
2014-03-05, 18.7000, 18.7000, 18.7000, 18.7000, 0
2014-03-06, 18.7199, 18.7200, 18.7199, 18.7200, 550
2014-03-07, 18.7200, 18.7200, 18.7200, 18.7200, 14
2014-03-10, 18.7200, 18.7200, 18.7200, 18.7200, 0
2014-03-11, 18.7200, 18.7200, 18.7200, 18.7200, 0
2014-03-12, 18.7200, 18.7200, 18.7200, 18.7200, 0
2014-03-13, 19.1800, 19.1800, 19.0000, 19.1700, 35905
2014-03-14, 19.0800, 19.1401, 19.0400, 19.0400, 23827
2014-03-17, 19.0500, 19.1800, 18.9999, 19.0100, 24500
2014-03-18, 19.0400, 19.1301, 18.9400, 19.0200, 16782
2014-03-19, 18.8800, 18.8900, 18.8800, 18.8900, 426
2014-03-20, 18.8600, 19.0900, 18.8600, 19.0100, 11112
2014-03-21, 18.8800, 19.1500, 18.8100, 18.9200, 39617
2014-03-24, 19.0399, 19.1800, 18.9900, 19.0799, 18731
2014-03-25, 19.0199, 19.1500, 19.0199, 19.1001, 6373
2014-03-26, 19.2000, 19.3300, 19.0300, 19.2600, 52501
2014-03-27, 19.2500, 19.3600, 19.1800, 19.2400, 16500
2014-03-28, 19.1800, 19.3300, 19.1799, 19.2600, 13381
2014-03-31, 19.1800, 19.1800, 19.1800, 19.1800, 360
2014-04-01, 19.1800, 19.1800, 19.1800, 19.1800, 22
2014-04-02, 19.0100, 19.1000, 18.9599, 19.0900, 16385
2014-04-03, 19.0900, 19.0900, 19.0900, 19.0900, 0
2014-04-04, 19.0900, 19.0900, 19.0900, 19.0900, 0
2014-04-07, 19.5915, 19.5915, 19.3839, 19.3839, 792
2014-04-08, 19.3839, 19.3839, 19.3839, 19.3839, 0
2014-04-09, 19.4799, 19.4800, 19.2199, 19.2600, 21412
2014-04-10, 19.2600, 19.2600, 19.2600, 19.2600, 6
2014-04-11, 19.4300, 19.5300, 19.4300, 19.5300, 800
2014-04-14, 19.5300, 19.5300, 19.5300, 19.5300, 0
2014-04-15, 19.5300, 19.5300, 19.5300, 19.5300, 0
2014-04-16, 19.6200, 19.6200, 19.6200, 19.6200, 528
2014-04-17, 19.6200, 19.6200, 19.6200, 19.6200, 0
2014-04-21, 19.4000, 19.4700, 19.3900, 19.4401, 4011
2014-04-22, 19.3000, 19.4100, 19.2900, 19.3400, 211026
2014-04-23, 19.2400, 19.4300, 19.2400, 19.3700, 3301
2014-04-24, 19.4800, 19.5500, 19.2800, 19.3700, 7501
2014-04-25, 19.5300, 19.6000, 19.5200, 19.6000, 4148
2014-04-28, 19.6320, 19.6320, 19.6320, 19.6320, 517
2014-04-29, 19.6320, 19.6320, 19.6320, 19.6320, 0
2014-04-30, 19.6320, 19.6320, 19.6320, 19.6320, 10
2014-05-01, 19.5000, 19.6000, 19.5000, 19.5560, 2367
2014-05-02, 19.5500, 19.5600, 19.5300, 19.5600, 4460
2014-05-05, 19.4710, 19.5599, 19.4710, 19.5438, 2000
2014-05-06, 19.6400, 19.6400, 19.6400, 19.6400, 6644
2014-05-07, 19.8600, 19.9300, 19.8600, 19.9100, 7056
2014-05-08, 19.8699, 19.8700, 19.8500, 19.8700, 1022
2014-05-09, 19.8700, 19.8700, 19.8700, 19.8700, 0
2014-05-12, 19.9300, 19.9300, 19.5200, 19.5200, 202902
2014-05-13, 19.5400, 19.5400, 19.5400, 19.5400, 236
2014-05-14, 19.5400, 19.5400, 19.5400, 19.5400, 75
2014-05-15, 19.9000, 19.9000, 19.7200, 19.7200, 700
2014-05-16, 19.7200, 19.7200, 19.7200, 19.7200, 0
2014-05-19, 19.8300, 19.8300, 19.7600, 19.7800, 1089
2014-05-20, 20.1700, 20.1700, 19.7700, 19.7900, 1701
2014-05-21, 19.7800, 19.7800, 19.6801, 19.6801, 1105
2014-05-22, 19.6000, 19.6010, 19.6000, 19.6000, 4019
2014-05-23, 19.5300, 19.5300, 19.5300, 19.5300, 3540
2014-05-27, 19.4501, 19.4501, 19.0100, 19.4200, 800
2014-05-28, 19.4001, 19.4001, 19.4001, 19.4001, 300
2014-05-29, 19.2900, 19.4200, 19.2900, 19.4200, 23500
2014-05-30, 19.4210, 19.5199, 19.4200, 19.5199, 4900
2014-06-02, 19.3700, 19.6180, 19.3700, 19.4900, 13703
2014-06-03, 19.6799, 19.6799, 19.6799, 19.6799, 977
2014-06-04, 19.6000, 19.6200, 19.6000, 19.6200, 3226
2014-06-05, 19.6200, 19.6200, 19.6200, 19.6200, 0
2014-06-06, 19.4000, 19.4000, 19.4000, 19.4000, 2480
2014-06-09, 19.3500, 19.4099, 19.3500, 19.4099, 604
2014-06-10, 19.4099, 19.4099, 19.4099, 19.4099, 177
2014-06-11, 19.2100, 19.3484, 19.1800, 19.1800, 2001
2014-06-12, 19.4100, 19.4100, 19.3900, 19.3900, 1247
2014-06-13, 19.3090, 19.3090, 19.3000, 19.3000, 733
2014-06-16, 19.4099, 19.4099, 19.4099, 19.4099, 842
2014-06-17, 19.4099, 19.4099, 19.4099, 19.4099, 84
2014-06-18, 19.3499, 19.3499, 19.3499, 19.3499, 145
2014-06-19, 19.3100, 19.3100, 19.3100, 19.3100, 296
2014-06-20, 19.1900, 19.2501, 19.1300, 19.2400, 26287
2014-06-23, 18.8400, 19.2999, 18.8400, 19.2400, 6187
2014-06-24, 19.2599, 19.2599, 19.1500, 19.1500, 600
2014-06-25, 19.2699, 19.2801, 19.2699, 19.2800, 629
2014-06-26, 19.2800, 19.2800, 19.2800, 19.2800, 200150
2014-06-27, 19.1330, 19.1330, 19.1100, 19.1100, 1420
2014-06-30, 19.2000, 19.2000, 19.2000, 19.2000, 1007
2014-07-01, 19.1500, 19.2000, 19.1500, 19.2000, 6189
2014-07-02, 19.0728, 19.0728, 19.0728, 19.0728, 1602
2014-07-03, 19.2000, 19.2000, 19.2000, 19.2000, 608
2014-07-07, 19.0901, 19.2000, 19.0900, 19.2000, 1322
2014-07-08, 19.4800, 19.6400, 19.4200, 19.4800, 46200
2014-07-09, 19.4400, 19.5600, 19.4200, 19.5001, 18661
2014-07-10, 19.5800, 19.7000, 19.3800, 19.5100, 14862
2014-07-11, 19.4200, 19.4900, 19.4200, 19.4900, 603
2014-07-14, 19.5000, 19.6200, 19.5000, 19.6200, 961
2014-07-15, 19.6300, 19.6300, 19.6300, 19.6300, 19651
2014-07-16, 19.6400, 19.6400, 19.5301, 19.5301, 4866
2014-07-17, 19.0500, 19.7199, 19.0500, 19.6200, 30574
2014-07-18, 19.6100, 19.6200, 19.5900, 19.5901, 201788
2014-07-21, 19.6300, 19.6499, 19.6300, 19.6300, 1457
2014-07-22, 19.6300, 19.6300, 19.6300, 19.6300, 0
2014-07-23, 19.5000, 19.5035, 19.4800, 19.4800, 901
2014-07-24, 19.4800, 19.4800, 19.4800, 19.4800, 0
2014-07-25, 19.6101, 19.6101, 19.6101, 19.6101, 413
2014-07-28, 19.6500, 19.6800, 19.6500, 19.6800, 6000
2014-07-29, 19.6800, 19.6800, 19.6800, 19.6800, 0
2014-07-30, 19.6800, 19.6800, 19.6800, 19.6800, 0
2014-07-31, 19.6800, 19.6800, 19.6800, 19.6800, 50
2014-08-01, 19.7000, 19.7893, 19.7000, 19.7500, 2329
2014-08-04, 19.6600, 19.7000, 19.6600, 19.7000, 925
2014-08-05, 19.7000, 19.7000, 19.7000, 19.7000, 0
2014-08-06, 19.7000, 19.7000, 19.7000, 19.7000, 200007
2014-08-07, 19.7000, 19.7000, 19.7000, 19.7000, 0
2014-08-08, 19.6499, 19.6499, 19.6460, 19.6460, 853
2014-08-11, 19.5000, 19.5899, 19.5000, 19.5899, 2132
2014-08-12, 19.5899, 19.5899, 19.5899, 19.5899, 0
2014-08-13, 19.5600, 19.5600, 19.5600, 19.5600, 287
2014-08-14, 19.4800, 19.4800, 19.4800, 19.4800, 1000
2014-08-15, 19.5101, 19.5101, 19.5101, 19.5101, 151
2014-08-18, 19.5101, 19.5101, 19.5101, 19.5101, 0
2014-08-19, 19.3900, 19.3900, 19.3900, 19.3900, 300
2014-08-20, 19.3900, 19.3900, 19.3900, 19.3900, 200000
2014-08-21, 19.3900, 19.3900, 19.3900, 19.3900, 17
2014-08-22, 19.3900, 19.3900, 19.3900, 19.3900, 0
2014-08-25, 19.2300, 19.2300, 19.1956, 19.1956, 2404
2014-08-26, 19.1956, 19.1956, 19.1956, 19.1956, 0
2014-08-27, 19.1700, 19.1700, 19.1700, 19.1700, 351
2014-08-28, 19.1700, 19.1700, 19.1700, 19.1700, 0
2014-08-29, 19.1700, 19.1700, 19.1700, 19.1700, 26
2014-09-02, 19.1601, 19.1730, 19.1601, 19.1730, 865
2014-09-03, 19.1730, 19.1730, 19.1730, 19.1730, 0
2014-09-04, 19.2010, 19.2240, 19.2000, 19.2240, 902
2014-09-05, 19.2240, 19.2240, 19.2240, 19.2240, 0
2014-09-08, 19.2240, 19.2240, 19.2240, 19.2240, 0
2014-09-09, 19.2801, 19.3200, 19.2801, 19.3200, 2409
2014-09-10, 19.2800, 19.2800, 19.2800, 19.2800, 326
2014-09-11, 19.2800, 19.2800, 19.2800, 19.2800, 0
2014-09-12, 19.2800, 19.2800, 19.2800, 19.2800, 6
2014-09-15, 19.2800, 19.2800, 19.2800, 19.2800, 0
2014-09-16, 19.2800, 19.2800, 19.2800, 19.2800, 1
2014-09-17, 19.2000, 19.2500, 19.2000, 19.2500, 27200
2014-09-18, 19.1000, 19.1000, 19.1000, 19.1000, 1600
2014-09-19, 19.1600, 19.1600, 19.1600, 19.1600, 100
2014-09-22, 19.3200, 19.3200, 19.3200, 19.3200, 100
2014-09-23, 19.2900, 19.3201, 19.2900, 19.3100, 3100
2014-09-24, 19.3100, 19.3100, 19.3100, 19.3100, 0
2014-09-25, 19.3200, 19.3500, 19.3200, 19.3500, 21049
2014-09-26, 19.4100, 19.4100, 19.4100, 19.4100, 284
2014-09-29, 19.3899, 19.3899, 19.3500, 19.3500, 463
2014-09-30, 19.4000, 19.4601, 19.4000, 19.4530, 10400
2014-10-01, 19.5000, 19.7010, 19.5000, 19.6000, 16373
2014-10-02, 19.7400, 19.7400, 19.6800, 19.6800, 405
2014-10-03, 19.4600, 19.5311, 19.4600, 19.5311, 278
2014-10-06, 19.6000, 19.6000, 19.6000, 19.6000, 100
2014-10-07, 19.6900, 19.7000, 19.3500, 19.3500, 205488
2014-10-08, 19.7500, 19.9400, 19.7500, 19.7900, 8101
2014-10-09, 19.9599, 19.9599, 19.9599, 19.9599, 757
2014-10-10, 19.9900, 20.1900, 19.9900, 20.1900, 401
2014-10-13, 20.2964, 20.5195, 20.2964, 20.5180, 9206
2014-10-14, 20.5200, 20.5200, 20.3800, 20.3800, 690
2014-10-15, 20.5400, 20.5400, 20.4701, 20.4701, 755
2014-10-16, 20.4701, 20.4701, 20.4701, 20.4701, 0
2014-10-17, 20.1800, 20.1800, 20.1200, 20.1200, 300
2014-10-20, 20.0801, 20.0801, 20.0801, 20.0801, 147
2014-10-21, 19.9300, 19.9860, 19.9200, 19.9580, 52801
2014-10-22, 19.9600, 19.9600, 19.9400, 19.9600, 9400
2014-10-23, 19.9899, 19.9899, 19.9899, 19.9899, 102
2014-10-24, 19.9899, 19.9899, 19.9899, 19.9899, 0
2014-10-27, 19.9844, 19.9844, 19.9500, 19.9500, 209
2014-10-28, 19.8500, 19.8500, 19.8500, 19.8500, 605
2014-10-29, 19.7700, 19.8436, 19.7600, 19.7600, 5172
2014-10-30, 19.7900, 19.7900, 19.7900, 19.7900, 177
2014-10-31, 19.6300, 19.6300, 19.6000, 19.6000, 350
2014-11-03, 19.6000, 19.6000, 19.6000, 19.6000, 150243
2014-11-04, 19.8339, 19.8339, 19.8000, 19.8000, 800
2014-11-05, 19.8399, 19.8500, 19.8312, 19.8500, 4504
2014-11-06, 19.8600, 19.8600, 19.8600, 19.8600, 147
2014-11-07, 19.8600, 19.8700, 19.8350, 19.8560, 2404
2014-11-10, 20.0000, 20.0000, 19.8600, 19.8600, 970
2014-11-11, 19.8600, 19.8600, 19.8600, 19.8600, 0
2014-11-12, 19.8400, 19.8400, 19.8050, 19.8050, 822
2014-11-13, 19.8900, 19.9900, 19.8700, 19.9700, 1666
2014-11-14, 20.0300, 20.0800, 19.9400, 19.9601, 109136
2014-11-17, 19.9601, 19.9601, 19.9601, 19.9601, 4
2014-11-18, 20.3700, 20.3700, 19.7800, 19.7800, 8717
2014-11-19, 19.9400, 19.9400, 19.9400, 19.9400, 246
2014-11-20, 20.2900, 20.2900, 19.9000, 19.9000, 1089
2014-11-21, 19.9000, 19.9000, 19.9000, 19.9000, 10
2014-11-24, 19.7500, 19.7600, 19.7500, 19.7600, 5208
2014-11-25, 19.7700, 19.8200, 19.7700, 19.8199, 905
2014-11-26, 19.8400, 19.9100, 19.8200, 19.9000, 1416
2014-11-28, 20.0000, 20.3500, 20.0000, 20.0600, 1596
2014-12-01, 20.0600, 20.0600, 20.0600, 20.0600, 0
2014-12-02, 19.9900, 20.3300, 19.9900, 20.0300, 19351
2014-12-03, 19.8899, 20.2500, 19.8899, 20.0400, 6438
2014-12-04, 19.9000, 20.4700, 19.7610, 19.7610, 7500
2014-12-05, 19.7800, 19.8000, 19.6600, 19.6600, 770
2014-12-08, 20.1000, 20.1000, 20.0400, 20.0400, 919
2014-12-09, 20.1000, 20.1000, 20.1000, 20.1000, 549
2014-12-10, 19.9810, 19.9900, 19.7550, 19.8700, 7515
2014-12-11, 19.7700, 19.8400, 19.7700, 19.8300, 932
2014-12-12, 20.3499, 20.5300, 20.3200, 20.5300, 7288
2014-12-15, 20.1600, 20.5000, 20.1100, 20.1100, 4137
2014-12-16, 20.1100, 20.1100, 20.1100, 20.1100, 0
2014-12-17, 20.1000, 20.5000, 20.1000, 20.3800, 900
2014-12-18, 20.3800, 20.3800, 20.3800, 20.3800, 41
2014-12-19, 20.3800, 20.3800, 20.3800, 20.3800, 0
2014-12-22, 20.2005, 20.2700, 20.2005, 20.2700, 320
2014-12-23, 20.2700, 20.2700, 20.2700, 20.2700, 0
2014-12-24, 20.2700, 20.2700, 20.2700, 20.2700, 5
2014-12-26, 20.6500, 20.6500, 20.6500, 20.6500, 201
2014-12-29, 20.6500, 20.6500, 20.6500, 20.6500, 0
2014-12-30, 20.6500, 20.6500, 20.6500, 20.6500, 0
2014-12-31, 20.6500, 20.6500, 20.6500, 20.6500, 58
2015-01-02, 19.8210, 19.8210, 19.8210, 19.8210, 243
2015-01-05, 19.8301, 19.8501, 19.8301, 19.8301, 520
2015-01-06, 20.0101, 21.1399, 20.0101, 20.0400, 1456
2015-01-07, 20.0400, 20.0400, 20.0400, 20.0400, 15
2015-01-08, 20.8600, 20.8600, 20.3401, 20.6800, 1670
2015-01-09, 20.6800, 20.6800, 20.6800, 20.6800, 0
2015-01-12, 20.1101, 21.1699, 20.1101, 21.1699, 332
2015-01-13, 20.1200, 20.1200, 20.1200, 20.1200, 400
2015-01-14, 20.1200, 20.1200, 20.1200, 20.1200, 0
2015-01-15, 20.9000, 20.9001, 20.9000, 20.9000, 1650
2015-01-16, 20.9000, 20.9000, 20.9000, 20.9000, 1
2015-01-20, 20.9000, 20.9000, 20.9000, 20.9000, 0
2015-01-21, 20.7500, 21.0000, 20.3110, 20.3110, 1850
2015-01-22, 20.3110, 20.3110, 20.3110, 20.3110, 0
2015-01-23, 20.4500, 21.1400, 20.4300, 20.7200, 28899
2015-01-26, 20.8800, 21.1999, 20.8000, 21.1999, 4239
2015-01-27, 20.6400, 20.6400, 20.6100, 20.6400, 1208
2015-01-28, 21.3100, 21.3100, 21.3100, 21.3100, 134
2015-01-29, 21.3100, 21.3100, 21.3100, 21.3100, 10
2015-01-30, 21.3100, 21.3100, 21.3100, 21.3100, 0
2015-02-02, 20.9500, 21.0600, 20.9500, 21.0400, 2890
2015-02-03, 21.0400, 21.0400, 21.0400, 21.0400, 0
2015-02-04, 20.2800, 20.5000, 20.2800, 20.5000, 520
2015-02-05, 20.5000, 20.5000, 20.5000, 20.5000, 1
2015-02-06, 20.5000, 20.5500, 20.3300, 20.3300, 3100
2015-02-09, 20.6700, 20.7100, 20.3500, 20.5000, 1495
2015-02-10, 20.5000, 20.5000, 20.5000, 20.5000, 2
2015-02-11, 20.5000, 20.5000, 20.5000, 20.5000, 1
2015-02-12, 20.5000, 20.5000, 20.5000, 20.5000, 0
2015-02-13, 20.5000, 20.5000, 20.5000, 20.5000, 0
2015-02-17, 20.5700, 20.5700, 20.5700, 20.5700, 351
2015-02-18, 20.5700, 20.5700, 20.5700, 20.5700, 74
2015-02-19, 20.5700, 20.5700, 20.5700, 20.5700, 83
2015-02-20, 20.4399, 20.4399, 20.4399, 20.4399, 153
2015-02-23, 19.8201, 19.9000, 19.8201, 19.8500, 4147
2015-02-24, 19.8800, 19.9500, 19.7600, 19.7600, 29239
2015-02-25, 19.8000, 19.8000, 19.8000, 19.8000, 1517
2015-02-26, 19.7700, 19.7700, 19.7700, 19.7700, 20050
2015-02-27, 20.1000, 20.1000, 20.1000, 20.1000, 700
2015-03-02, 20.1000, 20.1000, 20.1000, 20.1000, 3
2015-03-03, 20.1000, 20.1000, 20.1000, 20.1000, 26
2015-03-04, 20.1000, 20.1000, 20.1000, 20.1000, 5
2015-03-05, 19.8700, 20.2500, 19.8700, 20.2500, 821
2015-03-06, 20.2500, 20.2500, 20.2500, 20.2500, 1
2015-03-09, 20.2500, 20.2500, 20.2500, 20.2500, 0
2015-03-10, 20.2500, 20.2500, 20.2500, 20.2500, 1
2015-03-11, 20.2500, 20.2500, 20.2500, 20.2500, 5
2015-03-12, 20.2500, 20.2500, 20.2500, 20.2500, 1
2015-03-13, 20.2500, 20.2500, 20.2500, 20.2500, 38
2015-03-16, 20.2500, 20.2500, 20.2500, 20.2500, 0
2015-03-17, 20.2500, 20.2500, 20.2500, 20.2500, 0
2015-03-18, 20.2500, 20.2500, 20.2500, 20.2500, 0
2015-03-19, 20.2500, 20.2500, 20.2500, 20.2500, 36
2015-03-20, 20.2500, 20.2500, 20.2500, 20.2500, 0
2015-03-23, 20.2500, 20.2500, 20.2500, 20.2500, 0
2015-03-24, 20.2500, 20.2500, 20.2500, 20.2500, 0
2015-03-25, 20.4500, 20.7000, 20.4500, 20.5500, 2000
2015-03-26, 20.5000, 20.5900, 20.5000, 20.5900, 600
2015-03-27, 20.5900, 20.5900, 20.0501, 20.0501, 502
2015-03-30, 20.0501, 20.0501, 20.0501, 20.0501, 0
2015-03-31, 20.1000, 20.1000, 20.1000, 20.1000, 501
2015-04-01, 20.1000, 20.1000, 20.1000, 20.1000, 0
2015-04-02, 20.1000, 20.1000, 20.1000, 20.1000, 2
2015-04-06, 20.1000, 20.1000, 20.1000, 20.1000, 0
2015-04-07, 20.1000, 20.1000, 20.1000, 20.1000, 0
2015-04-08, 19.9100, 19.9100, 19.9100, 19.9100, 507
2015-04-09, 19.9000, 19.9000, 19.7700, 19.7700, 92100
2015-04-10, 19.7800, 19.7800, 19.6060, 19.6060, 2889
2015-04-13, 19.6060, 19.6060, 19.6060, 19.6060, 50
2015-04-14, 19.6060, 19.6060, 19.6060, 19.6060, 2
2015-04-15, 19.6100, 19.6100, 19.6100, 19.6100, 3808
2015-04-16, 19.7000, 19.7000, 19.7000, 19.7000, 195
2015-04-17, 19.7000, 19.7000, 19.7000, 19.7000, 0
2015-04-20, 19.3400, 19.3400, 19.3000, 19.3000, 19500
2015-04-21, 19.4700, 19.4700, 19.3300, 19.3300, 1166
2015-04-22, 19.3300, 19.3300, 19.3300, 19.3300, 2
2015-04-23, 19.3300, 19.3300, 19.3300, 19.3300, 39
2015-04-24, 19.1801, 19.6200, 19.1801, 19.6200, 20175
2015-04-27, 19.2500, 19.4000, 19.1900, 19.4000, 5150
2015-04-28, 19.2892, 19.2892, 19.2892, 19.2892, 259
2015-04-29, 19.2892, 19.2892, 19.2892, 19.2892, 108968
2015-04-30, 19.2892, 19.2892, 19.2892, 19.2892, 0
2015-05-01, 18.9300, 18.9400, 18.9300, 18.9400, 1000
2015-05-04, 18.9400, 18.9400, 18.9400, 18.9400, 3
2015-05-05, 18.8200, 18.8200, 18.8101, 18.8101, 222
2015-05-06, 18.9400, 18.9400, 18.9400, 18.9400, 248
2015-05-07, 19.2500, 19.2800, 19.2041, 19.2041, 25217
2015-05-08, 19.2800, 19.2800, 19.2800, 19.2800, 400
2015-05-11, 19.8700, 19.8700, 19.8700, 19.8700, 123
2015-05-12, 19.8700, 19.8700, 19.8700, 19.8700, 0
2015-05-13, 19.8700, 19.8700, 19.8700, 19.8700, 70
2015-05-14, 19.6800, 19.6800, 19.2400, 19.2400, 498
2015-05-15, 19.2400, 19.2400, 19.2400, 19.2400, 0
2015-05-18, 19.0659, 19.1500, 19.0659, 19.1101, 1961
2015-05-19, 19.1101, 19.1101, 19.1101, 19.1101, 0
2015-05-20, 19.1101, 19.1101, 19.1101, 19.1101, 11
2015-05-21, 19.1700, 19.4999, 19.1400, 19.4500, 23594
2015-05-22, 19.4100, 19.4100, 19.2000, 19.2000, 10798
2015-05-26, 19.2000, 19.2000, 19.2000, 19.2000, 0
2015-05-27, 19.2000, 19.2000, 19.2000, 19.2000, 0
2015-05-28, 19.2000, 19.2000, 19.2000, 19.2000, 0
2015-05-29, 19.2000, 19.2000, 19.2000, 19.2000, 0
2015-06-01, 19.2600, 19.2600, 19.2600, 19.2600, 183
2015-06-02, 19.2600, 19.2600, 19.2600, 19.2600, 1
2015-06-03, 19.2600, 19.2600, 19.2600, 19.2600, 0
2015-06-04, 19.2600, 19.2600, 19.2600, 19.2600, 57
2015-06-05, 19.2600, 19.2600, 19.2600, 19.2600, 1
2015-06-08, 19.2600, 19.2600, 19.2600, 19.2600, 0
2015-06-09, 19.2600, 19.2600, 19.2600, 19.2600, 1
2015-06-10, 19.2300, 19.2300, 19.1600, 19.1600, 9183
2015-06-11, 19.1600, 19.1600, 19.1600, 19.1600, 0
2015-06-12, 19.1600, 19.1600, 19.1600, 19.1600, 0
2015-06-15, 19.2100, 19.2100, 19.2100, 19.2100, 173
2015-06-16, 19.2100, 19.2100, 19.2100, 19.2100, 0
2015-06-17, 19.2100, 19.2100, 19.2100, 19.2100, 0
2015-06-18, 19.2100, 19.2100, 19.2100, 19.2100, 0
2015-06-19, 19.3500, 19.3500, 19.3500, 19.3500, 1183
2015-06-22, 19.3500, 19.3500, 19.3500, 19.3500, 0
2015-06-23, 19.3500, 19.3500, 19.3500, 19.3500, 0
2015-06-24, 19.3500, 19.3500, 19.3500, 19.3500, 0
2015-06-25, 18.8610, 18.9700, 18.8610, 18.9101, 530
2015-06-26, 18.9101, 18.9101, 18.9101, 18.9101, 1
2015-06-29, 18.9101, 18.9101, 18.9101, 18.9101, 67
2015-06-30, 18.9101, 18.9101, 18.9101, 18.9101, 0
2015-07-01, 19.4700, 19.4700, 19.4700, 19.4700, 359
2015-07-02, 19.4500, 19.4500, 19.3400, 19.3400, 20483
2015-07-06, 19.4900, 19.6600, 19.4900, 19.5700, 1830
2015-07-07, 19.5200, 19.5200, 19.5200, 19.5200, 5001
2015-07-08, 19.5200, 19.5200, 19.5200, 19.5200, 0
2015-07-09, 19.7499, 20.0400, 19.6800, 19.8500, 16802
2015-07-10, 19.8500, 19.8500, 19.8500, 19.8500, 1001
2015-07-13, 19.8500, 19.8500, 19.8500, 19.8500, 2
2015-07-14, 19.6099, 19.8600, 19.5400, 19.5400, 12732
2015-07-15, 19.5400, 19.5400, 19.5400, 19.5400, 0
2015-07-16, 19.5000, 19.5000, 19.5000, 19.5000, 200
2015-07-17, 19.5000, 19.5000, 19.5000, 19.5000, 0
2015-07-20, 19.6000, 19.6000, 19.6000, 19.6000, 1435
2015-07-21, 19.6000, 19.6000, 19.6000, 19.6000, 0
2015-07-22, 19.6000, 19.6000, 19.6000, 19.6000, 0
2015-07-23, 19.9399, 19.9600, 19.6899, 19.9400, 46467
2015-07-24, 19.9400, 20.0800, 19.9400, 20.0800, 200
2015-07-27, 20.0900, 20.0900, 19.8800, 20.0800, 40250
2015-07-28, 20.0800, 20.0800, 20.0800, 20.0800, 0
2015-07-29, 20.0800, 20.0800, 20.0800, 20.0800, 0
2015-07-30, 19.8700, 20.0800, 19.8700, 20.0500, 2061
2015-07-31, 19.7900, 19.9300, 19.7100, 19.9300, 2700
2015-08-03, 20.0400, 20.0400, 19.7720, 19.8100, 2120
2015-08-04, 19.7600, 19.7600, 19.7500, 19.7500, 1531
2015-08-05, 19.7700, 19.9400, 19.7600, 19.7600, 2975
2015-08-06, 19.7600, 19.7600, 19.7600, 19.7600, 0
2015-08-07, 20.2600, 20.2600, 19.8700, 19.8705, 4416
2015-08-10, 19.8705, 19.8705, 19.8705, 19.8705, 0
2015-08-11, 19.8900, 19.9000, 19.8900, 19.9000, 200
2015-08-12, 20.0000, 20.0000, 20.0000, 20.0000, 300
2015-08-13, 20.0000, 20.0000, 20.0000, 20.0000, 0
2015-08-14, 20.0000, 20.0000, 20.0000, 20.0000, 0
2015-08-17, 20.0000, 20.0000, 20.0000, 20.0000, 800
2015-08-18, 20.1899, 20.2000, 20.0600, 20.1900, 3400
2015-08-19, 20.5100, 20.5100, 20.2120, 20.3800, 15454
2015-08-20, 20.4500, 20.7500, 20.3800, 20.5000, 11351
2015-08-21, 20.5201, 20.7900, 20.5201, 20.7900, 1067
2015-08-24, 17.7600, 20.9600, 17.7600, 20.9201, 19986
2015-08-25, 20.7701, 20.8100, 20.7500, 20.8100, 2376239
2015-08-26, 20.8300, 20.8300, 20.8300, 20.8300, 50333
2015-08-27, 20.5500, 20.7200, 20.5500, 20.7200, 9428
2015-08-28, 20.5300, 20.5400, 20.4000, 20.4000, 6858
2015-08-31, 20.8700, 20.8700, 20.4000, 20.4300, 33913
2015-09-01, 20.4290, 20.5800, 20.4270, 20.5680, 11095
2015-09-02, 20.6000, 20.6000, 20.4800, 20.5100, 789025
2015-09-03, 21.5000, 21.5000, 20.3620, 20.8900, 30296
2015-09-04, 21.5000, 21.5000, 20.5100, 20.5500, 14725
2015-09-08, 20.5000, 20.5000, 20.2000, 20.2600, 923561
2015-09-09, 20.1200, 20.3700, 20.0400, 20.3699, 18493
2015-09-10, 20.3699, 20.3699, 20.3699, 20.3699, 49
2015-09-11, 20.3699, 20.3699, 20.3699, 20.3699, 0
2015-09-14, 20.4100, 20.4150, 20.3000, 20.3758, 23666
2015-09-15, 20.3800, 20.3800, 20.2200, 20.3500, 1145247
2015-09-16, 20.2250, 20.2900, 20.1501, 20.2201, 11815
2015-09-17, 20.2250, 20.2800, 20.1920, 20.2600, 1326
2015-09-18, 20.6400, 20.6400, 20.5600, 20.6400, 3330
2015-09-21, 20.6700, 20.7000, 20.5230, 20.6730, 18978
2015-09-22, 20.9200, 20.9600, 20.8101, 20.8995, 201937
2015-09-23, 20.8700, 21.1200, 20.8700, 21.1200, 1157663
2015-09-24, 21.5172, 21.5172, 21.0700, 21.0700, 22541
2015-09-25, 21.1600, 21.1600, 21.0500, 21.1020, 2871
2015-09-28, 21.3700, 21.3900, 20.9801, 21.3499, 4177
2015-09-29, 21.4300, 21.4300, 21.3600, 21.4000, 2016
2015-09-30, 21.3700, 21.4100, 21.1920, 21.2500, 2725
2015-10-01, 21.1640, 21.2499, 21.0900, 21.2199, 50730
2015-10-02, 21.1100, 21.1200, 21.0800, 21.0800, 418
2015-10-05, 20.7001, 20.7200, 20.6400, 20.6400, 5332
2015-10-06, 20.7400, 20.8320, 20.6600, 20.7276, 11539
2015-10-07, 20.7800, 20.7800, 20.7800, 20.7800, 360
2015-10-08, 20.6257, 20.6401, 20.6257, 20.6400, 870
2015-10-09, 20.4001, 20.6700, 20.4000, 20.5200, 1130056
2015-10-12, 20.6900, 20.7500, 20.6200, 20.6400, 16450
2015-10-13, 20.6800, 20.8100, 20.6300, 20.8100, 8502
2015-10-14, 20.7600, 20.7600, 20.6600, 20.7300, 4400
2015-10-15, 20.7300, 20.7300, 20.5200, 20.5600, 8160
2015-10-16, 20.7840, 20.8000, 20.7500, 20.7700, 1239
2015-10-19, 20.8301, 20.8700, 20.7200, 20.8300, 11940
2015-10-20, 20.8200, 20.9200, 20.8100, 20.9000, 1074893
2015-10-21, 20.9101, 21.0300, 20.9100, 20.9600, 11133
2015-10-22, 20.8400, 20.9200, 20.8100, 20.8200, 9593
2015-10-23, 20.6065, 20.6200, 20.1813, 20.1813, 916816
2015-10-26, 20.5899, 20.6000, 20.5300, 20.5799, 72824
2015-10-27, 20.7200, 20.7200, 20.6000, 20.6100, 18425
2015-10-28, 20.6000, 20.6000, 20.3210, 20.3300, 698446
2015-10-29, 20.3000, 20.3300, 20.2700, 20.3200, 14016
2015-10-30, 20.4600, 20.4600, 20.1100, 20.1500, 31384
2015-11-02, 19.9701, 20.1099, 19.9701, 19.9840, 3521
2015-11-03, 19.9600, 20.0299, 19.4700, 19.9100, 2385414
2015-11-04, 19.9380, 19.9900, 19.9200, 19.9900, 9263
2015-11-05, 19.8310, 19.8340, 19.8310, 19.8335, 301
2015-11-06, 19.6700, 19.6800, 19.5200, 19.6200, 13934
2015-11-09, 19.4100, 19.6699, 19.4100, 19.6400, 5222
2015-11-10, 19.6400, 19.6400, 19.6400, 19.6400, 0
2015-11-11, 19.6400, 19.6400, 19.6400, 19.6400, 0
2015-11-12, 19.6700, 20.0400, 19.6700, 19.9700, 2746
2015-11-13, 19.9700, 19.9700, 19.9700, 19.9700, 0
2015-11-16, 20.0800, 20.1150, 20.0500, 20.0620, 7558
2015-11-17, 19.9700, 19.9700, 19.9700, 19.9700, 10387
2015-11-18, 19.9632, 19.9632, 19.9632, 19.9632, 300
2015-11-19, 20.0299, 20.0299, 19.9700, 19.9700, 7350
2015-11-20, 19.9700, 20.0300, 19.9700, 20.0300, 1018
2015-11-23, 20.0500, 20.1400, 20.0200, 20.1400, 15927
2015-11-24, 20.0700, 20.0800, 20.0500, 20.0500, 406
2015-11-25, 20.0100, 20.0100, 20.0100, 20.0100, 1800
2015-11-27, 20.0100, 20.0100, 20.0100, 20.0100, 0
2015-11-30, 20.0000, 20.0200, 20.0000, 20.0100, 331
2015-12-01, 19.9800, 20.0499, 19.9800, 20.0499, 1092
2015-12-02, 20.0699, 20.0699, 20.0000, 20.0000, 501
2015-12-03, 20.0563, 20.0563, 20.0563, 20.0563, 318
2015-12-04, 20.1501, 20.2100, 20.1500, 20.1600, 1923
2015-12-07, 20.1600, 20.1600, 20.1600, 20.1600, 0
2015-12-08, 20.3100, 20.6000, 20.3000, 20.5900, 26516
2015-12-09, 20.5839, 20.5839, 20.5501, 20.5501, 1050
2015-12-10, 20.4166, 20.4229, 20.4100, 20.4229, 2057
2015-12-11, 20.6999, 20.7460, 20.6999, 20.7460, 285
2015-12-14, 20.8500, 20.9300, 20.8500, 20.8500, 3777
2015-12-15, 20.7699, 20.7699, 20.7699, 20.7699, 297
2015-12-16, 20.7100, 20.7400, 20.6600, 20.6600, 304
2015-12-17, 20.8000, 20.8900, 20.8000, 20.8700, 13079
2015-12-18, 20.7800, 20.9595, 20.7800, 20.9500, 1700
2015-12-21, 20.8700, 20.8700, 20.8700, 20.8700, 108
2015-12-22, 20.8700, 20.8700, 20.8700, 20.8700, 0
2015-12-23, 20.5906, 20.5906, 20.5800, 20.5800, 300
2015-12-24, 20.5800, 20.5800, 20.5800, 20.5800, 0
2015-12-28, 20.6700, 20.6700, 20.6700, 20.6700, 147
2015-12-29, 20.6400, 20.6400, 20.6400, 20.6400, 106
2015-12-30, 20.7026, 20.7026, 20.6800, 20.6800, 393
2015-12-31, 20.8000, 20.8000, 20.6800, 20.6800, 1600
2016-01-04, 20.8040, 20.8899, 20.7500, 20.7500, 2118
2016-01-05, 20.8600, 20.9600, 20.8310, 20.9448, 3508
2016-01-06, 21.1800, 21.2900, 21.1710, 21.2600, 13604
2016-01-07, 21.5684, 21.6400, 21.4700, 21.6300, 22334
2016-01-08, 21.7200, 21.7200, 21.7200, 21.7200, 224
2016-01-11, 21.8500, 22.0899, 21.8500, 22.0899, 2211
2016-01-12, 21.7800, 22.1000, 21.7800, 22.0300, 1608349
2016-01-13, 22.1463, 22.2700, 22.1463, 22.2240, 11665
2016-01-14, 22.3501, 22.3700, 22.0600, 22.0700, 12635
2016-01-15, 22.1960, 22.3700, 22.1900, 22.3087, 25764
2016-01-19, 22.4800, 22.5700, 22.3450, 22.4800, 15786
2016-01-20, 22.8900, 22.8900, 22.3570, 22.3875, 12333
2016-01-21, 22.5300, 23.2499, 22.1000, 22.4884, 409746
2016-01-22, 22.6500, 22.6500, 22.1950, 22.3800, 23830
2016-01-25, 22.5400, 22.5800, 22.4500, 22.5700, 17063
2016-01-26, 22.5901, 22.6000, 22.5300, 22.5400, 10579
2016-01-27, 22.6400, 22.6400, 22.3700, 22.5326, 19669
2016-01-28, 22.3100, 22.7199, 22.3100, 22.6699, 20859
2016-01-29, 22.6400, 22.6990, 22.5000, 22.6400, 9703
2016-02-01, 22.8900, 22.8900, 22.6554, 22.6554, 6328
2016-02-02, 22.7500, 23.2400, 22.7500, 23.2190, 59353
2016-02-03, 23.3000, 24.3699, 22.6700, 23.0600, 38522
2016-02-04, 23.1700, 23.1700, 22.5400, 22.6300, 32191
2016-02-05, 22.7701, 22.9840, 22.7701, 22.9610, 28133
2016-02-08, 23.3500, 23.5400, 22.4001, 23.4599, 46050
2016-02-09, 23.6800, 24.5800, 23.3500, 23.4362, 47625
2016-02-10, 23.4275, 23.4860, 23.2711, 23.4860, 10799
2016-02-11, 23.8900, 24.8500, 23.2970, 23.6600, 64734
2016-02-12, 23.7400, 24.1450, 23.2280, 23.2900, 17386
2016-02-16, 23.3200, 23.3200, 22.8000, 22.8000, 29430
2016-02-17, 22.6000, 22.6200, 21.6700, 22.4600, 51252
2016-02-18, 22.2700, 22.7600, 22.0614, 22.6700, 108071
2016-02-19, 22.8400, 23.0600, 22.7800, 22.8300, 28006
2016-02-22, 22.7800, 22.7800, 22.5200, 22.5499, 38513
2016-02-23, 22.5200, 22.8700, 22.5200, 22.8500, 24325
2016-02-24, 23.2000, 23.3301, 22.8600, 22.8700, 53718
2016-02-25, 22.9600, 23.1100, 22.9500, 22.9500, 21099
2016-02-26, 22.9500, 22.9500, 22.5840, 22.6550, 34299
2016-02-29, 22.7400, 22.7400, 22.5400, 22.6001, 23021
2016-03-01, 22.5900, 22.6888, 22.3700, 22.3700, 618061
2016-03-02, 22.4600, 22.7400, 22.1000, 22.1300, 74932
2016-03-03, 21.9800, 22.0500, 21.8100, 21.8985, 69457
2016-03-04, 22.0000, 22.0000, 21.5700, 21.7633, 43473
2016-03-07, 21.5600, 21.8350, 21.3800, 21.6599, 33643
2016-03-08, 21.9400, 22.6100, 21.7976, 22.2500, 34837
2016-03-09, 22.2900, 22.3800, 22.1800, 22.2400, 14561
2016-03-10, 22.3300, 22.4399, 22.1900, 22.2800, 40258
2016-03-11, 22.1000, 22.1234, 21.7900, 21.7900, 36010
2016-03-14, 21.6700, 21.9200, 21.6700, 21.8100, 25752
2016-03-15, 21.9500, 22.2899, 21.9500, 22.1950, 24044
2016-03-16, 22.0534, 22.3000, 22.0000, 22.0600, 54293
2016-03-17, 22.0800, 22.1696, 21.9064, 21.9500, 21866
2016-03-18, 22.0000, 22.0000, 21.6701, 21.8600, 30215
2016-03-21, 22.0000, 22.0000, 21.6201, 21.7752, 288755
2016-03-22, 21.9900, 22.0000, 21.6400, 21.7100, 358077
2016-03-23, 21.8501, 22.1100, 21.8501, 22.0900, 31512
2016-03-24, 22.3500, 22.4900, 22.1633, 22.1700, 46402
2016-03-28, 22.2400, 22.4900, 22.1700, 22.3100, 25351
2016-03-29, 22.5700, 22.5800, 22.1601, 22.2100, 46408
2016-03-30, 22.2000, 22.2580, 21.9710, 22.1800, 23123
2016-03-31, 22.1700, 22.1900, 22.0800, 22.1000, 23661
2016-04-01, 22.0100, 22.3400, 22.0100, 22.1880, 1314815
2016-04-04, 22.3400, 22.3400, 22.0900, 22.3000, 37401
2016-04-05, 22.5120, 23.3800, 22.3000, 22.3600, 16705
2016-04-06, 22.3000, 22.3790, 22.1800, 22.1800, 25020
2016-04-07, 22.2718, 22.5100, 22.2310, 22.3900, 18396
2016-04-08, 22.3072, 22.4500, 22.2101, 22.4500, 13239
2016-04-11, 22.4300, 22.4330, 22.1560, 22.3000, 15171
2016-04-12, 22.3500, 22.3800, 22.1500, 22.1700, 15715
2016-04-13, 22.2300, 22.2300, 21.6800, 21.7100, 54882
2016-04-14, 21.5300, 21.7500, 21.5300, 21.6700, 12763
2016-04-15, 21.5300, 21.8099, 21.5200, 21.7400, 14869
2016-04-18, 21.7800, 21.8716, 21.6500, 21.7299, 27118
2016-04-19, 21.5800, 21.8650, 21.5001, 21.6400, 12863
2016-04-20, 21.7700, 21.7800, 21.3900, 21.3900, 27032
2016-04-21, 21.2200, 21.4052, 21.1700, 21.1700, 44205
2016-04-22, 21.0900, 21.1700, 21.0200, 21.1000, 31203
2016-04-25, 20.9900, 21.3999, 20.5400, 21.3900, 18865
2016-04-26, 21.3800, 21.3800, 21.1600, 21.1600, 5141
2016-04-27, 21.1400, 21.2101, 21.0618, 21.0900, 10962
2016-04-28, 20.9310, 21.3400, 20.9310, 21.3400, 27480
2016-04-29, 21.1700, 21.4900, 21.1000, 21.4100, 53926
2016-05-02, 21.5100, 21.6400, 21.4500, 21.4500, 34920
2016-05-03, 21.7500, 21.8300, 21.7234, 21.7880, 19783
2016-05-04, 21.8900, 22.1000, 21.8020, 22.1000, 20081
2016-05-05, 22.0132, 22.2100, 22.0000, 22.1900, 30616
2016-05-06, 22.3000, 22.3000, 22.0930, 22.1500, 14891
2016-05-09, 22.0600, 22.3900, 21.7760, 22.3500, 39282
2016-05-10, 22.4700, 22.4700, 22.1700, 22.2436, 15722
2016-05-11, 22.2400, 22.2600, 22.0146, 22.1915, 4885
2016-05-12, 22.3100, 22.5200, 22.3100, 22.5000, 7299
2016-05-13, 22.5300, 22.6100, 22.4200, 22.5200, 10954
2016-05-16, 22.4400, 22.4880, 22.4000, 22.4500, 7091
2016-05-17, 22.4400, 22.4400, 22.1300, 22.2000, 17202
2016-05-18, 22.1400, 22.2001, 21.8700, 21.9600, 30209
2016-05-19, 21.6700, 22.1000, 21.6600, 22.0300, 20743
2016-05-20, 21.7500, 21.9700, 21.7500, 21.8900, 7589
2016-05-23, 21.8401, 21.9500, 21.7800, 21.8900, 6106
2016-05-24, 21.7410, 21.8594, 21.6900, 21.7000, 10406
2016-05-25, 21.6600, 21.6600, 21.4500, 21.4700, 27870
2016-05-26, 21.3800, 21.6799, 21.2500, 21.5900, 3975
2016-05-27, 21.6201, 21.6301, 21.5300, 21.5300, 5924
2016-05-31, 21.5012, 21.5012, 21.3200, 21.4400, 61417
2016-06-01, 21.5300, 21.7200, 21.4600, 21.4800, 27485
2016-06-02, 21.5399, 21.5900, 21.4200, 21.4200, 8175
2016-06-03, 21.4000, 21.7734, 21.4000, 21.6400, 15225
2016-06-06, 21.4900, 21.6501, 21.2900, 21.3000, 209067
2016-06-07, 21.1600, 21.3200, 20.6000, 21.2600, 66730
2016-06-08, 21.1000, 21.3330, 21.1000, 21.3300, 19006
2016-06-09, 21.3600, 21.6300, 21.3600, 21.6000, 25561
2016-06-10, 21.6500, 22.0300, 21.6500, 21.9700, 19190
2016-06-13, 22.1100, 22.1100, 21.9701, 22.0700, 5090
2016-06-14, 21.9400, 22.3406, 21.9300, 22.2300, 19911
2016-06-15, 22.3000, 22.3000, 21.9600, 22.1500, 16979
2016-06-16, 22.3701, 22.5200, 22.3200, 22.3200, 83962
2016-06-17, 22.1300, 22.2800, 22.1101, 22.2200, 5691
2016-06-20, 22.2300, 22.2300, 21.9400, 22.0200, 7596
2016-06-21, 22.1300, 22.2450, 22.0900, 22.0900, 15983
2016-06-22, 22.1199, 22.1900, 22.0000, 22.1900, 16062
2016-06-23, 21.9800, 21.9999, 21.8800, 21.9100, 22440
2016-06-24, 22.0900, 22.8600, 22.0900, 22.8500, 40073
2016-06-27, 22.8500, 23.6900, 22.8500, 23.5900, 69636
2016-06-28, 23.2800, 23.6347, 22.4844, 23.3900, 38631
2016-06-29, 23.4500, 23.5200, 23.1500, 23.1801, 23417
2016-06-30, 23.1500, 23.6800, 23.0035, 23.2500, 8785
2016-07-01, 23.1800, 23.2299, 23.0000, 23.1200, 43607
2016-07-05, 23.4400, 23.8500, 23.4400, 23.7100, 30134
2016-07-06, 24.0400, 24.4700, 23.2000, 23.7300, 10026
2016-07-07, 23.5800, 23.6570, 23.3500, 23.4700, 200211
2016-07-08, 23.1600, 23.3538, 23.0000, 23.2332, 74091
2016-07-11, 23.2200, 23.2200, 22.8601, 23.0300, 34596
2016-07-12, 22.7800, 22.7800, 22.4900, 22.5300, 180793
2016-07-13, 22.7900, 22.7900, 22.1501, 22.6600, 29473
2016-07-14, 22.3800, 22.5700, 22.3250, 22.4900, 16455
2016-07-15, 22.2900, 22.5000, 22.0100, 22.4900, 20953
2016-07-18, 22.2500, 22.5000, 21.9001, 22.2300, 16212
2016-07-19, 22.1700, 22.4893, 22.1700, 22.4500, 15777
2016-07-20, 22.5100, 22.5651, 22.2600, 22.3000, 5420
2016-07-21, 22.1000, 22.3490, 22.0700, 22.3490, 20684
2016-07-22, 22.3499, 22.4500, 22.3400, 22.3615, 4150
2016-07-25, 22.0600, 22.3899, 21.9400, 22.3100, 9086
2016-07-26, 22.3178, 22.3178, 22.0200, 22.0400, 15293
2016-07-27, 22.0000, 22.0499, 21.7600, 21.9100, 97614
2016-07-28, 21.9500, 22.0210, 21.8900, 21.9500, 4596
2016-07-29, 21.9300, 22.1299, 21.8800, 21.8800, 7506
2016-08-01, 22.2500, 22.2500, 21.9100, 22.0674, 16737
2016-08-02, 21.7900, 22.3000, 21.7900, 22.1700, 54806
2016-08-03, 22.1100, 22.1400, 22.0000, 22.0041, 41642
2016-08-04, 21.9343, 22.0000, 21.8501, 21.9200, 7537
2016-08-05, 21.9000, 21.9000, 21.6501, 21.6700, 11396
2016-08-08, 21.6300, 21.6688, 21.5701, 21.6300, 10331
2016-08-09, 21.5450, 21.7240, 21.5450, 21.7000, 5618
2016-08-10, 21.8192, 21.8800, 21.8101, 21.8800, 2197
2016-08-11, 21.8210, 21.8210, 21.6601, 21.6950, 3873
2016-08-12, 21.7848, 21.8072, 21.7805, 21.8004, 1556
2016-08-15, 21.5712, 21.5712, 21.4700, 21.4800, 15949
2016-08-16, 21.4800, 21.4879, 21.4387, 21.4600, 5091
2016-08-17, 21.4923, 21.5299, 21.4401, 21.5100, 5098
2016-08-18, 21.4200, 21.4552, 21.4200, 21.4300, 2299
2016-08-19, 21.4999, 21.4999, 21.4200, 21.4200, 9914
2016-08-22, 21.5200, 21.5695, 21.4800, 21.5354, 7653
2016-08-23, 21.4500, 21.4500, 21.3190, 21.3540, 7070
2016-08-24, 21.3700, 21.5404, 21.2701, 21.5250, 11584
2016-08-25, 21.5400, 21.5520, 21.5000, 21.5520, 26564
2016-08-26, 21.6499, 21.6499, 21.4200, 21.4300, 2671
2016-08-29, 21.4200, 21.4200, 21.3414, 21.3501, 3735
2016-08-30, 21.2709, 21.3990, 21.2010, 21.3464, 3334
2016-08-31, 21.3100, 21.4720, 21.3100, 21.3827, 2654
2016-09-01, 21.4400, 21.4500, 21.4400, 21.4494, 2127
2016-09-02, 21.4800, 21.4800, 21.3600, 21.4400, 2421
2016-09-06, 21.4800, 21.4800, 21.1200, 21.4700, 10130
2016-09-07, 21.3600, 21.4087, 21.3400, 21.3900, 3523
2016-09-08, 21.4100, 21.4100, 21.1900, 21.2400, 20900
2016-09-09, 21.1901, 21.3300, 21.1901, 21.2900, 16917
2016-09-12, 21.4200, 21.4800, 21.1900, 21.2000, 18647
2016-09-13, 21.3500, 21.4700, 21.3200, 21.3599, 9834
2016-09-14, 21.4300, 21.4300, 21.3416, 21.3428, 1033
2016-09-15, 21.2710, 21.3167, 21.2000, 21.2004, 5574
2016-09-16, 21.3189, 21.3189, 21.1829, 21.1829, 698
2016-09-19, 21.1900, 21.1900, 21.0401, 21.0600, 5577
2016-09-20, 21.1710, 21.3045, 21.1710, 21.2301, 1825
2016-09-21, 21.1600, 21.2823, 21.1500, 21.2655, 27796
2016-09-22, 21.2210, 21.2210, 21.2210, 21.2210, 501
2016-09-23, 21.3900, 21.3900, 21.1000, 21.3500, 7533
2016-09-26, 21.4200, 21.5300, 21.3848, 21.5300, 6748
2016-09-27, 21.5000, 21.5000, 21.4000, 21.4100, 2454
2016-09-28, 21.3100, 21.4620, 21.1800, 21.1800, 117801
2016-09-29, 21.3000, 21.3000, 21.1328, 21.2201, 2178
2016-09-30, 21.0600, 21.0999, 21.0300, 21.0300, 1512
2016-10-03, 21.0030, 21.0030, 20.8500, 20.9700, 3797
2016-10-04, 20.8300, 20.9612, 20.8300, 20.9115, 8773
2016-10-05, 19.8600, 21.0000, 19.8600, 20.5898, 28040
2016-10-06, 20.5800, 20.7699, 20.5800, 20.6800, 2831
2016-10-07, 20.7001, 20.8590, 20.7000, 20.7800, 1653
2016-10-10, 20.6600, 20.8199, 20.6200, 20.7764, 6084
2016-10-11, 20.8500, 20.9560, 20.8500, 20.9200, 16829
2016-10-12, 21.0424, 21.1289, 20.9600, 21.1289, 2155
2016-10-13, 21.2800, 21.3500, 21.2700, 21.3306, 1883
2016-10-14, 21.3220, 21.3220, 21.3101, 21.3101, 202
2016-10-17, 21.4123, 21.4123, 21.3501, 21.3560, 930
2016-10-18, 21.3100, 21.3522, 21.3100, 21.3500, 1887
2016-10-19, 21.2001, 21.2001, 21.1300, 21.1900, 19840
2016-10-20, 21.1780, 21.1780, 21.1236, 21.1530, 969
2016-10-21, 21.0800, 21.1030, 21.0800, 21.1030, 471
2016-10-24, 21.1000, 21.1600, 21.1000, 21.1400, 5255
2016-10-25, 21.3000, 21.3000, 21.2800, 21.2800, 1070
2016-10-26, 21.3034, 21.3040, 21.3034, 21.3040, 1209
2016-10-27, 21.1417, 21.1560, 21.1100, 21.1500, 9733
2016-10-28, 21.2900, 21.2900, 20.3525, 21.2500, 5272
2016-10-31, 21.2867, 21.3601, 21.2867, 21.3601, 2220
2016-11-01, 21.3900, 21.4600, 21.3200, 21.3618, 7746
2016-11-02, 21.4600, 21.6200, 21.4550, 21.5340, 9434
2016-11-03, 21.5800, 21.5800, 21.4500, 21.5365, 6949
2016-11-04, 21.3820, 21.4628, 21.3700, 21.4000, 8957
2016-11-07, 21.3600, 21.3600, 21.1300, 21.1500, 6151
2016-11-08, 20.9800, 21.3000, 20.9800, 21.1900, 15717
2016-11-09, 21.2500, 21.2500, 20.0346, 20.5629, 31497
2016-11-10, 20.3200, 20.3200, 19.7800, 19.9600, 27930
2016-11-11, 20.0300, 20.1787, 19.8600, 19.8600, 30171
2016-11-14, 19.7000, 19.7680, 19.5200, 19.7680, 10218
2016-11-15, 19.7700, 19.7700, 19.5495, 19.5495, 12784
2016-11-16, 19.5501, 19.5977, 19.5501, 19.5696, 1645
2016-11-17, 19.5696, 19.5696, 19.5696, 19.5696, 187
2016-11-18, 19.5500, 19.5500, 19.4679, 19.5000, 10025
2016-11-21, 19.4626, 19.4626, 19.3900, 19.3900, 5743
2016-11-22, 19.4100, 19.5000, 19.4100, 19.4500, 8403
2016-11-23, 19.4800, 19.4800, 19.4300, 19.4300, 1099
2016-11-25, 19.4362, 19.4362, 19.4362, 19.4362, 303
2016-11-28, 19.5700, 19.6400, 19.5700, 19.6200, 1106
2016-11-29, 19.6900, 19.8862, 19.6800, 19.8400, 9418
2016-11-30, 19.5300, 19.5600, 19.4200, 19.4200, 1801
2016-12-01, 19.2000, 19.3000, 19.1769, 19.2900, 4755
2016-12-02, 19.3400, 19.3900, 19.3400, 19.3900, 663
2016-12-05, 19.2800, 19.3730, 19.2800, 19.3730, 4091
2016-12-06, 19.2100, 19.2256, 19.1300, 19.1300, 900
2016-12-07, 19.1500, 19.2484, 19.0700, 19.0700, 26858
2016-12-08, 19.0510, 19.1000, 18.9700, 18.9700, 18193
2016-12-09, 18.0600, 18.9800, 18.0600, 18.9750, 27872
2016-12-12, 19.1000, 19.4000, 19.1000, 19.4000, 2051
2016-12-13, 19.3200, 19.3210, 19.3100, 19.3100, 3153
2016-12-14, 19.3700, 19.4275, 19.3700, 19.4275, 1143
2016-12-15, 19.2300, 19.3497, 19.2100, 19.2100, 9071
2016-12-16, 19.3200, 19.3800, 19.2910, 19.3800, 6032
2016-12-19, 19.5100, 19.5320, 19.4800, 19.5320, 787
2016-12-20, 19.3213, 19.3213, 19.3213, 19.3213, 201
2016-12-21, 19.3500, 19.3500, 19.3310, 19.3310, 60454
2016-12-22, 19.3500, 19.4502, 19.3500, 19.4502, 3353
2016-12-23, 19.4601, 19.4601, 19.4100, 19.4100, 1192
2016-12-27, 19.3621, 19.3621, 19.3621, 19.3621, 137
2016-12-28, 19.9500, 19.9500, 19.3500, 19.4700, 11321
2016-12-29, 19.5610, 19.6800, 19.5610, 19.6755, 1250
2016-12-30, 19.6100, 19.7000, 19.6100, 19.7000, 13575
2017-01-03, 19.4000, 19.5900, 19.3900, 19.5000, 10744
2017-01-04, 19.3701, 19.3800, 19.2200, 19.2200, 3462
2017-01-05, 19.1600, 19.4900, 19.1600, 19.3500, 23993
2017-01-06, 19.3300, 19.3601, 19.3300, 19.3300, 6013
2017-01-09, 19.3200, 19.4600, 19.0350, 19.3400, 162420
2017-01-10, 19.2700, 19.3001, 19.2100, 19.2100, 9311
2017-01-11, 19.2300, 19.2300, 19.2300, 19.2300, 101
2017-01-12, 19.3200, 19.4300, 19.3200, 19.4300, 2917
2017-01-13, 19.2872, 19.2872, 19.1700, 19.2000, 1940
2017-01-17, 19.1800, 19.5500, 19.1800, 19.5400, 4100
2017-01-18, 19.5496, 19.5673, 19.5496, 19.5673, 1272
2017-01-19, 19.4840, 19.5000, 19.4600, 19.4600, 2579
2017-01-20, 19.5000, 19.5156, 19.4500, 19.4500, 950
2017-01-23, 19.5700, 19.5700, 19.5700, 19.5700, 385
2017-01-24, 19.5700, 19.5700, 19.5700, 19.5700, 3
2017-01-25, 19.1487, 19.1487, 19.1487, 19.1487, 145
2017-01-26, 19.0601, 19.1300, 19.0500, 19.0800, 2236
2017-01-27, 18.9600, 18.9600, 18.7800, 18.7800, 1300
2017-01-30, 19.1700, 19.4700, 19.1700, 19.3702, 989
2017-01-31, 19.4300, 19.4300, 19.2500, 19.2932, 10995
2017-02-01, 19.2600, 19.2600, 19.1300, 19.1300, 8259
2017-02-02, 19.3200, 19.3200, 19.3100, 19.3200, 6500
2017-02-03, 19.1900, 19.2000, 19.1400, 19.1400, 835
2017-02-06, 19.1600, 19.2200, 19.1600, 19.2200, 200
2017-02-07, 19.1900, 19.2800, 19.1900, 19.2800, 1050
2017-02-08, 19.2800, 19.2800, 19.2800, 19.2800, 0
2017-02-09, 19.3400, 19.3400, 19.2000, 19.2100, 1360
2017-02-10, 19.1600, 19.1600, 19.1600, 19.1600, 100
2017-02-13, 19.0800, 19.1300, 19.0800, 19.0900, 5882
2017-02-14, 19.0300, 19.0700, 18.9500, 18.9500, 3585
2017-02-15, 18.8500, 18.8500, 18.8200, 18.8200, 1027
2017-02-16, 18.9400, 19.0400, 18.9400, 19.0000, 1171
2017-02-17, 18.9900, 19.0100, 18.9900, 19.0100, 320
2017-02-21, 19.0100, 19.0100, 19.0100, 19.0100, 1
2017-02-22, 19.0100, 19.0100, 19.0100, 19.0100, 52
2017-02-23, 19.1300, 19.2400, 19.1300, 19.2400, 1341
2017-02-24, 19.3400, 19.4000, 19.2900, 19.3500, 2117
2017-02-27, 19.2700, 19.2700, 19.1500, 19.1500, 1170
2017-02-28, 19.3500, 19.3500, 19.3500, 19.3500, 893
2017-03-01, 19.0300, 19.1500, 19.0300, 19.0900, 9841
2017-03-02, 19.2000, 19.2400, 19.1600, 19.2400, 2602
2017-03-03, 19.2500, 19.2500, 19.2300, 19.2300, 300
2017-03-06, 19.3800, 19.4000, 19.3800, 19.4000, 287
2017-03-07, 19.4000, 19.4000, 19.4000, 19.4000, 201
2017-03-08, 19.3900, 19.3900, 19.3700, 19.3900, 601
2017-03-09, 19.3100, 19.4500, 19.3100, 19.4500, 1225
2017-03-10, 19.4400, 19.4400, 19.3700, 19.3700, 2457
2017-03-13, 19.4100, 19.4100, 19.4100, 19.4100, 128
2017-03-14, 19.5400, 19.5400, 19.4300, 19.4300, 8215
2017-03-15, 19.4500, 19.4500, 19.3800, 19.3800, 250
2017-03-16, 19.4100, 19.4100, 19.3700, 19.3900, 1835
2017-03-17, 19.5000, 19.5600, 19.5000, 19.5400, 700
2017-03-20, 19.5900, 19.6200, 19.5900, 19.6200, 1083
2017-03-21, 19.6600, 20.0300, 19.6600, 20.0300, 5792
2017-03-22, 20.1500, 20.1500, 20.1400, 20.1400, 1159
2017-03-23, 20.0300, 20.0900, 20.0300, 20.0400, 757
2017-03-24, 20.0700, 20.0700, 20.0700, 20.0700, 711
2017-03-27, 20.2100, 20.2100, 20.1300, 20.1300, 5145
2017-03-28, 20.4800, 20.4800, 19.9000, 19.9000, 1010
2017-03-29, 19.8500, 19.9300, 19.7900, 19.8200, 48812
2017-03-30, 19.8300, 19.8500, 19.7300, 19.7300, 24723
2017-03-31, 19.7500, 19.7500, 19.7500, 19.7500, 615
2017-04-03, 19.9800, 19.9900, 19.8800, 19.8800, 2928
2017-04-04, 19.9800, 19.9800, 19.9800, 19.9800, 500
2017-04-05, 20.1200, 20.1200, 20.1200, 20.1200, 124
2017-04-06, 20.0400, 20.0400, 19.9800, 19.9800, 874
2017-04-07, 19.8400, 19.8400, 19.8000, 19.8000, 780
2017-04-10, 19.9500, 19.9500, 19.9500, 19.9500, 200
2017-04-11, 20.0800, 20.0900, 20.0100, 20.0100, 962
2017-04-12, 20.1400, 20.1700, 20.1200, 20.1700, 4047
2017-04-13, 20.2000, 20.3100, 20.2000, 20.3100, 3059
2017-04-17, 20.3200, 20.3200, 20.2700, 20.2900, 4110
2017-04-18, 20.3500, 20.3800, 20.3400, 20.3400, 1349
2017-04-19, 20.2700, 20.2700, 20.1900, 20.1900, 712
2017-04-20, 20.1700, 20.1700, 20.0800, 20.0800, 3884
2017-04-21, 20.0800, 20.0800, 20.0800, 20.0800, 1
2017-04-24, 20.0800, 20.0800, 20.0800, 20.0800, 20
2017-04-25, 19.8300, 19.9200, 19.8300, 19.9000, 5838
2017-04-26, 19.8500, 19.8500, 19.7300, 19.7300, 5066
2017-04-27, 19.7500, 19.9400, 19.7500, 19.8800, 927
2017-04-28, 19.9400, 19.9900, 19.9400, 19.9900, 2223
2017-05-01, 20.0200, 20.0300, 19.9800, 20.0300, 2730
2017-05-02, 20.0300, 20.0300, 20.0200, 20.0200, 1900
2017-05-03, 20.0300, 20.0300, 20.0300, 20.0300, 311
2017-05-04, 19.9800, 19.9800, 19.9800, 19.9800, 194
2017-05-05, 19.8300, 19.9800, 19.8300, 19.9100, 1043
2017-05-08, 19.9100, 19.9100, 19.9100, 19.9100, 124
2017-05-09, 19.8500, 19.8500, 19.8200, 19.8400, 3800
2017-05-10, 19.8300, 19.8400, 19.8200, 19.8200, 464
2017-05-11, 19.8600, 19.8600, 19.8600, 19.8600, 100
2017-05-12, 19.8500, 20.0300, 19.8500, 20.0200, 550
2017-05-15, 20.0800, 20.0800, 19.8900, 19.8900, 704
2017-05-16, 19.8300, 19.9300, 19.8300, 19.8500, 4318
2017-05-17, 20.0800, 20.3500, 20.0800, 20.2700, 4069
2017-05-18, 20.3300, 20.3500, 20.3300, 20.3500, 623
2017-05-19, 20.1700, 20.1800, 20.1700, 20.1700, 616
2017-05-22, 20.2400, 20.2400, 20.2400, 20.2400, 151
2017-05-23, 20.2400, 20.2400, 20.2400, 20.2400, 12
2017-05-24, 20.2400, 20.3700, 20.2400, 20.3700, 1124
2017-05-25, 20.3700, 20.3700, 20.3700, 20.3700, 0
2017-05-26, 20.4100, 20.4600, 20.4000, 20.4600, 5184
2017-05-30, 20.4000, 20.5500, 20.4000, 20.5500, 5101
2017-05-31, 20.6600, 20.7700, 20.6600, 20.7700, 359
2017-06-01, 20.5100, 20.5400, 20.4300, 20.4500, 6599
2017-06-02, 20.4500, 20.4500, 20.4500, 20.4500, 0
2017-06-05, 20.4900, 20.5400, 20.4900, 20.5300, 2462
2017-06-06, 20.5300, 20.5300, 20.5300, 20.5300, 38
2017-06-07, 20.5400, 20.5400, 20.5400, 20.5400, 226
2017-06-08, 20.2800, 20.3000, 20.2800, 20.3000, 1035
2017-06-09, 20.2200, 20.2200, 20.0500, 20.0500, 429
2017-06-12, 19.9500, 20.0600, 19.9500, 20.0600, 2267
2017-06-13, 20.0200, 20.0200, 20.0200, 20.0200, 435
2017-06-14, 20.2600, 20.2600, 20.1700, 20.2000, 888
2017-06-15, 20.2000, 20.2000, 20.2000, 20.2000, 28
2017-06-16, 20.3100, 20.3600, 20.3100, 20.3600, 698
2017-06-19, 20.2600, 20.2800, 20.2600, 20.2700, 2865
2017-06-20, 20.2800, 20.3400, 20.2700, 20.3400, 5911
2017-06-21, 20.3000, 20.3800, 20.3000, 20.3800, 300
2017-06-22, 20.3800, 20.4000, 20.3500, 20.4000, 5028
2017-06-23, 20.3500, 20.3500, 20.3200, 20.3200, 1700
2017-06-26, 20.3200, 20.3200, 20.3200, 20.3200, 46
2017-06-27, 20.1500, 20.3000, 20.1500, 20.3000, 1099
2017-06-28, 20.3900, 20.3900, 20.0600, 20.0600, 3243
2017-06-29, 19.9400, 20.0700, 19.9300, 20.0100, 2146
2017-06-30, 20.0100, 20.0100, 20.0100, 20.0100, 100
2017-07-03, 20.0100, 20.0100, 20.0100, 20.0100, 0
2017-07-05, 19.8400, 19.8400, 19.8300, 19.8300, 2100
2017-07-06, 19.9000, 19.9100, 19.9000, 19.9100, 300
2017-07-07, 19.9200, 19.9200, 19.9200, 19.9200, 451
2017-07-10, 19.8900, 19.8900, 19.8600, 19.8900, 1109
2017-07-11, 19.8900, 19.8900, 19.8600, 19.8600, 641
2017-07-12, 19.8600, 19.8600, 19.8600, 19.8600, 0
2017-07-13, 19.8100, 19.8300, 19.8100, 19.8137, 958
2017-07-14, 19.8400, 19.8400, 19.5900, 19.7400, 11103
2017-07-17, 19.7900, 19.8200, 19.7900, 19.8100, 741
2017-07-18, 19.8100, 19.8100, 19.8100, 19.8100, 30
2017-07-19, 19.7800, 19.7800, 19.7700, 19.7800, 1376
2017-07-20, 19.7800, 19.7800, 19.7800, 19.7800, 0
2017-07-21, 19.8400, 19.8600, 19.8200, 19.8600, 516
2017-07-24, 19.8600, 19.8600, 19.8400, 19.8400, 533
2017-07-25, 19.6500, 19.6600, 19.6500, 19.6600, 569
2017-07-26, 19.6000, 19.7700, 19.6000, 19.7700, 650
2017-07-27, 19.5700, 19.9300, 19.5700, 19.9300, 5578
2017-07-28, 19.9400, 19.9400, 19.9400, 19.9400, 100
2017-07-31, 20.0100, 20.0100, 19.9200, 19.9700, 6676
2017-08-01, 20.0200, 20.0500, 19.9900, 19.9900, 606
2017-08-02, 19.9900, 19.9900, 19.9900, 19.9900, 0
2017-08-03, 20.0100, 20.0500, 20.0100, 20.0500, 404
2017-08-04, 20.1300, 20.1300, 20.1300, 20.1300, 1050
2017-08-07, 20.1300, 20.1300, 20.1300, 20.1300, 2
2017-08-08, 19.9100, 19.9100, 19.8900, 19.8900, 2100
2017-08-09, 19.8900, 19.8900, 19.8900, 19.8900, 120
2017-08-10, 20.2167, 20.4400, 20.2167, 20.4400, 2510
2017-08-11, 20.4488, 20.4600, 20.3500, 20.3500, 3502
2017-08-14, 20.3777, 20.3777, 20.3395, 20.3400, 301
2017-08-15, 20.3300, 20.3800, 20.3300, 20.3800, 1361
2017-08-16, 20.4281, 20.4281, 20.4281, 20.4281, 100
2017-08-17, 20.4300, 20.5600, 20.4300, 20.5600, 3819
2017-08-18, 20.5600, 20.5600, 20.5600, 20.5600, 1
2017-08-21, 20.6700, 20.6900, 20.6400, 20.6400, 12701
2017-08-22, 20.5500, 20.5500, 20.5500, 20.5500, 471
2017-08-23, 20.5300, 20.5300, 20.4200, 20.4800, 2700
2017-08-24, 20.3600, 20.3900, 20.3600, 20.3900, 901
2017-08-25, 20.3500, 20.3500, 20.3200, 20.3200, 1400
2017-08-28, 20.2900, 20.2900, 20.2900, 20.2900, 200
2017-08-29, 20.4200, 20.4200, 20.1900, 20.2275, 2933
2017-08-30, 20.1500, 20.1500, 20.0800, 20.1100, 2642
2017-08-31, 20.0200, 20.0501, 20.0000, 20.0500, 4079
2017-09-01, 20.1200, 20.1200, 20.0000, 20.0147, 3036
2017-09-05, 20.1590, 20.1590, 20.1500, 20.1500, 826
2017-09-06, 20.0600, 20.1600, 20.0600, 20.1100, 3014
2017-09-07, 20.2700, 20.2700, 20.2700, 20.2700, 100
2017-09-08, 20.2700, 20.2700, 20.2700, 20.2700, 0
2017-09-11, 20.3000, 20.3000, 20.2200, 20.2400, 5769
2017-09-12, 20.0400, 20.0600, 20.0400, 20.0600, 370
2017-09-13, 19.9600, 19.9600, 19.9300, 19.9300, 5116
2017-09-14, 19.9300, 20.0000, 19.9300, 19.9500, 1800
2017-09-15, 20.1085, 20.1085, 20.0700, 20.0700, 803
2017-09-18, 19.9300, 19.9500, 19.9100, 19.9100, 1438
2017-09-19, 19.8100, 19.8600, 19.8100, 19.8600, 525
2017-09-20, 19.8600, 19.8600, 19.8600, 19.8600, 0
2017-09-21, 19.7500, 19.7500, 19.6700, 19.6700, 918
2017-09-22, 19.7200, 19.7200, 19.7200, 19.7200, 501
2017-09-25, 19.6000, 19.6600, 19.6000, 19.6600, 1761
2017-09-26, 19.5700, 19.5800, 19.5600, 19.5800, 6862
2017-09-27, 19.3800, 19.4000, 19.3500, 19.3500, 1100
2017-09-28, 19.3600, 19.3600, 19.2800, 19.2800, 500
2017-09-29, 19.2300, 19.2300, 19.2300, 19.2300, 641
2017-10-02, 19.1400, 19.3100, 19.1400, 19.2700, 2686
2017-10-03, 19.1800, 19.2100, 19.1700, 19.1700, 2776
2017-10-04, 19.0200, 19.2200, 19.0200, 19.2200, 1148
2017-10-05, 19.2500, 19.2500, 19.2500, 19.2500, 115
2017-10-06, 19.2500, 19.2500, 19.2500, 19.2500, 0
2017-10-09, 19.3000, 19.3000, 19.3000, 19.3000, 20000
2017-10-10, 19.2600, 19.2600, 19.2500, 19.2500, 426
2017-10-11, 19.2900, 19.3400, 19.2900, 19.3100, 2228
2017-10-12, 19.6000, 19.6000, 19.3400, 19.4000, 3637
2017-10-13, 19.4100, 19.4100, 19.4100, 19.4100, 200
2017-10-16, 19.4100, 19.4100, 19.4100, 19.4100, 1
2017-10-17, 19.4100, 19.4600, 19.4000, 19.4600, 716
2017-10-18, 19.4600, 19.4600, 19.4600, 19.4600, 91
2017-10-19, 19.4800, 19.4800, 19.4100, 19.4100, 300
2017-10-20, 19.4300, 19.4300, 19.4300, 19.4300, 100
2017-10-23, 19.5800, 19.5800, 19.4000, 19.5400, 4077
2017-10-24, 19.4600, 19.4600, 19.3200, 19.3200, 5359
2017-10-25, 19.3700, 19.4600, 19.3700, 19.4500, 1441
2017-10-26, 19.4500, 19.4500, 19.3700, 19.3700, 3200
2017-10-27, 19.2800, 19.2800, 19.2500, 19.2500, 1522
2017-10-30, 19.2700, 19.3800, 19.2700, 19.3200, 1352
2017-10-31, 19.3600, 19.3600, 19.3600, 19.3600, 101
2017-11-01, 19.3600, 19.3600, 19.3600, 19.3600, 0
2017-11-02, 19.3618, 19.3618, 19.3618, 19.3618, 101
2017-11-03, 19.3600, 19.3600, 19.3600, 19.3600, 0
2017-11-06, 19.3400, 19.4000, 19.2900, 19.3600, 6317
2017-11-07, 19.4000, 19.4900, 19.4000, 19.4900, 1301
2017-11-08, 19.6300, 19.6300, 19.6300, 19.6300, 133
2017-11-09, 19.6900, 19.7100, 19.6900, 19.7100, 1107
2017-11-10, 19.6300, 19.6300, 19.6000, 19.6000, 20151
2017-11-13, 19.6000, 19.6000, 19.6000, 19.6000, 1002
2017-11-14, 19.7000, 19.7200, 19.6900, 19.6900, 5516
2017-11-15, 19.8100, 19.8100, 19.8100, 19.8100, 1552
2017-11-16, 19.8105, 19.8105, 19.8105, 19.8105, 13
2017-11-17, 19.8100, 19.8100, 19.8100, 19.8100, 6
2017-11-20, 19.3501, 19.3544, 19.3500, 19.3500, 4550
2017-11-21, 19.3700, 19.3700, 19.3300, 19.3500, 2219
2017-11-22, 19.3200, 19.3600, 19.3200, 19.3600, 2304
2017-11-24, 19.3600, 19.3600, 19.3600, 19.3600, 6
2017-11-27, 19.3800, 19.3900, 19.3800, 19.3800, 900
2017-11-28, 19.3800, 19.3900, 19.2500, 19.2500, 18565
2017-11-29, 19.1300, 19.1935, 19.1300, 19.1400, 1850
2017-11-30, 19.1300, 19.1652, 19.0900, 19.1500, 2625
2017-12-01, 19.3100, 19.3100, 19.2200, 19.2850, 3858
2017-12-04, 19.0200, 19.2600, 19.0200, 19.2600, 23228
2017-12-05, 19.2700, 19.3700, 19.2700, 19.3700, 31626
2017-12-06, 19.3492, 19.3495, 19.3492, 19.3495, 407
2017-12-07, 19.2450, 19.2450, 19.2450, 19.2450, 148
2017-12-08, 19.2450, 19.2450, 19.2450, 19.2450, 2
2017-12-11, 19.2450, 19.2450, 19.2450, 19.2450, 96
2017-12-12, 19.2100, 19.2700, 19.2100, 19.2700, 304
2017-12-13, 19.3200, 19.3200, 19.2965, 19.2987, 7300
2017-12-14, 19.3500, 19.3500, 19.3500, 19.3500, 4601
2017-12-15, 19.4000, 19.4000, 19.4000, 19.4000, 282
2017-12-18, 19.2690, 19.2700, 19.2300, 19.2700, 1696
2017-12-19, 19.1550, 19.1550, 19.1500, 19.1500, 277
2017-12-20, 19.1299, 19.1299, 19.0730, 19.0730, 1103
2017-12-21, 19.0700, 19.0700, 18.9100, 18.9100, 472
2017-12-22, 18.9550, 18.9632, 18.9100, 18.9100, 1908
2017-12-26, 19.0350, 19.0350, 19.0260, 19.0260, 793
2017-12-27, 19.0600, 19.1000, 19.0600, 19.1000, 1191
2017-12-28, 19.0900, 19.1000, 19.0400, 19.0800, 6637
2017-12-29, 19.0201, 19.2820, 19.0201, 19.2820, 2517
2018-01-02, 19.0400, 19.0900, 19.0300, 19.0615, 12955
2018-01-03, 18.9100, 19.0350, 18.9100, 18.9500, 4199
2018-01-04, 18.9500, 18.9500, 18.9500, 18.9500, 26
2018-01-05, 18.9300, 18.9300, 18.8700, 18.8800, 593
2018-01-08, 18.8200, 18.8800, 18.8200, 18.8800, 2139
2018-01-09, 18.8200, 18.8450, 18.8200, 18.8200, 593
2018-01-10, 18.6899, 18.7046, 18.6899, 18.7046, 706
2018-01-11, 18.7000, 18.7000, 18.5300, 18.5300, 1009
2018-01-12, 18.3950, 18.3950, 18.3500, 18.3500, 2701
2018-01-16, 18.4683, 18.5000, 18.4683, 18.5000, 471
2018-01-17, 18.5400, 18.5550, 18.5200, 18.5550, 2055
2018-01-18, 18.5250, 18.5250, 18.5250, 18.5250, 184
2018-01-19, 18.5250, 18.5250, 18.5250, 18.5250, 1
2018-01-22, 18.5500, 18.5500, 18.4683, 18.4906, 667
2018-01-23, 18.4906, 18.4906, 18.4906, 18.4906, 34
2018-01-24, 18.4906, 18.4906, 18.4906, 18.4906, 38
2018-01-25, 18.3100, 18.6300, 18.3100, 18.6300, 1552
2018-01-26, 18.6000, 18.6000, 18.6000, 18.6000, 510
2018-01-29, 18.4927, 18.4927, 18.4900, 18.4900, 220
2018-01-30, 18.5549, 18.5804, 18.5549, 18.5804, 602
2018-01-31, 18.6500, 18.6500, 18.6464, 18.6464, 200
2018-02-01, 18.6500, 18.6500, 18.6500, 18.6500, 425
2018-02-02, 18.5940, 18.6250, 18.5940, 18.6250, 854
2018-02-05, 18.6200, 18.8200, 18.6200, 18.8200, 7211
2018-02-06, 18.8299, 18.8342, 18.7400, 18.7400, 7672
2018-02-07, 18.6500, 18.6500, 18.6500, 18.6500, 445
2018-02-08, 18.7900, 18.8499, 18.7900, 18.8499, 379
2018-02-09, 18.7601, 18.9548, 18.7601, 18.8354, 1304
2018-02-12, 18.8300, 18.8400, 18.7733, 18.8400, 2204
2018-02-13, 18.7600, 18.8018, 18.7600, 18.7902, 752
2018-02-14, 18.7048, 18.7400, 18.6600, 18.6601, 9586
2018-02-15, 18.4800, 18.7900, 18.4800, 18.7700, 13903
2018-02-16, 18.7400, 18.7400, 18.7400, 18.7400, 537
2018-02-20, 18.7500, 18.7600, 18.6600, 18.6974, 4874
2018-02-21, 18.6700, 18.6700, 18.6004, 18.6004, 1173
2018-02-22, 18.5800, 18.6500, 18.5700, 18.6500, 1037
2018-02-23, 18.6500, 18.6500, 18.6500, 18.6500, 0
2018-02-26, 18.6500, 18.6500, 18.6500, 18.6500, 48
2018-02-27, 18.4950, 18.5499, 18.4800, 18.5000, 7111
2018-02-28, 18.6750, 18.6750, 18.6750, 18.6750, 1000
2018-03-01, 18.7700, 18.7700, 18.7500, 18.7500, 652
2018-03-02, 18.8848, 18.8848, 18.7352, 18.7352, 811
2018-03-05, 18.7200, 18.7242, 18.7200, 18.7242, 729
2018-03-06, 18.6800, 18.6800, 18.6500, 18.6500, 245
2018-03-07, 18.6800, 18.6800, 18.6800, 18.6800, 500
2018-03-08, 18.6837, 18.6837, 18.6837, 18.6837, 27
2018-03-09, 18.5540, 18.5540, 18.5540, 18.5540, 525
2018-03-12, 18.5650, 18.5900, 18.5650, 18.5900, 427
2018-03-13, 18.5800, 18.5800, 18.5800, 18.5800, 300
2018-03-14, 18.5750, 18.5750, 18.5750, 18.5750, 0
2018-03-15, 18.7700, 18.7900, 18.7554, 18.7900, 5017
2018-03-16, 18.7900, 18.7900, 18.7900, 18.7900, 1
2018-03-19, 18.7148, 18.8004, 18.7148, 18.8004, 2183
2018-03-20, 18.8004, 18.8004, 18.8004, 18.8004, 1
2018-03-21, 18.6000, 18.6400, 18.6000, 18.6400, 281
2018-03-22, 18.7392, 18.9200, 18.7392, 18.9200, 25220
2018-03-23, 19.0944, 19.1100, 19.0944, 19.1100, 3302
2018-03-26, 19.0600, 19.0700, 18.9500, 18.9500, 6461
2018-03-27, 19.1301, 19.1800, 19.1301, 19.1800, 630
2018-03-28, 19.3600, 19.4000, 19.2925, 19.3800, 3573
2018-03-29, 19.3800, 19.3800, 19.3800, 19.3800, 0
2018-04-02, 19.4150, 19.4845, 19.4150, 19.4845, 351
2018-04-03, 19.5300, 19.5300, 19.3900, 19.3900, 644
2018-04-04, 19.5475, 19.5475, 19.5400, 19.5400, 11853
2018-04-05, 19.5500, 19.5500, 19.2600, 19.2600, 2132
2018-04-06, 19.5100, 19.5200, 19.5100, 19.5200, 374
2018-04-09, 19.5200, 19.5200, 19.4800, 19.4800, 352
2018-04-10, 19.3258, 19.3258, 19.2834, 19.2834, 493
2018-04-11, 19.3200, 19.3200, 19.3200, 19.3200, 850
2018-04-12, 19.2100, 19.2100, 19.2100, 19.2100, 625
2018-04-13, 19.1300, 19.1300, 19.1300, 19.1300, 20175
2018-04-16, 19.2600, 19.3100, 19.2473, 19.2473, 2298
2018-04-17, 19.2900, 19.2900, 19.2548, 19.2548, 1739
2018-04-18, 19.2500, 19.2500, 19.2500, 19.2500, 30
2018-04-19, 19.2548, 19.2548, 19.2548, 19.2548, 100
2018-04-20, 19.1150, 19.1600, 19.1150, 19.1600, 328
2018-04-23, 19.1600, 19.1600, 19.1600, 19.1600, 0
2018-04-24, 19.1296, 19.1510, 19.1296, 19.1510, 2116
2018-04-25, 19.1498, 19.2329, 19.1498, 19.1501, 2246
2018-04-26, 19.2323, 19.2323, 19.2125, 19.2125, 1301
2018-04-27, 19.2400, 19.2800, 19.2400, 19.2800, 5202
2018-04-30, 19.3500, 19.3500, 19.3500, 19.3500, 100
2018-05-01, 19.3548, 19.3548, 19.3548, 19.3548, 21
2018-05-02, 19.2734, 19.2734, 19.2300, 19.2330, 531
2018-05-03, 19.2330, 19.2330, 19.2330, 19.2330, 0
2018-05-04, 19.0900, 19.4200, 19.0900, 19.3600, 3481
2018-05-07, 19.2700, 19.3100, 19.2600, 19.3100, 10922
2018-05-08, 19.3100, 19.3400, 19.2656, 19.2848, 2313
2018-05-09, 19.2500, 19.2500, 19.2500, 19.2500, 502
2018-05-10, 19.1799, 19.1799, 19.1104, 19.1104, 2969
2018-05-11, 19.1068, 19.1472, 19.1068, 19.1360, 2780
2018-05-14, 19.0784, 19.0784, 18.9900, 18.9900, 1648
2018-05-15, 18.9548, 18.9800, 18.9548, 18.9800, 448
2018-05-16, 18.9800, 18.9800, 18.9800, 18.9800, 9
2018-05-17, 18.9800, 18.9800, 18.9800, 18.9800, 10
2018-05-18, 18.8221, 18.8221, 18.8004, 18.8004, 851
2018-05-21, 18.8000, 18.8000, 18.7700, 18.7700, 1339
2018-05-22, 18.6900, 18.6900, 18.6900, 18.6900, 100
2018-05-23, 18.6900, 18.6900, 18.6900, 18.6900, 10
2018-05-24, 19.0400, 19.0400, 19.0400, 19.0400, 565
2018-05-25, 19.1096, 19.1200, 19.1092, 19.1092, 1615
2018-05-29, 19.2323, 19.2500, 19.2323, 19.2500, 200
2018-05-30, 19.2000, 19.2368, 19.2000, 19.2286, 1298
2018-05-31, 19.2000, 19.2799, 19.2000, 19.2799, 720
2018-06-01, 19.1901, 19.2400, 19.1901, 19.2400, 712
2018-06-04, 19.2200, 19.2200, 19.2200, 19.2200, 600
2018-06-05, 19.2216, 19.2216, 19.2216, 19.2216, 15
2018-06-06, 19.0800, 19.0800, 19.0500, 19.0500, 1854
2018-06-07, 19.0500, 19.0500, 19.0500, 19.0500, 1
2018-06-08, 19.0500, 19.0500, 19.0500, 19.0500, 86
2018-06-11, 18.9800, 18.9800, 18.9800, 18.9800, 260
2018-06-12, 19.1900, 19.1900, 19.1900, 19.1900, 162
2018-06-13, 19.2500, 19.2500, 19.2500, 19.2500, 100
2018-06-14, 19.2450, 19.2450, 19.2450, 19.2450, 0
2018-06-15, 19.3990, 19.3990, 19.3990, 19.3990, 101
2018-06-18, 19.4290, 19.4290, 19.3692, 19.3692, 2101
2018-06-19, 19.5100, 19.5100, 19.5100, 19.5100, 458
2018-06-20, 19.3900, 19.4290, 19.3900, 19.4290, 1091
2018-06-21, 19.4290, 19.4290, 19.4290, 19.4290, 0
2018-06-22, 19.5703, 19.5900, 19.5703, 19.5900, 303
2018-06-25, 19.7500, 19.8804, 19.7500, 19.8573, 5054
2018-06-26, 19.9000, 19.9000, 19.9000, 19.9000, 120
2018-06-27, 19.7600, 19.8280, 19.7600, 19.8280, 529
2018-06-28, 20.0790, 20.0790, 20.0790, 20.0790, 125
2018-06-29, 19.9000, 20.0491, 19.9000, 20.0491, 3700
2018-07-02, 20.0650, 20.0650, 20.0600, 20.0600, 12301
2018-07-03, 20.0600, 20.0600, 20.0600, 20.0600, 35
2018-07-05, 20.0600, 20.0600, 20.0600, 20.0600, 18
2018-07-06, 20.0600, 20.0600, 20.0600, 20.0600, 102
2018-07-09, 19.8800, 19.8800, 19.7600, 19.7600, 17586
2018-07-10, 19.8600, 19.8799, 19.8600, 19.8799, 601
2018-07-11, 19.9500, 19.9500, 19.8700, 19.8700, 1725
2018-07-12, 19.8700, 19.8700, 19.8700, 19.8700, 2
2018-07-13, 19.9548, 19.9548, 19.9548, 19.9548, 400
2018-07-16, 19.9194, 19.9194, 19.9194, 19.9194, 258
2018-07-17, 19.8987, 19.9302, 19.8200, 19.8500, 66855
2018-07-18, 19.7200, 19.7200, 19.6600, 19.6600, 9809
2018-07-19, 19.8507, 19.9300, 19.8507, 19.9300, 1908
2018-07-20, 19.9300, 19.9300, 19.9300, 19.9300, 30
2018-07-23, 19.9300, 19.9300, 19.9300, 19.9300, 0
2018-07-24, 19.9300, 19.9300, 19.9300, 19.9300, 7
2018-07-25, 19.9600, 19.9800, 19.9200, 19.9200, 1800
2018-07-26, 19.8900, 19.8900, 19.8900, 19.8900, 600
2018-07-27, 19.8890, 19.8890, 19.8890, 19.8890, 15
2018-07-30, 19.8300, 19.8700, 19.8300, 19.8700, 655
2018-07-31, 19.8604, 19.9100, 19.8604, 19.9000, 637
2018-08-01, 20.2900, 20.2900, 19.8200, 19.9920, 805
2018-08-02, 19.9920, 19.9920, 19.9920, 19.9920, 1
2018-08-03, 20.1799, 20.1799, 20.1750, 20.1750, 908
2018-08-06, 20.0700, 20.0700, 20.0700, 20.0700, 700
2018-08-07, 20.0700, 20.0700, 20.0700, 20.0700, 57
2018-08-08, 19.8400, 19.9700, 19.8400, 19.9600, 929
2018-08-09, 20.0600, 20.0600, 20.0600, 20.0600, 400
2018-08-10, 20.0633, 20.0633, 20.0633, 20.0633, 1
2018-08-13, 20.0633, 20.0633, 20.0633, 20.0633, 83
2018-08-14, 20.1600, 20.1800, 20.1600, 20.1800, 202
2018-08-15, 20.3294, 20.3892, 20.3294, 20.3800, 5816
2018-08-16, 20.3600, 20.3600, 20.3600, 20.3600, 1087
2018-08-17, 20.3712, 20.3712, 20.3712, 20.3712, 325
2018-08-20, 20.2400, 20.4100, 20.2400, 20.3300, 2098
2018-08-21, 20.2800, 20.2800, 20.0300, 20.2400, 2850
2018-08-22, 20.1000, 20.1000, 20.1000, 20.1000, 600
2018-08-23, 20.1000, 20.1000, 20.1000, 20.1000, 56
2018-08-24, 20.1000, 20.1000, 20.1000, 20.1000, 64
2018-08-27, 19.9700, 19.9977, 19.8600, 19.9000, 12482
2018-08-28, 19.6600, 20.0257, 19.6600, 19.9300, 2224
2018-08-29, 20.0400, 20.0400, 20.0400, 20.0400, 300
2018-08-30, 20.0380, 20.0380, 20.0380, 20.0380, 17
2018-08-31, 20.1188, 20.1188, 20.1000, 20.1000, 12392
2018-09-04, 20.2200, 20.2200, 20.1935, 20.1935, 1606
2018-09-05, 20.1500, 20.2112, 20.1500, 20.2112, 1122
2018-09-06, 20.3100, 20.4000, 20.2500, 20.3800, 1168
2018-09-07, 20.3401, 20.3401, 20.3401, 20.3401, 108
2018-09-10, 20.3868, 20.3868, 20.3868, 20.3868, 1799
2018-09-11, 20.3700, 20.3700, 20.3700, 20.3700, 1003
2018-09-12, 20.3700, 20.3700, 20.3700, 20.3700, 25
2018-09-13, 20.4500, 20.4500, 20.4500, 20.4500, 172020
2018-09-14, 20.2812, 20.3090, 20.2000, 20.2000, 7071
2018-09-17, 20.1901, 20.3800, 20.1901, 20.3800, 1056
2018-09-18, 20.3300, 20.3400, 20.3300, 20.3300, 2671
2018-09-19, 20.1100, 20.1100, 20.0000, 20.0000, 2900
2018-09-20, 19.9200, 19.9200, 19.8800, 19.9000, 1682
2018-09-21, 19.9000, 19.9000, 19.9000, 19.9000, 0
2018-09-24, 19.9700, 20.0400, 19.9401, 20.0300, 24232
2018-09-25, 20.0200, 20.0300, 20.0200, 20.0300, 604
2018-09-26, 20.0612, 20.1180, 20.0501, 20.1180, 2168
2018-09-27, 20.0898, 20.0898, 20.0898, 20.0898, 363
2018-09-28, 20.1497, 20.2044, 20.1497, 20.2044, 1225
2018-10-01, 20.1100, 20.1100, 20.0300, 20.1100, 13309
2018-10-02, 20.1100, 20.1100, 20.1100, 20.1100, 1
2018-10-03, 20.0900, 20.0900, 19.9200, 19.9200, 5368
2018-10-04, 19.9100, 19.9300, 19.8799, 19.9300, 3529
2018-10-05, 20.1500, 20.1651, 20.1500, 20.1651, 873
2018-10-08, 20.3300, 20.3300, 20.2000, 20.2000, 6264
2018-10-09, 20.2693, 20.3100, 20.2500, 20.2814, 6612
2018-10-10, 20.4025, 20.4500, 20.3500, 20.4200, 13219
2018-10-11, 20.5200, 20.6400, 20.4600, 20.5000, 10636
2018-10-12, 20.3700, 20.6490, 20.3700, 20.5000, 11734
2018-10-15, 20.5915, 20.6400, 20.5700, 20.5700, 3036
2018-10-16, 20.6900, 20.6900, 20.6345, 20.6496, 1290
2018-10-17, 20.7000, 20.7000, 20.4800, 20.4800, 5960
2018-10-18, 20.9400, 20.9400, 20.6999, 20.7900, 8385
2018-10-19, 21.0000, 21.7500, 20.8080, 20.9833, 82297
2018-10-22, 21.0800, 21.0800, 21.0000, 21.0400, 9022
2018-10-23, 21.1000, 21.2600, 21.0200, 21.1600, 89463
2018-10-24, 21.2850, 21.6400, 21.2850, 21.6200, 6871
2018-10-25, 21.8000, 21.8000, 21.2300, 21.3700, 111008
2018-10-26, 21.2600, 21.4400, 21.2600, 21.4400, 116953
2018-10-29, 21.3400, 21.8200, 21.3400, 21.5700, 58567
2018-10-30, 21.6700, 21.7240, 21.6000, 21.6000, 21236
2018-10-31, 21.7500, 21.7500, 21.1900, 21.3300, 9432
2018-11-01, 21.6000, 21.6000, 21.0600, 21.1490, 12249
2018-11-02, 21.0600, 21.0600, 20.8100, 20.9500, 111102
2018-11-05, 21.0300, 21.2100, 20.9400, 20.9900, 26142
2018-11-06, 20.9200, 21.1000, 20.9200, 21.0400, 2031
2018-11-07, 21.0620, 21.0620, 20.9750, 20.9750, 463
2018-11-08, 20.9500, 21.0538, 20.9500, 21.0200, 4192
2018-11-09, 21.1645, 21.2200, 21.1600, 21.1800, 14785
