2014-03-07, 27.1500, 33.0000, 27.1000, 30.0000, 11344100
2014-03-10, 30.8000, 30.9700, 29.7900, 30.0000, 2289900
2014-03-11, 29.8700, 29.8700, 27.7700, 27.8000, 892900
2014-03-12, 27.1500, 29.6600, 25.7500, 29.5200, 838900
2014-03-13, 29.1600, 29.9800, 26.7000, 26.9500, 630100
2014-03-14, 26.9000, 27.2700, 26.3500, 26.5500, 534300
2014-03-17, 26.7800, 30.2500, 26.6500, 30.0000, 712600
2014-03-18, 29.7200, 30.4900, 28.7100, 29.4300, 446400
2014-03-19, 29.2800, 29.4300, 26.8500, 27.1000, 523600
2014-03-20, 27.1000, 28.0000, 26.8300, 27.4200, 250600
2014-03-21, 27.3700, 28.1900, 24.6800, 26.1700, 549400
2014-03-24, 26.0000, 26.2900, 22.7100, 23.0100, 937700
2014-03-25, 23.1300, 26.2200, 23.1300, 25.7600, 691400
2014-03-26, 25.8900, 26.3900, 24.5100, 24.8500, 464100
2014-03-27, 24.7700, 25.6800, 23.3000, 25.5300, 367000
2014-03-28, 25.4600, 25.6000, 24.7100, 25.3700, 65000
2014-03-31, 25.7200, 25.8800, 24.5300, 24.6500, 136100
2014-04-01, 24.4600, 24.6900, 23.6600, 24.0900, 857500
2014-04-02, 24.1100, 24.7300, 23.9700, 24.0600, 270500
2014-04-03, 24.1500, 24.4500, 22.2600, 22.6500, 212200
2014-04-04, 23.0500, 23.1300, 19.9200, 20.6000, 664300
2014-04-07, 20.2400, 20.6800, 20.0000, 20.4100, 1069600
2014-04-08, 20.4500, 21.1000, 20.2500, 20.6000, 364600
2014-04-09, 20.9900, 21.3100, 20.6700, 21.1800, 277800
2014-04-10, 21.1000, 21.4600, 20.6100, 21.0100, 546600
2014-04-11, 20.8000, 20.8000, 19.7000, 19.8600, 474800
2014-04-14, 20.1700, 20.5000, 20.0500, 20.2700, 147100
2014-04-15, 20.4900, 20.4900, 18.5100, 20.3000, 587300
2014-04-16, 20.4800, 20.5000, 19.1400, 19.5500, 358300
2014-04-17, 19.4000, 19.6400, 18.7500, 19.3200, 426900
2014-04-21, 19.3300, 19.3300, 18.4300, 18.8800, 328100
2014-04-22, 18.9000, 20.3500, 18.7500, 20.0400, 267200
2014-04-23, 20.0400, 21.3400, 19.8200, 20.8100, 349300
2014-04-24, 20.9500, 20.9500, 18.5100, 18.6500, 725100
2014-04-25, 18.5700, 18.7200, 17.0900, 17.5100, 592600
2014-04-28, 17.5800, 17.6900, 15.8400, 17.4100, 1007900
2014-04-29, 17.4900, 17.5000, 16.7200, 17.3200, 733500
2014-04-30, 17.1800, 17.3200, 16.7000, 16.8200, 415700
2014-05-01, 16.7800, 18.0300, 16.7800, 17.9300, 297200
2014-05-02, 17.9200, 18.0500, 17.3100, 18.0000, 258800
2014-05-05, 17.6700, 17.9700, 17.3500, 17.9200, 439100
2014-05-06, 17.9300, 18.1300, 17.5400, 17.7600, 458000
2014-05-07, 17.8800, 17.8800, 15.9900, 16.4600, 743000
2014-05-08, 17.0000, 17.4500, 15.5600, 17.1300, 1157100
2014-05-09, 17.3600, 18.0000, 16.9900, 17.8100, 347100
2014-05-12, 17.9900, 18.0000, 16.7100, 17.0300, 445500
2014-05-13, 17.3600, 17.9500, 17.2200, 17.5800, 116100
2014-05-14, 17.5800, 21.4500, 17.5800, 20.0000, 755900
2014-05-15, 20.1400, 20.6400, 19.1500, 19.8400, 372400
2014-05-16, 19.9900, 19.9900, 19.2400, 19.2500, 89800
2014-05-19, 19.1100, 19.3200, 18.1400, 18.2400, 163400
2014-05-20, 18.3300, 19.8800, 18.1300, 19.7300, 111800
2014-05-21, 19.6400, 20.6300, 19.4200, 20.1300, 187000
2014-05-22, 20.3400, 22.2500, 20.3400, 20.8500, 423400
2014-05-23, 20.8100, 22.5000, 20.8000, 22.0300, 457900
2014-05-27, 22.4800, 23.4500, 22.0400, 22.2600, 251300
2014-05-28, 22.1800, 22.9100, 21.9200, 22.6500, 103800
2014-05-29, 22.8800, 25.3200, 22.6100, 24.4600, 265700
2014-05-30, 24.3300, 26.3500, 24.1500, 25.8200, 283600
2014-06-02, 26.8100, 30.6000, 25.7700, 30.1700, 803500
2014-06-03, 29.5600, 32.6700, 27.2700, 29.4800, 1890300
2014-06-04, 28.3300, 28.6500, 27.3100, 27.9000, 573600
2014-06-05, 27.6400, 28.1500, 25.7600, 27.7100, 328400
2014-06-06, 27.9600, 28.3900, 27.1000, 27.3100, 258200
2014-06-09, 26.9900, 28.2500, 26.7700, 27.8300, 297600
2014-06-10, 25.6500, 26.1000, 23.5000, 24.8800, 691700
2014-06-11, 24.7500, 26.4500, 24.2000, 25.9200, 334300
2014-06-12, 26.4700, 26.4700, 24.5300, 25.8000, 290500
2014-06-13, 26.1200, 28.0000, 26.1200, 27.0000, 423300
2014-06-16, 26.1400, 28.0500, 26.1400, 27.0000, 767000
2014-06-17, 26.6600, 27.0700, 26.6500, 27.0000, 315000
2014-06-18, 26.9000, 27.5800, 26.6400, 26.9800, 255300
2014-06-19, 26.9000, 27.4100, 26.6800, 26.9500, 283000
2014-06-20, 26.9500, 27.5000, 26.6800, 27.0000, 923400
2014-06-23, 27.0800, 27.3900, 26.7000, 27.0000, 387300
2014-06-24, 26.8000, 28.3600, 25.2300, 25.9300, 454500
2014-06-25, 25.7900, 27.0000, 25.5300, 26.9000, 140100
2014-06-26, 26.6700, 27.0500, 26.3500, 27.0000, 124600
2014-06-27, 26.9800, 27.4900, 26.4600, 26.4600, 1329400
2014-06-30, 26.6700, 26.9000, 25.7500, 26.3100, 269600
2014-07-01, 26.2700, 26.5000, 24.2000, 24.4400, 298600
2014-07-02, 24.3900, 24.6600, 22.2600, 22.3700, 402500
2014-07-03, 22.3700, 23.4900, 22.3000, 23.3600, 144900
2014-07-07, 23.2800, 24.3300, 23.0200, 23.9900, 298100
2014-07-08, 24.1500, 25.3100, 23.5700, 25.1200, 434400
2014-07-09, 25.3600, 25.6500, 24.6100, 25.0700, 151500
2014-07-10, 24.5100, 25.3900, 24.3700, 24.8400, 136600
2014-07-11, 24.7300, 25.8200, 24.6700, 25.2800, 105900
2014-07-14, 25.5500, 25.8500, 24.9500, 25.1800, 133400
2014-07-15, 25.2400, 25.2400, 24.2000, 24.6100, 155700
2014-07-16, 24.8500, 24.8500, 24.3000, 24.6400, 104800
2014-07-17, 24.8400, 24.9300, 23.9700, 24.3000, 201700
2014-07-18, 24.1900, 24.9500, 23.8000, 24.8000, 217100
2014-07-21, 24.8000, 24.8000, 24.2900, 24.4000, 104000
2014-07-22, 24.4000, 24.6800, 23.8800, 24.5400, 122700
2014-07-23, 24.5000, 24.6900, 24.2100, 24.4400, 101100
2014-07-24, 24.3300, 24.5000, 23.4100, 24.1500, 332000
2014-07-25, 24.0700, 24.0800, 23.2000, 23.5900, 173000
2014-07-28, 23.1500, 23.6200, 22.5500, 23.0600, 332800
2014-07-29, 23.0500, 23.3000, 21.8700, 21.9700, 132800
2014-07-30, 21.8900, 22.2100, 21.0000, 21.3500, 126800
2014-07-31, 20.9600, 21.2800, 20.1300, 20.5300, 247700
2014-08-01, 20.5400, 20.5700, 19.4200, 19.8500, 209200
2014-08-04, 19.9800, 20.1600, 18.9600, 19.4500, 274600
2014-08-05, 19.1000, 20.0700, 18.6500, 19.6600, 290400
2014-08-06, 19.2300, 19.8500, 19.0000, 19.4900, 244700
2014-08-07, 18.6600, 18.6600, 14.9000, 14.9100, 1627500
2014-08-08, 14.9900, 15.2000, 14.2900, 14.9800, 413000
2014-08-11, 15.1500, 15.5000, 14.7000, 14.9600, 411700
2014-08-12, 14.8200, 14.8300, 14.4000, 14.5000, 189100
2014-08-13, 14.5000, 14.6500, 14.4000, 14.4800, 128100
2014-08-14, 14.8300, 15.0900, 14.6800, 14.9300, 586400
2014-08-15, 15.0000, 15.0000, 14.3000, 14.5000, 471000
2014-08-18, 14.6100, 14.7500, 14.2600, 14.2900, 154500
2014-08-19, 14.4100, 14.4600, 13.0700, 13.2300, 758800
2014-08-20, 13.2500, 13.5000, 13.0300, 13.0500, 216400
2014-08-21, 13.0500, 13.1100, 12.1900, 12.2400, 1299400
2014-08-22, 12.2700, 13.1400, 11.6100, 12.6700, 936900
2014-08-25, 12.7000, 12.8300, 12.1300, 12.7200, 377100
2014-08-26, 12.8700, 13.1000, 12.3300, 13.0000, 294200
2014-08-27, 12.9900, 13.2900, 12.7100, 13.1400, 225000
2014-08-28, 13.2800, 14.2300, 13.0200, 13.9600, 359200
2014-08-29, 14.5600, 15.4600, 14.3600, 15.2800, 831200
2014-09-02, 15.4000, 16.3300, 15.4000, 16.2800, 412500
2014-09-03, 15.8400, 15.8400, 14.5100, 14.9600, 1918700
2014-09-04, 14.9600, 16.1500, 14.7000, 15.6200, 2278200
2014-09-05, 15.6500, 16.4900, 15.4500, 16.3300, 1148400
2014-09-08, 16.5000, 16.5000, 14.8000, 15.2200, 1416900
2014-09-09, 15.2000, 15.2000, 14.3400, 14.8900, 1114600
2014-09-10, 14.9100, 15.1000, 14.3000, 15.0500, 575100
2014-09-11, 14.8900, 14.8900, 14.0200, 14.0900, 659900
2014-09-12, 14.0300, 14.1800, 13.5100, 13.8000, 397900
2014-09-15, 13.7500, 13.8800, 13.0100, 13.2800, 452900
2014-09-16, 13.2400, 13.7100, 13.0000, 13.6500, 474400
2014-09-17, 13.6900, 13.8100, 13.0800, 13.3600, 448600
2014-09-18, 13.3700, 13.6200, 13.1900, 13.2300, 177500
2014-09-19, 13.2100, 13.3700, 12.8400, 13.1000, 348100
2014-09-22, 12.8200, 13.1500, 12.4700, 12.6600, 451000
2014-09-23, 12.5500, 12.9100, 12.3900, 12.6700, 214300
2014-09-24, 12.5700, 12.7500, 12.3900, 12.7300, 209300
2014-09-25, 12.7500, 12.7500, 12.0500, 12.4500, 465100
2014-09-26, 12.4600, 12.4900, 11.8100, 12.1100, 446500
2014-09-29, 11.8500, 12.4900, 11.8500, 12.1400, 469500
2014-09-30, 12.0000, 12.1700, 11.6700, 11.9600, 321900
2014-10-01, 11.8800, 12.3000, 11.8800, 12.0000, 373500
2014-10-02, 11.9500, 12.3200, 11.7500, 12.3000, 585200
2014-10-03, 12.3800, 13.4200, 12.1200, 13.3000, 916600
2014-10-06, 13.3700, 13.4500, 12.9900, 13.2000, 728300
2014-10-07, 13.1100, 13.1400, 12.6300, 12.7900, 583900
2014-10-08, 12.7200, 12.9200, 12.0500, 12.6900, 451300
2014-10-09, 12.5500, 12.6800, 12.0200, 12.3500, 827400
2014-10-10, 12.3100, 12.5600, 12.1800, 12.4200, 638800
2014-10-13, 12.4300, 12.5600, 12.2300, 12.3800, 483800
2014-10-14, 12.4300, 13.0000, 12.2500, 12.7300, 604000
2014-10-15, 12.7700, 13.6100, 12.3200, 13.5600, 793100
2014-10-16, 13.4200, 14.3900, 13.3000, 14.0500, 733300
2014-10-17, 14.4200, 14.4200, 14.0600, 14.2500, 355100
2014-10-20, 14.2200, 14.9000, 13.9300, 14.6200, 647500
2014-10-21, 14.6000, 14.8300, 14.3800, 14.5600, 449300
2014-10-22, 14.4400, 14.4500, 13.5200, 13.5900, 675800
2014-10-23, 13.5100, 13.9000, 13.4100, 13.5300, 279400
2014-10-24, 13.5700, 13.7500, 12.7900, 13.3300, 342000
2014-10-27, 13.1200, 13.4600, 12.9000, 13.4000, 156000
2014-10-28, 13.3800, 14.0400, 12.9300, 13.7200, 456200
2014-10-29, 13.6600, 13.9000, 13.2100, 13.2400, 255700
2014-10-30, 13.1700, 13.3100, 12.7800, 13.2300, 314000
2014-10-31, 13.6000, 14.0300, 13.4400, 13.9200, 555700
2014-11-03, 13.7700, 14.3300, 13.2500, 13.4800, 615200
2014-11-04, 13.1000, 13.1000, 12.2300, 12.4400, 1224100
2014-11-05, 14.9300, 17.2500, 14.5100, 16.5700, 6950200
2014-11-06, 16.1100, 16.1700, 15.2500, 15.5500, 1704600
2014-11-07, 15.2000, 15.5700, 14.9700, 15.5100, 1261900
2014-11-10, 15.5000, 16.3400, 15.3600, 16.2000, 790900
2014-11-11, 16.2500, 16.4100, 15.7500, 16.3200, 722800
2014-11-12, 16.1100, 16.5600, 15.9400, 16.0100, 600700
2014-11-13, 16.1800, 16.3600, 15.4800, 16.0000, 624000
2014-11-14, 15.9500, 16.6300, 15.7200, 16.5100, 918300
2014-11-17, 16.3100, 16.4900, 15.5800, 16.3300, 1390700
2014-11-18, 16.1100, 16.4200, 15.8900, 16.2600, 1029500
2014-11-19, 16.0600, 16.2900, 15.5900, 15.8800, 636500
2014-11-20, 15.6400, 16.2900, 15.3600, 16.0000, 469400
2014-11-21, 16.1200, 16.3500, 15.7300, 15.9800, 389600
2014-11-24, 15.8200, 16.2000, 15.7500, 16.0000, 367400
2014-11-25, 15.9900, 16.1500, 15.7000, 15.9600, 872900
2014-11-26, 15.8100, 16.0000, 15.2600, 15.3500, 563600
2014-11-28, 15.5000, 15.8000, 15.0900, 15.2700, 320700
2014-12-01, 15.0900, 15.1600, 14.4200, 14.6500, 527300
2014-12-02, 14.6700, 14.8600, 14.4500, 14.7100, 422300
2014-12-03, 14.7100, 15.0000, 14.4400, 14.8400, 246600
2014-12-04, 14.8300, 14.9800, 14.4600, 14.8800, 444800
2014-12-05, 14.9000, 15.8000, 14.7800, 15.5900, 822100
2014-12-08, 15.4700, 15.6500, 14.8300, 15.0700, 1035400
2014-12-09, 14.8100, 15.5800, 14.8100, 15.1200, 682800
2014-12-10, 15.0400, 15.3300, 14.9200, 15.1600, 323000
2014-12-11, 15.2100, 15.7900, 14.9300, 15.2700, 490900
2014-12-12, 15.1700, 15.5000, 14.6500, 15.0000, 571000
2014-12-15, 14.9600, 15.5000, 14.9000, 15.3100, 620200
2014-12-16, 15.3400, 15.5500, 15.2100, 15.3900, 547600
2014-12-17, 15.3900, 15.8800, 15.3700, 15.7000, 735900
2014-12-18, 15.8800, 16.4100, 15.7800, 15.9500, 1198200
2014-12-19, 16.0000, 16.2300, 15.7800, 15.9400, 1922600
2014-12-22, 15.8200, 16.0600, 15.6800, 15.9700, 385200
2014-12-23, 16.0000, 16.8200, 15.8900, 16.7500, 702900
2014-12-24, 16.8000, 17.6800, 16.8000, 17.4400, 560900
2014-12-26, 17.5000, 17.8500, 17.1300, 17.7200, 302100
2014-12-29, 17.6300, 17.9700, 17.3600, 17.7500, 473000
2014-12-30, 17.6700, 17.8400, 17.4000, 17.7600, 289900
2014-12-31, 17.8000, 17.8000, 17.6000, 17.7500, 535800
2015-01-02, 17.6800, 17.9800, 16.9500, 17.2500, 465700
2015-01-05, 16.9400, 17.4500, 16.6600, 16.9300, 492400
2015-01-06, 16.9100, 16.9400, 15.9000, 16.7300, 789900
2015-01-07, 16.9700, 17.6000, 16.9000, 17.3600, 704500
2015-01-08, 18.1300, 19.6800, 17.7400, 19.6500, 2135700
2015-01-09, 19.6500, 20.0000, 19.3100, 19.5600, 2368200
2015-01-12, 19.5100, 19.8000, 18.8800, 18.9200, 863400
2015-01-13, 19.2400, 19.6300, 18.7100, 19.6200, 787400
2015-01-14, 18.8900, 19.2300, 18.6400, 19.0400, 439700
2015-01-15, 19.0200, 19.0200, 17.4700, 17.5700, 642200
2015-01-16, 17.4600, 17.6900, 17.3700, 17.4800, 715200
2015-01-20, 17.3200, 17.3200, 16.2300, 16.4500, 991100
2015-01-21, 16.3900, 16.4000, 15.5200, 16.0200, 1013000
2015-01-22, 16.0100, 16.4200, 15.6700, 16.3700, 498200
2015-01-23, 16.4400, 16.8500, 15.8100, 15.8700, 406900
2015-01-26, 15.9500, 15.9700, 14.7900, 14.9100, 1640400
2015-01-27, 14.6800, 15.0800, 14.5700, 15.0500, 841100
2015-01-28, 15.0500, 15.1000, 14.6300, 14.7800, 765300
2015-01-29, 14.6200, 14.8300, 14.2800, 14.3500, 784400
2015-01-30, 14.3900, 14.6900, 14.1900, 14.3200, 880500
2015-02-02, 14.2200, 14.4900, 13.9000, 14.1700, 1456700
2015-02-03, 14.4500, 14.8400, 14.1800, 14.8000, 903700
2015-02-04, 15.2400, 15.4800, 14.3200, 14.3800, 695000
2015-02-05, 14.3500, 14.8300, 14.2800, 14.4900, 834600
2015-02-06, 14.5200, 14.7200, 14.2500, 14.7000, 477900
2015-02-09, 14.6800, 15.0600, 14.1400, 14.5100, 2355000
2015-02-10, 9.2400, 11.0800, 9.2400, 10.7500, 13795300
2015-02-11, 10.5800, 11.1000, 10.4300, 11.0900, 2129400
2015-02-12, 11.1300, 11.2100, 10.7400, 11.1300, 1573500
2015-02-13, 11.1000, 11.3300, 10.7600, 11.0600, 1031600
2015-02-17, 11.0000, 11.0700, 10.8200, 10.9300, 624300
2015-02-18, 10.9300, 10.9800, 10.7500, 10.7800, 660400
2015-02-19, 10.6200, 10.6700, 10.0100, 10.3200, 982500
2015-02-20, 10.2700, 10.2800, 9.9500, 10.0100, 740100
2015-02-23, 9.8800, 10.1500, 9.5000, 10.0600, 1300400
2015-02-24, 10.2900, 10.3300, 9.9400, 10.0900, 644100
2015-02-25, 10.0500, 10.0500, 9.8400, 9.9600, 1137500
2015-02-26, 9.9300, 10.3900, 9.8800, 9.8900, 509700
2015-02-27, 9.9000, 9.9800, 9.7200, 9.7500, 491800
2015-03-02, 9.7300, 10.1000, 9.6000, 10.0600, 916800
2015-03-03, 9.9900, 9.9900, 9.4800, 9.4900, 836400
2015-03-04, 9.4300, 9.6300, 9.3300, 9.5200, 659000
2015-03-05, 9.5600, 9.7000, 9.4400, 9.6700, 281500
2015-03-06, 9.5900, 9.7800, 9.5400, 9.7700, 1335800
2015-03-09, 9.7700, 9.8300, 9.6800, 9.7000, 510800
2015-03-10, 9.6400, 9.9300, 9.5100, 9.7000, 1282600
2015-03-11, 9.7000, 9.8500, 9.7000, 9.7800, 337200
2015-03-12, 9.8100, 10.0000, 9.7800, 10.0000, 326100
2015-03-13, 10.0100, 10.2300, 9.9300, 10.1500, 516900
2015-03-16, 10.1600, 10.2600, 9.9200, 10.1000, 303100
2015-03-17, 10.1000, 10.5400, 10.0900, 10.4100, 466000
2015-03-18, 10.3500, 10.7100, 10.1900, 10.6800, 275300
2015-03-19, 10.7000, 10.7800, 10.6000, 10.7800, 118100
2015-03-20, 10.8100, 11.4200, 10.7900, 11.4200, 864000
2015-03-23, 11.4200, 12.9900, 11.4100, 12.0200, 792100
2015-03-24, 11.9200, 12.2000, 11.6500, 12.1200, 304000
2015-03-25, 11.9500, 12.1500, 11.6400, 11.8400, 456600
2015-03-26, 12.0400, 12.0400, 11.3100, 11.3700, 285800
2015-03-27, 11.3300, 11.8000, 11.3300, 11.6800, 320100
2015-03-30, 11.7500, 11.8300, 11.3300, 11.5700, 552200
2015-03-31, 11.4300, 11.9000, 11.4200, 11.7400, 523600
2015-04-01, 11.6300, 12.1300, 11.5400, 12.0100, 516500
2015-04-02, 12.0000, 12.9300, 12.0000, 12.5600, 548100
2015-04-06, 12.4300, 13.0400, 12.3200, 12.7700, 684000
2015-04-07, 12.8300, 13.1000, 12.6300, 13.0300, 1172700
2015-04-08, 13.0500, 14.0500, 13.0500, 13.7500, 1569200
2015-04-09, 13.5700, 13.6900, 13.0800, 13.3900, 342300
2015-04-10, 13.2600, 14.6700, 13.2000, 14.0000, 479000
2015-04-13, 13.8300, 14.4500, 13.3200, 13.4500, 492000
2015-04-14, 13.5500, 13.5600, 12.7100, 12.8400, 492300
2015-04-15, 12.8600, 12.9000, 12.4600, 12.6400, 411400
2015-04-16, 12.5900, 13.2500, 12.4600, 12.9800, 450800
2015-04-17, 12.8300, 12.8300, 12.1500, 12.4100, 477600
2015-04-20, 12.5400, 13.2700, 12.2300, 12.5000, 651700
2015-04-21, 12.6000, 13.0200, 12.3200, 12.7800, 573400
2015-04-22, 12.9000, 13.1700, 12.4000, 13.1100, 561000
2015-04-23, 13.1400, 13.2100, 12.9300, 13.1300, 518500
2015-04-24, 13.1100, 13.1600, 12.9500, 13.0300, 374100
2015-04-27, 13.0200, 13.6000, 12.8800, 13.0000, 995600
2015-04-28, 12.9600, 13.1000, 12.5900, 12.7100, 527000
2015-04-29, 12.6000, 12.8300, 12.1800, 12.4300, 409900
2015-04-30, 12.3100, 12.6500, 12.2600, 12.5300, 208700
2015-05-01, 12.5200, 12.7000, 12.3700, 12.4200, 584000
2015-05-04, 12.4000, 12.6100, 11.8100, 11.8400, 569800
2015-05-05, 11.8700, 11.9500, 10.7900, 10.9900, 910800
2015-05-06, 10.7400, 11.2300, 9.9100, 11.1800, 1209500
2015-05-07, 11.1200, 12.2700, 11.0800, 12.1500, 568900
2015-05-08, 12.3000, 12.4400, 11.8700, 11.9000, 303100
2015-05-11, 11.8700, 12.3800, 11.8700, 12.0000, 248000
2015-05-12, 11.9900, 12.1300, 11.7200, 11.9900, 1049300
2015-05-13, 11.9600, 12.4300, 11.8600, 12.3700, 754300
2015-05-14, 12.4600, 12.8000, 12.2200, 12.5700, 292500
2015-05-15, 12.7300, 12.8200, 12.4700, 12.5900, 222500
2015-05-18, 12.5600, 12.8700, 12.4700, 12.7900, 298600
2015-05-19, 12.9000, 12.9800, 12.6700, 12.9400, 342500
2015-05-20, 12.9200, 12.9200, 12.4300, 12.8300, 191300
2015-05-21, 12.7900, 12.9900, 12.6700, 12.9200, 178800
2015-05-22, 12.9600, 13.3700, 12.9100, 13.2400, 273400
2015-05-26, 13.1100, 13.4900, 12.9900, 13.4300, 270900
2015-05-27, 13.3900, 13.6500, 12.9000, 12.9500, 369100
2015-05-28, 12.9000, 13.0500, 12.6700, 12.9500, 215700
2015-05-29, 12.9200, 13.0400, 12.4600, 12.4900, 282800
2015-06-01, 12.4000, 12.5100, 12.0000, 12.0700, 379100
2015-06-02, 11.9200, 12.0700, 11.7900, 11.9900, 421400
2015-06-03, 12.0000, 12.6800, 11.9400, 12.3700, 251600
2015-06-04, 12.3300, 12.3900, 11.8100, 11.9300, 221600
2015-06-05, 11.9400, 12.0300, 11.6200, 11.7400, 228400
2015-06-08, 11.6900, 12.5300, 11.6300, 12.4800, 396300
2015-06-09, 12.4500, 13.0300, 12.4100, 12.7200, 497800
2015-06-10, 12.7200, 13.4500, 12.7200, 13.0900, 475500
2015-06-11, 13.1200, 13.2200, 12.8500, 13.0400, 245100
2015-06-12, 12.9900, 13.1500, 12.9100, 13.0300, 170200
2015-06-15, 12.9400, 13.2500, 12.8000, 13.0000, 507400
2015-06-16, 12.9700, 13.0700, 12.3600, 12.7100, 676100
2015-06-17, 12.7000, 12.9300, 12.4200, 12.7300, 628400
2015-06-18, 12.7400, 13.0400, 12.7400, 12.9400, 525800
2015-06-19, 12.9900, 12.9900, 12.2600, 12.6300, 813800
2015-06-22, 12.6700, 12.7600, 12.1400, 12.3200, 443400
2015-06-23, 12.1600, 12.3000, 10.6900, 11.8400, 1433600
2015-06-24, 11.7600, 11.8400, 11.5000, 11.5000, 466000
2015-06-25, 11.5400, 11.7600, 11.3700, 11.7000, 656100
2015-06-26, 11.7500, 12.3900, 11.6400, 11.8000, 3643300
2015-06-29, 11.7200, 11.8000, 10.8800, 10.9800, 539100
2015-06-30, 11.0600, 11.1000, 10.5100, 10.7900, 679000
2015-07-01, 10.8700, 10.9600, 10.2600, 10.6100, 824400
2015-07-02, 10.5900, 10.5900, 10.2600, 10.3100, 410500
2015-07-06, 10.1700, 10.3300, 9.8400, 10.0200, 605500
2015-07-07, 10.0000, 10.4100, 9.9700, 10.4000, 676900
2015-07-08, 10.3200, 10.3700, 9.9800, 10.0900, 626900
2015-07-09, 10.1400, 10.2200, 10.0100, 10.1100, 340500
2015-07-10, 10.1900, 10.3300, 10.0000, 10.0200, 471100
2015-07-13, 10.0200, 10.3700, 9.9600, 10.3600, 256500
2015-07-14, 10.4000, 10.5600, 10.3100, 10.5300, 264000
2015-07-15, 10.4700, 10.7400, 10.4100, 10.6800, 819700
2015-07-16, 10.7100, 11.0800, 10.6800, 11.0500, 349500
2015-07-17, 11.0400, 11.2100, 10.8900, 11.0100, 207000
2015-07-20, 10.9900, 11.0800, 10.6400, 10.7200, 542700
2015-07-21, 10.6400, 10.9900, 10.6400, 10.9500, 696900
2015-07-22, 10.9100, 11.1500, 10.9100, 11.1100, 202100
2015-07-23, 11.1000, 11.5700, 11.1000, 11.4100, 506900
2015-07-24, 11.4100, 11.5000, 11.1000, 11.1400, 839000
2015-07-27, 11.0700, 11.1400, 10.4000, 10.4800, 587900
2015-07-28, 10.5100, 10.5200, 9.3600, 10.1400, 1333300
2015-07-29, 10.1100, 10.3400, 9.7900, 9.9700, 553600
2015-07-30, 9.9700, 9.9700, 9.4700, 9.6400, 442900
2015-07-31, 9.6300, 9.9700, 9.5900, 9.7300, 328900
2015-08-03, 9.7100, 9.7500, 9.0400, 9.2500, 1005600
2015-08-04, 9.2400, 9.6300, 9.2400, 9.5800, 730400
2015-08-05, 9.3100, 9.6200, 8.6800, 9.2000, 1658100
2015-08-06, 10.0000, 11.0900, 9.8800, 10.2500, 2153100
2015-08-07, 10.0300, 10.3000, 9.7000, 9.7200, 1076500
2015-08-10, 9.7600, 9.8300, 9.5500, 9.7100, 797100
2015-08-11, 9.6100, 9.7900, 9.4700, 9.4800, 642400
2015-08-12, 9.3700, 9.5700, 9.3000, 9.4500, 527400
2015-08-13, 9.4600, 9.7700, 9.2000, 9.6900, 380600
2015-08-14, 9.6800, 10.2200, 9.6800, 10.1300, 432000
2015-08-17, 10.0900, 10.2900, 10.0100, 10.2500, 358300
2015-08-18, 10.2200, 10.3000, 10.1300, 10.1700, 138700
2015-08-19, 10.1500, 10.3000, 9.9100, 10.2200, 331100
2015-08-20, 9.9600, 10.1500, 9.4100, 9.4900, 644900
2015-08-21, 9.2600, 9.7300, 9.0100, 9.4800, 508600
2015-08-24, 8.8400, 9.6100, 7.6500, 9.4700, 1206200
2015-08-25, 9.6700, 9.7800, 9.3800, 9.5100, 904600
2015-08-26, 9.6500, 9.7900, 9.0700, 9.1900, 824200
2015-08-27, 9.2900, 9.5100, 9.1800, 9.3200, 374400
2015-08-28, 9.3000, 9.4000, 9.1700, 9.2800, 386900
2015-08-31, 9.2800, 9.5000, 9.2000, 9.3400, 303700
2015-09-01, 9.1300, 9.4900, 9.1200, 9.2200, 268900
2015-09-02, 9.2700, 9.5100, 9.2000, 9.4600, 356500
2015-09-03, 9.4300, 9.5000, 9.3800, 9.4100, 190200
2015-09-04, 9.2200, 9.3500, 9.1500, 9.2000, 188500
2015-09-08, 9.3100, 9.6900, 9.2800, 9.4700, 362400
2015-09-09, 9.4800, 9.7400, 9.4800, 9.6300, 427900
2015-09-10, 9.5500, 10.2400, 9.5500, 10.2300, 299000
2015-09-11, 10.1400, 10.4600, 10.0000, 10.3500, 461600
2015-09-14, 10.3000, 10.4500, 9.8200, 9.8600, 285000
2015-09-15, 9.8400, 10.2700, 9.8400, 10.0100, 295200
2015-09-16, 9.9700, 10.1800, 9.8300, 9.8500, 264200
2015-09-17, 9.8300, 9.9900, 9.6500, 9.9200, 455600
2015-09-18, 10.0700, 10.0900, 9.8100, 10.0400, 1339300
2015-09-21, 10.0100, 10.1100, 9.2800, 9.3400, 434500
2015-09-22, 9.2500, 9.3100, 8.9500, 9.1800, 513700
2015-09-23, 9.1700, 9.2800, 8.7700, 8.8600, 261000
2015-09-24, 8.7800, 9.0400, 8.6500, 9.0100, 221600
2015-09-25, 9.0800, 9.0900, 8.7500, 8.8000, 291300
2015-09-28, 8.7300, 8.7700, 8.4900, 8.6000, 205300
2015-09-29, 8.6400, 8.9300, 8.5000, 8.8500, 269900
2015-09-30, 8.9000, 9.0100, 8.7800, 9.0000, 230500
2015-10-01, 9.0700, 9.0700, 8.8600, 9.0000, 306800
2015-10-02, 8.8700, 8.9800, 8.8000, 8.9400, 385500
2015-10-05, 9.0500, 9.4700, 9.0400, 9.3600, 322300
2015-10-06, 9.4500, 9.4800, 9.3400, 9.3900, 294600
2015-10-07, 9.3900, 9.5700, 9.0500, 9.1100, 335100
2015-10-08, 9.1200, 9.2600, 8.9800, 9.0000, 387100
2015-10-09, 8.9900, 9.0400, 8.5900, 8.7300, 464300
2015-10-12, 8.7800, 8.7800, 8.6500, 8.7200, 238000
2015-10-13, 8.7100, 8.7400, 8.4200, 8.4300, 491200
2015-10-14, 8.3500, 8.4800, 7.9400, 7.9600, 495300
2015-10-15, 7.9900, 8.1900, 7.8600, 8.0600, 662400
2015-10-16, 8.0700, 8.1200, 7.9000, 8.0000, 363700
2015-10-19, 7.9700, 8.1700, 7.9700, 8.1300, 255500
2015-10-20, 8.0900, 8.2800, 7.8600, 7.9300, 265600
2016-10-06, 35.0000, 41.6100, 31.7500, 33.2800, 16892884
2016-10-07, 34.0000, 34.7500, 28.8800, 29.6900, 3127872
2016-10-10, 29.0000, 30.5000, 27.0000, 28.1600, 1321315
2016-10-11, 27.4900, 28.6000, 25.5000, 27.7400, 1601098
2016-10-12, 27.5600, 29.9640, 27.5600, 29.2500, 1203927
2016-10-13, 28.4500, 30.8900, 27.5200, 30.5300, 1024680
2016-10-14, 31.0000, 31.5400, 29.0000, 29.0300, 653839
2016-10-17, 28.5200, 28.6600, 27.2700, 27.4300, 488943
2016-10-18, 28.2500, 28.2799, 26.5000, 27.1700, 872437
2016-10-19, 26.8900, 27.5400, 26.4000, 26.4500, 478550
2016-10-20, 26.1100, 26.8600, 25.5100, 25.7800, 363109
2016-10-21, 25.2300, 25.8537, 24.8300, 25.3000, 560501
2016-10-24, 25.4200, 27.4899, 25.4181, 26.8100, 505898
2016-10-25, 26.5500, 28.0000, 26.5500, 27.0000, 362280
2016-10-26, 27.1300, 27.4500, 26.5200, 26.7800, 162470
2016-10-27, 26.7300, 27.3900, 25.2500, 25.9000, 387584
2016-10-28, 25.5800, 26.2345, 25.0101, 25.3200, 299876
2016-10-31, 25.1100, 25.7000, 24.7000, 25.0000, 425890
2016-11-01, 25.2200, 25.3800, 24.1900, 24.9800, 422121
2016-11-02, 25.0000, 25.2994, 24.6500, 25.1100, 259741
2016-11-03, 25.1200, 25.3500, 24.8500, 25.0600, 247360
2016-11-04, 25.2500, 25.9215, 25.0800, 25.2600, 211621
2016-11-07, 25.6300, 25.7599, 25.1000, 25.5800, 171101
2016-11-08, 25.3800, 25.4800, 25.0000, 25.3000, 311332
2016-11-09, 24.9900, 26.2500, 24.9000, 25.4900, 280073
2016-11-10, 26.0000, 26.4150, 25.2001, 25.7900, 280632
2016-11-11, 25.5600, 26.3436, 25.2900, 26.3000, 129186
2016-11-14, 26.5000, 28.2800, 26.3100, 27.7200, 268339
2016-11-15, 27.6900, 28.4850, 27.0000, 28.3000, 213633
2016-11-16, 28.4100, 29.7850, 27.6300, 29.5000, 281768
2016-11-17, 29.8000, 29.9500, 28.9800, 29.6400, 189184
2016-11-18, 29.7500, 29.7500, 29.0600, 29.5100, 205107
2016-11-21, 29.7000, 31.5000, 29.6700, 31.4500, 677277
2016-11-22, 31.0600, 32.1960, 29.8510, 31.4200, 365802
2016-11-23, 31.3600, 32.5000, 30.6500, 32.2500, 175812
2016-11-25, 32.5300, 32.9600, 32.0000, 32.8400, 102499
2016-11-28, 32.8400, 32.8400, 31.1300, 31.3100, 159568
2016-11-29, 31.3800, 32.5200, 30.0100, 31.9200, 184585
2016-11-30, 32.1700, 32.1999, 30.6900, 31.7400, 205725
2016-12-01, 31.7400, 31.7400, 27.7000, 27.7800, 502493
2016-12-02, 28.1600, 28.3200, 25.5400, 26.2900, 1124893
2016-12-05, 26.6000, 27.4900, 25.7200, 26.0200, 792802
2016-12-06, 28.3200, 28.4000, 25.8800, 27.7400, 1056654
2016-12-07, 27.8500, 28.4000, 26.9100, 27.2500, 554814
2016-12-08, 27.2100, 27.8480, 26.1400, 26.2300, 347236
2016-12-09, 26.1500, 26.8600, 26.0000, 26.1000, 245610
2016-12-12, 26.0900, 26.6300, 25.8100, 26.1500, 283888
2016-12-13, 26.2800, 26.8400, 26.0000, 26.3000, 521500
2016-12-14, 26.1500, 26.6200, 25.2600, 25.4500, 413648
2016-12-15, 25.5000, 26.9000, 25.5000, 26.3300, 354009
2016-12-16, 26.3100, 27.5300, 26.1600, 26.4000, 1719505
2016-12-19, 26.4900, 26.8700, 26.0000, 26.3800, 338012
2016-12-20, 26.5600, 26.7100, 25.0000, 25.2600, 524701
2016-12-21, 25.2000, 25.7300, 25.0500, 25.1700, 197762
2016-12-22, 25.2800, 25.7000, 24.8200, 25.0400, 306148
2016-12-23, 25.1200, 25.8090, 25.0200, 25.4400, 143593
2016-12-27, 25.6386, 25.8800, 25.5100, 25.8100, 108603
2016-12-28, 25.8500, 25.9200, 25.0000, 25.5000, 172191
2016-12-29, 25.4300, 25.9500, 25.1900, 25.4400, 118694
2016-12-30, 25.4600, 25.5000, 24.8500, 25.0100, 181171
2017-01-03, 25.0600, 25.5150, 24.1900, 24.6200, 549716
2017-01-04, 24.7500, 25.0300, 23.9000, 24.5100, 281852
2017-01-05, 24.6200, 24.8400, 24.0500, 24.0800, 494874
2017-01-06, 24.1800, 24.8300, 23.9229, 24.1300, 192581
2017-01-09, 24.0600, 24.3500, 23.5200, 23.9100, 255868
2017-01-10, 23.9100, 25.2000, 23.8000, 24.8000, 343842
2017-01-11, 24.8600, 25.6000, 24.5700, 25.5400, 181855
2017-01-12, 25.4900, 25.4900, 24.8100, 24.8600, 204826
2017-01-13, 24.9300, 25.5000, 24.9300, 25.4500, 114874
2017-01-17, 25.4000, 25.8800, 24.4600, 25.0000, 301574
2017-01-18, 24.9800, 25.2800, 24.7350, 25.1600, 96985
2017-01-19, 25.3300, 25.6400, 24.9300, 25.3300, 215349
2017-01-20, 25.3400, 26.1000, 25.0300, 25.1100, 287616
2017-01-23, 25.0600, 25.4000, 24.7400, 25.0000, 280596
2017-01-24, 25.0400, 25.1600, 24.8500, 24.9700, 100081
2017-01-25, 25.2900, 26.4200, 25.2900, 26.3200, 181803
2017-01-26, 26.4800, 26.7500, 25.6900, 25.8400, 169443
2017-01-27, 25.9200, 26.5500, 25.7750, 26.3700, 173901
2017-01-30, 26.3400, 26.4600, 25.8500, 26.2400, 264620
2017-01-31, 26.0600, 26.3000, 25.7000, 25.9900, 232487
2017-02-01, 26.1700, 26.3980, 25.4750, 25.5500, 101954
2017-02-02, 25.5300, 25.9600, 25.1690, 25.6700, 192820
2017-02-03, 25.7500, 26.1250, 25.6630, 26.0200, 132031
2017-02-06, 26.0400, 26.1330, 25.7400, 26.0300, 110800
2017-02-07, 26.1600, 26.4100, 25.8300, 26.0000, 105708
2017-02-08, 25.9800, 25.9900, 25.6800, 25.7600, 71573
2017-02-09, 25.7200, 26.2200, 25.6500, 26.0000, 95637
2017-02-10, 25.9400, 26.8000, 25.7800, 26.2500, 228552
2017-02-13, 26.2500, 26.7500, 25.9000, 25.9600, 178777
2017-02-14, 25.9700, 26.1800, 25.8300, 25.9200, 92532
2017-02-15, 25.9800, 26.5700, 25.8500, 26.2200, 143812
2017-02-16, 26.2100, 26.3650, 25.8300, 26.0200, 92457
2017-02-17, 25.9900, 27.4100, 25.8700, 27.1600, 231529
2017-02-21, 27.3700, 29.2500, 27.1130, 29.0600, 319804
2017-02-22, 29.0000, 29.1000, 28.0500, 28.1700, 194633
2017-02-23, 28.3200, 28.4500, 26.9500, 27.1200, 214198
2017-02-24, 26.8400, 26.9100, 26.0310, 26.3800, 181604
2017-02-27, 26.4000, 26.5900, 26.0000, 26.2300, 97943
2017-02-28, 26.2400, 26.4700, 25.8500, 26.4500, 163193
2017-03-01, 26.5900, 27.1300, 26.4000, 27.1200, 155726
2017-03-02, 27.0400, 27.2700, 26.8000, 27.0400, 114300
2017-03-03, 27.1400, 27.2300, 26.3650, 26.6000, 568563
2017-03-06, 26.5400, 26.9400, 26.2100, 26.5900, 209882
2017-03-07, 26.5100, 26.9600, 26.4000, 26.7400, 248420
2017-03-08, 26.6700, 27.2900, 26.6700, 26.9100, 109537
2017-03-09, 26.9100, 27.0000, 26.5300, 26.7900, 111154
2017-03-10, 26.9400, 27.1150, 26.0000, 26.2000, 340836
2017-03-13, 26.2000, 27.1000, 25.6200, 27.0600, 418416
2017-03-14, 26.4900, 26.4900, 23.3600, 23.8900, 2608572
2017-03-15, 24.0000, 24.2300, 23.1700, 24.0900, 659194
2017-03-16, 24.2100, 24.3500, 23.5400, 23.7000, 450628
2017-03-17, 23.8500, 24.2500, 23.4490, 23.9600, 406948
2017-03-20, 24.0600, 24.2200, 23.6500, 23.7700, 414047
2017-03-21, 23.9400, 23.9400, 23.1600, 23.3600, 418196
2017-03-22, 23.3000, 23.9400, 22.5000, 23.6900, 383055
2017-03-23, 23.6400, 24.2100, 23.4100, 23.7700, 301694
2017-03-24, 23.9100, 24.1000, 23.2000, 23.8800, 247183
2017-03-27, 23.7200, 24.3600, 23.2760, 24.0000, 251318
2017-03-28, 24.1000, 24.6000, 23.7900, 24.4900, 433557
2017-03-29, 24.5800, 24.7750, 24.1900, 24.5700, 292526
2017-03-30, 24.4500, 25.4000, 24.3100, 24.9900, 399920
2017-03-31, 24.9500, 25.7000, 24.8000, 25.4000, 294538
2017-04-03, 25.0500, 25.4000, 24.7950, 25.0700, 314252
2017-04-04, 24.0500, 24.7500, 24.0100, 24.5100, 1379495
2017-04-05, 24.2500, 24.5000, 23.7500, 24.0800, 842077
2017-04-06, 24.0000, 24.7200, 23.8900, 24.6300, 398644
2017-04-07, 24.4900, 24.9900, 24.2500, 24.8600, 218424
2017-04-10, 24.7200, 24.7500, 24.4300, 24.5000, 156520
2017-04-11, 24.2700, 25.5200, 24.2700, 25.4700, 509112
2017-04-12, 26.2700, 29.1770, 26.0000, 28.9600, 8233518
2017-04-13, 28.4100, 29.1500, 27.8500, 28.9800, 1421965
2017-04-17, 29.1400, 29.8400, 28.6900, 29.6300, 827414
2017-04-18, 28.9300, 30.0900, 28.8600, 29.9100, 547440
2017-04-19, 30.2100, 31.4100, 29.8200, 31.1600, 943799
2017-04-20, 31.3700, 31.5000, 30.2300, 30.2600, 636681
2017-04-21, 30.2500, 31.8000, 28.9100, 30.4100, 2039113
2017-04-24, 31.0500, 31.2600, 28.4000, 28.4400, 732594
2017-04-25, 28.4600, 29.1260, 27.9300, 28.5000, 461243
2017-04-26, 28.4400, 28.5700, 27.9300, 28.0400, 245125
2017-04-27, 28.0300, 28.2670, 27.7000, 27.9900, 234210
2017-04-28, 28.0600, 28.4300, 27.4700, 27.7500, 351032
2017-05-01, 27.7600, 28.1870, 27.3300, 28.1700, 373731
2017-05-02, 28.2000, 28.3700, 28.0200, 28.3700, 230370
2017-05-03, 28.3000, 28.3900, 27.6950, 27.9700, 240227
2017-05-04, 27.9300, 28.7100, 27.7600, 28.1200, 314168
2017-05-05, 28.2000, 28.6900, 28.0200, 28.6500, 124886
2017-05-08, 28.7000, 28.9900, 28.1200, 28.6200, 136578
2017-05-09, 28.7400, 28.9600, 28.2000, 28.4100, 162313
2017-05-10, 28.5100, 30.6210, 28.4100, 30.3000, 436863
2017-05-11, 30.3000, 33.0000, 29.9100, 32.9000, 813924
2017-05-12, 32.8600, 33.0100, 31.4800, 32.9200, 485376
2017-05-15, 33.0300, 34.6300, 33.0300, 33.4500, 482763
2017-05-16, 30.9200, 31.7600, 29.5800, 31.0600, 930434
2017-05-17, 30.7100, 31.0000, 30.0500, 30.2650, 326708
2017-05-18, 30.3600, 31.6700, 30.0800, 31.3500, 263424
2017-05-19, 31.6000, 32.3200, 31.1000, 31.7400, 155436
2017-05-22, 31.9500, 33.0100, 31.9500, 32.9400, 202246
2017-05-23, 32.8100, 33.2300, 32.3800, 32.7900, 119668
2017-05-24, 32.8200, 33.6400, 32.6700, 33.2400, 149721
2017-05-25, 33.2600, 34.3400, 32.8300, 34.0500, 186094
2017-05-26, 33.9200, 34.9100, 33.9200, 34.6200, 273396
2017-05-30, 34.4400, 35.0000, 33.8700, 34.8100, 315133
2017-05-31, 34.7000, 34.9700, 33.4100, 34.2200, 939333
2017-06-01, 34.5600, 35.9800, 34.3800, 35.3400, 490011
2017-06-02, 35.6200, 37.7250, 35.4000, 36.5400, 620140
2017-06-05, 36.5700, 37.3500, 36.0700, 36.3800, 890548
2017-06-06, 36.9400, 37.4000, 32.9000, 33.2800, 1119535
2017-06-07, 32.7200, 34.0000, 31.5400, 32.4900, 950805
2017-06-08, 32.5400, 32.5400, 31.6800, 32.3500, 454372
2017-06-09, 32.3500, 32.5800, 30.2200, 31.0000, 465296
2017-06-12, 31.1700, 31.1700, 29.6000, 29.9600, 775996
2017-06-13, 30.2500, 31.3400, 29.3700, 30.8900, 850206
2017-06-14, 30.8600, 31.3080, 30.1850, 30.9200, 398490
2017-06-15, 30.2700, 30.7900, 29.5800, 30.3100, 371351
2017-06-16, 30.2000, 31.3700, 30.1600, 31.2200, 699998
2017-06-19, 31.5300, 32.1600, 30.9500, 31.6400, 608252
2017-06-20, 31.5700, 31.9700, 30.4900, 30.7000, 348866
2017-06-21, 30.7200, 31.1700, 30.2000, 31.0600, 509397
2017-06-22, 31.0600, 31.5800, 30.3300, 30.5700, 439215
2017-06-23, 30.4800, 31.0200, 30.2200, 30.8900, 2317179
2017-06-26, 30.9200, 31.0500, 30.2200, 30.3000, 560280
2017-06-27, 30.2600, 30.2800, 29.7200, 29.9800, 563470
2017-06-28, 30.1800, 30.4050, 29.9030, 30.2500, 636816
2017-06-29, 30.1700, 30.2500, 28.8900, 29.6500, 571562
2017-06-30, 29.6300, 29.6300, 28.5200, 28.9800, 572890
2017-07-03, 29.2500, 29.4700, 28.8000, 29.0300, 322712
2017-07-05, 29.1600, 29.8300, 28.6000, 29.5600, 360184
2017-07-06, 29.4700, 29.6150, 29.0100, 29.4700, 404410
2017-07-07, 29.5000, 30.5000, 29.3050, 30.4500, 347327
2017-07-10, 30.4400, 30.4800, 29.3600, 29.5500, 253923
2017-07-11, 29.5500, 30.3000, 29.2100, 30.2600, 362804
2017-07-12, 30.2000, 31.4600, 30.1740, 31.2500, 530847
2017-07-13, 30.7000, 31.1200, 30.0000, 30.8900, 1420567
2017-07-14, 30.8200, 31.3800, 30.3900, 30.6300, 1180410
2017-07-17, 30.6500, 31.3700, 30.0200, 30.5800, 599650
2017-07-18, 30.5200, 31.0100, 30.1300, 30.5900, 383752
2017-07-19, 30.5400, 30.9000, 30.0900, 30.2200, 315964
2017-07-20, 30.8200, 30.8900, 30.2200, 30.8200, 354860
2017-07-21, 30.9500, 30.9500, 29.0800, 29.5000, 948469
2017-07-24, 29.4700, 30.1700, 29.2500, 30.0100, 498394
2017-07-25, 29.9800, 30.7500, 29.7500, 30.6100, 536513
2017-07-26, 30.6900, 30.8600, 30.3200, 30.8200, 509557
2017-07-27, 30.9500, 31.0800, 30.3400, 30.6300, 325574
2017-07-28, 30.3900, 30.9400, 30.0700, 30.8600, 268275
2017-07-31, 30.9100, 30.9100, 30.4100, 30.7300, 264073
2017-08-01, 30.9700, 30.9700, 30.3300, 30.9100, 334727
2017-08-02, 30.9200, 30.9500, 30.0540, 30.7900, 299555
2017-08-03, 30.6600, 30.9100, 30.3000, 30.6500, 235288
2017-08-04, 30.6400, 30.9500, 30.4400, 30.7800, 216999
2017-08-07, 31.1100, 31.2500, 30.7900, 30.8800, 295517
2017-08-08, 30.9400, 31.3100, 30.6510, 30.8800, 475200
2017-08-09, 30.5800, 30.7520, 29.7600, 30.5200, 297763
2017-08-10, 30.2600, 30.5000, 29.2800, 29.3300, 258526
2017-08-11, 29.1600, 29.7700, 29.0200, 29.7400, 151736
2017-08-14, 30.0400, 30.7100, 30.0200, 30.3000, 175600
2017-08-15, 30.3000, 30.4780, 29.7900, 29.8100, 103066
2017-08-16, 29.8500, 30.6100, 29.8400, 29.9800, 147828
2017-08-17, 29.9000, 29.9400, 28.9500, 29.2900, 372174
2017-08-18, 29.1000, 29.9700, 29.0100, 29.8400, 232926
2017-08-21, 29.8000, 29.8400, 29.4000, 29.5700, 190378
2017-08-22, 29.7900, 29.8100, 29.3600, 29.6200, 157283
2017-08-23, 29.3800, 30.2700, 29.3100, 30.0400, 298986
2017-08-24, 30.2100, 30.6000, 29.9400, 30.2100, 330206
2017-08-25, 30.2800, 30.8300, 30.2400, 30.3700, 234788
2017-08-28, 30.3700, 30.9700, 30.2500, 30.8800, 307584
2017-08-29, 30.8100, 31.1900, 29.9800, 30.0300, 457068
2017-08-30, 30.1500, 30.5600, 29.9400, 30.3500, 661548
2017-08-31, 30.6500, 30.8100, 29.9400, 30.4600, 927539
2017-09-01, 30.6500, 30.9800, 30.0400, 30.3200, 701314
2017-09-05, 30.3200, 30.4560, 29.3700, 29.5900, 1159922
2017-09-06, 31.5800, 32.5600, 29.9000, 30.8500, 2766543
2017-09-07, 30.6100, 30.9250, 30.0700, 30.4300, 940119
2017-09-08, 30.2300, 30.8400, 30.0800, 30.4500, 317529
2017-09-11, 30.7700, 31.3300, 30.5600, 30.8700, 557021
2017-09-12, 31.0500, 31.7300, 31.0500, 31.3400, 381409
2017-09-13, 31.1800, 31.7600, 31.1800, 31.3700, 400092
2017-09-14, 31.1800, 32.1500, 31.1800, 32.1100, 625211
2017-09-15, 32.1500, 32.3000, 31.7000, 31.7900, 527486
2017-09-18, 31.7400, 31.9500, 31.2150, 31.4000, 308934
2017-09-19, 31.3500, 31.7200, 31.1700, 31.4200, 275446
2017-09-20, 31.3300, 31.5000, 30.9000, 31.1000, 293087
2017-09-21, 31.0200, 31.5000, 30.7100, 31.3700, 240395
2017-09-22, 31.3700, 31.7900, 31.0500, 31.3300, 456096
2017-09-25, 31.2300, 31.4300, 30.4500, 30.5200, 280738
2017-09-26, 30.5200, 31.0900, 30.2400, 30.2600, 268501
2017-09-27, 30.5200, 31.0200, 30.2600, 30.7300, 240039
2017-09-28, 30.6600, 30.8700, 30.1500, 30.7400, 181052
2017-09-29, 30.7300, 31.3100, 30.7300, 31.1500, 287868
2017-10-02, 30.9700, 31.6300, 30.7300, 31.4700, 329091
2017-10-03, 31.4400, 32.0000, 31.1200, 31.9900, 587245
2017-10-04, 31.8600, 32.0100, 31.7100, 31.8000, 366646
2017-10-05, 31.9000, 32.5200, 31.8150, 32.4200, 898225
2017-10-06, 32.3500, 34.4500, 32.3500, 34.2000, 1064487
2017-10-09, 34.0500, 35.3500, 34.0000, 34.8700, 1084855
2017-10-10, 34.7400, 35.6900, 34.7400, 35.2200, 1000242
2017-10-11, 35.1700, 35.5100, 34.9700, 35.3700, 237088
2017-10-12, 35.3600, 35.6500, 34.8950, 35.0300, 364717
2017-10-13, 35.0400, 36.0000, 35.0000, 35.8800, 886954
2017-10-16, 35.6200, 36.2800, 35.3800, 35.7900, 466647
2017-10-17, 35.8800, 35.9200, 35.2500, 35.4800, 176403
2017-10-18, 35.7200, 36.1850, 35.3200, 36.0000, 482483
2017-10-19, 35.9100, 35.9600, 35.5200, 35.9100, 119663
2017-10-20, 36.1700, 36.2750, 35.7200, 36.1300, 231843
2017-10-23, 36.3000, 36.4300, 35.9300, 36.1200, 432895
2017-10-24, 35.9300, 36.0800, 35.2100, 35.2300, 411319
2017-10-25, 35.0000, 35.2100, 33.6700, 34.9000, 312822
2017-10-26, 35.0000, 35.2000, 34.7700, 34.8800, 183104
2017-10-27, 35.0200, 35.1000, 34.4000, 34.4600, 288391
2017-10-30, 34.2900, 34.5700, 34.0200, 34.2600, 171484
2017-10-31, 34.3000, 34.9600, 34.1650, 34.7500, 210530
2017-11-01, 35.0000, 35.2300, 34.6500, 35.2300, 405768
2017-11-02, 35.1400, 35.4000, 34.9500, 35.2000, 283007
2017-11-03, 35.2300, 35.2550, 34.8400, 35.0300, 162178
2017-11-06, 35.1000, 35.2200, 34.7800, 35.2100, 208393
2017-11-07, 35.2200, 35.3100, 34.1800, 34.2000, 204697
2017-11-08, 34.0800, 34.5200, 33.5800, 34.4700, 244995
2017-11-09, 34.2000, 34.2000, 33.0400, 33.3300, 126872
2017-11-10, 33.3100, 33.9400, 33.2600, 33.3900, 277773
2017-11-13, 33.1800, 33.7000, 32.7900, 33.2800, 152424
2017-11-14, 33.1200, 33.6200, 33.0100, 33.2600, 102704
2017-11-15, 33.0100, 33.2400, 32.6900, 32.8500, 249065
2017-11-16, 33.1000, 33.7900, 33.1000, 33.7100, 145581
2017-11-17, 33.5300, 34.4700, 33.5300, 33.9500, 272064
2017-11-20, 34.0000, 34.1600, 33.5000, 34.0500, 244910
2017-11-21, 34.2400, 34.5900, 34.0760, 34.5200, 191611
2017-11-22, 34.5600, 34.9300, 34.1100, 34.4000, 154857
2017-11-24, 34.5800, 34.8100, 34.2800, 34.6600, 141712
2017-11-27, 34.8700, 35.2600, 34.6200, 34.9100, 524274
2017-11-28, 34.9700, 35.3350, 34.6100, 35.2900, 289050
2017-11-29, 35.2100, 35.5000, 34.1900, 34.6300, 213634
2017-11-30, 34.6300, 35.5000, 34.4500, 35.4300, 262215
2017-12-01, 35.4300, 36.1300, 35.4300, 35.9400, 674105
2017-12-04, 36.1200, 36.4000, 33.3800, 33.6200, 1420745
2017-12-05, 31.8700, 34.3000, 30.7500, 32.5800, 1715387
2017-12-06, 32.8700, 32.8700, 32.0400, 32.0800, 414636
2017-12-07, 32.2200, 33.5900, 32.1334, 32.8500, 438294
2017-12-08, 33.2200, 33.7000, 32.6200, 32.6400, 417229
2017-12-11, 32.6500, 34.2200, 32.6400, 34.0000, 702996
2017-12-12, 34.0000, 34.9500, 33.5700, 33.6800, 714744
2017-12-13, 33.8300, 34.5800, 33.4850, 33.5600, 240680
2017-12-14, 33.5600, 34.0400, 33.3000, 33.6100, 279295
2017-12-15, 33.5400, 33.8800, 32.7100, 32.7500, 521224
2017-12-18, 33.0500, 33.4900, 33.0100, 33.2100, 195533
2017-12-19, 33.0000, 33.0000, 30.9000, 31.9000, 1259352
2017-12-20, 32.0500, 32.8400, 31.7800, 32.5000, 464248
2017-12-21, 32.5200, 32.7300, 31.8400, 32.0500, 230914
2017-12-22, 32.1300, 32.1300, 31.6800, 31.8700, 252585
2017-12-26, 31.7300, 32.1500, 31.5600, 31.8500, 146688
2017-12-27, 31.7900, 32.1900, 31.6600, 31.7400, 154609
2017-12-28, 31.8300, 32.0050, 31.4800, 31.5400, 229190
2017-12-29, 31.5200, 31.6300, 31.0700, 31.2200, 284171
2018-01-02, 31.6200, 32.5500, 31.4001, 32.0300, 604010
2018-01-03, 32.0200, 32.6800, 32.0200, 32.6600, 299389
2018-01-04, 32.7700, 33.1400, 32.3800, 33.1100, 351111
2018-01-05, 33.2100, 33.3600, 32.7200, 33.1300, 367113
2018-01-08, 33.5400, 33.6700, 32.9200, 33.1700, 406107
2018-01-09, 33.1400, 33.1400, 32.0300, 32.1500, 328200
2018-01-10, 32.1100, 32.1100, 31.7500, 32.0000, 232296
2018-01-11, 31.2100, 33.6900, 30.6500, 33.5900, 1219082
2018-01-12, 33.5500, 34.5400, 33.1300, 34.0000, 1655514
2018-01-16, 34.1900, 35.6100, 33.8600, 34.4500, 737689
2018-01-17, 34.8200, 36.0300, 33.8500, 36.0100, 922905
2018-01-18, 35.5300, 37.7500, 34.8000, 37.5900, 1473172
2018-01-19, 37.4600, 38.0600, 37.0800, 37.6900, 676221
2018-01-22, 37.8000, 38.3300, 37.3600, 38.2700, 308069
2018-01-23, 38.1600, 38.4900, 37.2500, 37.5900, 618242
2018-01-24, 37.8300, 38.1000, 36.7500, 37.3800, 452921
2018-01-25, 37.6900, 37.8789, 36.9700, 37.5000, 599597
2018-01-26, 37.5600, 38.4700, 37.4900, 38.3100, 471262
2018-01-29, 38.3200, 38.5700, 37.9500, 38.1700, 253436
2018-01-30, 38.0600, 38.4100, 37.1400, 37.4000, 403958
2018-01-31, 37.7200, 38.2800, 37.2900, 38.2300, 289249
2018-02-01, 38.5000, 39.5400, 38.3700, 38.9300, 528229
2018-02-02, 38.7000, 38.7000, 37.8100, 37.8700, 280372
2018-02-05, 37.4000, 38.5500, 37.0700, 37.5000, 690846
2018-02-06, 36.6600, 40.3100, 36.2500, 39.9900, 1097335
2018-02-07, 39.8400, 40.2000, 39.3100, 39.9200, 748266
2018-02-08, 40.0000, 40.1500, 38.5510, 39.1600, 787581
2018-02-09, 39.4200, 40.0500, 37.3200, 39.1600, 998532
2018-02-12, 39.3300, 39.4550, 38.2500, 38.6400, 673989
2018-02-13, 38.5000, 39.5600, 38.0300, 39.4900, 661844
2018-02-14, 39.3600, 41.2500, 38.9500, 40.7500, 1055527
2018-02-15, 40.8000, 41.7500, 39.7700, 41.5000, 1217615
2018-02-16, 41.3500, 42.3500, 40.9100, 41.5300, 986667
2018-02-20, 41.2000, 43.3100, 40.9050, 41.8500, 1373182
2018-02-21, 42.0800, 43.8300, 41.8900, 42.6200, 1298953
2018-02-22, 43.3000, 43.3000, 42.2000, 42.7000, 509409
2018-02-23, 43.1400, 43.1900, 42.3900, 43.0100, 543513
2018-02-26, 43.2900, 44.3600, 42.5600, 44.3500, 1042205
2018-02-27, 44.1400, 45.3000, 44.1400, 44.3500, 1038295
2018-02-28, 44.3700, 45.1900, 44.1300, 44.6000, 941090
2018-03-01, 44.8100, 44.8500, 43.6000, 44.2800, 555173
2018-03-02, 44.0900, 45.7400, 43.8200, 45.5600, 503782
2018-03-05, 45.5600, 47.4000, 45.4400, 47.2700, 734478
2018-03-06, 47.3500, 47.9300, 46.5100, 46.7300, 839131
2018-03-07, 46.3600, 48.2200, 46.3000, 47.7500, 466391
2018-03-08, 47.9500, 48.2900, 47.3400, 47.6100, 529859
2018-03-09, 48.0000, 48.8500, 47.8150, 48.3900, 916829
2018-03-12, 48.6600, 49.6100, 48.0600, 49.1800, 1595054
2018-03-13, 49.5700, 50.6900, 47.1900, 47.5300, 2564470
2018-03-14, 47.3800, 48.3400, 46.2550, 47.9600, 1104587
2018-03-15, 48.1200, 48.1200, 46.6300, 46.8400, 747563
2018-03-16, 46.5500, 46.9900, 46.0600, 46.3500, 649207
2018-03-19, 46.0000, 46.7300, 45.4032, 46.4400, 748122
2018-03-20, 46.5500, 49.0400, 46.4700, 48.4700, 981138
2018-03-21, 47.7000, 48.2500, 45.4100, 47.2600, 1217713
2018-03-22, 47.0000, 47.9200, 46.1000, 46.2600, 590497
2018-03-23, 46.1400, 47.4300, 46.1400, 46.6200, 586969
2018-03-26, 47.2100, 47.7400, 46.4000, 47.6000, 602803
2018-03-27, 47.6500, 47.7900, 45.3000, 45.6800, 539441
2018-03-28, 45.7300, 46.0200, 44.2400, 44.9300, 457167
2018-03-29, 44.8400, 46.2700, 44.5300, 45.6200, 453937
2018-04-02, 45.0500, 46.0800, 43.8900, 44.5000, 575230
2018-04-03, 44.7400, 45.5699, 44.6000, 45.2100, 358466
2018-04-04, 44.3700, 46.1000, 44.2600, 45.8500, 406241
2018-04-05, 46.4100, 47.2800, 46.1000, 46.7750, 550585
2018-04-06, 46.1500, 46.7300, 45.1900, 45.4800, 631892
2018-04-09, 45.8200, 46.3600, 44.7400, 44.8100, 383292
2018-04-10, 45.5000, 46.1600, 44.8600, 45.8200, 274154
2018-04-11, 45.0800, 45.8900, 44.6800, 45.2500, 566402
2018-04-12, 45.7100, 47.7600, 45.5247, 47.6300, 821826
2018-04-13, 47.8700, 48.2200, 46.8700, 47.2300, 607733
2018-04-16, 47.5100, 47.8900, 47.0700, 47.2300, 361567
2018-04-17, 47.4600, 48.7400, 47.4600, 48.4700, 736592
2018-04-18, 48.3900, 48.9200, 47.6220, 47.9400, 289708
2018-04-19, 47.8200, 48.4700, 46.7100, 47.3100, 304473
2018-04-20, 47.0000, 47.4900, 46.4000, 46.6700, 334028
2018-04-23, 47.9200, 49.9200, 47.4100, 49.7000, 1192676
2018-04-24, 49.7100, 50.9000, 46.6100, 47.2200, 1019610
2018-04-25, 47.1100, 47.3900, 45.7700, 47.0200, 483066
2018-04-26, 47.4900, 49.8300, 46.8700, 49.2300, 563706
2018-04-27, 49.3900, 49.8500, 47.3500, 47.5100, 467195
2018-04-30, 47.4100, 47.5900, 46.3600, 46.3700, 500234
2018-05-01, 46.3400, 47.1400, 45.7711, 47.0100, 437652
2018-05-02, 47.0200, 48.1100, 46.9300, 47.0900, 468638
2018-05-03, 46.7800, 50.1600, 46.6400, 49.2900, 898106
2018-05-04, 49.0100, 51.1243, 48.8600, 50.4600, 775836
2018-05-07, 50.7100, 51.9890, 49.9654, 50.2500, 495928
2018-05-08, 50.5300, 52.6900, 50.1400, 52.5800, 637225
2018-05-09, 53.0500, 54.2400, 52.7800, 53.8800, 1100067
2018-05-10, 53.9700, 54.3800, 53.0900, 53.9800, 553380
2018-05-11, 53.8700, 54.7300, 53.4300, 54.2100, 634066
2018-05-14, 54.1400, 55.1000, 53.5800, 53.7400, 1076815
2018-05-15, 53.5100, 54.0000, 52.1980, 53.7200, 550913
2018-05-16, 53.9400, 54.5550, 53.4900, 53.9000, 587733
2018-05-17, 53.0000, 53.0500, 50.8505, 51.4800, 1094031
2018-05-18, 50.6200, 52.4800, 49.6150, 52.2600, 854116
2018-05-21, 52.5400, 52.9900, 50.4400, 51.0300, 543563
2018-05-22, 51.4900, 51.7700, 50.3200, 51.0700, 405166
2018-05-23, 50.9700, 51.7500, 50.4200, 51.7200, 635499
2018-05-24, 51.7700, 52.4800, 51.0000, 52.1200, 558288
2018-05-25, 52.0200, 52.3700, 51.2100, 51.2200, 485279
2018-05-29, 51.1800, 51.8900, 50.8100, 51.6700, 609342
2018-05-30, 52.1400, 53.1000, 51.7300, 52.8700, 463592
2018-05-31, 53.2600, 53.7750, 52.7544, 53.3800, 751328
2018-06-01, 53.9600, 54.5000, 53.5210, 54.0700, 999260
2018-06-04, 54.7400, 55.4799, 54.1705, 55.3300, 2000596
2018-06-05, 57.0000, 60.3400, 56.7700, 60.1600, 4216196
2018-06-06, 60.1300, 62.2400, 59.1200, 60.7300, 1586496
2018-06-07, 60.7700, 61.1100, 58.1816, 59.0300, 1222513
2018-06-08, 58.9500, 61.2870, 58.4800, 60.3200, 1015393
2018-06-11, 60.5900, 61.2000, 59.8800, 60.2600, 1088261
2018-06-12, 60.2500, 62.5000, 60.0200, 62.0700, 1174167
2018-06-13, 61.9700, 63.2400, 61.6400, 62.2100, 1419101
2018-06-14, 62.3100, 62.9000, 61.5800, 62.2100, 974175
2018-06-15, 61.5700, 63.4100, 60.7700, 63.3800, 1022760
2018-06-18, 61.5500, 63.5600, 60.5300, 63.1000, 969418
2018-06-19, 62.3700, 63.0500, 60.5700, 62.9900, 1113918
2018-06-20, 63.4700, 64.9500, 62.6600, 64.3200, 939442
2018-06-21, 64.3000, 64.3000, 62.5600, 63.9900, 1125487
2018-06-22, 63.7600, 63.7600, 61.8000, 62.9700, 3468370
2018-06-25, 62.0700, 62.0700, 60.1500, 60.4200, 1299244
2018-06-26, 60.2500, 62.3200, 60.2200, 61.1800, 924563
2018-06-27, 60.6300, 61.7900, 58.8400, 59.2300, 1010955
2018-06-28, 58.9900, 62.0000, 58.6800, 61.5700, 785579
2018-06-29, 62.2800, 62.9500, 61.5500, 62.2400, 614813
2018-07-02, 61.9600, 62.8400, 61.6100, 62.3800, 467381
2018-07-03, 62.6800, 63.0000, 61.1200, 61.7100, 314536
2018-07-05, 61.9900, 64.3500, 61.8700, 64.1900, 738139
2018-07-06, 63.6000, 65.2900, 62.5480, 65.0000, 615493
2018-07-09, 65.5800, 66.2000, 64.2500, 66.0100, 631911
2018-07-10, 66.0100, 66.0100, 63.3700, 63.6000, 1073582
2018-07-11, 62.9100, 64.4600, 62.8700, 64.1200, 528623
2018-07-12, 64.6600, 66.0000, 64.5100, 65.6800, 664074
2018-07-13, 64.9900, 65.7100, 63.6500, 65.6100, 1343758
2018-07-16, 65.6800, 66.0000, 65.0000, 65.7000, 574724
2018-07-17, 65.0300, 66.5307, 64.6800, 66.0700, 924293
2018-07-18, 66.3600, 66.9600, 65.6500, 66.9100, 656539
2018-07-19, 66.3200, 67.2750, 64.8090, 65.7300, 641286
2018-07-20, 66.0700, 66.0700, 64.8800, 64.9500, 437058
2018-07-23, 64.9500, 65.9700, 64.4600, 65.6400, 367600
2018-07-24, 66.0800, 66.4500, 62.9300, 64.3300, 636792
2018-07-25, 64.3400, 66.2250, 64.3400, 65.3100, 281826
2018-07-26, 65.0000, 65.7500, 63.2401, 65.3800, 846620
2018-07-27, 65.7200, 65.7600, 61.5200, 63.2100, 901818
2018-07-30, 63.2200, 63.6999, 60.5200, 61.1600, 853269
2018-07-31, 61.0700, 62.3100, 60.3000, 61.3100, 643992
2018-08-01, 61.2600, 62.4600, 60.9300, 62.1100, 403395
2018-08-02, 61.7500, 63.1900, 61.5000, 62.9000, 761441
2018-08-03, 63.1500, 63.5600, 60.4200, 62.1000, 358696
2018-08-06, 62.0500, 63.2595, 61.8600, 62.5200, 277288
2018-08-07, 62.4700, 64.0100, 62.4700, 63.6900, 485903
2018-08-08, 63.8900, 64.5300, 63.5100, 63.9300, 569966
2018-08-09, 64.2000, 66.8100, 64.2000, 66.5200, 923917
2018-08-10, 66.2500, 70.3600, 66.2500, 68.4200, 1024639
2018-08-13, 68.3600, 68.7300, 65.4801, 65.5600, 569235
2018-08-14, 65.8300, 67.7500, 65.1300, 67.6500, 481044
2018-08-15, 66.9000, 67.7664, 65.5000, 66.2400, 719091
2018-08-16, 67.0300, 67.7600, 66.2000, 66.9700, 374261
2018-08-17, 66.9700, 67.6600, 65.8300, 67.1700, 442683
2018-08-20, 67.4600, 67.4600, 66.1100, 66.5000, 340861
2018-08-21, 66.8700, 68.7900, 66.5300, 68.1900, 505588
2018-08-22, 67.8500, 69.4600, 67.8100, 69.1400, 244681
2018-08-23, 69.3600, 70.6199, 69.3400, 69.3600, 525777
2018-08-24, 69.4300, 71.6600, 69.4300, 71.0000, 483622
2018-08-27, 71.6800, 72.0300, 69.9400, 70.6200, 717811
2018-08-28, 71.1100, 71.3600, 69.8610, 70.2000, 468643
2018-08-29, 70.9100, 72.3600, 70.3300, 71.3000, 959678
2018-08-30, 70.9300, 71.1600, 69.5800, 71.0300, 763773
2018-08-31, 71.0400, 72.0100, 70.0500, 71.7100, 468502
2018-09-04, 71.8000, 72.2500, 70.0450, 72.0000, 1452301
2018-09-05, 82.5800, 84.5271, 75.2700, 76.8800, 4687613
2018-09-06, 78.4900, 78.4900, 75.1000, 76.7800, 1322140
2018-09-07, 76.3900, 79.3600, 74.1900, 78.0100, 1312751
2018-09-10, 78.5600, 78.9443, 77.1100, 78.0200, 1019593
2018-09-11, 76.1000, 80.8000, 75.1369, 78.2800, 990233
2018-09-12, 78.0600, 79.2500, 76.3600, 78.8000, 886921
2018-09-13, 79.7100, 82.8750, 79.5000, 80.7300, 962586
2018-09-14, 79.9900, 80.7700, 78.5800, 79.1000, 741340
2018-09-17, 78.5500, 78.6300, 76.0300, 76.5800, 935621
2018-09-18, 76.9100, 78.9100, 76.6552, 77.1300, 669103
2018-09-19, 76.8800, 77.6850, 75.1500, 75.9400, 556276
2018-09-20, 75.9400, 78.1990, 73.3100, 78.0800, 1000857
2018-09-21, 78.0900, 78.0900, 75.8600, 76.7800, 1961888
2018-09-24, 76.0000, 78.1000, 74.8200, 76.8600, 461079
2018-09-25, 77.0800, 79.5000, 76.7965, 79.0900, 790553
2018-09-26, 79.4900, 79.9000, 78.1700, 79.1300, 1083027
2018-09-27, 79.2300, 80.4600, 78.6950, 79.4800, 459480
2018-09-28, 79.1200, 80.3600, 78.6300, 79.1000, 607363
2018-10-01, 79.5700, 80.4300, 76.6100, 76.7300, 678641
2018-10-02, 76.0000, 76.8900, 72.8900, 73.8700, 999726
2018-10-03, 73.9600, 75.1000, 73.5000, 73.8800, 526760
2018-10-04, 73.6500, 73.6600, 70.1300, 71.4600, 1117721
2018-10-05, 71.1500, 72.2900, 67.8900, 69.0400, 1270493
2018-10-08, 68.7400, 69.2200, 65.3900, 67.3700, 905748
2018-10-09, 67.0300, 68.7600, 65.8100, 66.6100, 662499
2018-10-10, 66.1500, 66.4400, 62.0101, 62.1600, 1014921
2018-10-11, 61.7200, 63.3900, 60.8300, 60.8800, 1515181
2018-10-12, 62.9300, 65.0000, 61.8381, 63.0500, 831983
2018-10-15, 62.8300, 64.1299, 61.3583, 62.7300, 606462
2018-10-16, 63.9100, 68.2000, 63.0700, 67.4800, 1502145
2018-10-17, 67.3300, 67.9000, 66.0400, 67.1000, 828287
2018-10-18, 66.5400, 66.6810, 63.3100, 64.5400, 556486
2018-10-19, 65.0200, 65.9480, 61.4950, 62.0200, 814002
2018-10-22, 62.2200, 65.4200, 61.6900, 64.9500, 867176
2018-10-23, 63.0000, 64.7900, 62.1500, 64.2500, 966469
2018-10-24, 63.8400, 64.6000, 59.4600, 59.6000, 1125408
2018-10-25, 60.3400, 62.4200, 59.0300, 61.8200, 743720
2018-10-26, 60.0900, 61.6350, 58.1300, 59.0800, 760494
2018-10-29, 60.7200, 61.9850, 57.0100, 58.1200, 705672
2018-10-30, 57.8400, 61.7300, 57.0200, 61.5600, 1158507
2018-10-31, 63.0000, 65.2300, 62.5100, 64.8300, 1082209
2018-11-01, 65.8800, 66.2900, 63.3900, 65.5900, 674234
2018-11-02, 66.1100, 67.6200, 65.1700, 66.0800, 981247
2018-11-05, 66.3100, 66.3100, 61.2200, 62.8100, 997703
2018-11-06, 62.7000, 64.5200, 60.5000, 61.4800, 667331
2018-11-07, 62.5000, 69.1400, 62.5000, 68.7600, 999551
2018-11-08, 68.7500, 69.7700, 67.8900, 68.4800, 806616
2018-11-09, 67.1100, 67.4517, 61.1200, 63.7300, 1317058
