2017-07-03, 26.3100, 26.3100, 26.2800, 26.2800, 1200
2017-08-24, 25.9800, 26.0500, 25.9100, 25.9150, 3600
2017-09-08, 26.4600, 26.4600, 26.4100, 26.4400, 1575
2017-09-11, 26.6500, 26.6800, 26.6204, 26.6732, 6926
2017-09-12, 26.7700, 26.8800, 26.7700, 26.8800, 1996
2017-09-13, 26.9100, 26.9600, 26.9100, 26.9600, 1872
2017-09-14, 26.8700, 26.9599, 26.8700, 26.9136, 2213
2017-09-15, 26.9200, 26.9200, 26.9200, 26.9200, 176
2017-09-18, 27.0500, 27.1400, 27.0002, 27.0098, 2659
2017-09-19, 26.9800, 26.9800, 26.9600, 26.9600, 571
2017-09-20, 26.8700, 26.8800, 26.8500, 26.8500, 1230
2017-09-21, 26.8500, 26.8500, 26.7700, 26.8100, 975
2017-09-22, 26.8600, 27.0200, 26.8600, 27.0200, 5852
2017-09-25, 27.0700, 27.1000, 26.9600, 26.9600, 858
2017-09-26, 26.8600, 26.8600, 26.8400, 26.8400, 612
2017-09-27, 26.9500, 27.0848, 26.9500, 27.0848, 216
2017-09-28, 26.9600, 27.0066, 26.9600, 27.0000, 2150
2017-09-29, 26.9900, 27.0700, 26.9900, 27.0500, 2338
2017-10-02, 27.0868, 27.1605, 27.0868, 27.1413, 2399
2017-10-03, 27.2100, 27.2100, 27.1700, 27.1700, 1079
2017-10-04, 27.2100, 27.2600, 27.2100, 27.2100, 2006
2017-10-05, 27.2892, 27.2900, 27.2799, 27.2799, 2802
2017-10-06, 27.1300, 27.1434, 27.1300, 27.1400, 2713
2017-10-09, 27.1600, 27.1700, 26.9400, 26.9400, 1245
2017-10-10, 27.0400, 27.0400, 26.9500, 26.9500, 688
2017-10-11, 26.9400, 26.9400, 26.8933, 26.8933, 4299
2017-10-12, 26.8500, 26.8700, 26.8400, 26.8600, 2565
2017-10-13, 26.8600, 26.8600, 26.8600, 26.8600, 0
2017-10-16, 27.0500, 27.0500, 26.9400, 26.9900, 3291
2017-10-17, 27.0100, 27.0700, 27.0100, 27.0700, 1921
2017-10-18, 27.2900, 27.2900, 27.1401, 27.2300, 7660
2017-10-19, 27.1300, 27.2500, 27.1300, 27.2400, 5715
2017-10-20, 27.4000, 27.4900, 27.4000, 27.4700, 716
2017-10-23, 27.5700, 27.5700, 27.4600, 27.4600, 3207
2017-10-24, 27.4360, 27.5200, 27.4360, 27.5000, 2653
2017-10-25, 27.3100, 27.3100, 27.0460, 27.2400, 7461
2017-10-26, 27.3200, 27.3200, 27.3000, 27.3200, 1585
2017-10-27, 26.9100, 27.0488, 26.9100, 27.0488, 1637
2017-10-30, 26.9549, 26.9930, 26.8900, 26.9400, 2623
2017-10-31, 26.9900, 27.0200, 26.9900, 27.0200, 1306
2017-11-01, 27.1800, 27.1800, 26.9800, 27.0900, 3184
2017-11-02, 27.0600, 27.0600, 26.9450, 26.9700, 2940
2017-11-03, 26.9300, 26.9400, 26.9200, 26.9200, 2519
2017-11-06, 27.0100, 27.0400, 26.9700, 27.0400, 6255
2017-11-07, 27.0400, 27.0700, 26.8600, 26.8900, 2897
2017-11-08, 26.9000, 26.9000, 26.9000, 26.9000, 390
2017-11-09, 26.9300, 26.9901, 26.9100, 26.9901, 4738
2017-11-10, 27.0200, 27.0810, 27.0200, 27.0810, 7078
2017-11-13, 27.0800, 27.0800, 26.9500, 26.9500, 666
2017-11-14, 26.9400, 26.9400, 26.9000, 26.9400, 2935
2017-11-15, 26.7700, 26.9100, 26.7200, 26.8600, 4810
2017-11-16, 27.0400, 27.2800, 27.0400, 27.2600, 5155
2017-11-17, 27.3400, 27.4100, 27.3400, 27.4085, 3968
2017-11-20, 27.4500, 27.5092, 27.4500, 27.5092, 708
2017-11-21, 27.5924, 27.6600, 27.5924, 27.6485, 3544
2017-11-22, 27.6400, 27.7600, 27.5801, 27.5900, 5031
2017-11-24, 27.5900, 27.5900, 27.5900, 27.5900, 1031
2017-11-27, 27.5700, 27.5700, 27.4900, 27.4900, 1150
2017-11-28, 27.6000, 27.7200, 27.6000, 27.7200, 8393
2017-11-29, 28.0900, 28.1200, 27.9600, 27.9600, 1264
2017-11-30, 28.1900, 28.1900, 28.0500, 28.0805, 2558
2017-12-01, 28.0600, 28.0900, 27.7700, 28.0900, 14639
2017-12-04, 28.3400, 28.4200, 28.2083, 28.2100, 9856
2017-12-05, 28.1000, 28.1100, 28.0200, 28.0200, 4737
2017-12-06, 28.0200, 28.0600, 28.0098, 28.0299, 2508
2017-12-07, 27.9900, 28.1700, 27.9900, 28.1000, 3000
2017-12-08, 28.3200, 28.4000, 28.3200, 28.4000, 3434
2017-12-11, 28.4200, 28.4500, 28.4100, 28.4500, 10004
2017-12-12, 28.5600, 28.5600, 28.5299, 28.5299, 2154
2017-12-13, 28.4600, 28.5500, 28.4600, 28.5300, 2979
2017-12-14, 28.4927, 28.4927, 28.3800, 28.3800, 584
2017-12-15, 28.5902, 28.7100, 28.5902, 28.6400, 1629
2017-12-18, 28.8800, 29.0800, 28.8800, 29.0800, 9005
2017-12-19, 29.0400, 29.1000, 29.0400, 29.0400, 2376
2017-12-20, 29.1300, 29.2000, 29.1300, 29.1700, 9724
2017-12-21, 29.2100, 29.2300, 29.1700, 29.1700, 4904
2017-12-22, 29.1201, 29.1201, 29.1200, 29.1200, 2326
2017-12-26, 29.2300, 29.2300, 29.1600, 29.2000, 7688
2017-12-27, 29.0900, 29.0900, 29.0100, 29.0400, 4479
2017-12-28, 29.0200, 29.0400, 29.0000, 29.0400, 2137
2017-12-29, 29.0700, 29.1050, 29.0000, 29.0100, 3137
2018-01-02, 28.9900, 29.3200, 28.9900, 29.3200, 2383
2018-01-03, 29.4100, 29.4200, 29.3800, 29.3900, 2958
2018-01-04, 29.4566, 29.4600, 29.2985, 29.4285, 2934
2018-01-05, 29.5800, 29.5800, 29.5299, 29.5600, 9301
2018-01-08, 29.7800, 29.7800, 29.5699, 29.7600, 4507
2018-01-09, 29.6900, 29.8300, 29.6900, 29.8000, 2569
2018-01-10, 29.6200, 29.7900, 29.6200, 29.7300, 9259
2018-01-11, 29.9300, 30.1701, 29.9300, 30.1701, 2177
2018-01-12, 30.3000, 30.5800, 30.2500, 30.5800, 6301
2018-01-16, 30.6600, 30.7600, 30.2115, 30.3240, 6314
2018-01-17, 30.4500, 30.7800, 30.4500, 30.7000, 6664
2018-01-18, 30.6800, 30.7400, 30.6200, 30.6900, 4747
2018-01-19, 30.6400, 30.8200, 30.6100, 30.8200, 5498
2018-01-22, 30.9900, 31.1600, 30.9200, 31.1600, 5932
2018-01-23, 31.0800, 31.1500, 31.0800, 31.1298, 3649
2018-01-24, 31.3799, 31.3950, 31.0500, 31.1600, 8167
2018-01-25, 31.3300, 31.3800, 30.9600, 31.0000, 4779
2018-01-26, 31.1600, 31.2900, 31.1498, 31.2900, 2762
2018-01-29, 31.4000, 31.4000, 31.1766, 31.2700, 2939
2018-01-30, 30.7000, 30.7799, 30.6200, 30.6600, 10901
2018-01-31, 30.8600, 30.8900, 30.5000, 30.6500, 8465
2018-02-01, 30.5300, 30.6148, 30.4100, 30.4600, 5247
2018-02-02, 29.9800, 30.0100, 29.6700, 29.7000, 4133
2018-02-05, 29.4100, 29.7500, 28.8000, 28.8000, 13338
2018-02-06, 28.0200, 29.2800, 28.0000, 29.1000, 71448
2018-02-07, 29.2200, 29.5000, 29.1700, 29.1948, 15791
2018-02-08, 29.1300, 29.1300, 28.3800, 28.3800, 15467
2018-02-09, 28.5200, 28.5200, 27.5600, 28.4000, 17735
2018-02-12, 28.7400, 28.8700, 28.7400, 28.7800, 15659
2018-02-13, 28.6832, 28.8900, 28.6832, 28.8800, 6789
2018-02-14, 28.7400, 29.4200, 28.7400, 29.4200, 2258
2018-02-15, 29.5899, 29.7100, 29.3700, 29.7100, 13652
2018-02-16, 29.9000, 29.9900, 29.7900, 29.7900, 11193
2018-02-20, 29.6500, 29.8600, 29.6000, 29.6000, 10380
2018-02-21, 29.7600, 29.7800, 29.6900, 29.6900, 3493
2018-02-22, 29.6200, 29.7200, 29.4450, 29.4450, 15004
2018-02-23, 29.8900, 29.9000, 29.6000, 29.9000, 9590
2018-02-26, 30.1100, 30.2299, 29.9700, 30.2299, 1812
2018-02-27, 30.3900, 30.4600, 30.0200, 30.0400, 5731
2018-02-28, 30.0200, 30.0200, 29.7200, 29.7400, 10216
2018-03-01, 29.6700, 29.6800, 29.0800, 29.1500, 10466
2018-03-02, 28.9700, 29.5100, 28.9700, 29.4801, 21489
2018-03-05, 29.4500, 29.8900, 29.4500, 29.8499, 4424
2018-03-06, 29.9000, 30.1400, 29.8800, 30.0899, 4615
2018-03-07, 29.9793, 30.0200, 29.8199, 29.9852, 6016
2018-03-08, 30.1500, 30.1500, 29.9857, 29.9857, 1883
2018-03-09, 30.2600, 30.4090, 30.2000, 30.4090, 4302
2018-03-12, 30.4800, 30.6100, 30.4800, 30.5799, 6631
2018-03-13, 30.7200, 30.8100, 30.4600, 30.4600, 17393
2018-03-14, 30.4200, 30.4297, 30.2199, 30.2400, 13168
2018-03-15, 30.1900, 30.2500, 30.0400, 30.0968, 5494
2018-03-16, 30.2797, 30.3200, 30.2500, 30.2500, 4161
2018-03-19, 30.0250, 30.0400, 29.7500, 29.7600, 14933
2018-03-20, 29.8120, 29.8404, 29.7500, 29.7900, 4926
2018-03-21, 29.8100, 29.9901, 29.7800, 29.9200, 5984
2018-03-22, 29.6200, 29.6899, 29.1600, 29.1600, 3896
2018-03-23, 29.2700, 29.2700, 28.6200, 28.6200, 6502
2018-03-26, 28.8898, 29.2200, 28.7501, 29.2200, 7149
2018-03-27, 29.0800, 29.1600, 29.0400, 29.0400, 1839
2018-03-28, 28.8600, 28.8600, 28.6400, 28.6999, 4566
2018-03-29, 28.8400, 28.9900, 28.7300, 28.9500, 4960
2018-04-02, 28.8800, 28.8900, 28.0900, 28.3200, 6200
2018-04-03, 28.4300, 28.5700, 28.4100, 28.5699, 1904
2018-04-04, 28.2600, 28.9450, 28.2303, 28.9450, 8522
2018-04-05, 29.1700, 29.1901, 28.9948, 29.1370, 7768
2018-04-06, 29.0100, 29.0100, 28.4250, 28.4250, 1689
2018-04-09, 28.6900, 28.9900, 28.6900, 28.6900, 1862
2018-04-10, 29.1400, 29.1700, 29.1300, 29.1600, 7313
2018-04-11, 28.9600, 29.2200, 28.9600, 29.0550, 13412
2018-04-12, 29.2500, 29.3000, 29.2200, 29.2999, 2360
2018-04-13, 29.2050, 29.2050, 29.2050, 29.2050, 329
2018-04-16, 29.4200, 29.6300, 29.4198, 29.5700, 11351
2018-04-17, 29.7300, 29.8700, 29.7300, 29.8500, 8272
2018-04-18, 29.8800, 30.0100, 29.8500, 29.9500, 17982
2018-04-19, 29.6600, 29.7300, 29.4299, 29.4500, 6305
2018-04-20, 29.4800, 29.4800, 29.2100, 29.2699, 4987
2018-04-23, 29.3800, 29.4201, 29.2420, 29.2700, 10640
2018-04-24, 29.5100, 29.5300, 28.9300, 29.0250, 12162
2018-04-25, 28.9400, 29.1700, 28.8400, 29.0350, 18956
2018-04-26, 29.3100, 29.5115, 29.2100, 29.4298, 18583
2018-04-27, 29.5399, 29.5399, 29.3300, 29.4153, 17286
2018-04-30, 29.4700, 29.4700, 29.0649, 29.0649, 10142
2018-05-01, 28.9500, 28.9500, 28.6331, 28.9400, 6483
2018-05-02, 29.0000, 29.0000, 28.7051, 28.7100, 8058
2018-05-03, 28.5600, 28.5600, 28.3300, 28.5200, 4145
2018-05-04, 28.4600, 28.9200, 28.3900, 28.8700, 12757
2018-05-07, 28.9100, 28.9100, 28.7700, 28.7700, 6820
2018-05-08, 28.7200, 28.7500, 28.5900, 28.7300, 2767
2018-05-09, 28.7400, 29.0600, 28.7400, 28.9500, 10438
2018-05-10, 29.1500, 29.3900, 29.1500, 29.3400, 5279
2018-05-11, 29.4100, 29.4500, 29.3100, 29.4500, 11355
2018-05-14, 29.6400, 29.7300, 29.5800, 29.5801, 6869
2018-05-15, 29.3900, 29.5000, 29.3900, 29.4513, 16487
2018-05-16, 29.7100, 29.8500, 29.6700, 29.7889, 43830
2018-05-17, 29.7900, 29.9400, 29.7900, 29.8700, 17675
2018-05-18, 29.7000, 29.7300, 29.6100, 29.6700, 25917
2018-05-21, 29.9100, 29.9100, 29.7701, 29.8100, 4812
2018-05-22, 29.9900, 30.0000, 29.8200, 29.8300, 11848
2018-05-23, 29.6998, 29.7900, 29.5989, 29.7887, 9691
2018-05-24, 29.8200, 29.9000, 29.6800, 29.8800, 3108
2018-05-25, 29.7490, 29.8300, 29.7490, 29.7700, 2882
2018-05-29, 29.7600, 29.7600, 29.4896, 29.4896, 42071
2018-05-30, 29.7700, 29.9600, 29.7700, 29.9600, 1664
2018-05-31, 29.8800, 29.8800, 29.5100, 29.5500, 4010
2018-06-01, 29.9000, 29.9800, 29.8000, 29.9300, 54947
2018-06-04, 30.0700, 30.1800, 30.0074, 30.1800, 14842
2018-06-05, 30.2700, 30.3316, 30.2189, 30.3060, 39577
2018-06-06, 30.4600, 30.6000, 30.3300, 30.5880, 37436
2018-06-07, 30.6900, 30.7100, 30.4800, 30.6600, 21157
2018-06-08, 30.5900, 30.8000, 30.5900, 30.8000, 7358
2018-06-11, 30.8300, 30.9600, 30.8190, 30.9200, 16338
2018-06-12, 31.0000, 31.0000, 30.7970, 30.9000, 20878
2018-06-13, 30.9300, 30.9600, 30.7900, 30.8100, 22064
2018-06-14, 30.9100, 30.9100, 30.7700, 30.7700, 17820
2018-06-15, 30.7900, 30.7900, 30.6400, 30.7897, 31639
2018-06-18, 30.7300, 30.7300, 30.5276, 30.6483, 21224
2018-06-19, 30.3200, 30.5600, 30.2800, 30.5150, 6834
2018-06-20, 30.6800, 30.6800, 30.5400, 30.6600, 11129
2018-06-21, 30.7400, 30.7400, 30.4700, 30.4700, 30226
2018-06-22, 30.6900, 30.6900, 30.3700, 30.3700, 14813
2018-06-25, 30.3400, 30.3400, 29.8800, 29.9100, 16579
2018-06-26, 29.9500, 30.0499, 29.8800, 30.0100, 19643
2018-06-27, 30.0900, 30.2100, 29.7400, 29.7400, 19329
2018-06-28, 29.6100, 29.7564, 29.4122, 29.7100, 16258
2018-06-29, 29.8700, 29.9100, 29.8400, 29.8400, 153573
2018-07-02, 29.3700, 29.6699, 29.3700, 29.6699, 668828
2018-07-03, 29.7200, 29.8700, 29.7200, 29.7600, 131001
2018-07-05, 29.7100, 29.9000, 29.6100, 29.8999, 77047
2018-07-06, 30.0400, 30.3100, 30.0400, 30.2732, 22577
2018-07-09, 30.5100, 30.5900, 30.4300, 30.5601, 63232
2018-07-10, 30.6700, 30.6700, 30.5399, 30.6300, 16953
2018-07-11, 30.4900, 30.4900, 30.2700, 30.3100, 37103
2018-07-12, 30.5000, 30.5500, 30.4498, 30.5500, 26110
2018-07-13, 30.5900, 30.7000, 30.5900, 30.5900, 52746
2018-07-16, 30.5944, 30.5944, 30.4148, 30.4500, 42101
2018-07-17, 30.4300, 30.6400, 30.4300, 30.6100, 50676
2018-07-18, 30.6700, 30.6700, 30.5800, 30.6700, 58079
2018-07-19, 30.6200, 30.6700, 30.4986, 30.6000, 129516
2018-07-20, 30.5300, 30.5300, 30.3600, 30.3800, 24106
2018-07-23, 30.3400, 30.4400, 30.2600, 30.3700, 72442
2018-07-24, 30.6200, 30.6500, 30.3000, 30.3700, 120051
2018-07-25, 30.3700, 30.5900, 30.2800, 30.5848, 55916
2018-07-26, 30.5700, 30.7500, 30.5300, 30.6200, 75422
2018-07-27, 30.7000, 30.7100, 30.3643, 30.5020, 89132
2018-07-30, 30.5100, 30.5669, 30.4300, 30.4600, 74848
2018-07-31, 30.5800, 30.7500, 30.5800, 30.6186, 36365
2018-08-01, 30.6100, 30.6900, 30.3300, 30.3400, 27623
2018-08-02, 30.2100, 30.5400, 30.2100, 30.5400, 39746
2018-08-03, 30.5900, 30.7400, 30.5900, 30.7300, 43735
2018-08-06, 30.6900, 30.8100, 30.6700, 30.7551, 55990
2018-08-07, 30.9200, 30.9800, 30.9000, 30.9500, 51342
2018-08-08, 31.0000, 31.0100, 30.8536, 30.9200, 113827
2018-08-09, 31.0000, 31.0000, 30.8603, 30.8700, 44239
2018-08-10, 30.7200, 30.7700, 30.5800, 30.6444, 37848
2018-08-13, 30.7000, 30.7700, 30.4408, 30.5300, 42653
2018-08-14, 30.6400, 30.8400, 30.6400, 30.8200, 51330
2018-08-15, 30.6400, 30.6400, 30.1870, 30.3800, 171795
2018-08-16, 30.6600, 30.7900, 30.6300, 30.6400, 77978
2018-08-17, 30.6100, 30.9160, 30.5471, 30.8400, 72943
2018-08-20, 30.9800, 31.1100, 30.9700, 31.0900, 24862
2018-08-21, 31.1000, 31.3200, 31.1000, 31.2300, 109102
2018-08-22, 31.1910, 31.2700, 31.1500, 31.1600, 25254
2018-08-23, 31.1700, 31.2000, 31.0200, 31.0200, 58516
2018-08-24, 31.1400, 31.2100, 31.0345, 31.0800, 42086
2018-08-27, 31.2700, 31.3500, 31.2100, 31.2200, 108692
2018-08-28, 31.2400, 31.3100, 31.1000, 31.1600, 47599
2018-08-29, 31.2200, 31.2900, 31.0499, 31.2100, 63509
2018-08-30, 31.1500, 31.3100, 31.0900, 31.1300, 62276
2018-08-31, 31.1000, 31.2200, 31.0400, 31.1700, 194411
2018-09-04, 31.0600, 31.0600, 30.8400, 30.9515, 30220
2018-09-05, 30.9800, 30.9900, 30.8111, 30.9400, 60120
2018-09-06, 30.9300, 30.9800, 30.6500, 30.7100, 101979
2018-09-07, 30.7100, 30.7300, 30.4800, 30.5600, 108988
2018-09-10, 30.7300, 30.7900, 30.6600, 30.6900, 71582
2018-09-11, 30.4799, 30.6300, 30.4337, 30.5645, 53625
2018-09-12, 30.5000, 30.6900, 30.4900, 30.6850, 89519
2018-09-13, 30.7900, 30.8200, 30.7200, 30.7700, 44260
2018-09-14, 30.8200, 30.8400, 30.6976, 30.8100, 153256
2018-09-17, 30.7900, 30.8400, 30.7400, 30.7417, 50537
2018-09-18, 30.7200, 30.9301, 30.6700, 30.9000, 25989
2018-09-19, 30.9100, 31.0200, 30.9100, 30.9267, 31108
2018-09-20, 31.1600, 31.2700, 31.1299, 31.2400, 34324
2018-09-21, 31.2000, 31.4100, 31.2000, 31.3000, 40336
2018-09-24, 31.2400, 31.3100, 31.0690, 31.1200, 62644
2018-09-25, 31.0400, 31.0400, 30.8500, 30.8553, 42494
2018-09-26, 30.8700, 31.0700, 30.8400, 30.8400, 32996
2018-09-27, 30.8600, 30.9700, 30.7900, 30.8400, 68268
2018-09-28, 30.7700, 30.9100, 30.7200, 30.8500, 46450
2018-10-01, 31.0700, 31.0700, 30.7900, 30.8600, 88740
2018-10-02, 30.7400, 30.9200, 30.7200, 30.7600, 59332
2018-10-03, 30.9000, 31.0100, 30.8309, 30.8800, 54626
2018-10-04, 30.8100, 30.8100, 30.3499, 30.5100, 73043
2018-10-05, 30.4500, 30.5577, 30.0736, 30.2600, 78532
2018-10-08, 30.1600, 30.3299, 30.0300, 30.2700, 73358
2018-10-09, 30.2500, 30.3100, 29.9800, 30.0200, 31713
2018-10-10, 29.9600, 29.9600, 29.2300, 29.2300, 151840
2018-10-11, 29.2300, 29.4100, 28.7100, 28.7600, 228248
2018-10-12, 29.2200, 29.2300, 28.7769, 29.0900, 131585
2018-10-15, 29.0600, 29.2000, 28.9800, 29.0300, 99871
2018-10-16, 29.2700, 29.6400, 29.2200, 29.6400, 49411
2018-10-17, 29.7200, 29.7600, 29.3100, 29.4996, 113538
2018-10-18, 29.5000, 29.5000, 29.1100, 29.1700, 69141
2018-10-19, 29.2300, 29.2800, 28.8700, 28.9200, 87272
2018-10-22, 29.0400, 29.0400, 28.6900, 28.8000, 19164
2018-10-23, 28.3300, 28.7400, 28.0802, 28.6400, 112989
2018-10-24, 28.6200, 28.6200, 27.5100, 27.5400, 60425
2018-10-25, 27.7300, 28.1500, 27.7300, 28.0300, 111391
2018-10-26, 27.6200, 27.8900, 27.2400, 27.6300, 59530
2018-10-29, 27.8700, 28.1400, 27.2000, 27.5300, 23336
2018-10-30, 27.4900, 28.0800, 27.4900, 28.0800, 46691
2018-10-31, 28.3800, 28.4500, 28.1744, 28.2400, 130815
2018-11-01, 28.2000, 28.9200, 28.2000, 28.9200, 80943
2018-11-02, 29.1200, 29.1200, 28.5041, 28.7100, 49240
2018-11-05, 28.7800, 28.9135, 28.6373, 28.8700, 53140
2018-11-06, 28.7200, 29.0600, 28.7100, 29.0600, 52695
2018-11-07, 29.1200, 29.4300, 29.0300, 29.4300, 60142
2018-11-08, 29.3000, 29.4550, 29.2500, 29.2500, 53663
2018-11-09, 29.0700, 29.2000, 28.8430, 28.9200, 30469
