2013-07-19, 11.5000, 11.6700, 11.5000, 11.5000, 1628200
2013-07-22, 11.5500, 11.7400, 11.5300, 11.6200, 299400
2013-07-23, 11.7300, 11.7800, 11.6500, 11.7500, 61900
2013-07-24, 11.7000, 11.8000, 11.6200, 11.6500, 28900
2013-07-25, 11.7100, 11.7100, 11.6000, 11.6400, 18500
2013-07-26, 11.6700, 11.6800, 11.5000, 11.5000, 120300
2013-07-29, 11.5800, 11.6000, 11.5400, 11.5800, 12200
2013-07-30, 11.6100, 11.6100, 11.5200, 11.5300, 29700
2013-07-31, 11.5301, 11.5500, 11.5000, 11.5000, 97300
2013-08-01, 11.5000, 11.6500, 11.5000, 11.6000, 47200
2013-08-02, 11.6000, 11.6000, 11.5500, 11.5500, 56600
2013-08-05, 11.6200, 11.6300, 11.5300, 11.6300, 66900
2013-08-06, 11.5200, 11.6100, 11.2300, 11.6000, 35300
2013-08-07, 11.4500, 11.6300, 11.4200, 11.4500, 59200
2013-08-08, 11.6300, 11.6500, 11.5700, 11.6000, 47200
2013-08-09, 11.6400, 11.6500, 11.5300, 11.5600, 28500
2013-08-12, 11.5500, 11.6500, 11.4999, 11.6200, 82500
2013-08-13, 11.6300, 11.7500, 11.6300, 11.6700, 75100
2013-08-14, 11.6200, 11.7500, 11.6100, 11.7300, 44700
2013-08-15, 11.6100, 11.8500, 11.4400, 11.7900, 106000
2013-08-16, 11.7200, 11.8100, 11.4300, 11.4900, 128000
2013-08-19, 11.5300, 11.5599, 11.2900, 11.4600, 48700
2013-08-20, 11.4300, 11.6600, 11.4300, 11.5000, 22700
2013-08-21, 11.5700, 11.6500, 11.5000, 11.5600, 26400
2013-08-22, 11.5300, 11.6000, 11.3500, 11.5100, 21300
2013-08-23, 11.5700, 11.5700, 11.4000, 11.4700, 13300
2013-08-26, 11.4900, 11.5000, 11.3400, 11.3600, 21700
2013-08-27, 11.3900, 11.4500, 11.0000, 11.4300, 36900
2013-08-28, 11.4500, 11.5500, 11.4500, 11.5000, 25400
2013-08-29, 11.5500, 11.5500, 11.0950, 11.2200, 24400
2013-08-30, 11.2500, 11.3000, 11.0500, 11.2600, 44500
2013-09-03, 11.3100, 11.6000, 11.1900, 11.5100, 36000
2013-09-04, 11.6000, 11.6900, 11.4600, 11.6400, 18800
2013-09-05, 11.5900, 11.6000, 11.5000, 11.5400, 15700
2013-09-06, 11.6900, 11.6900, 11.4400, 11.4900, 9900
2013-09-09, 11.5000, 11.7050, 11.4900, 11.6700, 47000
2013-09-10, 11.7200, 11.7200, 11.5100, 11.6900, 37600
2013-09-11, 11.7000, 11.7000, 11.5300, 11.6600, 25100
2013-09-12, 11.6500, 11.7000, 11.5600, 11.6700, 65400
2013-09-13, 11.6900, 11.8500, 11.5700, 11.8500, 47500
2013-09-16, 11.8500, 12.0625, 11.5600, 11.9400, 105000
2013-09-17, 11.9000, 12.3900, 11.9000, 12.2200, 84500
2013-09-18, 12.1800, 12.2700, 11.9100, 12.2200, 74100
2013-09-19, 12.3600, 12.3600, 12.0500, 12.2700, 81400
2013-09-20, 12.2900, 12.7400, 11.9200, 11.9800, 196100
2013-09-23, 12.0500, 12.2500, 11.9000, 12.0200, 121900
2013-09-24, 11.9600, 12.0800, 11.9000, 11.9900, 77400
2013-09-25, 12.0000, 12.3000, 11.9501, 12.0700, 104300
2013-09-26, 12.1700, 12.4000, 11.9900, 12.1000, 144900
2013-09-27, 12.0900, 12.1000, 12.0000, 12.0700, 56000
2013-09-30, 12.0500, 12.5800, 11.8000, 12.1200, 672100
2013-10-01, 12.1800, 12.7400, 12.1300, 12.3800, 126300
2013-10-02, 12.5800, 12.7400, 12.3300, 12.6400, 175100
2013-10-03, 12.5600, 12.5600, 12.2400, 12.4100, 93200
2013-10-04, 12.3800, 12.6700, 12.3800, 12.4900, 46500
2013-10-07, 12.4200, 12.6000, 12.1300, 12.4900, 55700
2013-10-08, 12.5100, 12.5100, 12.2300, 12.3100, 66500
2013-10-09, 12.3700, 12.6000, 12.3700, 12.4800, 87600
2013-10-10, 12.5900, 12.9000, 12.4100, 12.7600, 80200
2013-10-11, 12.7500, 12.8600, 12.4300, 12.7600, 87700
2013-10-14, 12.7000, 13.0000, 12.7000, 12.8500, 100400
2013-10-15, 12.8500, 12.9300, 12.7600, 12.8800, 82300
2013-10-16, 12.7300, 12.8799, 12.6500, 12.8100, 73600
2013-10-17, 12.7800, 12.9300, 12.7500, 12.8700, 81500
2013-10-18, 12.9400, 12.9600, 12.7600, 12.8000, 78300
2013-10-21, 12.8500, 12.8600, 12.7300, 12.8000, 62600
2013-10-22, 12.8100, 12.8500, 12.7100, 12.8000, 55500
2013-10-23, 12.8000, 12.8200, 12.7700, 12.8000, 54900
2013-10-24, 12.8000, 12.8500, 12.7000, 12.7600, 43200
2013-10-25, 12.8000, 12.8200, 12.7000, 12.8200, 32300
2013-10-28, 12.8500, 12.8500, 12.7500, 12.7700, 18800
2013-10-29, 12.7500, 12.8000, 12.7400, 12.8000, 32000
2013-10-30, 12.8400, 12.8400, 12.4200, 12.5600, 56000
2013-10-31, 12.6000, 12.7050, 12.3300, 12.5600, 98500
2013-11-01, 12.6300, 12.6399, 12.3600, 12.4500, 42600
2013-11-04, 12.4500, 12.8500, 12.4500, 12.7800, 42600
2013-11-05, 12.7600, 12.8000, 12.6200, 12.7100, 37200
2013-11-06, 12.7000, 12.7050, 12.4500, 12.5900, 56300
2013-11-07, 12.6600, 12.6600, 12.2100, 12.2100, 40700
2013-11-08, 12.2100, 12.2500, 12.1000, 12.1900, 42500
2013-11-11, 12.1900, 12.6100, 12.1900, 12.4500, 46800
2013-11-12, 12.4500, 12.8400, 12.2500, 12.6900, 36000
2013-11-13, 12.5500, 12.5800, 12.3300, 12.4500, 81400
2013-11-14, 12.4500, 12.4500, 12.3500, 12.3800, 21100
2013-11-15, 12.3900, 12.4000, 12.2500, 12.3200, 45200
2013-11-18, 12.3300, 12.3500, 12.1200, 12.2300, 47200
2013-11-19, 12.2600, 12.3300, 12.0000, 12.2300, 41400
2013-11-20, 12.2500, 12.2500, 11.8850, 12.0900, 66100
2013-11-21, 12.1200, 12.2299, 12.0800, 12.1300, 60100
2013-11-22, 12.1500, 12.1699, 11.9000, 12.0600, 30700
2013-11-25, 12.0800, 12.0800, 11.9500, 12.0200, 28800
2013-11-26, 12.0700, 12.0996, 11.8800, 11.9600, 92600
2013-11-27, 12.0000, 12.1000, 11.9500, 11.9800, 44300
2013-11-29, 12.0500, 12.0500, 11.9300, 11.9500, 11700
2013-12-02, 11.8900, 11.9000, 11.3600, 11.4600, 142700
2013-12-03, 11.3500, 11.3500, 11.1600, 11.2400, 139400
2013-12-04, 11.1500, 11.3400, 11.0500, 11.2600, 247300
2013-12-05, 11.2500, 11.5600, 11.2500, 11.5100, 338900
2013-12-06, 11.4600, 11.7000, 11.1100, 11.6800, 1698000
2013-12-09, 11.7000, 11.8100, 11.6000, 11.6200, 436200
2013-12-10, 11.6600, 11.7400, 11.5850, 11.6400, 256200
2013-12-11, 11.6200, 11.7800, 11.5000, 11.6700, 180300
2013-12-12, 11.7000, 11.7000, 11.5900, 11.6000, 144800
2013-12-13, 11.6400, 11.7000, 11.4300, 11.5600, 182100
2013-12-16, 11.6200, 12.1600, 11.4500, 11.9500, 250500
2013-12-17, 11.9500, 12.1400, 11.7100, 12.0000, 196600
2013-12-18, 12.0000, 12.4200, 11.9600, 12.3300, 328100
2013-12-19, 12.3500, 12.4500, 12.2500, 12.4100, 158100
2013-12-20, 12.3500, 12.7000, 12.2700, 12.7000, 1263100
2013-12-23, 12.6000, 12.8600, 12.5800, 12.8000, 143600
2013-12-24, 12.8000, 12.8100, 12.6600, 12.7100, 85000
2013-12-26, 12.7000, 12.8400, 12.6500, 12.7000, 149500
2013-12-27, 12.7500, 12.8000, 12.4500, 12.6800, 138500
2013-12-30, 12.6400, 12.7500, 12.4200, 12.4600, 127800
2013-12-31, 12.5300, 12.7700, 12.4600, 12.7400, 140700
2014-01-02, 12.6800, 12.6800, 12.4400, 12.5700, 81100
2014-01-03, 12.5600, 12.9600, 12.5000, 12.8400, 157100
2014-01-06, 13.0600, 13.1800, 12.7000, 12.7800, 174100
2014-01-07, 12.9400, 12.9900, 12.7600, 12.8800, 176200
2014-01-08, 12.9600, 13.0800, 12.7800, 12.8400, 236700
2014-01-09, 12.9100, 12.9100, 12.6100, 12.8000, 178300
2014-01-10, 12.8300, 12.8900, 12.7900, 12.8500, 115400
2014-01-13, 12.8700, 12.9000, 12.7500, 12.8400, 181600
2014-01-14, 12.9100, 13.0400, 12.8300, 13.0000, 138100
2014-01-15, 13.0800, 13.2500, 13.0200, 13.1300, 141600
2014-01-16, 13.1500, 13.3000, 13.1000, 13.1500, 132900
2014-01-17, 13.1300, 13.3000, 12.9000, 13.0000, 109100
2014-01-21, 13.1300, 13.1300, 12.9799, 13.1000, 155100
2014-01-22, 12.8000, 12.8500, 12.4900, 12.5500, 173800
2014-01-23, 12.5000, 12.7000, 12.4600, 12.6800, 147900
2014-01-24, 12.6800, 12.7000, 12.4300, 12.5000, 129100
2014-01-27, 12.5800, 12.5800, 12.2700, 12.4200, 95100
2014-01-28, 12.4700, 12.6600, 12.4500, 12.5400, 102500
2014-01-29, 12.4800, 12.5760, 12.1300, 12.3300, 55200
2014-01-30, 12.4100, 12.5000, 12.3300, 12.3600, 72600
2014-01-31, 12.3100, 12.4300, 12.2000, 12.3900, 114700
2014-02-03, 12.3500, 12.3500, 11.9900, 12.0900, 141600
2014-02-04, 12.1500, 12.3700, 12.0047, 12.2900, 66800
2014-02-05, 12.2000, 12.2860, 12.0300, 12.1400, 84100
2014-02-06, 12.1500, 12.4600, 12.1500, 12.4200, 69700
2014-02-07, 12.5400, 12.5600, 12.3400, 12.4600, 90700
2014-02-10, 12.5000, 12.7700, 12.4500, 12.7500, 84500
2014-02-11, 12.7999, 12.9300, 12.6600, 12.7600, 78300
2014-02-12, 12.8300, 12.8300, 12.6700, 12.7400, 106100
2014-02-13, 12.7100, 12.9100, 12.5400, 12.6800, 110800
2014-02-14, 12.7000, 12.7700, 12.6100, 12.7100, 37000
2014-02-18, 12.7700, 13.0000, 12.6800, 12.8700, 95100
2014-02-19, 12.8700, 13.1200, 12.7999, 12.8800, 113500
2014-02-20, 12.9500, 13.0200, 12.8200, 12.9600, 65400
2014-02-21, 12.9900, 13.0500, 12.9000, 13.0200, 122100
2014-02-24, 13.0500, 13.4400, 13.0400, 13.3200, 160600
2014-02-25, 13.3800, 13.3800, 13.1600, 13.2400, 78500
2014-02-26, 13.2200, 13.4500, 13.2000, 13.3900, 96100
2014-02-27, 13.3000, 13.4300, 13.2700, 13.3700, 89000
2014-02-28, 13.4000, 13.4400, 13.3000, 13.3900, 192400
2014-03-03, 13.3500, 13.4700, 13.2801, 13.4700, 108300
2014-03-04, 13.4700, 13.9400, 13.4700, 13.8100, 228800
2014-03-05, 13.7600, 13.8800, 13.5001, 13.6400, 114900
2014-03-06, 13.6300, 13.6300, 13.3150, 13.3900, 138000
2014-03-07, 13.4200, 13.4200, 13.1500, 13.2500, 65000
2014-03-10, 13.1900, 13.2288, 13.0000, 13.1000, 91700
2014-03-11, 13.1000, 13.4300, 13.1000, 13.2500, 127400
2014-03-12, 13.2500, 13.5000, 13.2500, 13.3800, 142800
2014-03-13, 13.4600, 13.4900, 13.1100, 13.2200, 99200
2014-03-14, 13.1500, 13.3600, 13.1300, 13.1500, 46600
2014-03-17, 13.2500, 13.2500, 13.1200, 13.2200, 71300
2014-03-18, 13.2200, 13.2500, 13.1300, 13.2500, 84100
2014-03-19, 13.2200, 13.6500, 13.2100, 13.2700, 134800
2014-03-20, 13.2900, 13.3000, 13.0700, 13.2500, 61000
2014-03-21, 13.2600, 13.4000, 13.2200, 13.3700, 89100
2014-03-24, 13.4000, 13.6500, 13.2700, 13.5500, 72700
2014-03-25, 13.5700, 13.7500, 13.5100, 13.7000, 152600
2014-03-26, 13.7800, 13.7800, 13.4000, 13.4700, 105900
2014-03-27, 13.4200, 13.6200, 13.3200, 13.5100, 145900
2014-03-28, 13.5300, 13.9500, 13.5300, 13.6400, 164800
2014-03-31, 13.7500, 14.0000, 13.7000, 13.9200, 164800
2014-04-01, 14.0000, 14.0000, 13.7000, 13.8400, 52200
2014-04-02, 13.8700, 13.9500, 13.7900, 13.9400, 64400
2014-04-03, 13.9500, 13.9500, 13.6500, 13.7200, 91700
2014-04-04, 13.8300, 13.8700, 13.6100, 13.6300, 132900
2014-04-07, 13.5800, 13.6700, 13.5300, 13.6000, 62300
2014-04-08, 13.6700, 13.7400, 13.5000, 13.5900, 143300
2014-04-09, 13.3600, 13.6300, 13.2900, 13.4900, 160100
2014-04-10, 13.5300, 13.6550, 13.2000, 13.2900, 127800
2014-04-11, 13.1500, 13.3900, 12.7700, 13.2800, 75200
2014-04-14, 13.4100, 13.4100, 13.2100, 13.3100, 75600
2014-04-15, 13.3100, 13.3200, 13.0500, 13.2400, 78200
2014-04-16, 13.3500, 13.5399, 13.3300, 13.4600, 124500
2014-04-17, 13.4300, 13.5400, 13.3500, 13.3800, 66900
2014-04-21, 13.4300, 13.6300, 13.3550, 13.6200, 41700
2014-04-22, 13.6000, 13.6300, 13.5000, 13.5200, 36400
2014-04-23, 13.5300, 13.5400, 13.3000, 13.3200, 56800
2014-04-24, 13.3600, 13.4200, 13.3100, 13.3800, 30400
2014-04-25, 13.4000, 13.4900, 13.3300, 13.4000, 64300
2014-04-28, 13.5100, 13.9000, 13.4510, 13.7400, 139900
2014-04-29, 13.8400, 13.8900, 13.7500, 13.7700, 125400
2014-04-30, 13.7500, 13.7900, 13.5400, 13.7200, 70100
2014-05-01, 13.7900, 13.7900, 13.4800, 13.5500, 112700
2014-05-02, 13.5500, 13.9000, 13.5500, 13.8000, 70400
2014-05-05, 13.7700, 13.8400, 13.6800, 13.7200, 84100
2014-05-06, 13.7000, 13.8400, 13.6164, 13.7500, 103500
2014-05-07, 13.6500, 13.6500, 12.8400, 12.9800, 456500
2014-05-08, 13.0500, 13.3090, 12.9800, 13.0200, 252500
2014-05-09, 13.0400, 13.2900, 13.0200, 13.2900, 180200
2014-05-12, 13.3500, 13.3500, 13.0400, 13.0800, 117800
2014-05-13, 13.0900, 13.1000, 12.9300, 12.9500, 159800
2014-05-14, 12.9600, 13.0400, 12.9000, 12.9800, 123500
2014-05-15, 12.9300, 12.9953, 12.8000, 12.8900, 113900
2014-05-16, 12.8600, 12.9500, 12.8000, 12.9500, 82000
2014-05-19, 12.9500, 12.9900, 12.8700, 12.9500, 52900
2014-05-20, 12.6500, 12.8500, 12.3900, 12.5800, 419000
2014-05-21, 12.9200, 13.1000, 12.7420, 12.7600, 2666400
2014-05-22, 12.8200, 12.9700, 12.8100, 12.8400, 786100
2014-05-23, 12.9100, 13.0750, 12.9000, 12.9900, 565500
2014-05-27, 13.0700, 13.3900, 13.0600, 13.3800, 519800
2014-05-28, 13.3100, 13.6000, 13.1837, 13.4200, 681100
2014-05-29, 13.5400, 13.7500, 13.4400, 13.4700, 494300
2014-05-30, 13.5100, 14.0000, 13.3603, 13.8100, 1340000
2014-06-02, 13.9800, 13.9890, 13.6000, 13.8600, 372000
2014-06-03, 13.8500, 14.0300, 13.6900, 13.9800, 505900
2014-06-04, 14.1000, 14.3400, 14.0900, 14.2500, 548300
2014-06-05, 14.3200, 14.5400, 14.2500, 14.5200, 350600
2014-06-06, 14.6100, 14.6300, 14.3400, 14.4000, 309000
2014-06-09, 14.4400, 14.5000, 14.2500, 14.3200, 250800
2014-06-10, 14.3500, 14.3500, 14.0900, 14.1400, 180000
2014-06-11, 14.1100, 14.1900, 14.0200, 14.1900, 181400
2014-06-12, 14.2000, 14.2900, 14.0401, 14.2000, 212700
2014-06-13, 14.2400, 14.3300, 14.1400, 14.2500, 231100
2014-06-16, 14.2700, 14.3000, 14.1600, 14.1900, 235600
2014-06-17, 14.2300, 14.2700, 14.0500, 14.1800, 179300
2014-06-18, 14.2100, 14.2100, 14.0100, 14.1800, 120900
2014-06-19, 14.2300, 14.2500, 14.1100, 14.2000, 278400
2014-06-20, 14.2600, 14.4549, 14.1700, 14.4200, 443600
2014-06-23, 14.4300, 14.4500, 14.1800, 14.2000, 134500
2014-06-24, 14.1600, 14.3700, 14.1200, 14.1900, 145600
2014-06-25, 14.1700, 14.2300, 14.0400, 14.1700, 130400
2014-06-26, 14.1900, 14.2700, 14.1300, 14.2400, 116500
2014-06-27, 14.2600, 14.5000, 14.2520, 14.5000, 801500
2014-06-30, 14.4700, 14.5700, 14.2700, 14.3900, 249000
2014-07-01, 14.4200, 14.5700, 14.3984, 14.4900, 184500
2014-07-02, 14.5600, 14.5700, 14.3000, 14.4000, 241600
2014-07-03, 14.4200, 14.4600, 14.2100, 14.2600, 99900
2014-07-07, 14.3100, 14.3480, 14.0800, 14.1300, 220400
2014-07-08, 14.1500, 14.3500, 14.1000, 14.2000, 310700
2014-07-09, 14.3000, 14.6300, 14.1400, 14.6200, 595500
2014-07-10, 14.4900, 14.6300, 14.3800, 14.4400, 360200
2014-07-11, 14.4800, 14.4800, 14.2500, 14.3500, 595300
2014-07-14, 14.4500, 14.5000, 14.3200, 14.4000, 436400
2014-07-15, 14.3600, 14.4700, 14.2000, 14.4000, 366200
2014-07-16, 14.2400, 14.2900, 14.1101, 14.2200, 186600
2014-07-17, 14.2100, 14.4000, 14.1600, 14.3400, 289100
2014-07-18, 14.2900, 14.6900, 14.2900, 14.6800, 150100
2014-07-21, 14.6600, 14.7500, 14.6000, 14.7200, 153600
2014-07-22, 14.7600, 14.7700, 14.5900, 14.6300, 178900
2014-07-23, 14.6700, 14.6898, 14.5500, 14.5900, 244400
2014-07-24, 14.6500, 14.6500, 14.4500, 14.4900, 218400
2014-07-25, 14.4100, 14.5000, 14.1500, 14.1500, 267100
2014-07-28, 14.2300, 14.4500, 14.1500, 14.4300, 248400
2014-07-29, 14.4500, 14.5000, 14.1300, 14.1400, 208300
2014-07-30, 14.2400, 14.2700, 13.9300, 14.0800, 166200
2014-07-31, 13.9800, 14.1250, 13.9000, 14.0800, 241100
2014-08-01, 14.1600, 14.2500, 14.0200, 14.1200, 146900
2014-08-04, 14.1400, 14.2600, 14.0000, 14.0700, 239500
2014-08-05, 14.0900, 14.1500, 13.9920, 14.1000, 126900
2014-08-06, 14.1000, 14.3800, 14.0800, 14.3300, 197800
2014-08-07, 14.3300, 14.4100, 14.1900, 14.3000, 155100
2014-08-08, 14.2700, 14.3800, 14.2300, 14.3400, 96500
2014-08-11, 14.4500, 14.6200, 14.3400, 14.3400, 166000
2014-08-12, 14.2800, 14.3500, 14.1100, 14.3400, 274300
2014-08-13, 14.1600, 14.3900, 14.1600, 14.1700, 193500
2014-08-14, 14.1600, 14.3600, 14.1000, 14.3600, 160500
2014-08-15, 14.4900, 14.5000, 14.2600, 14.4200, 197800
2014-08-18, 14.5300, 14.5600, 14.4000, 14.4400, 175500
2014-08-19, 14.4700, 14.5300, 14.3100, 14.3800, 127700
2014-08-20, 14.3400, 14.6000, 14.2600, 14.5900, 146000
2014-08-21, 14.5600, 14.6700, 14.4800, 14.5200, 109800
2014-08-22, 14.5800, 14.8000, 14.5500, 14.7000, 208600
2014-08-25, 14.7400, 14.9300, 14.6901, 14.9000, 303300
2014-08-26, 14.8700, 14.8800, 14.6700, 14.7500, 248800
2014-08-27, 14.7300, 14.8600, 14.6110, 14.7400, 282100
2014-08-28, 14.7200, 14.7700, 14.5595, 14.6600, 132800
2014-08-29, 14.6700, 14.8600, 14.6200, 14.8100, 107700
2014-09-02, 14.8600, 15.0000, 14.7500, 14.8100, 139800
2014-09-03, 14.8400, 14.9100, 14.5300, 14.5600, 99400
2014-09-04, 14.5600, 14.5600, 14.3700, 14.3800, 113300
2014-09-05, 14.3500, 14.5600, 14.3500, 14.4700, 101500
2014-09-08, 14.4700, 14.6000, 14.4000, 14.5700, 144300
2014-09-09, 14.1800, 14.4900, 14.1800, 14.2800, 2478700
2014-09-10, 14.2600, 14.4000, 14.1850, 14.2500, 802700
2014-09-11, 14.2000, 14.3400, 14.2000, 14.2300, 359300
2014-09-12, 14.2700, 14.3200, 13.9600, 14.0000, 855200
2014-09-15, 14.0200, 14.0300, 13.6600, 13.8300, 441400
2014-09-16, 13.7800, 13.9800, 13.7700, 13.9200, 444000
2014-09-17, 13.9200, 14.0200, 13.7700, 13.8400, 440600
2014-09-18, 13.8500, 13.9700, 13.7800, 13.8100, 218700
2014-09-19, 13.8300, 13.9500, 13.6700, 13.8900, 481500
2014-09-22, 13.8700, 13.9400, 13.7700, 13.8100, 250645
2014-09-23, 13.8000, 13.9200, 13.7100, 13.7600, 488428
2014-09-24, 13.7500, 13.9400, 13.6600, 13.7600, 335407
2014-09-25, 13.7500, 13.7850, 13.5100, 13.7400, 374368
2014-09-26, 13.7500, 14.1000, 13.6100, 14.0500, 706056
2014-09-29, 13.9800, 14.0300, 13.8000, 13.8800, 495266
2014-09-30, 13.9000, 13.9200, 13.6900, 13.7200, 1133548
2014-10-01, 13.7700, 13.8400, 13.6900, 13.7900, 379314
2014-10-02, 13.8100, 13.9400, 13.5600, 13.7800, 288117
2014-10-03, 13.9100, 13.9700, 13.7200, 13.7600, 259143
2014-10-06, 13.7700, 13.9500, 13.7100, 13.8900, 505589
2014-10-07, 13.8700, 14.0100, 13.6800, 13.7000, 684947
2014-10-08, 13.6900, 14.0800, 13.6800, 14.0700, 504818
2014-10-09, 14.0700, 14.1600, 13.8700, 13.9800, 312322
2014-10-10, 13.9000, 14.2400, 13.7800, 13.7900, 263706
2014-10-13, 13.7400, 14.0500, 13.7100, 13.9100, 262393
2014-10-14, 13.9500, 14.3100, 13.9200, 14.1900, 491377
2014-10-15, 13.8400, 14.0899, 13.6800, 14.0000, 478500
2014-10-16, 13.9400, 14.4000, 13.8700, 14.3300, 619291
2014-10-17, 14.4200, 14.4200, 14.0400, 14.2300, 324023
2014-10-20, 14.2000, 14.3500, 14.2000, 14.3400, 246909
2014-10-21, 14.3900, 14.4800, 14.2982, 14.4000, 426212
2014-10-22, 14.4300, 14.5100, 14.2900, 14.4300, 149764
2014-10-23, 14.4800, 14.7600, 14.4300, 14.7600, 608581
2014-10-24, 14.9000, 14.9000, 14.7300, 14.8700, 618175
2014-10-27, 14.8800, 15.0500, 14.8500, 14.9800, 576653
2014-10-28, 15.0000, 15.0400, 14.9400, 14.9800, 452802
2014-10-29, 14.9800, 15.0900, 14.8000, 14.9400, 335731
2014-10-30, 15.3300, 15.5100, 15.2000, 15.3100, 362077
2014-10-31, 15.1500, 15.3900, 15.0800, 15.3400, 581426
2014-11-03, 15.3100, 15.5000, 15.3100, 15.4900, 328879
2014-11-04, 15.4500, 15.5000, 15.3000, 15.4000, 245450
2014-11-05, 15.4100, 15.7300, 15.2500, 15.3300, 192706
2014-11-06, 15.3700, 15.5100, 15.3400, 15.5000, 437080
2014-11-07, 15.6200, 15.7899, 15.3200, 15.4700, 958608
2014-11-10, 15.4400, 15.5400, 15.1700, 15.4600, 540826
2014-11-11, 15.4100, 15.4500, 15.1600, 15.3400, 333704
2014-11-12, 15.3300, 15.5100, 15.2000, 15.3100, 774457
2014-11-13, 15.4100, 15.8600, 15.3700, 15.6900, 1023735
2014-11-14, 15.7500, 16.0100, 15.6900, 15.9600, 523046
2014-11-17, 15.9700, 16.1000, 15.6800, 15.6800, 485451
2014-11-18, 15.6700, 15.9500, 15.6400, 15.8800, 394162
2014-11-19, 15.8800, 15.8800, 15.4200, 15.4200, 385871
2014-11-20, 15.4100, 15.5800, 15.4000, 15.5300, 265713
2014-11-21, 15.6400, 15.7050, 15.4000, 15.4000, 475952
2014-11-24, 15.4100, 15.6300, 15.3600, 15.4400, 1357544
2014-11-25, 15.5200, 15.5900, 15.3800, 15.4000, 5125031
2014-11-26, 15.4500, 15.5900, 15.3740, 15.5300, 571047
2014-11-28, 15.6000, 15.7500, 15.4600, 15.4600, 296930
2014-12-01, 15.4800, 15.5999, 15.2000, 15.2300, 383063
2014-12-02, 15.2400, 15.5000, 15.2215, 15.4400, 483317
2014-12-03, 15.4100, 15.5200, 15.3800, 15.4600, 432329
2014-12-04, 15.4600, 15.7100, 15.3600, 15.5700, 428334
2014-12-05, 15.5700, 15.6600, 15.5300, 15.6000, 452169
2014-12-08, 15.5700, 15.7300, 15.5700, 15.7200, 424178
2014-12-09, 15.5700, 15.7400, 15.5500, 15.6700, 454131
2014-12-10, 15.6500, 15.9050, 15.6300, 15.6400, 445952
2014-12-11, 15.7200, 15.9400, 15.6000, 15.6900, 276032
2014-12-12, 15.5400, 15.8300, 15.5400, 15.6800, 324753
2014-12-15, 15.7900, 15.9100, 15.5500, 15.6500, 370810
2014-12-16, 15.6000, 15.8600, 15.5200, 15.7100, 417067
2014-12-17, 15.6800, 16.2550, 15.6600, 16.2000, 833137
2014-12-18, 16.3000, 16.4750, 16.1600, 16.4200, 883163
2014-12-19, 16.4400, 16.6750, 16.4200, 16.4900, 1959588
2014-12-22, 16.4900, 16.8600, 16.4900, 16.8300, 362030
2014-12-23, 16.8300, 16.8700, 16.6300, 16.6700, 271952
2014-12-24, 16.6400, 16.7400, 16.5800, 16.6700, 110920
2014-12-26, 16.7400, 16.9100, 16.6800, 16.7900, 200344
2014-12-29, 16.7800, 16.9700, 16.7800, 16.7900, 176851
2014-12-30, 16.7100, 16.8800, 16.5635, 16.6700, 202740
2014-12-31, 16.7400, 16.9400, 16.5800, 16.6000, 246778
2015-01-02, 16.6500, 16.7500, 16.2000, 16.7500, 366367
2015-01-05, 16.6900, 17.0000, 16.6900, 16.9100, 256868
2015-01-06, 16.9900, 17.2400, 16.8800, 16.9200, 873701
2015-01-07, 17.0400, 17.1600, 16.9400, 17.1600, 1112245
2015-01-08, 17.2100, 17.2100, 16.8800, 17.0000, 383291
2015-01-09, 17.0700, 17.2500, 16.9000, 17.1000, 258125
2015-01-12, 17.1500, 17.3400, 17.1000, 17.2400, 245116
2015-01-13, 17.2500, 17.3760, 16.8500, 16.9000, 315679
2015-01-14, 16.5200, 16.8300, 16.2800, 16.6400, 922832
2015-01-15, 16.6800, 16.9400, 16.6300, 16.8400, 7840509
2015-01-16, 16.7800, 17.0300, 16.7800, 16.9900, 1092570
2015-01-20, 17.0500, 17.1000, 16.9700, 17.0400, 1230266
2015-01-21, 16.7400, 16.9800, 16.7400, 16.9300, 621762
2015-01-22, 16.9400, 17.3150, 16.8700, 17.1500, 824193
2015-01-23, 17.2000, 17.2100, 16.9200, 16.9800, 1158880
2015-01-26, 17.0300, 17.2900, 16.9500, 17.2900, 472500
2015-01-27, 17.2300, 17.9800, 17.2300, 17.8500, 1391976
2015-01-28, 17.9300, 18.1200, 17.5800, 17.6700, 758987
2015-01-29, 17.7000, 17.9200, 17.5700, 17.7400, 759995
2015-01-30, 17.6600, 17.8682, 17.2600, 17.6400, 2673732
2015-02-02, 17.7600, 17.7600, 17.0800, 17.2400, 778638
2015-02-03, 17.2400, 17.3400, 17.0700, 17.2500, 497964
2015-02-04, 17.1500, 17.1500, 16.7900, 16.9900, 835252
2015-02-05, 17.0700, 17.1000, 16.9350, 16.9900, 730069
2015-02-06, 17.0000, 17.0000, 16.6900, 16.7100, 900182
2015-02-09, 16.6900, 16.8000, 16.4802, 16.5100, 421623
2015-02-10, 16.5300, 16.5400, 16.2200, 16.4400, 701549
2015-02-11, 16.4700, 16.5600, 16.2650, 16.3300, 338145
2015-02-12, 16.4100, 16.6200, 16.3000, 16.6100, 536126
2015-02-13, 16.5900, 16.9300, 16.5000, 16.8500, 1121955
2015-02-17, 16.8700, 16.9700, 16.4200, 16.5000, 664605
2015-02-18, 16.5300, 16.6000, 16.3600, 16.5800, 501196
2015-02-19, 16.5200, 16.5700, 16.2500, 16.3900, 611248
2015-02-20, 16.3200, 16.5500, 16.2800, 16.5300, 388904
2015-02-23, 16.5500, 16.6800, 16.4500, 16.5300, 459213
2015-02-24, 16.4400, 16.5100, 16.2800, 16.3800, 311729
2015-02-25, 16.4000, 16.6199, 16.3800, 16.4000, 554939
2015-02-26, 16.4400, 16.4700, 16.3800, 16.4200, 408232
2015-02-27, 16.4400, 16.6300, 16.3800, 16.4500, 412690
2015-03-02, 16.4700, 16.7800, 16.4600, 16.6000, 319174
2015-03-03, 16.5500, 16.6000, 16.3500, 16.3500, 396580
2015-03-04, 16.4100, 16.5200, 16.3500, 16.4300, 477412
2015-03-05, 16.4600, 16.5000, 16.3600, 16.3600, 307638
2015-03-06, 16.3900, 16.3900, 15.6700, 15.8700, 959478
2015-03-09, 15.8600, 16.0100, 15.8000, 15.8900, 346997
2015-03-10, 15.8000, 16.2400, 15.7500, 16.1200, 871668
2015-03-11, 16.1400, 16.2000, 15.9000, 16.0900, 431714
2015-03-12, 16.1900, 16.4552, 16.1800, 16.3800, 391626
2015-03-13, 16.3700, 16.6300, 16.3600, 16.5600, 833709
2015-03-16, 16.5700, 16.8200, 16.5000, 16.8000, 523845
2015-03-17, 16.7900, 16.9600, 16.7200, 16.8000, 482696
2015-03-18, 16.7700, 17.0400, 16.6300, 17.0300, 505837
2015-03-19, 16.9600, 17.1600, 16.8100, 17.1100, 545998
2015-03-20, 17.3200, 17.8100, 17.0900, 17.7600, 1071364
2015-03-23, 17.7400, 17.8300, 17.6000, 17.7400, 718322
2015-03-24, 17.6600, 17.7900, 17.6000, 17.6900, 887742
2015-03-25, 17.7300, 17.7300, 17.2600, 17.3700, 822038
2015-03-26, 17.2700, 17.4700, 17.2600, 17.3400, 446767
2015-03-27, 17.3100, 17.4700, 17.2500, 17.4600, 371997
2015-03-30, 17.4800, 17.7600, 17.4500, 17.7000, 488954
2015-03-31, 17.6900, 17.7900, 17.4000, 17.6100, 681988
2015-04-01, 17.5700, 17.7500, 17.4200, 17.6600, 417890
2015-04-02, 17.6600, 17.7900, 17.5400, 17.6200, 357306
2015-04-06, 17.6900, 17.9900, 17.6900, 17.7200, 511861
2015-04-07, 17.6900, 17.8000, 17.5200, 17.6100, 964818
2015-04-08, 17.7500, 17.9000, 17.7000, 17.8500, 1252376
2015-04-09, 17.9200, 17.9500, 17.5800, 17.7000, 1210126
2015-04-10, 17.7300, 17.8400, 17.5000, 17.5300, 606099
2015-04-13, 17.5000, 17.5400, 17.3500, 17.3500, 434803
2015-04-14, 17.3700, 17.4800, 17.3200, 17.3600, 380433
2015-04-15, 17.2200, 17.4100, 17.1000, 17.1500, 1172447
2015-04-16, 17.1600, 17.4300, 17.0500, 17.3600, 574563
2015-04-17, 17.2700, 17.3800, 17.0500, 17.1700, 562513
2015-04-20, 17.2600, 17.3400, 17.0900, 17.2000, 405983
2015-04-21, 17.3000, 17.7200, 17.2900, 17.5800, 964125
2015-04-22, 17.6100, 17.7600, 17.6100, 17.6500, 598218
2015-04-23, 17.6500, 17.7200, 17.4000, 17.5200, 313456
2015-04-24, 17.5000, 17.7050, 17.5000, 17.6000, 370170
2015-04-27, 17.6100, 17.8000, 17.4800, 17.5500, 352408
2015-04-28, 17.5500, 17.5900, 17.3000, 17.5700, 272026
2015-04-29, 17.4600, 17.4600, 16.9500, 17.0000, 412912
2015-04-30, 16.9000, 16.9900, 16.4607, 16.6000, 538814
2015-05-01, 16.6400, 16.9700, 16.5400, 16.6100, 486157
2015-05-04, 16.6800, 16.7900, 16.6000, 16.7400, 547157
2015-05-05, 16.6800, 16.6900, 16.4000, 16.5300, 586422
2015-05-06, 16.5900, 16.5900, 16.1500, 16.3100, 651205
2015-05-07, 16.3200, 16.6500, 16.3100, 16.5500, 377863
2015-05-08, 16.6600, 16.8400, 16.5500, 16.5900, 413571
2015-05-11, 16.6000, 16.7300, 16.3300, 16.4300, 429358
2015-05-12, 16.3000, 16.4700, 16.0300, 16.4400, 451949
2015-05-13, 16.5400, 16.6500, 16.2850, 16.3000, 360884
2015-05-14, 16.3500, 16.6000, 16.2804, 16.5900, 319867
2015-05-15, 16.6100, 16.7374, 16.4200, 16.6600, 952061
2015-05-18, 16.5700, 16.7500, 16.5000, 16.6700, 310217
2015-05-19, 16.6800, 16.7600, 16.5380, 16.6900, 364429
2015-05-20, 16.7500, 16.8400, 16.6300, 16.7400, 335978
2015-05-21, 16.7500, 16.8300, 16.5100, 16.6100, 276770
2015-05-22, 16.6600, 16.6600, 16.4600, 16.5000, 718669
2015-05-26, 16.4800, 16.5900, 16.3400, 16.5000, 291927
2015-05-27, 16.5600, 16.6200, 16.4100, 16.5600, 384376
2015-05-28, 16.5200, 16.6000, 16.1926, 16.2400, 587898
2015-05-29, 16.2100, 16.2800, 16.0000, 16.0600, 892688
2015-06-01, 16.1300, 16.3300, 16.0500, 16.2900, 684095
2015-06-02, 16.2500, 16.3200, 16.1000, 16.2100, 274939
2015-06-03, 16.2200, 16.3400, 16.1000, 16.2400, 533735
2015-06-04, 16.2300, 16.2800, 16.1700, 16.2100, 322736
2015-06-05, 16.1900, 16.1900, 16.0100, 16.0900, 338947
2015-06-08, 16.0900, 16.1900, 15.9700, 16.0800, 294523
2015-06-09, 16.1100, 16.1399, 15.9100, 16.0000, 348237
2015-06-10, 16.0400, 16.1900, 15.9800, 16.0500, 302906
2015-06-11, 16.1000, 16.1747, 15.9400, 15.9700, 245609
2015-06-12, 15.9500, 16.0167, 15.8500, 15.9800, 189985
2015-06-15, 15.9700, 16.0900, 15.6400, 15.6500, 555831
2015-06-16, 15.6800, 15.8900, 15.5211, 15.7600, 520309
2015-06-17, 15.8000, 15.8500, 15.7200, 15.7600, 414396
2015-06-18, 15.8300, 16.1200, 15.8100, 15.8600, 479121
2015-06-19, 15.8900, 15.9700, 15.7700, 15.8900, 816041
2015-06-22, 15.9100, 15.9867, 15.8000, 15.8100, 424682
2015-06-23, 15.7800, 15.8100, 15.4300, 15.4700, 610376
2015-06-24, 15.4700, 15.5000, 15.2850, 15.3100, 386555
2015-06-25, 15.3100, 15.3500, 15.1100, 15.1200, 407605
2015-06-26, 15.1100, 15.1200, 14.8900, 15.0300, 1571430
2015-06-29, 15.0100, 15.1900, 14.9300, 15.0800, 768997
2015-06-30, 15.1600, 15.3694, 15.0900, 15.3600, 801976
2015-07-01, 15.3700, 15.5800, 15.2100, 15.5800, 476016
2015-07-02, 15.6300, 15.8600, 15.6220, 15.7400, 770505
2015-07-06, 15.7000, 15.9600, 15.6600, 15.9600, 698803
2015-07-07, 16.0200, 16.1500, 15.9200, 16.0800, 495715
2015-07-08, 16.0900, 16.2100, 16.0600, 16.1500, 353266
2015-07-09, 16.2500, 16.2680, 15.8400, 15.9200, 725668
2015-07-10, 16.0100, 16.1500, 15.9800, 16.0800, 557942
2015-07-13, 16.1900, 16.2940, 16.0050, 16.1200, 488117
2015-07-14, 16.1600, 16.1600, 16.0200, 16.0700, 305837
2015-07-15, 15.8300, 15.9700, 15.6700, 15.7300, 391158
2015-07-16, 15.7700, 16.1200, 15.7700, 16.0900, 433638
2015-07-17, 16.0800, 16.1400, 15.9936, 16.1400, 271254
2015-07-20, 16.1300, 16.2200, 16.0300, 16.1300, 500036
2015-07-21, 16.1100, 16.2000, 16.0100, 16.0600, 760962
2015-07-22, 16.0200, 16.2500, 16.0200, 16.1900, 739630
2015-07-23, 16.2000, 16.2700, 15.7800, 16.0600, 351148
2015-07-24, 16.0000, 16.0600, 15.8600, 15.9600, 565909
2015-07-27, 15.9400, 16.1100, 15.9101, 15.9700, 183797
2015-07-28, 16.0000, 16.0000, 15.8300, 15.9100, 219392
2015-07-29, 15.9100, 16.0800, 15.7300, 16.0100, 270477
2015-07-30, 16.0000, 16.0000, 15.8200, 15.8800, 184356
2015-07-31, 15.9300, 16.1400, 15.8520, 16.0400, 257675
2015-08-03, 16.0900, 16.2100, 15.9900, 16.0800, 204689
2015-08-04, 16.1100, 16.1100, 15.9000, 15.9300, 221429
2015-08-05, 15.9900, 15.9900, 15.6900, 15.7800, 284138
2015-08-06, 15.7900, 15.8100, 15.3500, 15.6400, 391632
2015-08-07, 16.1200, 16.1200, 15.3200, 15.7000, 827825
2015-08-10, 15.6600, 15.6700, 14.9200, 15.1900, 815274
2015-08-11, 15.1400, 15.4900, 15.0260, 15.4200, 704360
2015-08-12, 15.4000, 15.5000, 15.1801, 15.3800, 555444
2015-08-13, 15.3700, 15.4900, 15.1400, 15.2900, 287440
2015-08-14, 15.2700, 15.5800, 15.2700, 15.5200, 562840
2015-08-17, 15.5400, 15.7200, 15.3500, 15.7000, 377746
2015-08-18, 15.6800, 16.1650, 15.6400, 15.9900, 763076
2015-08-19, 15.9400, 16.0400, 15.7300, 15.9500, 236123
2015-08-20, 15.8900, 16.0300, 15.6800, 15.9500, 297597
2015-08-21, 15.7500, 15.8650, 15.5100, 15.5800, 350727
2015-08-24, 15.0700, 15.5000, 14.3700, 14.4900, 697393
2015-08-25, 14.8700, 14.9500, 14.4033, 14.4400, 414500
2015-08-26, 14.6800, 14.7000, 14.3000, 14.5000, 426918
2015-08-27, 14.6000, 14.6799, 14.2700, 14.6400, 548472
2015-08-28, 14.6300, 14.6950, 14.5300, 14.6000, 263735
2015-08-31, 14.6200, 14.7500, 14.4100, 14.5000, 1176256
2015-09-01, 14.3200, 14.5400, 14.2050, 14.4000, 494957
2015-09-02, 14.4800, 14.5800, 14.3700, 14.4700, 434674
2015-09-03, 14.5100, 14.5800, 14.3600, 14.3700, 279953
2015-09-04, 14.2600, 14.3500, 14.0000, 14.0600, 252536
2015-09-08, 14.2100, 14.3300, 14.1400, 14.2600, 296344
2015-09-09, 14.3400, 14.3500, 14.1000, 14.1200, 261120
2015-09-10, 14.1000, 14.2650, 14.0500, 14.0700, 256353
2015-09-11, 14.0300, 14.1900, 13.8600, 14.1400, 367239
2015-09-14, 14.1400, 14.2900, 14.1000, 14.2300, 213284
2015-09-15, 14.2400, 14.4500, 14.1100, 14.4200, 239872
2015-09-16, 14.4200, 14.6400, 14.3300, 14.5900, 335409
2015-09-17, 14.5800, 15.1100, 14.5100, 14.9800, 357578
2015-09-18, 14.8400, 15.4600, 14.8200, 15.3700, 1164439
2015-09-21, 15.3800, 15.4700, 15.0400, 15.3700, 435656
2015-09-22, 15.2700, 15.4400, 15.1567, 15.3000, 402394
2015-09-23, 15.3600, 15.4900, 15.2800, 15.4300, 272229
2015-09-24, 15.4100, 15.4700, 15.2800, 15.3000, 295750
2015-09-25, 15.2800, 15.4100, 15.2200, 15.2800, 542244
2015-09-28, 15.2000, 15.2400, 14.8550, 14.9600, 264099
2015-09-29, 14.9700, 15.0900, 14.7800, 15.0300, 368237
2015-09-30, 15.1200, 15.1200, 14.9501, 15.0900, 449500
2015-10-01, 15.0900, 15.1300, 14.7400, 15.0400, 289616
2015-10-02, 14.9800, 15.2000, 14.7500, 15.1700, 278198
2015-10-05, 15.2100, 15.4350, 15.1100, 15.3500, 294337
2015-10-06, 15.3600, 15.4100, 15.2250, 15.3000, 632299
2015-10-07, 15.3200, 15.5700, 15.2300, 15.5500, 777120
2015-10-08, 15.6700, 16.0000, 15.6000, 15.7700, 1011404
2015-10-09, 15.7900, 15.8500, 15.6300, 15.8100, 476622
2015-10-12, 15.8000, 16.0000, 15.7726, 15.9000, 288649
2015-10-13, 15.8500, 16.0000, 15.6400, 15.7800, 340858
2015-10-14, 15.1800, 15.2900, 15.1000, 15.2200, 7893244
2015-10-15, 15.1600, 15.7000, 14.6800, 15.6700, 1614882
2015-10-16, 15.7000, 15.9500, 15.6800, 15.8700, 1085787
2015-10-19, 15.8500, 16.2200, 15.7800, 16.1700, 1277220
2015-10-20, 16.1000, 16.2500, 15.9875, 16.2300, 929192
2015-10-21, 16.2300, 16.3200, 16.1300, 16.1500, 600170
2015-10-22, 16.2900, 16.3700, 16.1900, 16.3300, 783103
2015-10-23, 16.3800, 16.4500, 15.9800, 15.9800, 1421156
2015-10-26, 15.9700, 16.2000, 15.8600, 16.0700, 656490
2015-10-27, 16.0400, 16.2800, 15.9700, 16.2400, 1072881
2015-10-28, 16.2200, 16.3800, 15.8000, 16.1900, 579754
2015-10-29, 16.1700, 16.2700, 15.9800, 16.0600, 574085
2015-10-30, 16.0500, 16.1600, 15.8000, 15.9800, 2559522
2015-11-02, 15.9700, 15.9800, 15.6700, 15.9400, 901083
2015-11-03, 15.8900, 15.9200, 15.6700, 15.8500, 560157
2015-11-04, 15.8500, 15.8500, 15.6050, 15.8200, 689739
2015-11-05, 15.8100, 16.8064, 15.6300, 15.9200, 706923
2015-11-06, 15.8300, 15.9000, 15.3500, 15.6300, 905259
2015-11-09, 15.6300, 15.6499, 15.2100, 15.2900, 799030
2015-11-10, 15.3000, 15.6100, 15.2760, 15.5500, 866278
2015-11-11, 15.5500, 15.5600, 15.3000, 15.3500, 411146
2015-11-12, 15.3100, 15.3900, 15.2300, 15.2300, 333671
2015-11-13, 15.2300, 15.3300, 15.0300, 15.1600, 435316
2015-11-16, 15.1500, 15.4100, 15.1300, 15.3500, 751224
2015-11-17, 15.3500, 15.5400, 15.3000, 15.4700, 498336
2015-11-18, 15.4500, 15.5100, 15.2810, 15.5000, 401056
2015-11-19, 15.5300, 15.6200, 15.3800, 15.5700, 598800
2015-11-20, 15.6700, 15.8800, 15.6700, 15.8800, 361385
2015-11-23, 15.8800, 16.0400, 15.8100, 15.9400, 296848
2015-11-24, 15.9200, 15.9800, 15.6700, 15.9400, 359771
2015-11-25, 15.9300, 16.0600, 15.9200, 16.0400, 266239
2015-11-27, 16.0100, 16.2100, 16.0000, 16.1500, 149731
2015-11-30, 16.2100, 16.2600, 16.0100, 16.0100, 646214
2015-12-01, 16.0800, 16.2620, 16.0700, 16.2100, 414240
2015-12-02, 16.2400, 16.2400, 15.9100, 15.9200, 465752
2015-12-03, 15.8900, 15.8900, 15.5000, 15.6000, 381859
2015-12-04, 15.6400, 16.0000, 15.5900, 15.8700, 444361
2015-12-07, 15.8400, 15.9000, 15.6350, 15.7100, 250540
2015-12-08, 15.8700, 16.1000, 15.8300, 16.0000, 467490
2015-12-09, 15.5900, 15.9200, 15.5900, 15.8400, 461280
2015-12-10, 15.8400, 16.0300, 15.7300, 15.7500, 323535
2015-12-11, 15.5800, 15.7700, 15.5400, 15.7600, 718537
2015-12-14, 15.7300, 15.9300, 15.6500, 15.7800, 1489009
2015-12-15, 15.8400, 16.0600, 15.8400, 15.9500, 569634
2015-12-16, 15.9600, 16.1301, 15.8850, 16.1300, 645062
2015-12-17, 16.3000, 16.4900, 16.2800, 16.4200, 833009
2015-12-18, 16.3100, 16.4500, 16.2300, 16.3400, 1263405
2015-12-21, 16.4200, 16.4650, 16.3100, 16.3700, 426483
2015-12-22, 16.4200, 16.7350, 16.4200, 16.6600, 740956
2015-12-23, 16.6900, 16.8200, 16.6900, 16.7600, 487477
2015-12-24, 16.7400, 16.7400, 16.5600, 16.6100, 252004
2015-12-28, 16.6000, 16.8100, 16.5300, 16.7800, 470200
2015-12-29, 16.8900, 16.9600, 16.8600, 16.9500, 498917
2015-12-30, 16.9500, 17.0000, 16.9215, 16.9700, 345677
2015-12-31, 17.0000, 17.0500, 16.8500, 16.8600, 416762
2016-01-04, 16.7200, 16.8100, 16.5400, 16.6600, 614041
2016-01-05, 16.7200, 17.1300, 16.6700, 17.0900, 774322
2016-01-06, 17.0200, 17.1200, 16.5700, 16.7400, 761918
2016-01-07, 16.5200, 16.6000, 16.3600, 16.3700, 684354
2016-01-08, 16.4300, 16.4900, 16.2500, 16.2600, 564144
2016-01-11, 16.3600, 16.6900, 16.3500, 16.5800, 469773
2016-01-12, 16.6500, 16.6500, 16.3800, 16.5600, 682857
2016-01-13, 16.3600, 16.5100, 16.0300, 16.1500, 749765
2016-01-14, 16.1900, 16.3700, 16.0300, 16.0800, 698313
2016-01-15, 15.8800, 16.0150, 15.7500, 15.9900, 770340
2016-01-19, 16.0800, 16.4230, 16.0100, 16.3800, 578389
2016-01-20, 15.5200, 15.8700, 15.4100, 15.8600, 8770320
2016-01-21, 15.9600, 16.4500, 15.7000, 16.2900, 2243201
2016-01-22, 16.3600, 16.8200, 16.2600, 16.7400, 1763419
2016-01-25, 16.7300, 17.0000, 16.5800, 16.7600, 1226497
2016-01-26, 17.0300, 17.1600, 16.8300, 17.1200, 1409164
2016-01-27, 17.0900, 17.1100, 16.7500, 16.9900, 1964358
2016-01-28, 17.0300, 17.2599, 16.7150, 16.8100, 1686772
2016-01-29, 16.9200, 17.1700, 16.8500, 17.0700, 2737350
2016-02-01, 17.0400, 17.3000, 16.9000, 17.2200, 1398633
2016-02-02, 17.2400, 17.3100, 17.0600, 17.2000, 1784204
2016-02-03, 17.2900, 17.4700, 17.1300, 17.4600, 886201
2016-02-04, 17.4300, 17.5000, 17.2000, 17.4600, 844233
2016-02-05, 17.4700, 17.4700, 17.2700, 17.3000, 1116799
2016-02-08, 17.2100, 17.2400, 16.9139, 17.1400, 1670302
2016-02-09, 16.9700, 17.0200, 16.3300, 16.4100, 1986851
2016-02-10, 16.4500, 16.7900, 16.4100, 16.5300, 927897
2016-02-11, 16.3100, 16.5000, 16.0000, 16.3800, 664165
2016-02-12, 16.4300, 16.5800, 16.2500, 16.5100, 709278
2016-02-16, 16.7200, 16.8601, 16.6150, 16.8100, 589658
2016-02-17, 16.9100, 17.1300, 16.7300, 16.7800, 893917
2016-02-18, 16.8400, 17.0200, 16.6300, 16.6600, 1166928
2016-02-19, 16.6900, 17.3400, 16.6500, 17.2000, 1616712
2016-02-22, 17.3400, 17.4400, 17.0500, 17.2900, 946362
2016-02-23, 17.3700, 17.6200, 17.2500, 17.4200, 859828
2016-02-24, 17.3700, 17.5300, 17.1700, 17.3200, 1062966
2016-02-25, 17.4500, 17.8300, 17.3700, 17.7300, 814710
2016-02-26, 17.7300, 17.8400, 17.5600, 17.6100, 1162109
2016-02-29, 17.7100, 17.8380, 17.1000, 17.1800, 3555972
2016-03-01, 17.3300, 17.6500, 17.3300, 17.4100, 1556251
2016-03-02, 17.3800, 17.7200, 17.3500, 17.6400, 950436
2016-03-03, 17.6100, 17.7400, 17.5100, 17.6700, 609392
2016-03-04, 17.6700, 17.8500, 17.4200, 17.8000, 1154219
2016-03-07, 17.7500, 17.9500, 17.6600, 17.8400, 1830398
2016-03-08, 17.9100, 18.0100, 17.3500, 17.3600, 1394388
2016-03-09, 17.3700, 17.8300, 17.3700, 17.5400, 812045
2016-03-10, 17.6400, 17.8700, 17.2800, 17.3100, 770509
2016-03-11, 17.4600, 17.6600, 17.3550, 17.4400, 1527350
2016-03-14, 17.4400, 17.9500, 17.3600, 17.9000, 1329519
2016-03-15, 17.7900, 18.1100, 17.7900, 17.9700, 898349
2016-03-16, 17.9300, 18.3600, 17.8300, 18.2400, 1572472
2016-03-17, 18.2500, 18.3400, 18.0700, 18.3300, 1105038
2016-03-18, 18.4200, 18.4200, 17.9400, 18.1900, 3034629
2016-03-21, 18.1500, 18.3400, 17.9450, 18.2000, 979723
2016-03-22, 18.0900, 18.4000, 18.0900, 18.2600, 1235630
2016-03-23, 18.2500, 18.2600, 17.9900, 18.0300, 1056695
2016-03-24, 18.0200, 18.3500, 17.9600, 18.2400, 784621
2016-03-28, 18.2300, 18.2900, 18.0100, 18.2700, 566562
2016-03-29, 18.2500, 18.9000, 18.1850, 18.8600, 1476482
2016-03-30, 18.6500, 18.8200, 18.2600, 18.3300, 865493
2016-03-31, 18.3500, 18.8300, 18.3400, 18.5800, 1357956
2016-04-01, 18.5200, 18.7000, 18.3300, 18.3500, 947365
2016-04-04, 18.3800, 18.7300, 18.3100, 18.6000, 815705
2016-04-05, 18.5500, 18.6500, 18.4300, 18.4600, 1075474
2016-04-06, 18.2700, 18.4500, 18.2000, 18.3400, 15905874
2016-04-07, 18.3300, 18.5400, 18.2300, 18.3000, 2456708
2016-04-08, 18.4000, 18.5400, 18.1700, 18.5200, 1383953
2016-04-11, 18.5700, 18.7500, 18.5000, 18.5800, 2610053
2016-04-12, 18.5800, 18.7300, 18.4300, 18.7100, 1223921
2016-04-13, 18.7500, 18.7500, 18.2100, 18.4400, 1552750
2016-04-14, 18.4600, 18.6000, 18.3500, 18.4000, 934658
2016-04-15, 18.3900, 18.5400, 18.2850, 18.5000, 1972030
2016-04-18, 18.5400, 18.6300, 18.3890, 18.5600, 919270
2016-04-19, 18.6700, 18.8300, 18.4950, 18.7700, 2776405
2016-04-20, 18.7400, 18.8400, 18.2400, 18.2600, 2326600
2016-04-21, 18.3600, 18.4500, 17.8300, 17.8700, 2031702
2016-04-22, 17.9600, 18.2500, 17.8700, 18.0600, 1266536
2016-04-25, 18.0000, 18.2600, 17.9100, 18.2600, 1179578
2016-04-26, 18.2900, 18.5300, 18.0900, 18.2600, 1647607
2016-04-27, 18.2500, 18.3600, 18.1000, 18.2500, 1448069
2016-04-28, 18.1000, 18.4900, 18.0500, 18.3000, 1051931
2016-04-29, 18.2800, 18.3500, 18.0400, 18.1300, 5211539
2016-05-02, 18.2300, 18.5360, 18.1600, 18.3400, 1658321
2016-05-03, 18.3300, 18.4400, 18.1300, 18.4000, 1713022
2016-05-04, 18.3200, 19.0000, 18.3100, 18.8800, 2006793
2016-05-05, 18.9300, 19.1050, 18.2800, 18.8800, 1647381
2016-05-06, 18.9400, 19.4150, 18.8400, 19.3200, 1876504
2016-05-09, 19.4900, 19.7300, 19.4300, 19.5600, 2083611
2016-05-10, 19.6000, 19.7500, 19.3800, 19.4000, 1595680
2016-05-11, 19.3800, 19.3800, 18.8600, 19.2000, 957668
2016-05-12, 19.1900, 19.2236, 18.9900, 19.0500, 1409702
2016-05-13, 19.0300, 19.2900, 18.8700, 19.2400, 831651
2016-05-16, 19.2300, 19.3400, 19.1800, 19.2500, 863100
2016-05-17, 19.2500, 19.2500, 18.9350, 18.9700, 1053454
2016-05-18, 18.9700, 19.0300, 18.5700, 18.7400, 828948
2016-05-19, 18.7500, 18.7500, 18.4300, 18.6100, 895239
2016-05-20, 18.6600, 18.7900, 18.6000, 18.7700, 1178101
2016-05-23, 18.8300, 18.8900, 18.6300, 18.8000, 808579
2016-05-24, 18.8900, 19.0000, 18.7700, 18.9300, 943016
2016-05-25, 18.9300, 18.9600, 18.5900, 18.7500, 1526653
2016-05-26, 18.7600, 18.9950, 18.6800, 18.9500, 998512
2016-05-27, 18.9400, 19.1200, 18.8100, 19.0500, 894693
2016-05-31, 19.0500, 19.0700, 18.8400, 18.9900, 1512182
2016-06-01, 18.9900, 19.4100, 18.9200, 19.3100, 1802859
2016-06-02, 19.3000, 19.5300, 19.1600, 19.5100, 1690508
2016-06-03, 19.7400, 19.8200, 19.5600, 19.7700, 1372166
2016-06-06, 19.7700, 19.8715, 19.2400, 19.4000, 2054375
2016-06-07, 19.4500, 19.6500, 19.3995, 19.4900, 1005781
2016-06-08, 19.5000, 19.5800, 19.3600, 19.5100, 1910141
2016-06-09, 19.5100, 19.9100, 19.4500, 19.7800, 1712963
2016-06-10, 19.7600, 19.9100, 19.7400, 19.8700, 895317
2016-06-13, 20.0000, 20.2550, 19.9300, 19.9600, 1403392
2016-06-14, 19.9300, 19.9300, 19.7200, 19.8400, 835072
2016-06-15, 19.8900, 20.2900, 19.8500, 20.1300, 938131
2016-06-16, 20.1300, 20.2500, 20.0400, 20.2400, 1416354
2016-06-17, 20.2100, 20.3800, 19.8600, 20.3800, 4827744
2016-06-20, 20.3900, 20.5600, 20.2600, 20.3300, 1447611
2016-06-21, 20.2500, 20.4400, 20.1800, 20.3000, 918237
2016-06-22, 20.1100, 20.1800, 19.9100, 20.0900, 1137969
2016-06-23, 20.1400, 20.3600, 20.1200, 20.2000, 1121095
2016-06-24, 20.3400, 20.7300, 19.7000, 20.5500, 4674515
2016-06-27, 20.5400, 20.9600, 20.2250, 20.9200, 2203640
2016-06-28, 21.0500, 21.3299, 20.8400, 21.2400, 1430517
2016-06-29, 21.2600, 21.3600, 20.9600, 21.1100, 1604750
2016-06-30, 20.9400, 21.0900, 20.7500, 21.0100, 981520
2016-07-01, 21.0700, 21.3900, 21.0100, 21.2000, 765558
2016-07-05, 21.3000, 21.4200, 21.2100, 21.2800, 1056835
2016-07-06, 21.2200, 21.3800, 21.1400, 21.1600, 1095697
2016-07-07, 21.1100, 21.1900, 20.7350, 21.0000, 1088001
2016-07-08, 21.0500, 21.4100, 20.9200, 21.3900, 1236559
2016-07-11, 21.3600, 21.4750, 21.0700, 21.4600, 1234204
2016-07-12, 21.4600, 21.4600, 21.0800, 21.1100, 1012753
2016-07-13, 21.1800, 21.2700, 21.0900, 21.1900, 688145
2016-07-14, 21.0400, 21.1300, 20.8600, 20.8700, 544571
2016-07-15, 20.9300, 21.0200, 20.7900, 20.9000, 944511
2016-07-18, 20.9400, 21.2000, 20.9000, 20.9800, 1082466
2016-07-19, 21.0300, 21.1300, 20.9600, 21.1000, 738962
2016-07-20, 21.1300, 21.2100, 21.0200, 21.1000, 572983
2016-07-21, 21.1100, 21.1300, 20.9000, 21.0200, 937291
2016-07-22, 20.9800, 21.3800, 20.9500, 21.2900, 1032504
2016-07-25, 21.3000, 21.3800, 21.0200, 21.0600, 1002292
2016-07-26, 21.0700, 21.2000, 21.0000, 21.0900, 1066846
2016-07-27, 21.0400, 21.0700, 20.8303, 21.0500, 618942
2016-07-28, 20.9800, 21.5500, 20.9300, 21.5000, 996003
2016-07-29, 21.5400, 21.9900, 21.5200, 21.7200, 967728
2016-08-01, 21.6900, 21.7600, 21.4900, 21.6500, 802444
2016-08-02, 21.5600, 21.7300, 21.4200, 21.4800, 1075014
2016-08-03, 21.4800, 21.4800, 20.7100, 20.8600, 1815653
2016-08-04, 21.0300, 21.1700, 20.9026, 21.0600, 668076
2016-08-05, 21.0900, 21.2000, 20.8800, 21.0500, 1044862
2016-08-08, 21.0700, 21.0700, 20.6100, 20.6500, 1043277
2016-08-09, 20.6900, 20.9850, 20.4700, 20.9500, 956720
2016-08-10, 21.0400, 21.2450, 21.0000, 21.2100, 743508
2016-08-11, 21.3100, 21.3900, 20.8700, 21.0000, 627072
2016-08-12, 21.1500, 21.6300, 21.0700, 21.3700, 1040970
2016-08-15, 21.3500, 21.3800, 20.9500, 20.9800, 815838
2016-08-16, 20.9000, 20.9100, 20.6200, 20.6700, 657481
2016-08-17, 20.7700, 20.8600, 20.5050, 20.8600, 441837
2016-08-18, 20.9100, 20.9850, 20.7750, 20.9500, 572945
2016-08-19, 20.9200, 20.9900, 20.7600, 20.8000, 861487
2016-08-22, 20.9700, 21.1950, 20.8700, 21.1100, 745973
2016-08-23, 21.2700, 21.3600, 21.1301, 21.3200, 539576
2016-08-24, 21.3400, 21.3500, 21.1800, 21.2800, 748010
2016-08-25, 21.3000, 21.6000, 21.3000, 21.4900, 1129420
2016-08-26, 21.5300, 21.5350, 20.8500, 20.9200, 2511864
2016-08-29, 21.0300, 21.5100, 21.0300, 21.4100, 1981711
2016-08-30, 21.3700, 21.4400, 21.1037, 21.3700, 620939
2016-08-31, 21.3200, 21.4800, 21.0900, 21.4100, 1220223
2016-09-01, 21.3600, 21.4100, 21.1800, 21.3600, 627858
2016-09-02, 21.0100, 21.7400, 21.0100, 21.2600, 2072978
2016-09-06, 21.2700, 21.8300, 21.1900, 21.7700, 1689699
2016-09-07, 21.8400, 22.0300, 21.6700, 22.0200, 1082215
2016-09-08, 21.8600, 21.9200, 21.7000, 21.7300, 1761553
2016-09-09, 21.4400, 21.5150, 20.1350, 20.2700, 2542976
2016-09-12, 20.1500, 20.4850, 20.1300, 20.4000, 1859617
2016-09-13, 20.2700, 20.5200, 19.7300, 19.9000, 1433628
2016-09-14, 19.9600, 20.1100, 19.8400, 19.9000, 995010
2016-09-15, 19.8600, 20.1600, 19.8300, 20.1100, 982787
2016-09-16, 20.0800, 20.3500, 19.9700, 20.2900, 3729993
2016-09-19, 20.2700, 20.8300, 20.2500, 20.7700, 1111343
2016-09-20, 20.9100, 21.0400, 20.7700, 20.9800, 1611832
2016-09-21, 20.9300, 21.4900, 20.8200, 21.4100, 2194316
2016-09-22, 21.6200, 21.8300, 21.5900, 21.7800, 1265377
2016-09-23, 21.7000, 21.9500, 21.6100, 21.8000, 1424109
2016-09-26, 21.8000, 21.8800, 21.6600, 21.7700, 741878
2016-09-27, 21.7900, 21.8100, 21.4100, 21.5100, 1325316
2016-09-28, 21.5700, 21.7100, 21.4600, 21.7000, 1194345
2016-09-29, 21.6000, 21.8400, 21.2300, 21.6500, 1041598
2016-09-30, 21.7500, 21.7750, 21.4900, 21.5400, 1084946
2016-10-03, 21.4500, 21.4500, 20.8500, 21.0200, 953094
2016-10-04, 20.7500, 20.7500, 20.2100, 20.3400, 1209948
2016-10-05, 20.4200, 20.5200, 19.5800, 19.6200, 1212425
2016-10-06, 19.5000, 19.6600, 19.0500, 19.6300, 1738387
2016-10-07, 19.7000, 20.0100, 19.4700, 19.6600, 1319165
2016-10-10, 19.6300, 19.9150, 19.5800, 19.8200, 1237760
2016-10-11, 19.7400, 19.9300, 19.6100, 19.6600, 668843
2016-10-12, 19.7000, 19.9900, 19.5750, 19.9500, 578600
2016-10-13, 19.9500, 20.4050, 19.9500, 20.3100, 793374
2016-10-14, 20.2000, 20.4000, 19.9600, 20.1600, 546283
2016-10-17, 20.1700, 20.5300, 20.1500, 20.2100, 656776
2016-10-18, 20.3200, 20.5900, 20.2400, 20.4700, 616870
2016-10-19, 20.4800, 20.5600, 20.2600, 20.2900, 702177
2016-10-20, 20.2700, 20.3950, 20.1800, 20.3400, 448739
2016-10-21, 20.2200, 20.5163, 20.2200, 20.4000, 560093
2016-10-24, 20.5000, 20.6800, 20.4101, 20.5400, 409065
2016-10-25, 20.4700, 20.5800, 20.3350, 20.5200, 529119
2016-10-26, 20.3900, 20.3900, 19.9200, 19.9600, 624011
2016-10-27, 19.8500, 19.8600, 19.4100, 19.4400, 1128216
2016-10-28, 19.4700, 19.5700, 19.2850, 19.4000, 1311118
2016-10-31, 19.4600, 19.8500, 19.3462, 19.7700, 1750379
2016-11-01, 19.6000, 19.7600, 19.2200, 19.2600, 1098532
2016-11-02, 19.5100, 19.5900, 18.5000, 18.5000, 1250147
2016-11-03, 18.2700, 18.4075, 18.0400, 18.1600, 1181734
2016-11-04, 18.2300, 18.6200, 18.1200, 18.5500, 1175412
2016-11-07, 19.2200, 19.3800, 18.8766, 19.1600, 1154734
2016-11-08, 19.1700, 19.2400, 18.9000, 19.1400, 773576
2016-11-09, 18.6100, 18.7100, 18.0900, 18.1200, 1912098
2016-11-10, 18.1800, 18.3700, 17.1200, 17.4700, 2651574
2016-11-11, 17.4200, 18.0700, 17.4200, 17.7600, 2800809
2016-11-14, 17.6700, 18.1300, 17.5000, 18.0900, 1459331
2016-11-15, 18.1900, 18.4500, 17.8300, 17.9200, 982263
2016-11-16, 17.9400, 18.0950, 17.8300, 17.9900, 1102611
2016-11-17, 18.0700, 18.2500, 17.8100, 17.8400, 818965
2016-11-18, 17.9200, 18.0300, 17.7300, 17.9500, 721588
2016-11-21, 18.0100, 18.1900, 17.9100, 18.0000, 757044
2016-11-22, 18.1000, 18.2500, 18.0100, 18.1600, 1249328
2016-11-23, 17.9100, 18.3200, 17.9000, 18.3100, 1085945
2016-11-25, 18.3600, 18.7400, 18.3400, 18.4900, 629423
2016-11-28, 18.5800, 18.7800, 18.3300, 18.3600, 929199
2016-11-29, 18.3400, 18.6300, 18.3400, 18.5300, 1098518
2016-11-30, 18.2100, 18.2550, 17.9400, 18.1200, 1170400
2016-12-01, 17.9000, 17.9800, 17.2800, 17.5600, 1475935
2016-12-02, 17.7800, 18.0900, 17.6159, 17.7900, 1395106
2016-12-05, 17.7800, 17.9850, 17.6400, 17.9300, 956712
2016-12-06, 17.9900, 18.1700, 17.9600, 18.0800, 704369
2016-12-07, 18.2000, 18.5900, 18.1997, 18.5500, 742366
2016-12-08, 18.2400, 18.9200, 18.2400, 18.8400, 889679
2016-12-09, 18.7900, 19.1100, 18.6500, 18.9100, 844641
2016-12-12, 18.8200, 19.0400, 18.8000, 18.9600, 620608
2016-12-13, 19.0600, 19.0900, 18.7000, 18.9000, 715030
2016-12-14, 18.9500, 18.9500, 18.2400, 18.2600, 743127
2016-12-15, 18.2100, 18.4000, 17.9600, 18.0200, 882374
2016-12-16, 18.2500, 18.4600, 18.0700, 18.4500, 1947279
2016-12-19, 18.6300, 19.0900, 18.5962, 18.8900, 884152
2016-12-20, 18.8000, 19.0400, 18.6200, 18.7900, 796024
2016-12-21, 18.8000, 19.0850, 18.4650, 18.4900, 1037811
2016-12-22, 18.4200, 18.4900, 18.1400, 18.3400, 817587
2016-12-23, 18.4500, 18.5650, 18.3500, 18.4700, 616032
2016-12-27, 18.4700, 18.6900, 18.3858, 18.6000, 673572
2016-12-28, 18.6100, 18.6500, 18.3100, 18.4500, 503240
2016-12-29, 18.4800, 18.8100, 18.3900, 18.8000, 765123
2016-12-30, 18.8400, 19.1200, 18.7599, 18.9600, 1452887
2017-01-03, 18.8300, 18.9200, 18.6137, 18.7400, 920573
2017-01-04, 18.7800, 19.1300, 18.7000, 19.0700, 1008415
2017-01-05, 19.0100, 19.1700, 18.8800, 19.1100, 765468
2017-01-06, 19.0200, 19.1350, 18.8800, 18.9200, 1350462
2017-01-09, 19.0500, 19.0500, 18.7100, 18.7200, 1391905
2017-01-10, 18.7200, 18.7600, 18.5600, 18.5800, 988516
2017-01-11, 18.6100, 18.6795, 18.4700, 18.5100, 1050587
2017-01-12, 18.6500, 18.7800, 18.4600, 18.7800, 908910
2017-01-13, 18.7500, 18.9142, 18.6700, 18.7700, 578678
2017-01-17, 18.9100, 19.0995, 18.8100, 19.0400, 1009508
2017-01-18, 19.0000, 19.1600, 18.9400, 19.0200, 991246
2017-01-19, 18.8800, 18.8800, 18.6400, 18.7200, 1037595
2017-01-20, 18.6800, 18.9700, 18.6743, 18.7700, 783119
2017-01-23, 18.9800, 19.0400, 18.7700, 19.0200, 954648
2017-01-24, 19.0000, 19.1200, 18.8800, 19.0100, 714990
2017-01-25, 18.9600, 19.0950, 18.8300, 18.8500, 983228
2017-01-26, 18.8500, 18.9400, 18.6750, 18.7000, 612664
2017-01-27, 18.8200, 18.8200, 18.4600, 18.6100, 666867
2017-01-30, 18.5600, 18.6137, 18.3900, 18.4800, 691926
2017-01-31, 18.5300, 18.7600, 18.5000, 18.5500, 902749
2017-02-01, 18.4800, 18.7000, 18.1900, 18.2100, 739982
2017-02-02, 18.3500, 18.7100, 18.2500, 18.6500, 951445
2017-02-03, 18.8300, 18.9300, 18.6300, 18.7600, 556393
2017-02-06, 18.8100, 18.8550, 18.6400, 18.6900, 523121
2017-02-07, 18.7100, 18.8050, 18.6400, 18.6700, 767864
2017-02-08, 18.8200, 18.8700, 18.6700, 18.7700, 566858
2017-02-09, 18.6900, 18.9000, 18.6000, 18.8000, 489999
2017-02-10, 18.7100, 19.0700, 18.6500, 19.0500, 451792
2017-02-13, 19.0600, 19.1400, 18.9200, 19.0800, 580160
2017-02-14, 19.0400, 19.0600, 18.7830, 18.8700, 574420
2017-02-15, 18.7000, 18.9300, 18.6300, 18.9100, 703747
2017-02-16, 18.9000, 19.3900, 18.9000, 19.3300, 794402
2017-02-17, 19.5500, 19.5500, 19.0799, 19.4000, 1003331
2017-02-21, 19.3800, 19.6100, 19.2800, 19.5900, 793064
2017-02-22, 19.6300, 19.7500, 19.5500, 19.6800, 654835
2017-02-23, 19.8300, 19.9350, 19.4900, 19.9100, 974173
2017-02-24, 19.8100, 20.1200, 19.3400, 20.0900, 1452179
2017-02-27, 20.0900, 20.1900, 19.8600, 20.0900, 1045551
2017-02-28, 20.0600, 20.1600, 19.9100, 19.9200, 793562
2017-03-01, 19.7500, 20.0800, 19.6422, 19.7900, 1223440
2017-03-02, 19.7700, 19.9550, 19.6950, 19.7900, 636269
2017-03-03, 19.7900, 19.8000, 19.5300, 19.8000, 584847
2017-03-06, 19.7000, 19.7700, 19.5100, 19.6400, 774088
2017-03-07, 19.5600, 19.7000, 19.4900, 19.6200, 704493
2017-03-08, 19.5100, 19.5100, 19.0700, 19.0800, 682295
2017-03-09, 19.0200, 19.1800, 18.7000, 18.7800, 729561
2017-03-10, 18.9900, 19.1700, 18.7200, 18.9000, 857999
2017-03-13, 18.9000, 19.0800, 18.8500, 18.9000, 926662
2017-03-14, 18.2200, 18.4700, 18.1800, 18.4100, 10334992
2017-03-15, 18.3800, 18.8500, 18.3600, 18.7800, 2859071
2017-03-16, 18.7300, 18.9950, 18.7000, 18.8100, 2452343
2017-03-17, 18.8600, 19.0400, 18.7500, 19.0200, 1544477
2017-03-20, 18.9900, 19.0900, 18.8100, 18.8900, 1820683
2017-03-21, 18.9900, 19.0400, 18.6900, 18.8500, 2377487
2017-03-22, 18.9600, 19.0800, 18.7300, 19.0700, 1999815
2017-03-23, 19.0700, 19.5100, 18.9400, 19.2900, 1447794
2017-03-24, 19.3900, 19.5500, 19.2800, 19.4600, 1572852
2017-03-27, 19.4600, 19.7199, 19.4350, 19.5600, 1682891
2017-03-28, 19.5800, 19.7500, 19.3850, 19.7500, 1866133
2017-03-29, 19.7300, 19.8200, 19.6200, 19.7600, 1084993
2017-03-30, 19.7100, 19.7900, 19.5400, 19.7700, 1397895
2017-03-31, 19.8400, 19.9850, 19.7600, 19.8700, 3254272
2017-04-03, 19.8700, 19.9700, 19.7350, 19.8200, 1946847
2017-04-04, 19.7700, 19.8600, 19.5300, 19.6000, 1363523
2017-04-05, 19.5600, 19.7200, 19.4800, 19.5400, 2052593
2017-04-06, 19.5300, 19.7600, 19.4600, 19.6500, 2848788
2017-04-07, 19.7500, 19.9750, 19.6900, 19.9600, 1690515
2017-04-10, 20.0000, 20.0900, 19.9100, 20.0300, 1209468
2017-04-11, 20.1100, 20.2200, 20.0200, 20.1900, 1004443
2017-04-12, 20.2000, 20.2300, 19.9900, 20.0900, 1651036
2017-04-13, 20.1600, 20.2300, 19.8900, 19.9800, 1677776
2017-04-17, 20.0100, 20.2600, 20.0000, 20.2300, 1420781
2017-04-18, 20.2100, 20.3900, 20.2000, 20.3600, 964162
2017-04-19, 20.3500, 20.4600, 20.2900, 20.3300, 1130253
2017-04-20, 20.3400, 20.4000, 20.2200, 20.3200, 995469
2017-04-21, 20.3500, 20.3900, 20.2600, 20.3100, 1050004
2017-04-24, 20.3800, 20.4100, 19.7500, 19.9800, 1354541
2017-04-25, 19.9900, 20.1900, 19.9500, 20.1100, 957594
2017-04-26, 20.0300, 20.0800, 19.8700, 19.9000, 1134060
2017-04-27, 19.9000, 20.0300, 19.8300, 19.8700, 668289
2017-04-28, 19.8200, 19.8400, 19.5461, 19.6400, 862851
2017-05-01, 19.6300, 19.7600, 19.5000, 19.6300, 1196677
2017-05-02, 19.6100, 19.6400, 19.1850, 19.2500, 1609429
2017-05-03, 19.6000, 19.6300, 18.8300, 19.0300, 1581976
2017-05-04, 18.8700, 19.0700, 18.7500, 19.0100, 1760526
2017-05-05, 19.0500, 19.2800, 19.0100, 19.2700, 1032882
2017-05-08, 19.2200, 19.3500, 19.0500, 19.2100, 1329401
2017-05-09, 19.1900, 19.2800, 18.9785, 19.0700, 1065400
2017-05-10, 19.0800, 19.4000, 19.0550, 19.3400, 1364356
2017-05-11, 19.2800, 19.6400, 19.1300, 19.5600, 1465248
2017-05-12, 19.6000, 19.9200, 19.5500, 19.7900, 2946506
2017-05-15, 19.8000, 20.2750, 19.8000, 20.0200, 1548798
2017-05-16, 20.0200, 20.0600, 19.8100, 19.8800, 864724
2017-05-17, 19.9500, 20.1400, 19.8950, 19.9500, 2195249
2017-05-18, 20.0000, 20.2300, 19.7900, 20.1700, 2621231
2017-05-19, 20.1600, 20.4500, 20.0500, 20.3900, 1524259
2017-05-22, 20.3900, 20.5900, 20.3500, 20.5200, 1332366
2017-05-23, 20.6300, 20.7600, 20.5400, 20.5500, 1369624
2017-05-24, 20.5700, 20.7750, 20.5100, 20.5700, 1043176
2017-05-25, 20.6200, 20.7700, 20.4200, 20.4800, 1465849
2017-05-26, 20.5400, 20.5500, 20.1400, 20.2500, 580737
2017-05-30, 20.2100, 20.4100, 20.1000, 20.2100, 705325
2017-05-31, 20.2500, 20.4000, 20.2300, 20.3400, 1591568
2017-06-01, 20.3300, 20.7200, 20.2400, 20.6300, 1466464
2017-06-02, 20.8200, 21.0750, 20.7500, 20.9800, 1130054
2017-06-05, 20.8800, 21.0100, 20.7900, 20.9400, 1264690
2017-06-06, 20.9700, 20.9700, 20.7100, 20.7400, 1565607
2017-06-07, 20.7600, 20.8700, 20.6900, 20.7200, 622224
2017-06-08, 20.7500, 20.7500, 20.4100, 20.6000, 815332
2017-06-09, 20.5700, 20.8100, 20.4600, 20.7300, 1751708
2017-06-12, 20.7300, 21.1200, 20.7100, 21.0900, 1341727
2017-06-13, 21.0600, 21.0900, 20.8800, 21.0000, 1046702
2017-06-14, 21.1500, 21.3450, 20.8850, 20.9900, 1337156
2017-06-15, 20.8500, 21.1300, 20.8200, 21.0500, 1271412
2017-06-16, 20.9800, 21.2300, 20.9700, 21.2200, 1807158
2017-06-19, 21.1400, 21.3000, 21.1100, 21.2500, 1060064
2017-06-20, 21.2800, 21.3900, 21.1300, 21.2900, 1083906
2017-06-21, 21.2900, 21.4200, 21.2300, 21.3800, 1137827
2017-06-22, 21.3700, 21.7200, 21.3300, 21.5100, 1975105
2017-06-23, 21.5400, 21.7900, 21.5000, 21.6400, 1663239
2017-06-26, 21.7500, 21.8100, 21.5400, 21.8000, 1237309
2017-06-27, 21.7300, 21.8500, 21.4800, 21.5200, 1404516
2017-06-28, 21.5500, 21.7200, 21.4100, 21.6000, 2572921
2017-06-29, 20.4100, 20.4600, 19.7300, 19.7900, 13214789
2017-06-30, 19.9400, 20.3100, 19.9200, 20.1400, 4897761
2017-07-03, 20.2000, 20.4100, 20.1800, 20.3000, 3021549
2017-07-05, 20.3000, 20.3300, 20.0200, 20.1600, 5193989
2017-07-06, 20.1200, 20.1400, 19.2700, 19.3300, 3046428
2017-07-07, 19.0600, 19.2200, 18.7800, 19.0200, 4621918
2017-07-10, 19.0400, 19.0600, 18.4100, 18.4200, 3783776
2017-07-11, 18.4100, 18.4200, 18.1100, 18.3000, 3273058
2017-07-12, 18.4700, 18.6600, 18.3900, 18.5300, 3451440
2017-07-13, 18.7300, 18.7600, 18.4700, 18.5200, 2869743
2017-07-14, 18.6400, 18.7300, 18.5500, 18.6100, 2059241
2017-07-17, 18.4800, 18.6800, 18.4800, 18.6400, 1924196
2017-07-18, 18.6300, 18.6400, 18.4100, 18.4200, 2663053
2017-07-19, 18.4500, 18.7900, 18.4200, 18.7200, 1565910
2017-07-20, 18.7600, 18.8550, 18.6500, 18.6600, 2027380
2017-07-21, 18.8400, 18.8400, 18.4600, 18.6700, 1479908
2017-07-24, 18.7200, 18.7200, 18.4700, 18.5700, 1951029
2017-07-25, 18.5000, 18.5800, 18.3600, 18.5400, 2412026
2017-07-26, 18.4900, 18.6200, 18.3400, 18.5000, 1363524
2017-07-27, 18.4400, 18.6100, 18.3200, 18.4900, 1245980
2017-07-28, 18.5400, 18.5400, 18.3400, 18.4600, 1632404
2017-07-31, 18.4800, 18.6700, 18.3700, 18.6200, 1720580
2017-08-01, 18.3500, 18.4600, 18.1850, 18.2900, 1877491
2017-08-02, 18.3800, 18.4550, 18.0600, 18.2300, 1836758
2017-08-03, 18.0600, 18.4900, 18.0000, 18.4200, 1710780
2017-08-04, 18.3500, 18.4600, 18.1850, 18.2900, 788538
2017-08-07, 18.3100, 18.3200, 18.1800, 18.2700, 1630287
2017-08-08, 18.2400, 18.2750, 18.0200, 18.0300, 1631232
2017-08-09, 18.0000, 18.0900, 17.8200, 18.0700, 1993571
2017-08-10, 18.0700, 18.0750, 17.8350, 17.9400, 1549047
2017-08-11, 17.7700, 18.0100, 17.7400, 17.9200, 1042882
2017-08-14, 18.0000, 18.2750, 17.9600, 18.2400, 1033907
2017-08-15, 18.2100, 18.2100, 17.9600, 18.0900, 1150379
2017-08-16, 18.0000, 18.2300, 17.8400, 18.1100, 2263536
2017-08-17, 18.0200, 18.2500, 17.9800, 18.1800, 1344854
2017-08-18, 18.0500, 18.1400, 17.8100, 17.9400, 1240054
2017-08-21, 18.0600, 18.1700, 17.9800, 18.1500, 1362989
2017-08-22, 18.1900, 18.2800, 18.0400, 18.1800, 1127628
2017-08-23, 18.1800, 18.3400, 18.0900, 18.2300, 584906
2017-08-24, 18.2300, 18.5100, 18.2300, 18.3900, 1104488
2017-08-25, 18.4600, 18.5200, 18.3300, 18.4100, 716374
2017-08-28, 18.3900, 18.4500, 18.2300, 18.3300, 812779
2017-08-29, 18.3800, 18.4600, 18.2100, 18.2500, 923236
2017-08-30, 18.2300, 18.4200, 18.0900, 18.4000, 2008611
2017-08-31, 18.5000, 18.7800, 18.4100, 18.7300, 1260707
2017-09-01, 18.7300, 18.7900, 18.6300, 18.6700, 711568
2017-09-05, 18.7100, 18.8000, 18.6200, 18.7800, 924800
2017-09-06, 18.8000, 18.8900, 18.7400, 18.7700, 1184392
2017-09-07, 18.8300, 18.9100, 18.7500, 18.8600, 606305
2017-09-08, 18.8400, 18.9700, 18.8000, 18.8600, 711815
2017-09-11, 18.8000, 19.0650, 18.8000, 18.9300, 891898
2017-09-12, 18.8700, 18.9631, 18.5350, 18.5700, 985837
2017-09-13, 18.5700, 18.6000, 18.4400, 18.4800, 922168
2017-09-14, 18.5000, 18.5800, 18.3366, 18.5700, 1434091
2017-09-15, 18.6400, 18.7900, 18.4250, 18.7400, 1785232
2017-09-18, 18.7200, 18.7650, 18.6350, 18.6900, 1050744
2017-09-19, 18.7200, 18.7500, 18.4100, 18.5000, 845807
2017-09-20, 18.5300, 18.6000, 18.2400, 18.2900, 1205343
2017-09-21, 18.3000, 18.3700, 18.2000, 18.2400, 941449
2017-09-22, 18.4700, 18.4700, 18.0200, 18.0600, 1331521
2017-09-25, 18.0300, 18.1000, 17.9700, 18.0200, 1226546
2017-09-26, 17.9800, 18.0000, 17.8500, 17.8700, 1240030
2017-09-27, 17.7800, 17.8400, 17.3800, 17.4900, 2665539
2017-09-28, 17.4800, 17.7950, 17.4500, 17.7900, 1375297
2017-09-29, 17.7200, 17.9050, 17.7000, 17.7300, 1679938
2017-10-02, 17.5700, 17.6200, 17.4500, 17.5600, 1449723
2017-10-03, 17.5500, 17.6950, 17.5000, 17.6100, 1159404
2017-10-04, 17.6600, 17.7200, 17.5250, 17.6000, 1133497
2017-10-05, 17.6500, 17.7700, 17.6000, 17.6100, 2444029
2017-10-06, 17.5300, 17.7400, 17.3400, 17.6700, 1205208
2017-10-09, 17.6700, 17.8100, 17.6600, 17.6700, 895773
2017-10-10, 17.6700, 17.7300, 17.5400, 17.6500, 821578
2017-10-11, 17.6800, 17.7600, 17.6100, 17.6300, 909838
2017-10-12, 17.8700, 18.0800, 17.6600, 18.0500, 1536121
2017-10-13, 18.1200, 18.1800, 17.9150, 18.0800, 1426165
2017-10-16, 18.0900, 18.0900, 17.8840, 18.0200, 722415
2017-10-17, 17.9700, 18.1000, 17.9500, 18.0600, 633814
2017-10-18, 18.0200, 18.1200, 17.9100, 17.9700, 867030
2017-10-19, 18.0600, 18.0600, 17.8100, 17.8200, 707047
2017-10-20, 17.8700, 17.9500, 17.7334, 17.9300, 682406
2017-10-23, 17.9400, 17.9900, 17.7900, 17.8200, 566902
2017-10-24, 17.8200, 17.8400, 17.4900, 17.4900, 958135
2017-10-25, 17.3400, 17.5550, 17.2700, 17.4300, 966335
2017-10-26, 17.4900, 17.5500, 17.2900, 17.3000, 1207203
2017-10-27, 17.3300, 17.5700, 17.3000, 17.5100, 1303700
2017-10-30, 17.4500, 17.5753, 17.4300, 17.4900, 881239
2017-10-31, 17.5000, 17.5000, 17.2650, 17.3800, 1282581
2017-11-01, 17.3500, 17.4400, 17.2700, 17.3800, 1136726
2017-11-02, 17.4500, 17.6700, 17.3850, 17.5200, 1986810
2017-11-03, 17.2500, 17.7000, 17.2500, 17.3400, 1329847
2017-11-06, 17.7300, 17.8600, 17.5325, 17.6000, 1654094
2017-11-07, 17.6000, 17.6800, 17.4700, 17.6800, 1751232
2017-11-08, 17.6800, 18.0700, 17.6500, 18.0100, 1768168
2017-11-09, 18.0100, 18.1800, 18.0100, 18.0900, 1186295
2017-11-10, 17.9800, 18.3250, 17.9600, 18.2900, 1158835
2017-11-13, 18.2700, 18.3400, 18.1100, 18.1700, 960315
2017-11-14, 18.1100, 18.2900, 18.0500, 18.1900, 1243449
2017-11-15, 18.1400, 18.1450, 17.9700, 17.9900, 1077898
2017-11-16, 17.9500, 18.2400, 17.8400, 18.1500, 1248019
2017-11-17, 18.0800, 18.2100, 18.0700, 18.2000, 895151
2017-11-20, 18.2600, 18.3000, 18.0900, 18.1800, 897821
2017-11-21, 18.2700, 18.3800, 18.2200, 18.3700, 918109
2017-11-22, 18.3300, 18.4500, 18.2400, 18.3800, 1011317
2017-11-24, 18.3900, 18.4600, 18.3300, 18.4500, 545241
2017-11-27, 18.4300, 18.5200, 18.3700, 18.4600, 1106618
2017-11-28, 18.4400, 18.5000, 18.3600, 18.4500, 1348864
2017-11-29, 18.4100, 18.4600, 18.1000, 18.1400, 1679043
2017-11-30, 18.1300, 18.1700, 17.8550, 17.8700, 1523523
2017-12-01, 17.9100, 18.0750, 17.7500, 17.9800, 1070037
2017-12-04, 18.0200, 18.1500, 17.8500, 17.8600, 843814
2017-12-05, 17.9100, 17.9900, 17.8300, 17.8500, 915683
2017-12-06, 17.9400, 17.9400, 17.7200, 17.8900, 926010
2017-12-07, 17.9100, 18.0100, 17.8100, 17.9300, 781873
2017-12-08, 17.9300, 18.1200, 17.9250, 18.0200, 973146
2017-12-11, 18.0700, 18.1200, 17.9700, 18.0400, 1747003
2017-12-12, 18.0300, 18.2100, 18.0000, 18.1100, 1788490
2017-12-13, 18.1500, 18.5900, 18.1500, 18.4600, 2683790
2017-12-14, 18.4100, 18.5300, 18.3500, 18.3900, 1956569
2017-12-15, 18.4600, 18.7300, 18.4500, 18.6700, 2310192
2017-12-18, 18.8600, 19.0300, 18.7748, 18.9200, 1975516
2017-12-19, 18.8900, 18.9500, 18.0900, 18.2400, 4224543
2017-12-20, 18.1600, 18.3000, 17.7800, 17.7800, 1657476
2017-12-21, 17.6800, 17.8400, 17.5800, 17.6400, 1009111
2017-12-22, 17.6500, 17.8100, 17.6300, 17.7100, 1162048
2017-12-26, 17.6500, 18.0400, 17.6500, 17.9700, 1660685
2017-12-27, 18.0500, 18.0850, 17.9200, 18.0100, 953219
2017-12-28, 17.9900, 18.0400, 17.8250, 18.0200, 1450037
2017-12-29, 18.0200, 18.0950, 17.9000, 17.9900, 1651490
2018-01-02, 17.7500, 17.8500, 17.6200, 17.7900, 1548968
2018-01-03, 17.7800, 17.9900, 17.6400, 17.7800, 1405597
2018-01-04, 17.7500, 17.8200, 17.4700, 17.4900, 1482176
2018-01-05, 17.6100, 17.6100, 17.2800, 17.3900, 1153327
2018-01-08, 17.3900, 17.4950, 17.3100, 17.4200, 892988
2018-01-09, 17.3900, 17.4072, 16.9700, 16.9900, 1695086
2018-01-10, 16.9400, 16.9400, 16.6100, 16.7400, 1457830
2018-01-11, 16.7300, 16.8600, 16.5800, 16.5900, 1293663
2018-01-12, 16.6000, 16.6900, 16.3050, 16.3400, 1042872
2018-01-16, 16.4000, 16.6401, 16.2700, 16.2700, 1953902
2018-01-17, 16.3000, 16.5600, 16.2200, 16.5000, 1955676
2018-01-18, 16.4400, 16.5000, 16.2100, 16.3300, 1531950
2018-01-19, 16.2900, 16.4100, 16.2200, 16.3600, 2292345
2018-01-22, 16.3700, 16.5970, 16.3550, 16.5600, 1993731
2018-01-23, 16.6200, 16.8000, 16.5100, 16.7800, 2116741
2018-01-24, 16.7800, 16.8200, 16.5800, 16.6400, 2479318
2018-01-25, 16.6300, 16.6900, 16.5410, 16.6600, 1024578
2018-01-26, 16.6800, 16.7110, 16.3100, 16.3500, 1566676
2018-01-29, 16.3000, 16.3500, 16.0800, 16.1600, 1022983
2018-01-30, 16.0800, 16.1750, 15.9400, 15.9500, 1669542
2018-01-31, 16.0200, 16.3000, 16.0000, 16.3000, 1759059
2018-02-01, 16.2700, 16.4850, 15.9232, 15.9800, 2138538
2018-02-02, 15.9000, 16.1800, 15.5000, 16.0500, 2082680
2018-02-05, 16.0000, 16.2500, 15.5430, 15.5600, 1956354
2018-02-06, 15.3600, 15.7950, 15.2400, 15.6100, 1778472
2018-02-07, 15.5900, 15.8980, 15.3400, 15.3500, 1512471
2018-02-08, 15.3400, 15.3500, 14.9100, 14.9100, 1909066
2018-02-09, 15.0000, 15.4900, 14.8300, 15.3900, 2016772
2018-02-12, 15.4400, 15.4900, 14.8600, 15.2300, 2959964
2018-02-13, 15.2200, 15.3000, 15.0000, 15.1400, 2713082
2018-02-14, 15.0000, 15.0700, 14.7550, 14.8800, 2179096
2018-02-15, 14.9000, 15.3400, 14.8900, 15.0700, 1934480
2018-02-16, 15.1100, 15.4500, 15.0900, 15.4000, 2012375
2018-02-20, 15.3500, 15.4400, 14.9800, 15.0500, 1772769
2018-02-21, 15.0600, 15.2100, 14.8100, 14.8300, 1419557
2018-02-22, 14.9300, 15.1950, 14.8400, 15.0500, 1336174
2018-02-23, 15.1600, 15.3050, 15.0300, 15.2500, 990100
2018-02-26, 15.3400, 15.3500, 15.1200, 15.2100, 1477082
2018-02-27, 15.1800, 15.2400, 14.7000, 14.7000, 1686897
2018-02-28, 14.8800, 15.0400, 14.3400, 14.3700, 2219662
2018-03-01, 14.4300, 14.7852, 14.1301, 14.6000, 1951915
2018-03-02, 14.5200, 14.8000, 14.4650, 14.7800, 1323734
2018-03-05, 14.7100, 15.0400, 14.7100, 14.9400, 1378990
2018-03-06, 14.9400, 15.0400, 14.7550, 14.9500, 1218363
2018-03-07, 14.9500, 15.1200, 14.9100, 15.0800, 1179953
2018-03-08, 15.0600, 15.2100, 14.9700, 15.0200, 791676
2018-03-09, 15.0700, 15.0900, 14.8900, 15.0900, 1101162
2018-03-12, 15.0600, 15.2550, 15.0300, 15.2300, 1240029
2018-03-13, 15.2800, 15.4000, 15.0800, 15.1200, 1279847
2018-03-14, 15.1000, 15.2400, 15.0000, 15.1000, 1331793
2018-03-15, 15.1600, 15.1650, 14.9900, 15.0800, 1929009
2018-03-16, 15.0900, 15.1900, 14.9200, 15.1700, 1423869
2018-03-19, 15.1400, 15.1800, 14.9500, 15.1700, 1161277
2018-03-20, 15.1500, 15.2500, 14.9700, 15.0500, 1581766
2018-03-21, 15.0500, 15.1200, 14.8500, 14.9500, 1345275
2018-03-22, 14.9500, 15.2400, 14.8900, 14.9200, 1339347
2018-03-23, 14.9500, 14.9900, 14.7400, 14.7400, 1697148
2018-03-26, 14.8600, 14.9200, 14.6800, 14.8900, 1204948
2018-03-27, 14.8000, 15.2000, 14.7500, 15.0600, 1347840
2018-03-28, 15.2500, 15.5350, 15.1400, 15.4200, 1320037
2018-03-29, 15.4200, 15.6500, 15.3400, 15.5700, 1994558
2018-04-02, 15.3900, 15.4100, 14.9400, 14.9800, 1274279
2018-04-03, 15.0200, 15.1600, 14.7950, 15.1100, 1316093
2018-04-04, 15.0500, 15.4600, 15.0450, 15.4500, 1400732
2018-04-05, 15.4200, 15.4800, 15.1350, 15.3900, 857930
2018-04-06, 15.3900, 15.5700, 15.3000, 15.3600, 1001826
2018-04-09, 15.3700, 15.3700, 15.1550, 15.1800, 1228407
2018-04-10, 15.2300, 15.2300, 14.9150, 14.9600, 1527970
2018-04-11, 14.9500, 15.1000, 14.8800, 14.9100, 1046925
2018-04-12, 14.9000, 14.9400, 14.5000, 14.5300, 1899034
2018-04-13, 14.5400, 14.8800, 14.4500, 14.8300, 1797745
2018-04-16, 14.8600, 15.0900, 14.7700, 15.0600, 2088221
2018-04-17, 15.0600, 15.3500, 15.0450, 15.3000, 1453067
2018-04-18, 15.3300, 15.3466, 15.2000, 15.2100, 1278715
2018-04-19, 15.2100, 15.2100, 14.7100, 14.9200, 1815207
2018-04-20, 14.8800, 14.9400, 14.4900, 14.5000, 1942721
2018-04-23, 14.5400, 14.6000, 14.3800, 14.4900, 1039860
2018-04-24, 14.5400, 14.7600, 14.4700, 14.6700, 1884831
2018-04-25, 14.3500, 14.5500, 14.3400, 14.5100, 1863011
2018-04-26, 14.6100, 14.7600, 14.5600, 14.5900, 1464357
2018-04-27, 14.6700, 15.0650, 14.6700, 14.9700, 1397751
2018-04-30, 14.9800, 15.0500, 14.8850, 14.9400, 1322024
2018-05-01, 14.9800, 15.1200, 14.8000, 15.0000, 2401932
2018-05-02, 15.0000, 15.0400, 14.7000, 14.7700, 2364820
2018-05-03, 14.7100, 14.8600, 14.6100, 14.8300, 2213081
2018-05-04, 14.9600, 14.9750, 14.6500, 14.8800, 2513756
2018-05-07, 14.8800, 15.2800, 14.8450, 15.2100, 1522422
2018-05-08, 15.1200, 15.1999, 14.9800, 15.1300, 1356432
2018-05-09, 15.0800, 15.2600, 15.0100, 15.2600, 887869
2018-05-10, 15.3000, 15.4750, 15.3000, 15.4400, 967569
2018-05-11, 15.5000, 15.5500, 15.3800, 15.4000, 1077491
2018-05-14, 15.4000, 15.4200, 15.0600, 15.0900, 1614212
2018-05-15, 15.0200, 15.0200, 14.8200, 14.8200, 1830130
2018-05-16, 14.9600, 14.9600, 14.5800, 14.5900, 1616665
2018-05-17, 14.6100, 14.7050, 14.4500, 14.6000, 1287567
2018-05-18, 14.6800, 14.6900, 14.5100, 14.5400, 997482
2018-05-21, 14.5900, 14.8000, 14.4100, 14.7200, 985928
2018-05-22, 14.7500, 14.8200, 14.6200, 14.6300, 1483690
2018-05-23, 14.7100, 15.0150, 14.6500, 14.9200, 2257372
2018-05-24, 15.0000, 15.0000, 14.7700, 14.8800, 842617
2018-05-25, 14.9200, 15.0100, 14.8800, 14.9600, 728315
2018-05-29, 14.9600, 15.2000, 14.8900, 15.1600, 1168808
2018-05-30, 15.1300, 15.3800, 15.0500, 15.3200, 2854720
2018-05-31, 15.2800, 15.3050, 15.1650, 15.2200, 2254495
2018-06-01, 15.1900, 15.2800, 15.1200, 15.1400, 1579330
2018-06-04, 15.1400, 15.1800, 14.9400, 15.0400, 2019825
2018-06-05, 15.1900, 15.2600, 14.8500, 14.8600, 1814880
2018-06-06, 14.8500, 14.9100, 14.6200, 14.8100, 1854219
2018-06-07, 14.8500, 14.8900, 14.7100, 14.8500, 1236661
2018-06-08, 14.8700, 14.9850, 14.8200, 14.8600, 1957039
2018-06-11, 14.8200, 14.8500, 14.6800, 14.8100, 1685558
2018-06-12, 14.8100, 15.2450, 14.7700, 15.2100, 1945817
2018-06-13, 15.2200, 15.3450, 14.8200, 14.8700, 1982960
2018-06-14, 14.8800, 15.2400, 14.8450, 15.2200, 2030509
2018-06-15, 15.2500, 15.5800, 15.2301, 15.5500, 3300280
2018-06-18, 15.4800, 15.6250, 15.3850, 15.5000, 2353728
2018-06-19, 15.5000, 15.7100, 15.4800, 15.6400, 2865601
2018-06-20, 15.6300, 16.1500, 15.6300, 16.1000, 2590519
2018-06-21, 16.1200, 16.2100, 15.9800, 16.0300, 1788116
2018-06-22, 16.0000, 16.0700, 15.9000, 16.0400, 3592621
2018-06-25, 16.0500, 16.1400, 15.8900, 16.0100, 1042590
2018-06-26, 16.0200, 16.0590, 15.9200, 16.0200, 1884762
2018-06-27, 16.1300, 16.1300, 15.9300, 15.9400, 2280593
2018-06-28, 15.9600, 16.0800, 15.9000, 16.0500, 1748844
2018-06-29, 16.0000, 16.0900, 15.8750, 15.9400, 4568723
2018-07-02, 15.7700, 15.8300, 15.1700, 15.4800, 1956927
2018-07-03, 15.4600, 15.8950, 15.4500, 15.8300, 1181982
2018-07-05, 15.8500, 16.0100, 15.7000, 16.0100, 1640247
2018-07-06, 16.0800, 16.1800, 16.0600, 16.1000, 1172594
2018-07-09, 16.0800, 16.1000, 15.7100, 15.8600, 1756766
2018-07-10, 15.8500, 16.0150, 15.8150, 15.9500, 1482373
2018-07-11, 15.9800, 16.0800, 15.9200, 16.0200, 4148055
2018-07-12, 16.0100, 16.1000, 15.9100, 15.9600, 958601
2018-07-13, 16.0000, 16.1100, 15.7900, 15.8500, 1352298
2018-07-16, 15.8500, 15.8950, 15.7200, 15.8600, 1493235
2018-07-17, 15.8900, 15.9700, 15.6000, 15.6200, 1377085
2018-07-18, 15.5700, 15.6400, 15.3050, 15.4600, 1296579
2018-07-19, 15.4500, 15.7500, 15.3800, 15.6800, 2881279
2018-07-20, 15.6600, 15.7100, 15.4400, 15.7000, 3721812
2018-07-23, 15.7200, 15.7900, 15.6100, 15.7600, 1298979
2018-07-24, 15.7500, 15.7500, 15.6050, 15.6600, 1483076
2018-07-25, 15.6700, 15.8600, 15.6700, 15.7800, 743502
2018-07-26, 15.8000, 15.9100, 15.7200, 15.7400, 843550
2018-07-27, 15.7400, 15.8600, 15.2000, 15.3500, 1266115
2018-07-30, 15.3400, 15.4300, 15.1600, 15.4200, 1179940
2018-07-31, 15.5000, 15.8600, 15.4250, 15.7600, 1014949
2018-08-01, 15.6400, 15.8200, 15.4400, 15.8000, 1117870
2018-08-02, 15.7300, 16.1300, 15.7300, 16.1200, 1778766
2018-08-03, 16.3000, 16.6200, 16.1900, 16.6000, 1801614
2018-08-06, 16.6200, 16.9750, 16.5700, 16.9000, 2064684
2018-08-07, 16.8800, 16.9000, 16.6700, 16.7800, 1514085
2018-08-08, 16.7900, 16.7900, 16.4500, 16.5400, 915230
2018-08-09, 16.5700, 16.7250, 16.5700, 16.6500, 693290
2018-08-10, 16.5900, 16.6500, 16.4700, 16.5000, 776924
2018-08-13, 16.5800, 16.6500, 16.4600, 16.6000, 1235019
2018-08-14, 16.6600, 16.9150, 16.6550, 16.8300, 840288
2018-08-15, 16.8500, 17.1800, 16.7700, 17.1600, 1400312
2018-08-16, 17.1000, 17.1100, 16.6800, 17.0400, 1351221
2018-08-17, 17.0700, 17.4400, 17.0400, 17.4300, 2010284
2018-08-20, 17.5200, 17.6700, 17.3950, 17.4600, 1614278
2018-08-21, 17.4400, 17.6100, 17.3500, 17.5900, 2390154
2018-08-22, 17.5500, 17.6500, 17.5400, 17.5900, 2789465
2018-08-23, 17.6200, 17.6400, 17.5000, 17.5000, 945656
2018-08-24, 17.4500, 17.5400, 17.3450, 17.4100, 775326
2018-08-27, 17.4300, 17.5100, 17.2200, 17.2400, 1490344
2018-08-28, 17.2300, 17.4700, 17.1900, 17.4600, 1606609
2018-08-29, 17.5100, 17.6150, 17.4600, 17.5100, 834874
2018-08-30, 17.5600, 17.6300, 17.4400, 17.5000, 1052141
2018-08-31, 17.4800, 17.5850, 17.3900, 17.4900, 1148583
2018-09-04, 17.5000, 17.5400, 17.1700, 17.1900, 985367
2018-09-05, 17.1500, 17.4000, 17.0500, 17.3400, 764880
2018-09-06, 17.3900, 17.4100, 17.2900, 17.3000, 825137
2018-09-07, 17.1900, 17.2200, 16.7800, 16.8200, 2121332
2018-09-10, 16.9200, 17.1000, 16.8900, 17.0100, 2078417
2018-09-11, 16.9200, 17.0700, 16.8275, 16.9700, 2004190
2018-09-12, 16.9900, 17.1500, 16.9300, 17.1300, 1670749
2018-09-13, 17.1900, 17.4050, 17.1200, 17.3500, 1222077
2018-09-14, 17.2800, 17.2900, 16.9900, 17.1400, 1404122
2018-09-17, 17.1500, 17.2500, 17.0800, 17.2200, 713797
2018-09-18, 17.2000, 17.2600, 17.0050, 17.0100, 996732
2018-09-19, 17.0200, 17.0900, 16.6400, 16.6800, 1082315
2018-09-20, 16.6600, 16.8900, 16.5500, 16.8800, 861900
2018-09-21, 16.8300, 16.9900, 16.7800, 16.8100, 1588016
2018-09-24, 16.7800, 16.7800, 16.4500, 16.6400, 1137719
2018-09-25, 16.6400, 16.7600, 16.5900, 16.6100, 880030
2018-09-26, 16.6100, 16.6900, 16.3150, 16.3200, 1145384
2018-09-27, 16.3600, 16.7000, 16.3100, 16.5700, 1271623
2018-09-28, 16.5700, 16.8800, 16.5700, 16.8600, 1061283
2018-10-01, 16.8600, 17.0100, 16.6100, 16.6400, 1250760
2018-10-02, 16.4700, 16.6350, 16.3900, 16.4100, 1108037
2018-10-03, 16.4000, 16.4800, 15.8400, 16.0300, 1415071
2018-10-04, 15.8900, 16.0650, 15.6950, 16.0000, 1420844
2018-10-05, 16.0200, 16.2600, 16.0100, 16.1000, 927948
2018-10-08, 16.1100, 16.5800, 16.1100, 16.4900, 1001479
2018-10-09, 16.4800, 16.7200, 16.4500, 16.6900, 960108
2018-10-10, 16.6800, 16.9500, 16.6600, 16.7900, 1452667
2018-10-11, 16.8000, 16.8400, 16.1100, 16.1200, 1670546
2018-10-12, 16.2500, 16.2850, 15.8700, 15.9000, 1352206
2018-10-15, 15.8700, 16.2500, 15.8700, 16.1100, 1186019
2018-10-16, 16.1300, 16.6700, 16.0200, 16.5700, 1150573
2018-10-17, 16.5700, 16.7600, 16.4700, 16.5900, 1517981
2018-10-18, 16.5700, 16.8000, 16.5578, 16.6800, 1247727
2018-10-19, 16.6300, 16.7800, 16.6300, 16.6500, 727018
2018-10-22, 16.7100, 16.8900, 16.6000, 16.6200, 1031865
2018-10-23, 16.6000, 17.0200, 16.5900, 16.9300, 1363664
2018-10-24, 16.9600, 17.2200, 16.9000, 17.0600, 1103622
2018-10-25, 17.0400, 17.1600, 16.9000, 17.1000, 825502
2018-10-26, 17.1000, 17.1500, 16.6600, 16.7300, 942325
2018-10-29, 16.8100, 17.0300, 16.7450, 16.8300, 1113045
2018-10-30, 16.8200, 17.1200, 16.7900, 16.9600, 1324348
2018-10-31, 16.9600, 16.9600, 16.4000, 16.5800, 1403813
2018-11-01, 16.6300, 16.8800, 16.5300, 16.7800, 1076969
2018-11-02, 16.7800, 16.8900, 15.9300, 16.3400, 1459470
2018-11-05, 16.3100, 16.6800, 16.3100, 16.4700, 1429362
2018-11-06, 16.4600, 16.7250, 16.3800, 16.6700, 1060514
2018-11-07, 16.7500, 16.9100, 16.6200, 16.7800, 818957
2018-11-08, 16.7100, 16.9500, 16.6400, 16.9300, 827572
2018-11-09, 16.9500, 17.2100, 16.9200, 17.0900, 1207892
