2014-10-10, 16.0000, 17.7500, 15.0400, 16.0200, 8050530
2014-10-13, 15.8900, 16.8800, 15.8000, 16.0200, 843955
2014-10-14, 16.3000, 16.4000, 15.6100, 15.7200, 510204
2014-10-15, 15.6000, 16.4400, 15.4500, 16.2500, 501315
2014-10-16, 16.0000, 19.4800, 15.9900, 18.8100, 425912
2014-10-17, 19.8300, 19.9900, 19.1000, 19.3800, 310144
2014-10-20, 19.4600, 19.6880, 18.0000, 19.1900, 318273
2014-10-21, 19.4600, 20.4000, 19.0000, 19.5300, 739295
2014-10-22, 19.9500, 20.2000, 18.9000, 19.7400, 321365
2014-10-23, 19.8000, 22.0000, 19.8000, 21.0500, 301031
2014-10-24, 21.2500, 21.4480, 20.6420, 21.0300, 210254
2014-10-27, 21.5000, 21.5900, 21.0000, 21.5000, 98879
2014-10-28, 21.4000, 21.9400, 20.7900, 21.5600, 428861
2014-10-29, 21.3700, 21.8200, 20.8241, 21.1400, 311640
2014-10-30, 21.0000, 21.7375, 20.7300, 21.6100, 94147
2014-10-31, 22.0000, 22.0000, 21.0100, 21.5000, 154403
2014-11-03, 21.7000, 21.9899, 21.5100, 21.5300, 192378
2014-11-04, 21.5000, 21.8700, 21.3400, 21.7500, 192232
2014-11-05, 21.9100, 22.4100, 20.8100, 21.1000, 218783
2014-11-06, 20.8500, 21.3510, 19.2500, 20.5000, 256246
2014-11-07, 20.9000, 21.8299, 20.6651, 21.6000, 208045
2014-11-10, 21.9300, 23.4900, 20.3800, 20.5200, 270642
2014-11-11, 20.7100, 21.6040, 20.6600, 21.3900, 338683
2014-11-12, 21.2100, 22.3100, 21.2100, 22.0200, 195085
2014-11-13, 22.0000, 22.2300, 21.6700, 22.0500, 188283
2014-11-14, 21.8400, 23.4700, 21.8400, 23.0300, 518598
2014-11-17, 23.4500, 24.8700, 23.4500, 24.1000, 656324
2014-11-18, 24.1100, 24.3800, 23.7700, 24.0100, 275514
2014-11-19, 24.0000, 24.9000, 23.5500, 24.5000, 316665
2014-11-20, 25.7900, 25.7900, 24.6810, 24.8700, 345891
2014-11-21, 25.5500, 26.4000, 25.0000, 26.2800, 205508
2014-11-24, 26.6300, 28.0000, 26.5500, 27.6900, 318962
2014-11-25, 27.9900, 28.0800, 27.2200, 27.8000, 239188
2014-11-26, 27.5400, 28.2300, 25.0770, 26.1800, 288910
2014-11-28, 25.8900, 26.8700, 25.7200, 26.8600, 95765
2014-12-01, 26.8500, 27.3100, 24.3000, 25.7900, 350035
2014-12-02, 25.0800, 27.0000, 25.0800, 26.6500, 163138
2014-12-03, 26.8100, 27.3100, 25.9950, 26.7600, 228181
2014-12-04, 27.0000, 27.2500, 26.3200, 27.1600, 260598
2014-12-05, 26.9100, 27.9100, 26.9100, 27.5000, 319785
2014-12-08, 27.8000, 30.0799, 27.8000, 29.0500, 643663
2014-12-09, 29.5000, 29.5000, 27.5000, 27.8500, 424229
2014-12-10, 27.6000, 28.4900, 26.0900, 26.7500, 247767
2014-12-11, 27.4800, 30.7600, 26.9000, 28.4200, 302056
2014-12-12, 29.7500, 29.7500, 27.2900, 28.4900, 176361
2014-12-15, 28.9400, 31.3700, 28.5900, 29.7300, 475273
2014-12-16, 30.3800, 31.3600, 29.7000, 29.9000, 451041
2014-12-17, 29.8000, 31.6400, 29.8000, 31.1800, 352427
2014-12-18, 31.7300, 32.6000, 30.6500, 31.9500, 412145
2014-12-19, 32.3700, 32.3700, 28.2400, 29.3000, 1960257
2014-12-22, 29.1500, 29.9100, 28.7500, 29.5100, 398014
2014-12-23, 29.4000, 29.7699, 28.7600, 29.4100, 264413
2014-12-24, 29.2900, 30.1500, 28.3700, 29.9000, 282356
2014-12-26, 29.9000, 30.2563, 28.0500, 28.8400, 176265
2014-12-29, 28.8400, 29.1800, 25.5700, 26.3000, 409345
2014-12-30, 26.4300, 27.2900, 26.0200, 27.1800, 247315
2014-12-31, 27.4000, 27.4900, 26.9300, 27.3700, 194896
2015-01-02, 27.4000, 28.5600, 27.3150, 28.4600, 237901
2015-01-05, 28.5000, 29.1000, 27.6100, 28.4700, 463951
2015-01-06, 28.7800, 28.8600, 25.2700, 26.0700, 402367
2015-01-07, 26.2000, 26.6500, 25.2500, 26.0000, 194763
2015-01-08, 26.2600, 26.9500, 25.9800, 26.4900, 254675
2015-01-09, 26.5000, 26.8000, 25.3900, 25.8300, 195132
2015-01-12, 25.9900, 26.3700, 25.5137, 26.2300, 230558
2015-01-13, 26.4500, 26.4500, 24.5700, 24.8500, 320712
2015-01-14, 24.4100, 25.0000, 24.1300, 24.6200, 254317
2015-01-15, 24.5600, 25.2600, 22.1201, 22.4100, 610137
2015-01-16, 22.4300, 23.8400, 22.1000, 23.6100, 317003
2015-01-20, 23.5500, 24.2600, 22.8800, 23.7800, 311174
2015-01-21, 23.6700, 24.7000, 23.6500, 24.2000, 205241
2015-01-22, 24.3200, 24.8600, 23.6000, 24.4200, 265836
2015-01-23, 24.3500, 26.1700, 24.1301, 25.6100, 218550
2015-01-26, 25.6900, 26.1600, 24.9200, 26.1300, 237720
2015-01-27, 25.9100, 26.4500, 25.5900, 26.0400, 179655
2015-01-28, 26.7800, 28.0000, 26.6400, 26.9900, 445627
2015-01-29, 27.1100, 27.2400, 25.7400, 25.9700, 443641
2015-01-30, 25.7300, 25.9180, 24.5600, 24.5700, 169564
2015-02-02, 24.6500, 25.1100, 24.2000, 24.7100, 161332
2015-02-03, 24.9700, 25.0860, 23.3500, 24.4600, 375165
2015-02-04, 24.6000, 24.9400, 23.9600, 24.1900, 184499
2015-02-05, 24.3400, 24.7400, 23.7100, 24.5500, 257747
2015-02-06, 24.5000, 24.7880, 24.2400, 24.5600, 167710
2015-02-09, 24.4200, 24.7700, 24.0000, 24.2500, 112701
2015-02-10, 24.6000, 24.6700, 24.0000, 24.5700, 212785
2015-02-11, 24.5900, 25.8100, 24.3000, 25.7700, 135533
2015-02-12, 25.7500, 26.7800, 25.7500, 25.9700, 197521
2015-02-13, 26.0400, 26.2500, 24.8400, 26.1400, 116362
2015-02-17, 26.3200, 26.3200, 25.2900, 25.9300, 117294
2015-02-18, 25.9700, 26.2100, 25.4900, 25.8900, 69277
2015-02-19, 25.9400, 26.0475, 25.6300, 25.9900, 76163
2015-02-20, 26.0800, 26.8700, 25.8000, 26.4500, 160471
2015-02-23, 26.5000, 26.6295, 25.4300, 25.7200, 90336
2015-02-24, 25.9000, 26.3500, 25.5300, 25.8100, 108140
2015-02-25, 25.9200, 26.2599, 25.4500, 25.5200, 96042
2015-02-26, 26.0000, 30.4600, 25.6900, 30.0900, 550404
2015-02-27, 30.0900, 30.3000, 29.5100, 30.0000, 197554
2015-03-02, 30.0200, 31.6700, 29.5947, 31.5300, 412862
2015-03-03, 31.7000, 33.4900, 29.7800, 30.9700, 846956
2015-03-04, 31.0400, 31.1600, 29.5000, 30.7800, 361006
2015-03-05, 30.7400, 30.9200, 29.6100, 30.4800, 248078
2015-03-06, 30.1400, 30.3900, 28.5100, 28.9400, 231868
2015-03-09, 28.9000, 29.0130, 27.1400, 28.4300, 190827
2015-03-10, 28.3700, 28.5099, 27.2200, 27.6300, 151590
2015-03-11, 27.6300, 28.8100, 27.4000, 28.6900, 201791
2015-03-12, 28.7600, 28.9700, 28.0000, 28.0400, 124381
2015-03-13, 28.0700, 28.2600, 27.4100, 27.9900, 124190
2015-03-16, 27.7500, 27.7600, 26.5100, 27.1800, 172687
2015-03-17, 27.4000, 28.3500, 26.7900, 28.1700, 180127
2015-03-18, 28.4600, 28.5953, 27.2000, 27.2500, 277979
2015-03-19, 27.3300, 27.3300, 26.4201, 27.0800, 287542
2015-03-20, 27.0000, 28.7000, 26.9700, 27.8900, 1296523
2015-03-23, 28.0800, 28.5999, 27.2310, 27.7900, 317571
2015-03-24, 27.9000, 32.6900, 27.9000, 31.9600, 955518
2015-03-25, 32.2100, 32.2100, 30.0900, 30.3500, 639752
2015-03-26, 30.0900, 35.0000, 30.0900, 34.6300, 6021149
2015-03-27, 34.5300, 35.3300, 33.1800, 33.7200, 807860
2015-03-30, 34.0300, 35.2400, 33.7200, 34.5400, 635192
2015-03-31, 34.6300, 35.9000, 34.2200, 34.5800, 616276
2015-04-01, 34.5300, 34.7450, 33.1600, 33.5300, 404490
2015-04-02, 33.5500, 35.0000, 33.5500, 33.8900, 537339
2015-04-06, 33.8600, 34.6100, 32.2100, 32.8700, 408145
2015-04-07, 32.7700, 33.5200, 32.7200, 33.0400, 270782
2015-04-08, 33.3300, 35.1100, 33.0580, 33.9100, 553935
2015-04-09, 34.0100, 34.7339, 32.8500, 34.3900, 323311
2015-04-10, 34.3700, 35.2600, 33.5100, 34.7300, 314673
2015-04-13, 34.9700, 36.4100, 34.8600, 35.5400, 456862
2015-04-14, 35.8000, 35.8000, 34.3300, 34.3700, 245870
2015-04-15, 34.4600, 34.9970, 34.4000, 34.6200, 155324
2015-04-16, 34.6300, 35.1100, 34.3901, 35.0600, 197916
2015-04-17, 34.8300, 35.3100, 34.0000, 34.3300, 375149
2015-04-20, 34.6400, 34.6400, 33.2600, 33.8800, 284016
2015-04-21, 33.9200, 34.3000, 33.6300, 34.2600, 132066
2015-04-22, 34.2500, 35.0200, 33.7100, 34.5200, 329796
2015-04-23, 35.3700, 37.1300, 35.1050, 36.2500, 702543
2015-04-24, 36.1500, 36.9700, 36.0300, 36.7100, 419679
2015-04-27, 36.9300, 38.1000, 36.1600, 36.3100, 415284
2015-04-28, 36.2800, 37.4600, 35.4621, 36.9600, 358732
2015-04-29, 36.8300, 37.2400, 34.7100, 35.3400, 544085
2015-04-30, 35.2300, 36.2400, 35.2300, 35.8200, 626796
2015-05-01, 36.0000, 36.3850, 35.4450, 36.1600, 511606
2015-05-04, 36.1000, 36.9607, 35.3700, 36.4400, 283534
2015-05-05, 36.1900, 36.6400, 34.7500, 34.9000, 266387
2015-05-06, 35.1300, 35.5700, 33.6400, 34.5300, 262171
2015-05-07, 34.5300, 35.6700, 34.2600, 35.2100, 332857
2015-05-08, 35.5200, 36.4800, 35.5000, 36.0800, 375438
2015-05-11, 35.9500, 36.6399, 35.2900, 36.1100, 409963
2015-05-12, 34.5800, 35.5000, 32.8500, 33.2700, 1548104
2015-05-13, 33.1300, 34.6000, 32.5000, 33.8400, 410571
2015-05-14, 33.9900, 35.6000, 33.1300, 34.7000, 440801
2015-05-15, 34.6500, 35.1200, 34.2600, 35.0600, 429971
2015-05-18, 35.0200, 35.7400, 34.5600, 35.6800, 443781
2015-05-19, 35.7100, 37.5200, 35.7100, 36.8800, 443889
2015-05-20, 37.0300, 37.2399, 36.1400, 37.1300, 247124
2015-05-21, 37.0200, 38.7400, 37.0200, 38.2000, 456370
2015-05-22, 38.2000, 39.2900, 37.9000, 38.9600, 468763
2015-05-26, 38.7500, 39.2700, 38.1100, 39.0700, 507706
2015-05-27, 39.7400, 39.9900, 38.2200, 38.5200, 377426
2015-05-28, 38.4200, 38.4699, 37.0500, 37.8200, 271278
2015-05-29, 37.8900, 39.0000, 37.5300, 38.6500, 486096
2015-06-01, 38.7800, 39.0900, 37.8500, 38.1100, 348545
2015-06-02, 38.0700, 38.8800, 37.8720, 38.4500, 301594
2015-06-03, 38.5000, 39.6100, 38.0200, 39.2400, 266666
2015-06-04, 39.2400, 40.4800, 38.5300, 39.4800, 381639
2015-06-05, 39.6000, 40.3000, 38.9200, 39.2600, 287816
2015-06-08, 39.3100, 40.5300, 39.2800, 39.3400, 324478
2015-06-09, 39.5000, 40.0400, 38.2100, 39.2500, 419765
2015-06-10, 39.5600, 39.6999, 38.7400, 39.0100, 440918
2015-06-11, 39.0500, 39.6300, 38.6000, 39.0700, 377833
2015-06-12, 39.0800, 39.2900, 38.3700, 38.9900, 313891
2015-06-15, 38.8000, 41.4900, 38.3225, 41.0900, 980340
2015-06-16, 41.2500, 41.3900, 39.8567, 40.5000, 898982
2015-06-17, 40.6500, 41.4200, 40.3600, 40.8200, 564982
2015-06-18, 40.9200, 42.2400, 40.8100, 42.0600, 706837
2015-06-19, 42.0000, 46.1299, 41.7100, 44.3900, 2700642
2015-06-22, 45.2800, 47.3300, 45.1400, 47.0400, 1024016
2015-06-23, 47.1100, 47.4700, 45.8400, 45.9600, 589285
2015-06-24, 45.9700, 46.2650, 41.7600, 43.0800, 1781095
2015-06-25, 43.2700, 44.4500, 42.1300, 44.2600, 800409
2015-06-26, 44.2200, 44.9100, 43.8600, 44.4900, 1760111
2015-06-29, 44.5800, 45.2400, 43.9200, 44.0100, 388073
2015-06-30, 44.4100, 44.9800, 44.0060, 44.7500, 481207
2015-07-01, 45.1000, 46.1700, 44.7600, 45.0000, 512033
2015-07-02, 45.0100, 45.3900, 44.1600, 45.1900, 471919
2015-07-06, 44.9800, 45.3300, 44.2200, 45.3300, 368352
2015-07-07, 45.3300, 45.4400, 43.5500, 45.1000, 374795
2015-07-08, 44.8500, 45.1200, 44.1800, 44.5500, 273979
2015-07-09, 45.4500, 47.2400, 45.4500, 46.7900, 567551
2015-07-10, 47.1900, 48.7100, 46.9700, 48.6400, 558203
2015-07-13, 48.9900, 49.9000, 48.4076, 49.8300, 460586
2015-07-14, 50.0000, 51.3600, 49.4900, 51.3100, 673248
2015-07-15, 51.4100, 52.3324, 50.5100, 50.5900, 586785
2015-07-16, 47.9400, 50.1500, 47.7600, 49.4400, 1593071
2015-07-17, 49.2200, 50.6200, 48.8900, 50.3900, 802038
2015-07-20, 50.5900, 50.8999, 48.4900, 48.5500, 490527
2015-07-21, 48.6200, 49.2400, 48.1500, 48.7200, 600249
2015-07-22, 48.5200, 51.1900, 48.5000, 51.0600, 371148
2015-07-23, 51.4100, 51.4100, 48.9800, 49.3300, 376424
2015-07-24, 49.4900, 49.7100, 47.0300, 47.3900, 554208
2015-07-27, 47.1700, 47.1700, 45.1300, 45.6500, 563447
2015-07-28, 45.6200, 46.2800, 44.8200, 46.0000, 704562
2015-07-29, 45.9800, 45.9800, 44.5000, 44.9800, 561566
2015-07-30, 44.7500, 45.8900, 44.1400, 45.6200, 746088
2015-07-31, 45.7000, 47.1000, 45.2500, 46.1800, 623598
2015-08-03, 46.1900, 47.8500, 46.1200, 47.5000, 747980
2015-08-04, 49.7300, 51.9900, 45.8150, 49.7300, 1705066
2015-08-05, 49.9000, 49.9000, 47.5400, 47.7500, 694874
2015-08-06, 47.5700, 48.7500, 46.5640, 47.3300, 577571
2015-08-07, 46.8900, 48.3200, 46.8500, 47.5400, 384891
2015-08-10, 48.0200, 48.7500, 46.8900, 47.1200, 455697
2015-08-11, 46.8800, 47.5500, 46.1300, 47.2000, 352219
2015-08-12, 46.9700, 46.9700, 43.0500, 43.9000, 793179
2015-08-13, 44.0700, 44.9409, 43.7000, 43.8200, 312112
2015-08-14, 43.8800, 44.7100, 43.0500, 44.6100, 361163
2015-08-17, 44.5300, 45.3100, 43.7700, 45.2300, 458215
2015-08-18, 45.2000, 46.5000, 45.0400, 45.5000, 550239
2015-08-19, 45.2500, 45.6700, 44.3801, 45.4300, 530140
2015-08-20, 44.9200, 44.9200, 41.3000, 41.3600, 939997
2015-08-21, 40.5600, 41.4600, 38.7000, 40.3000, 1005616
2015-08-24, 38.8800, 39.6800, 37.2800, 37.8100, 948395
2015-08-25, 39.0500, 41.2000, 38.7800, 38.9000, 909833
2015-08-26, 39.8900, 39.9900, 37.2000, 38.3200, 980748
2015-08-27, 38.8800, 40.8700, 38.7400, 40.5600, 495713
2015-08-28, 40.4000, 41.1113, 39.7100, 40.0200, 308440
2015-08-31, 40.0500, 40.5700, 39.0800, 39.4900, 327593
2015-09-01, 38.5700, 39.0100, 37.1400, 38.1000, 500076
2015-09-02, 38.4000, 39.1300, 37.7300, 39.1300, 444247
2015-09-03, 39.1000, 39.4000, 37.4600, 37.5200, 475338
2015-09-04, 37.1000, 37.3000, 35.8100, 36.6600, 542883
2015-09-08, 37.2800, 38.9500, 37.2400, 38.7000, 524308
2015-09-09, 39.4000, 39.4500, 38.5950, 38.8500, 478226
2015-09-10, 38.7000, 39.7300, 38.2500, 39.1000, 544607
2015-09-11, 38.9100, 39.6699, 38.5000, 39.4200, 292000
2015-09-14, 39.7500, 40.1200, 39.1500, 39.7700, 255456
2015-09-15, 39.9400, 40.7500, 39.7000, 40.6100, 276946
2015-09-16, 40.5800, 41.2700, 40.0300, 40.9700, 236793
2015-09-17, 40.8500, 42.5900, 40.3400, 41.9400, 337903
2015-09-18, 41.3600, 42.0300, 40.2000, 40.4300, 584076
2015-09-21, 40.6800, 41.5900, 37.8950, 38.6400, 646812
2015-09-22, 38.0500, 38.0500, 32.9300, 35.1400, 3271201
2015-09-23, 35.3900, 37.8500, 35.3201, 36.4000, 892277
2015-09-24, 36.0100, 36.3060, 33.5500, 33.7900, 684026
2015-09-25, 34.2500, 34.2500, 32.4800, 32.5600, 449597
2015-09-28, 32.3600, 32.5600, 27.4000, 27.9800, 1602873
2015-09-29, 28.2700, 28.2700, 26.5300, 27.0600, 1013350
2015-09-30, 27.8100, 29.0200, 27.7300, 28.7300, 1129888
2015-10-01, 28.7900, 29.5500, 27.1500, 29.5000, 1030054
2015-10-02, 27.5200, 28.1450, 25.6100, 27.8000, 1877073
2015-10-05, 28.0400, 28.8600, 27.6700, 27.7200, 867574
2015-10-06, 27.8500, 27.9999, 25.2200, 25.3600, 1094678
2015-10-07, 25.3900, 25.8700, 23.6600, 25.4700, 2289055
2015-10-08, 25.3600, 25.7200, 23.9100, 24.7200, 1004015
2015-10-09, 24.7500, 26.8500, 24.3760, 26.6500, 1193632
2015-10-12, 26.8000, 26.9500, 25.7500, 26.1200, 414684
2015-10-13, 25.7800, 26.4700, 25.3500, 25.5100, 477455
2015-10-14, 26.6500, 27.0000, 25.4500, 26.2900, 955261
2015-10-15, 26.3000, 27.7700, 26.0100, 27.7400, 1064157
2015-10-16, 27.8200, 28.9400, 27.7200, 28.3600, 1193215
2015-10-19, 28.4900, 29.9800, 28.0300, 29.6500, 936878
2015-10-20, 29.6600, 29.8948, 26.7800, 27.7500, 1838209
2015-10-21, 28.2200, 28.9600, 25.5000, 26.4900, 1612527
2015-10-22, 26.4100, 26.8300, 22.4100, 24.3900, 1871880
2015-10-23, 25.2100, 25.9100, 24.6000, 25.5500, 819782
2015-10-26, 25.4800, 25.5400, 24.3700, 25.0300, 847848
2015-10-27, 25.0500, 26.4900, 24.7300, 26.0400, 868683
2015-10-28, 26.0600, 27.9200, 25.3800, 27.9000, 735445
2015-10-29, 27.6400, 28.2300, 27.3601, 28.0000, 717488
2015-10-30, 28.0400, 28.2500, 27.3100, 28.1100, 1100803
2015-11-02, 28.0300, 29.0250, 27.7500, 28.7200, 1105014
2015-11-03, 28.7700, 30.2500, 28.5000, 29.2600, 1217970
2015-11-04, 32.2900, 36.0000, 31.4700, 33.8700, 3994629
2015-11-05, 33.8800, 34.4800, 32.2801, 33.0100, 925771
2015-11-06, 32.8700, 35.2575, 32.8700, 34.9800, 791442
2015-11-09, 34.5000, 36.0400, 34.1001, 35.1800, 737364
2015-11-10, 35.1200, 35.7800, 34.9284, 35.3800, 403637
2015-11-11, 35.4000, 35.4000, 33.1300, 33.2600, 876861
2015-11-12, 33.1000, 33.4150, 31.9000, 31.9900, 654238
2015-11-13, 31.9700, 32.2350, 30.6700, 32.1200, 809360
2015-11-16, 32.0600, 32.7200, 31.0500, 32.6700, 532445
2015-11-17, 32.8500, 34.7500, 32.2100, 34.1100, 876164
2015-11-18, 33.9300, 34.3300, 33.4500, 34.1200, 573796
2015-11-19, 34.1200, 34.9400, 33.2820, 34.2800, 1004138
2015-11-20, 34.4500, 35.8800, 33.9200, 35.2400, 810990
2015-11-23, 35.1500, 36.5000, 35.0300, 35.2300, 414835
2015-11-24, 35.2900, 35.5099, 34.5700, 35.0000, 375047
2015-11-25, 35.1500, 36.0100, 34.9400, 35.4500, 343446
2015-11-27, 35.4000, 35.8200, 34.8100, 35.6600, 148706
2015-11-30, 35.8000, 35.8000, 34.6200, 35.1300, 362772
2015-12-01, 35.3100, 36.0200, 34.2700, 35.8400, 366187
2015-12-02, 35.9700, 36.5400, 35.2200, 35.5600, 591748
2015-12-03, 35.5600, 36.0850, 34.2400, 34.8600, 849268
2015-12-04, 34.9900, 36.6895, 34.6100, 36.1900, 367604
2015-12-07, 36.1900, 36.8350, 35.1150, 35.3500, 410196
2015-12-08, 33.8100, 34.4300, 33.3900, 33.7100, 1064709
2015-12-09, 33.6500, 33.9900, 32.1900, 32.6200, 779832
2015-12-10, 32.7000, 32.9100, 32.0100, 32.3300, 636832
2015-12-11, 31.8100, 32.2800, 31.0400, 31.4700, 820672
2015-12-14, 31.4200, 32.0300, 30.1000, 30.9800, 1303618
2015-12-15, 31.3300, 31.9100, 30.4200, 30.6600, 1535850
2015-12-16, 30.9900, 31.6800, 30.6000, 31.4900, 882866
2015-12-17, 31.5000, 32.5599, 31.2500, 31.3100, 620235
2015-12-18, 31.3500, 32.5100, 30.8600, 30.9200, 913848
2015-12-21, 30.9700, 31.8200, 30.9000, 31.7700, 438995
2015-12-22, 32.0000, 32.5000, 31.6600, 32.3900, 428285
2015-12-23, 32.7500, 34.1400, 32.5500, 33.7900, 584237
2015-12-24, 33.7200, 34.1300, 33.3600, 33.6300, 190416
2015-12-28, 33.4300, 34.0000, 33.2300, 33.8600, 395637
2015-12-29, 34.0000, 34.8900, 34.0000, 34.5100, 435975
2015-12-30, 34.5600, 34.9200, 34.0000, 34.4600, 374662
2015-12-31, 34.1200, 34.8800, 34.0200, 34.2200, 402637
2016-01-04, 33.3500, 34.1100, 32.8600, 34.0700, 782805
2016-01-05, 34.2100, 35.1700, 34.0700, 35.0000, 583339
2016-01-06, 35.2600, 35.7500, 34.5800, 35.0000, 877917
2016-01-07, 34.3000, 34.4000, 32.6000, 33.0900, 726543
2016-01-08, 33.3300, 33.5700, 32.1900, 32.2900, 534672
2016-01-11, 32.6100, 32.9300, 30.9200, 31.8200, 807018
2016-01-12, 32.2100, 33.1000, 31.2500, 32.1400, 686271
2016-01-13, 32.2000, 32.2000, 29.3200, 29.7100, 1472543
2016-01-14, 29.8000, 30.6200, 28.7100, 30.4400, 865330
2016-01-15, 29.5200, 30.8600, 29.1350, 30.7500, 993716
2016-01-19, 31.2400, 31.7170, 29.6600, 30.3700, 1120168
2016-01-20, 29.6600, 32.0300, 28.6700, 31.2100, 1038540
2016-01-21, 31.2000, 32.1000, 30.4400, 30.7600, 506182
2016-01-22, 31.3700, 32.5000, 30.8600, 31.8500, 489849
2016-01-25, 31.6500, 31.9400, 31.4000, 31.6100, 488146
2016-01-26, 31.8100, 31.8100, 31.0100, 31.7700, 723372
2016-01-27, 31.6700, 31.8700, 28.7600, 29.9500, 1106447
2016-01-28, 30.2500, 30.2500, 27.5900, 27.9100, 960788
2016-01-29, 27.6800, 27.8000, 26.2800, 27.2100, 1732098
2016-02-01, 26.9000, 27.0700, 25.4900, 26.9500, 1039128
2016-02-02, 26.6700, 28.2000, 26.6700, 27.5000, 1126010
2016-02-03, 27.7100, 28.5400, 25.7700, 28.1500, 899739
2016-02-04, 27.8500, 29.2300, 27.5400, 29.0300, 565458
2016-02-05, 28.7600, 29.3500, 26.1700, 26.4600, 643155
2016-02-08, 26.1000, 27.4800, 24.6600, 27.0600, 818303
2016-02-09, 26.7100, 29.5400, 26.5601, 28.4200, 833768
2016-02-10, 28.5000, 29.6500, 28.0900, 28.6800, 551470
2016-02-11, 27.8700, 29.8400, 27.0500, 29.4400, 685958
2016-02-12, 29.6000, 30.9900, 29.0300, 29.7300, 555291
2016-02-16, 30.0200, 31.4500, 29.8000, 30.9300, 702886
2016-02-17, 30.8500, 32.4900, 30.8500, 32.1800, 570017
2016-02-18, 32.1000, 32.8500, 31.5700, 31.9000, 582233
2016-02-19, 31.8300, 34.0000, 31.5900, 33.0400, 499721
2016-02-22, 33.2900, 33.9800, 32.9550, 33.4500, 798597
2016-02-23, 33.3800, 33.9400, 32.7600, 33.2700, 637262
2016-02-24, 32.7300, 34.5900, 32.5000, 34.3200, 461673
2016-02-25, 34.5800, 34.9000, 33.2600, 34.1100, 481938
2016-02-26, 34.0600, 35.6700, 33.7900, 35.1000, 842273
2016-02-29, 34.8700, 36.7650, 34.8700, 35.6200, 1739822
2016-03-01, 25.1400, 28.9700, 24.8000, 26.9500, 8582529
2016-03-02, 27.3400, 27.8000, 26.3000, 27.5600, 1813085
2016-03-03, 27.5000, 27.9700, 27.2800, 27.4800, 1207227
2016-03-04, 27.4700, 28.1100, 26.8500, 27.0400, 1029845
2016-03-07, 27.5000, 27.7550, 26.7700, 27.1600, 915719
2016-03-08, 27.1600, 27.7500, 26.7000, 26.8200, 480344
2016-03-09, 26.9500, 27.0420, 25.2600, 25.3000, 869855
2016-03-10, 25.5400, 25.9300, 24.7400, 25.2100, 675776
2016-03-11, 25.3300, 26.2500, 25.2601, 26.1000, 531829
2016-03-14, 26.1000, 26.9750, 25.9000, 26.7100, 568071
2016-03-15, 26.7100, 27.0600, 25.8800, 25.9300, 550037
2016-03-16, 25.6000, 26.6283, 25.5200, 26.2000, 514220
2016-03-17, 26.0400, 26.1700, 25.5000, 25.6600, 443841
2016-03-18, 25.8800, 26.2000, 25.5100, 25.8300, 761535
2016-03-21, 25.7900, 26.0900, 25.7600, 25.9200, 379967
2016-03-22, 25.8900, 26.5600, 25.7600, 26.2200, 393772
2016-03-23, 27.4800, 27.9200, 26.2700, 26.6100, 1518996
2016-03-24, 26.5200, 26.9900, 26.3750, 26.5600, 689778
2016-03-28, 26.7800, 27.0200, 26.5100, 26.6000, 847296
2016-03-29, 26.6000, 27.3100, 25.9600, 27.2700, 4723635
2016-03-30, 27.2900, 27.8500, 27.0700, 27.4300, 875750
2016-03-31, 27.3700, 27.7784, 27.2822, 27.4000, 509871
2016-04-01, 27.1100, 29.3200, 27.1100, 29.2600, 1036868
2016-04-04, 29.2200, 29.9300, 29.1500, 29.2100, 707203
2016-04-05, 29.0500, 29.3400, 28.0700, 28.1400, 369222
2016-04-06, 28.1500, 29.0300, 28.0895, 28.9000, 554085
2016-04-07, 28.6900, 29.3550, 28.3500, 28.5500, 407993
2016-04-08, 28.6400, 28.8007, 27.9700, 28.1400, 421770
2016-04-11, 28.2000, 28.7300, 28.0900, 28.5600, 289246
2016-04-12, 28.5300, 28.5471, 27.5400, 28.2400, 563168
2016-04-13, 28.5000, 29.5500, 28.3400, 29.5000, 407256
2016-04-14, 29.4400, 29.8200, 29.2000, 29.8000, 234807
2016-04-15, 29.6800, 30.1600, 29.2200, 30.1200, 538122
2016-04-18, 30.0600, 31.0300, 29.8200, 30.6200, 341551
2016-04-19, 31.3100, 31.5000, 30.3100, 30.6600, 526200
2016-04-20, 30.6600, 30.9200, 30.4000, 30.6900, 464294
2016-04-21, 30.8400, 30.9400, 30.0900, 30.2300, 383791
2016-04-22, 30.1300, 31.0400, 29.8701, 30.9300, 642180
2016-04-25, 30.9500, 31.4800, 30.5900, 31.2100, 464602
2016-04-26, 31.2200, 31.4100, 30.9700, 31.2900, 355802
2016-04-27, 31.1800, 32.9200, 30.9900, 32.8600, 606203
2016-04-28, 32.7900, 33.4000, 31.3200, 31.4200, 911144
2016-04-29, 31.6800, 31.6800, 29.7970, 30.2900, 947209
2016-05-02, 30.3800, 30.4300, 29.8000, 30.4000, 869078
2016-05-03, 30.1300, 30.9750, 29.6700, 29.9300, 609084
2016-05-04, 29.5900, 30.6600, 29.3200, 29.6100, 499687
2016-05-05, 29.6600, 30.0200, 29.1300, 29.1700, 456840
2016-05-06, 29.1900, 29.4400, 28.2000, 28.6300, 712701
2016-05-09, 28.5800, 29.5650, 28.4000, 29.3400, 992028
2016-05-10, 31.1600, 31.5800, 29.0000, 31.4200, 1516947
2016-05-11, 31.4300, 31.7200, 30.5200, 30.8000, 828895
2016-05-12, 30.9000, 30.9000, 29.4600, 29.5500, 523441
2016-05-13, 29.5100, 30.0400, 29.1301, 29.8900, 348519
2016-05-16, 29.9400, 30.5900, 29.4900, 30.2000, 345284
2016-05-17, 30.1100, 30.2600, 28.8500, 29.1400, 419407
2016-05-18, 29.1900, 30.0200, 29.0900, 29.7400, 271871
2016-05-19, 29.4800, 30.2000, 28.8900, 29.5700, 397622
2016-05-20, 29.7600, 30.3800, 29.4300, 30.2200, 252449
2016-05-23, 30.2300, 30.8900, 30.0290, 30.6500, 280377
2016-05-24, 30.7200, 31.9000, 30.6100, 31.4600, 388058
2016-05-25, 31.5200, 31.9400, 31.2400, 31.5600, 243611
2016-05-26, 31.5800, 31.7800, 31.2600, 31.4000, 133371
2016-05-27, 31.4800, 31.8400, 31.1800, 31.6200, 287235
2016-05-31, 31.7400, 32.6900, 31.6200, 32.5800, 507205
2016-06-01, 32.5000, 33.1300, 31.8000, 32.9700, 343273
2016-06-02, 32.8700, 33.8700, 32.3800, 33.8700, 442082
2016-06-03, 33.9200, 33.9900, 32.7200, 33.4200, 336114
2016-06-06, 33.3300, 33.9900, 33.0500, 33.9100, 244333
2016-06-07, 33.8900, 34.7400, 33.7500, 34.6100, 267553
2016-06-08, 34.5700, 35.0000, 34.3500, 34.9500, 217124
2016-06-09, 34.9900, 35.4500, 34.1700, 34.1800, 266705
2016-06-10, 33.9800, 34.4400, 33.1500, 33.5100, 259077
2016-06-13, 33.2800, 34.0000, 33.2800, 33.4200, 275113
2016-06-14, 33.4000, 34.0900, 33.2500, 33.8600, 235515
2016-06-15, 33.9700, 34.4450, 33.8600, 34.0900, 303632
2016-06-16, 33.8800, 33.9700, 33.2100, 33.8800, 205976
2016-06-17, 33.9700, 33.9700, 32.9710, 33.2600, 465045
2016-06-20, 33.6600, 34.5700, 33.6600, 34.2900, 279475
2016-06-21, 34.2900, 34.4100, 33.5800, 34.2000, 189856
2016-06-22, 34.3300, 35.6200, 34.0700, 34.1600, 345071
2016-06-23, 33.8600, 34.4400, 33.5250, 34.2800, 435752
2016-06-24, 33.2000, 34.0198, 32.9000, 33.5100, 1221896
2016-06-27, 33.4600, 33.4600, 31.5300, 32.0600, 482817
2016-06-28, 32.6000, 34.7150, 32.6000, 33.9900, 432855
2016-06-29, 34.3500, 35.1800, 34.0200, 34.9200, 286851
2016-06-30, 35.0900, 35.2000, 34.4750, 35.0000, 420840
2016-07-01, 35.1200, 35.1600, 34.8500, 35.0400, 298894
2016-07-05, 35.0300, 35.1300, 34.7300, 34.8600, 164479
2016-07-06, 34.7800, 35.5000, 34.7800, 35.4900, 358898
2016-07-07, 35.5000, 35.9900, 35.0900, 35.8500, 333806
2016-07-08, 36.0000, 36.7900, 35.9400, 36.6800, 249543
2016-07-11, 36.9000, 38.3400, 36.8100, 37.7000, 424476
2016-07-12, 37.2300, 38.1100, 36.8400, 36.8900, 367653
2016-07-13, 37.1900, 37.2100, 36.2300, 36.4500, 321966
2016-07-14, 36.6800, 36.9650, 36.4050, 36.9200, 525033
2016-07-15, 36.8600, 36.9490, 36.4600, 36.5200, 249202
2016-07-18, 36.5800, 36.6444, 36.2200, 36.5800, 279506
2016-07-19, 36.6300, 36.7400, 35.9400, 36.1400, 281206
2016-07-20, 36.3400, 36.8900, 36.1900, 36.6000, 244595
2016-07-21, 36.6200, 36.8400, 36.3000, 36.4900, 215830
2016-07-22, 36.5900, 36.8600, 36.0950, 36.7800, 202105
2016-07-25, 36.7900, 36.9000, 35.9101, 36.2100, 287725
2016-07-26, 36.2300, 36.8000, 36.1250, 36.7500, 422909
2016-07-27, 36.8000, 36.8400, 35.6200, 35.9200, 548082
2016-07-28, 35.8000, 36.4500, 35.4900, 36.1000, 318022
2016-07-29, 35.9100, 36.4500, 35.4200, 35.9300, 367347
2016-08-01, 36.0700, 36.3200, 35.0800, 35.7200, 608439
2016-08-02, 35.6000, 36.1300, 35.4150, 35.9800, 419693
2016-08-03, 36.0300, 37.3500, 35.7600, 37.0200, 464116
2016-08-04, 37.2000, 37.2000, 36.6300, 36.9200, 338793
2016-08-05, 37.1200, 38.9400, 37.1200, 37.7600, 424226
2016-08-08, 37.7700, 37.8300, 36.7300, 36.8700, 316863
2016-08-09, 36.8800, 37.4900, 36.6450, 36.7900, 626585
2016-08-10, 34.5000, 34.7500, 33.0800, 33.2900, 1393143
2016-08-11, 33.2800, 33.8350, 33.0200, 33.5300, 307448
2016-08-12, 33.7000, 33.7000, 32.4400, 32.6600, 436583
2016-08-15, 32.8000, 34.0300, 32.5400, 34.0100, 530522
2016-08-16, 33.7300, 34.2900, 33.6100, 33.8000, 438318
2016-08-17, 33.7500, 33.8700, 32.8600, 33.5400, 378513
2016-08-18, 33.6500, 34.1600, 33.4400, 34.0100, 603685
2016-08-19, 33.7200, 34.8000, 33.6700, 34.5100, 548132
2016-08-22, 34.5500, 34.5500, 33.5200, 33.5900, 289059
2016-08-23, 33.6500, 33.9900, 32.9800, 33.5200, 513337
2016-08-24, 33.4100, 34.2500, 33.1700, 33.3200, 497245
2016-08-25, 33.2000, 33.3000, 32.0700, 32.1500, 412627
2016-08-26, 32.0600, 32.2299, 31.4500, 32.1200, 517531
2016-08-29, 32.2800, 32.3100, 31.9600, 32.0300, 409362
2016-08-30, 31.9100, 32.2400, 31.5000, 31.5800, 391833
2016-08-31, 31.5500, 31.5500, 30.5900, 31.2900, 361785
2016-09-01, 31.2800, 31.6050, 31.0200, 31.3800, 355723
2016-09-02, 31.5900, 32.1700, 31.0800, 32.1600, 461150
2016-09-06, 32.4500, 32.5600, 31.6100, 32.5400, 572215
2016-09-07, 32.5300, 32.8700, 32.2600, 32.7400, 442680
2016-09-08, 32.6200, 33.0000, 31.9400, 32.7600, 613586
2016-09-09, 32.5000, 32.7400, 31.7200, 31.7500, 466659
2016-09-12, 31.5100, 32.0500, 31.2500, 31.9700, 352155
2016-09-13, 31.5700, 32.0300, 31.4150, 31.8500, 316397
2016-09-14, 32.0500, 32.3800, 30.5400, 30.7600, 913032
2016-09-15, 30.8200, 30.9100, 29.8060, 30.6100, 941790
2016-09-16, 30.6800, 31.3400, 30.3600, 31.0300, 1999159
2016-09-19, 31.0300, 31.3300, 29.1000, 29.2300, 1407975
2016-09-20, 29.4300, 29.4300, 27.8500, 28.3400, 1223800
2016-09-21, 28.2900, 29.0500, 27.6100, 29.0500, 1342711
2016-09-22, 29.0900, 29.6500, 29.0450, 29.5300, 540213
2016-09-23, 29.4400, 29.6498, 29.0300, 29.2100, 454883
2016-09-26, 29.0500, 29.4290, 28.9600, 29.1100, 435870
2016-09-27, 29.1100, 29.3500, 28.4200, 28.4600, 443035
2016-09-28, 28.6300, 28.6300, 27.2900, 28.1800, 878025
2016-09-29, 28.1000, 28.1950, 26.9200, 27.0000, 741140
2016-09-30, 27.0000, 28.3300, 26.9110, 28.0100, 882481
2016-10-03, 27.9900, 28.3200, 27.7600, 28.1200, 596442
2016-10-04, 28.1200, 28.2700, 27.9200, 28.0300, 471539
2016-10-05, 28.0900, 28.5900, 27.9100, 28.2600, 374364
2016-10-06, 28.2000, 28.2700, 27.5800, 28.0500, 440806
2016-10-07, 28.0400, 28.4100, 27.8000, 28.3600, 604990
2016-10-10, 28.2800, 28.4800, 27.7500, 27.9400, 1121498
2016-10-11, 27.7900, 27.8700, 26.7200, 27.3200, 760519
2016-10-12, 27.3100, 28.3700, 27.1800, 28.3100, 633983
2016-10-13, 28.0500, 28.2000, 27.7700, 27.9700, 621575
2016-10-14, 28.1900, 28.3400, 27.5200, 27.6800, 514005
2016-10-17, 27.6300, 27.9200, 27.5700, 27.7900, 384499
2016-10-18, 28.2000, 28.5400, 28.0781, 28.4000, 284181
2016-10-19, 28.1700, 28.4800, 27.7100, 28.0600, 482127
2016-10-20, 28.0300, 29.1594, 28.0300, 29.0600, 442181
2016-10-21, 28.7500, 28.9700, 28.3400, 28.8600, 471732
2016-10-24, 28.9000, 29.3600, 28.6300, 28.9500, 664660
2016-10-25, 29.0100, 29.1700, 28.7400, 28.8800, 346272
2016-10-26, 26.4200, 26.4400, 24.0101, 25.3100, 4277101
2016-10-27, 24.7500, 25.0900, 24.3000, 24.5100, 1605457
2016-10-28, 24.1700, 24.3400, 22.2500, 22.7700, 2531718
2016-10-31, 22.9500, 23.5656, 22.7500, 23.1700, 1536992
2016-11-01, 23.2400, 23.2600, 22.0700, 22.5800, 1651591
2016-11-02, 22.6100, 22.7400, 22.0600, 22.3800, 2369027
2016-11-03, 13.8800, 16.0600, 12.7100, 12.9500, 16989575
2016-11-04, 12.9600, 13.2600, 12.4700, 12.5000, 3278768
2016-11-07, 12.9800, 13.3600, 12.8200, 13.2900, 2727063
2016-11-08, 13.0000, 13.8200, 12.9000, 13.7300, 1342488
2016-11-09, 14.9300, 15.0000, 13.4700, 13.9100, 2029634
2016-11-10, 14.1600, 15.1300, 14.0900, 14.8600, 2311346
2016-11-11, 14.8900, 15.0000, 14.2700, 14.6300, 1133331
2016-11-14, 14.8000, 15.4400, 14.7200, 14.9000, 1856815
2016-11-15, 14.9400, 15.2200, 14.7700, 15.2000, 708016
2016-11-16, 15.2000, 15.6300, 15.0400, 15.2000, 642189
2016-11-17, 15.2400, 15.3800, 14.8000, 15.1000, 841720
2016-11-18, 15.1000, 15.1900, 14.5400, 14.6800, 642200
2016-11-21, 14.7300, 14.7822, 14.3100, 14.7300, 524104
2016-11-22, 14.7500, 14.9800, 14.4100, 14.4600, 663121
2016-11-23, 13.7200, 14.5800, 13.7100, 14.4900, 824310
2016-11-25, 14.5400, 15.1900, 14.4100, 15.0300, 330948
2016-11-28, 14.9500, 15.3600, 14.8500, 15.0900, 712180
2016-11-29, 15.1700, 15.3900, 14.5800, 14.5900, 883522
2016-11-30, 14.5200, 14.6200, 14.0400, 14.1600, 768219
2016-12-01, 14.1300, 14.3800, 14.0200, 14.1600, 710999
2016-12-02, 14.2300, 15.0300, 14.2300, 14.2900, 920378
2016-12-05, 14.3900, 14.8385, 14.3200, 14.4000, 857204
2016-12-06, 14.4800, 14.5700, 14.0200, 14.0500, 1000570
2016-12-07, 13.9000, 14.0000, 13.3400, 13.4100, 1039070
2016-12-08, 13.4000, 13.5400, 13.1600, 13.3500, 1126222
2016-12-09, 13.4300, 13.6087, 13.1000, 13.1300, 1305106
2016-12-12, 13.0300, 13.2900, 12.8700, 13.0100, 930155
2016-12-13, 13.2800, 13.4800, 13.0500, 13.0700, 1346329
2016-12-14, 13.0800, 13.1400, 12.6400, 12.6800, 1179191
2016-12-15, 12.6800, 13.1400, 12.6800, 13.0600, 1169815
2016-12-16, 13.1200, 13.5000, 13.0600, 13.2500, 2747580
2016-12-19, 13.3400, 13.5200, 13.1700, 13.3500, 830309
2016-12-20, 13.3400, 13.4715, 13.2450, 13.2700, 503683
2016-12-21, 13.2400, 13.4000, 12.9100, 13.0200, 596247
2016-12-22, 12.9600, 13.4400, 12.9000, 13.0100, 613615
2016-12-23, 12.9700, 13.0700, 12.8200, 13.0000, 848288
2016-12-27, 12.9800, 13.3000, 12.9050, 13.0600, 1043544
2016-12-28, 13.0600, 13.3000, 12.8300, 13.0900, 733621
2016-12-29, 13.0300, 13.1800, 12.8400, 12.8600, 501766
2016-12-30, 12.8500, 12.9300, 12.5101, 12.6000, 584979
2017-01-03, 12.7100, 12.8700, 12.6000, 12.7000, 2255381
2017-01-04, 12.7900, 13.7100, 12.6800, 13.6700, 2583217
2017-01-05, 13.6300, 13.6486, 13.1200, 13.1700, 487468
2017-01-06, 13.1700, 13.3100, 12.8714, 13.2300, 782491
2017-01-09, 12.9300, 13.4000, 12.2500, 12.5000, 1653638
2017-01-10, 12.4700, 13.0400, 12.2900, 12.9600, 792271
2017-01-11, 13.0300, 13.8100, 12.7600, 13.0900, 1122251
2017-01-12, 13.0100, 13.6700, 12.9500, 13.5900, 604157
2017-01-13, 13.6700, 14.3400, 13.5100, 14.0600, 916873
2017-01-17, 13.9400, 14.0800, 13.5800, 13.7500, 1156398
2017-01-18, 13.7700, 13.9550, 13.5600, 13.9200, 1111021
2017-01-19, 13.9300, 13.9400, 12.8400, 13.1000, 888046
2017-01-20, 13.0700, 13.6300, 12.8400, 13.5100, 1493635
2017-01-23, 13.4500, 13.4600, 12.9100, 13.1100, 1293282
2017-01-24, 13.1800, 13.3900, 12.7550, 13.1500, 945979
2017-01-25, 13.2400, 13.8000, 13.1200, 13.6800, 821472
2017-01-26, 13.4300, 13.7600, 13.3000, 13.4900, 859675
2017-01-27, 13.4700, 13.4700, 13.0700, 13.2000, 699161
2017-01-30, 13.1700, 13.4000, 12.9800, 13.2800, 565845
2017-01-31, 13.2000, 13.8400, 12.7800, 13.7400, 958215
2017-02-01, 13.8000, 14.8500, 13.6000, 14.1900, 983743
2017-02-02, 14.1600, 16.1600, 13.9700, 15.5300, 3053114
2017-02-03, 15.6800, 15.7500, 14.9680, 15.2600, 2225114
2017-02-06, 15.1800, 15.2300, 14.6300, 14.8400, 1196638
2017-02-07, 14.8400, 15.0800, 14.5900, 15.0100, 1183012
2017-02-08, 14.8000, 14.9200, 14.3500, 14.8600, 1866698
2017-02-09, 14.8600, 14.8600, 14.5700, 14.6100, 2891330
2017-02-10, 15.0100, 15.0300, 14.4900, 14.6000, 1323728
2017-02-13, 14.6100, 14.7800, 14.4100, 14.6100, 615679
2017-02-14, 14.5500, 14.7100, 14.4000, 14.6500, 994367
2017-02-15, 14.6200, 14.8900, 14.4200, 14.6800, 993892
2017-02-16, 14.6300, 14.7800, 14.2200, 14.5000, 622860
2017-02-17, 14.5000, 14.6400, 14.2900, 14.5500, 599691
2017-02-21, 14.5100, 14.8200, 14.4800, 14.5500, 563817
2017-02-22, 14.5500, 14.7150, 14.3000, 14.5300, 623552
2017-02-23, 14.5100, 15.0500, 14.4300, 14.7600, 861086
2017-02-24, 14.6700, 14.6700, 13.9900, 14.3100, 2192643
2017-02-27, 14.3700, 14.6100, 14.0800, 14.4100, 1153994
2017-02-28, 14.4200, 14.6500, 13.3850, 13.5500, 3160153
2017-03-01, 14.3000, 15.8300, 14.0200, 14.9200, 3860431
2017-03-02, 14.4200, 14.9000, 14.1650, 14.6400, 2451465
2017-03-03, 14.6500, 15.2500, 14.4550, 15.0900, 1565760
2017-03-06, 15.0900, 15.2100, 14.6200, 14.9400, 1240592
2017-03-07, 14.8400, 14.9600, 14.4100, 14.5700, 1258023
2017-03-08, 14.6400, 14.9400, 14.4000, 14.8800, 734258
2017-03-09, 14.9100, 14.9100, 14.5700, 14.8600, 694848
2017-03-10, 15.0000, 15.0900, 14.7700, 15.0100, 647008
2017-03-13, 15.0100, 15.1500, 14.6800, 15.1100, 523345
2017-03-14, 14.9100, 15.0600, 14.6600, 14.9900, 553771
2017-03-15, 15.0100, 15.5300, 14.7900, 15.5100, 1017952
2017-03-16, 15.4600, 15.7700, 15.2600, 15.6700, 1159418
2017-03-17, 15.7400, 15.8400, 15.3000, 15.7600, 1499150
2017-03-20, 15.7600, 15.8400, 15.4100, 15.5500, 942276
2017-03-21, 15.6200, 15.6200, 14.9300, 15.0900, 802393
2017-03-22, 15.1000, 15.1100, 14.4350, 15.0500, 1243794
2017-03-23, 15.0000, 15.0500, 14.5500, 14.6600, 710529
2017-03-24, 14.6600, 14.8500, 14.4700, 14.7900, 625672
2017-03-27, 14.6100, 15.3000, 14.6000, 15.2700, 404408
2017-03-28, 15.2400, 15.3800, 15.1000, 15.3700, 297899
2017-03-29, 15.3700, 15.8400, 15.3600, 15.7100, 605105
2017-03-30, 15.7700, 16.0000, 15.5400, 15.9200, 698739
2017-03-31, 15.9000, 16.1300, 15.6500, 15.9500, 1383931
2017-04-03, 15.9800, 15.9800, 15.1400, 15.2000, 968667
2017-04-04, 15.1600, 15.3300, 14.6200, 14.6500, 615406
2017-04-05, 14.6500, 15.0300, 14.2300, 14.2700, 686837
2017-04-06, 14.3400, 14.4500, 14.1900, 14.3800, 621753
2017-04-07, 14.2700, 14.3600, 14.0200, 14.0600, 956277
2017-04-10, 14.0900, 14.4800, 14.0000, 14.3600, 834171
2017-04-11, 14.3400, 14.9450, 14.3000, 14.9400, 647938
2017-04-12, 14.9000, 15.0800, 14.6200, 14.7500, 608880
2017-04-13, 14.7000, 14.8800, 14.3800, 14.7200, 506825
2017-04-17, 14.7300, 14.9600, 14.6300, 14.9300, 381301
2017-04-18, 14.7700, 14.9500, 14.4400, 14.7600, 465616
2017-04-19, 14.8500, 15.0700, 14.6200, 14.6300, 625029
2017-04-20, 14.7600, 15.3900, 14.6970, 15.3700, 482752
2017-04-21, 15.3800, 15.5800, 15.3060, 15.5100, 738700
2017-04-24, 15.7700, 15.7700, 15.1100, 15.2200, 813713
2017-04-25, 15.3400, 15.6500, 15.3200, 15.4900, 718752
2017-04-26, 15.5200, 15.6200, 15.1400, 15.1700, 393611
2017-04-27, 15.2300, 15.4900, 15.1600, 15.3700, 284084
2017-04-28, 15.3800, 15.6350, 15.1900, 15.6000, 525129
2017-05-01, 15.6400, 16.1400, 15.5600, 16.0000, 669129
2017-05-02, 16.0800, 16.3900, 16.0500, 16.2600, 926898
2017-05-03, 16.1800, 16.2400, 15.8400, 15.9500, 609156
2017-05-04, 15.9800, 16.0200, 15.4510, 15.7900, 310749
2017-05-05, 15.8300, 15.9700, 15.5100, 15.9300, 446561
2017-05-08, 15.9800, 16.3800, 15.6150, 16.3300, 972290
2017-05-09, 16.6900, 18.4700, 16.4200, 17.8400, 3579187
2017-05-10, 17.9100, 18.7820, 17.8800, 18.1700, 1481899
2017-05-11, 18.1200, 18.3300, 17.8000, 18.0800, 796054
2017-05-12, 18.0800, 18.1100, 17.5700, 17.8900, 802947
2017-05-15, 17.8800, 18.3500, 17.7200, 17.9900, 889678
2017-05-16, 18.1200, 18.2100, 17.6500, 17.9300, 814710
2017-05-17, 17.9300, 17.9550, 17.5200, 17.6100, 815934
2017-05-18, 17.6300, 17.8600, 17.3200, 17.4400, 423747
2017-05-19, 17.4300, 17.8500, 17.1900, 17.6000, 501020
2017-05-22, 17.6300, 17.6400, 17.3000, 17.4200, 463582
2017-05-23, 17.5100, 17.7250, 17.1980, 17.6100, 513082
2017-05-24, 17.6200, 17.7700, 17.3200, 17.7100, 399511
2017-05-25, 17.7600, 17.9900, 17.5400, 17.6000, 290755
2017-05-26, 17.5400, 17.6600, 17.3090, 17.4800, 378759
2017-05-30, 17.3900, 17.5600, 17.1800, 17.2300, 342213
2017-05-31, 17.3100, 17.4700, 16.8200, 17.1400, 502011
2017-06-01, 17.1600, 18.0000, 17.1300, 18.0000, 523826
2017-06-02, 18.0000, 18.1200, 17.8150, 17.8300, 326991
2017-06-05, 17.8600, 18.2400, 17.6880, 18.0900, 406872
2017-06-06, 18.0500, 18.3000, 17.8800, 18.1700, 326096
2017-06-07, 18.1800, 18.2600, 17.8500, 18.0700, 459571
2017-06-08, 18.0200, 18.6500, 17.9100, 18.3200, 319591
2017-06-09, 18.4000, 18.6000, 18.1000, 18.4800, 424390
2017-06-12, 18.4100, 18.8900, 18.3100, 18.4900, 442864
2017-06-13, 18.5000, 18.8200, 18.4400, 18.7800, 293680
2017-06-14, 18.8200, 18.8900, 18.5810, 18.8400, 400031
2017-06-15, 18.6100, 18.6300, 18.1300, 18.2200, 433432
2017-06-16, 18.1100, 18.1400, 17.8110, 18.0400, 1086545
2017-06-19, 18.0700, 18.6300, 17.9000, 18.5200, 455246
2017-06-20, 18.5000, 18.6300, 18.1400, 18.2100, 351667
2017-06-21, 18.2000, 18.5600, 17.9200, 17.9700, 359133
2017-06-22, 17.9400, 19.0800, 17.9000, 18.6100, 763906
2017-06-23, 18.6900, 18.7300, 18.3300, 18.3800, 1609345
2017-06-26, 18.3000, 18.3300, 16.0200, 16.5100, 2380608
2017-06-27, 16.5200, 17.0600, 15.2700, 15.3000, 2165812
2017-06-28, 15.3200, 15.5100, 14.7500, 14.9000, 1678675
2017-06-29, 14.8700, 15.1700, 14.5800, 15.1000, 1450895
2017-06-30, 15.1300, 15.1300, 14.6600, 14.8000, 577848
2017-07-03, 14.8300, 15.1600, 14.6700, 15.0500, 783545
2017-07-05, 15.0500, 15.0500, 14.6700, 14.8100, 455930
2017-07-06, 14.7300, 14.7800, 14.2350, 14.4300, 676108
2017-07-07, 14.5000, 14.6100, 14.3200, 14.5100, 381006
2017-07-10, 14.4500, 14.9200, 14.3930, 14.8500, 692444
2017-07-11, 14.8600, 15.0300, 14.6700, 14.8700, 548100
2017-07-12, 14.9200, 15.3250, 14.8800, 15.1200, 598779
2017-07-13, 15.1900, 15.2200, 14.8100, 15.1400, 391909
2017-07-14, 15.1900, 15.4500, 15.0600, 15.1600, 498770
2017-07-17, 15.2000, 15.4600, 14.9500, 15.3000, 426793
2017-07-18, 15.3000, 15.3400, 15.0000, 15.0800, 312545
2017-07-19, 15.1500, 15.2850, 14.9000, 15.2300, 386079
2017-07-20, 15.2800, 15.6200, 15.2200, 15.5600, 304671
2017-07-21, 16.5400, 16.5400, 15.3900, 15.6300, 715199
2017-07-24, 15.6100, 15.6300, 15.3200, 15.4800, 571623
2017-07-25, 15.5700, 15.8800, 15.4300, 15.7800, 465245
2017-07-26, 15.7500, 15.8100, 15.4800, 15.5200, 333610
2017-07-27, 15.5000, 15.5000, 14.7300, 15.0600, 521014
2017-07-28, 15.0700, 15.5500, 15.0700, 15.4100, 890577
2017-07-31, 15.4800, 15.9600, 15.2500, 15.8700, 936623
2017-08-01, 15.9700, 16.1500, 15.6500, 15.7900, 490428
2017-08-02, 15.7200, 15.7200, 15.1700, 15.5200, 739931
2017-08-03, 15.5300, 15.6550, 15.0500, 15.2200, 331936
2017-08-04, 15.2700, 15.2700, 14.7300, 14.8200, 568583
2017-08-07, 14.8000, 15.2700, 14.6100, 15.2600, 865689
2017-08-08, 16.2700, 16.8900, 15.3200, 16.6000, 1473233
2017-08-09, 16.5800, 16.6350, 15.7990, 15.9100, 851452
2017-08-10, 15.8400, 16.4800, 15.6600, 15.9400, 575692
2017-08-11, 15.7600, 16.2400, 15.3500, 16.2000, 733956
2017-08-14, 16.3400, 16.5000, 16.0900, 16.1600, 379603
2017-08-15, 16.2300, 16.7400, 16.1500, 16.7300, 611621
2017-08-16, 16.7800, 16.9500, 16.3400, 16.5700, 487970
2017-08-17, 16.4300, 16.6500, 16.2400, 16.2600, 433158
2017-08-18, 16.1200, 16.5500, 15.8600, 16.4300, 484175
2017-08-21, 16.4600, 17.1700, 16.4100, 16.4300, 537297
2017-08-22, 16.5000, 16.7100, 16.3700, 16.5400, 292604
2017-08-23, 16.4300, 16.5860, 16.3100, 16.4400, 449539
2017-08-24, 16.5300, 16.8300, 16.5300, 16.6100, 232001
2017-08-25, 16.6500, 16.6600, 16.4000, 16.5600, 230301
2017-08-28, 16.6100, 16.7150, 16.3600, 16.4500, 260576
2017-08-29, 16.3600, 16.4650, 16.0200, 16.3700, 324181
2017-08-30, 16.3600, 16.5600, 16.2600, 16.5000, 208520
2017-08-31, 16.5100, 17.0000, 16.5100, 16.7500, 337193
2017-09-01, 16.7600, 16.9400, 16.5700, 16.7100, 183024
2017-09-05, 16.6800, 17.1600, 16.5300, 16.8400, 332528
2017-09-06, 16.8800, 17.4650, 16.5200, 17.4400, 734057
2017-09-07, 17.4200, 18.1500, 17.1000, 18.1300, 633196
2017-09-08, 18.0500, 18.1100, 17.6000, 17.8500, 529496
2017-09-11, 18.0100, 18.5300, 17.7300, 17.9500, 869178
2017-09-12, 17.9700, 18.5600, 17.8100, 18.3500, 542443
2017-09-13, 18.3600, 18.9000, 18.0400, 18.8800, 1059400
2017-09-14, 18.8800, 19.8400, 18.7600, 19.4900, 1265829
2017-09-15, 19.6200, 19.8700, 19.1100, 19.6800, 1763927
2017-09-18, 19.9000, 20.9800, 19.8000, 20.3000, 874070
2017-09-19, 20.3200, 20.3300, 19.4900, 20.0300, 616324
2017-09-20, 20.0500, 20.6700, 19.9400, 20.6600, 467835
2017-09-21, 20.6500, 21.0000, 20.3200, 20.7600, 378403
2017-09-22, 20.7100, 20.8900, 20.5300, 20.7500, 286919
2017-09-25, 20.7400, 21.1300, 20.6900, 21.1100, 301872
2017-09-26, 21.2100, 21.5000, 21.1900, 21.4200, 597282
2017-09-27, 21.4600, 21.9000, 21.2600, 21.7800, 666302
2017-09-28, 21.7700, 21.7700, 20.4700, 20.5100, 876900
2017-09-29, 20.5200, 20.9200, 20.5200, 20.7100, 686242
2017-10-02, 20.8200, 21.1700, 20.6000, 21.0400, 688906
2017-10-03, 21.1000, 21.3500, 20.9600, 21.2500, 503574
2017-10-04, 21.4900, 21.7300, 21.1000, 21.2500, 779770
2017-10-05, 21.3400, 21.5700, 21.3200, 21.5200, 535388
2017-10-06, 21.4900, 21.9900, 21.4700, 21.5700, 495650
2017-10-09, 21.5700, 21.6600, 20.5200, 20.6700, 470013
2017-10-10, 20.7200, 21.4200, 20.7200, 21.1100, 552697
2017-10-11, 21.0100, 21.2250, 20.8300, 20.9400, 267944
2017-10-12, 20.9300, 21.0330, 20.2200, 20.5500, 446361
2017-10-13, 20.6800, 20.7700, 20.2700, 20.3100, 306854
2017-10-16, 20.3600, 20.7700, 19.6600, 20.0500, 569998
2017-10-17, 20.0500, 20.2100, 19.8850, 20.1000, 457888
2017-10-18, 20.1700, 20.8200, 20.1100, 20.7800, 359926
2017-10-19, 20.5700, 21.2450, 20.4800, 21.2300, 357701
2017-10-20, 21.4300, 21.6100, 21.1800, 21.3900, 320864
2017-10-23, 21.3200, 21.4900, 20.8220, 21.1000, 210357
2017-10-24, 21.0800, 21.3500, 20.8900, 21.1400, 262532
2017-10-25, 21.1500, 21.2900, 20.7300, 21.2300, 232321
2017-10-26, 21.2300, 21.4100, 20.7100, 20.7600, 386726
2017-10-27, 20.7200, 21.1000, 20.6450, 21.0500, 307816
2017-10-30, 20.9400, 21.2500, 20.5400, 20.7500, 325117
2017-10-31, 20.7300, 21.2900, 20.6800, 21.0500, 322716
2017-11-01, 21.1500, 21.1680, 20.3900, 20.7600, 488458
2017-11-02, 20.8000, 21.0600, 20.3600, 20.3900, 414113
2017-11-03, 20.3400, 21.3400, 20.3400, 20.8400, 336885
2017-11-06, 20.7600, 21.1000, 20.4600, 20.8700, 762932
2017-11-07, 20.8100, 21.1450, 18.3700, 18.7500, 1383970
2017-11-08, 18.7400, 20.8800, 18.6800, 20.5600, 1123701
2017-11-09, 20.4100, 20.5700, 20.0150, 20.1900, 507938
2017-11-10, 20.1000, 20.4000, 19.6400, 19.6600, 333799
2017-11-13, 19.6500, 19.8700, 19.3700, 19.8000, 545259
2017-11-14, 19.6000, 19.6400, 19.2300, 19.4100, 311097
2017-11-15, 19.2800, 19.3100, 18.9500, 19.0700, 521714
2017-11-16, 16.9800, 17.1200, 14.5000, 14.6300, 4526683
2017-11-17, 14.7100, 15.4800, 14.6650, 15.0000, 2383698
2017-11-20, 15.0000, 15.9900, 14.9200, 15.9400, 1973859
2017-11-21, 16.1200, 17.2400, 15.9650, 17.1700, 1132123
2017-11-22, 17.1400, 17.5500, 17.0500, 17.3200, 866538
2017-11-24, 17.3500, 17.3500, 16.7900, 16.9700, 448301
2017-11-27, 16.9200, 17.0400, 16.6600, 16.7100, 819628
2017-11-28, 16.7100, 16.8400, 16.4000, 16.8100, 1132552
2017-11-29, 16.7700, 17.5100, 16.7700, 17.2300, 716419
2017-11-30, 17.2800, 17.9700, 17.1800, 17.9000, 1055558
2017-12-01, 17.9000, 18.0500, 17.1000, 17.7300, 690017
2017-12-04, 18.0100, 18.8000, 17.7300, 18.2100, 949968
2017-12-05, 18.2800, 18.4200, 18.0400, 18.2200, 594239
2017-12-06, 18.1400, 18.3200, 18.1400, 18.2800, 589380
2017-12-07, 18.3100, 18.4900, 18.1500, 18.4500, 380599
2017-12-08, 18.4800, 18.8400, 18.2900, 18.7500, 382925
2017-12-11, 20.0000, 20.0500, 19.1500, 19.4400, 1125332
2017-12-12, 19.5400, 20.0500, 19.5100, 19.8700, 540806
2017-12-13, 19.8600, 20.3000, 19.8500, 20.2600, 675424
2017-12-14, 20.4500, 20.5400, 19.6500, 19.8200, 654405
2017-12-15, 20.0400, 20.3700, 19.9100, 20.2200, 902125
2017-12-18, 20.2850, 20.3900, 19.9500, 20.1000, 472193
2017-12-19, 20.2800, 20.5900, 20.0400, 20.2400, 474491
2017-12-20, 20.2850, 20.3700, 20.0000, 20.1100, 475175
2017-12-21, 20.1050, 20.3000, 20.0200, 20.0400, 283440
2017-12-22, 20.4900, 21.0600, 20.1500, 20.6300, 525426
2017-12-26, 20.4800, 20.7700, 20.2800, 20.5900, 356345
2017-12-27, 20.5800, 20.7200, 20.4500, 20.5300, 258889
2017-12-28, 20.5200, 20.6400, 20.2300, 20.5700, 487827
2017-12-29, 20.5500, 20.6600, 20.0500, 20.0700, 318336
2018-01-02, 20.1500, 21.1350, 20.0800, 21.0100, 813304
2018-01-03, 20.9600, 21.1400, 20.3900, 21.0800, 435538
2018-01-04, 21.2000, 21.2000, 20.7300, 20.7700, 375033
2018-01-05, 21.2500, 23.0800, 21.2300, 22.9900, 2577762
2018-01-08, 23.4000, 23.9000, 22.1300, 23.1900, 1352604
2018-01-09, 23.3400, 23.7800, 22.8301, 23.6700, 1083600
2018-01-10, 23.5000, 24.2400, 23.3200, 24.0500, 673323
2018-01-11, 24.1000, 25.2700, 24.0500, 25.0300, 1325355
2018-01-12, 25.0400, 26.1700, 25.0100, 25.9300, 1090333
2018-01-16, 26.3700, 26.3700, 25.1800, 25.5200, 1231072
2018-01-17, 25.8400, 26.1700, 25.3600, 26.0000, 953300
2018-01-18, 25.9000, 25.9700, 25.0350, 25.1900, 982864
2018-01-19, 25.1500, 25.6100, 24.9300, 25.2200, 1002625
2018-01-22, 25.2900, 25.9000, 25.2600, 25.7300, 613862
2018-01-23, 25.6000, 25.9000, 24.7100, 25.2200, 596216
2018-01-24, 25.5100, 26.0150, 25.3400, 25.8800, 573438
2018-01-25, 27.2100, 27.2100, 25.9800, 26.4600, 907857
2018-01-26, 26.6100, 26.9700, 26.2100, 26.8800, 503031
2018-01-29, 26.8700, 27.7020, 26.8100, 27.2200, 500474
2018-01-30, 26.3800, 27.4900, 26.1580, 27.3000, 946910
2018-01-31, 27.5000, 27.7800, 26.7900, 26.9900, 1106856
2018-02-01, 26.7300, 27.5300, 26.1300, 27.3100, 836077
2018-02-02, 25.7800, 26.8100, 25.0800, 25.1900, 2760043
2018-02-05, 24.9600, 25.3200, 23.7000, 23.7600, 637293
2018-02-06, 23.1000, 24.1100, 23.0000, 23.9100, 628966
2018-02-07, 23.8500, 24.5200, 23.5900, 24.2100, 546873
2018-02-08, 24.2400, 24.5200, 23.7050, 23.8600, 659177
2018-02-09, 24.3700, 24.3700, 21.8200, 22.8900, 1337202
2018-02-12, 23.0000, 23.6100, 22.7100, 23.1400, 623462
2018-02-13, 23.0000, 23.4600, 22.8700, 23.4200, 375053
2018-02-14, 23.1200, 24.2800, 23.1200, 24.1600, 1390603
2018-02-15, 24.3600, 24.5900, 23.6800, 23.8100, 487612
2018-02-16, 23.7900, 24.4500, 23.7900, 24.1000, 610465
2018-02-20, 24.0000, 24.6650, 23.7100, 23.7900, 926858
2018-02-21, 23.8600, 24.6994, 23.7900, 23.9100, 853241
2018-02-22, 23.9600, 24.3500, 22.9500, 23.0200, 542266
2018-02-23, 23.0500, 23.4000, 22.4200, 23.2600, 1306204
2018-02-26, 23.3700, 24.0600, 22.9400, 23.2700, 1354073
2018-02-27, 22.0200, 22.3400, 20.2700, 21.9000, 2429085
2018-02-28, 21.9000, 21.9700, 20.6200, 20.8400, 1244548
2018-03-01, 20.8700, 21.0800, 19.7100, 19.8900, 888707
2018-03-02, 20.7300, 21.1900, 20.1400, 20.9600, 909171
2018-03-05, 20.7500, 21.4700, 20.2000, 21.2600, 852180
2018-03-06, 21.3300, 21.9700, 20.9600, 21.3600, 756791
2018-03-07, 21.1400, 21.4400, 20.8357, 21.0300, 678019
2018-03-08, 23.6900, 23.7400, 21.2400, 21.3500, 1675909
2018-03-09, 21.4000, 22.6600, 21.1550, 22.4100, 1183678
2018-03-12, 22.4500, 22.6100, 21.9400, 22.3900, 635574
2018-03-13, 22.6700, 23.0000, 22.2800, 22.4500, 819943
2018-03-14, 22.5700, 22.6700, 22.0000, 22.6300, 983545
2018-03-15, 22.6900, 23.0000, 22.2200, 22.4100, 823288
2018-03-16, 22.4100, 22.8000, 22.2600, 22.7500, 1886170
2018-03-19, 22.6800, 23.2300, 22.5000, 23.2000, 1387648
2018-03-20, 23.1900, 23.1900, 21.9600, 22.5000, 911584
2018-03-21, 22.4700, 22.7400, 22.0100, 22.0700, 686818
2018-03-22, 21.8800, 22.0400, 21.0800, 21.2800, 1007062
2018-03-23, 21.2500, 21.4300, 20.2300, 20.2800, 800654
2018-03-26, 20.6700, 20.7700, 20.2400, 20.7200, 476107
2018-03-27, 20.7900, 21.0400, 20.3400, 20.5200, 728995
2018-03-28, 20.5800, 20.9400, 20.4700, 20.5500, 811696
2018-03-29, 20.6800, 20.8700, 20.1100, 20.1500, 1597593
2018-04-02, 20.1800, 20.3400, 19.3900, 19.6000, 479636
2018-04-03, 19.6800, 19.9600, 19.4400, 19.6400, 536706
2018-04-04, 19.3100, 20.1000, 19.3100, 20.0500, 711864
2018-04-05, 20.2200, 20.4900, 19.9400, 20.1400, 447568
2018-04-06, 20.0400, 20.2200, 19.6500, 19.7200, 499137
2018-04-09, 19.8400, 19.9900, 19.2200, 19.2300, 443748
2018-04-10, 19.5100, 19.9511, 19.3800, 19.5800, 725146
2018-04-11, 19.5100, 20.2400, 19.4500, 19.8400, 774438
2018-04-12, 20.0300, 20.1800, 19.6800, 19.8000, 508243
2018-04-13, 19.7800, 19.8200, 19.3600, 19.3600, 560225
2018-04-16, 19.4800, 20.3600, 19.2700, 20.2500, 1078081
2018-04-17, 20.5900, 21.6200, 20.2600, 21.4700, 1246097
2018-04-18, 21.4100, 21.7900, 21.0800, 21.7200, 798720
2018-04-19, 21.6400, 21.8000, 20.8100, 21.0500, 560102
2018-04-20, 21.0300, 21.1400, 20.5900, 20.7500, 415923
2018-04-23, 20.8400, 21.2400, 20.6100, 21.2000, 481872
2018-04-24, 21.3500, 21.6000, 21.0100, 21.3100, 471875
2018-04-25, 21.2000, 22.0100, 20.9500, 21.9400, 600343
2018-04-26, 22.0100, 22.8500, 21.6600, 22.3900, 748663
2018-04-27, 22.4800, 22.6800, 22.1300, 22.5600, 425377
2018-04-30, 22.6900, 22.6900, 21.6600, 21.7900, 511421
2018-05-01, 21.7900, 22.1700, 21.5450, 22.0000, 417595
2018-05-02, 22.0700, 22.7900, 21.8600, 22.1500, 493356
2018-05-03, 21.9500, 22.0750, 20.9700, 21.0400, 676599
2018-05-04, 21.0300, 21.4100, 20.7600, 21.0900, 494998
2018-05-07, 21.2200, 21.2250, 20.1200, 20.2300, 833005
2018-05-08, 20.3000, 20.3600, 18.6300, 19.1900, 2348866
2018-05-09, 19.0300, 20.2700, 19.0300, 20.0200, 1233610
2018-05-10, 22.6400, 23.4400, 22.1200, 23.2200, 3947882
2018-05-11, 23.2000, 23.7500, 22.3700, 23.5900, 2124622
2018-05-14, 23.7200, 24.7200, 23.7200, 24.4800, 1189220
2018-05-15, 24.2300, 24.6400, 24.0500, 24.5500, 532038
2018-05-16, 24.5600, 24.7000, 24.3200, 24.4500, 446033
2018-05-17, 24.3500, 25.3000, 24.1700, 25.2100, 940837
2018-05-18, 25.3300, 25.3300, 24.4800, 24.5600, 885352
2018-05-21, 24.7200, 25.1600, 24.3900, 24.4900, 519418
2018-05-22, 24.6600, 24.7000, 24.1150, 24.1700, 408576
2018-05-23, 24.0300, 24.3800, 23.8600, 24.2500, 552772
2018-05-24, 24.1700, 24.4600, 23.8000, 24.1500, 571088
2018-05-25, 24.0900, 25.1000, 24.0900, 24.4800, 903423
2018-05-29, 24.3800, 24.4800, 23.9600, 24.1700, 786913
2018-05-30, 24.3100, 24.5700, 24.1440, 24.3400, 766411
2018-05-31, 24.2600, 24.2600, 23.1900, 23.5400, 867111
2018-06-01, 23.5600, 23.7200, 23.0900, 23.2600, 800488
2018-06-04, 23.2800, 24.5000, 23.1000, 24.2900, 1747690
2018-06-05, 24.4000, 24.8300, 24.0400, 24.7800, 578196
2018-06-06, 24.7800, 25.3500, 24.7700, 24.9600, 622281
2018-06-07, 25.1600, 25.1900, 24.4000, 24.7800, 431469
2018-06-08, 24.8700, 24.9900, 24.5600, 24.8500, 396954
2018-06-11, 24.9000, 25.7200, 24.8141, 25.6200, 405042
2018-06-12, 25.5400, 25.9900, 25.4400, 25.8000, 475419
2018-06-13, 25.8500, 26.4100, 25.8000, 26.4100, 645872
2018-06-14, 26.5200, 27.0650, 26.2000, 26.9800, 713857
2018-06-15, 26.9400, 27.2050, 26.6100, 27.1700, 925447
2018-06-18, 26.9900, 27.1400, 25.6600, 26.1000, 1059800
2018-06-19, 25.7400, 27.0100, 25.7400, 26.9100, 695749
2018-06-20, 27.1800, 27.8600, 27.1300, 27.6000, 849716
2018-06-21, 27.7300, 28.0700, 27.1600, 27.6300, 883059
2018-06-22, 28.2400, 28.7400, 27.7500, 28.1300, 2717272
2018-06-25, 27.9000, 28.3100, 27.7100, 28.1300, 1049982
2018-06-26, 28.1200, 28.1200, 27.0600, 27.1300, 866891
2018-06-27, 27.1100, 27.8900, 26.6700, 27.3200, 505569
2018-06-28, 24.2500, 26.2400, 23.5200, 26.0900, 1649972
2018-06-29, 26.2000, 26.2000, 25.5600, 25.5600, 996985
2018-07-02, 25.4400, 25.8700, 24.9200, 25.6700, 946559
2018-07-03, 25.4700, 26.2300, 25.3400, 25.7800, 502420
2018-07-05, 25.9300, 26.5400, 25.8000, 26.1500, 698014
2018-07-06, 26.1600, 26.8700, 26.0700, 26.5500, 787102
2018-07-09, 26.7500, 27.3100, 26.6300, 27.0800, 549928
2018-07-10, 27.0900, 27.4000, 26.5600, 26.7700, 526720
2018-07-11, 26.5600, 26.7800, 26.0000, 26.1400, 727165
2018-07-12, 26.3400, 26.5200, 25.8000, 26.1300, 552673
2018-07-13, 26.2500, 26.8500, 26.1600, 26.2900, 898720
2018-07-16, 26.3600, 26.3700, 25.6700, 25.9400, 2429239
2018-07-17, 25.9000, 26.2400, 25.6300, 25.8900, 599983
2018-07-18, 25.8500, 26.1900, 25.5800, 26.1700, 544362
2018-07-19, 26.0800, 26.0800, 24.9000, 24.9300, 828894
2018-07-20, 24.7400, 24.7400, 22.2100, 22.3300, 3371374
2018-07-23, 22.5400, 22.8200, 22.3600, 22.3700, 1316108
2018-07-24, 22.1400, 22.3100, 21.0500, 21.3000, 1491271
2018-07-25, 21.4100, 22.3350, 21.3300, 22.2700, 1452938
2018-07-26, 21.9400, 22.4200, 21.8085, 22.0600, 1560193
2018-07-27, 22.0000, 22.4900, 21.8000, 21.9000, 2740362
2018-07-30, 21.8000, 22.1100, 21.3400, 21.4100, 1000929
2018-07-31, 21.5000, 21.7100, 20.5400, 20.7800, 1646395
2018-08-01, 20.7500, 21.3050, 20.7300, 20.9100, 1265531
2018-08-02, 20.9600, 21.2000, 20.6500, 21.1100, 816247
2018-08-03, 21.1800, 21.4517, 21.0000, 21.2100, 853083
2018-08-06, 21.1100, 21.6200, 20.8400, 21.4600, 1016561
2018-08-07, 19.8000, 20.8700, 19.3000, 19.4100, 3333588
2018-08-08, 19.4700, 19.8800, 18.8450, 18.9700, 1826202
2018-08-09, 18.9700, 19.9600, 18.7350, 19.1400, 4154755
2018-08-10, 19.0700, 19.1700, 18.5000, 19.0000, 1629722
2018-08-13, 18.9000, 19.5300, 18.8300, 19.4000, 1392837
2018-08-14, 19.2700, 19.7800, 19.1600, 19.5300, 2548055
2018-08-15, 19.3700, 19.6400, 18.6800, 19.0000, 1165400
2018-08-16, 19.1200, 19.3300, 18.7700, 18.8800, 2059159
2018-08-17, 18.9700, 19.2400, 18.7300, 19.0500, 778409
2018-08-20, 19.1300, 19.7500, 19.1300, 19.3600, 759366
2018-08-21, 19.3000, 19.7200, 19.2500, 19.5100, 840810
2018-08-22, 19.4100, 19.7900, 19.2800, 19.3500, 690559
2018-08-23, 19.4900, 19.6600, 19.3600, 19.6300, 564980
2018-08-24, 19.6400, 20.0200, 19.5792, 19.7500, 1181278
2018-08-27, 19.6600, 20.2000, 19.4000, 19.6900, 1883460
2018-08-28, 19.7200, 19.8600, 19.4000, 19.8000, 614606
2018-08-29, 19.8000, 20.7000, 19.7000, 20.5700, 883107
2018-08-30, 20.4600, 21.0450, 20.3030, 20.7400, 859963
2018-08-31, 20.6400, 20.8000, 20.3300, 20.6600, 491733
2018-09-04, 20.7000, 20.7200, 20.2000, 20.2300, 417407
2018-09-05, 20.0900, 20.4600, 19.8600, 20.3700, 501819
2018-09-06, 20.4200, 20.7000, 19.6800, 19.7400, 520504
2018-09-07, 19.6600, 20.1800, 19.6600, 20.0200, 844975
2018-09-10, 20.1100, 20.2900, 19.6800, 19.7000, 730623
2018-09-11, 19.5800, 19.7900, 18.7000, 19.1600, 821769
2018-09-12, 19.2200, 19.3800, 18.7600, 19.1300, 1427485
2018-09-13, 19.2900, 19.3600, 18.6050, 18.6100, 856564
2018-09-14, 18.6600, 19.0800, 18.2500, 18.6100, 987575
2018-09-17, 18.6500, 19.2800, 18.6200, 19.0700, 990259
2018-09-18, 19.0100, 19.5300, 18.9500, 19.4100, 626903
2018-09-19, 19.3700, 19.9200, 19.3700, 19.9200, 859377
2018-09-20, 19.9700, 20.5600, 19.9550, 20.3100, 742219
2018-09-21, 20.3100, 20.5000, 20.0400, 20.4400, 2098310
2018-09-24, 20.3600, 20.5000, 18.8900, 19.1200, 1151451
2018-09-25, 19.3100, 20.1600, 19.2200, 19.4400, 1037556
2018-09-26, 19.3700, 19.5500, 19.0800, 19.2900, 587196
2018-09-27, 19.3200, 19.5400, 19.1000, 19.3100, 497491
2018-09-28, 19.2100, 19.5700, 19.1900, 19.4100, 576697
2018-10-01, 19.5600, 19.6900, 18.8700, 19.0200, 670953
2018-10-02, 18.9700, 19.2750, 18.9700, 19.0400, 453129
2018-10-03, 19.1400, 19.4600, 19.0200, 19.1500, 359044
2018-10-04, 19.0700, 19.1400, 18.2600, 18.3000, 834531
2018-10-05, 18.2800, 18.5650, 17.8700, 18.5400, 470080
2018-10-08, 18.6900, 19.7700, 18.3100, 19.5100, 731523
2018-10-09, 19.3800, 19.8600, 19.2600, 19.5100, 540640
2018-10-10, 19.4200, 19.9000, 19.0350, 19.1100, 572275
2018-10-11, 18.9800, 19.1600, 17.8000, 18.0600, 651878
2018-10-12, 18.3300, 18.3900, 17.7500, 18.3100, 707228
2018-10-15, 18.3100, 18.9800, 18.2400, 18.8100, 419846
2018-10-16, 18.9900, 19.8350, 18.8000, 19.7000, 710032
2018-10-17, 19.6200, 20.4200, 19.3000, 20.0100, 560075
2018-10-18, 20.0300, 20.4000, 19.5800, 20.1700, 642431
2018-10-19, 20.1500, 21.0000, 20.1400, 20.2400, 637684
2018-10-22, 20.1600, 20.6900, 19.5600, 19.7400, 563343
2018-10-23, 19.5400, 21.0200, 19.1100, 20.8800, 1021907
2018-10-24, 20.7600, 21.1200, 18.8000, 19.7500, 2188850
2018-10-25, 19.8500, 20.3450, 19.4200, 20.2600, 1218223
2018-10-26, 20.0500, 20.5700, 19.9000, 20.2500, 726530
2018-10-29, 20.6700, 21.1800, 19.7000, 19.9300, 609585
2018-10-30, 20.0200, 20.1800, 19.0000, 19.7800, 571180
2018-10-31, 19.9800, 19.9900, 19.3900, 19.8400, 509512
2018-11-01, 20.0700, 21.1500, 20.0400, 21.0900, 559380
2018-11-02, 21.1600, 21.4800, 20.9000, 21.1500, 461970
2018-11-05, 21.1500, 21.1500, 19.7500, 20.0300, 1050905
2018-11-06, 20.0000, 20.6700, 20.0000, 20.3400, 923770
2018-11-07, 15.1900, 15.4300, 13.3100, 14.8000, 7207508
2018-11-08, 14.6600, 16.0500, 14.4900, 16.0500, 2518636
2018-11-09, 15.9100, 16.1850, 15.3400, 16.0900, 1694581
