2013-04-12, 21.8500, 22.0000, 20.1600, 20.4400, 20216100
2013-04-15, 20.3500, 20.4460, 20.0000, 20.0300, 2038900
2013-04-16, 20.2400, 20.6500, 20.0500, 20.5400, 497400
2013-04-17, 20.6000, 20.8500, 19.1100, 19.7900, 1037900
2013-04-18, 19.8000, 20.1500, 19.3900, 19.5400, 967500
2013-04-19, 19.6500, 20.8400, 19.5100, 20.8400, 1550000
2013-04-22, 20.8900, 20.8900, 19.9900, 20.0400, 607000
2013-04-23, 20.2200, 20.3500, 19.8400, 19.9600, 613200
2013-04-24, 20.0000, 20.1300, 19.6300, 19.9700, 144400
2013-04-25, 20.0700, 20.0700, 19.7900, 19.8700, 216500
2013-04-26, 19.5500, 19.7000, 19.2500, 19.6000, 384000
2013-04-29, 19.4000, 20.0200, 19.3701, 19.9400, 567400
2013-04-30, 19.9400, 20.0500, 19.7600, 20.0500, 429500
2013-05-01, 19.9000, 20.3800, 19.8400, 20.1400, 261100
2013-05-02, 20.3500, 20.5597, 19.9100, 20.1100, 355000
2013-05-03, 20.1500, 20.5900, 19.8500, 20.5500, 420600
2013-05-06, 20.4000, 20.5500, 20.0500, 20.2500, 338300
2013-05-07, 20.9900, 21.0000, 20.0300, 20.2400, 1104600
2013-05-08, 20.3000, 20.4800, 19.8600, 20.2500, 1048500
2013-05-09, 20.3000, 20.3000, 20.0900, 20.1600, 787400
2013-05-10, 20.2700, 20.5000, 19.9400, 20.0100, 830300
2013-05-13, 20.0000, 20.0000, 19.4800, 19.7900, 937700
2013-05-14, 19.9500, 19.9650, 19.7100, 19.8700, 528300
2013-05-15, 19.8000, 19.9500, 19.7400, 19.8400, 232900
2013-05-16, 19.8400, 19.9000, 19.6200, 19.6700, 50800
2013-05-17, 19.6500, 19.8000, 19.4400, 19.8000, 272700
2013-05-20, 19.8000, 19.9400, 19.6000, 19.9300, 670700
2013-05-21, 19.9500, 20.2800, 19.8600, 20.2100, 816500
2013-05-22, 20.2100, 20.4000, 19.9600, 20.0300, 327600
2013-05-23, 19.8700, 20.1200, 19.6300, 20.0000, 596500
2013-05-24, 20.0000, 20.0400, 19.8300, 19.9900, 632300
2013-05-28, 20.1400, 20.1400, 19.8600, 19.9000, 220700
2013-05-29, 19.8900, 19.9200, 19.5200, 19.7200, 238500
2013-05-30, 19.8400, 19.8400, 19.4310, 19.7500, 160700
2013-05-31, 19.7500, 20.2000, 19.5000, 20.0200, 373900
2013-06-03, 20.0500, 20.1100, 19.9000, 20.1100, 261700
2013-06-04, 20.1500, 20.3100, 19.8610, 20.3000, 212700
2013-06-05, 20.1100, 20.1701, 19.9100, 20.1100, 124300
2013-06-06, 20.0400, 20.1000, 19.8900, 20.0800, 126500
2013-06-07, 20.1200, 20.1700, 19.7900, 20.1700, 479400
2013-06-10, 20.3000, 20.4000, 20.1220, 20.2200, 379300
2013-06-11, 20.0500, 20.6900, 19.9200, 20.5800, 346000
2013-06-12, 20.5100, 20.7500, 20.3400, 20.6100, 211000
2013-06-13, 20.5100, 21.3700, 20.4100, 21.2900, 207700
2013-06-14, 21.3250, 21.9000, 21.2800, 21.8800, 356900
2013-06-17, 22.2800, 22.2800, 21.7200, 21.9400, 593700
2013-06-18, 21.9000, 22.2600, 21.9000, 22.2300, 673000
2013-06-19, 22.1000, 22.4400, 22.0940, 22.4000, 813400
2013-06-20, 22.1600, 22.8300, 22.0900, 22.3300, 518000
2013-06-21, 22.3100, 22.5400, 21.5300, 21.5600, 1133100
2013-06-24, 21.5800, 21.8100, 20.4700, 21.0100, 445800
2013-06-25, 21.2100, 21.8700, 21.1000, 21.5000, 852300
2013-06-26, 21.5200, 21.9300, 21.2500, 21.8300, 1299400
2013-06-27, 21.8500, 22.2800, 21.5950, 21.9100, 311300
2013-06-28, 21.8300, 22.3900, 21.7200, 21.9700, 2630800
2013-07-01, 21.9600, 22.6400, 21.6400, 22.2400, 199700
2013-07-02, 22.1700, 22.4400, 21.7100, 22.0100, 214600
2013-07-03, 21.9100, 22.3900, 21.6950, 22.0600, 124700
2013-07-05, 22.2700, 22.5900, 21.9500, 22.5900, 186700
2013-07-08, 22.5300, 22.7600, 22.3100, 22.6100, 239700
2013-07-09, 22.6700, 23.4200, 22.5600, 23.3900, 307000
2013-07-10, 23.4900, 23.9000, 23.4800, 23.7000, 278400
2013-07-11, 23.9400, 23.9400, 23.5020, 23.8000, 200200
2013-07-12, 23.7200, 24.2000, 23.7200, 23.8300, 246300
2013-07-15, 23.8200, 24.0600, 23.6900, 23.7400, 242800
2013-07-16, 23.7400, 23.9000, 23.3800, 23.8000, 482900
2013-07-17, 23.9500, 24.0600, 23.7400, 23.7400, 225200
2013-07-18, 23.8500, 24.1200, 23.6600, 23.9900, 394200
2013-07-19, 23.9900, 24.4100, 23.7700, 24.0300, 342800
2013-07-22, 24.0900, 24.7800, 23.9000, 24.4500, 256000
2013-07-23, 24.5400, 24.5400, 24.1200, 24.3900, 278900
2013-07-24, 24.4000, 24.8740, 24.1960, 24.8000, 242000
2013-07-25, 24.8000, 25.0600, 24.7800, 24.9000, 395200
2013-07-26, 24.8200, 25.0000, 24.4900, 24.5100, 498400
2013-07-29, 24.4900, 24.5700, 23.8100, 24.1200, 30600
2013-07-30, 24.1800, 24.4400, 23.9600, 24.0900, 303600
2013-07-31, 24.1600, 24.1600, 23.7515, 23.9000, 292700
2013-08-01, 24.0100, 24.2500, 23.8900, 24.1500, 219800
2013-08-02, 24.1600, 24.2500, 23.9300, 24.0300, 221200
2013-08-05, 24.0600, 25.6700, 24.0600, 25.0000, 352100
2013-08-06, 24.8800, 25.0100, 24.3700, 24.7600, 147700
2013-08-07, 24.7600, 25.0100, 24.7300, 24.8600, 74800
2013-08-08, 24.7400, 25.2100, 24.5400, 24.6000, 372100
2013-08-09, 24.5200, 24.6000, 23.6200, 24.2100, 188400
2013-08-12, 24.1700, 24.6400, 24.1000, 24.3800, 608500
2013-08-13, 24.3900, 25.2200, 24.1800, 24.8500, 459900
2013-08-14, 24.7800, 25.0300, 24.7600, 24.8500, 139900
2013-08-15, 24.5200, 24.9400, 24.1400, 24.3400, 193800
2013-08-16, 24.2300, 24.7300, 24.0900, 24.6200, 87500
2013-08-19, 24.6500, 24.8400, 24.4100, 24.6900, 318200
2013-08-20, 24.6500, 24.8600, 24.5600, 24.7000, 191000
2013-08-21, 24.6100, 25.3000, 24.5200, 24.7200, 212500
2013-08-22, 24.8200, 24.9600, 24.6500, 24.7600, 95800
2013-08-23, 24.7400, 24.8500, 24.3500, 24.5000, 169700
2013-08-26, 24.5700, 25.4600, 24.5700, 25.3000, 138000
2013-08-27, 25.1300, 25.1300, 24.4500, 24.5000, 85400
2013-08-28, 24.4200, 24.5300, 23.8200, 23.9200, 219200
2013-08-29, 23.9400, 24.4900, 23.9320, 24.2000, 151900
2013-08-30, 24.1700, 24.2000, 23.6000, 23.8700, 144000
2013-09-03, 24.1300, 24.3600, 23.7500, 24.1600, 137800
2013-09-04, 24.3000, 24.9000, 24.1600, 24.4900, 144500
2013-09-05, 24.4400, 24.7750, 24.1300, 24.3900, 103600
2013-09-06, 24.5000, 24.5800, 23.8900, 24.3900, 81600
2013-09-09, 24.4100, 24.8650, 24.1800, 24.7800, 109700
2013-09-10, 23.8400, 24.0900, 23.0541, 23.6300, 517800
2013-09-11, 23.5400, 23.5400, 22.8800, 23.3200, 249400
2013-09-12, 23.2700, 23.3300, 22.3700, 22.7000, 832400
2013-09-13, 22.8900, 23.1700, 22.7100, 23.1100, 7589900
2013-09-16, 23.2500, 23.6300, 22.8100, 22.8300, 880200
2013-09-17, 22.8900, 23.1200, 22.5000, 23.0200, 922600
2013-09-18, 23.0000, 23.1400, 22.7800, 22.9600, 868700
2013-09-19, 23.0500, 23.0500, 22.6200, 22.7400, 2516600
2013-09-20, 22.8400, 22.9200, 22.5800, 22.7100, 1243400
2013-09-23, 22.7100, 22.7200, 22.2200, 22.6200, 519200
2013-09-24, 22.5900, 22.7700, 22.3900, 22.5600, 596000
2013-09-25, 22.5800, 22.5900, 22.2400, 22.4000, 698900
2013-09-26, 22.4100, 22.5700, 22.1500, 22.2200, 624900
2013-09-27, 22.1600, 22.2100, 21.6800, 21.6800, 1598900
2013-09-30, 21.6400, 22.2500, 21.3000, 22.2100, 1115900
2013-10-01, 22.1700, 22.4200, 22.0100, 22.1500, 625000
2013-10-02, 22.0700, 22.2600, 21.9900, 22.2300, 273400
2013-10-03, 22.1600, 22.1820, 21.7400, 21.7800, 621900
2013-10-04, 21.8600, 22.0200, 21.5400, 21.8200, 361100
2013-10-07, 21.6600, 21.6900, 21.3300, 21.5400, 575500
2013-10-08, 21.4900, 21.5300, 21.0600, 21.1100, 451700
2013-10-09, 21.1100, 21.1800, 20.7900, 20.9800, 316600
2013-10-10, 21.1100, 21.5800, 21.0100, 21.4900, 225300
2013-10-11, 21.3800, 21.5400, 21.1700, 21.3000, 248200
2013-10-14, 21.1400, 21.6880, 20.6400, 21.4600, 209100
2013-10-15, 21.4300, 22.5800, 21.1500, 22.4300, 825200
2013-10-16, 22.5300, 22.6000, 22.2300, 22.5000, 311400
2013-10-17, 22.4900, 23.1100, 22.2800, 23.1000, 943800
2013-10-18, 23.1700, 23.2100, 22.5400, 23.1600, 357100
2013-10-21, 23.1200, 23.2700, 23.0800, 23.2700, 289300
2013-10-22, 23.3000, 23.3800, 22.9800, 23.3600, 317900
2013-10-23, 23.3300, 23.4600, 23.2200, 23.4400, 158900
2013-10-24, 23.4100, 23.5000, 23.0300, 23.4900, 345200
2013-10-25, 23.5000, 23.5000, 22.9500, 23.1800, 298400
2013-10-28, 23.1300, 23.6600, 23.1300, 23.4900, 339200
2013-10-29, 23.4900, 23.4900, 23.1219, 23.3700, 148100
2013-10-30, 23.3500, 23.6000, 23.3500, 23.3900, 612100
2013-10-31, 23.4400, 23.5900, 23.1900, 23.4600, 543900
2013-11-01, 23.4200, 23.4900, 23.2300, 23.3800, 363000
2013-11-04, 23.3900, 23.5200, 23.2900, 23.4700, 149500
2013-11-05, 23.4200, 23.6000, 23.2200, 23.3600, 705800
2013-11-06, 23.4100, 23.6000, 23.3250, 23.3900, 238700
2013-11-07, 23.0000, 23.0500, 21.8500, 22.1400, 1094300
2013-11-08, 22.1100, 22.8000, 22.1100, 22.3000, 590400
2013-11-11, 22.2400, 22.6200, 22.0501, 22.5400, 501600
2013-11-12, 22.5500, 22.7000, 22.1500, 22.4000, 182300
2013-11-13, 22.2500, 22.4600, 21.9900, 22.1700, 328800
2013-11-14, 22.0700, 22.7700, 22.0300, 22.6900, 435300
2013-11-15, 22.6800, 22.8100, 22.4700, 22.6200, 245600
2013-11-18, 22.6200, 22.6600, 22.1700, 22.2800, 387600
2013-11-19, 22.3200, 22.3350, 21.8000, 21.9600, 570400
2013-11-20, 22.0900, 22.2350, 21.5300, 21.6900, 261000
2013-11-21, 21.7200, 22.0800, 21.6650, 21.8600, 147300
2013-11-22, 21.8800, 22.0500, 21.6800, 21.7100, 245200
2013-11-25, 21.7900, 21.8000, 21.3600, 21.4500, 184700
2013-11-26, 21.5000, 21.5000, 20.6800, 21.0100, 2225600
2013-11-27, 21.0700, 21.9500, 20.8900, 21.8900, 251400
2013-11-29, 21.9800, 22.2900, 21.8900, 22.0700, 65700
2013-12-02, 22.0500, 22.2800, 22.0000, 22.2500, 167000
2013-12-03, 22.1800, 22.2100, 21.7000, 21.8500, 238700
2013-12-04, 21.7300, 21.7300, 20.9500, 21.3400, 319200
2013-12-05, 21.2700, 21.4000, 20.9900, 21.0900, 218800
2013-12-06, 21.2300, 21.2900, 20.8000, 20.9400, 271000
2013-12-09, 20.9400, 21.1200, 20.8500, 21.1100, 560300
2013-12-10, 22.5600, 23.4400, 22.0100, 22.7400, 6286900
2013-12-11, 22.8200, 23.0500, 22.7500, 22.8500, 383500
2013-12-12, 22.8800, 22.8800, 22.4900, 22.6500, 346000
2013-12-13, 22.7400, 22.8900, 22.4600, 22.5200, 419100
2013-12-16, 22.6000, 23.0000, 22.6000, 22.8500, 434200
2013-12-17, 22.9100, 22.9100, 22.4000, 22.7500, 187400
2013-12-18, 22.7500, 23.0000, 22.6500, 22.8600, 256800
2013-12-19, 22.7800, 22.9400, 22.5000, 22.7500, 266900
2013-12-20, 22.9100, 24.1400, 22.8900, 24.1200, 689300
2013-12-23, 24.1500, 24.3900, 23.9750, 24.3600, 273800
2013-12-24, 24.4700, 24.5700, 24.2500, 24.2600, 162700
2013-12-26, 24.4000, 24.4800, 24.1900, 24.2400, 130800
2013-12-27, 24.3500, 24.3500, 23.9400, 24.1600, 166800
2013-12-30, 24.1300, 24.5500, 24.0700, 24.5400, 247200
2013-12-31, 24.5100, 24.7400, 24.3000, 24.6600, 141900
2014-01-02, 24.6700, 25.8300, 24.6400, 25.2100, 739800
2014-01-03, 25.1900, 26.0700, 24.8200, 24.8500, 764800
2014-01-06, 25.0000, 25.0000, 24.4600, 24.8300, 527700
2014-01-07, 24.8300, 25.2600, 24.6950, 25.2400, 275500
2014-01-08, 25.1600, 25.6700, 24.9500, 25.5600, 362300
2014-01-09, 25.5500, 25.5840, 25.0500, 25.3000, 579700
2014-01-10, 25.3500, 25.5800, 25.0000, 25.5100, 347800
2014-01-13, 25.4200, 25.6500, 24.9500, 25.0300, 514000
2014-01-14, 25.1400, 25.5000, 24.9900, 25.3900, 162200
2014-01-15, 25.3900, 25.6100, 25.2000, 25.2600, 673200
2014-01-16, 25.2500, 25.4600, 24.9100, 25.4500, 562500
2014-01-17, 25.3500, 25.4945, 25.0900, 25.4700, 349500
2014-01-21, 25.6000, 25.7000, 25.3600, 25.6200, 401300
2014-01-22, 25.6700, 26.0300, 25.6200, 26.0300, 411600
2014-01-23, 25.8600, 26.3300, 25.7400, 26.3000, 1193400
2014-01-24, 25.6100, 26.2100, 24.2500, 25.2500, 1764100
2014-01-27, 25.3200, 25.3200, 24.0000, 24.5600, 664400
2014-01-28, 24.5300, 24.7500, 24.3020, 24.4600, 276600
2014-01-29, 24.2100, 24.6800, 23.9610, 24.2400, 825600
2014-01-30, 24.3600, 24.6800, 24.1350, 24.4600, 602300
2014-01-31, 24.0800, 24.5050, 23.9300, 24.1300, 251900
2014-02-03, 24.0400, 24.3500, 23.6100, 23.6500, 538400
2014-02-04, 23.6500, 23.9500, 23.4400, 23.6300, 440200
2014-02-05, 23.6500, 23.8600, 22.8950, 23.3200, 571800
2014-02-06, 23.4000, 23.8300, 23.2850, 23.5000, 420000
2014-02-07, 23.6500, 24.1900, 23.6040, 23.9300, 264600
2014-02-10, 23.9700, 23.9700, 23.6100, 23.7300, 314300
2014-02-11, 23.8700, 24.0600, 23.5900, 23.9700, 520000
2014-02-12, 23.9300, 24.1700, 23.7400, 24.0700, 686000
2014-02-13, 23.5500, 24.9156, 23.1650, 23.6200, 748100
2014-02-14, 23.6600, 24.1900, 23.0300, 23.8000, 709200
2014-02-18, 23.8500, 24.4100, 23.8500, 24.4000, 165300
2014-02-19, 24.3900, 24.7900, 24.3200, 24.5000, 509700
2014-02-20, 24.4900, 24.6600, 24.2600, 24.4100, 204400
2014-02-21, 24.3800, 24.6250, 23.7900, 24.2800, 218700
2014-02-24, 24.3600, 24.5200, 24.0200, 24.3300, 159600
2014-02-25, 24.3900, 24.5300, 24.1800, 24.2700, 251900
2014-02-26, 24.3100, 24.3100, 23.8800, 24.0100, 244800
2014-02-27, 24.0100, 24.5300, 23.9900, 24.5200, 272100
2014-02-28, 24.5200, 24.9100, 24.1100, 24.2600, 196100
2014-03-03, 24.0500, 24.7160, 23.9900, 24.6000, 314400
2014-03-04, 24.8300, 25.1700, 24.8300, 25.0200, 242300
2014-03-05, 25.0300, 25.1000, 24.6100, 24.7500, 302700
2014-03-06, 24.7500, 24.9800, 24.5820, 24.8700, 179500
2014-03-07, 24.9800, 24.9900, 24.5900, 24.9300, 219600
2014-03-10, 24.9500, 25.0200, 24.3400, 24.5900, 402900
2014-03-11, 24.5900, 24.8200, 24.3750, 24.7300, 358700
2014-03-12, 24.5800, 25.2800, 24.2100, 25.2100, 412400
2014-03-13, 25.2500, 25.5000, 24.9100, 25.2800, 372900
2014-03-14, 25.2100, 25.4400, 24.7900, 24.9000, 361500
2014-03-17, 25.0200, 25.4300, 24.8800, 24.9600, 133400
2014-03-18, 25.0180, 25.8100, 24.9700, 25.8100, 190900
2014-03-19, 25.7800, 25.9100, 25.1500, 25.2400, 165300
2014-03-20, 25.4400, 25.9800, 24.9600, 25.7100, 260800
2014-03-21, 25.8900, 25.8900, 25.0900, 25.3700, 409700
2014-03-24, 25.4100, 25.6600, 24.7400, 25.0900, 329100
2014-03-25, 25.2500, 25.3300, 24.8900, 25.0100, 200900
2014-03-26, 25.1700, 25.2300, 24.5400, 24.8000, 971800
2014-03-27, 24.7500, 25.0800, 24.1800, 24.3300, 316000
2014-03-28, 24.3500, 25.1200, 24.2860, 24.7000, 432500
2014-03-31, 24.8200, 24.9300, 24.5600, 24.7000, 391100
2014-04-01, 24.7500, 25.1900, 24.4000, 24.7500, 834000
2014-04-02, 24.8300, 25.0000, 24.7300, 24.9400, 359400
2014-04-03, 25.0000, 25.0400, 24.7000, 24.8000, 385800
2014-04-04, 24.9300, 25.1000, 24.1400, 24.3700, 185500
2014-04-07, 24.3100, 24.3100, 23.8100, 23.9700, 313200
2014-04-08, 24.0200, 24.1000, 23.6520, 23.8900, 144800
2014-04-09, 23.8900, 24.0700, 23.7300, 23.8700, 298300
2014-04-10, 23.8700, 24.1600, 23.2000, 23.2600, 306100
2014-04-11, 23.1700, 23.2800, 22.7000, 23.0600, 694100
2014-04-14, 23.2500, 23.5700, 23.0600, 23.3600, 281700
2014-04-15, 23.4100, 23.6400, 23.1200, 23.5300, 230300
2014-04-16, 23.6400, 23.9000, 23.4200, 23.7300, 216700
2014-04-17, 23.6500, 24.0900, 23.6500, 23.7900, 1493000
2014-04-21, 23.8000, 23.8800, 23.6600, 23.7100, 116300
2014-04-22, 23.7000, 23.8000, 23.5400, 23.6500, 185200
2014-04-23, 23.7000, 23.9900, 23.5607, 23.6700, 290200
2014-04-24, 23.8500, 23.8500, 23.4400, 23.7300, 438200
2014-04-25, 23.7000, 23.7000, 23.4500, 23.4700, 236600
2014-04-28, 23.5000, 23.6300, 23.1350, 23.4000, 164500
2014-04-29, 23.4000, 23.6900, 23.1200, 23.5000, 146600
2014-04-30, 23.5100, 23.6500, 23.2500, 23.5400, 495200
2014-05-01, 23.6400, 23.7600, 23.3600, 23.6000, 283400
2014-05-02, 23.6600, 24.0000, 23.4860, 23.7800, 254500
2014-05-05, 23.6500, 24.0500, 23.4900, 23.9700, 280100
2014-05-06, 23.8500, 24.1500, 23.6100, 23.6400, 286700
2014-05-07, 23.7100, 23.8300, 23.1500, 23.4500, 576100
2014-05-08, 23.4400, 23.7200, 23.0800, 23.1800, 199400
2014-05-09, 23.0700, 23.2800, 22.6700, 23.0800, 280800
2014-05-12, 23.1200, 23.2200, 22.7500, 22.8400, 574300
2014-05-13, 22.9000, 23.1200, 22.7200, 22.7400, 572100
2014-05-14, 22.7600, 22.7600, 22.3800, 22.5200, 248600
2014-05-15, 22.3400, 22.5100, 22.0800, 22.4100, 256400
2014-05-16, 22.3700, 22.7300, 22.1800, 22.5600, 3262300
2014-05-19, 22.5700, 23.3900, 22.5400, 23.3100, 1036500
2014-05-20, 23.2300, 23.4300, 23.1100, 23.2100, 547200
2014-05-21, 23.2300, 23.3600, 23.0000, 23.2700, 379700
2014-05-22, 23.3300, 23.4890, 23.1290, 23.3500, 1460600
2014-05-23, 23.3500, 23.5000, 23.2500, 23.4000, 999400
2014-05-27, 23.5500, 23.6700, 23.3300, 23.6500, 734000
2014-05-28, 23.6700, 24.0000, 23.4400, 23.8500, 629700
2014-05-29, 23.8800, 23.9900, 23.7600, 23.9000, 627800
2014-05-30, 23.9200, 24.0100, 23.8100, 23.9100, 441100
2014-06-02, 23.8800, 24.0000, 23.7000, 23.8800, 669000
2014-06-03, 23.8200, 23.9700, 23.6900, 23.8000, 726900
2014-06-04, 23.8000, 24.1400, 23.7080, 24.0900, 596800
2014-06-05, 24.1400, 24.2700, 23.9500, 24.1000, 786000
2014-06-06, 24.2100, 24.3100, 24.0900, 24.1200, 788600
2014-06-09, 24.0600, 24.3200, 23.9900, 24.1400, 1016800
2014-06-10, 24.1000, 24.2100, 24.0200, 24.2100, 678800
2014-06-11, 24.1700, 24.2600, 24.0900, 24.2300, 407800
2014-06-12, 24.2100, 24.3100, 24.1600, 24.2500, 485800
2014-06-13, 24.2400, 24.4300, 24.1500, 24.3400, 397200
2014-06-16, 24.1100, 24.5800, 24.1100, 24.4000, 481600
2014-06-17, 24.2000, 24.7800, 24.1400, 24.6500, 357500
2014-06-18, 24.5900, 24.8300, 24.5000, 24.8000, 269000
2014-06-19, 24.8000, 24.9600, 24.5800, 24.7200, 502700
2014-06-20, 24.6200, 25.0250, 24.6200, 24.8900, 493200
2014-06-23, 24.8400, 25.0100, 24.7300, 24.9600, 454500
2014-06-24, 24.8700, 25.3400, 24.6900, 24.8600, 458800
2014-06-25, 24.7500, 24.9700, 24.5450, 24.8200, 401000
2014-06-26, 24.7400, 24.7400, 24.3400, 24.4400, 263700
2014-06-27, 24.3400, 24.7800, 24.2600, 24.2900, 3456200
2014-06-30, 23.8000, 24.4500, 23.8000, 24.2400, 543900
2014-07-01, 24.3400, 24.6600, 24.1200, 24.1300, 612900
2014-07-02, 24.0400, 24.2000, 23.8300, 23.9500, 327200
2014-07-03, 24.0000, 24.3200, 23.9600, 24.2600, 177200
2014-07-07, 24.1500, 24.2800, 23.8800, 23.8900, 274600
2014-07-08, 23.7700, 23.7800, 23.3200, 23.5000, 519400
2014-07-09, 23.5300, 23.7000, 23.1900, 23.2500, 280500
2014-07-10, 22.9600, 23.3300, 22.6600, 23.1800, 400600
2014-07-11, 23.1400, 23.2750, 22.8600, 23.0800, 422600
2014-07-14, 23.1800, 23.2600, 23.0000, 23.1500, 230500
2014-07-15, 23.1700, 23.4600, 23.1000, 23.4200, 271700
2014-07-16, 23.5600, 23.5900, 23.1800, 23.2900, 151400
2014-07-17, 23.2000, 23.3500, 23.1500, 23.1600, 241700
2014-07-18, 23.1100, 23.3100, 23.0600, 23.3000, 188200
2014-07-21, 23.2000, 23.2300, 22.8200, 22.9800, 192100
2014-07-22, 22.9900, 23.1800, 22.8800, 23.0600, 198800
2014-07-23, 23.0500, 23.1900, 22.9100, 22.9300, 133100
2014-07-24, 22.9100, 23.0000, 22.6000, 22.6700, 201000
2014-07-25, 22.5500, 22.5500, 22.2700, 22.3800, 288300
2014-07-28, 22.4200, 22.4200, 22.0200, 22.3600, 259600
2014-07-29, 22.3500, 22.4400, 22.1400, 22.3500, 272900
2014-07-30, 22.4500, 22.6900, 22.2900, 22.6900, 180400
2014-07-31, 22.5000, 22.6900, 22.1800, 22.3600, 317500
2014-08-01, 22.3800, 22.3900, 21.8600, 22.3500, 230000
2014-08-04, 22.4100, 22.4800, 22.1500, 22.3500, 249900
2014-08-05, 22.2200, 22.4299, 21.9700, 22.2800, 242500
2014-08-06, 22.1500, 22.7000, 22.1500, 22.4500, 293100
2014-08-07, 22.5500, 22.5500, 21.6900, 21.9600, 633400
2014-08-08, 21.9200, 22.1400, 21.7200, 22.1000, 641000
2014-08-11, 22.1500, 22.5000, 22.0700, 22.3600, 215200
2014-08-12, 22.3500, 22.7200, 22.2650, 22.4300, 438800
2014-08-13, 22.5900, 23.1300, 22.5200, 23.1100, 324700
2014-08-14, 22.9800, 23.0800, 22.7800, 22.9300, 171600
2014-08-15, 23.1300, 23.1300, 22.5900, 22.7300, 245600
2014-08-18, 22.9300, 23.0100, 22.7000, 22.8900, 163900
2014-08-19, 22.8900, 22.9200, 22.6920, 22.9000, 281900
2014-08-20, 22.8200, 22.9200, 22.6500, 22.8400, 98300
2014-08-21, 22.8300, 23.1100, 22.5800, 23.0600, 158100
2014-08-22, 23.0500, 23.1800, 22.8100, 22.8800, 112800
2014-08-25, 22.9700, 23.0500, 22.8000, 22.8500, 82000
2014-08-26, 22.8500, 23.0500, 22.7200, 22.9900, 196500
2014-08-27, 22.9600, 23.0800, 22.8400, 23.0300, 109300
2014-08-28, 22.9300, 22.9906, 22.7400, 22.7500, 107100
2014-08-29, 22.6600, 23.0900, 22.6600, 23.0300, 96900
2014-09-02, 23.1100, 23.3228, 23.1100, 23.2800, 138500
2014-09-03, 23.2900, 23.5100, 23.2600, 23.3800, 289200
2014-09-04, 23.4800, 23.4800, 23.1400, 23.2400, 190700
2014-09-05, 23.1700, 23.2800, 23.0600, 23.1000, 135100
2014-09-08, 23.1200, 23.2900, 22.9200, 23.1800, 158000
2014-09-09, 23.1100, 23.1700, 22.8700, 22.9900, 338600
2014-09-10, 23.0000, 23.0200, 22.7200, 22.9300, 239500
2014-09-11, 22.8700, 22.9400, 22.7400, 22.8800, 118400
2014-09-12, 22.9200, 22.9200, 22.4800, 22.6000, 310700
2014-09-15, 22.6600, 22.7100, 22.2100, 22.3100, 162500
2014-09-16, 22.3200, 22.3800, 22.0400, 22.2600, 445200
2014-09-17, 22.2500, 22.6400, 22.2500, 22.5800, 345600
2014-09-18, 22.7000, 23.3400, 22.5500, 23.2400, 461100
2014-09-19, 23.2600, 23.3750, 23.1000, 23.1300, 374100
2014-09-22, 23.0200, 23.0800, 22.4700, 22.6600, 247459
2014-09-23, 22.6500, 22.6800, 22.1000, 22.1600, 226299
2014-09-24, 22.1400, 22.2900, 21.9200, 21.9800, 531509
2014-09-25, 22.1800, 22.4200, 21.8850, 22.3000, 673665
2014-09-26, 22.3100, 22.4400, 22.2000, 22.4000, 229121
2014-09-29, 22.2000, 22.5200, 22.2000, 22.5000, 158998
2014-09-30, 22.4700, 22.6400, 22.3400, 22.3400, 265197
2014-10-01, 22.3500, 22.3500, 21.8000, 21.8200, 330600
2014-10-02, 21.8500, 22.0600, 21.5700, 21.8000, 268786
2014-10-03, 21.9400, 22.3300, 21.8500, 22.1600, 244822
2014-10-06, 22.1900, 22.3700, 22.0800, 22.0800, 165333
2014-10-07, 21.9400, 22.1000, 21.7700, 21.7800, 218051
2014-10-08, 21.7300, 22.1500, 21.6000, 21.9700, 287170
2014-10-09, 21.9000, 22.0800, 21.6700, 21.7200, 286522
2014-10-10, 21.6000, 21.8500, 21.4600, 21.4800, 408901
2014-10-13, 21.4500, 21.8000, 21.1800, 21.2600, 310058
2014-10-14, 21.4000, 21.6800, 20.9000, 20.9200, 572575
2014-10-15, 20.6500, 21.0000, 20.4701, 20.9800, 659037
2014-10-16, 20.7700, 21.1900, 20.7520, 21.0000, 470984
2014-10-17, 21.0700, 21.2100, 20.9600, 20.9900, 803164
2014-10-20, 20.8900, 21.4600, 20.8460, 21.4500, 313687
2014-10-21, 21.4600, 21.6100, 21.2940, 21.5300, 162256
2014-10-22, 21.5100, 21.6800, 21.3400, 21.3800, 333746
2014-10-23, 21.4800, 21.8000, 21.4400, 21.5600, 277435
2014-10-24, 21.6300, 21.7700, 21.5100, 21.7100, 275885
2014-10-27, 21.6600, 21.7400, 21.4800, 21.6300, 348600
2014-10-28, 21.6600, 22.5000, 21.4820, 22.4800, 309843
2014-10-29, 22.4500, 22.7200, 21.9100, 22.0000, 247716
2014-10-30, 22.1000, 22.2000, 22.0300, 22.1400, 179930
2014-10-31, 22.5500, 22.7300, 22.3500, 22.7000, 495009
2014-11-03, 22.6500, 23.0000, 22.3900, 22.4900, 643578
2014-11-04, 22.4200, 22.6300, 22.3400, 22.5100, 252303
2014-11-05, 22.6000, 22.9600, 22.3800, 22.8100, 153926
2014-11-06, 21.6600, 22.3500, 21.3300, 22.0800, 1018690
2014-11-07, 22.0400, 22.3900, 21.8200, 22.1900, 519373
2014-11-10, 22.1700, 22.3500, 22.0100, 22.1400, 262670
2014-11-11, 22.1900, 22.2500, 21.9300, 22.1400, 641951
2014-11-12, 22.1000, 22.2000, 22.0300, 22.1400, 312557
2014-11-13, 22.0200, 22.1840, 21.5900, 21.7100, 438526
2014-11-14, 21.6600, 21.7900, 21.6000, 21.6400, 334001
2014-11-17, 21.6600, 22.0400, 21.5000, 21.9000, 259285
2014-11-18, 21.9800, 22.0900, 21.7900, 21.9500, 294749
2014-11-19, 21.8900, 22.0800, 21.5400, 21.6100, 100363
2014-11-20, 21.5000, 21.7400, 21.4800, 21.6600, 136008
2014-11-21, 21.9100, 22.2300, 21.7500, 22.0800, 430530
2014-11-24, 21.6100, 22.0300, 21.3300, 22.0000, 649561
2014-11-25, 22.0800, 22.2800, 21.9100, 22.2600, 443021
2014-11-26, 22.3200, 22.4400, 22.2400, 22.3800, 193106
2014-11-28, 22.4600, 22.4600, 22.0300, 22.0400, 189297
2014-12-01, 21.9200, 22.0680, 21.2400, 21.7000, 369855
2014-12-02, 21.7600, 22.1000, 21.7600, 22.0500, 195134
2014-12-03, 22.0000, 22.1800, 21.9100, 22.1500, 167272
2014-12-04, 22.1700, 22.2700, 22.0000, 22.2000, 276488
2014-12-05, 22.2100, 22.4600, 22.2100, 22.4000, 239736
2014-12-08, 22.3200, 22.5500, 22.0000, 22.0500, 193680
2014-12-09, 21.8500, 22.4600, 21.8500, 22.4500, 246401
2014-12-10, 22.3200, 22.3900, 21.7400, 21.7500, 220455
2014-12-11, 21.8900, 22.4900, 21.8900, 22.2600, 209666
2014-12-12, 21.9700, 22.0600, 21.6400, 21.6600, 434300
2014-12-15, 21.7000, 21.8100, 21.2200, 21.5400, 336483
2014-12-16, 21.4500, 21.7700, 21.4300, 21.4500, 260553
2014-12-17, 21.4300, 22.1450, 21.3200, 22.1000, 330921
2014-12-18, 22.2900, 22.2900, 21.8300, 22.1400, 472340
2014-12-19, 22.0900, 22.3200, 21.9300, 22.1900, 530302
2014-12-22, 22.1800, 22.2400, 21.8500, 22.1400, 193522
2014-12-23, 22.2500, 22.6000, 22.0700, 22.5800, 152368
2014-12-24, 22.6000, 22.7700, 22.2400, 22.7300, 96911
2014-12-26, 22.8200, 22.9300, 22.5600, 22.7400, 110516
2014-12-29, 22.7800, 22.8500, 22.5100, 22.6300, 153499
2014-12-30, 22.6300, 22.7400, 22.3100, 22.4300, 213252
2014-12-31, 22.5000, 22.5600, 22.1300, 22.1300, 203144
2015-01-02, 22.2600, 22.4100, 21.7900, 21.9800, 142399
2015-01-05, 21.7700, 22.0750, 21.6600, 21.7000, 134347
2015-01-06, 21.6900, 21.7700, 21.1300, 21.4300, 169325
2015-01-07, 21.5800, 21.6200, 21.1000, 21.3200, 174599
2015-01-08, 21.4400, 21.7700, 21.4300, 21.6900, 212303
2015-01-09, 21.6600, 21.8875, 21.4500, 21.5200, 217360
2015-01-12, 20.9800, 21.2900, 20.6400, 20.8800, 500806
2015-01-13, 21.0800, 21.1600, 20.4700, 20.8700, 282091
2015-01-14, 20.6300, 20.7800, 20.2900, 20.3000, 368041
2015-01-15, 19.8500, 20.2700, 19.5029, 20.1400, 330933
2015-01-16, 20.0200, 20.3200, 19.8900, 19.9600, 500380
2015-01-20, 19.9400, 20.1900, 19.8100, 20.0700, 311688
2015-01-21, 20.0300, 20.4200, 19.9600, 20.1100, 142796
2015-01-22, 20.1800, 20.3600, 19.7000, 19.9400, 481306
2015-01-23, 19.9100, 20.3100, 19.7600, 20.2900, 175212
2015-01-26, 20.2400, 20.3500, 20.0800, 20.3200, 142394
2015-01-27, 20.1300, 20.2900, 19.9132, 20.2200, 163481
2015-01-28, 20.3500, 20.4300, 20.0300, 20.2100, 258362
2015-01-29, 20.2700, 20.4000, 19.8700, 20.3400, 197608
2015-01-30, 20.2100, 20.4000, 19.9400, 20.0600, 329703
2015-02-02, 20.0800, 20.4200, 20.0400, 20.4000, 479252
2015-02-03, 20.5400, 20.8400, 20.2300, 20.8100, 304272
2015-02-04, 20.8100, 21.2000, 20.8100, 20.9600, 210272
2015-02-05, 21.0500, 21.2900, 20.9500, 21.0000, 187014
2015-02-06, 21.0000, 21.3400, 20.9100, 21.2800, 300870
2015-02-09, 21.2700, 21.2700, 20.8348, 20.8600, 296868
2015-02-10, 20.9200, 20.9200, 20.5200, 20.6700, 156142
2015-02-11, 20.6100, 20.7900, 20.5100, 20.6500, 290179
2015-02-12, 20.8000, 21.1600, 20.6550, 20.9800, 286464
2015-02-13, 20.9700, 21.1200, 20.8700, 20.9000, 318858
2015-02-17, 20.9200, 21.0000, 20.5900, 20.6600, 272017
2015-02-18, 20.6700, 20.8350, 20.4400, 20.5900, 295471
2015-02-19, 20.3800, 20.4800, 19.3600, 19.9800, 897705
2015-02-20, 19.9000, 20.3800, 19.6900, 20.2200, 754396
2015-02-23, 20.1400, 20.3900, 19.8400, 20.1200, 628833
2015-02-24, 20.0900, 20.3700, 19.8400, 20.2800, 258017
2015-02-25, 20.2300, 20.4300, 20.1800, 20.3400, 382324
2015-02-26, 20.1500, 21.0900, 20.1500, 20.9200, 305527
2015-02-27, 20.9600, 21.0100, 20.7400, 20.8500, 635150
2015-03-02, 20.9000, 21.4300, 20.7400, 21.3900, 318620
2015-03-03, 21.3400, 21.4000, 21.1600, 21.2600, 204438
2015-03-04, 21.1400, 21.3400, 21.0200, 21.1500, 201259
2015-03-05, 21.2200, 21.5600, 21.0600, 21.5000, 257084
2015-03-06, 21.3300, 22.0000, 21.3300, 21.7700, 466522
2015-03-09, 21.8300, 21.9400, 21.6300, 21.6400, 297190
2015-03-10, 21.4200, 21.5800, 21.1900, 21.5100, 284997
2015-03-11, 21.5300, 22.8700, 21.4600, 22.2000, 1215231
2015-03-12, 22.3100, 22.7000, 22.2450, 22.5000, 473946
2015-03-13, 22.4200, 22.5400, 22.0400, 22.2400, 229178
2015-03-16, 22.3500, 22.3500, 21.9801, 22.1500, 330317
2015-03-17, 22.0300, 22.1700, 21.9800, 22.1000, 184525
2015-03-18, 22.0900, 22.5400, 22.0000, 22.4000, 368664
2015-03-19, 22.3700, 22.6400, 22.3100, 22.6000, 314104
2015-03-20, 22.7100, 22.7100, 22.5800, 22.6100, 410559
2015-03-23, 22.5800, 22.7400, 22.4600, 22.5500, 154447
2015-03-24, 22.5700, 22.6400, 22.3400, 22.4400, 376934
2015-03-25, 22.4200, 22.4700, 21.8400, 21.8600, 258556
2015-03-26, 21.8600, 22.0250, 21.7500, 21.8600, 212345
2015-03-27, 21.8900, 21.9600, 21.6700, 21.7100, 179198
2015-03-30, 21.7600, 21.8700, 21.7000, 21.8300, 191599
2015-03-31, 22.0000, 22.0000, 21.7900, 21.8600, 298510
2015-04-01, 21.8500, 22.0200, 21.6100, 21.6700, 462732
2015-04-02, 21.6900, 21.7700, 21.1650, 21.4000, 521103
2015-04-06, 21.2700, 21.5900, 21.2100, 21.4400, 461342
2015-04-07, 21.3900, 21.5100, 21.3500, 21.3800, 337849
2015-04-08, 21.3600, 21.5900, 21.3200, 21.3700, 210380
2015-04-09, 21.4000, 21.5400, 21.1900, 21.5200, 212705
2015-04-10, 21.5500, 21.6800, 21.4320, 21.6600, 182881
2015-04-13, 21.6900, 21.8700, 21.6200, 21.6900, 111925
2015-04-14, 21.7200, 21.8400, 21.6200, 21.7900, 107062
2015-04-15, 21.9000, 22.0200, 21.7400, 21.9000, 165789
2015-04-16, 21.8200, 21.9700, 21.6800, 21.6800, 117435
2015-04-17, 21.4900, 21.6000, 21.0100, 21.1900, 170953
2015-04-20, 21.2700, 21.4600, 21.1100, 21.2000, 139453
2015-04-21, 21.2800, 21.3200, 20.9400, 21.2300, 249836
2015-04-22, 21.1600, 21.6300, 21.0100, 21.6100, 225971
2015-04-23, 21.6000, 21.6600, 21.1700, 21.2400, 187728
2015-04-24, 21.3100, 21.3900, 21.0300, 21.2500, 234145
2015-04-27, 21.3300, 21.3300, 20.8900, 20.9500, 320278
2015-04-28, 21.0100, 21.3300, 20.7580, 21.0600, 317817
2015-04-29, 21.0300, 21.2500, 20.9400, 21.1200, 284430
2015-04-30, 21.0500, 21.1700, 20.5500, 20.7300, 401433
2015-05-01, 20.8000, 20.9600, 20.5200, 20.7700, 545090
2015-05-04, 20.7800, 20.8500, 20.5200, 20.6000, 362159
2015-05-05, 20.5300, 20.7800, 20.1700, 20.3400, 395618
2015-05-06, 20.3300, 20.7100, 20.1340, 20.7000, 395523
2015-05-07, 20.5900, 22.3100, 20.5900, 22.1800, 636172
2015-05-08, 22.2800, 22.6600, 22.2000, 22.4300, 297344
2015-05-11, 22.3700, 22.9200, 22.3700, 22.5400, 376880
2015-05-12, 22.4200, 22.5700, 22.1800, 22.3200, 246807
2015-05-13, 22.3800, 22.5200, 22.0800, 22.3000, 232639
2015-05-14, 22.2900, 22.7200, 22.2020, 22.5600, 141867
2015-05-15, 22.5900, 22.6800, 22.3300, 22.6500, 220196
2015-05-18, 22.5900, 22.8500, 22.3400, 22.8300, 147740
2015-05-19, 22.7700, 22.8799, 22.5000, 22.6700, 182697
2015-05-20, 22.7100, 22.8100, 22.4500, 22.7800, 165562
2015-05-21, 22.7900, 22.9900, 22.5800, 22.7500, 282376
2015-05-22, 22.7400, 22.8700, 22.4800, 22.5900, 197318
2015-05-26, 22.4600, 22.5500, 22.1000, 22.2300, 168238
2015-05-27, 22.2500, 22.5700, 22.1000, 22.4500, 138979
2015-05-28, 22.3700, 22.5400, 22.1800, 22.5200, 117470
2015-05-29, 22.4600, 22.6100, 22.0400, 22.2300, 298226
2015-06-01, 22.3600, 22.4700, 21.9600, 22.3100, 136668
2015-06-02, 22.1800, 22.6600, 22.1550, 22.5500, 130805
2015-06-03, 22.6400, 23.0000, 22.5300, 22.9500, 188124
2015-06-04, 22.8000, 23.1200, 22.5300, 22.7200, 190174
2015-06-05, 22.7300, 22.7300, 22.2700, 22.5100, 186936
2015-06-08, 22.4400, 22.4400, 22.0200, 22.3500, 172972
2015-06-09, 22.3600, 22.3600, 22.0400, 22.2100, 122189
2015-06-10, 22.3400, 22.6500, 22.0280, 22.3400, 141737
2015-06-11, 22.3500, 22.4400, 22.2200, 22.3700, 104933
2015-06-12, 22.3500, 22.4900, 22.1600, 22.4000, 131835
2015-06-15, 22.2300, 22.3900, 21.8100, 22.3700, 224524
2015-06-16, 22.3000, 22.5900, 22.1300, 22.5200, 196966
2015-06-17, 22.6300, 22.6800, 22.3580, 22.5200, 151690
2015-06-18, 22.6200, 22.9900, 22.4520, 22.8000, 222913
2015-06-19, 22.8800, 23.0300, 22.6000, 22.8900, 520484
2015-06-22, 22.9500, 23.0600, 22.6900, 22.9500, 231283
2015-06-23, 23.0000, 23.1200, 22.9300, 23.0700, 102980
2015-06-24, 23.0700, 23.0700, 22.6700, 22.9000, 177190
2015-06-25, 22.9200, 23.0600, 22.6900, 22.8100, 233440
2015-06-26, 22.7900, 22.7900, 22.4900, 22.6300, 488797
2015-06-29, 22.4200, 22.5500, 21.5700, 21.6200, 301484
2015-06-30, 21.7600, 21.8600, 21.0900, 21.2400, 444490
2015-07-01, 21.3800, 21.7100, 21.2800, 21.4000, 420141
2015-07-02, 21.4900, 21.5900, 21.2200, 21.3000, 220611
2015-07-06, 21.1100, 21.2600, 21.0500, 21.1700, 303233
2015-07-07, 21.1300, 21.1300, 20.6800, 20.8200, 211914
2015-07-08, 20.6300, 20.8000, 20.4000, 20.5600, 243778
2015-07-09, 20.8200, 20.8200, 20.2800, 20.2900, 239133
2015-07-10, 20.5100, 20.8100, 20.5100, 20.7000, 354423
2015-07-13, 20.8000, 20.9100, 20.5375, 20.5700, 194165
2015-07-14, 20.6000, 20.6600, 20.3600, 20.4900, 211586
2015-07-15, 20.4800, 20.5100, 20.0300, 20.0500, 245655
2015-07-16, 20.1600, 20.2400, 19.9000, 19.9800, 249752
2015-07-17, 19.9800, 20.0000, 19.7600, 19.9000, 231801
2015-07-20, 19.9300, 19.9300, 19.6100, 19.6700, 162812
2015-07-21, 19.6900, 19.9700, 19.3500, 19.3800, 325646
2015-07-22, 19.3600, 19.4400, 19.1900, 19.2400, 172210
2015-07-23, 19.2300, 19.3000, 18.8200, 18.8400, 120443
2015-07-24, 18.7700, 18.9200, 18.5200, 18.5700, 198826
2015-07-27, 18.5200, 18.5800, 18.3700, 18.4500, 144807
2015-07-28, 18.5400, 18.6680, 18.2300, 18.5700, 227612
2015-07-29, 18.5800, 18.9100, 18.5500, 18.8400, 238694
2015-07-30, 18.7300, 18.9000, 18.5000, 18.8700, 151018
2015-07-31, 18.8900, 19.0100, 18.6600, 18.8200, 155965
2015-08-03, 18.8100, 18.8100, 18.4700, 18.5700, 243802
2015-08-04, 18.5600, 18.8400, 18.5500, 18.6400, 142359
2015-08-05, 18.7600, 18.8500, 18.4300, 18.4900, 167127
2015-08-06, 21.4000, 21.4000, 19.5100, 19.8300, 604319
2015-08-07, 19.6800, 19.8700, 19.0600, 19.2000, 201865
2015-08-10, 19.2700, 19.4600, 19.1550, 19.3900, 201742
2015-08-11, 19.2200, 19.4400, 19.0500, 19.4300, 234116
2015-08-12, 19.3100, 19.4100, 19.0500, 19.3300, 182518
2015-08-13, 19.2300, 19.2600, 18.9400, 19.0400, 108690
2015-08-14, 19.1200, 19.2900, 18.9900, 19.2700, 111939
2015-08-17, 19.2100, 19.2900, 18.9800, 19.2900, 83495
2015-08-18, 19.2700, 19.2700, 18.9700, 19.2000, 166846
2015-08-19, 19.0500, 19.3500, 18.9500, 19.1800, 193398
2015-08-20, 19.0100, 19.2700, 18.7900, 18.9600, 181465
2015-08-21, 18.6000, 18.7000, 17.9900, 18.4300, 331819
2015-08-24, 17.7800, 18.4300, 17.5100, 17.8100, 275373
2015-08-25, 18.3100, 18.3100, 17.4300, 17.5100, 215290
2015-08-26, 17.8600, 18.1100, 17.6300, 18.0100, 225454
2015-08-27, 18.1600, 18.3100, 17.7100, 17.8500, 535145
2015-08-28, 17.7800, 18.1000, 17.7800, 17.9100, 230747
2015-08-31, 17.8400, 18.1700, 17.7900, 18.1000, 184179
2015-09-01, 17.7900, 18.1400, 17.7300, 17.8600, 276714
2015-09-02, 18.0500, 18.2380, 17.8400, 18.0400, 819613
2015-09-03, 18.0900, 18.3300, 18.0000, 18.2300, 592496
2015-09-04, 18.0100, 18.1400, 17.9500, 17.9800, 143233
2015-09-08, 18.2400, 18.3700, 18.0400, 18.3300, 242733
2015-09-09, 18.4400, 18.4650, 18.0800, 18.1000, 375966
2015-09-10, 18.0600, 18.4200, 18.0400, 18.2400, 248379
2015-09-11, 18.1500, 18.2700, 18.0600, 18.2600, 268066
2015-09-14, 18.2800, 18.3700, 18.1300, 18.1400, 162658
2015-09-15, 18.1700, 18.5100, 18.1300, 18.4100, 455864
2015-09-16, 18.4400, 18.6700, 18.4100, 18.6200, 506763
2015-09-17, 18.5400, 18.8900, 18.5400, 18.6700, 203872
2015-09-18, 18.4700, 18.5500, 18.1300, 18.1900, 263433
2015-09-21, 18.2800, 18.5700, 18.0800, 18.3700, 232798
2015-09-22, 18.1800, 18.3400, 17.9200, 18.0400, 152517
2015-09-23, 18.0500, 18.1800, 17.9005, 18.1300, 150577
2015-09-24, 18.0400, 18.2000, 17.9300, 18.1600, 136360
2015-09-25, 18.2800, 18.3500, 17.9700, 18.0300, 318339
2015-09-28, 17.8900, 18.1200, 17.7400, 17.8800, 320422
2015-09-29, 17.8800, 17.8800, 17.4200, 17.6100, 317857
2015-09-30, 17.7600, 18.2100, 17.6700, 18.0700, 329661
2015-10-01, 18.4000, 18.4000, 17.9300, 18.3100, 351016
2015-10-02, 18.2300, 18.6600, 18.0400, 18.6400, 229130
2015-10-05, 18.8100, 19.2800, 18.7600, 19.2800, 185101
2015-10-06, 19.2600, 19.5900, 19.2100, 19.3200, 410972
2015-10-07, 19.4700, 19.4700, 19.1800, 19.4100, 273035
2015-10-08, 19.3700, 19.5800, 19.3400, 19.5300, 301538
2015-10-09, 19.6100, 19.6600, 19.3100, 19.4700, 130137
2015-10-12, 19.4900, 19.5700, 19.4000, 19.5500, 98781
2015-10-13, 19.4300, 19.6300, 19.0800, 19.0800, 144505
2015-10-14, 19.0600, 19.1800, 18.8000, 18.9400, 157018
2015-10-15, 19.0600, 19.1400, 18.8100, 19.0700, 233955
2015-10-16, 19.1400, 19.6300, 19.0400, 19.1400, 242253
2015-10-19, 19.0500, 19.1800, 18.8700, 18.9000, 194979
2015-10-20, 18.8400, 19.1800, 18.8400, 18.9900, 593424
2015-10-21, 19.0200, 19.2600, 18.6600, 18.6700, 170348
2015-10-22, 18.7600, 19.1050, 18.7600, 19.0000, 329649
2015-10-23, 19.1400, 19.1400, 18.7300, 18.9200, 233079
2015-10-26, 18.9200, 18.9600, 18.6400, 18.8000, 218954
2015-10-27, 18.7400, 18.7800, 18.3500, 18.4000, 328433
2015-10-28, 18.4500, 18.8900, 18.3500, 18.8000, 308190
2015-10-29, 18.7500, 18.8900, 18.5100, 18.5600, 344921
2015-10-30, 18.5500, 18.5700, 18.1800, 18.2400, 249895
2015-11-02, 18.1700, 18.2900, 17.9300, 18.2900, 444856
2015-11-03, 18.2400, 18.5000, 18.2400, 18.3900, 422283
2015-11-04, 18.4100, 18.5300, 18.1500, 18.2200, 271082
2015-11-05, 16.4000, 17.9200, 14.9300, 17.2000, 1129265
2015-11-06, 16.9000, 17.2000, 16.8400, 17.1400, 645588
2015-11-09, 17.0600, 17.3700, 16.9900, 17.3200, 405777
2015-11-10, 17.2200, 17.5400, 17.2100, 17.4100, 442426
2015-11-11, 17.4200, 17.5600, 16.9900, 17.0000, 377816
2015-11-12, 16.8800, 17.0500, 16.5300, 16.5400, 341709
2015-11-13, 16.4000, 16.5700, 16.3000, 16.4600, 322727
2015-11-16, 16.4400, 16.4700, 16.1600, 16.1700, 294231
2015-11-17, 16.2200, 16.4000, 16.0900, 16.1800, 247828
2015-11-18, 16.1800, 16.2800, 15.9600, 15.9900, 550159
2015-11-19, 15.9900, 16.1800, 15.9300, 16.1000, 304129
2015-11-20, 16.0300, 16.1900, 15.8600, 15.8800, 329134
2015-11-23, 15.8800, 16.4700, 15.8700, 16.2700, 527348
2015-11-24, 16.1700, 16.8200, 16.1700, 16.7900, 361604
2015-11-25, 16.8300, 17.1400, 16.7200, 17.1000, 288787
2015-11-27, 17.0300, 17.1400, 16.9300, 17.0000, 155366
2015-11-30, 17.0000, 17.3100, 17.0000, 17.1800, 329111
2015-12-01, 17.2100, 17.2500, 17.1150, 17.1900, 215724
2015-12-02, 17.1300, 17.3250, 17.0800, 17.1000, 297030
2015-12-03, 17.1600, 17.2600, 16.9800, 17.0500, 228553
2015-12-04, 17.0000, 17.6600, 17.0000, 17.5200, 503079
2015-12-07, 17.2600, 17.3500, 16.9500, 16.9900, 449364
2015-12-08, 16.8500, 17.2500, 16.6900, 16.9700, 436187
2015-12-09, 16.9400, 17.1600, 16.7600, 16.7900, 364388
2015-12-10, 16.7900, 16.9450, 16.7900, 16.9000, 381061
2015-12-11, 16.6600, 16.9700, 16.6100, 16.6500, 312932
2015-12-14, 16.6600, 16.7900, 16.6000, 16.6100, 288861
2015-12-15, 16.7000, 17.2500, 16.7000, 17.0800, 419666
2015-12-16, 17.1500, 17.1800, 16.8800, 17.0000, 311107
2015-12-17, 16.9900, 17.1900, 16.8200, 16.8300, 261222
2015-12-18, 16.7100, 16.9200, 16.6900, 16.8600, 703622
2015-12-21, 17.0200, 17.0900, 16.7900, 16.8900, 251256
2015-12-22, 16.9300, 16.9800, 16.7000, 16.9300, 262915
2015-12-23, 17.0100, 17.2000, 16.9535, 17.1000, 314190
2015-12-24, 17.0500, 17.1800, 16.8300, 17.0200, 292955
2015-12-28, 16.9300, 17.0700, 16.7300, 16.9400, 186660
2015-12-29, 17.0300, 17.0900, 16.9000, 16.9900, 211428
2015-12-30, 16.9500, 17.0500, 16.8500, 16.8700, 169500
2015-12-31, 16.8200, 16.8700, 16.6700, 16.7400, 280705
2016-01-04, 16.5200, 16.6300, 16.2700, 16.4300, 318666
2016-01-05, 16.4800, 16.4800, 16.1000, 16.1700, 204545
2016-01-06, 15.9700, 16.2600, 15.9600, 16.1700, 353766
2016-01-07, 15.9100, 16.2100, 15.8200, 15.8200, 324977
2016-01-08, 15.8700, 15.9500, 15.4200, 15.4700, 398605
2016-01-11, 15.5200, 15.5700, 15.2600, 15.3200, 258679
2016-01-12, 15.4700, 15.6400, 15.3400, 15.5500, 432489
2016-01-13, 15.6300, 15.7200, 14.7100, 14.8300, 394100
2016-01-14, 14.9200, 15.0900, 14.7200, 14.9000, 203314
2016-01-15, 14.5400, 14.7100, 14.2300, 14.5600, 207083
2016-01-19, 14.7400, 14.8600, 14.2300, 14.4100, 301954
2016-01-20, 14.2100, 14.6250, 13.8000, 14.5900, 459182
2016-01-21, 14.6000, 14.8900, 14.3900, 14.4800, 760051
2016-01-22, 14.7300, 14.8050, 14.6000, 14.6500, 444998
2016-01-25, 14.6400, 14.7500, 13.9500, 13.9800, 344705
2016-01-26, 14.0200, 14.1600, 13.9100, 14.1400, 341253
2016-01-27, 14.0000, 14.1200, 13.7100, 13.7400, 454402
2016-01-28, 13.9300, 14.0500, 13.6000, 13.7000, 384429
2016-01-29, 13.7400, 13.8400, 13.6500, 13.7400, 1124243
2016-02-01, 13.6900, 13.8800, 13.6200, 13.8300, 861772
2016-02-02, 13.7900, 13.7900, 13.3200, 13.4100, 224226
2016-02-03, 13.5400, 13.5900, 13.1600, 13.4000, 392920
2016-02-04, 13.4000, 13.4600, 12.8900, 12.9800, 849935
2016-02-05, 12.9200, 13.0000, 12.5700, 12.5800, 497021
2016-02-08, 12.4600, 12.4800, 12.1100, 12.2700, 805335
2016-02-09, 12.2100, 12.3200, 11.7100, 11.7200, 670930
2016-02-10, 11.7800, 12.4100, 11.7500, 12.0900, 957497
2016-02-11, 11.9200, 12.0800, 11.8100, 11.8800, 325760
2016-02-12, 11.9900, 12.1000, 11.8700, 11.9300, 528367
2016-02-16, 12.0100, 12.2900, 11.9000, 12.2500, 610861
2016-02-17, 12.3700, 12.6300, 12.2900, 12.4500, 459180
2016-02-18, 12.7000, 13.3200, 11.4100, 11.5200, 1955207
2016-02-19, 11.4800, 11.7900, 11.2650, 11.4000, 909959
2016-02-22, 11.5000, 11.7400, 11.4400, 11.6200, 1129883
2016-02-23, 11.5700, 11.6750, 11.4650, 11.6300, 620140
2016-02-24, 11.4900, 11.5900, 11.4000, 11.5100, 355203
2016-02-25, 11.8600, 12.1100, 11.5500, 11.7100, 705031
2016-02-26, 11.8100, 11.9700, 11.7200, 11.8500, 960042
2016-02-29, 11.8700, 12.1800, 11.8700, 11.9000, 438947
2016-03-01, 11.9900, 12.1300, 11.9600, 12.0800, 368244
2016-03-02, 12.0900, 12.7700, 12.0900, 12.7200, 2164080
2016-03-03, 12.7500, 13.3900, 12.7300, 13.3100, 703390
2016-03-04, 13.2600, 13.5900, 13.0400, 13.4800, 770101
2016-03-07, 13.4300, 13.9500, 13.4300, 13.7400, 420455
2016-03-08, 13.6900, 13.6900, 13.4700, 13.5000, 575239
2016-03-09, 13.5700, 13.6900, 13.4600, 13.5600, 274348
2016-03-10, 13.6100, 13.6200, 13.2350, 13.5000, 343917
2016-03-11, 13.6500, 13.9900, 13.6500, 13.9600, 287470
2016-03-14, 13.8700, 13.9200, 13.4500, 13.6200, 248245
2016-03-15, 13.5600, 13.6000, 13.4900, 13.5300, 342610
2016-03-16, 13.5000, 13.8500, 13.5000, 13.7200, 186164
2016-03-17, 13.7600, 13.9400, 13.5900, 13.8900, 287623
2016-03-18, 14.0000, 14.1700, 13.8900, 14.0000, 705659
2016-03-21, 13.9500, 14.0200, 13.3700, 13.6800, 303625
2016-03-22, 13.6000, 13.7200, 13.4800, 13.5600, 142260
2016-03-23, 13.5800, 13.6200, 13.4700, 13.5700, 291490
2016-03-24, 13.4400, 13.5900, 13.3500, 13.4200, 232555
2016-03-28, 13.4500, 13.5700, 13.2750, 13.5000, 155469
2016-03-29, 13.4400, 13.6950, 13.2900, 13.6800, 182755
2016-03-30, 13.7800, 13.9600, 13.6500, 13.8600, 185838
2016-03-31, 13.8900, 14.0200, 13.7300, 13.9800, 166493
2016-04-01, 13.9700, 14.0800, 13.8200, 14.0400, 199515
2016-04-04, 14.0800, 14.1600, 13.8700, 13.9100, 190182
2016-04-05, 13.8100, 13.9000, 13.4400, 13.4700, 205953
2016-04-06, 13.5100, 13.5700, 13.3700, 13.4200, 191253
2016-04-07, 13.3100, 13.4200, 13.1200, 13.2400, 289087
2016-04-08, 13.3500, 13.5240, 13.1900, 13.2200, 138033
2016-04-11, 13.2600, 13.4900, 13.0000, 13.0200, 366858
2016-04-12, 13.0600, 13.2200, 12.9800, 13.2200, 527285
2016-04-13, 13.2800, 13.9600, 13.1800, 13.9500, 257797
2016-04-14, 13.9700, 13.9700, 13.7200, 13.8900, 174737
2016-04-15, 13.9200, 14.1000, 13.8600, 13.8800, 172049
2016-04-18, 13.8800, 14.1100, 13.7600, 14.0800, 155885
2016-04-19, 14.0800, 14.2500, 13.9300, 14.0200, 117223
2016-04-20, 14.0700, 14.1600, 13.9100, 14.1500, 213815
2016-04-21, 14.0900, 14.3200, 13.9000, 13.9200, 229362
2016-04-22, 13.9200, 14.1400, 13.9200, 14.1300, 178211
2016-04-25, 14.0900, 14.1100, 13.8200, 13.8600, 124245
2016-04-26, 13.9400, 13.9755, 13.6900, 13.7000, 295385
2016-04-27, 13.7100, 13.8400, 13.6400, 13.7400, 174509
2016-04-28, 13.7000, 13.8400, 13.5600, 13.6100, 136737
2016-04-29, 13.6300, 13.6300, 13.3100, 13.4700, 205208
2016-05-02, 13.5000, 13.8100, 13.4500, 13.7700, 159826
2016-05-03, 13.6300, 13.7200, 13.3300, 13.5200, 166807
2016-05-04, 13.4900, 13.6000, 13.1800, 13.3300, 159570
2016-05-05, 13.4200, 13.4300, 13.2700, 13.2900, 118811
2016-05-06, 13.2900, 13.3900, 13.2290, 13.3200, 177104
2016-05-09, 13.2900, 13.5200, 13.2900, 13.4600, 176693
2016-05-10, 13.5400, 13.6700, 13.4500, 13.5500, 160455
2016-05-11, 13.5600, 13.5600, 13.2100, 13.2600, 182907
2016-05-12, 13.5000, 13.8800, 13.1100, 13.4200, 386331
2016-05-13, 13.4300, 13.6840, 13.3500, 13.5500, 201584
2016-05-16, 13.5500, 13.9600, 13.4900, 13.8200, 217534
2016-05-17, 13.8100, 13.8600, 13.4000, 13.5600, 228423
2016-05-18, 13.5500, 13.7600, 13.4960, 13.6000, 138413
2016-05-19, 13.4700, 13.7800, 13.3900, 13.6800, 245057
2016-05-20, 13.7700, 14.0800, 13.6950, 14.0500, 205734
2016-05-23, 14.1100, 14.1900, 13.9800, 13.9800, 150527
2016-05-24, 14.1000, 14.4700, 14.0900, 14.4300, 300320
2016-05-25, 14.4500, 14.7750, 14.4201, 14.7000, 449198
2016-05-26, 14.7000, 14.7800, 14.5700, 14.6900, 203245
2016-05-27, 14.7400, 15.1800, 14.5300, 15.1500, 510715
2016-05-31, 15.2600, 15.3450, 15.1000, 15.3100, 368607
2016-06-01, 15.2900, 15.7900, 15.2100, 15.6700, 568354
2016-06-02, 15.6600, 15.7900, 15.6200, 15.7400, 460200
2016-06-03, 15.7300, 15.8500, 15.4950, 15.7800, 220323
2016-06-06, 15.7800, 16.0400, 15.7500, 15.9500, 234968
2016-06-07, 15.9500, 16.1000, 15.8200, 16.0000, 167177
2016-06-08, 16.0100, 16.1400, 15.8900, 16.0300, 519692
2016-06-09, 15.9300, 16.1200, 15.7900, 16.0800, 268184
2016-06-10, 15.8900, 16.1200, 15.8000, 15.9200, 442728
2016-06-13, 15.8300, 16.0600, 15.6600, 15.6600, 449405
2016-06-14, 15.6400, 15.7800, 15.5300, 15.6000, 467443
2016-06-15, 15.6400, 15.9200, 15.5000, 15.7400, 253527
2016-06-16, 15.6700, 16.0900, 15.5200, 15.7800, 502644
2016-06-17, 15.8200, 16.0400, 15.6850, 15.8400, 717294
2016-06-20, 16.0800, 16.3200, 16.0800, 16.1600, 416600
2016-06-21, 16.2500, 16.2900, 15.8400, 15.9500, 170403
2016-06-22, 16.0400, 16.1100, 15.8100, 15.8500, 182480
2016-06-23, 16.0300, 16.3200, 16.0100, 16.2800, 231333
2016-06-24, 15.5500, 15.7450, 15.0950, 15.4100, 782031
2016-06-27, 15.1300, 15.1300, 14.4800, 14.6300, 413803
2016-06-28, 14.8400, 14.9400, 14.7000, 14.7800, 189713
2016-06-29, 14.9700, 15.3700, 14.9300, 15.3500, 163137
2016-06-30, 15.3800, 15.5800, 15.1600, 15.5400, 318569
2016-07-01, 15.4900, 15.8100, 15.4800, 15.8000, 188394
2016-07-05, 15.9000, 15.9000, 15.1900, 15.3200, 196859
2016-07-06, 15.2700, 15.4800, 15.1300, 15.4500, 191721
2016-07-07, 15.4600, 15.6800, 15.4300, 15.5300, 98975
2016-07-08, 15.6900, 16.0900, 15.6900, 16.0800, 230364
2016-07-11, 16.1800, 16.2400, 16.1100, 16.1700, 146470
2016-07-12, 16.2800, 16.5800, 16.2800, 16.4400, 184183
2016-07-13, 16.5500, 16.7400, 16.3800, 16.6000, 485105
2016-07-14, 16.6000, 16.9500, 16.5900, 16.8300, 437868
2016-07-15, 16.8300, 16.8300, 16.4200, 16.5000, 371980
2016-07-18, 16.5000, 16.5000, 16.3600, 16.3800, 194593
2016-07-19, 16.4000, 16.4000, 16.2400, 16.2500, 324569
2016-07-20, 16.2500, 16.2900, 16.1400, 16.2200, 217921
2016-07-21, 16.2200, 16.2600, 16.1650, 16.2100, 250969
2016-07-22, 16.2700, 16.2900, 16.1800, 16.2400, 179348
2016-07-25, 16.1700, 16.2500, 16.1700, 16.1900, 110927
2016-07-26, 16.1900, 16.2800, 16.0800, 16.2500, 256017
2016-07-27, 16.2400, 16.2800, 16.0200, 16.0800, 211662
2016-07-28, 16.0300, 16.0950, 15.8600, 16.0200, 180956
2016-07-29, 16.4100, 17.2700, 16.2400, 17.2000, 1180120
2016-08-01, 17.2400, 17.4300, 17.0950, 17.2100, 468569
2016-08-02, 17.1500, 17.2300, 16.9699, 17.1200, 384549
2016-08-03, 17.0800, 17.2000, 17.0600, 17.1100, 135440
2016-08-04, 17.0800, 17.3500, 17.0800, 17.2700, 281862
2016-08-05, 17.3000, 17.5497, 17.3000, 17.5000, 281105
2016-08-08, 17.5100, 17.5900, 17.3400, 17.3400, 86755
2016-08-09, 17.4400, 17.6200, 17.3600, 17.4000, 219672
2016-08-10, 17.4500, 17.5600, 17.1400, 17.2000, 232732
2016-08-11, 17.2900, 17.5100, 17.2500, 17.3500, 307959
2016-08-12, 17.3300, 17.4200, 17.1600, 17.2600, 239785
2016-08-15, 17.2900, 17.4900, 17.1800, 17.1900, 180813
2016-08-16, 17.0600, 17.1950, 16.8800, 16.9600, 158479
2016-08-17, 16.9100, 17.0500, 16.9000, 16.9400, 232555
2016-08-18, 16.9200, 17.1100, 16.9200, 16.9600, 206285
2016-08-19, 16.8800, 17.1000, 16.8800, 16.9100, 376302
2016-08-22, 16.8600, 16.9500, 16.6900, 16.7500, 257490
2016-08-23, 16.8400, 17.0700, 16.8400, 17.0100, 215403
2016-08-24, 16.9500, 17.1100, 16.9200, 16.9400, 172167
2016-08-25, 16.8500, 17.0200, 16.8500, 16.9500, 153463
2016-08-26, 16.9500, 17.0200, 16.8000, 16.8800, 144899
2016-08-29, 17.1500, 17.1500, 16.8600, 16.8900, 132858
2016-08-30, 16.8800, 17.0700, 16.8800, 16.9900, 167801
2016-08-31, 16.9500, 17.1300, 16.9300, 17.0600, 441972
2016-09-01, 17.1000, 17.2300, 16.9600, 17.0800, 278697
2016-09-02, 17.1400, 17.2300, 16.9850, 17.0400, 246636
2016-09-06, 17.0600, 17.1400, 16.8200, 16.8700, 177310
2016-09-07, 16.8700, 17.0800, 16.8000, 17.0000, 272694
2016-09-08, 16.9700, 17.0800, 16.9100, 17.0000, 179168
2016-09-09, 16.8400, 16.9200, 16.4400, 16.4500, 224868
2016-09-12, 16.3700, 16.7800, 16.3400, 16.5600, 423083
2016-09-13, 16.4300, 16.6600, 16.4000, 16.5500, 346447
2016-09-14, 16.6100, 16.6700, 16.4050, 16.4400, 239652
2016-09-15, 16.4700, 16.8050, 16.4700, 16.7500, 263299
2016-09-16, 16.8000, 16.8500, 16.5600, 16.7900, 847063
2016-09-19, 16.9300, 17.1100, 16.9200, 17.0500, 266456
2016-09-20, 17.1700, 17.1900, 17.0500, 17.0800, 236836
2016-09-21, 17.1900, 17.2700, 16.9800, 17.0900, 240730
2016-09-22, 17.2200, 17.3000, 16.9400, 17.1700, 210894
2016-09-23, 17.1300, 17.1700, 16.7800, 16.7900, 155240
2016-09-26, 16.7200, 16.8699, 16.6000, 16.6500, 191550
2016-09-27, 16.5900, 16.7400, 16.5200, 16.7300, 152981
2016-09-28, 16.7200, 16.9000, 16.5300, 16.8900, 212108
2016-09-29, 16.8200, 16.9700, 16.4500, 16.4600, 176560
2016-09-30, 16.5900, 16.8200, 16.3700, 16.7800, 306736
2016-10-03, 16.7300, 16.7700, 16.4750, 16.6500, 195931
2016-10-04, 16.6700, 16.7200, 16.4400, 16.5000, 311540
2016-10-05, 16.6200, 16.6350, 16.3800, 16.3900, 205916
2016-10-06, 16.3700, 16.4000, 16.0700, 16.3300, 296673
2016-10-07, 16.3900, 16.4900, 16.0650, 16.0800, 237673
2016-10-10, 16.2500, 16.4500, 16.0000, 16.1500, 175557
2016-10-11, 16.1000, 16.2000, 15.5500, 15.7000, 194315
2016-10-12, 15.7000, 15.9000, 15.6500, 15.8000, 431647
2016-10-13, 15.7500, 15.9500, 15.4500, 15.7000, 455974
2016-10-14, 15.7500, 15.9500, 15.5500, 15.8000, 209936
2016-10-17, 15.8000, 15.9000, 15.7500, 15.8500, 194044
2016-10-18, 16.0000, 16.1000, 15.5500, 15.7500, 262192
2016-10-19, 15.8000, 15.9000, 15.5000, 15.6000, 148360
2016-10-20, 15.6500, 15.7500, 15.4000, 15.7000, 308627
2016-10-21, 15.5000, 15.6500, 15.4250, 15.6000, 190277
2016-10-24, 15.7500, 16.0500, 15.6000, 15.7000, 199150
2016-10-25, 15.6500, 15.7500, 15.5000, 15.6500, 245834
2016-10-26, 15.5500, 15.7000, 15.5000, 15.5000, 233194
2016-10-27, 15.6500, 15.6500, 15.3250, 15.4500, 207694
2016-10-28, 15.5500, 15.7000, 15.0500, 15.2500, 153064
2016-10-31, 15.2000, 15.4000, 15.0000, 15.1500, 564648
2016-11-01, 15.1500, 15.5000, 14.8000, 14.8000, 380131
2016-11-02, 14.8500, 14.9500, 14.2000, 14.2500, 413829
2016-11-03, 14.5000, 14.8500, 14.1500, 14.2000, 335468
2016-11-04, 14.2500, 14.7000, 14.1500, 14.3500, 478489
2016-11-07, 14.7000, 15.1000, 14.5000, 14.6500, 408504
2016-11-08, 14.7000, 14.8500, 14.5000, 14.6000, 273173
2016-11-09, 14.4000, 14.9500, 14.4000, 14.9500, 523914
2016-11-10, 15.1500, 15.4500, 15.0500, 15.3000, 316129
2016-11-11, 15.3500, 15.9500, 15.2500, 15.7000, 588530
2016-11-14, 15.9000, 16.0500, 15.4000, 15.6000, 398189
2016-11-15, 15.5500, 15.8000, 15.5000, 15.6500, 374806
2016-11-16, 15.5500, 15.8000, 15.5000, 15.7500, 366687
2016-11-17, 15.9000, 16.0000, 15.8000, 15.8500, 295933
2016-11-18, 15.8500, 15.8500, 15.7000, 15.8000, 753046
2016-11-21, 15.8000, 16.1500, 15.7500, 16.1500, 318839
2016-11-22, 16.2500, 17.0000, 16.1500, 16.9500, 873125
2016-11-23, 17.0000, 17.4500, 16.8000, 17.3000, 1007599
2016-11-25, 17.4000, 17.5500, 17.2500, 17.5500, 166601
2016-11-28, 17.4500, 17.6000, 17.3500, 17.5500, 491382
2016-11-29, 17.6000, 18.2000, 17.5500, 18.0000, 521102
2016-11-30, 18.1000, 18.3500, 18.1000, 18.2500, 387276
2016-12-01, 18.3000, 18.6000, 18.0000, 18.1000, 550767
2016-12-02, 18.0000, 18.1000, 17.7500, 18.0000, 522704
2016-12-05, 17.5500, 18.1500, 17.0500, 17.8500, 617906
2016-12-06, 17.9500, 18.0250, 17.6500, 17.9000, 258306
2016-12-07, 17.8000, 18.3000, 17.8000, 18.2500, 323292
2016-12-08, 18.2000, 18.5500, 18.0500, 18.5000, 303546
2016-12-09, 18.4500, 18.6000, 18.3500, 18.5000, 270823
2016-12-12, 18.5000, 18.6000, 18.2000, 18.2500, 166345
2016-12-13, 18.3000, 18.4000, 17.7750, 18.0000, 393693
2016-12-14, 18.0000, 18.0500, 17.6239, 17.9000, 617542
2016-12-15, 17.8500, 18.0000, 17.8000, 17.8500, 292056
2016-12-16, 17.9500, 17.9500, 17.7500, 17.8000, 490068
2016-12-19, 17.8500, 17.9500, 17.7000, 17.8500, 312646
2016-12-20, 17.9500, 18.0000, 17.8000, 17.9500, 352867
2016-12-21, 17.9500, 18.1000, 17.8000, 17.9000, 191760
2016-12-22, 17.9500, 17.9500, 17.7000, 17.8000, 159519
2016-12-23, 17.8500, 17.9500, 17.8000, 17.9000, 111651
2016-12-27, 17.9000, 18.1000, 17.8000, 17.8500, 157494
2016-12-28, 17.9500, 18.0500, 17.7500, 17.7500, 144767
2016-12-29, 17.8000, 17.9000, 17.6500, 17.7500, 79893
2016-12-30, 17.7500, 17.7500, 17.5250, 17.7500, 170408
2017-01-03, 17.9500, 18.0000, 17.6500, 17.9000, 287712
2017-01-04, 18.0500, 18.2663, 17.8500, 18.1500, 311468
2017-01-05, 18.1500, 18.2500, 17.9000, 17.9500, 126869
2017-01-06, 18.0500, 18.1000, 17.8000, 18.0500, 183576
2017-01-09, 17.9500, 18.1000, 17.7500, 17.8000, 249082
2017-01-10, 17.7500, 17.9000, 17.6000, 17.8000, 203731
2017-01-11, 17.8500, 17.8500, 17.7000, 17.8000, 192090
2017-01-12, 17.3500, 17.6000, 17.0000, 17.3000, 2355952
2017-01-13, 17.4000, 17.9000, 17.4000, 17.9000, 641218
2017-01-17, 17.8500, 17.9500, 17.5000, 17.5500, 215817
2017-01-18, 17.5500, 17.8000, 17.4000, 17.8000, 184344
2017-01-19, 17.8000, 17.9000, 17.4000, 17.5500, 174444
2017-01-20, 17.5000, 17.7000, 17.4000, 17.4500, 178117
2017-01-23, 17.4500, 17.5000, 17.3250, 17.4000, 162051
2017-01-24, 17.4000, 17.5000, 17.2250, 17.4500, 266930
2017-01-25, 17.5500, 17.7000, 17.5000, 17.6000, 105525
2017-01-26, 17.5500, 17.6250, 17.3000, 17.4500, 143818
2017-01-27, 17.5000, 17.5500, 17.2000, 17.3000, 98951
2017-01-30, 17.2000, 17.2250, 16.9000, 17.1000, 163523
2017-01-31, 17.1000, 17.2500, 16.8250, 17.0500, 173442
2017-02-01, 17.2000, 17.4000, 16.9000, 17.0000, 312393
2017-02-02, 17.0000, 17.0500, 16.8500, 17.0500, 168492
2017-02-03, 17.2000, 17.2750, 17.0000, 17.2000, 276998
2017-02-06, 17.2000, 17.3000, 16.9000, 17.0000, 185466
2017-02-07, 17.0500, 17.0500, 16.6500, 16.8500, 195451
2017-02-08, 16.8000, 16.9500, 16.6500, 16.9000, 184441
2017-02-09, 16.9500, 17.3250, 16.9500, 17.3000, 179802
2017-02-10, 17.3500, 17.4000, 17.0500, 17.1500, 258522
2017-02-13, 17.3000, 17.3500, 17.1000, 17.2000, 147515
2017-02-14, 17.1000, 17.4000, 17.0500, 17.4000, 569307
2017-02-15, 17.3000, 17.4000, 17.2000, 17.4000, 168106
2017-02-16, 17.4000, 17.4500, 17.0500, 17.2500, 180848
2017-02-17, 17.3000, 17.3000, 17.1000, 17.2000, 198286
2017-02-21, 17.1500, 17.2500, 17.0000, 17.2500, 305492
2017-02-22, 17.1500, 17.3000, 17.0500, 17.1500, 369202
2017-02-23, 16.9000, 18.2000, 16.8500, 17.0500, 523078
2017-02-24, 17.0000, 17.7000, 17.0000, 17.4500, 350746
2017-02-27, 17.3500, 17.5000, 17.1000, 17.2500, 227038
2017-02-28, 17.2000, 17.2000, 16.7500, 16.8500, 284246
2017-03-01, 17.0000, 17.8000, 17.0000, 17.5000, 458878
2017-03-02, 17.5000, 17.5500, 17.0500, 17.1000, 179599
2017-03-03, 17.0500, 17.3000, 16.9000, 17.2500, 182674
2017-03-06, 17.1500, 17.2000, 16.8500, 16.9000, 215030
2017-03-07, 16.8000, 16.9400, 16.4500, 16.5000, 399502
2017-03-08, 16.5000, 16.5000, 16.2500, 16.2500, 330312
2017-03-09, 16.2500, 16.5000, 16.1000, 16.1500, 333135
2017-03-10, 16.3000, 16.3500, 16.1000, 16.2500, 249128
2017-03-13, 16.2500, 16.3500, 16.1500, 16.2500, 164732
2017-03-14, 16.0500, 16.3500, 16.0000, 16.2500, 209658
2017-03-15, 16.3500, 16.7500, 16.1500, 16.7000, 228760
2017-03-16, 16.7500, 16.8500, 16.6000, 16.8000, 230665
2017-03-17, 16.8000, 16.8000, 16.4500, 16.7000, 425763
2017-03-20, 16.7500, 16.7500, 16.4500, 16.7000, 182452
2017-03-21, 16.8500, 16.8500, 16.2000, 16.2500, 380135
2017-03-22, 16.2500, 16.3750, 15.7000, 15.8500, 297239
2017-03-23, 15.8500, 16.0010, 15.8500, 15.9500, 230763
2017-03-24, 16.0000, 16.0500, 15.7000, 15.7500, 147347
2017-03-27, 15.5000, 15.6500, 15.4250, 15.5500, 213033
2017-03-28, 15.4500, 15.8000, 15.4500, 15.7500, 365226
2017-03-29, 15.6500, 15.8000, 15.6000, 15.7500, 257497
2017-03-30, 15.7500, 15.9500, 15.5500, 15.7000, 380834
2017-03-31, 15.7500, 16.1000, 15.6500, 15.9000, 309949
2017-04-03, 16.0000, 16.0000, 15.6000, 15.7000, 319655
2017-04-04, 15.6500, 15.7500, 15.4500, 15.6000, 233826
2017-04-05, 15.6500, 15.8000, 15.3250, 15.5500, 290876
2017-04-06, 15.5500, 15.8000, 15.4500, 15.7000, 336331
2017-04-07, 15.6000, 16.3000, 15.5500, 16.0500, 421762
2017-04-10, 16.1000, 16.3000, 15.4500, 15.5000, 425304
2017-04-11, 15.4500, 15.9000, 15.4500, 15.8500, 278947
2017-04-12, 15.8500, 15.9000, 15.5500, 15.8000, 294348
2017-04-13, 15.7000, 15.8000, 15.4500, 15.4500, 139900
2017-04-17, 15.4500, 15.6000, 15.4000, 15.6000, 192833
2017-04-18, 15.5000, 15.6500, 15.4000, 15.5000, 275832
2017-04-19, 15.5500, 15.7000, 15.5000, 15.6500, 180769
2017-04-20, 15.6500, 16.0250, 15.6500, 16.0000, 430171
2017-04-21, 15.9000, 16.0500, 15.8000, 15.8500, 361256
2017-04-24, 16.1000, 16.1500, 16.0000, 16.1000, 188851
2017-04-25, 16.2500, 16.3250, 16.0750, 16.1500, 310893
2017-04-26, 16.0500, 16.3000, 16.0500, 16.2000, 296081
2017-04-27, 16.2000, 16.4000, 16.0500, 16.0500, 206307
2017-04-28, 16.0500, 16.0500, 15.7000, 15.8500, 344018
2017-05-01, 15.9500, 16.0500, 15.8500, 15.9000, 246471
2017-05-02, 15.9000, 16.0500, 15.6000, 15.6000, 224051
2017-05-03, 15.5000, 15.5430, 14.8000, 14.8500, 453877
2017-05-04, 15.2000, 16.2000, 15.2000, 16.1500, 1265606
2017-05-05, 16.2000, 16.5500, 16.0750, 16.5000, 502325
2017-05-08, 16.4500, 16.5900, 16.2750, 16.5000, 410550
2017-05-09, 16.5000, 17.1500, 16.5000, 16.7500, 377789
2017-05-10, 16.7000, 17.0000, 16.7000, 16.9000, 238030
2017-05-11, 16.8000, 17.0000, 16.4500, 16.9000, 234260
2017-05-12, 16.8000, 16.8500, 16.5500, 16.8000, 236353
2017-05-15, 16.8500, 17.1500, 16.8000, 17.1000, 237947
2017-05-16, 17.1500, 17.3500, 17.1000, 17.2500, 351009
2017-05-17, 17.0500, 17.0500, 16.5500, 16.7000, 779476
2017-05-18, 16.6000, 16.7000, 16.4500, 16.5500, 250762
2017-05-19, 16.5500, 16.7500, 16.5000, 16.6000, 248872
2017-05-22, 16.6000, 16.7000, 16.5000, 16.6500, 146523
2017-05-23, 16.6500, 16.7000, 16.4500, 16.4500, 372993
2017-05-24, 16.4500, 16.6500, 16.4500, 16.5500, 166504
2017-05-25, 16.6500, 16.8500, 16.4500, 16.5000, 261203
2017-05-26, 16.4500, 16.5500, 16.3500, 16.4000, 173442
2017-05-30, 16.3500, 16.5250, 16.3000, 16.4500, 298901
2017-05-31, 16.4500, 16.5100, 16.2000, 16.5000, 429366
2017-06-01, 16.5000, 16.9000, 16.4500, 16.8000, 333893
2017-06-02, 16.8000, 17.0000, 16.7000, 16.7500, 287821
2017-06-05, 16.8000, 16.8000, 16.3500, 16.7000, 442720
2017-06-06, 16.6500, 16.8500, 16.5500, 16.8000, 410313
2017-06-07, 16.7000, 16.7000, 16.2750, 16.4000, 271554
2017-06-08, 16.4500, 16.6500, 16.3000, 16.5500, 608583
2017-06-09, 16.6500, 16.6600, 16.3000, 16.4500, 316570
2017-06-12, 16.5000, 16.7000, 16.4000, 16.5000, 512497
2017-06-13, 16.5500, 16.6000, 16.4000, 16.5500, 231269
2017-06-14, 16.5000, 16.5000, 16.3500, 16.4500, 319970
2017-06-15, 16.3500, 17.0000, 16.3500, 16.8500, 389536
2017-06-16, 16.7000, 16.7500, 16.5500, 16.6500, 642031
2017-06-19, 16.7500, 17.0500, 16.7000, 17.0000, 586672
2017-06-20, 16.9000, 17.0500, 16.5000, 16.6500, 211215
2017-06-21, 16.6000, 16.6500, 16.4000, 16.4000, 185174
2017-06-22, 16.5000, 16.5500, 16.3000, 16.4500, 215059
2017-06-23, 16.4500, 16.8000, 16.4000, 16.8000, 878966
2017-06-26, 16.8000, 16.9750, 16.7500, 16.9000, 380206
2017-06-27, 16.8000, 16.9000, 16.6500, 16.7500, 137141
2017-06-28, 16.8000, 17.2500, 16.6000, 17.2000, 224792
2017-06-29, 17.2500, 17.2500, 16.8500, 17.1000, 292773
2017-06-30, 17.1000, 17.7500, 17.0500, 17.3000, 331548
2017-07-03, 17.4000, 18.2500, 17.1500, 17.7000, 287846
2017-07-05, 17.6500, 17.7500, 17.1500, 17.3000, 404447
2017-07-06, 17.2500, 17.3500, 16.9000, 16.9500, 203197
2017-07-07, 17.0000, 17.1500, 16.9500, 17.1000, 122066
2017-07-10, 17.0500, 17.2500, 16.9000, 17.2000, 298472
2017-07-11, 17.2500, 17.4750, 17.1500, 17.4500, 223019
2017-07-12, 17.6000, 17.7000, 17.2500, 17.4500, 230908
2017-07-13, 17.5500, 17.6000, 17.2000, 17.3500, 101453
2017-07-14, 17.3500, 17.5500, 17.3500, 17.5000, 122915
2017-07-17, 17.4500, 17.5000, 17.3000, 17.4500, 102808
2017-07-18, 17.4500, 17.5500, 17.3000, 17.5500, 103965
2017-07-19, 17.5000, 17.7000, 17.5000, 17.6500, 122895
2017-07-20, 17.6500, 17.6500, 17.4250, 17.6000, 96976
2017-07-21, 17.7000, 17.8000, 17.5000, 17.7500, 239490
2017-07-24, 17.7000, 17.7500, 17.4500, 17.4500, 146650
2017-07-25, 17.5500, 17.8500, 17.5000, 17.8000, 163055
2017-07-26, 17.8000, 18.1500, 17.7000, 17.9500, 227144
2017-07-27, 18.0000, 18.0000, 17.3510, 17.4500, 189070
2017-07-28, 17.4000, 17.5000, 17.2750, 17.4000, 128154
2017-07-31, 17.4000, 17.9000, 17.2000, 17.8500, 321821
2017-08-01, 18.0500, 18.3500, 17.8000, 18.0500, 449200
2017-08-02, 18.7000, 19.5250, 18.2500, 18.9000, 732827
2017-08-03, 18.8000, 18.9000, 18.0500, 18.2000, 869110
2017-08-04, 18.3000, 18.4000, 18.0000, 18.0500, 275863
2017-08-07, 18.0500, 18.4000, 17.9000, 18.0000, 315555
2017-08-08, 18.0500, 18.3000, 18.0000, 18.1000, 239990
2017-08-09, 18.0000, 18.4750, 17.9500, 18.4500, 336922
2017-08-10, 18.4500, 18.4500, 18.0500, 18.2000, 195017
2017-08-11, 18.1000, 18.4500, 18.0000, 18.3500, 258717
2017-08-14, 18.5500, 18.7000, 18.3500, 18.6500, 223256
2017-08-15, 18.6500, 18.6500, 18.4000, 18.5500, 137433
2017-08-16, 18.6500, 18.8500, 18.5500, 18.7500, 438451
2017-08-17, 18.7500, 19.0000, 18.4500, 18.4500, 359479
2017-08-18, 18.3500, 18.5500, 18.3000, 18.5000, 165389
2017-08-21, 18.4000, 18.6000, 18.3500, 18.5500, 167022
2017-08-22, 18.6500, 18.8000, 18.6000, 18.6000, 299767
2017-08-23, 18.5000, 19.1500, 18.5000, 19.0500, 428140
2017-08-24, 19.1000, 19.1500, 18.7500, 18.8500, 152956
2017-08-25, 19.0000, 19.1500, 18.9000, 18.9500, 167191
2017-08-28, 19.0000, 19.0500, 18.8000, 18.8500, 151590
2017-08-29, 18.8500, 18.9500, 18.4500, 18.5000, 247027
2017-08-30, 18.5000, 18.6500, 18.4000, 18.5500, 273671
2017-08-31, 18.5000, 18.6000, 18.2000, 18.4000, 472528
2017-09-01, 18.4000, 18.6000, 18.3000, 18.5000, 438967
2017-09-05, 18.4500, 18.5500, 18.0250, 18.0500, 257751
2017-09-06, 18.0500, 18.2000, 17.9250, 18.0500, 334204
2017-09-07, 18.1500, 18.5500, 18.0500, 18.3500, 453941
2017-09-08, 18.2500, 18.6500, 18.2000, 18.5500, 176014
2017-09-11, 18.6000, 19.0500, 18.5000, 19.0000, 192503
2017-09-12, 19.0000, 19.0500, 18.5500, 19.0500, 246514
2017-09-13, 18.9500, 19.2000, 18.9000, 19.1000, 195987
2017-09-14, 19.0500, 19.1000, 18.3000, 18.3500, 323823
2017-09-15, 18.3000, 18.5500, 18.3000, 18.5000, 632590
2017-09-18, 18.6000, 18.8500, 18.5000, 18.6500, 582009
2017-09-19, 18.6500, 18.7000, 17.8500, 17.9000, 705877
2017-09-20, 17.9500, 18.1000, 17.3000, 17.4000, 972342
2017-09-21, 17.4500, 17.5010, 17.1500, 17.3500, 681724
2017-09-22, 17.3500, 17.7750, 17.3000, 17.4000, 520345
2017-09-25, 17.4500, 17.5000, 15.6500, 16.1500, 1825099
2017-09-26, 16.1500, 16.4500, 15.5000, 15.5500, 1050532
2017-09-27, 15.6000, 15.6000, 14.4000, 14.9500, 3786037
2017-09-28, 15.9500, 16.5000, 15.3000, 15.8000, 3525527
2017-09-29, 15.7500, 15.9750, 15.4500, 15.8500, 1267614
2017-10-02, 15.8000, 16.5000, 15.7500, 16.2000, 1283585
2017-10-03, 16.2000, 16.2000, 15.3000, 15.8500, 1322791
2017-10-04, 15.9500, 16.0500, 15.5000, 15.5000, 691509
2017-10-05, 15.5000, 15.7000, 15.4000, 15.5500, 683493
2017-10-06, 15.6000, 15.9500, 15.5000, 15.8500, 519056
2017-10-09, 15.8500, 15.9000, 15.6500, 15.8500, 338841
2017-10-10, 15.8500, 16.0500, 15.7000, 16.0000, 462057
2017-10-11, 15.9500, 16.0500, 15.3000, 15.4000, 1830175
2017-10-12, 15.4000, 15.5000, 15.0000, 15.0500, 799594
2017-10-13, 15.0000, 15.4000, 14.9000, 15.3500, 888069
2017-10-16, 15.5000, 15.6000, 15.1500, 15.2000, 478344
2017-10-17, 15.1000, 15.3000, 14.9000, 15.0000, 459533
2017-10-18, 15.2000, 15.4500, 15.0000, 15.1000, 652821
2017-10-19, 14.8500, 15.0500, 14.5000, 14.8500, 562387
2017-10-20, 14.9500, 15.1000, 14.4500, 14.5500, 483297
2017-10-23, 14.5000, 14.8000, 14.4000, 14.5000, 585798
2017-10-24, 14.4500, 14.5000, 14.2750, 14.3500, 429043
2017-10-25, 14.2500, 14.4500, 14.2000, 14.4250, 441067
2017-10-26, 14.4500, 14.5500, 14.2500, 14.3500, 556141
2017-10-27, 14.3500, 14.6500, 14.2500, 14.5500, 756341
2017-10-30, 14.4500, 14.6500, 14.1000, 14.3000, 773543
2017-10-31, 14.3500, 15.1000, 14.3000, 15.0000, 1721262
2017-11-01, 15.1000, 15.1000, 14.6500, 14.7500, 702373
2017-11-02, 14.6500, 14.6500, 14.3500, 14.6000, 653582
2017-11-03, 14.5000, 14.9500, 14.5000, 14.8500, 663501
2017-11-06, 14.8000, 14.8000, 14.2000, 14.4000, 708456
2017-11-07, 14.4500, 14.5500, 14.0500, 14.1000, 1205041
2017-11-08, 13.9000, 14.4000, 13.5500, 14.2500, 1974370
2017-11-09, 14.1000, 14.1250, 13.2500, 13.3500, 1690552
2017-11-10, 13.2500, 13.5000, 13.1500, 13.3500, 533306
2017-11-13, 13.3500, 13.3750, 13.1500, 13.3500, 62691
2017-11-14, 13.2500, 13.2500, 12.9500, 13.0500, 671693
2017-11-15, 13.0500, 13.1500, 12.6000, 13.0000, 2500090
2017-11-16, 13.1000, 13.2500, 12.9750, 13.0500, 972895
2017-11-17, 12.9500, 13.6500, 12.9500, 13.5000, 1753571
2017-11-20, 13.5500, 13.7000, 13.2500, 13.4000, 992411
2017-11-21, 13.5000, 14.1000, 13.4000, 13.9000, 1222023
2017-11-22, 13.9000, 13.9750, 13.7000, 13.8500, 708094
2017-11-24, 13.8500, 14.0000, 13.7500, 13.9500, 256040
2017-11-27, 14.0000, 14.0000, 13.6000, 13.7000, 691314
2017-11-28, 13.6500, 14.0000, 13.6500, 14.0000, 818759
2017-11-29, 14.0500, 14.1500, 13.8000, 13.9000, 524132
2017-11-30, 13.9500, 13.9500, 13.7000, 13.9000, 652116
2017-12-01, 13.8000, 13.8000, 13.1500, 13.7000, 566520
2017-12-04, 13.8500, 13.9500, 13.6500, 13.7000, 397639
2017-12-05, 13.7000, 13.7000, 13.3000, 13.6000, 534559
2017-12-06, 13.6000, 13.7000, 13.3250, 13.4000, 499771
2017-12-07, 13.3500, 13.8000, 13.3250, 13.5500, 626459
2017-12-08, 13.6000, 13.7000, 13.4500, 13.4500, 583429
2017-12-11, 13.5000, 13.5750, 13.1000, 13.2500, 481388
2017-12-12, 13.0000, 13.4000, 13.0000, 13.1500, 986041
2017-12-13, 13.1500, 13.3000, 12.9500, 13.0000, 508237
2017-12-14, 12.9500, 13.2000, 12.8750, 13.0000, 689085
2017-12-15, 13.2250, 13.3500, 12.9500, 13.1500, 948509
2017-12-18, 13.4000, 13.6000, 13.0500, 13.2000, 743587
2017-12-19, 13.5000, 13.5500, 13.2000, 13.4000, 824381
2017-12-20, 13.4000, 13.7500, 13.2500, 13.7000, 897908
2017-12-21, 13.7500, 14.2000, 13.6000, 14.0000, 1387995
2017-12-22, 13.7250, 13.9000, 13.4500, 13.8000, 999354
2017-12-26, 13.7000, 13.8500, 13.2500, 13.4500, 957534
2017-12-27, 13.4500, 13.7750, 13.2500, 13.7000, 596245
2017-12-28, 13.7000, 13.7500, 13.3500, 13.6000, 515788
2017-12-29, 13.6000, 13.8500, 13.5000, 13.6500, 739735
2018-01-02, 13.7500, 13.8500, 13.6000, 13.7600, 464326
2018-01-03, 13.7500, 13.8500, 13.4500, 13.7500, 365151
2018-01-04, 13.8500, 14.1750, 13.7000, 14.0500, 990556
2018-01-05, 14.1500, 14.4000, 14.0000, 14.3500, 689389
2018-01-08, 14.3000, 14.3561, 13.9500, 14.1500, 568762
2018-01-09, 14.1000, 14.2000, 13.8500, 14.0500, 498088
2018-01-10, 14.0000, 14.2500, 13.8000, 14.2000, 554374
2018-01-11, 14.1500, 14.3000, 13.9000, 14.0500, 665322
2018-01-12, 14.1000, 14.1500, 13.9000, 14.1000, 698720
2018-01-16, 14.2500, 14.5500, 14.1999, 14.4000, 868911
2018-01-17, 13.5000, 14.2500, 13.5000, 14.1500, 1176701
2018-01-18, 14.1500, 14.2500, 13.9500, 14.1000, 969392
2018-01-19, 14.1000, 14.4000, 14.0000, 14.3500, 515754
2018-01-22, 14.4000, 14.5500, 14.3000, 14.5000, 564598
2018-01-23, 14.5500, 15.7500, 14.5500, 15.5500, 1821768
2018-01-24, 15.5500, 15.8250, 15.2250, 15.2500, 1275914
2018-01-25, 15.3500, 15.5500, 15.2500, 15.4500, 922557
2018-01-26, 15.4500, 15.6000, 15.3000, 15.5000, 561611
2018-01-29, 15.4500, 15.6500, 15.3000, 15.4000, 401433
2018-01-30, 15.4000, 15.5000, 15.2000, 15.4500, 525924
2018-01-31, 15.5500, 15.7500, 15.4000, 15.6500, 1169226
2018-02-01, 15.6500, 15.7750, 15.4500, 15.6000, 449273
2018-02-02, 15.4500, 15.5500, 15.2000, 15.3500, 899667
2018-02-05, 15.3500, 15.4000, 14.9500, 15.0500, 1485282
2018-02-06, 14.8500, 15.3500, 14.8250, 15.2500, 858394
2018-02-07, 16.2000, 16.2000, 15.7000, 16.0000, 3205596
2018-02-08, 16.0500, 16.1000, 15.1000, 15.1000, 2380048
2018-02-09, 15.2500, 15.5000, 14.8500, 15.4500, 1740192
2018-02-12, 15.4500, 16.0000, 15.4000, 15.9000, 1800709
2018-02-13, 15.7500, 15.9000, 15.3500, 15.5000, 10266988
2018-02-14, 15.5000, 15.7500, 15.3500, 15.7000, 1303944
2018-02-15, 15.7000, 15.8500, 15.4500, 15.8000, 895015
2018-02-16, 15.7000, 16.0500, 15.6000, 15.9000, 1484304
2018-02-20, 15.7500, 16.3500, 15.7500, 16.2000, 1413994
2018-02-21, 16.2500, 16.3500, 15.9500, 16.0500, 1482206
2018-02-22, 17.5500, 17.5500, 16.5000, 16.6500, 2264385
2018-02-23, 16.7500, 16.9000, 16.4000, 16.6000, 1422925
2018-02-26, 16.6000, 16.7500, 16.2000, 16.3500, 1258517
2018-02-27, 16.3000, 16.4500, 16.2000, 16.3500, 1084011
2018-02-28, 16.3500, 16.4000, 16.1500, 16.2000, 567002
2018-03-01, 16.1500, 16.6000, 16.0000, 16.3000, 875963
2018-03-02, 16.1000, 16.5000, 16.0500, 16.2000, 686149
2018-03-05, 16.2000, 16.6000, 16.2000, 16.5000, 617148
2018-03-06, 16.5000, 16.8000, 16.3000, 16.7500, 655913
2018-03-07, 16.5500, 16.9500, 16.4500, 16.8500, 634126
2018-03-08, 16.9500, 17.0000, 16.8000, 16.9000, 560366
2018-03-09, 16.9000, 17.2500, 16.8000, 17.2500, 720625
2018-03-12, 17.2000, 17.3000, 17.1000, 17.2500, 350647
2018-03-13, 17.3000, 17.4750, 17.2000, 17.4500, 632023
2018-03-14, 17.4500, 17.5000, 17.1000, 17.2000, 2604335
2018-03-15, 17.3000, 17.4500, 16.8500, 16.9000, 744607
2018-03-16, 16.9000, 17.1000, 16.8250, 16.9500, 1464805
2018-03-19, 16.8000, 16.9500, 16.5500, 16.8500, 754399
2018-03-20, 16.9000, 17.0000, 16.7000, 16.9000, 592505
2018-03-21, 16.8500, 17.1000, 16.8000, 16.9500, 358216
2018-03-22, 16.7500, 16.9000, 16.5500, 16.5500, 466243
2018-03-23, 16.5000, 16.7500, 16.3500, 16.4500, 480971
2018-03-26, 16.6500, 16.8500, 16.5500, 16.7000, 421371
2018-03-27, 16.8000, 16.8000, 16.0750, 16.2500, 863493
2018-03-28, 16.3000, 16.4000, 16.0000, 16.1000, 897339
2018-03-29, 16.2500, 16.5000, 16.0000, 16.3500, 663764
2018-04-02, 16.4000, 16.4750, 15.8500, 16.1000, 636380
2018-04-03, 16.1500, 16.5500, 16.1250, 16.5500, 422105
2018-04-04, 16.3000, 16.6500, 16.3000, 16.6000, 367958
2018-04-05, 16.7500, 16.8000, 16.4500, 16.5500, 583876
2018-04-06, 16.4000, 16.7500, 16.4000, 16.5500, 565605
2018-04-09, 16.5500, 16.8000, 16.4500, 16.5000, 455234
2018-04-10, 16.7500, 17.1000, 16.6000, 17.0500, 507032
2018-04-11, 16.9500, 17.0500, 16.6500, 16.8500, 493264
2018-04-12, 17.0500, 17.4000, 16.9500, 17.1500, 631099
2018-04-13, 17.1500, 17.5000, 17.1000, 17.5000, 618762
2018-04-16, 17.7000, 18.0000, 17.4500, 17.7000, 837279
2018-04-17, 17.8500, 17.9000, 17.5500, 17.8500, 614809
2018-04-18, 17.8500, 17.9250, 17.6000, 17.6500, 579089
2018-04-19, 17.6500, 17.8750, 17.6500, 17.6500, 572424
2018-04-20, 17.6500, 17.8500, 17.5520, 17.7500, 577638
2018-04-23, 17.7500, 17.7750, 17.6500, 17.7500, 278201
2018-04-24, 17.7500, 18.0000, 17.6500, 17.9000, 577719
2018-04-25, 17.8500, 17.8750, 17.6000, 17.7500, 629093
2018-04-26, 17.9000, 18.1500, 17.7250, 18.1500, 652247
2018-04-27, 18.2000, 18.2750, 18.0000, 18.2000, 402562
2018-04-30, 18.2500, 18.3000, 18.1500, 18.2500, 665176
2018-05-01, 18.1000, 18.5000, 18.0500, 18.5000, 1031645
2018-05-02, 19.7000, 20.4500, 19.3500, 19.7500, 4907570
2018-05-03, 19.8000, 20.5000, 19.7000, 20.2500, 1893990
2018-05-04, 20.1500, 20.5000, 20.0500, 20.4500, 1072960
2018-05-07, 20.4500, 21.1500, 20.4500, 21.0000, 900437
2018-05-08, 20.9500, 21.3499, 20.9000, 21.1000, 692873
2018-05-09, 21.2500, 21.6500, 21.1000, 21.4500, 1248570
2018-05-10, 21.5500, 21.8000, 21.4500, 21.7500, 1708253
2018-05-11, 21.8000, 21.8500, 21.2500, 21.5500, 1179669
2018-05-14, 21.5500, 21.8500, 21.5250, 21.6000, 775433
2018-05-15, 21.5000, 21.8000, 21.4500, 21.7000, 561881
2018-05-16, 21.8000, 21.8500, 21.6000, 21.6000, 585334
2018-05-17, 21.6500, 22.0000, 21.5000, 21.9000, 928854
2018-05-18, 21.9000, 21.9500, 21.6167, 21.8000, 409244
2018-05-21, 22.0000, 22.0500, 21.8500, 21.9000, 487243
2018-05-22, 21.8500, 21.9500, 21.4500, 21.5500, 409804
2018-05-23, 21.3500, 21.8000, 21.2000, 21.7500, 457627
2018-05-24, 21.6500, 21.8500, 21.4169, 21.8500, 389019
2018-05-25, 21.7500, 21.9500, 21.7000, 21.7000, 364884
2018-05-29, 21.7500, 21.7500, 21.2000, 21.6000, 545422
2018-05-30, 21.6000, 22.2500, 21.6000, 22.2000, 913927
2018-05-31, 22.2000, 22.2500, 21.6500, 21.8000, 442670
2018-06-01, 21.8500, 22.0500, 21.6500, 21.7500, 416833
2018-06-04, 21.7500, 22.0500, 21.7000, 22.0000, 842060
2018-06-05, 22.0000, 22.2500, 21.8500, 22.2500, 591885
2018-06-06, 22.2500, 22.7000, 22.1000, 22.6500, 571416
2018-06-07, 22.6000, 22.6500, 21.9500, 22.1000, 262968
2018-06-08, 22.0500, 22.4750, 22.0500, 22.3500, 262036
2018-06-11, 22.3500, 22.5500, 22.2250, 22.5000, 259105
2018-06-12, 22.5000, 22.6000, 22.3500, 22.4000, 332790
2018-06-13, 22.4000, 22.5500, 22.3000, 22.4500, 343810
2018-06-14, 22.6000, 22.9500, 22.4955, 22.6500, 371040
2018-06-15, 22.5500, 22.7000, 22.3084, 22.6000, 591769
2018-06-18, 22.4500, 22.7000, 22.4500, 22.6500, 200626
2018-06-19, 22.4500, 22.8000, 22.1500, 22.7500, 271134
2018-06-20, 22.7500, 22.8500, 22.3000, 22.7000, 660638
2018-06-21, 22.7000, 22.7500, 22.5000, 22.6000, 668383
2018-06-22, 22.7500, 22.8000, 22.5000, 22.6500, 1084204
2018-06-25, 22.5500, 22.7000, 22.1640, 22.3500, 843726
2018-06-26, 22.4500, 22.7000, 22.4000, 22.4000, 636423
2018-06-27, 22.5000, 22.5000, 21.7500, 22.0500, 647306
2018-06-28, 21.9000, 22.2000, 21.8500, 22.0000, 452651
2018-06-29, 22.1500, 22.1500, 21.8500, 21.8500, 558122
2018-07-02, 21.6500, 22.0000, 21.6500, 22.0000, 430239
2018-07-03, 22.0000, 22.1500, 22.0000, 22.0000, 304202
2018-07-05, 22.1500, 22.4000, 22.0500, 22.3000, 277851
2018-07-06, 22.2500, 22.4000, 22.1750, 22.2500, 283649
2018-07-09, 22.3500, 22.3500, 22.1000, 22.3000, 291110
2018-07-10, 22.3500, 22.5000, 22.1500, 22.2500, 496406
2018-07-11, 22.1000, 22.4500, 22.1000, 22.3500, 495910
2018-07-12, 22.5500, 22.8000, 22.4000, 22.8000, 595255
2018-07-13, 22.7500, 23.4500, 22.6000, 22.7000, 609578
2018-07-16, 22.6000, 22.9500, 22.5000, 22.5000, 337649
2018-07-17, 22.4500, 22.8500, 22.4000, 22.7500, 239507
2018-07-18, 22.6500, 22.9000, 22.5500, 22.8000, 286684
2018-07-19, 22.9500, 23.1000, 22.7250, 22.9500, 599674
2018-07-20, 23.0000, 23.4250, 23.0000, 23.2500, 696944
2018-07-23, 23.2500, 23.5250, 23.1000, 23.2500, 386680
2018-07-24, 23.5000, 24.1500, 23.4500, 23.8500, 1280179
2018-07-25, 24.0000, 24.5500, 23.8500, 24.5000, 586231
2018-07-26, 24.4000, 24.6000, 24.2500, 24.5000, 451182
2018-07-27, 24.5500, 24.6750, 23.9000, 24.0500, 456185
2018-07-30, 24.0500, 24.2500, 23.5000, 23.5500, 428429
2018-07-31, 23.5500, 23.7000, 23.0000, 23.3000, 613909
2018-08-01, 23.8000, 24.8500, 22.6500, 23.8000, 859221
2018-08-02, 23.6500, 24.1500, 23.4500, 24.1000, 432259
2018-08-03, 24.1000, 24.1630, 23.4000, 23.6000, 586954
2018-08-06, 23.6500, 24.0250, 23.6354, 23.9500, 282772
2018-08-07, 24.0000, 24.1000, 23.7500, 24.0500, 438509
2018-08-08, 24.1500, 24.5500, 23.9500, 24.4500, 563867
2018-08-09, 25.0000, 25.1000, 24.2500, 24.3000, 517702
2018-08-10, 24.0500, 24.5000, 24.0000, 24.3500, 377094
2018-08-13, 24.4000, 24.5000, 24.0500, 24.1500, 344393
2018-08-14, 24.4000, 24.5000, 24.1500, 24.3000, 340547
2018-08-15, 24.1500, 24.3000, 23.6000, 23.7000, 458162
2018-08-16, 23.8000, 24.2750, 23.8000, 24.0000, 568920
2018-08-17, 23.9000, 24.5500, 23.9000, 24.5000, 373509
2018-08-20, 24.5000, 24.7500, 24.2500, 24.5500, 193181
2018-08-21, 24.6000, 24.9500, 24.5500, 24.7000, 339606
2018-08-22, 24.6500, 24.9000, 24.4500, 24.9000, 317968
2018-08-23, 24.8500, 25.0000, 24.6500, 25.0000, 332246
2018-08-24, 25.0500, 25.1250, 24.9000, 25.0500, 447385
2018-08-27, 25.2500, 25.5500, 24.6000, 24.7000, 303631
2018-08-28, 24.7000, 24.9500, 24.3500, 24.4500, 241572
2018-08-29, 24.5000, 24.6000, 23.9000, 24.1500, 293105
2018-08-30, 24.0500, 24.2000, 23.8851, 24.1000, 249708
2018-08-31, 23.9500, 24.1500, 23.7500, 24.0500, 344487
2018-09-04, 23.9000, 23.9500, 23.5500, 23.9500, 256842
2018-09-05, 23.9500, 24.0500, 23.3500, 23.9500, 278306
2018-09-06, 24.0000, 24.2250, 23.7500, 24.0500, 238622
2018-09-07, 23.8500, 24.0500, 23.4000, 23.5500, 363631
2018-09-10, 23.5500, 23.7500, 23.3000, 23.3000, 352709
2018-09-11, 23.2000, 23.8500, 23.1500, 23.4500, 328246
2018-09-12, 23.5500, 24.1500, 23.4500, 24.0500, 415880
2018-09-13, 24.1000, 24.6500, 24.1000, 24.5000, 258088
2018-09-14, 24.5500, 24.7000, 24.1250, 24.6000, 297324
2018-09-17, 24.5000, 24.5000, 23.3500, 23.5000, 383279
2018-09-18, 23.5000, 23.8000, 23.3000, 23.4000, 212362
2018-09-19, 23.4500, 23.7000, 23.3500, 23.4500, 290898
2018-09-20, 23.4500, 24.2000, 23.4250, 24.1000, 473386
2018-09-21, 24.1000, 24.1000, 23.2500, 23.3500, 638611
2018-09-24, 23.3000, 23.8000, 23.2750, 23.7500, 323663
2018-09-25, 23.7500, 24.0000, 23.6000, 23.9000, 174367
2018-09-26, 23.9500, 24.0000, 23.6000, 23.6000, 246366
2018-09-27, 23.7000, 24.0000, 23.6500, 23.9000, 241089
2018-09-28, 23.9000, 24.3000, 23.9000, 24.1000, 373545
2018-10-01, 24.2400, 24.4400, 23.8100, 23.8100, 454969
2018-10-02, 23.8100, 23.9300, 23.2900, 23.4100, 269208
2018-10-03, 23.5500, 23.9400, 23.3600, 23.6200, 437278
2018-10-04, 23.4600, 23.5100, 22.9200, 22.9900, 415186
2018-10-05, 23.0400, 23.2800, 22.8000, 23.1500, 513492
2018-10-08, 23.0600, 23.3000, 22.5105, 22.9200, 274496
2018-10-09, 22.7800, 23.6900, 22.7610, 23.6500, 452745
2018-10-10, 23.4900, 23.7100, 22.5300, 22.6300, 516396
2018-10-11, 22.5400, 23.0200, 22.4300, 22.5400, 438477
2018-10-12, 22.9900, 23.2000, 22.6000, 22.9300, 402345
2018-10-15, 22.8900, 23.5800, 22.7200, 23.4000, 417371
2018-10-16, 23.6100, 24.9200, 23.4600, 24.8700, 423593
2018-10-17, 24.7600, 25.0300, 24.2400, 24.9200, 360369
2018-10-18, 24.7700, 25.2900, 24.4600, 24.5500, 265812
2018-10-19, 24.6800, 25.2900, 24.6000, 24.9300, 331401
2018-10-22, 25.0500, 25.6400, 25.0000, 25.5200, 418952
2018-10-23, 25.0900, 25.8900, 24.7300, 25.7700, 404892
2018-10-24, 26.0400, 26.4300, 24.3600, 24.4100, 872204
2018-10-25, 24.5000, 24.7200, 24.1500, 24.4500, 565241
2018-10-26, 24.1700, 24.3900, 23.6100, 23.9500, 386718
2018-10-29, 24.2500, 24.3700, 22.7800, 23.0700, 348519
2018-10-30, 23.1000, 23.2800, 22.4100, 22.5000, 648265
2018-10-31, 24.4000, 26.4300, 24.2600, 26.0800, 2276300
2018-11-01, 26.3000, 27.3600, 26.2600, 26.7800, 1131985
2018-11-02, 26.8900, 28.5500, 26.7600, 28.5200, 1104384
2018-11-05, 28.4000, 28.7400, 28.0800, 28.5900, 805470
2018-11-06, 28.7500, 28.9310, 28.0500, 28.6800, 651621
2018-11-07, 28.9500, 29.7050, 28.7200, 29.6600, 609703
2018-11-08, 29.4400, 29.6000, 28.5500, 28.6500, 882871
2018-11-09, 28.5400, 28.7300, 28.0700, 28.4800, 451583
