2013-05-16, 8.6600, 9.0000, 8.0000, 8.0950, 453500
2013-05-17, 8.0700, 8.3500, 8.0700, 8.3300, 96000
2013-05-20, 8.9900, 8.9900, 8.3500, 8.4000, 11100
2013-05-21, 8.4600, 8.4600, 8.3800, 8.4250, 4100
2013-05-22, 8.5000, 8.5000, 8.1100, 8.2900, 10300
2013-05-23, 8.0930, 8.0930, 8.0000, 8.0000, 23000
2013-05-24, 8.0043, 8.0043, 8.0043, 8.0043, 500
2013-05-28, 7.9000, 8.0000, 7.9000, 8.0000, 1800
2013-05-29, 8.0100, 8.0400, 7.9800, 8.0000, 13200
2013-05-30, 7.9000, 7.9000, 7.9000, 7.9000, 5000
2013-05-31, 7.6101, 7.6101, 7.6000, 7.6000, 1400
2013-06-03, 7.6000, 7.6000, 7.5000, 7.5000, 2900
2013-06-04, 7.4400, 7.5000, 7.4400, 7.4500, 2500
2013-06-05, 7.4010, 7.4200, 7.1200, 7.1210, 13000
2013-06-06, 7.0600, 7.0600, 6.2811, 6.9999, 5600
2013-06-07, 6.7500, 6.7500, 5.5500, 6.5000, 7900
2013-06-10, 6.6000, 6.6000, 6.4100, 6.4900, 6000
2013-06-11, 7.0000, 7.0000, 6.4300, 6.4400, 2200
2013-06-12, 6.4400, 6.4400, 6.4400, 6.4400, 0
2013-06-13, 6.5000, 6.6650, 6.5000, 6.6650, 6600
2013-06-14, 6.9900, 6.9900, 6.8088, 6.8088, 3900
2013-06-17, 7.4900, 8.0000, 6.9336, 7.0300, 14900
2013-06-18, 7.2900, 7.2900, 6.8200, 6.8600, 9300
2013-06-19, 7.3200, 7.3400, 7.3200, 7.3390, 1200
2013-06-20, 7.3000, 7.3000, 6.8100, 6.8600, 6100
2013-06-21, 6.9000, 6.9538, 6.9000, 6.9500, 3700
2013-06-24, 6.9500, 6.9898, 6.2501, 6.3130, 8500
2013-06-25, 6.0000, 6.8890, 6.0000, 6.1700, 4200
2013-06-26, 6.5200, 6.5200, 5.7510, 6.0540, 4000
2013-06-27, 6.2000, 6.2000, 6.0000, 6.0000, 7800
2013-06-28, 6.0000, 6.0000, 6.0000, 6.0000, 0
2013-07-01, 6.4900, 6.4900, 6.4600, 6.4900, 500
2013-07-02, 6.5000, 6.7500, 6.5000, 6.7000, 5200
2013-07-03, 7.0000, 7.0000, 6.9900, 7.0000, 2000
2013-07-05, 7.0000, 7.0000, 7.0000, 7.0000, 600
2013-07-08, 7.1700, 7.3700, 7.1432, 7.1432, 3300
2013-07-09, 7.4800, 7.8900, 7.1500, 7.5100, 17100
2013-07-10, 8.3800, 8.6500, 8.1800, 8.6500, 62700
2013-07-11, 8.5000, 9.0000, 7.9000, 8.5500, 43300
2013-07-12, 8.5600, 8.8100, 8.5000, 8.5099, 3300
2013-07-15, 8.5500, 8.6500, 8.3815, 8.4000, 10800
2013-07-16, 7.2500, 7.7001, 7.2500, 7.6500, 8400
2013-07-17, 8.1490, 8.1490, 8.0500, 8.0500, 1600
2013-07-18, 7.9800, 7.9800, 7.9800, 7.9800, 800
2013-07-19, 7.9800, 7.9800, 7.9800, 7.9800, 0
2013-07-22, 7.8300, 7.8300, 7.7600, 7.7800, 400
2013-07-23, 7.6800, 7.6800, 7.5100, 7.5800, 8200
2013-07-24, 7.5800, 7.5800, 7.5500, 7.5500, 3000
2013-07-25, 7.5200, 7.6500, 7.5200, 7.6000, 6900
2013-07-26, 7.5300, 7.5300, 7.5300, 7.5300, 500
2013-07-29, 7.5100, 7.5100, 7.2101, 7.3300, 2000
2013-07-30, 7.3800, 7.5100, 7.3800, 7.5000, 3300
2013-07-31, 7.5000, 7.5000, 7.5000, 7.5000, 0
2013-08-01, 7.1600, 7.2056, 7.1600, 7.2056, 400
2013-08-02, 7.2100, 7.2100, 7.2100, 7.2100, 0
2013-08-05, 7.3600, 7.3600, 7.3600, 7.3600, 100
2013-08-06, 7.6700, 7.7500, 7.6500, 7.6500, 2800
2013-08-07, 7.9600, 8.0000, 7.4700, 7.5510, 1700
2013-08-08, 7.8100, 7.8100, 7.0700, 7.0700, 300
2013-08-09, 7.0700, 7.0700, 6.4500, 6.7500, 3200
2013-08-12, 6.8500, 6.8500, 6.8300, 6.8500, 600
2013-08-13, 7.0300, 7.0399, 7.0300, 7.0399, 400
2013-08-14, 7.0400, 7.0400, 7.0400, 7.0400, 0
2013-08-15, 7.0400, 7.1000, 7.0400, 7.1000, 1700
2013-08-16, 8.0000, 8.0000, 7.4000, 7.4300, 4300
2013-08-19, 7.3600, 7.3800, 7.3600, 7.3600, 6700
2013-08-20, 7.6000, 7.6000, 7.5850, 7.5900, 1200
2013-08-21, 7.3500, 7.3701, 7.1400, 7.1500, 4100
2013-08-22, 7.0700, 7.0800, 6.6500, 6.8500, 3000
2013-08-23, 7.0600, 7.1000, 6.7000, 6.8000, 13600
2013-08-26, 6.8000, 6.8000, 6.8000, 6.8000, 0
2013-08-27, 6.9600, 6.9600, 6.0010, 6.4900, 1600
2013-08-28, 6.3400, 6.4100, 6.3400, 6.4100, 800
2013-08-29, 6.5800, 6.5800, 6.5800, 6.5800, 200
2013-08-30, 6.9099, 6.9099, 6.8900, 6.8900, 700
2013-09-03, 6.8900, 6.8900, 6.8900, 6.8900, 0
2013-09-04, 6.9000, 6.9000, 6.7500, 6.7501, 1400
2013-09-05, 6.8900, 6.8900, 6.5100, 6.7400, 2000
2013-09-06, 6.7400, 6.7400, 6.7400, 6.7400, 0
2013-09-09, 6.7400, 6.7400, 6.7400, 6.7400, 800
2013-09-10, 6.7400, 6.7400, 6.7400, 6.7400, 0
2013-09-11, 6.5100, 6.5506, 6.5100, 6.5100, 4400
2013-09-12, 6.5100, 6.7899, 6.5100, 6.7899, 2800
2013-09-13, 7.0100, 7.3900, 7.0100, 7.3900, 3400
2013-09-16, 7.3800, 7.5600, 7.3800, 7.5200, 1200
2013-09-17, 7.7400, 7.8601, 7.7400, 7.8601, 2800
2013-09-18, 7.8100, 7.9900, 7.7700, 7.7700, 400
2013-09-19, 7.7700, 7.7700, 7.7700, 7.7700, 0
2013-09-20, 7.6000, 7.6000, 7.5700, 7.5700, 200
2013-09-23, 7.5000, 7.5000, 7.3500, 7.3500, 25800
2013-09-24, 7.3500, 7.3500, 7.3500, 7.3500, 0
2013-09-25, 7.5800, 7.5800, 7.5800, 7.5800, 200
2013-09-26, 7.5800, 7.5800, 7.5800, 7.5800, 0
2013-09-27, 7.8400, 7.8900, 7.8400, 7.8900, 1100
2013-09-30, 8.0000, 8.0000, 8.0000, 8.0000, 0
2013-10-01, 7.8900, 7.8900, 7.8900, 7.8900, 300
2013-10-02, 7.7200, 7.7200, 7.7200, 7.7200, 0
2013-10-03, 7.8900, 7.8900, 7.8900, 7.8900, 0
2013-10-04, 7.8900, 7.8900, 7.8900, 7.8900, 0
2013-10-07, 7.7000, 7.7000, 7.7000, 7.7000, 100
2013-10-08, 7.7000, 7.7000, 7.7000, 7.7000, 0
2013-10-09, 7.4700, 7.5000, 7.4700, 7.5000, 500
2013-10-10, 7.6500, 7.6500, 7.6500, 7.6500, 200
2013-10-11, 7.6500, 7.6500, 7.6500, 7.6500, 0
2013-10-14, 7.8000, 7.8656, 7.7500, 7.8656, 800
2013-10-15, 8.0000, 8.1600, 8.0000, 8.1600, 1900
2013-10-16, 7.9800, 7.9800, 7.9800, 7.9800, 0
2013-10-17, 8.2300, 8.2500, 7.6010, 8.1500, 10500
2013-10-18, 8.5700, 8.5700, 7.9400, 8.0100, 1000
2013-10-21, 8.2500, 8.2500, 8.1900, 8.1900, 12000
2013-10-22, 8.3100, 8.3100, 7.5000, 7.5000, 200
2013-10-23, 8.0800, 8.0900, 8.0800, 8.0900, 200
2013-10-24, 8.0900, 8.0900, 8.0900, 8.0900, 0
2013-10-25, 8.1500, 8.1500, 7.9900, 7.9915, 6500
2013-10-28, 7.9900, 7.9900, 7.9900, 7.9900, 0
2013-10-29, 7.9900, 7.9900, 7.9900, 7.9900, 0
2013-10-30, 7.9334, 7.9334, 7.9334, 7.9334, 200
2013-10-31, 7.9300, 7.9300, 7.9300, 7.9300, 0
2013-11-01, 7.6000, 7.6000, 7.6000, 7.6000, 400
2013-11-04, 7.6000, 7.6000, 7.6000, 7.6000, 0
2013-11-05, 7.4900, 7.4900, 7.1200, 7.1200, 500
2013-11-06, 7.1700, 7.1700, 7.1700, 7.1700, 100
2013-11-07, 7.1700, 7.1700, 7.1700, 7.1700, 0
2013-11-08, 6.9000, 6.9000, 6.8600, 6.8700, 1500
2013-11-11, 6.8700, 6.8700, 6.8700, 6.8700, 0
2013-11-12, 6.8700, 6.8700, 6.8700, 6.8700, 0
2013-11-13, 6.8000, 7.0040, 6.1300, 6.6000, 2600
2013-11-14, 6.4500, 6.4500, 5.3100, 5.6600, 11200
2013-11-15, 5.4900, 5.4900, 5.2500, 5.4200, 5500
2013-11-18, 5.2800, 5.4100, 5.2800, 5.3600, 1800
2013-11-19, 5.4500, 6.4000, 5.3300, 5.5800, 2700
2013-11-20, 5.4900, 5.7400, 5.2900, 5.4200, 4200
2013-11-21, 5.4600, 5.6200, 5.4000, 5.4010, 4000
2013-11-22, 5.4000, 5.4400, 5.2000, 5.3001, 4900
2013-11-25, 5.2000, 5.2000, 4.4200, 4.5000, 5400
2013-11-26, 5.2000, 5.3700, 5.1800, 5.3600, 6300
2013-11-27, 5.3600, 5.6500, 5.3400, 5.4800, 8300
2013-11-29, 5.3900, 5.5200, 5.3400, 5.3400, 2600
2013-12-02, 5.5300, 5.5400, 5.4400, 5.4500, 2600
2013-12-03, 5.5000, 5.6500, 5.4300, 5.4500, 5700
2013-12-04, 5.4500, 5.4600, 5.2700, 5.2700, 2700
2013-12-05, 5.2700, 5.2747, 5.2700, 5.2701, 800
2013-12-06, 5.2300, 5.2300, 5.1600, 5.1600, 1000
2013-12-09, 5.1200, 5.1200, 4.7500, 4.7500, 1200
2013-12-10, 4.7500, 4.7500, 4.7500, 4.7500, 0
2013-12-11, 5.2200, 5.2400, 5.1500, 5.1500, 1200
2013-12-12, 5.2200, 5.2200, 5.2100, 5.2110, 300
2013-12-13, 5.3500, 5.3500, 4.8900, 5.2100, 1700
2013-12-16, 5.2000, 5.2000, 4.9100, 5.0200, 2300
2013-12-17, 4.9100, 5.0300, 4.7000, 4.7200, 3300
2013-12-18, 5.3000, 5.3000, 4.8200, 4.9900, 4700
2013-12-19, 4.7000, 4.8600, 4.7000, 4.8500, 5100
2013-12-20, 4.7000, 4.7700, 4.7000, 4.7400, 1200
2013-12-23, 4.7700, 4.7701, 4.7000, 4.7000, 600
2013-12-24, 4.7000, 4.7000, 4.6600, 4.6600, 2300
2013-12-26, 4.5000, 4.9100, 4.2300, 4.9100, 5600
2013-12-27, 4.8400, 5.2100, 4.6700, 5.0000, 4600
2013-12-30, 4.9200, 4.9200, 4.6701, 4.8500, 1900
2013-12-31, 4.5800, 5.5000, 4.5800, 5.3200, 1500
2014-01-02, 5.3200, 5.3200, 5.3200, 5.3200, 0
2014-01-03, 4.9900, 5.2100, 4.9900, 5.1500, 2000
2014-01-06, 5.0000, 5.5000, 4.9800, 5.0000, 7200
2014-01-07, 5.0000, 5.0100, 4.9800, 4.9800, 3300
2014-01-08, 5.0400, 5.0500, 5.0400, 5.0500, 1500
2014-01-09, 5.0500, 5.0500, 5.0500, 5.0500, 0
2014-01-10, 7.6500, 7.6500, 5.2200, 5.2200, 600
2014-01-13, 5.2600, 5.2600, 5.2439, 5.2439, 1700
2014-01-14, 5.2400, 5.2400, 5.2400, 5.2400, 0
2014-01-15, 5.2400, 5.2400, 5.2400, 5.2400, 0
2014-01-16, 5.3500, 5.3500, 5.3500, 5.3500, 246
2014-01-17, 5.0000, 5.0000, 5.0000, 5.0000, 100
2014-01-21, 4.9900, 4.9900, 4.9900, 4.9900, 200
2014-01-22, 5.0000, 5.0000, 5.0000, 5.0000, 400
2014-01-23, 5.1100, 5.1500, 5.0901, 5.0901, 2200
2014-01-24, 5.1100, 5.2500, 5.1100, 5.2500, 300
2014-01-27, 5.1500, 5.1500, 4.9000, 4.9000, 500
2014-01-28, 4.9000, 4.9000, 4.9000, 4.9000, 22
2014-01-29, 5.3400, 5.3400, 5.1500, 5.1500, 400
2014-01-30, 4.7100, 4.7100, 4.7100, 4.7100, 500
2014-01-31, 4.9300, 4.9300, 4.9300, 4.9300, 277
2014-02-03, 5.3400, 5.3400, 5.3400, 5.3400, 27
2014-02-04, 4.4500, 5.0000, 4.4100, 4.8500, 4100
2014-02-05, 4.4900, 4.6500, 4.3600, 4.3800, 5100
2014-02-06, 4.3800, 4.3800, 4.3800, 4.3800, 0
2014-02-07, 4.3800, 4.3800, 4.3800, 4.3800, 0
2014-02-10, 4.3800, 4.3800, 4.3800, 4.3800, 53
2014-02-11, 5.3000, 5.3000, 5.2090, 5.2200, 1100
2014-02-12, 5.2300, 5.8000, 5.2200, 5.3100, 7200
2014-02-13, 5.0400, 5.0800, 5.0100, 5.0100, 2000
2014-02-14, 5.3000, 5.3000, 4.9900, 4.9900, 1100
2014-02-18, 4.8200, 4.8200, 4.8200, 4.8200, 400
2014-02-19, 4.8200, 4.8200, 4.8200, 4.8200, 48
2014-02-20, 4.8200, 4.8200, 4.8200, 4.8200, 0
2014-02-21, 4.9184, 4.9900, 4.7000, 4.9899, 1400
2014-02-24, 4.9200, 4.9200, 4.7000, 4.7000, 1800
2014-02-25, 4.9100, 4.9100, 4.9100, 4.9100, 121
2014-02-26, 4.9000, 4.9000, 4.9000, 4.9000, 128
2014-02-27, 4.8390, 4.9500, 4.6300, 4.9500, 4200
2014-02-28, 4.7500, 4.9600, 4.7000, 4.9000, 1300
2014-03-03, 4.9400, 4.9400, 4.9399, 4.9400, 900
2014-03-04, 4.9177, 4.9177, 4.6700, 4.6701, 1200
2014-03-05, 4.6300, 4.9000, 4.6000, 4.7400, 1900
2014-03-06, 4.8700, 4.9100, 4.7500, 4.9000, 4400
2014-03-07, 4.9000, 6.2499, 4.8900, 5.8200, 13300
2014-03-10, 6.3000, 12.6600, 6.3000, 10.0000, 105000
2014-03-11, 10.0000, 11.3800, 9.0000, 9.2000, 180500
2014-03-12, 8.2500, 8.5000, 7.4900, 7.5400, 174000
2014-03-13, 7.8700, 7.9000, 7.2000, 7.2200, 58400
2014-03-14, 7.4500, 7.4500, 6.5000, 6.9200, 32400
2014-03-17, 7.2700, 7.3800, 6.8000, 6.8000, 11600
2014-03-18, 7.4900, 7.4900, 6.9000, 7.0900, 28700
2014-03-19, 7.0000, 7.0399, 6.5200, 6.6899, 27700
2014-03-20, 7.0000, 7.1199, 6.6675, 6.9500, 20100
2014-03-21, 7.0000, 7.1300, 6.7600, 6.7800, 21300
2014-03-24, 7.7900, 7.7900, 7.0000, 7.2400, 38000
2014-03-25, 7.7000, 7.7000, 7.2400, 7.2400, 18700
2014-03-26, 7.3000, 7.3400, 6.9000, 6.9100, 6400
2014-03-27, 7.3870, 7.3870, 6.5000, 6.5300, 16700
2014-03-28, 6.5000, 6.8900, 6.5000, 6.8900, 3100
2014-03-31, 6.7646, 6.8000, 6.5100, 6.5600, 13000
2014-04-01, 6.5600, 6.9800, 5.9000, 6.2100, 62100
2014-04-02, 6.0900, 6.9000, 6.0000, 6.4500, 13000
2014-04-03, 6.5900, 6.5900, 6.2500, 6.3600, 2700
2014-04-04, 6.6500, 7.2000, 6.4600, 7.0600, 24700
2014-04-07, 8.8000, 9.0000, 8.3500, 8.4500, 83400
2014-04-08, 8.0800, 8.3399, 7.8526, 8.2200, 18500
2014-04-09, 9.4600, 9.6500, 8.5510, 9.5000, 94200
2014-04-10, 10.0700, 11.0000, 10.0700, 10.4900, 113500
2014-04-11, 10.7100, 11.5883, 10.5500, 11.4800, 69000
2014-04-14, 11.4800, 11.8300, 9.5500, 10.3500, 98600
2014-04-15, 10.0000, 10.1500, 9.6600, 10.1500, 17300
2014-04-16, 10.3000, 10.5500, 10.1100, 10.5000, 9000
2014-04-17, 10.0300, 10.0300, 9.2210, 9.5400, 25300
2014-04-21, 9.5900, 9.8499, 9.5900, 9.6100, 4000
2014-04-22, 9.0000, 9.5890, 8.6200, 8.6400, 11800
2014-04-23, 8.6500, 9.1999, 8.6500, 9.1999, 3700
2014-04-24, 9.5700, 9.5700, 9.4200, 9.4500, 1300
2014-04-25, 9.9000, 9.9000, 8.7900, 8.9990, 8700
2014-04-28, 8.7200, 9.0800, 8.7200, 8.7200, 2600
2014-04-29, 8.5400, 8.6306, 8.3900, 8.6306, 1200
2014-04-30, 9.9000, 10.5190, 9.9000, 10.3200, 16500
2014-05-01, 11.0100, 11.2400, 10.1400, 10.5400, 1500
2014-05-02, 10.9400, 10.9900, 9.6600, 10.1400, 15600
2014-05-05, 9.5700, 10.6999, 9.5700, 9.8175, 4300
2014-05-06, 9.5100, 10.1500, 9.5100, 10.1500, 800
2014-05-07, 9.6400, 9.7600, 9.5000, 9.5000, 5300
2014-05-08, 9.2500, 10.0588, 9.1500, 9.3100, 2000
2014-05-09, 9.1700, 9.1700, 9.1700, 9.1700, 93
2014-05-12, 8.8600, 8.8600, 7.7828, 8.2800, 11800
2014-05-13, 8.7673, 8.7673, 7.7900, 8.0500, 5200
2014-05-14, 7.9100, 8.7000, 7.9100, 8.2900, 4100
2014-05-15, 8.5300, 8.8300, 8.0500, 8.5301, 10700
2014-05-16, 8.2800, 8.3000, 7.8200, 7.8700, 14800
2014-05-19, 7.8700, 7.8700, 7.5000, 7.5600, 24200
2014-05-20, 7.8200, 7.8200, 7.8100, 7.8100, 700
2014-05-21, 8.6700, 8.6700, 7.9700, 8.1100, 2100
2014-05-22, 8.5850, 8.6400, 8.0701, 8.1900, 8300
2014-05-23, 8.5000, 8.6800, 8.2750, 8.2750, 5400
2014-05-27, 8.5100, 9.9098, 8.5100, 9.6800, 13100
2014-05-28, 9.7000, 9.8000, 9.7000, 9.7999, 1500
2014-05-29, 9.3900, 9.4800, 8.8600, 9.3500, 4700
2014-05-30, 8.9500, 8.9500, 8.9500, 8.9500, 100
2014-06-02, 8.4500, 8.6900, 8.4400, 8.5900, 1700
2014-06-03, 8.6800, 8.6800, 8.6800, 8.6800, 100
2014-06-04, 8.7200, 8.8000, 8.7200, 8.8000, 700
2014-06-05, 9.5500, 9.8100, 9.1600, 9.5000, 4500
2014-06-06, 9.9700, 10.1700, 9.9600, 9.9900, 6200
2014-06-09, 10.1700, 10.9000, 10.1700, 10.5000, 6200
2014-06-10, 10.2725, 10.2725, 10.2725, 10.2725, 500
2014-06-11, 11.1000, 11.8790, 11.1000, 11.4000, 9900
2014-06-12, 12.0000, 12.4700, 11.9500, 12.1200, 12200
2014-06-13, 11.8900, 12.1100, 11.8900, 12.1100, 4900
2014-06-16, 12.8000, 13.8200, 12.8000, 13.7900, 12800
2014-06-17, 13.5200, 14.0000, 13.5200, 13.9799, 10900
2014-06-18, 14.4100, 15.8691, 14.4100, 15.4899, 5600
2014-06-19, 15.3900, 15.3900, 13.9800, 14.0300, 37000
2014-06-20, 14.0900, 14.0900, 13.1300, 13.1300, 7500
2014-06-23, 13.2000, 13.9400, 12.8800, 13.3200, 4600
2014-06-24, 14.2000, 15.4110, 14.2000, 14.8300, 33800
2014-06-25, 15.4200, 15.5000, 15.1200, 15.1900, 4100
2014-06-26, 14.8800, 15.3300, 14.3000, 14.7300, 8500
2014-06-27, 14.1300, 14.7900, 13.5400, 13.7000, 11000
2014-06-30, 15.3900, 15.3900, 14.0200, 14.6095, 2500
2014-07-01, 15.4900, 15.4900, 14.3000, 14.5107, 10000
2014-07-02, 14.3300, 14.6300, 14.2301, 14.2600, 8000
2014-07-03, 14.1100, 14.2100, 14.1100, 14.2100, 1100
2014-07-07, 14.1700, 15.7000, 14.1700, 15.6600, 15900
2014-07-08, 15.5100, 17.0000, 15.0500, 16.3500, 11400
2014-07-09, 15.4900, 15.4900, 14.1791, 14.4700, 5800
2014-07-10, 14.8300, 14.8300, 14.1100, 14.1100, 3100
2014-07-11, 14.9100, 15.0000, 14.8300, 14.9700, 1700
2014-07-14, 15.9000, 16.4800, 15.9000, 16.4800, 4700
2014-07-15, 16.7900, 17.1899, 16.6500, 17.1399, 18300
2014-07-16, 18.4300, 33.5000, 18.4300, 20.2000, 72400
2014-07-17, 22.9100, 24.7000, 21.0621, 24.0000, 36900
2014-07-18, 24.0000, 24.0000, 21.5220, 23.1200, 29400
2014-07-21, 23.3000, 23.3000, 21.9800, 22.2500, 11100
2014-07-22, 21.7400, 22.6300, 21.5000, 22.2299, 5000
2014-07-23, 22.1600, 22.1600, 20.0600, 20.1700, 18000
2014-07-24, 20.5000, 22.2162, 20.5000, 22.0100, 14500
2014-07-25, 21.4800, 23.6100, 21.4800, 23.1900, 2500
2014-07-28, 23.0000, 24.0899, 22.0030, 23.1999, 23900
2014-07-29, 24.0613, 24.0613, 23.2160, 23.3900, 4700
2014-07-30, 23.1500, 23.9600, 23.1500, 23.9200, 3100
2014-07-31, 23.7000, 23.7000, 21.6100, 21.6100, 23800
2014-08-01, 23.2100, 23.2100, 21.1000, 21.3500, 3500
2014-08-04, 21.9800, 22.9399, 21.9800, 22.9100, 7300
2014-08-05, 22.0100, 22.0100, 20.5100, 20.7540, 4400
2014-08-06, 21.4000, 21.4000, 20.0100, 21.0800, 13900
2014-08-07, 24.0900, 24.0900, 19.5030, 19.5800, 4200
2014-08-08, 19.3200, 19.6699, 19.1700, 19.4999, 4400
2014-08-11, 19.8000, 30.0800, 19.8000, 23.5000, 46000
2014-08-12, 23.0000, 23.0000, 19.9100, 19.9700, 29900
2014-08-13, 20.8400, 21.2999, 20.2200, 21.0000, 6300
2014-08-14, 20.1200, 20.3000, 19.9400, 20.0100, 8600
2014-08-15, 21.9499, 23.5060, 21.9000, 23.3300, 22900
2014-08-18, 23.3500, 23.3500, 22.4000, 22.6000, 15600
2014-08-19, 22.9100, 25.0900, 22.9100, 24.4400, 15700
2014-08-20, 25.0000, 25.0000, 24.0600, 24.1900, 4200
2014-08-21, 24.6500, 24.6500, 23.2601, 23.5705, 8000
2014-08-22, 24.6000, 25.0000, 22.9000, 23.1100, 25500
2014-08-25, 23.0900, 25.0299, 23.0900, 24.4800, 15100
2014-08-26, 24.9900, 25.9400, 24.9900, 25.3500, 38400
2014-08-27, 25.3500, 25.3500, 24.5400, 25.1300, 6000
2014-08-28, 25.0000, 25.0000, 22.6400, 22.6400, 47200
2014-08-29, 21.9800, 21.9800, 20.1000, 20.5000, 25200
2014-09-02, 20.4000, 20.5500, 20.0100, 20.4800, 14800
2014-09-03, 19.5100, 19.5100, 18.6000, 18.7050, 33800
2014-09-04, 18.4100, 18.4100, 17.5000, 17.5000, 29400
2014-09-05, 17.3600, 17.9000, 17.0800, 17.5300, 5600
2014-09-08, 17.9000, 18.5899, 17.3500, 17.8900, 6500
2014-09-09, 17.0000, 17.2400, 16.3600, 16.3600, 9600
2014-09-10, 16.0200, 16.1300, 15.2300, 15.2400, 11200
2014-09-11, 15.3700, 16.0900, 15.3700, 16.0500, 3500
2014-09-12, 16.0000, 16.0300, 15.4000, 15.8299, 4800
2014-09-15, 15.2600, 15.6205, 15.2200, 15.2200, 6900
2014-09-16, 15.2400, 15.9800, 15.2400, 15.5000, 5600
2014-09-17, 15.8800, 16.4500, 15.8800, 16.4499, 5800
2014-09-18, 16.0200, 16.0200, 14.9500, 15.3500, 32000
2014-09-19, 15.2400, 15.4299, 14.9001, 15.0200, 10100
2014-09-22, 15.2500, 15.6000, 15.1149, 15.3500, 14700
2014-09-23, 15.4400, 15.6500, 15.2600, 15.2600, 6700
2014-09-24, 15.3300, 15.9600, 15.3300, 15.5800, 6054
2014-09-25, 15.5900, 15.7700, 15.0400, 15.7700, 10474
2014-09-26, 15.7500, 17.1900, 15.7500, 15.9200, 8342
2014-09-29, 15.8200, 16.3200, 15.6900, 15.7400, 6633
2014-09-30, 15.4200, 15.6000, 14.9800, 15.1400, 7648
2014-10-01, 14.7900, 14.7900, 13.9500, 13.9900, 14786
2014-10-02, 13.7300, 13.7600, 13.6300, 13.7101, 3720
2014-10-03, 14.2500, 14.3000, 14.2400, 14.2900, 3350
2014-10-06, 14.5000, 14.6200, 14.3200, 14.4310, 3844
2014-10-07, 14.1400, 14.1400, 13.4300, 13.4500, 4659
2014-10-08, 13.6100, 13.6699, 13.1600, 13.3405, 7329
2014-10-09, 13.0200, 13.0200, 12.1201, 12.2000, 12145
2014-10-10, 12.2500, 12.4508, 12.2400, 12.2700, 5804
2014-10-13, 12.2700, 12.3067, 12.2400, 12.2500, 5225
2014-10-14, 12.2900, 12.2900, 12.2500, 12.2501, 610
2014-10-15, 12.3500, 12.8100, 12.2600, 12.7300, 8904
2014-10-16, 12.3100, 14.3356, 12.3100, 14.3356, 1490
2014-10-17, 12.2500, 12.8600, 12.1300, 12.2700, 10927
2014-10-20, 13.0000, 13.0100, 12.3600, 12.7800, 7663
2014-10-21, 13.3000, 13.9380, 13.3000, 13.9380, 1571
2014-10-22, 14.2300, 17.0250, 14.2300, 17.0250, 11537
2014-10-23, 22.7700, 22.7700, 15.1500, 15.8400, 9509
2014-10-24, 15.7900, 16.6500, 15.5500, 16.6500, 1218
2014-10-27, 15.2500, 15.2500, 14.9300, 15.0500, 1769
2014-10-28, 14.9400, 14.9400, 14.9400, 14.9400, 213
2014-10-29, 14.6000, 14.6001, 14.6000, 14.6000, 350
2014-10-30, 14.2700, 14.4000, 13.6600, 13.6600, 5540
2014-10-31, 14.0900, 14.0900, 13.6000, 13.6000, 1937
2014-11-03, 13.4800, 13.4800, 13.3100, 13.3100, 1821
2014-11-04, 13.0000, 13.0180, 12.9100, 13.0180, 2151
2014-11-05, 13.9500, 14.8800, 13.9500, 14.8800, 1045
2014-11-06, 14.8800, 14.8800, 14.8800, 14.8800, 358
2014-11-07, 14.6500, 14.6800, 14.3900, 14.6600, 5818
2014-11-10, 14.6600, 14.6600, 14.6600, 14.6600, 8
2014-11-11, 14.4000, 14.4000, 14.2900, 14.2900, 1103
2014-11-12, 13.9950, 14.1000, 13.8600, 13.9005, 7473
2014-11-13, 13.8000, 13.8000, 12.8631, 13.3800, 1950
2014-11-14, 14.0800, 14.1000, 13.8000, 13.8300, 3624
2014-11-17, 13.6000, 13.8000, 13.5410, 13.5410, 4300
2014-11-18, 13.5410, 13.5410, 13.5410, 13.5410, 22
2014-11-19, 13.5410, 13.5410, 13.5410, 13.5410, 34
2014-11-20, 13.4900, 13.5000, 12.5701, 13.0005, 2396
2014-11-21, 12.7500, 13.9600, 12.7500, 13.9600, 350
2014-11-24, 13.5000, 13.5000, 13.3900, 13.5000, 551
2014-11-25, 12.7900, 12.7900, 12.7600, 12.7600, 1004
2014-11-26, 13.6600, 13.6600, 12.8100, 12.8101, 1124
2014-11-28, 13.4199, 13.4199, 13.4199, 13.4199, 210
2014-12-01, 13.3100, 13.3100, 12.9400, 12.9700, 4417
2014-12-02, 12.9700, 12.9700, 12.9700, 12.9700, 0
2014-12-03, 12.7500, 12.8000, 12.6200, 12.6800, 7685
2014-12-04, 12.6300, 12.6300, 12.6300, 12.6300, 375
2014-12-05, 12.6300, 12.6300, 12.6300, 12.6300, 80
2014-12-08, 11.5600, 11.5600, 11.3600, 11.3600, 735
2014-12-09, 11.1000, 11.3600, 11.0200, 11.0300, 2520
2014-12-10, 11.0300, 11.0300, 11.0300, 11.0300, 114
2014-12-11, 10.0000, 11.5000, 10.0000, 11.4000, 2485
2014-12-12, 11.0100, 11.0400, 10.0700, 10.8901, 4402
2014-12-15, 10.8000, 10.8000, 10.6000, 10.6000, 12067
2014-12-16, 11.5937, 11.5937, 11.5937, 11.5937, 108
2014-12-17, 11.6000, 11.6000, 10.3000, 10.3000, 5228
2014-12-18, 11.4500, 11.9000, 11.1100, 11.4500, 16800
2014-12-19, 12.1200, 14.0000, 12.1200, 13.9000, 5896
2014-12-22, 14.9600, 15.0000, 13.5100, 13.5200, 5680
2014-12-23, 13.5200, 13.5200, 13.5200, 13.5200, 0
2014-12-24, 13.5200, 13.5200, 13.5200, 13.5200, 0
2014-12-26, 12.8500, 13.1600, 12.8500, 13.0600, 1598
2014-12-29, 13.2400, 13.4500, 13.2000, 13.4400, 2135
2014-12-30, 13.4400, 13.4400, 13.4400, 13.4400, 0
2014-12-31, 13.4400, 13.4400, 13.4400, 13.4400, 0
2015-01-02, 13.4400, 13.4400, 13.4400, 13.4400, 101
2015-01-05, 13.7500, 16.3686, 13.7500, 15.6500, 7685
2015-01-06, 16.0000, 16.3100, 15.8400, 15.8400, 3381
2015-01-07, 17.0000, 17.9284, 17.0000, 17.0100, 5786
2015-01-08, 17.1000, 17.2400, 17.1000, 17.2400, 1474
2015-01-09, 17.4500, 17.5000, 17.4500, 17.5000, 1374
2015-01-12, 17.5000, 17.6399, 17.5000, 17.6399, 1044
2015-01-13, 17.6400, 17.6400, 17.0126, 17.0126, 802
2015-01-14, 16.5000, 16.5000, 15.5500, 15.5500, 1335
2015-01-15, 15.2400, 15.3900, 15.2200, 15.2900, 1225
2015-01-16, 15.5800, 15.7500, 15.3000, 15.3200, 2855
2015-01-20, 15.8100, 16.1297, 15.8000, 15.8300, 2532
2015-01-21, 15.7500, 15.8700, 15.4600, 15.5000, 1112
2015-01-22, 15.5000, 15.5000, 15.5000, 15.5000, 1
2015-01-23, 17.0100, 17.3999, 16.9001, 17.0001, 3497
2015-01-26, 17.2500, 17.2500, 16.5600, 17.1900, 2704
2015-01-27, 17.0000, 17.0000, 17.0000, 17.0000, 219
2015-01-28, 18.7000, 18.7000, 16.9475, 17.0000, 1250
2015-01-29, 22.0000, 22.0000, 14.0885, 16.7900, 6332
2015-01-30, 16.3600, 16.3600, 16.1000, 16.1000, 300
2015-02-02, 18.8800, 19.2200, 18.2700, 19.2200, 1688
2015-02-03, 17.8400, 17.8550, 17.8400, 17.8550, 475
2015-02-04, 18.2358, 18.2358, 18.2358, 18.2358, 150
2015-02-05, 19.5000, 19.5100, 19.5000, 19.5100, 245
2015-02-06, 19.6500, 19.6500, 19.6500, 19.6500, 381
2015-02-09, 20.0000, 20.1000, 17.8900, 17.8900, 4351
2015-02-10, 19.9000, 19.9000, 19.8999, 19.8999, 366
2015-02-11, 19.4900, 19.4900, 19.4900, 19.4900, 201
2015-02-12, 20.1000, 20.8909, 20.1000, 20.8909, 5873
2015-02-13, 20.8909, 20.8909, 20.8909, 20.8909, 0
2015-02-17, 18.1400, 19.0500, 18.1400, 18.9100, 3944
2015-02-18, 18.7800, 19.1500, 18.7800, 19.1500, 642
2015-02-19, 18.9699, 18.9699, 18.9699, 18.9699, 243
2015-02-20, 18.9699, 18.9699, 18.9699, 18.9699, 1
2015-02-23, 17.4392, 17.4701, 17.4392, 17.4701, 621
2015-02-24, 17.4701, 17.4701, 17.4701, 17.4701, 0
2015-02-25, 18.9437, 18.9437, 18.9437, 18.9437, 102
2015-02-26, 16.3100, 17.4600, 16.3100, 17.4600, 207
2015-02-27, 16.6900, 16.6900, 16.6900, 16.6900, 100
2015-03-02, 16.6900, 16.6900, 16.6900, 16.6900, 60
2015-03-03, 17.0100, 17.0100, 17.0100, 17.0100, 100
2015-03-04, 17.4500, 17.5420, 17.4500, 17.4625, 850
2015-03-05, 16.7500, 16.8100, 16.7500, 16.8000, 1664
2015-03-06, 16.9000, 16.9000, 16.9000, 16.9000, 175
2015-03-09, 16.7600, 16.7600, 16.0500, 16.1000, 1200
2015-03-10, 16.1000, 16.1000, 16.1000, 16.1000, 0
2015-03-11, 16.1000, 16.1000, 16.1000, 16.1000, 64
2015-03-12, 16.6500, 16.6500, 16.4900, 16.4900, 627
2015-03-13, 16.8100, 17.0000, 16.8000, 17.0000, 2860
2015-03-16, 18.0600, 18.0900, 16.7000, 16.8100, 975
2015-03-17, 16.8100, 16.8100, 16.8100, 16.8100, 110
2015-03-18, 17.1820, 17.1820, 17.1820, 17.1820, 160
2015-03-19, 17.1820, 17.1820, 17.1820, 17.1820, 25
2015-03-20, 16.3570, 16.8500, 16.3570, 16.8500, 634
2015-03-23, 16.8500, 16.8500, 16.8500, 16.8500, 0
2015-03-24, 16.0310, 16.0600, 15.8000, 16.0600, 1500
2015-03-25, 16.0600, 16.0600, 16.0600, 16.0600, 0
2015-03-26, 15.5000, 16.0000, 15.5000, 16.0000, 1655
2015-03-27, 16.0000, 16.0000, 16.0000, 16.0000, 0
2015-03-30, 16.0000, 16.0000, 16.0000, 16.0000, 5
2015-03-31, 15.0900, 15.0900, 15.0900, 15.0900, 175
2015-04-01, 15.1201, 15.1201, 15.1200, 15.1200, 275
2015-04-02, 14.9000, 15.2100, 14.9000, 15.2100, 526
2015-04-06, 15.2100, 15.2100, 15.2100, 15.2100, 62
2015-04-07, 15.2100, 15.2100, 15.2100, 15.2100, 2
2015-04-08, 15.2100, 15.2100, 15.2100, 15.2100, 0
2015-04-09, 16.0100, 16.0100, 16.0100, 16.0100, 180
2015-04-10, 17.0300, 17.0300, 17.0071, 17.0071, 571
2015-04-13, 17.0071, 17.0071, 17.0071, 17.0071, 0
2015-04-14, 17.4488, 17.4488, 17.4400, 17.4400, 261
2015-04-15, 17.0400, 17.0400, 16.7407, 16.7407, 226
2015-04-16, 17.0300, 17.0300, 17.0300, 17.0300, 183
2015-04-17, 17.0900, 17.4800, 17.0900, 17.3631, 344
2015-04-20, 17.3631, 17.3631, 17.3631, 17.3631, 55
2015-04-21, 17.3631, 17.3631, 17.3631, 17.3631, 58
2015-04-22, 16.1700, 16.3100, 16.1400, 16.3100, 362
2015-04-23, 16.3100, 16.3100, 16.3100, 16.3100, 1
2015-04-24, 16.3100, 16.3100, 16.3100, 16.3100, 50
2015-04-27, 16.4500, 16.4500, 16.3100, 16.3100, 600
2015-04-28, 16.3100, 16.3100, 16.3100, 16.3100, 0
2015-04-29, 16.3100, 16.3100, 16.3100, 16.3100, 0
2015-04-30, 16.0000, 16.0000, 16.0000, 16.0000, 700
2015-05-01, 16.0000, 16.0000, 16.0000, 16.0000, 100
2015-05-04, 15.5200, 15.5200, 15.5200, 15.5200, 411
2015-05-05, 15.5200, 15.5200, 15.5200, 15.5200, 4
2015-05-06, 20.0000, 20.0000, 15.1100, 15.4000, 1360
2015-05-07, 15.7300, 15.8800, 15.7300, 15.8600, 1091
2015-05-08, 15.8600, 15.8600, 15.8600, 15.8600, 98
2015-05-11, 15.8600, 15.8600, 15.8600, 15.8600, 0
2015-05-12, 15.8600, 15.8600, 15.8600, 15.8600, 2
2015-05-13, 15.8600, 15.8600, 15.8600, 15.8600, 0
2015-05-14, 15.7118, 15.7118, 15.7118, 15.7118, 507
2015-05-15, 15.7118, 15.7118, 15.7118, 15.7118, 0
2015-05-18, 15.7118, 15.7118, 15.7118, 15.7118, 0
2015-05-19, 15.2300, 15.5300, 15.2300, 15.5300, 478
2015-05-20, 15.5300, 15.5300, 15.5300, 15.5300, 0
2015-05-21, 15.2500, 15.2500, 15.2100, 15.2100, 200
2015-05-22, 15.1900, 15.1900, 15.1900, 15.1900, 210
2015-05-26, 15.1900, 15.1900, 15.1900, 15.1900, 4
2015-05-27, 15.1900, 15.1900, 15.1900, 15.1900, 0
2015-05-28, 15.1900, 15.1900, 15.1900, 15.1900, 0
2015-05-29, 15.1900, 15.1900, 15.1900, 15.1900, 52
2015-06-01, 14.8810, 14.8810, 14.8800, 14.8801, 808
2015-06-02, 14.9300, 14.9775, 14.9300, 14.9775, 329
2015-06-03, 15.0523, 15.0523, 14.9210, 14.9210, 2378
2015-06-04, 14.9210, 14.9210, 14.9210, 14.9210, 0
2015-06-05, 14.6000, 14.6420, 14.6000, 14.6100, 1700
2015-06-08, 14.6100, 14.6100, 14.6100, 14.6100, 0
2015-06-09, 14.6100, 14.6100, 14.6100, 14.6100, 0
2015-06-10, 14.6100, 14.6100, 14.6100, 14.6100, 5
2015-06-11, 15.3500, 15.3500, 15.3200, 15.3200, 500
2015-06-12, 15.3200, 15.3200, 15.3200, 15.3200, 1
2015-06-15, 15.3200, 15.3200, 15.3200, 15.3200, 200
2015-06-16, 15.3200, 15.3200, 15.3200, 15.3200, 142
2015-06-17, 15.3200, 15.3200, 15.3200, 15.3200, 0
2015-06-18, 15.7800, 15.7800, 15.7800, 15.7800, 610
2015-06-19, 15.1400, 15.1900, 15.1400, 15.1900, 401
2015-06-22, 15.8500, 16.3000, 15.8500, 16.3000, 2050
2015-06-23, 16.3000, 16.3000, 16.3000, 16.3000, 0
2015-06-24, 16.2700, 16.2700, 16.2300, 16.2301, 770
2015-06-25, 16.2200, 16.2200, 16.2000, 16.2000, 1000
2015-06-26, 16.2000, 16.2000, 16.2000, 16.2000, 0
2015-06-29, 15.3400, 15.3400, 15.2100, 15.2100, 1089
2015-06-30, 15.2100, 15.2100, 15.2100, 15.2100, 36
2015-07-01, 15.2601, 15.2601, 15.2601, 15.2601, 500
2015-07-02, 15.2601, 15.2601, 15.2601, 15.2601, 0
2015-07-06, 14.8800, 14.8800, 13.2600, 14.7200, 4066
2015-07-07, 15.0100, 15.0200, 14.9400, 14.9400, 2810
2015-07-08, 14.4694, 14.4694, 14.4694, 14.4694, 101
2015-07-09, 14.4694, 14.4694, 14.4694, 14.4694, 0
2015-07-10, 13.0800, 13.0800, 13.0800, 13.0800, 110
2015-07-13, 13.1300, 13.5900, 13.1300, 13.5800, 775
2015-07-14, 13.5800, 13.5800, 13.5800, 13.5800, 52
2015-07-15, 13.5800, 13.5800, 13.5800, 13.5800, 3
2015-07-16, 13.5800, 13.5800, 13.5800, 13.5800, 0
2015-07-17, 13.5800, 13.5800, 13.5800, 13.5800, 0
2015-07-20, 13.9101, 13.9200, 13.9100, 13.9200, 476
2015-07-21, 13.9200, 13.9200, 13.9200, 13.9200, 0
2015-07-22, 13.9200, 13.9200, 13.9200, 13.9200, 40
2015-07-23, 13.9200, 13.9200, 13.9200, 13.9200, 97
2015-07-24, 20.0000, 20.0000, 14.4400, 14.4400, 1130
2015-07-27, 14.1400, 14.4200, 14.1300, 14.3075, 2419
2015-07-28, 14.3075, 14.3075, 14.3075, 14.3075, 25
2015-07-29, 14.1200, 14.1200, 14.1200, 14.1200, 100
2015-07-30, 14.1200, 14.1200, 14.1200, 14.1200, 0
2015-07-31, 14.1200, 14.1200, 14.1200, 14.1200, 0
2015-08-03, 13.6000, 13.6000, 13.6000, 13.6000, 124
2015-08-04, 13.6000, 13.6000, 13.6000, 13.6000, 2
2015-08-05, 13.5500, 13.5500, 13.5500, 13.5500, 250
2015-08-06, 13.5500, 13.5500, 13.5500, 13.5500, 0
2015-08-07, 13.2300, 13.2300, 13.2300, 13.2300, 2202
2015-08-10, 13.2300, 13.2300, 13.2300, 13.2300, 0
2015-08-11, 12.9800, 12.9800, 12.7250, 12.8100, 2125
2015-08-12, 12.8100, 12.8100, 12.8100, 12.8100, 0
2015-08-13, 12.8100, 12.8100, 12.8100, 12.8100, 11
2015-08-14, 12.8100, 12.8100, 12.8100, 12.8100, 5
2015-08-17, 12.7416, 12.7699, 12.6924, 12.7699, 415
2015-08-18, 12.7699, 12.7699, 12.7699, 12.7699, 71
2015-08-19, 12.7699, 12.7699, 12.7699, 12.7699, 0
2015-08-20, 13.1100, 13.1100, 13.1100, 13.1100, 284
2015-08-21, 12.4300, 12.4300, 12.3800, 12.3800, 1856
2015-08-24, 12.3800, 12.3800, 12.3800, 12.3800, 0
2015-08-25, 10.0400, 10.9000, 10.0300, 10.6346, 14315
2015-08-26, 11.3600, 11.5000, 11.0000, 11.5000, 4720
2015-08-27, 12.4500, 12.9400, 12.4001, 12.9400, 4890
2015-08-28, 12.9400, 12.9400, 12.9400, 12.9400, 84
2015-08-31, 11.8000, 11.8000, 11.8000, 11.8000, 157
2015-09-01, 11.8000, 11.8000, 11.8000, 11.8000, 0
2015-09-02, 12.1600, 12.1600, 12.0500, 12.0500, 2320
2015-09-03, 11.0600, 11.0600, 11.0600, 11.0600, 670
2015-09-04, 11.0600, 11.0600, 11.0600, 11.0600, 0
2015-09-08, 10.3524, 10.4799, 10.3524, 10.4799, 300
2015-09-09, 10.4799, 10.4799, 10.4799, 10.4799, 100
2015-09-10, 10.4799, 10.4799, 10.4799, 10.4799, 40
2015-09-11, 10.4799, 10.4799, 10.4799, 10.4799, 0
2015-09-14, 10.4799, 10.4799, 10.4799, 10.4799, 14
2015-09-15, 10.4799, 10.4799, 10.4799, 10.4799, 0
2015-09-16, 10.4799, 10.4799, 10.4799, 10.4799, 0
2015-09-17, 10.4799, 10.4799, 10.4799, 10.4799, 0
2015-09-18, 10.4799, 10.4799, 10.4799, 10.4799, 20
2015-09-21, 10.4799, 10.4799, 10.4799, 10.4799, 0
2015-09-22, 10.4799, 10.4799, 10.4799, 10.4799, 0
2015-09-23, 10.4799, 10.4799, 10.4799, 10.4799, 2
2015-09-24, 10.4799, 10.4799, 10.4799, 10.4799, 0
2015-09-25, 10.4799, 10.4799, 10.4799, 10.4799, 2
2015-09-28, 11.7700, 11.7700, 11.6910, 11.7080, 400
2015-09-29, 11.7080, 11.7080, 11.7080, 11.7080, 0
2015-09-30, 11.0000, 11.0000, 11.0000, 11.0000, 100
2015-10-01, 11.0000, 11.0000, 11.0000, 11.0000, 1
2015-10-02, 11.0000, 11.0000, 11.0000, 11.0000, 2
2015-10-05, 11.0000, 11.0000, 11.0000, 11.0000, 0
2015-10-06, 11.9100, 11.9101, 11.9000, 11.9100, 1950
2015-10-07, 14.7500, 14.7500, 13.5596, 13.5900, 864
2015-10-08, 13.3996, 13.5100, 13.3500, 13.5000, 13600
2015-10-09, 13.5000, 13.5000, 13.5000, 13.5000, 74
2015-10-12, 13.5000, 13.5000, 13.5000, 13.5000, 0
2015-10-13, 13.5400, 13.5401, 13.5000, 13.5000, 1288
2015-10-14, 13.8000, 13.8000, 13.6804, 13.6804, 200
2015-10-15, 13.6804, 13.6804, 13.6804, 13.6804, 1
2015-10-16, 13.6804, 13.6804, 13.6804, 13.6804, 70
2015-10-19, 13.6804, 13.6804, 13.6804, 13.6804, 0
2015-10-20, 13.6804, 13.6804, 13.6804, 13.6804, 10
2015-10-21, 13.6804, 13.6804, 13.6804, 13.6804, 0
2015-10-22, 13.6804, 13.6804, 13.6804, 13.6804, 0
2015-10-23, 12.8800, 12.8800, 12.8800, 12.8800, 300
2015-10-26, 12.7700, 12.7700, 12.7700, 12.7700, 139
2015-10-27, 12.7700, 12.7700, 12.7700, 12.7700, 1000
2015-10-28, 13.3104, 13.3104, 13.3104, 13.3104, 1022
2015-10-29, 13.3104, 13.3104, 13.3104, 13.3104, 21
2015-10-30, 13.6500, 13.6500, 13.6396, 13.6396, 753
2015-11-02, 13.6396, 13.6396, 13.6396, 13.6396, 0
2015-11-03, 13.6396, 13.6396, 13.6396, 13.6396, 0
2015-11-04, 13.6396, 13.6396, 13.6396, 13.6396, 22
2015-11-05, 13.6396, 13.6396, 13.6396, 13.6396, 0
2015-11-06, 13.6396, 13.6396, 13.6396, 13.6396, 80
2015-11-09, 13.6396, 13.6396, 13.6396, 13.6396, 0
2015-11-10, 12.7500, 12.7864, 12.7500, 12.7864, 737
2015-11-11, 12.7900, 12.7900, 12.7700, 12.7700, 550
2015-11-12, 12.7700, 12.7700, 12.7700, 12.7700, 0
2015-11-13, 13.0200, 13.0200, 13.0200, 13.0200, 547
2015-11-16, 13.0200, 13.0200, 13.0200, 13.0200, 2
2015-11-17, 13.0200, 13.0200, 13.0200, 13.0200, 0
2015-11-18, 12.9400, 13.0210, 12.9400, 13.0200, 1882
2015-11-19, 13.0200, 13.0200, 13.0200, 13.0200, 2
2015-11-20, 13.0200, 13.0200, 13.0200, 13.0200, 10
2015-11-23, 13.0200, 13.0200, 13.0200, 13.0200, 0
2015-11-24, 13.0200, 13.0200, 13.0200, 13.0200, 0
2015-11-25, 13.0200, 13.0200, 13.0200, 13.0200, 1
2015-11-27, 13.0200, 13.0200, 13.0200, 13.0200, 90
2015-11-30, 13.0200, 13.0200, 13.0200, 13.0200, 4
2015-12-01, 13.0200, 13.0200, 13.0200, 13.0200, 0
2015-12-02, 13.0200, 13.0200, 13.0200, 13.0200, 0
2015-12-03, 14.0000, 14.0000, 13.8200, 13.8300, 1830
2015-12-04, 14.4200, 14.4200, 14.4200, 14.4200, 183
2015-12-07, 14.7599, 14.7599, 14.7599, 14.7599, 100
2015-12-08, 14.5799, 14.5799, 14.5799, 14.5799, 182
2015-12-09, 14.5799, 14.5799, 14.5799, 14.5799, 106
2015-12-10, 14.5799, 14.5799, 14.5799, 14.5799, 0
2015-12-11, 14.5799, 14.5799, 14.5799, 14.5799, 0
2015-12-14, 14.5799, 14.5799, 14.5799, 14.5799, 4
2015-12-15, 14.5799, 14.5799, 14.5799, 14.5799, 1
2015-12-16, 14.5799, 14.5799, 14.5799, 14.5799, 50
2015-12-17, 14.5799, 14.5799, 14.5799, 14.5799, 2100
2015-12-18, 14.5799, 14.5799, 14.5799, 14.5799, 0
2015-12-21, 13.9000, 13.9000, 13.9000, 13.9000, 550
2015-12-22, 13.9000, 13.9000, 13.9000, 13.9000, 0
2015-12-23, 13.9000, 13.9000, 13.9000, 13.9000, 1
2015-12-24, 14.3580, 14.3580, 14.3580, 14.3580, 104
2015-12-28, 14.3580, 14.3580, 14.3580, 14.3580, 0
2015-12-29, 15.0800, 15.0800, 15.0800, 15.0800, 308
2015-12-30, 15.0800, 15.0800, 15.0800, 15.0800, 105
2015-12-31, 15.0800, 15.0800, 15.0800, 15.0800, 0
2016-01-04, 15.0800, 15.0800, 15.0800, 15.0800, 15
2016-01-05, 16.4500, 16.5842, 14.8100, 16.0800, 17340
2016-01-06, 16.1300, 16.2600, 16.1300, 16.2600, 493
2016-01-07, 15.9200, 15.9300, 15.9200, 15.9300, 800
2016-01-08, 15.8299, 15.8299, 15.8299, 15.8299, 100
2016-01-11, 15.5515, 15.5515, 15.5515, 15.5515, 215
2016-01-12, 15.0000, 15.0000, 14.9500, 14.9500, 5650
2016-01-13, 15.4800, 15.4800, 15.4000, 15.4000, 1315
2016-01-14, 15.5900, 15.5900, 15.5900, 15.5900, 500
2016-01-15, 15.5900, 15.5900, 15.5900, 15.5900, 0
2016-01-19, 15.5900, 15.5900, 15.5900, 15.5900, 0
2016-01-20, 13.3300, 13.3300, 13.2100, 13.2700, 374
2016-01-21, 13.3600, 13.3600, 13.2400, 13.3400, 5200
2016-01-22, 13.3400, 13.3400, 13.3400, 13.3400, 0
2016-01-25, 13.3400, 13.3400, 13.3400, 13.3400, 0
2016-01-26, 13.3400, 13.3400, 13.3400, 13.3400, 0
2016-01-27, 14.5000, 14.6366, 14.5000, 14.6366, 460
2016-01-28, 14.6366, 14.6366, 14.6366, 14.6366, 0
2016-01-29, 14.6366, 14.6366, 14.6366, 14.6366, 30
2016-02-01, 14.6366, 14.6366, 14.6366, 14.6366, 0
2016-02-02, 14.6366, 14.6366, 14.6366, 14.6366, 0
2016-02-03, 14.6366, 14.6366, 14.6366, 14.6366, 0
2016-02-04, 13.7300, 13.7300, 13.7300, 13.7300, 100
2016-02-05, 13.7300, 13.7300, 13.7300, 13.7300, 9
2016-02-08, 13.8000, 13.8000, 13.8000, 13.8000, 364
2016-02-09, 13.8000, 13.8000, 13.8000, 13.8000, 0
2016-02-10, 12.1766, 12.1900, 12.1500, 12.1500, 977
2016-02-11, 12.1500, 12.1500, 12.1500, 12.1500, 280
2016-02-12, 11.1500, 11.1500, 11.0500, 11.1100, 1142
2016-02-16, 11.6500, 11.6600, 11.5800, 11.6600, 750
2016-02-17, 11.7600, 11.7600, 11.7600, 11.7600, 561
2016-02-18, 12.0900, 12.1000, 12.0500, 12.0500, 400
2016-02-19, 12.0500, 12.0500, 12.0500, 12.0500, 0
2016-02-22, 12.0500, 12.0500, 12.0500, 12.0500, 500
2016-02-23, 12.3770, 12.3800, 12.2300, 12.3000, 3202
2016-02-24, 12.3000, 12.3000, 12.3000, 12.3000, 0
2016-02-25, 12.3000, 12.3000, 12.3000, 12.3000, 0
2016-02-26, 12.3000, 12.3000, 12.3000, 12.3000, 0
2016-02-29, 12.3000, 12.3000, 12.3000, 12.3000, 0
2016-03-01, 13.0000, 13.0000, 12.8200, 12.9500, 10502
2016-03-02, 12.9500, 12.9500, 12.9500, 12.9500, 99
2016-03-03, 14.1900, 14.1900, 14.1900, 14.1900, 2200
2016-03-04, 14.7100, 14.7100, 14.7100, 14.7100, 344
2016-03-07, 15.4900, 15.4900, 15.4900, 15.4900, 200
2016-03-08, 16.1900, 16.2200, 16.1900, 16.2200, 1391
2016-03-09, 16.6700, 16.6700, 16.6700, 16.6700, 107
2016-03-10, 16.5800, 16.5800, 16.5800, 16.5800, 208
2016-03-11, 16.4687, 16.4687, 16.4687, 16.4687, 180
2016-03-14, 16.4000, 16.4000, 16.4000, 16.4000, 125
2016-03-15, 16.4000, 16.4000, 16.4000, 16.4000, 0
2016-03-16, 16.4000, 16.4000, 16.4000, 16.4000, 0
2016-03-17, 16.4000, 16.4000, 16.4000, 16.4000, 0
2016-03-18, 16.9300, 16.9300, 16.9300, 16.9300, 100
2016-03-21, 16.9300, 16.9300, 16.9300, 16.9300, 0
2016-03-22, 16.9300, 16.9300, 16.9300, 16.9300, 0
2016-03-23, 16.9300, 16.9300, 16.9300, 16.9300, 12
2016-03-24, 16.9300, 16.9300, 16.9300, 16.9300, 0
2016-03-28, 16.3901, 16.3901, 16.3901, 16.3901, 138
2016-03-29, 16.3901, 16.3901, 16.3901, 16.3901, 0
2016-03-30, 16.3901, 16.3901, 16.3901, 16.3901, 0
2016-03-31, 16.3901, 16.3901, 16.3901, 16.3901, 0
2016-04-01, 16.3901, 16.3901, 16.3901, 16.3901, 20
2016-04-04, 16.3901, 16.3901, 16.3901, 16.3901, 50
2016-04-05, 16.3901, 16.3901, 16.3901, 16.3901, 46
2016-04-06, 16.3901, 16.3901, 16.3901, 16.3901, 0
2016-04-07, 17.0800, 17.0800, 17.0100, 17.0100, 1707
2016-04-08, 17.6300, 17.8500, 17.6300, 17.8500, 1316
2016-04-11, 18.6700, 18.6700, 18.6700, 18.6700, 100
2016-04-12, 18.1400, 18.1701, 18.0900, 18.1701, 6382
2016-04-13, 19.3880, 19.3880, 19.3880, 19.3880, 201
2016-04-14, 19.1550, 19.1550, 19.1550, 19.1550, 250
2016-04-15, 18.7700, 18.7700, 18.7400, 18.7400, 401
2016-04-18, 18.7400, 18.7400, 18.7400, 18.7400, 0
2016-04-19, 19.5900, 19.5900, 19.5900, 19.5900, 100
2016-04-20, 20.3100, 20.4811, 20.1500, 20.4811, 1264
2016-04-21, 20.5600, 20.6399, 20.4600, 20.6399, 5040
2016-04-22, 20.4800, 20.4800, 20.4800, 20.4800, 150
2016-04-25, 22.0200, 22.0200, 21.9500, 21.9500, 556
2016-04-26, 19.8600, 19.8600, 19.6900, 19.6900, 1552
2016-04-27, 23.0000, 23.1891, 22.0000, 23.0000, 4372
2016-04-28, 22.9278, 22.9278, 22.6700, 22.6700, 1218
2016-04-29, 22.5800, 22.5800, 22.5800, 22.5800, 200
2016-05-02, 23.5400, 23.8017, 23.4500, 23.7357, 7415
2016-05-03, 23.4800, 23.5837, 23.4500, 23.5837, 840
2016-05-04, 23.5837, 23.5837, 23.5837, 23.5837, 27
2016-05-05, 23.5000, 23.5000, 23.5000, 23.5000, 212
2016-05-06, 24.3600, 24.5670, 24.3600, 24.5670, 1167
2016-05-09, 23.7900, 23.7900, 23.7100, 23.7300, 1685
2016-05-10, 23.2300, 23.4800, 23.2300, 23.4800, 5112
2016-05-11, 23.4800, 23.4800, 23.4800, 23.4800, 175
2016-05-12, 22.8300, 22.8300, 22.7050, 22.7516, 1697
2016-05-13, 23.2800, 23.2800, 23.2800, 23.2800, 105
2016-05-16, 22.6100, 22.6100, 20.1200, 20.1200, 7718
2016-05-17, 20.0000, 20.0000, 18.8200, 18.8200, 747
2016-05-18, 17.9300, 17.9300, 17.7201, 17.7201, 1101
2016-05-19, 17.9200, 17.9800, 17.8900, 17.9800, 748
2016-05-20, 18.7400, 18.7400, 18.7400, 18.7400, 126
2016-05-23, 19.7300, 19.8000, 19.7200, 19.8000, 3001
2016-05-24, 19.8000, 19.8000, 19.8000, 19.8000, 0
2016-05-25, 19.0480, 19.0480, 19.0480, 19.0480, 2100
2016-05-26, 18.5900, 18.5900, 18.4100, 18.4100, 350
2016-05-27, 18.4100, 18.4100, 18.4100, 18.4100, 102
2016-05-31, 18.4100, 18.4100, 18.4100, 18.4100, 86
2016-06-01, 18.4100, 18.4100, 18.4100, 18.4100, 1
2016-06-02, 18.5000, 19.0200, 18.3000, 19.0200, 4000
2016-06-03, 19.2000, 19.2099, 19.2000, 19.2000, 400
2016-06-06, 18.8800, 18.9100, 18.8700, 18.9100, 1370
2016-06-07, 18.8862, 18.8862, 18.8200, 18.8200, 1415
2016-06-08, 18.8200, 18.8200, 18.8200, 18.8200, 0
2016-06-09, 18.8200, 18.8200, 18.8200, 18.8200, 0
2016-06-10, 18.0000, 18.2200, 17.7800, 17.9300, 8073
2016-06-13, 16.8900, 16.8900, 16.8900, 16.8900, 100
2016-06-14, 15.7300, 15.7300, 15.4500, 15.4500, 1299
2016-06-15, 16.6200, 17.3500, 15.9800, 17.3500, 9180
2016-06-16, 15.3900, 15.4300, 15.2720, 15.3800, 1458
2016-06-17, 15.3800, 15.3800, 15.3800, 15.3800, 0
2016-06-20, 16.0900, 16.3100, 16.0900, 16.0940, 1100
2016-06-21, 16.5900, 16.9000, 16.4000, 16.5000, 9530
2016-06-22, 16.0183, 16.0183, 16.0183, 16.0183, 370
2016-06-23, 15.9200, 15.9200, 15.9000, 15.9000, 700
2016-06-24, 15.0800, 15.0800, 15.0800, 15.0800, 150
2016-06-27, 15.0800, 15.0800, 15.0800, 15.0800, 0
2016-06-28, 15.6900, 15.8400, 15.5500, 15.8400, 8899
2016-06-29, 16.0000, 16.5000, 16.0000, 16.4000, 2450
2016-06-30, 16.4000, 16.4000, 16.4000, 16.4000, 0
2016-07-01, 16.5000, 16.5000, 16.5000, 16.5000, 400
2016-07-05, 15.5000, 18.5000, 15.5000, 18.5000, 350
2016-07-06, 17.0000, 18.5000, 17.0000, 18.0000, 1191
2016-07-07, 17.3600, 17.6500, 17.0000, 17.0000, 5810
2016-07-08, 17.6200, 17.6200, 15.1000, 16.2500, 48664
2016-07-11, 15.0000, 16.0000, 15.0000, 15.6000, 9400
2016-07-12, 15.5000, 15.9000, 15.2500, 15.8000, 3303
2016-07-13, 15.0000, 15.8000, 14.9900, 15.7000, 5800
2016-07-14, 14.5000, 15.2000, 14.5000, 15.0000, 1280
2016-07-15, 13.9600, 14.6000, 13.9600, 14.3000, 1900
2016-07-18, 14.2900, 14.3000, 14.2900, 14.3000, 500
2016-07-19, 13.5000, 14.4999, 13.5000, 13.5500, 1034
2016-07-20, 13.5500, 13.5500, 13.5500, 13.5500, 0
2016-07-21, 13.5500, 13.5500, 13.5500, 13.5500, 0
2016-07-22, 13.5000, 13.9900, 13.0000, 13.0000, 987
2016-07-25, 13.0000, 13.0000, 13.0000, 13.0000, 0
2016-07-26, 13.6000, 14.9000, 13.6000, 13.9300, 5089
2016-07-27, 14.2000, 14.2000, 13.5053, 13.8000, 2504
2016-07-28, 14.0100, 14.1200, 13.5300, 13.7500, 1521
2016-07-29, 14.0200, 14.0200, 14.0200, 14.0200, 100
2016-08-01, 14.5300, 14.5500, 13.6300, 13.6300, 3524
2016-08-02, 14.2700, 14.2700, 14.2700, 14.2700, 100
2016-08-03, 14.1600, 14.1600, 14.0100, 14.0100, 252
2016-08-04, 14.2700, 14.3100, 14.2700, 14.3100, 400
2016-08-05, 14.3100, 14.3100, 14.3100, 14.3100, 0
2016-08-08, 14.0900, 14.0900, 14.0900, 14.0900, 150
2016-08-09, 14.0900, 14.0900, 14.0900, 14.0900, 0
2016-08-10, 14.0900, 14.0900, 14.0900, 14.0900, 0
2016-08-11, 14.1200, 14.1670, 14.1200, 14.1670, 204
2016-08-12, 14.2100, 14.2100, 14.2100, 14.2100, 150
2016-08-15, 14.6900, 14.6900, 14.6800, 14.6800, 2084
2016-08-16, 14.6800, 14.6800, 14.6800, 14.6800, 0
2016-08-17, 14.6800, 14.6800, 14.6800, 14.6800, 30
2016-08-18, 14.6800, 14.6800, 14.6800, 14.6800, 0
2016-08-19, 14.2100, 14.2100, 14.2000, 14.2100, 500
2016-08-22, 14.5300, 14.5500, 14.5200, 14.5400, 1189
2016-08-23, 15.3200, 15.3200, 15.2700, 15.2800, 1255
2016-08-24, 15.2800, 15.2800, 15.2800, 15.2800, 0
2016-08-25, 15.2800, 15.2800, 15.2800, 15.2800, 5
2016-08-26, 15.2800, 15.2800, 15.2800, 15.2800, 0
2016-08-29, 15.2800, 15.2800, 15.2800, 15.2800, 3
2016-08-30, 13.9500, 13.9800, 13.9000, 13.9000, 4900
2016-08-31, 14.0300, 14.0300, 14.0300, 14.0300, 200
2016-09-01, 14.3100, 14.3500, 14.3000, 14.3000, 900
2016-09-02, 14.3000, 14.3000, 14.3000, 14.3000, 0
2016-09-06, 14.7800, 14.8314, 14.7700, 14.8314, 1323
2016-09-07, 14.8314, 14.8314, 14.8314, 14.8314, 50
2016-09-08, 15.8001, 15.8001, 15.8001, 15.8001, 228
2016-09-09, 15.4900, 15.4900, 15.4900, 15.4900, 150
2016-09-12, 15.4900, 15.4900, 15.4900, 15.4900, 0
2016-09-13, 15.4900, 15.4900, 15.4900, 15.4900, 0
2016-09-14, 15.4900, 15.4900, 15.4900, 15.4900, 0
2016-09-15, 15.4900, 15.4900, 15.4900, 15.4900, 0
2016-09-16, 14.8400, 14.8400, 14.8399, 14.8400, 600
2016-09-19, 14.8400, 14.8400, 14.8400, 14.8400, 0
2016-09-20, 14.8400, 14.8400, 14.8400, 14.8400, 10
2016-09-21, 14.6950, 14.6950, 14.6950, 14.6950, 100
2016-09-22, 14.8200, 14.8200, 14.8100, 14.8100, 204
2016-09-23, 14.8100, 14.8100, 14.8100, 14.8100, 80
2016-09-26, 14.8100, 14.8100, 14.8100, 14.8100, 0
2016-09-27, 15.2900, 15.2900, 15.2800, 15.2800, 400
2016-09-28, 15.2800, 15.2800, 15.2800, 15.2800, 0
2016-09-29, 15.2800, 15.2800, 15.2800, 15.2800, 4
2016-09-30, 15.2800, 15.2800, 15.2800, 15.2800, 0
2016-10-03, 15.2700, 15.7600, 15.2400, 15.7200, 18870
2016-10-04, 16.0000, 17.1900, 16.0000, 17.0700, 1350
2016-10-05, 17.0700, 17.0700, 17.0700, 17.0700, 30
2016-10-06, 19.0900, 19.3305, 18.9396, 19.0000, 2610
2016-10-07, 18.6400, 18.6600, 18.6400, 18.6600, 500
2016-10-10, 18.6001, 18.6200, 18.6001, 18.6200, 653
2016-10-11, 18.6200, 18.6200, 18.6200, 18.6200, 0
2016-10-12, 18.6200, 18.6200, 18.6200, 18.6200, 0
2016-10-13, 17.3100, 17.3100, 17.3100, 17.3100, 100
2016-10-14, 17.3100, 17.3100, 17.3100, 17.3100, 29
2016-10-17, 17.3100, 17.3100, 17.3100, 17.3100, 2
2016-10-18, 19.2000, 19.2000, 19.0000, 19.0000, 640
2016-10-19, 19.0000, 19.0000, 19.0000, 19.0000, 0
2016-10-20, 19.0000, 19.0000, 19.0000, 19.0000, 0
2016-10-21, 19.0000, 19.0000, 19.0000, 19.0000, 32
2016-10-24, 19.0000, 19.0000, 19.0000, 19.0000, 0
2016-10-25, 19.0000, 19.0000, 19.0000, 19.0000, 0
2016-10-26, 19.0000, 19.0000, 19.0000, 19.0000, 4
2016-10-27, 19.0000, 19.0000, 19.0000, 19.0000, 0
2016-10-28, 19.0000, 19.0000, 19.0000, 19.0000, 0
2016-10-31, 19.0000, 19.0000, 19.0000, 19.0000, 0
2016-11-01, 19.0000, 19.0000, 19.0000, 19.0000, 0
2016-11-02, 16.8600, 16.8600, 16.1442, 16.1442, 700
2016-11-03, 16.1442, 16.1442, 16.1442, 16.1442, 0
2016-11-04, 16.1442, 16.1442, 16.1442, 16.1442, 0
2016-11-07, 16.1442, 16.1442, 16.1442, 16.1442, 0
2016-11-08, 16.1442, 16.1442, 16.1442, 16.1442, 0
2016-11-09, 16.1442, 16.1442, 16.1442, 16.1442, 0
2016-11-10, 16.1442, 16.1442, 16.1442, 16.1442, 0
2016-11-11, 15.4700, 15.4700, 15.4700, 15.4700, 100
2016-11-14, 15.4700, 15.4700, 15.4700, 15.4700, 0
2016-11-15, 15.4600, 15.4700, 15.1701, 15.1701, 1140
2016-11-16, 16.0400, 16.0400, 16.0400, 16.0400, 100
2016-11-17, 16.0400, 16.0400, 16.0400, 16.0400, 0
2016-11-18, 16.0400, 16.0400, 16.0400, 16.0400, 25
2016-11-21, 16.0400, 16.0400, 16.0400, 16.0400, 0
2016-11-22, 16.0400, 16.0400, 16.0400, 16.0400, 50
2016-11-23, 15.4600, 15.5255, 15.4500, 15.5255, 500
2016-11-25, 15.5255, 15.5255, 15.5255, 15.5255, 0
2016-11-28, 15.5255, 15.5255, 15.5255, 15.5255, 0
2016-11-29, 15.5255, 15.5255, 15.5255, 15.5255, 2
2016-11-30, 15.5255, 15.5255, 15.5255, 15.5255, 0
2016-12-01, 15.5255, 15.5255, 15.5255, 15.5255, 0
2016-12-02, 15.5255, 15.5255, 15.5255, 15.5255, 20
2016-12-05, 15.5255, 15.5255, 15.5255, 15.5255, 0
2016-12-06, 15.5255, 15.5255, 15.5255, 15.5255, 0
2016-12-07, 15.5255, 15.5255, 15.5255, 15.5255, 0
2016-12-08, 14.5000, 14.5900, 14.5000, 14.5900, 200
2016-12-09, 14.6000, 14.6000, 14.6000, 14.6000, 300
2016-12-12, 14.6000, 14.6000, 14.6000, 14.6000, 179
2016-12-13, 14.9500, 15.6800, 14.9500, 15.6700, 2636
2016-12-14, 15.6700, 15.6700, 15.6700, 15.6700, 1
2016-12-15, 15.6700, 15.6700, 15.6700, 15.6700, 0
2016-12-16, 14.0600, 14.0600, 14.0600, 14.0600, 200
2016-12-19, 14.0600, 14.0600, 14.0600, 14.0600, 0
2016-12-20, 14.0600, 14.0600, 14.0600, 14.0600, 0
2016-12-21, 14.0600, 14.0600, 14.0600, 14.0600, 0
2016-12-22, 14.0600, 14.0600, 14.0600, 14.0600, 0
2016-12-23, 14.0600, 14.0600, 14.0600, 14.0600, 0
2016-12-27, 14.0600, 14.0600, 14.0600, 14.0600, 0
2016-12-28, 14.1000, 14.2100, 14.1000, 14.1800, 1406
2016-12-29, 14.1800, 14.1800, 14.1800, 14.1800, 0
2016-12-30, 14.1800, 14.1800, 14.1800, 14.1800, 0
2017-01-03, 14.1800, 14.1800, 14.1800, 14.1800, 0
2017-01-04, 15.0100, 15.0500, 15.0000, 15.0000, 1200
2017-01-05, 15.0000, 15.0000, 15.0000, 15.0000, 0
2017-01-06, 15.0000, 15.0000, 15.0000, 15.0000, 0
2017-01-09, 15.0000, 15.0000, 15.0000, 15.0000, 0
2017-01-10, 15.0000, 15.0000, 15.0000, 15.0000, 0
2017-01-11, 15.0000, 15.0000, 15.0000, 15.0000, 0
2017-01-12, 15.0000, 15.0000, 15.0000, 15.0000, 0
2017-01-13, 15.0000, 15.0000, 15.0000, 15.0000, 0
2017-01-17, 15.0000, 15.0000, 15.0000, 15.0000, 0
2017-01-18, 15.0000, 15.0000, 15.0000, 15.0000, 0
2017-01-19, 15.0000, 15.0000, 15.0000, 15.0000, 0
2017-01-20, 15.0000, 15.0000, 15.0000, 15.0000, 0
2017-01-23, 15.0000, 15.0000, 15.0000, 15.0000, 0
2017-01-24, 15.0000, 15.0000, 15.0000, 15.0000, 0
2017-01-25, 15.0000, 15.0000, 15.0000, 15.0000, 0
2017-01-26, 15.0000, 15.0000, 15.0000, 15.0000, 0
2017-01-27, 15.0000, 15.0000, 15.0000, 15.0000, 0
2017-01-30, 15.0000, 15.0000, 15.0000, 15.0000, 0
2017-01-31, 15.2200, 15.2729, 15.2000, 15.2500, 1848
2017-02-01, 15.2500, 15.2500, 15.2500, 15.2500, 0
2017-02-02, 15.2500, 15.2500, 15.2500, 15.2500, 0
2017-02-03, 15.2500, 15.2500, 15.2500, 15.2500, 0
2017-02-06, 15.2500, 15.2500, 15.2500, 15.2500, 65
2017-02-07, 15.2500, 15.2500, 15.2500, 15.2500, 2
2017-02-08, 15.2500, 15.2500, 15.2500, 15.2500, 0
2017-02-09, 15.2500, 15.2500, 15.2500, 15.2500, 0
2017-02-10, 15.2500, 15.2500, 15.2500, 15.2500, 7
2017-02-13, 15.2500, 15.2500, 15.2500, 15.2500, 0
2017-02-14, 15.2500, 15.2500, 15.2500, 15.2500, 1904
2017-02-15, 14.2400, 14.2400, 14.2400, 14.2400, 119
2017-02-16, 14.2400, 14.2400, 14.2400, 14.2400, 0
2017-02-17, 14.2400, 14.2400, 14.2400, 14.2400, 0
2017-02-21, 13.7600, 14.0911, 13.7600, 14.0911, 714
2017-02-22, 14.0911, 14.0911, 14.0911, 14.0911, 0
2017-02-23, 14.0911, 14.0911, 14.0911, 14.0911, 0
2017-02-24, 14.0911, 14.0911, 14.0911, 14.0911, 0
2017-02-27, 14.0911, 14.0911, 14.0911, 14.0911, 0
2017-02-28, 14.0911, 14.0911, 14.0911, 14.0911, 0
2017-03-01, 14.0911, 14.0911, 14.0911, 14.0911, 0
2017-03-02, 13.1500, 13.1500, 13.1500, 13.1500, 204
2017-03-03, 13.1500, 13.1500, 13.1500, 13.1500, 119
2017-03-06, 13.1500, 13.1500, 13.1500, 13.1500, 0
2017-03-07, 13.1500, 13.1500, 13.1500, 13.1500, 0
2017-03-08, 13.1500, 13.1500, 13.1500, 13.1500, 0
2017-03-09, 13.2600, 13.2600, 13.2600, 13.2600, 150
2017-03-10, 13.2600, 13.2600, 13.2600, 13.2600, 0
2017-03-13, 13.2600, 13.2600, 13.2600, 13.2600, 0
2017-03-14, 13.2600, 13.2600, 13.2600, 13.2600, 0
2017-03-15, 13.2600, 13.2600, 13.2600, 13.2600, 0
2017-03-16, 13.2600, 13.2600, 13.2600, 13.2600, 11
2017-03-17, 13.2600, 13.2600, 13.2600, 13.2600, 0
2017-03-20, 13.2600, 13.2600, 13.2600, 13.2600, 0
2017-03-21, 13.2600, 13.2600, 13.2600, 13.2600, 0
2017-03-22, 13.2600, 13.2600, 13.2600, 13.2600, 0
2017-03-23, 13.2600, 13.2600, 13.2600, 13.2600, 0
2017-03-24, 13.2600, 13.2600, 13.2600, 13.2600, 0
2017-03-27, 13.2600, 13.2600, 13.2600, 13.2600, 0
2017-03-28, 13.2600, 13.2600, 13.2600, 13.2600, 0
2017-03-29, 12.7900, 12.7900, 12.7300, 12.7300, 299
2017-03-30, 12.7300, 12.7300, 12.7300, 12.7300, 0
2017-03-31, 12.7300, 12.7300, 12.7300, 12.7300, 0
2017-04-03, 12.6800, 12.6800, 12.6800, 12.6800, 100
2017-04-04, 12.6800, 12.6800, 12.6800, 12.6800, 0
2017-04-05, 12.6800, 12.6800, 12.6800, 12.6800, 0
2017-04-06, 12.6800, 12.6800, 12.6800, 12.6800, 0
2017-04-07, 12.6800, 12.6800, 12.6800, 12.6800, 0
2017-04-10, 10.8000, 10.8000, 10.8000, 10.8000, 634
2017-04-11, 11.3200, 11.3200, 10.9172, 10.9400, 920
2017-04-12, 10.9400, 10.9400, 10.9400, 10.9400, 12
2017-04-13, 10.9400, 10.9400, 10.9400, 10.9400, 1
2017-04-17, 10.9400, 10.9400, 10.9400, 10.9400, 0
2017-04-18, 9.0600, 10.8400, 9.0600, 10.7100, 500
2017-04-19, 11.1300, 11.1300, 11.1300, 11.1300, 334
2017-04-20, 11.1300, 11.1300, 11.1300, 11.1300, 1
2017-04-21, 10.9100, 10.9100, 10.9000, 10.9000, 223
2017-04-24, 10.9000, 10.9000, 10.9000, 10.9000, 37
2017-04-25, 10.9000, 10.9000, 10.9000, 10.9000, 70
2017-04-26, 10.9000, 10.9000, 10.9000, 10.9000, 90
2017-04-27, 10.9000, 10.9000, 10.9000, 10.9000, 0
2017-04-28, 10.9000, 10.9000, 10.9000, 10.9000, 0
2017-05-01, 11.2000, 11.2001, 11.2000, 11.2000, 500
2017-05-02, 11.4000, 11.4000, 11.3900, 11.3900, 200
2017-05-03, 11.3900, 11.3900, 11.3900, 11.3900, 0
2017-05-04, 11.3900, 11.3900, 11.3900, 11.3900, 0
2017-05-05, 11.3900, 11.3900, 11.3900, 11.3900, 1
2017-05-08, 11.9800, 12.0000, 11.9500, 11.9500, 1620
2017-05-09, 11.4013, 11.4013, 11.4013, 11.4013, 220
2017-05-10, 11.4013, 11.4013, 11.4013, 11.4013, 0
2017-05-11, 11.4013, 11.4013, 11.4013, 11.4013, 0
2017-05-12, 11.4013, 11.4013, 11.4013, 11.4013, 0
2017-05-15, 11.4013, 11.4013, 11.4013, 11.4013, 0
2017-05-16, 12.3300, 12.3300, 11.6001, 11.7000, 562
2017-05-17, 12.3152, 12.3152, 12.3152, 12.3152, 400
2017-05-18, 12.3152, 12.3152, 12.3152, 12.3152, 0
2017-05-19, 12.1200, 12.1500, 12.1200, 12.1500, 200
2017-05-22, 12.1500, 12.1500, 12.1500, 12.1500, 0
2017-05-23, 12.1500, 12.1500, 12.1500, 12.1500, 0
2017-05-24, 12.1500, 12.1500, 12.1500, 12.1500, 83
2017-05-25, 13.6900, 13.6900, 13.4000, 13.4500, 3898
2017-05-26, 13.8126, 13.9953, 13.8126, 13.9700, 1109
2017-05-30, 13.3376, 13.3376, 13.3376, 13.3376, 168
2017-05-31, 14.3000, 14.3000, 14.1900, 14.1900, 944
2017-06-01, 14.2500, 14.2500, 14.2100, 14.2200, 1099
2017-06-02, 14.4600, 14.4600, 14.4600, 14.4600, 173
2017-06-05, 14.4200, 14.4200, 14.4000, 14.4000, 327
2017-06-06, 14.2200, 14.2500, 14.2200, 14.2500, 351
2017-06-07, 14.2500, 14.2500, 14.2500, 14.2500, 0
2017-06-08, 14.2500, 14.2500, 14.2500, 14.2500, 0
2017-06-09, 13.8900, 13.9300, 13.4407, 13.4407, 1500
2017-06-12, 13.4407, 13.4407, 13.4407, 13.4407, 34
2017-06-13, 13.4407, 13.4407, 13.4407, 13.4407, 0
2017-06-14, 13.4407, 13.4407, 13.4407, 13.4407, 0
2017-06-15, 13.4407, 13.4407, 13.4407, 13.4407, 1
2017-06-16, 13.4407, 13.4407, 13.4407, 13.4407, 0
2017-06-19, 12.5200, 12.5200, 12.5200, 12.5200, 300
2017-06-20, 12.5200, 12.5200, 12.5200, 12.5200, 4
2017-06-21, 13.1900, 13.2200, 13.0900, 13.1392, 3226
2017-06-22, 13.1392, 13.1392, 13.1392, 13.1392, 26
2017-06-23, 13.1392, 13.1392, 13.1392, 13.1392, 0
2017-06-26, 14.1600, 14.4000, 13.9500, 13.9500, 2267
2017-06-27, 14.8400, 14.9900, 14.7100, 14.9900, 2267
2017-06-28, 14.9900, 14.9900, 14.9900, 14.9900, 7
2017-06-29, 14.9000, 15.0000, 14.9000, 15.0000, 900
2017-06-30, 15.0000, 15.0000, 15.0000, 15.0000, 0
2017-07-03, 15.0000, 15.0000, 15.0000, 15.0000, 53
2017-07-05, 15.0000, 15.0000, 15.0000, 15.0000, 0
2017-07-06, 15.0000, 15.0000, 15.0000, 15.0000, 0
2017-07-07, 15.0000, 15.0000, 15.0000, 15.0000, 0
2017-07-10, 15.0000, 15.0000, 15.0000, 15.0000, 0
2017-07-11, 15.0000, 15.0000, 15.0000, 15.0000, 0
2017-07-12, 15.0000, 15.0000, 15.0000, 15.0000, 0
2017-07-13, 14.1100, 14.3900, 14.1100, 14.3900, 300
2017-07-14, 13.8800, 13.8939, 13.8600, 13.8839, 3180
2017-07-17, 13.8839, 13.8839, 13.8839, 13.8839, 1
2017-07-18, 13.8839, 13.8839, 13.8839, 13.8839, 0
2017-07-19, 13.8839, 13.8839, 13.8839, 13.8839, 40
2017-07-20, 13.8840, 13.8840, 13.8840, 13.8840, 0
2017-07-21, 13.8840, 13.8840, 13.8840, 13.8840, 0
2017-07-24, 13.8840, 13.8840, 13.8840, 13.8840, 0
2017-07-25, 13.8840, 13.8840, 13.8840, 13.8840, 0
2017-07-26, 13.8840, 13.8840, 13.8840, 13.8840, 0
2017-07-27, 13.8840, 13.8840, 13.8840, 13.8840, 0
2017-07-28, 13.8840, 13.8840, 13.8840, 13.8840, 0
2017-07-31, 13.8840, 13.8840, 13.8840, 13.8840, 1
2017-08-01, 13.8840, 13.8840, 13.8840, 13.8840, 3
2017-08-02, 13.8840, 13.8840, 13.8840, 13.8840, 0
2017-08-03, 13.8840, 13.8840, 13.8840, 13.8840, 0
2017-08-04, 13.8840, 13.8840, 13.8840, 13.8840, 0
2017-08-07, 13.8840, 13.8840, 13.8840, 13.8840, 0
2017-08-08, 13.8840, 13.8840, 13.8840, 13.8840, 0
2017-08-09, 12.7900, 12.8283, 12.7900, 12.8283, 400
2017-08-10, 12.8283, 12.8283, 12.8283, 12.8283, 0
2017-08-11, 12.8283, 12.8283, 12.8283, 12.8283, 0
2017-08-14, 12.8283, 12.8283, 12.8283, 12.8283, 1300
2017-08-15, 12.8280, 12.8280, 12.8280, 12.8280, 0
2017-08-16, 12.8280, 12.8280, 12.8280, 12.8280, 0
2017-08-17, 12.3500, 12.3500, 12.3000, 12.3000, 750
2017-08-18, 12.3000, 12.3000, 12.3000, 12.3000, 50
2017-08-21, 12.3000, 12.3000, 12.3000, 12.3000, 0
2017-08-22, 12.3000, 12.3000, 12.3000, 12.3000, 2
2017-08-23, 12.3000, 12.3000, 12.3000, 12.3000, 0
2017-08-24, 12.3000, 12.3000, 12.3000, 12.3000, 0
2017-08-25, 12.3000, 12.3000, 12.3000, 12.3000, 0
2017-08-28, 12.3000, 12.3000, 12.3000, 12.3000, 0
2017-08-29, 12.3000, 12.3000, 12.3000, 12.3000, 0
2017-08-30, 12.3000, 12.3000, 12.3000, 12.3000, 0
2017-08-31, 12.3000, 12.3000, 12.3000, 12.3000, 0
2017-09-05, 12.3000, 12.3000, 12.3000, 12.3000, 0
2017-09-06, 12.3000, 12.3000, 12.3000, 12.3000, 0
2017-09-07, 12.3000, 12.3000, 12.3000, 12.3000, 0
2017-09-08, 12.3000, 12.3000, 12.3000, 12.3000, 0
2017-09-11, 12.3000, 12.3000, 12.3000, 12.3000, 0
2017-09-12, 12.3000, 12.3000, 12.3000, 12.3000, 0
2017-09-13, 11.4600, 11.4600, 11.4600, 11.4600, 100
2017-09-14, 11.4600, 11.4600, 11.4600, 11.4600, 0
2017-09-15, 11.4600, 11.4600, 11.4600, 11.4600, 0
2017-09-18, 10.8000, 10.8000, 10.8000, 10.8000, 150
2017-09-19, 10.8000, 10.8000, 10.8000, 10.8000, 100
2017-09-20, 10.8000, 10.8000, 10.8000, 10.8000, 6
2017-09-21, 11.6800, 11.8500, 11.6800, 11.8500, 450
2017-09-22, 11.8000, 11.8000, 11.8000, 11.8000, 151
2017-09-25, 11.8000, 11.8000, 11.8000, 11.8000, 2
2017-09-26, 10.6800, 10.6800, 10.6800, 10.6800, 101
2017-09-27, 11.1000, 11.1660, 11.0500, 11.1660, 400
2017-09-28, 11.1660, 11.1660, 11.1660, 11.1660, 0
2017-09-29, 11.4000, 11.4000, 11.4000, 11.4000, 102
2017-10-02, 11.4000, 11.4000, 11.4000, 11.4000, 0
2017-10-03, 11.4000, 11.4000, 11.4000, 11.4000, 0
2017-10-04, 11.4000, 11.4000, 11.4000, 11.4000, 200
2017-10-05, 11.4000, 11.4000, 11.4000, 11.4000, 10
2017-10-06, 11.4000, 11.4000, 11.4000, 11.4000, 10
2017-10-09, 11.4000, 11.4000, 11.4000, 11.4000, 10
2017-10-10, 11.4000, 11.4000, 11.4000, 11.4000, 10
2017-10-11, 11.6500, 11.6500, 11.6500, 11.6500, 110
2017-10-12, 11.6500, 11.6500, 11.6500, 11.6500, 0
2017-10-13, 11.6500, 11.6500, 11.6500, 11.6500, 0
2017-10-16, 11.5300, 11.5300, 11.4700, 11.4700, 475
2017-10-17, 11.4300, 11.5300, 11.4300, 11.5300, 700
2017-10-18, 11.5300, 11.5300, 11.5300, 11.5300, 6
2017-10-19, 11.5300, 11.5300, 11.5300, 11.5300, 0
2017-10-20, 11.5300, 11.5300, 11.4800, 11.4800, 378
2017-10-23, 11.5300, 11.8200, 11.5300, 11.8200, 1604
2017-10-24, 11.8200, 11.8200, 11.8200, 11.8200, 0
2017-10-25, 11.8200, 11.8200, 11.8200, 11.8200, 0
2017-10-26, 11.8200, 11.8200, 11.8200, 11.8200, 0
2017-10-27, 11.8200, 11.8200, 11.8200, 11.8200, 0
2017-10-30, 11.8200, 11.8200, 11.8200, 11.8200, 2
2017-10-31, 11.8200, 11.8200, 11.8200, 11.8200, 1
2017-11-01, 11.8200, 11.8200, 11.8200, 11.8200, 0
2017-11-02, 11.8200, 11.8200, 11.8200, 11.8200, 0
2017-11-03, 11.8200, 11.8200, 11.8200, 11.8200, 0
2017-11-06, 11.8200, 11.8200, 11.8200, 11.8200, 0
2017-11-07, 11.8200, 11.8200, 11.8200, 11.8200, 0
2017-11-08, 11.4046, 11.4046, 11.4046, 11.4046, 100
2017-11-09, 10.8098, 10.8098, 10.8098, 10.8098, 101
2017-11-10, 10.8100, 10.8100, 10.8100, 10.8100, 0
2017-11-13, 11.2700, 11.2700, 11.2700, 11.2700, 0
2017-11-14, 10.8100, 10.8100, 10.8100, 10.8100, 0
2017-11-15, 10.8100, 10.8100, 10.8100, 10.8100, 0
2017-11-17, 10.8100, 10.8100, 10.8100, 10.8100, 0
2017-11-20, 10.8100, 10.8100, 10.8100, 10.8100, 0
2017-11-21, 10.8100, 10.8100, 10.8100, 10.8100, 58
2017-11-22, 10.8100, 10.8100, 10.8100, 10.8100, 2
2017-11-24, 12.6000, 12.6000, 12.6000, 12.6000, 18
2017-11-27, 10.8098, 10.8098, 10.8098, 10.8098, 0
2017-11-28, 10.8098, 10.8098, 10.8098, 10.8098, 0
2017-11-30, 12.4201, 12.4201, 12.4201, 12.4201, 150
2017-12-04, 12.0500, 12.0500, 12.0500, 12.0500, 5
2017-12-05, 12.5638, 12.5638, 12.5638, 12.5638, 100
2017-12-06, 12.5638, 12.5638, 12.5638, 12.5638, 70
2017-12-07, 12.5638, 12.5638, 12.5638, 12.5638, 0
2017-12-08, 12.5638, 12.5638, 12.5638, 12.5638, 0
2017-12-11, 12.5638, 12.5638, 12.5638, 12.5638, 0
2017-12-12, 12.5638, 12.5638, 12.5638, 12.5638, 0
2017-12-13, 12.5638, 12.5638, 12.5638, 12.5638, 0
2017-12-14, 12.5638, 12.5638, 12.5638, 12.5638, 0
2017-12-15, 12.5638, 12.5638, 12.5638, 12.5638, 0
2017-12-18, 11.6501, 11.6501, 11.6501, 11.6501, 166
2017-12-19, 11.4300, 11.6807, 11.4300, 11.6807, 205
2017-12-20, 11.6807, 11.6807, 11.6807, 11.6807, 0
2017-12-21, 11.6807, 11.6807, 11.6807, 11.6807, 0
2017-12-22, 11.6807, 11.6807, 11.6807, 11.6807, 0
2017-12-26, 12.0000, 12.0000, 12.0000, 12.0000, 650
2017-12-27, 11.7300, 11.7300, 11.7300, 11.7300, 295
2017-12-28, 12.6000, 12.6000, 12.5099, 12.5099, 252
2017-12-29, 12.5099, 12.5099, 12.5099, 12.5099, 16
2018-01-02, 12.5099, 12.5099, 12.5099, 12.5099, 0
2018-01-03, 12.5099, 12.5099, 12.5099, 12.5099, 0
2018-01-04, 13.0500, 13.1000, 13.0500, 13.1000, 330
2018-01-05, 13.1000, 13.1000, 13.1000, 13.1000, 0
2018-01-08, 13.1000, 13.1000, 13.1000, 13.1000, 0
2018-01-09, 13.1000, 13.1000, 13.1000, 13.1000, 0
2018-01-10, 13.1000, 13.1000, 13.1000, 13.1000, 0
2018-01-11, 13.5000, 13.5000, 13.5000, 13.5000, 400
2018-01-12, 13.4500, 13.4500, 13.4500, 13.4500, 200
2018-01-16, 13.4500, 13.4500, 13.4500, 13.4500, 0
2018-01-17, 13.4500, 13.4500, 13.4500, 13.4500, 0
2018-01-18, 13.4500, 13.4500, 13.4500, 13.4500, 2
2018-01-19, 13.4500, 13.4500, 13.4500, 13.4500, 0
2018-01-22, 13.4500, 13.4500, 13.4500, 13.4500, 0
2018-01-23, 13.4500, 13.4500, 13.4500, 13.4500, 0
2018-01-24, 13.4500, 13.4500, 13.4500, 13.4500, 0
2018-01-25, 14.0600, 14.6720, 14.0100, 14.6500, 4190
2018-01-26, 14.6500, 14.6500, 14.6500, 14.6500, 40
2018-01-29, 14.6500, 14.6500, 14.6500, 14.6500, 0
2018-01-30, 14.6500, 14.6500, 14.6500, 14.6500, 0
2018-01-31, 14.6500, 14.6500, 14.6500, 14.6500, 0
2018-02-01, 14.6500, 14.6500, 14.6500, 14.6500, 0
2018-02-02, 14.6500, 14.6500, 14.6500, 14.6500, 0
2018-02-05, 14.6500, 14.6500, 14.6500, 14.6500, 1
2018-02-06, 14.6500, 14.6500, 14.6500, 14.6500, 0
2018-02-07, 13.6600, 13.6600, 13.1500, 13.5200, 700
2018-02-08, 13.5200, 13.5200, 13.5200, 13.5200, 0
2018-02-09, 13.5200, 13.5200, 13.5200, 13.5200, 0
2018-02-12, 13.5200, 13.5200, 13.5200, 13.5200, 0
2018-02-13, 13.5200, 13.5200, 13.5200, 13.5200, 0
2018-02-14, 13.5200, 13.5200, 13.5200, 13.5200, 0
2018-02-15, 13.5200, 13.5200, 13.5200, 13.5200, 0
2018-02-16, 13.5200, 13.5200, 13.5200, 13.5200, 0
2018-02-20, 13.5200, 13.5200, 13.5200, 13.5200, 0
2018-02-21, 13.5200, 13.5200, 13.5200, 13.5200, 160
2018-02-22, 13.5200, 13.5200, 13.5200, 13.5200, 0
2018-02-23, 13.5200, 13.5200, 13.5200, 13.5200, 0
2018-02-26, 13.5200, 13.5200, 13.5200, 13.5200, 0
2018-02-27, 13.4100, 13.4100, 13.3600, 13.3600, 400
2018-02-28, 13.3600, 13.3600, 13.3600, 13.3600, 0
2018-03-01, 13.3600, 13.3600, 13.3600, 13.3600, 0
2018-03-02, 13.3600, 13.3600, 13.3600, 13.3600, 0
2018-03-05, 13.3600, 13.3600, 13.3600, 13.3600, 0
2018-03-06, 14.1200, 14.1200, 14.1200, 14.1200, 1100
2018-03-07, 14.1200, 14.1200, 14.1200, 14.1200, 0
2018-03-08, 14.1200, 14.1200, 14.1200, 14.1200, 0
2018-03-09, 14.1200, 14.1200, 14.1200, 14.1200, 0
2018-03-12, 14.1200, 14.1200, 14.1200, 14.1200, 0
2018-03-13, 14.1200, 14.1200, 14.1200, 14.1200, 0
2018-03-14, 14.1200, 14.1200, 14.1200, 14.1200, 0
2018-03-15, 14.1200, 14.1200, 14.1200, 14.1200, 0
2018-03-16, 14.6500, 14.8600, 14.6500, 14.6900, 770
2018-03-19, 14.6900, 14.6900, 14.6900, 14.6900, 9
2018-03-20, 14.6900, 14.6900, 14.6900, 14.6900, 0
2018-03-21, 14.6900, 14.6900, 14.6900, 14.6900, 5
2018-03-22, 14.6900, 14.6900, 14.6900, 14.6900, 0
2018-03-23, 14.6900, 14.6900, 14.6900, 14.6900, 0
2018-03-26, 15.3800, 15.3800, 15.3800, 15.3800, 100
2018-03-27, 15.3800, 15.3800, 15.3800, 15.3800, 127
2018-03-28, 15.4100, 15.4100, 15.4100, 15.4100, 100
2018-03-29, 15.4100, 15.4100, 15.4100, 15.4100, 0
2018-04-02, 15.4100, 15.4100, 15.4100, 15.4100, 12
2018-04-03, 15.4100, 15.4100, 15.4100, 15.4100, 0
2018-04-04, 16.4000, 17.0200, 16.4000, 17.0200, 4228
2018-04-05, 16.1100, 16.1100, 16.1100, 16.1100, 115
2018-04-06, 16.3600, 16.3600, 16.3600, 16.3600, 164
2018-04-09, 17.9800, 17.9800, 17.5950, 17.5950, 650
2018-04-10, 17.4900, 17.5400, 17.4900, 17.5400, 1004
2018-04-11, 17.5400, 17.5400, 17.5400, 17.5400, 0
2018-04-12, 17.5400, 17.5400, 17.5400, 17.5400, 3
2018-04-13, 17.1899, 17.3600, 17.0000, 17.0000, 1576
2018-04-16, 16.7600, 17.0000, 16.7600, 17.0000, 725
2018-04-17, 17.0000, 17.0000, 17.0000, 17.0000, 0
2018-04-18, 17.0000, 17.0000, 17.0000, 17.0000, 6
2018-04-19, 17.0000, 17.0000, 17.0000, 17.0000, 25
2018-04-20, 17.0000, 17.0000, 17.0000, 17.0000, 1
2018-04-23, 17.0000, 17.0000, 17.0000, 17.0000, 10
2018-04-24, 16.1500, 16.1600, 16.0000, 16.0100, 1007
2018-04-25, 16.0500, 16.0500, 16.0000, 16.0000, 200
2018-04-26, 15.9200, 15.9200, 15.9200, 15.9200, 500
2018-04-27, 15.9200, 15.9200, 15.9200, 15.9200, 13
2018-04-30, 15.9200, 15.9200, 15.9200, 15.9200, 0
2018-05-01, 15.9200, 15.9200, 15.9200, 15.9200, 10
2018-05-02, 15.9200, 15.9200, 15.9200, 15.9200, 0
2018-05-03, 15.9200, 15.9200, 15.9200, 15.9200, 0
2018-05-04, 15.9200, 15.9200, 15.9200, 15.9200, 0
2018-05-07, 15.9200, 15.9200, 15.9200, 15.9200, 0
2018-05-08, 15.9200, 15.9200, 15.9200, 15.9200, 14
2018-05-09, 15.9200, 15.9200, 15.9200, 15.9200, 0
2018-05-10, 15.9200, 15.9200, 15.9200, 15.9200, 5
2018-05-11, 15.9200, 15.9200, 15.9200, 15.9200, 0
2018-05-14, 15.9200, 15.9200, 15.9200, 15.9200, 0
2018-05-15, 17.0000, 18.0000, 16.4800, 18.0000, 3352
2018-05-16, 17.9099, 17.9099, 17.8500, 17.8500, 828
2018-05-17, 18.9600, 19.7193, 18.9500, 19.6600, 3549
2018-05-18, 18.8000, 18.8000, 18.7800, 18.7800, 270
2018-05-21, 20.9001, 21.1100, 20.9000, 20.9560, 2736
2018-05-22, 21.4800, 21.5000, 21.3590, 21.5000, 1806
2018-05-23, 22.4089, 22.4089, 22.3000, 22.3100, 1125
2018-05-24, 22.4001, 22.4001, 21.8700, 22.0717, 1700
2018-05-25, 21.0029, 21.2509, 21.0029, 21.2509, 413
2018-05-29, 20.6473, 20.6473, 19.9300, 19.9301, 2238
2018-05-30, 19.9200, 20.0000, 19.9200, 20.0000, 1724
2018-05-31, 20.0000, 20.0000, 20.0000, 20.0000, 0
2018-06-01, 20.0000, 20.0000, 20.0000, 20.0000, 0
2018-06-04, 20.8500, 20.8500, 20.8500, 20.8500, 209
2018-06-05, 20.5997, 20.5997, 20.5997, 20.5997, 100
2018-06-06, 19.9999, 20.1000, 19.9697, 20.0999, 1179
2018-06-07, 21.0000, 21.9551, 20.7750, 21.8000, 5105
2018-06-08, 23.0053, 23.0053, 22.6830, 23.0000, 5912
2018-06-11, 22.6537, 23.3090, 22.5900, 23.2600, 1419
2018-06-12, 23.2600, 23.2600, 23.2600, 23.2600, 61
2018-06-13, 23.2600, 23.2600, 23.2600, 23.2600, 1
2018-06-14, 23.2600, 23.2600, 23.2600, 23.2600, 0
2018-06-15, 23.2600, 23.2600, 23.2600, 23.2600, 2
2018-06-18, 23.2600, 23.2600, 23.2600, 23.2600, 0
2018-06-19, 23.2600, 23.2600, 23.2600, 23.2600, 20
2018-06-20, 23.2600, 23.2600, 23.2600, 23.2600, 0
2018-06-21, 23.2600, 23.2600, 23.2600, 23.2600, 0
2018-06-22, 23.2600, 23.2600, 23.2600, 23.2600, 0
2018-06-25, 23.2600, 23.2600, 23.2600, 23.2600, 0
2018-06-26, 23.2600, 23.2600, 23.2600, 23.2600, 0
2018-06-27, 20.9000, 20.9000, 20.9000, 20.9000, 215
2018-06-28, 20.0000, 20.0000, 19.8906, 20.0000, 1000
2018-06-29, 20.1900, 20.3000, 20.1900, 20.3000, 810
2018-07-02, 20.3000, 20.3000, 20.3000, 20.3000, 7
2018-07-03, 20.3000, 20.3000, 20.3000, 20.3000, 0
2018-07-05, 17.5700, 17.5700, 17.5700, 17.5700, 550
2018-07-06, 17.7900, 17.8300, 17.7900, 17.8200, 1216
2018-07-09, 17.8200, 17.8200, 17.8200, 17.8200, 0
2018-07-10, 17.8200, 17.8200, 17.8200, 17.8200, 2
2018-07-11, 17.8200, 17.8200, 17.8200, 17.8200, 0
2018-07-12, 17.8200, 17.8200, 17.8200, 17.8200, 67
2018-07-13, 17.8200, 17.8200, 17.8200, 17.8200, 60
2018-07-16, 17.8200, 17.8200, 17.8200, 17.8200, 0
2018-07-17, 17.8200, 17.8200, 17.8200, 17.8200, 0
2018-07-18, 17.8200, 17.8200, 17.8200, 17.8200, 0
2018-07-19, 17.8200, 17.8200, 17.8200, 17.8200, 0
2018-07-20, 17.8200, 17.8200, 17.8200, 17.8200, 0
2018-07-23, 17.8200, 17.8200, 17.8200, 17.8200, 0
2018-07-24, 17.8200, 17.8200, 17.8200, 17.8200, 20
2018-07-25, 17.8200, 17.8200, 17.8200, 17.8200, 0
2018-07-26, 17.8200, 17.8200, 17.8200, 17.8200, 0
2018-07-27, 17.8200, 17.8200, 17.8200, 17.8200, 11
2018-07-30, 17.8200, 17.8200, 17.8200, 17.8200, 0
2018-07-31, 16.7800, 16.8338, 16.7800, 16.7900, 1186
2018-08-01, 18.1500, 18.1800, 18.1500, 18.1500, 702
2018-08-02, 18.1500, 18.1500, 18.1500, 18.1500, 36
2018-08-03, 18.1500, 18.1500, 18.1500, 18.1500, 0
2018-08-06, 18.1500, 18.1500, 18.1500, 18.1500, 4
2018-08-07, 18.1500, 18.1500, 18.1500, 18.1500, 15
2018-08-08, 18.1500, 18.1500, 18.1500, 18.1500, 26
2018-08-09, 18.1500, 18.1500, 18.1500, 18.1500, 5
2018-08-10, 18.1500, 18.1500, 18.1500, 18.1500, 20
2018-08-13, 18.1500, 18.1500, 18.1500, 18.1500, 3
2018-08-14, 19.9700, 19.9700, 17.3600, 18.9900, 1692
2018-08-15, 17.4700, 17.4700, 17.4700, 17.4700, 252
2018-08-16, 15.7200, 15.7200, 15.7200, 15.7200, 200
2018-08-17, 15.7200, 15.7200, 15.7200, 15.7200, 1
2018-08-20, 15.7200, 15.7200, 15.7200, 15.7200, 4
2018-08-21, 15.7200, 15.7200, 15.7200, 15.7200, 33
2018-08-22, 15.7200, 15.7200, 15.7200, 15.7200, 2
2018-08-23, 15.7200, 15.7200, 15.7200, 15.7200, 8
2018-08-24, 15.7200, 15.7200, 15.7200, 15.7200, 2
2018-08-27, 15.7200, 15.7200, 15.7200, 15.7200, 53
2018-08-28, 15.7200, 15.7200, 15.7200, 15.7200, 0
2018-08-29, 17.2900, 17.2900, 17.2900, 17.2900, 100
2018-08-30, 17.2900, 17.2900, 17.2900, 17.2900, 0
2018-08-31, 17.2900, 17.2900, 17.2900, 17.2900, 31
2018-09-04, 17.2900, 17.2900, 17.2900, 17.2900, 6
2018-09-05, 17.2900, 17.2900, 17.2900, 17.2900, 0
2018-09-06, 17.2900, 17.2900, 17.2900, 17.2900, 1
2018-09-07, 19.0200, 19.0200, 19.0200, 19.0200, 100
2018-09-10, 19.0200, 19.0200, 19.0200, 19.0200, 1
2018-09-11, 19.0200, 19.0200, 19.0200, 19.0200, 1
2018-09-12, 19.0200, 19.0200, 19.0200, 19.0200, 0
2018-09-13, 19.0200, 19.0200, 19.0200, 19.0200, 0
2018-09-14, 19.0200, 19.0200, 19.0200, 19.0200, 0
2018-09-17, 19.0200, 19.0200, 19.0200, 19.0200, 5
2018-09-18, 19.0200, 19.0200, 19.0200, 19.0200, 20
2018-09-19, 19.0200, 19.0200, 19.0200, 19.0200, 0
2018-09-20, 19.0200, 19.0200, 19.0200, 19.0200, 20
2018-09-21, 19.0200, 19.0200, 19.0200, 19.0200, 0
2018-09-24, 19.0200, 19.0200, 19.0200, 19.0200, 0
2018-09-25, 19.0200, 19.0200, 19.0200, 19.0200, 0
2018-09-26, 19.0200, 19.0200, 19.0200, 19.0200, 0
2018-09-27, 19.0200, 19.0200, 19.0200, 19.0200, 0
2018-09-28, 19.0200, 19.0200, 19.0200, 19.0200, 11
2018-10-01, 19.0200, 19.0200, 19.0200, 19.0200, 0
2018-10-02, 18.0000, 18.0000, 18.0000, 18.0000, 100
2018-10-03, 18.0000, 18.0000, 18.0000, 18.0000, 0
2018-10-04, 18.0000, 18.0000, 18.0000, 18.0000, 0
2018-10-05, 18.0000, 18.0000, 18.0000, 18.0000, 38
2018-10-08, 18.0000, 18.0000, 18.0000, 18.0000, 0
2018-10-09, 18.0000, 18.0000, 18.0000, 18.0000, 0
2018-10-10, 16.2000, 16.2000, 16.2000, 16.2000, 100
2018-10-11, 16.2000, 16.2000, 16.2000, 16.2000, 1
2018-10-12, 16.2000, 16.2000, 16.2000, 16.2000, 0
2018-10-15, 16.2000, 16.2000, 16.2000, 16.2000, 0
2018-10-16, 16.7200, 16.7200, 16.7200, 16.7200, 100
2018-10-17, 16.7197, 16.7197, 16.7197, 16.7197, 0
2018-10-18, 16.7197, 16.7197, 16.7197, 16.7197, 1
2018-10-19, 16.7197, 16.7197, 16.7197, 16.7197, 0
2018-10-22, 16.7197, 16.7197, 16.7197, 16.7197, 0
2018-10-23, 16.7197, 16.7197, 16.7197, 16.7197, 0
2018-10-24, 16.7197, 16.7197, 16.7197, 16.7197, 0
2018-10-25, 15.5500, 15.5500, 15.5500, 15.5500, 101
2018-10-26, 14.4600, 14.4600, 14.4600, 14.4600, 104
2018-10-29, 14.4600, 14.4600, 14.4600, 14.4600, 46
2018-10-30, 14.4600, 14.4600, 14.4600, 14.4600, 13
2018-10-31, 14.4600, 14.4600, 14.4600, 14.4600, 0
2018-11-01, 14.4600, 14.4600, 14.4600, 14.4600, 0
2018-11-02, 14.4600, 14.4600, 14.4600, 14.4600, 0
2018-11-05, 14.4600, 14.4600, 14.4600, 14.4600, 0
2018-11-06, 14.4600, 14.4600, 14.4600, 14.4600, 60
2018-11-07, 14.4600, 14.4600, 14.4600, 14.4600, 0
2018-11-08, 14.4600, 14.4600, 14.4600, 14.4600, 0
2018-11-09, 14.4600, 14.4600, 14.4600, 14.4600, 1
