2011-07-01, 26.2700, 26.5200, 26.2700, 26.5200, 730507
2011-07-05, 26.4800, 26.4800, 26.3900, 26.3900, 200
2011-07-06, 26.3300, 26.3300, 26.3300, 26.3300, 16823
2011-07-07, 26.6400, 26.7101, 26.6400, 26.7101, 1344
2011-07-08, 26.7101, 26.7101, 26.7101, 26.7101, 0
2011-07-11, 26.0000, 26.0000, 26.0000, 26.0000, 300
2011-07-12, 25.8600, 25.8956, 25.8600, 25.8956, 939
2011-07-13, 25.9000, 25.9000, 25.9000, 25.9000, 0
2011-07-14, 25.9000, 25.9000, 25.9000, 25.9000, 0
2011-07-15, 25.6288, 25.7400, 25.6288, 25.7299, 4452
2011-07-18, 25.7299, 25.7299, 25.7299, 25.7299, 0
2011-07-19, 25.9300, 25.9301, 25.9300, 25.9301, 1242
2011-07-20, 25.9800, 25.9800, 25.9800, 25.9800, 2799
2011-07-21, 26.2500, 26.2900, 26.2500, 26.2800, 18400
2011-07-22, 26.2800, 26.2800, 26.2800, 26.2800, 0
2011-07-25, 26.2800, 26.2800, 26.2800, 26.2800, 0
2011-07-26, 26.2800, 26.2800, 26.2800, 26.2800, 0
2011-07-27, 25.5000, 25.5000, 25.4500, 25.4500, 4200
2011-07-28, 25.4500, 25.4500, 25.4500, 25.4500, 0
2011-07-29, 25.4500, 25.4500, 25.4500, 25.4500, 0
2011-08-01, 24.9255, 24.9500, 24.8301, 24.9500, 1111
2011-08-02, 24.9500, 24.9500, 24.9500, 24.9500, 0
2011-08-03, 24.9500, 24.9500, 24.9500, 24.9500, 0
2011-08-04, 23.9500, 23.9500, 23.6000, 23.6000, 1000
2011-08-05, 22.6800, 23.1900, 22.6800, 23.0899, 2622
2011-08-08, 21.9100, 21.9200, 20.9200, 20.9200, 2200
2011-08-09, 21.8199, 21.8199, 21.5700, 21.6300, 2479
2011-08-10, 21.6300, 21.6300, 21.6300, 21.6300, 0
2011-08-11, 22.5400, 22.6400, 22.5400, 22.6400, 700
2011-08-12, 22.6600, 22.7000, 22.6599, 22.7000, 419
2011-08-15, 23.0000, 23.0000, 23.0000, 23.0000, 405
2011-08-16, 22.8400, 22.8400, 22.7200, 22.7200, 300
2011-08-17, 22.6800, 22.6800, 22.6800, 22.6800, 5666
2011-08-18, 22.5000, 22.5000, 22.5000, 22.5000, 100
2011-08-19, 21.4200, 21.6400, 21.4200, 21.5100, 5560
2011-08-22, 21.5100, 21.5100, 21.5100, 21.5100, 0
2011-08-23, 21.6400, 21.7400, 21.6400, 21.6511, 5132
2011-08-24, 22.1099, 22.1099, 22.1099, 22.1099, 110
2011-08-25, 21.9001, 21.9001, 21.9000, 21.9000, 443
2011-08-26, 21.9000, 21.9000, 21.9000, 21.9000, 0
2011-08-29, 21.9000, 21.9000, 21.9000, 21.9000, 0
2011-08-30, 23.0000, 23.2600, 23.0000, 23.2600, 3400
2011-08-31, 23.4550, 23.4550, 23.2600, 23.2740, 3583
2011-09-01, 23.1500, 23.1500, 23.0000, 23.0000, 597
2011-09-02, 23.0000, 23.0000, 23.0000, 23.0000, 0
2011-09-06, 21.8700, 21.8700, 21.8700, 21.8700, 2800
2011-09-07, 21.8700, 21.8700, 21.8700, 21.8700, 0
2011-09-08, 23.0600, 23.0600, 22.8300, 22.8300, 620
2011-09-09, 22.8300, 22.8300, 22.8300, 22.8300, 0
2011-09-12, 22.8300, 22.8300, 22.8300, 22.8300, 0
2011-09-13, 22.2200, 22.4700, 22.2200, 22.4700, 2037
2011-09-14, 22.9000, 22.9000, 22.9000, 22.9000, 500
2011-09-15, 22.9000, 22.9000, 22.9000, 22.9000, 0
2011-09-16, 23.2900, 23.3300, 23.2900, 23.3300, 1800
2011-09-19, 23.3300, 23.3300, 23.3300, 23.3300, 0
2011-09-20, 23.0000, 23.0000, 22.9000, 22.9010, 2611
2011-09-21, 22.8600, 22.8600, 22.5400, 22.5400, 1300
2011-09-22, 21.5000, 21.5000, 21.5000, 21.5000, 150
2011-09-23, 21.5600, 21.6600, 21.5600, 21.6600, 820
2011-09-26, 21.7500, 21.7500, 21.7500, 21.7500, 300
2011-09-27, 21.7500, 21.7500, 21.7500, 21.7500, 0
2011-09-28, 21.7500, 21.7500, 21.7500, 21.7500, 0
2011-09-29, 21.7500, 21.7500, 21.7500, 21.7500, 0
2011-09-30, 21.7500, 21.7500, 21.7500, 21.7500, 0
2011-10-03, 20.5100, 20.5100, 20.5100, 20.5100, 5479
2011-10-04, 20.5000, 20.5600, 20.1600, 20.5600, 922
2011-10-05, 21.7400, 21.8200, 21.7400, 21.7800, 7822
2011-10-06, 21.7800, 21.7800, 21.7800, 21.7800, 0
2011-10-07, 21.7800, 21.7800, 21.7800, 21.7800, 0
2011-10-10, 22.3400, 22.3400, 22.3400, 22.3400, 2500
2011-10-11, 22.3400, 22.3400, 22.3400, 22.3400, 0
2011-10-12, 23.2900, 23.2900, 22.8600, 22.8600, 675
2011-10-13, 22.6300, 22.8500, 22.6300, 22.6600, 6905
2011-10-14, 22.6600, 22.6600, 22.6600, 22.6600, 0
2011-10-17, 22.6600, 22.6600, 22.6600, 22.6600, 0
2011-10-18, 23.0600, 23.0600, 23.0600, 23.0600, 800
2011-10-19, 23.0600, 23.0600, 23.0600, 23.0600, 0
2011-10-20, 23.0600, 23.0600, 23.0600, 23.0600, 0
2011-10-21, 23.5900, 23.5900, 23.3500, 23.3520, 5259
2011-10-24, 23.3500, 23.3500, 23.3500, 23.3500, 0
2011-10-25, 23.3500, 23.3500, 23.3500, 23.3500, 0
2011-10-26, 23.7500, 23.9799, 23.6000, 23.9799, 2740
2011-10-27, 24.9199, 24.9800, 24.9199, 24.9800, 385
2011-10-28, 24.9800, 24.9800, 24.9800, 24.9800, 0
2011-10-31, 24.9800, 24.9800, 24.9800, 24.9800, 100
2011-11-01, 24.9800, 24.9800, 24.9800, 24.9800, 0
2011-11-02, 24.9800, 24.9800, 24.9800, 24.9800, 0
2011-11-03, 24.9800, 24.9800, 24.9800, 24.9800, 0
2011-11-04, 24.2201, 24.3700, 24.2201, 24.3700, 445
2011-11-07, 24.2799, 24.3699, 24.2799, 24.3699, 1050
2011-11-08, 24.1000, 24.1000, 24.0700, 24.0710, 2660
2011-11-09, 23.7299, 23.7299, 23.7299, 23.7299, 200
2011-11-10, 23.7300, 23.7300, 23.7300, 23.7300, 0
2011-11-11, 23.7300, 23.7300, 23.7300, 23.7300, 0
2011-11-14, 23.8300, 24.1500, 23.8300, 24.1500, 1620
2011-11-15, 24.1000, 24.1000, 24.1000, 24.1000, 1159
2011-11-16, 23.9700, 23.9700, 23.9700, 23.9700, 900
2011-11-17, 23.9700, 23.9700, 23.9700, 23.9700, 0
2011-11-18, 23.9700, 23.9700, 23.9700, 23.9700, 0
2011-11-21, 23.9700, 23.9700, 23.9700, 23.9700, 0
2011-11-22, 23.9700, 23.9700, 23.9700, 23.9700, 0
2011-11-23, 23.9700, 23.9700, 23.9700, 23.9700, 0
2011-11-25, 23.9700, 23.9700, 23.9700, 23.9700, 0
2011-11-28, 22.5701, 22.5701, 22.5701, 22.5701, 500
2011-11-29, 22.5700, 22.5700, 22.5700, 22.5700, 0
2011-11-30, 22.5700, 22.5700, 22.5700, 22.5700, 0
2011-12-01, 23.7500, 23.7501, 23.7500, 23.7501, 500
2011-12-02, 23.7501, 23.7501, 23.7501, 23.7501, 0
2011-12-05, 24.2000, 24.2000, 24.2000, 24.2000, 200
2011-12-06, 23.9350, 23.9350, 23.9300, 23.9301, 660
2011-12-07, 23.9301, 23.9301, 23.9301, 23.9301, 0
2011-12-08, 23.6000, 23.6400, 22.9900, 23.6400, 4300
2011-12-09, 23.6400, 23.6400, 23.6400, 23.6400, 0
2011-12-12, 23.5800, 23.5800, 23.0800, 23.2800, 3700
2011-12-13, 23.6750, 23.6799, 23.6750, 23.6799, 750
2011-12-14, 23.6799, 23.6799, 23.6799, 23.6799, 0
2011-12-15, 22.6900, 22.6900, 22.6460, 22.6900, 538
2011-12-16, 22.6900, 22.6900, 22.6900, 22.6900, 0
2011-12-19, 22.7276, 22.7276, 22.7276, 22.7276, 340
2011-12-20, 23.2401, 23.2401, 23.2401, 23.2401, 400
2011-12-21, 23.2400, 23.2400, 23.2400, 23.2400, 0
2011-12-22, 23.2400, 23.2400, 23.2400, 23.2400, 0
2011-12-23, 23.2400, 23.2400, 23.2400, 23.2400, 0
2011-12-27, 23.2400, 23.2400, 23.2400, 23.2400, 0
2011-12-28, 23.3976, 23.3976, 23.3976, 23.3976, 425
2011-12-29, 23.5500, 23.5700, 23.5500, 23.5700, 2300
2011-12-30, 23.5700, 23.5700, 23.5700, 23.5700, 0
2012-01-03, 23.9500, 23.9500, 23.9500, 23.9500, 200
2012-01-04, 23.9500, 23.9500, 23.9500, 23.9500, 0
2012-01-05, 23.9500, 23.9500, 23.9500, 23.9500, 0
2012-01-06, 24.0600, 24.0600, 24.0600, 24.0600, 100
2012-01-09, 23.9800, 24.2000, 23.9000, 23.9000, 3174
2012-01-10, 24.3000, 24.3000, 24.3000, 24.3000, 400
2012-01-11, 24.3000, 24.3000, 24.3000, 24.3000, 0
2012-01-12, 24.3000, 24.3000, 24.3000, 24.3000, 0
2012-01-13, 24.3000, 24.3000, 24.3000, 24.3000, 0
2012-01-17, 24.3000, 24.3000, 24.3000, 24.3000, 0
2012-01-18, 24.6100, 24.6800, 24.5800, 24.6800, 1600
2012-01-19, 24.6800, 24.6800, 24.6800, 24.6800, 0
2012-01-20, 24.8600, 24.8800, 24.8600, 24.8800, 679
2012-01-23, 24.8800, 24.8800, 24.8800, 24.8800, 0
2012-01-24, 24.0200, 25.2600, 24.0200, 25.2600, 1000
2012-01-25, 25.2600, 25.2600, 25.2600, 25.2600, 0
2012-01-26, 25.2600, 25.2600, 25.2600, 25.2600, 0
2012-01-27, 24.6900, 24.6900, 24.6900, 24.6900, 100
2012-01-30, 24.6900, 24.6900, 24.6900, 24.6900, 0
2012-01-31, 25.2799, 25.2799, 24.9700, 24.9700, 10234
2012-02-01, 25.6399, 25.6400, 25.6399, 25.6400, 6025
2012-02-02, 25.6400, 25.6400, 25.6400, 25.6400, 0
2012-02-03, 25.6400, 25.6400, 25.6400, 25.6400, 0
2012-02-06, 26.1060, 26.1060, 26.1060, 26.1060, 190
2012-02-07, 25.8900, 25.8900, 25.8900, 25.8900, 400
2012-02-08, 25.8900, 25.8900, 25.8900, 25.8900, 0
2012-02-09, 25.8900, 25.8900, 25.8900, 25.8900, 0
2012-02-10, 26.0499, 26.0499, 26.0499, 26.0499, 100
2012-02-13, 26.2560, 26.2560, 26.2560, 26.2560, 200
2012-02-14, 26.2600, 26.2600, 26.2600, 26.2600, 0
2012-02-15, 26.2600, 26.2600, 26.2600, 26.2600, 0
2012-02-16, 25.8000, 26.2101, 25.8000, 26.2101, 2780
2012-02-17, 26.2100, 26.2100, 26.2100, 26.2100, 0
2012-02-21, 26.2100, 26.2100, 26.2100, 26.2100, 0
2012-02-22, 26.3400, 26.3400, 26.3400, 26.3400, 3800
2012-02-23, 26.2700, 26.2701, 26.2700, 26.2701, 1683
2012-02-24, 26.2700, 26.2700, 26.2700, 26.2700, 0
2012-02-27, 26.2700, 26.2700, 26.2700, 26.2700, 0
2012-02-28, 26.2700, 26.2700, 26.2700, 26.2700, 0
2012-02-29, 26.3700, 26.3700, 26.2400, 26.2601, 4918
2012-03-01, 26.2600, 26.2600, 26.2600, 26.2600, 0
2012-03-02, 26.2600, 26.2600, 26.2600, 26.2600, 0
2012-03-05, 26.3499, 26.3499, 26.3499, 26.3499, 1255
2012-03-06, 25.8500, 25.8500, 25.8500, 25.8500, 11700
2012-03-07, 25.8500, 25.8500, 25.8500, 25.8500, 0
2012-03-08, 25.8500, 25.8500, 25.8500, 25.8500, 0
2012-03-09, 26.3600, 26.3600, 26.3600, 26.3600, 600
2012-03-12, 26.1699, 26.4000, 26.1699, 26.2501, 2500
2012-03-13, 26.2501, 26.2501, 26.2501, 26.2501, 0
2012-03-14, 26.8300, 26.8300, 26.8250, 26.8299, 1500
2012-03-15, 26.8299, 27.0900, 26.8299, 27.0300, 1725
2012-03-16, 26.8799, 27.1300, 26.8599, 27.0501, 2300
2012-03-19, 27.1300, 27.2100, 26.9499, 27.1501, 1600
2012-03-20, 26.9800, 27.0600, 26.7199, 27.0600, 2810
2012-03-21, 26.7599, 27.1300, 26.7499, 27.1260, 4628
2012-03-22, 26.8501, 26.8501, 26.5099, 26.6401, 3500
2012-03-23, 26.6401, 26.6401, 26.6401, 26.6401, 0
2012-03-26, 27.0200, 27.1101, 26.9999, 27.0799, 5900
2012-03-27, 40.8900, 40.8900, 27.0100, 27.0200, 11500
2012-03-28, 26.5900, 26.5901, 26.5900, 26.5901, 1802
2012-03-29, 26.4800, 26.7000, 26.4699, 26.5200, 4773
2012-03-30, 27.1200, 27.1200, 26.9900, 27.1200, 3865
2012-04-02, 26.8300, 27.4001, 26.8300, 27.2500, 10300
2012-04-03, 27.3300, 27.3300, 26.8900, 26.9000, 8500
2012-04-04, 26.9699, 26.9699, 26.7300, 26.9001, 1450
2012-04-05, 26.7000, 26.9101, 26.7000, 26.8500, 8500
2012-04-09, 26.3140, 26.3140, 26.3140, 26.3140, 200
2012-04-10, 26.3100, 26.3100, 26.3100, 26.3100, 0
2012-04-11, 26.3100, 26.3100, 26.3100, 26.3100, 0
2012-04-12, 26.3100, 26.3100, 26.3100, 26.3100, 0
2012-04-13, 26.3100, 26.3100, 26.3100, 26.3100, 0
2012-04-16, 26.2900, 26.2900, 26.2900, 26.2900, 760
2012-04-17, 26.6000, 26.6000, 26.6000, 26.6000, 200
2012-04-18, 26.6000, 26.6000, 26.6000, 26.6000, 0
2012-04-19, 26.6000, 26.6000, 26.6000, 26.6000, 0
2012-04-20, 26.4099, 26.5502, 26.4098, 26.5002, 9600
2012-04-23, 26.0000, 26.2200, 25.9498, 26.2200, 30800
2012-04-24, 26.3000, 26.3700, 26.0400, 26.3000, 14175
2012-04-25, 26.3540, 26.3540, 26.3540, 26.3540, 100
2012-04-26, 26.5300, 26.8000, 26.5200, 26.7200, 36400
2012-04-27, 26.9400, 26.9400, 26.7300, 26.7700, 1750
2012-04-30, 26.6300, 26.6700, 26.6300, 26.6300, 2000
2012-05-01, 26.9499, 27.0502, 26.9300, 26.9300, 5300
2012-05-02, 26.6300, 26.7400, 26.6300, 26.7000, 4800
2012-05-03, 26.7200, 26.7200, 26.4700, 26.4700, 610
2012-05-04, 25.9600, 25.9800, 25.8910, 25.9200, 800
2012-05-07, 26.0500, 26.1200, 26.0200, 26.0200, 79196
2012-05-08, 25.7600, 25.8500, 25.4900, 25.8200, 22595
2012-05-09, 25.6000, 25.9600, 25.4500, 25.8600, 55575
2012-05-10, 25.9800, 26.0400, 25.7600, 25.7600, 3947
2012-05-11, 25.7300, 25.7900, 25.7300, 25.7500, 700
2012-05-14, 25.4800, 25.6100, 25.4800, 25.5700, 600
2012-05-15, 25.4800, 25.4800, 25.3300, 25.4400, 2650
2012-05-16, 25.4200, 25.4200, 25.2600, 25.2600, 1566
2012-05-17, 24.7400, 24.7400, 24.4100, 24.4100, 5782
2012-05-18, 24.2340, 24.2340, 24.2340, 24.2340, 380
2012-05-21, 24.2201, 24.6700, 24.2201, 24.5700, 1700
2012-05-22, 24.9600, 25.0200, 24.7700, 24.7700, 25475
2012-05-23, 24.6400, 24.6400, 24.3500, 24.5000, 34523
2012-05-24, 24.8700, 25.1000, 24.5900, 24.6500, 7900
2012-05-25, 24.9500, 25.0100, 24.7800, 24.9200, 6100
2012-05-29, 25.2800, 25.2800, 24.9301, 25.1000, 1110
2012-05-30, 24.7300, 24.9100, 24.7300, 24.8900, 1800
2012-05-31, 24.5000, 24.6800, 24.5000, 24.5800, 4000
2012-06-01, 24.0501, 24.1502, 23.8401, 23.8401, 5727
2012-06-04, 23.7200, 23.7200, 23.4900, 23.6200, 4439
2012-06-05, 23.8400, 24.0000, 23.7600, 23.9700, 5523
2012-06-06, 24.4400, 24.5500, 24.4000, 24.4300, 2200
2012-06-07, 24.7000, 24.8300, 24.6300, 24.6400, 3200
2012-06-08, 24.3900, 24.5800, 24.3850, 24.5800, 380
2012-06-11, 24.5199, 24.6401, 24.2500, 24.2500, 7800
2012-06-12, 24.4300, 24.6000, 24.4300, 24.6000, 11637
2012-06-13, 24.5300, 24.5900, 24.4600, 24.5900, 2900
2012-06-14, 24.3600, 24.6200, 24.3600, 24.3901, 6480
2012-06-15, 24.3901, 24.3901, 24.3901, 24.3901, 0
2012-06-18, 25.0100, 25.0400, 24.8100, 24.8601, 9824
2012-06-19, 25.2190, 25.4400, 25.2100, 25.4000, 111550
2012-06-20, 25.2100, 25.4300, 25.1400, 25.2400, 16300
2012-06-21, 25.2600, 25.3600, 24.7700, 24.7800, 1968
2012-06-22, 24.6301, 24.6301, 24.6300, 24.6300, 4375
2012-06-25, 24.6300, 24.6300, 24.6300, 24.6300, 0
2012-06-26, 24.4600, 24.4600, 24.4200, 24.4200, 500
2012-06-27, 24.4200, 24.4200, 24.4200, 24.4200, 0
2012-06-28, 24.4200, 24.4200, 24.4200, 24.4200, 0
2012-06-29, 25.0800, 25.2899, 25.0800, 25.2899, 741
2012-07-02, 25.2300, 25.2300, 25.1510, 25.1510, 500
2012-07-03, 25.3800, 25.3801, 25.3700, 25.3801, 3678
2012-07-05, 25.3900, 25.5400, 25.3800, 25.4100, 10560
2012-07-06, 25.0200, 25.0200, 25.0200, 25.0200, 100
2012-07-09, 25.0200, 25.0200, 25.0200, 25.0200, 0
2012-07-10, 25.0200, 25.0200, 24.8689, 24.8689, 1382
2012-07-11, 24.8700, 24.8700, 24.8700, 24.8700, 0
2012-07-12, 24.8700, 24.8700, 24.8700, 24.8700, 0
2012-07-13, 24.8300, 24.8301, 24.8100, 24.8100, 5894
2012-07-16, 24.3100, 24.8000, 24.3100, 24.7600, 3092
2012-07-17, 24.9489, 24.9501, 24.9489, 24.9501, 1824
2012-07-18, 25.2390, 25.3400, 25.2090, 25.2400, 2400
2012-07-19, 25.4899, 25.4899, 25.4899, 25.4899, 400
2012-07-20, 25.4900, 25.4900, 25.4900, 25.4900, 0
2012-07-23, 24.6400, 24.7000, 24.6100, 24.6500, 4500
2012-07-24, 24.5700, 24.5700, 24.3000, 24.4300, 1229
2012-07-25, 24.4300, 24.4300, 24.4300, 24.4300, 0
2012-07-26, 24.4300, 24.4300, 24.4300, 24.4300, 0
2012-07-27, 24.4300, 24.4300, 24.4300, 24.4300, 0
2012-07-30, 24.4300, 24.4300, 24.4300, 24.4300, 0
2012-07-31, 25.2501, 25.2501, 25.2501, 25.2501, 143
2012-08-01, 25.4500, 25.5000, 25.2000, 25.3700, 7000
2012-08-02, 25.3700, 25.3700, 25.3700, 25.3700, 0
2012-08-03, 25.5795, 25.5795, 25.5795, 25.5795, 500
2012-08-06, 25.6000, 25.6000, 25.6000, 25.6000, 500
2012-08-07, 25.6000, 25.6000, 25.6000, 25.6000, 0
2012-08-08, 25.9200, 25.9200, 25.9200, 25.9200, 552
2012-08-09, 25.9500, 26.1600, 25.9500, 25.9511, 1593
2012-08-10, 25.9200, 25.9200, 25.9200, 25.9200, 300
2012-08-13, 25.9200, 25.9200, 25.9200, 25.9200, 0
2012-08-14, 25.9200, 25.9200, 25.9200, 25.9200, 0
2012-08-15, 25.9200, 25.9200, 25.9200, 25.9200, 0
2012-08-16, 25.9200, 25.9200, 25.9200, 25.9200, 0
2012-08-17, 26.4800, 26.5400, 26.4300, 26.5400, 6061
2012-08-20, 26.5400, 26.5400, 26.5400, 26.5400, 0
2012-08-21, 26.5400, 26.5400, 26.5400, 26.5400, 0
2012-08-22, 26.1101, 26.2700, 26.1101, 26.2700, 1238
2012-08-23, 26.1500, 26.1500, 26.0120, 26.0120, 718
2012-08-24, 26.0100, 26.0100, 26.0100, 26.0100, 0
2012-08-27, 26.0100, 26.0100, 26.0100, 26.0100, 0
2012-08-28, 26.1200, 26.1420, 26.1200, 26.1420, 4090
2012-08-29, 26.1420, 26.1420, 26.1420, 26.1420, 0
2012-08-30, 26.0899, 26.2292, 26.0899, 26.2292, 1251
2012-08-31, 26.2300, 26.2300, 26.2300, 26.2300, 0
2012-09-04, 26.2199, 26.2199, 26.2199, 26.2199, 200
2012-09-05, 26.2200, 26.2200, 26.2200, 26.2200, 0
2012-09-06, 26.2200, 26.2200, 26.2200, 26.2200, 0
2012-09-07, 26.2200, 26.2200, 26.2200, 26.2200, 0
2012-09-10, 27.5000, 27.5000, 26.7900, 26.7900, 500
2012-09-11, 26.7801, 26.8500, 26.7500, 26.7500, 6878
2012-09-12, 26.7500, 26.7500, 26.7500, 26.7500, 0
2012-09-13, 26.7500, 26.7500, 26.7500, 26.7500, 0
2012-09-14, 27.5400, 27.7200, 27.5400, 27.7200, 900
2012-09-17, 27.7200, 27.7200, 27.7200, 27.7200, 0
2012-09-18, 27.7200, 27.7200, 27.7200, 27.7200, 0
2012-09-19, 27.7200, 27.7200, 27.7200, 27.7200, 0
2012-09-20, 27.7200, 27.7200, 27.7200, 27.7200, 0
2012-09-21, 27.1700, 27.3400, 27.1700, 27.3400, 1623
2012-09-24, 27.3400, 27.3400, 27.3400, 27.3400, 0
2012-09-25, 27.3400, 27.3400, 27.3400, 27.3400, 0
2012-09-26, 27.3400, 27.3400, 27.3400, 27.3400, 0
2012-09-27, 26.5800, 26.5800, 26.4900, 26.5300, 6800
2012-09-28, 26.8699, 26.8699, 26.8699, 26.8699, 200
2012-10-01, 26.8700, 26.8700, 26.8700, 26.8700, 0
2012-10-02, 26.8700, 26.8700, 26.8700, 26.8700, 0
2012-10-03, 26.8700, 26.8700, 26.8700, 26.8700, 0
2012-10-04, 26.8700, 26.8700, 26.8700, 26.8700, 0
2012-10-05, 26.8700, 26.8700, 26.8700, 26.8700, 0
2012-10-08, 26.8700, 26.8700, 26.8700, 26.8700, 0
2012-10-09, 26.7001, 26.7001, 26.7001, 26.7001, 300
2012-10-10, 26.7000, 26.7000, 26.7000, 26.7000, 0
2012-10-11, 26.6801, 26.6900, 26.6700, 26.6700, 657
2012-10-12, 26.4801, 26.5000, 26.4801, 26.4900, 732
2012-10-15, 26.4900, 26.4900, 26.4900, 26.4900, 0
2012-10-16, 27.1900, 27.1999, 27.1900, 27.1999, 500
2012-10-17, 27.1400, 27.1500, 27.1300, 27.1300, 5397
2012-10-18, 27.0910, 27.1400, 27.0910, 27.1001, 1306
2012-10-19, 26.9099, 26.9099, 26.9099, 26.9099, 112
2012-10-22, 26.9100, 26.9600, 26.7800, 26.9600, 2398
2012-10-23, 26.9600, 26.9600, 26.9600, 26.9600, 0
2012-10-24, 26.5592, 26.5592, 26.2200, 26.2200, 400
2012-10-25, 26.5499, 26.5499, 26.5499, 26.5499, 410
2012-10-26, 26.1800, 26.1800, 26.1700, 26.1800, 2466
2012-10-31, 26.1800, 26.1800, 26.1800, 26.1800, 0
2012-11-01, 26.7000, 27.0100, 26.7000, 27.0100, 6300
2012-11-02, 27.0000, 27.0000, 26.9900, 26.9900, 200
2012-11-05, 26.9900, 26.9900, 26.9900, 26.9900, 0
2012-11-06, 26.9800, 26.9882, 26.9800, 26.9882, 289
2012-11-07, 26.5700, 26.5850, 26.4200, 26.4600, 3967
2012-11-08, 26.4600, 26.4600, 26.4600, 26.4600, 0
2012-11-09, 26.4600, 26.4600, 26.4600, 26.4600, 0
2012-11-12, 26.4600, 26.4600, 26.4600, 26.4600, 0
2012-11-13, 26.4600, 26.4600, 26.4600, 26.4600, 0
2012-11-14, 26.4600, 26.4600, 26.4600, 26.4600, 0
2012-11-15, 25.5500, 25.5500, 25.5500, 25.5500, 1400
2012-11-16, 25.7399, 25.8000, 25.7399, 25.7500, 700
2012-11-19, 25.7500, 25.7500, 25.7500, 25.7500, 0
2012-11-20, 26.3900, 26.3900, 26.2000, 26.2000, 4084
2012-11-21, 26.3301, 26.3301, 26.3301, 26.3301, 300
2012-11-23, 26.6699, 26.7700, 26.6499, 26.6600, 3200
2012-11-26, 26.6599, 26.7700, 26.5800, 26.5800, 5105
2012-11-27, 26.5800, 26.5800, 26.5800, 26.5800, 0
2012-11-28, 26.4899, 26.6000, 26.4899, 26.5501, 2780
2012-11-29, 26.5501, 26.5501, 26.5501, 26.5501, 0
2012-11-30, 26.8899, 26.9501, 26.8000, 26.8101, 7945
2012-12-03, 26.9399, 26.9399, 26.9399, 26.9399, 1520
2012-12-04, 26.8399, 26.8500, 26.7400, 26.7500, 1500
2012-12-05, 26.8700, 26.9100, 26.8500, 26.9000, 700
2012-12-06, 26.9000, 26.9000, 26.9000, 26.9000, 0
2012-12-07, 26.9000, 26.9000, 26.9000, 26.9000, 0
2012-12-10, 26.9000, 26.9000, 26.9000, 26.9000, 0
2012-12-11, 26.9000, 26.9000, 26.9000, 26.9000, 0
2012-12-12, 27.4800, 27.4800, 27.4800, 27.4800, 3100
2012-12-13, 27.4800, 27.4800, 27.4800, 27.4800, 0
2012-12-14, 27.2399, 27.2399, 27.2399, 27.2399, 200
2012-12-17, 27.2400, 27.2400, 27.2400, 27.2400, 0
2012-12-18, 27.7400, 27.8100, 27.7400, 27.8100, 2790
2012-12-19, 27.8100, 27.8100, 27.8100, 27.8100, 0
2012-12-20, 27.8100, 27.8100, 27.8100, 27.8100, 0
2012-12-21, 27.5300, 27.5300, 27.5300, 27.5300, 200
2012-12-24, 27.5300, 27.5300, 27.5300, 27.5300, 0
2012-12-26, 27.2800, 27.4499, 27.2800, 27.4499, 9465
2012-12-27, 27.4499, 27.4499, 27.4499, 27.4499, 0
2012-12-28, 27.3400, 27.3400, 27.1900, 27.2000, 770
2012-12-31, 27.8000, 27.8000, 27.8000, 27.8000, 300
2013-01-02, 28.2999, 28.2999, 28.2999, 28.2999, 645
2013-01-03, 28.4999, 28.4999, 28.4800, 28.4800, 596
2013-01-04, 28.5400, 28.6800, 28.3000, 28.6769, 6059
2013-01-07, 28.6769, 28.6769, 28.6769, 28.6769, 0
2013-01-08, 28.3199, 28.3199, 28.3199, 28.3199, 400
2013-01-09, 28.3200, 28.3200, 28.3200, 28.3200, 0
2013-01-10, 28.3200, 28.3200, 28.3200, 28.3200, 0
2013-01-11, 28.3200, 28.3200, 28.3200, 28.3200, 0
2013-01-14, 28.3200, 28.3200, 28.3200, 28.3200, 0
2013-01-15, 28.8000, 28.8100, 28.7500, 28.8100, 1442
2013-01-16, 28.8100, 28.8100, 28.8100, 28.8100, 0
2013-01-17, 28.8100, 28.8100, 28.8100, 28.8100, 0
2013-01-18, 28.8100, 28.8100, 28.8100, 28.8100, 0
2013-01-22, 29.1500, 29.1500, 29.1500, 29.1500, 223
2013-01-23, 29.1800, 29.1800, 29.1800, 29.1800, 100
2013-01-24, 29.3400, 29.3400, 29.3400, 29.3400, 100
2013-01-25, 29.5800, 29.6000, 29.5800, 29.6000, 1669
2013-01-28, 29.4520, 29.4520, 29.3700, 29.3960, 7634
2013-01-29, 29.4736, 29.4736, 29.4736, 29.4736, 300
2013-01-30, 29.6200, 29.6200, 29.5700, 29.5700, 1374
2013-01-31, 29.5700, 29.5700, 29.5700, 29.5700, 0
2013-02-01, 29.5700, 29.5700, 29.5700, 29.5700, 0
2013-02-04, 29.5700, 29.5700, 29.5700, 29.5700, 0
2013-02-05, 29.5601, 29.6500, 29.5601, 29.6500, 551
2013-02-06, 29.8395, 29.8395, 29.8300, 29.8300, 395
2013-02-07, 29.6699, 29.6900, 29.6500, 29.6900, 1289
2013-02-08, 30.0000, 30.0000, 30.0000, 30.0000, 2714
2013-02-11, 29.9899, 29.9899, 29.9899, 29.9899, 200
2013-02-12, 29.9900, 29.9900, 29.9900, 29.9900, 0
2013-02-13, 29.9900, 29.9900, 29.9900, 29.9900, 0
2013-02-14, 29.9900, 29.9900, 29.9900, 29.9900, 0
2013-02-15, 30.0300, 30.0300, 30.0300, 30.0300, 300
2013-02-19, 30.1600, 30.3600, 30.1600, 30.3600, 2256
2013-02-20, 30.3600, 30.3600, 30.3600, 30.3600, 0
2013-02-21, 30.3600, 30.3600, 30.3600, 30.3600, 0
2013-02-22, 30.3600, 30.3600, 30.3600, 30.3600, 0
2013-02-25, 29.5401, 29.5401, 29.5401, 29.5401, 300
2013-02-26, 29.5400, 29.5400, 29.5400, 29.5400, 0
2013-02-27, 29.5400, 29.5400, 29.5400, 29.5400, 0
2013-02-28, 29.9199, 29.9199, 29.9152, 29.9152, 575
2013-03-01, 29.8300, 29.8300, 29.8300, 29.8300, 1000
2013-03-04, 29.7500, 29.7500, 29.7500, 29.7500, 100
2013-03-05, 30.5199, 30.5200, 30.5199, 30.5200, 2400
2013-03-06, 30.4500, 30.5900, 30.2401, 30.5399, 9322
2013-03-07, 30.3301, 30.3301, 30.3300, 30.3300, 4131
2013-03-08, 30.5000, 30.5088, 30.5000, 30.5088, 1000
2013-03-11, 30.5100, 30.5100, 30.5100, 30.5100, 0
2013-03-12, 30.5100, 30.5100, 30.5100, 30.5100, 0
2013-03-13, 30.5100, 30.5100, 30.5100, 30.5100, 0
2013-03-14, 30.8300, 30.8301, 30.8300, 30.8301, 2704
2013-03-15, 30.8300, 30.8300, 30.8300, 30.8300, 0
2013-03-18, 30.8300, 30.8300, 30.8300, 30.8300, 0
2013-03-19, 30.4200, 30.4200, 30.4200, 30.4200, 102
2013-03-20, 30.9899, 30.9899, 30.9899, 30.9899, 657
2013-03-21, 30.8000, 30.8000, 30.4925, 30.4925, 4185
2013-03-22, 30.4900, 30.4900, 30.4900, 30.4900, 0
2013-03-25, 30.4900, 30.4900, 30.4900, 30.4900, 0
2013-03-26, 30.4925, 30.4925, 30.4925, 30.4925, 376
2013-03-27, 30.5000, 30.5200, 30.5000, 30.5200, 376
2013-03-28, 31.1100, 31.1100, 31.0999, 31.0999, 4563
2013-04-01, 31.1000, 31.1000, 31.1000, 31.1000, 0
2013-04-02, 30.8801, 30.8801, 30.8801, 30.8801, 1063
2013-04-03, 30.7299, 30.7300, 30.7000, 30.7000, 3261
2013-04-04, 30.7000, 30.7000, 30.7000, 30.7000, 0
2013-04-05, 30.4800, 30.5200, 30.4800, 30.5200, 573
2013-04-08, 30.7600, 30.7600, 30.7600, 30.7600, 173
2013-04-09, 30.9699, 30.9699, 30.9699, 30.9699, 200
2013-04-10, 30.9700, 30.9700, 30.9700, 30.9700, 0
2013-04-11, 30.9700, 30.9700, 30.9700, 30.9700, 0
2013-04-12, 30.9700, 30.9700, 30.9700, 30.9700, 0
2013-04-15, 30.9700, 30.9700, 30.9700, 30.9700, 0
2013-04-16, 30.8000, 30.8000, 30.8000, 30.8000, 3300
2013-04-17, 30.8000, 30.8000, 30.8000, 30.8000, 0
2013-04-18, 30.1600, 30.1830, 30.1600, 30.1830, 5900
2013-04-19, 30.1830, 30.1830, 30.1830, 30.1830, 0
2013-04-22, 30.5899, 30.5899, 30.5899, 30.5899, 105
2013-04-23, 30.6900, 30.6901, 30.6900, 30.6901, 2800
2013-04-24, 30.6901, 30.6901, 30.6901, 30.6901, 0
2013-04-25, 31.4600, 31.4600, 31.3999, 31.3999, 500
2013-04-26, 31.2800, 31.2800, 31.2000, 31.2100, 1411
2013-04-29, 31.2100, 31.2100, 31.2100, 31.2100, 0
2013-04-30, 31.2100, 31.2100, 31.2100, 31.2100, 0
2013-05-01, 31.2100, 31.2100, 31.2100, 31.2100, 0
2013-05-02, 31.2400, 31.4990, 31.2400, 31.2900, 8201
2013-05-03, 31.2900, 31.2900, 31.2900, 31.2900, 0
2013-05-06, 32.0399, 32.0500, 32.0399, 32.0500, 1700
2013-05-07, 32.0200, 32.1000, 32.0200, 32.0700, 4600
2013-05-08, 32.0700, 32.0700, 32.0700, 32.0700, 0
2013-05-09, 32.4000, 32.4000, 32.4000, 32.4000, 200
2013-05-10, 32.7800, 32.7800, 32.7800, 32.7800, 107
2013-05-13, 32.5899, 32.5899, 32.5899, 32.5899, 383
2013-05-14, 32.8000, 32.9200, 32.7200, 32.8300, 5828
2013-05-15, 32.8300, 32.8300, 32.8300, 32.8300, 0
2013-05-16, 32.8300, 32.8300, 32.8300, 32.8300, 0
2013-05-17, 33.0818, 33.0818, 33.0818, 33.0818, 291
2013-05-20, 33.5500, 33.5500, 33.3001, 33.3900, 815
2013-05-21, 33.3900, 33.3900, 33.3900, 33.3900, 0
2013-05-22, 33.3900, 33.3900, 33.3900, 33.3900, 0
2013-05-23, 33.3900, 33.3900, 33.3900, 33.3900, 0
2013-05-24, 32.6600, 32.7600, 32.6400, 32.7100, 1506
2013-05-28, 32.7100, 32.7100, 32.7100, 32.7100, 0
2013-05-29, 32.9500, 33.0000, 32.9200, 32.9700, 1000
2013-05-30, 33.0900, 33.3200, 33.0500, 33.1800, 4739
2013-05-31, 33.0000, 33.2700, 33.0000, 33.0500, 3700
2013-06-03, 32.3200, 32.3420, 32.3200, 32.3301, 2600
2013-06-04, 32.5700, 32.7200, 32.4010, 32.4610, 1969
2013-06-05, 32.4610, 32.4610, 32.4610, 32.4610, 0
2013-06-06, 32.1300, 32.1800, 32.1300, 32.1300, 425
2013-06-07, 32.2200, 32.7600, 32.2200, 32.7600, 900
2013-06-10, 32.9000, 32.9000, 32.8000, 32.9000, 4200
2013-06-11, 32.8399, 32.8399, 32.5200, 32.5200, 2100
2013-06-12, 32.7500, 32.7500, 32.2400, 32.3499, 3504
2013-06-13, 32.1900, 32.7900, 32.1500, 32.7900, 2200
2013-06-14, 32.5600, 32.6600, 32.5000, 32.5000, 4400
2013-06-17, 33.0099, 33.0099, 33.0099, 33.0099, 1103
2013-06-18, 33.1500, 33.1500, 33.0200, 33.0200, 400
2013-06-19, 33.0500, 33.0500, 33.0400, 33.0400, 200
2013-06-20, 33.0400, 33.0400, 33.0400, 33.0400, 0
2013-06-21, 31.9099, 31.9200, 31.8100, 31.8200, 10410
2013-06-24, 32.0500, 32.0500, 31.5700, 31.5700, 300
2013-06-25, 31.7101, 32.0300, 31.7101, 32.0300, 345
2013-06-26, 32.1300, 32.1300, 32.1300, 32.1300, 1200
2013-06-27, 32.1300, 32.1300, 32.1300, 32.1300, 0
2013-06-28, 32.5000, 32.5000, 32.5000, 32.5000, 100
2013-07-01, 32.4900, 32.7490, 32.4900, 32.5000, 1288
2013-07-02, 32.5000, 32.5000, 32.5000, 32.5000, 0
2013-07-03, 32.5000, 32.5000, 32.5000, 32.5000, 0
2013-07-05, 32.9900, 32.9900, 32.5710, 32.7800, 1473
2013-07-08, 33.1690, 33.1690, 33.1690, 33.1690, 2600
2013-07-09, 33.1700, 33.1700, 33.1700, 33.1700, 0
2013-07-10, 33.4299, 33.4300, 33.4299, 33.4300, 433
2013-07-11, 33.5000, 33.5000, 33.5000, 33.5000, 350
2013-07-12, 33.8900, 33.9900, 33.8900, 33.9900, 400
2013-07-15, 34.3900, 34.3900, 33.8900, 33.8900, 4075
2013-07-16, 33.8900, 33.8900, 33.8900, 33.8900, 0
2013-07-17, 33.9500, 33.9999, 33.8500, 33.9999, 797
2013-07-18, 34.2499, 34.2499, 34.2499, 34.2499, 224
2013-07-19, 34.0601, 34.0601, 34.0601, 34.0601, 400
2013-07-22, 34.0601, 34.0601, 34.0601, 34.0601, 150
2013-07-23, 34.2200, 34.2700, 34.2000, 34.2000, 600
2013-07-24, 34.2999, 34.2999, 34.2999, 34.2999, 1289
2013-07-25, 34.2799, 34.2800, 34.2799, 34.2800, 394
2013-07-26, 34.2800, 34.2800, 34.2800, 34.2800, 0
2013-07-29, 34.2300, 34.2300, 34.2300, 34.2300, 500
2013-07-30, 34.2300, 34.2300, 34.2300, 34.2300, 0
2013-07-31, 34.2300, 34.2300, 34.2300, 34.2300, 0
2013-08-01, 34.7801, 34.7801, 34.7801, 34.7801, 175
2013-08-02, 34.5400, 34.5400, 34.5400, 34.5400, 831
2013-08-05, 34.7560, 34.9199, 34.7560, 34.9199, 777
2013-08-06, 34.7299, 34.7299, 34.7195, 34.7195, 358
2013-08-07, 34.5299, 34.5499, 34.5299, 34.5499, 750
2013-08-08, 34.5499, 34.5499, 34.5499, 34.5499, 0
2013-08-09, 34.5000, 34.5000, 34.5000, 34.5000, 256
2013-08-12, 34.6590, 34.6590, 34.6590, 34.6590, 211
2013-08-13, 34.4601, 34.8000, 34.4601, 34.5301, 2888
2013-08-14, 34.5301, 34.5301, 34.5301, 34.5301, 0
2013-08-15, 34.1200, 34.1200, 34.1099, 34.1099, 288
2013-08-16, 34.1100, 34.1100, 34.1100, 34.1100, 0
2013-08-19, 34.1100, 34.1100, 34.1100, 34.1100, 0
2013-08-20, 33.9700, 33.9800, 33.9700, 33.9800, 211
2013-08-21, 33.7800, 33.8700, 33.7800, 33.8700, 2600
2013-08-22, 34.0000, 34.2700, 33.8300, 33.9500, 21200
2013-08-23, 33.9500, 33.9500, 33.9500, 33.9500, 226
2013-08-26, 34.2700, 34.3000, 33.9900, 34.0360, 26345
2013-08-27, 33.7200, 33.7500, 33.2400, 33.2400, 36254
2013-08-28, 33.5100, 33.5100, 33.4000, 33.4000, 1800
2013-08-29, 33.6800, 33.6800, 33.5101, 33.5101, 3061
2013-08-30, 33.5400, 33.5400, 33.3500, 33.4800, 3300
2013-09-03, 33.7200, 33.7500, 33.6000, 33.6000, 400
2013-09-04, 33.9300, 34.0800, 33.9000, 34.0100, 39896
2013-09-05, 34.0900, 34.1900, 34.0500, 34.1300, 6400
2013-09-06, 33.8200, 34.2400, 33.8000, 33.8400, 15620
2013-09-09, 34.2600, 34.5400, 34.2600, 34.5300, 27000
2013-09-10, 34.6600, 34.7800, 34.5300, 34.7700, 11800
2013-09-11, 34.7700, 34.9100, 34.6700, 34.9100, 13813
2013-09-12, 34.9100, 34.9200, 34.6434, 34.7300, 28544
2013-09-13, 34.8700, 34.8700, 34.6500, 34.8100, 66400
2013-09-16, 35.0500, 35.2800, 34.9900, 35.0000, 28996
2013-09-17, 35.2600, 35.3000, 35.1300, 35.1300, 22059
2013-09-18, 35.1900, 35.2800, 35.0500, 35.1800, 747
2013-09-19, 35.8100, 35.8100, 35.6000, 35.6000, 300
2013-09-20, 35.6800, 35.6800, 35.4600, 35.5299, 688
2013-09-23, 35.2700, 35.2700, 35.0500, 35.0600, 600
2013-09-24, 35.1100, 35.1700, 34.9100, 35.1700, 1217
2013-09-25, 35.1800, 35.2100, 34.9500, 35.0900, 914
2013-09-26, 35.1400, 35.1699, 35.1400, 35.1699, 2690
2013-09-27, 35.0000, 35.0000, 35.0000, 35.0000, 100
2013-09-30, 35.0000, 35.0000, 35.0000, 35.0000, 0
2013-10-01, 35.0000, 35.0000, 35.0000, 35.0000, 0
2013-10-02, 34.9001, 34.9001, 34.9001, 34.9001, 198
2013-10-03, 34.4510, 34.5420, 34.4510, 34.5420, 6670
2013-10-04, 35.0001, 35.0001, 35.0001, 35.0001, 550
2013-10-07, 34.7501, 34.7501, 34.6000, 34.6100, 6976
2013-10-08, 34.8600, 34.8600, 34.8599, 34.8600, 2545
2013-10-09, 34.1000, 34.3900, 33.9600, 34.2800, 34900
2013-10-10, 34.8100, 34.9000, 34.7300, 34.9000, 17936
2013-10-11, 35.1200, 35.2400, 35.0700, 35.0700, 38100
2013-10-14, 35.0699, 35.4099, 34.9100, 35.4099, 8185
2013-10-15, 35.2600, 35.2600, 35.2600, 35.2600, 300
2013-10-16, 35.3422, 35.5300, 35.3422, 35.4800, 1895
2013-10-17, 35.6100, 35.7340, 35.5600, 35.6900, 5940
2013-10-18, 35.9684, 36.0700, 35.8800, 36.0700, 4124
2013-10-21, 35.9400, 36.0399, 35.8820, 35.9500, 4081
2013-10-22, 36.1700, 36.2985, 36.0900, 36.2985, 4334
2013-10-23, 36.0100, 36.0700, 35.9000, 36.0700, 4364
2013-10-24, 36.1000, 36.1500, 36.0900, 36.1300, 1700
2013-10-25, 35.9801, 36.2000, 35.9801, 36.0800, 310
2013-10-28, 36.2900, 36.2900, 36.1700, 36.2200, 2800
2013-10-29, 36.2200, 36.2200, 36.2200, 36.2200, 0
2013-10-30, 36.9300, 36.9300, 36.3900, 36.3900, 5612
2013-10-31, 36.4200, 36.4200, 36.3900, 36.3900, 446
2013-11-01, 36.3900, 36.3900, 36.3900, 36.3900, 100
2013-11-04, 36.5100, 36.5100, 36.4900, 36.4900, 550
2013-11-05, 36.5300, 36.5300, 36.5300, 36.5300, 100
2013-11-06, 36.5300, 36.5300, 36.4200, 36.5200, 2201
2013-11-07, 36.0000, 36.0000, 36.0000, 36.0000, 410
2013-11-08, 36.4100, 36.4800, 36.3000, 36.4000, 4500
2013-11-11, 36.4000, 36.4000, 36.4000, 36.4000, 0
2013-11-12, 36.5800, 36.5800, 36.4300, 36.5200, 1120
2013-11-13, 36.8000, 36.8000, 36.8000, 36.8000, 810
2013-11-14, 36.9200, 36.9200, 36.8300, 36.8300, 200
2013-11-15, 36.9901, 37.2800, 36.9901, 37.2800, 1532
2013-11-18, 37.4500, 37.4500, 37.1700, 37.1800, 500
2013-11-19, 37.1299, 37.1299, 36.7400, 36.9000, 2105
2013-11-20, 36.9780, 37.0000, 36.9700, 36.9700, 1751
2013-11-21, 37.1040, 37.2200, 37.1040, 37.2200, 1076
2013-11-22, 37.2300, 37.2600, 37.1300, 37.1900, 1400
2013-11-25, 37.3299, 37.3299, 37.3200, 37.3200, 278
2013-11-26, 37.3620, 37.4100, 37.3200, 37.4100, 560
2013-11-27, 37.4199, 37.5100, 37.2700, 37.5100, 2198
2013-11-29, 37.7000, 37.7000, 37.3500, 37.3500, 1660
2013-12-02, 37.3010, 37.4800, 37.1700, 37.1700, 528
2013-12-03, 37.1800, 37.1800, 37.0100, 37.0100, 200
2013-12-04, 37.2200, 37.2200, 36.9400, 36.9400, 400
2013-12-05, 37.1000, 37.1000, 36.9500, 36.9700, 600
2013-12-06, 37.3999, 37.4100, 37.3999, 37.4100, 660
2013-12-09, 37.5500, 37.5500, 37.4100, 37.4100, 2774
2013-12-10, 37.4100, 37.4100, 37.1901, 37.1901, 1542
2013-12-11, 37.0100, 37.0900, 36.7100, 36.7100, 5953
2013-12-12, 36.7100, 36.7100, 36.7100, 36.7100, 0
2013-12-13, 36.7744, 36.9000, 36.7744, 36.7800, 12905
2013-12-16, 36.7100, 37.1800, 36.7100, 37.1800, 2298
2013-12-17, 36.9200, 37.1100, 36.9200, 37.1090, 2285
2013-12-18, 36.8500, 37.3700, 36.8500, 37.3300, 1829
2013-12-19, 37.3300, 37.3300, 37.3300, 37.3300, 40
2013-12-20, 37.5501, 38.0000, 37.5501, 37.9200, 1782
2013-12-23, 37.9200, 37.9200, 37.9200, 37.9200, 30
2013-12-24, 37.8158, 37.8158, 37.8158, 37.8158, 0
2013-12-26, 38.2500, 38.2500, 38.2500, 38.2500, 150
2013-12-27, 38.0301, 38.0301, 38.0301, 38.0301, 1010
2013-12-30, 38.2699, 38.2699, 38.2699, 38.2699, 523
2013-12-31, 38.4199, 38.4199, 38.4199, 38.4199, 300
2014-01-02, 38.4199, 38.4199, 38.4199, 38.4199, 20
2014-01-03, 38.4199, 38.4199, 38.4199, 38.4199, 10
2014-01-06, 37.9000, 37.9001, 37.9000, 37.9001, 258
2014-01-07, 38.3600, 38.3600, 37.9801, 38.0020, 451
2014-01-08, 37.9800, 37.9800, 37.9800, 37.9800, 426
2014-01-09, 38.2890, 38.2899, 38.1400, 38.1400, 1770
2014-01-10, 38.1400, 38.1400, 38.1400, 38.1400, 118
2014-01-13, 38.3389, 38.3389, 38.3389, 38.3389, 605
2014-01-14, 38.2600, 38.2600, 38.2400, 38.2400, 525
2014-01-15, 38.4000, 38.4500, 38.3400, 38.4260, 5094
2014-01-16, 38.3400, 38.3800, 38.2900, 38.3200, 1269
2014-01-17, 38.3500, 38.3500, 38.2085, 38.2400, 2088
2014-01-21, 38.5600, 38.5600, 38.5600, 38.5600, 1343
2014-01-22, 38.4199, 38.4900, 38.4199, 38.4890, 830
2014-01-23, 38.5500, 38.5500, 37.9800, 38.0900, 3119
2014-01-24, 38.1300, 38.1300, 37.3690, 37.3690, 8930
2014-01-27, 36.9200, 37.2200, 36.4800, 37.2200, 3510
2014-01-28, 36.9701, 37.3800, 36.9200, 36.9200, 1626
2014-01-29, 36.9000, 36.9000, 36.9000, 36.9000, 170
2014-01-30, 37.5400, 37.5500, 37.5400, 37.5400, 1226
2014-01-31, 37.3600, 37.3600, 37.3300, 37.3600, 4617
2014-02-03, 36.2900, 36.2900, 36.0100, 36.1000, 2120
2014-02-04, 36.6999, 36.6999, 36.6999, 36.6999, 2091
2014-02-05, 36.4800, 36.4800, 36.4800, 36.4800, 1048
2014-02-06, 36.9000, 37.0099, 36.8900, 37.0099, 6941
2014-02-07, 37.1300, 37.4360, 37.0800, 37.1920, 6561
2014-02-10, 37.4300, 37.4300, 37.4300, 37.4300, 166
2014-02-11, 37.5400, 37.8300, 37.4300, 37.8300, 1394
2014-02-12, 37.8300, 37.8300, 37.8300, 37.8300, 1102
2014-02-13, 36.1200, 38.1400, 36.1200, 38.1400, 10300
2014-02-14, 38.2190, 38.2400, 38.1800, 38.2400, 1359
2014-02-18, 38.5000, 38.5500, 38.4000, 38.5500, 1613
2014-02-19, 38.1500, 38.4000, 38.1500, 38.3300, 3368
2014-02-20, 38.3410, 38.3900, 38.3410, 38.3740, 1305
2014-02-21, 38.4101, 38.4101, 38.4101, 38.4101, 500
2014-02-24, 38.8840, 38.8840, 38.8840, 38.8840, 326
2014-02-25, 38.8500, 38.8500, 38.7800, 38.7800, 952
2014-02-26, 38.7800, 38.7800, 38.7800, 38.7800, 0
2014-02-27, 38.7800, 38.7800, 38.7800, 38.7800, 0
2014-02-28, 39.0701, 39.0701, 39.0701, 39.0701, 200
2014-03-03, 38.6200, 38.6200, 38.6200, 38.6200, 300
2014-03-04, 38.6200, 38.6200, 38.6200, 38.6200, 0
2014-03-05, 39.3400, 39.4599, 39.3400, 39.4599, 3564
2014-03-06, 39.4599, 39.4599, 39.4599, 39.4599, 3
2014-03-07, 39.5100, 39.5100, 39.5100, 39.5100, 268
2014-03-10, 39.8500, 39.8500, 39.2701, 39.2701, 779
2014-03-11, 39.3400, 39.4500, 39.2719, 39.4500, 3184
2014-03-12, 39.1400, 39.1920, 39.0625, 39.1036, 1565
2014-03-13, 39.2900, 39.3390, 38.9199, 38.9199, 673
2014-03-14, 38.7354, 38.7704, 38.7354, 38.7704, 800
2014-03-17, 39.0300, 39.0301, 38.9200, 38.9200, 2942
2014-03-18, 39.1600, 39.3900, 39.1600, 39.1801, 2483
2014-03-19, 39.1030, 39.3900, 38.9700, 39.2099, 2349
2014-03-20, 38.9500, 38.9880, 38.9500, 38.9880, 400
2014-03-21, 39.4701, 39.4701, 39.4601, 39.4601, 1087
2014-03-24, 39.4601, 39.4601, 39.4601, 39.4601, 67
2014-03-25, 39.1400, 39.1400, 39.1400, 39.1400, 200
2014-03-26, 39.1400, 39.1400, 39.1400, 39.1400, 145
2014-03-27, 38.5400, 38.6800, 38.5400, 38.6601, 5075
2014-03-28, 38.9015, 38.9200, 38.8500, 38.8500, 1827
2014-03-31, 39.1700, 39.1700, 39.1700, 39.1700, 2000
2014-04-01, 39.1700, 39.5280, 39.1700, 39.4860, 636
2014-04-02, 39.4860, 39.4860, 39.4860, 39.4860, 167
2014-04-03, 39.5401, 39.5401, 39.5401, 39.5401, 300
2014-04-04, 39.1501, 39.1600, 39.1500, 39.1600, 447
2014-04-07, 38.9500, 38.9500, 38.5699, 38.5699, 209
2014-04-08, 38.5200, 38.5800, 38.4601, 38.4601, 846
2014-04-09, 38.8400, 39.0139, 38.8400, 39.0139, 505
2014-04-10, 39.0139, 39.0139, 39.0139, 39.0139, 94
2014-04-11, 38.0700, 38.1100, 38.0600, 38.0600, 2925
2014-04-14, 38.2000, 38.2500, 37.7400, 38.1800, 12094
2014-04-15, 38.1800, 38.1800, 38.1800, 38.1800, 0
2014-04-16, 38.7700, 38.7700, 38.6700, 38.7200, 18624
2014-04-17, 38.9799, 38.9799, 38.8999, 38.9200, 11013
2014-04-21, 38.9100, 39.0899, 38.8500, 39.0800, 16436
2014-04-22, 39.1700, 39.3400, 39.1200, 39.3400, 1509
2014-04-23, 39.3079, 39.3400, 39.1800, 39.3100, 7315
2014-04-24, 39.2510, 39.3500, 39.2510, 39.3500, 450
2014-04-25, 39.0900, 39.1095, 39.0400, 39.0780, 1225
2014-04-28, 38.9500, 38.9500, 38.9500, 38.9500, 449
2014-04-29, 39.0300, 39.0300, 38.9685, 39.0300, 582
2014-04-30, 39.0750, 39.2400, 39.0750, 39.2400, 1116
2014-05-01, 39.2600, 39.2600, 39.2600, 39.2600, 201
2014-05-02, 39.3199, 39.3400, 39.3199, 39.3400, 802
2014-05-05, 39.3400, 39.3400, 39.3400, 39.3400, 78
2014-05-06, 39.3400, 39.3400, 39.3400, 39.3400, 10
2014-05-07, 39.3400, 39.3400, 39.3400, 39.3400, 0
2014-05-08, 39.3400, 39.3400, 39.3400, 39.3400, 0
2014-05-09, 39.0401, 39.0401, 39.0401, 39.0401, 300
2014-05-12, 39.0400, 39.0400, 39.0400, 39.0400, 0
2014-05-13, 39.0401, 39.0401, 39.0401, 39.0401, 50
2014-05-14, 39.0400, 39.0400, 39.0400, 39.0400, 0
2014-05-15, 39.0400, 39.0400, 39.0400, 39.0400, 0
2014-05-16, 37.3410, 37.7320, 36.9500, 37.7300, 3000
2014-05-19, 39.2010, 39.2010, 39.2010, 39.2010, 400
2014-05-20, 39.5000, 39.5000, 39.5000, 39.5000, 125
2014-05-21, 39.2300, 39.2300, 39.2300, 39.2300, 200
2014-05-22, 39.2300, 39.2300, 39.2300, 39.2300, 0
2014-05-23, 39.5210, 39.5210, 39.5210, 39.5210, 100
2014-05-27, 39.5210, 39.5210, 39.5210, 39.5210, 37
2014-05-28, 39.5200, 39.5200, 39.5200, 39.5200, 0
2014-05-29, 39.5210, 39.5210, 39.5210, 39.5210, 24
2014-05-30, 40.0000, 40.0000, 40.0000, 40.0000, 101
2014-06-02, 40.2500, 40.2500, 40.2500, 40.2500, 282
2014-06-03, 40.0000, 40.0000, 40.0000, 40.0000, 100
2014-06-04, 40.0000, 40.0000, 40.0000, 40.0000, 0
2014-06-05, 40.0000, 40.0000, 40.0000, 40.0000, 24
2014-06-06, 40.0000, 40.0000, 40.0000, 40.0000, 5
2014-06-09, 40.0000, 40.0000, 40.0000, 40.0000, 215
2014-06-10, 40.7200, 40.7525, 40.7200, 40.7525, 288
2014-06-11, 40.7525, 40.7525, 40.7525, 40.7525, 0
2014-06-12, 40.5199, 40.5199, 40.5199, 40.5199, 100
2014-06-13, 40.5200, 40.5200, 40.5200, 40.5200, 0
2014-06-16, 40.5199, 40.5199, 40.5199, 40.5199, 251
2014-06-17, 40.7500, 40.9000, 40.7500, 40.7700, 320
2014-06-18, 40.7400, 40.7800, 40.7400, 40.7800, 370
2014-06-19, 40.9300, 41.0800, 40.9300, 41.0301, 1030
2014-06-20, 41.2300, 41.2300, 41.2300, 41.2300, 204
2014-06-23, 41.3099, 41.3099, 41.3099, 41.3099, 500
2014-06-24, 41.1000, 41.1000, 41.1000, 41.1000, 123
2014-06-25, 40.9301, 40.9301, 40.9301, 40.9301, 300
2014-06-26, 40.9301, 40.9301, 40.9301, 40.9301, 54
2014-06-27, 41.1860, 41.1860, 41.1300, 41.1300, 930
2014-06-30, 41.2800, 41.2800, 41.2400, 41.2401, 2614
2014-07-01, 41.6300, 41.6300, 41.6300, 41.6300, 200
2014-07-02, 41.6300, 41.6300, 41.6300, 41.6300, 0
2014-07-03, 41.6300, 41.6300, 41.6300, 41.6300, 24
2014-07-07, 41.5300, 41.7000, 41.5300, 41.5500, 4102
2014-07-08, 41.1700, 41.3800, 41.1700, 41.3800, 52773
2014-07-09, 41.3500, 41.4901, 41.3500, 41.4501, 1176
2014-07-10, 41.4499, 41.4499, 41.4499, 41.4499, 246
2014-07-11, 41.4599, 41.4599, 41.4499, 41.4499, 549
2014-07-14, 41.4499, 41.4499, 41.4499, 41.4499, 39
2014-07-15, 41.5700, 41.5700, 41.5700, 41.5700, 401
2014-07-16, 41.6300, 41.6499, 41.6300, 41.6499, 58217
2014-07-17, 41.3900, 41.4000, 41.3399, 41.3399, 7571
2014-07-18, 41.2210, 41.6000, 41.2210, 41.6000, 672
2014-07-21, 41.2101, 41.2101, 41.2101, 41.2101, 772
2014-07-22, 41.4800, 41.4800, 41.4310, 41.4310, 2905
2014-07-23, 41.4710, 41.7700, 41.4710, 41.4810, 5445
2014-07-24, 41.7101, 41.8401, 41.6700, 41.7000, 33896
2014-07-25, 41.6780, 41.6780, 41.4710, 41.6400, 5945
2014-07-28, 41.5301, 41.5700, 41.4900, 41.5700, 3055
2014-07-29, 41.5800, 41.6100, 41.4700, 41.4700, 2904
2014-07-30, 41.2701, 41.3000, 41.1001, 41.1001, 5195
2014-07-31, 40.5010, 40.6550, 40.5001, 40.6550, 2510
2014-08-01, 40.2601, 40.2601, 40.1100, 40.1100, 2276
2014-08-04, 40.3400, 40.4190, 40.3400, 40.4190, 410
2014-08-05, 40.4190, 40.4190, 40.4190, 40.4190, 0
2014-08-06, 40.4190, 40.4190, 40.4190, 40.4190, 28
2014-08-07, 40.3300, 40.3300, 40.3100, 40.3100, 2058
2014-08-08, 40.3100, 40.3100, 40.3100, 40.3100, 0
2014-08-11, 40.9000, 40.9000, 40.9000, 40.9000, 600
2014-08-12, 40.9000, 40.9000, 40.9000, 40.9000, 2
2014-08-13, 41.2200, 41.2200, 40.7324, 40.7324, 5125
2014-08-14, 40.6000, 41.0200, 40.6000, 41.0000, 6315
2014-08-15, 41.0000, 41.0000, 40.8250, 40.8250, 205
2014-08-18, 41.1800, 41.3900, 41.1800, 41.2720, 2870
2014-08-19, 41.4800, 41.4800, 41.4800, 41.4800, 100
2014-08-20, 41.5000, 41.7100, 41.5000, 41.7100, 218
2014-08-21, 42.3800, 42.3800, 41.7200, 41.8600, 679
2014-08-22, 41.8300, 41.8300, 41.7700, 41.8255, 879
2014-08-25, 41.9300, 42.2500, 41.9300, 42.2500, 348
2014-08-26, 42.0900, 42.1100, 42.0900, 42.1100, 565
2014-08-27, 42.1100, 42.1100, 42.1100, 42.1100, 25
2014-08-28, 41.8900, 42.0360, 41.8900, 42.0360, 1380
2014-08-29, 42.0590, 42.0590, 42.0500, 42.0500, 362
2014-09-02, 42.1800, 42.1800, 42.1800, 42.1800, 298
2014-09-03, 43.1700, 43.1700, 42.1800, 42.4399, 2444
2014-09-04, 43.0000, 43.0000, 42.3600, 42.4000, 2323
2014-09-05, 42.0100, 42.0100, 41.8100, 41.9800, 363
2014-09-08, 42.1676, 42.1676, 42.0100, 42.0100, 770
2014-09-09, 41.9200, 42.0461, 41.9200, 42.0461, 1515
2014-09-10, 41.8700, 41.8700, 41.8700, 41.8700, 100
2014-09-11, 41.9200, 41.9200, 41.9200, 41.9200, 100
2014-09-12, 41.8100, 41.8100, 41.8100, 41.8100, 301
2014-09-15, 41.8244, 41.8244, 41.8244, 41.8244, 200
2014-09-16, 41.8244, 41.8244, 41.8244, 41.8244, 45
2014-09-17, 41.8244, 41.8244, 41.8244, 41.8244, 0
2014-09-18, 42.2900, 42.2900, 42.2400, 42.2400, 324
2014-09-19, 42.2400, 42.2400, 42.2400, 42.2400, 0
2014-09-22, 41.8000, 41.8000, 41.5000, 41.5501, 3963
2014-09-23, 41.5501, 41.5501, 41.5501, 41.5501, 6
2014-09-24, 41.5699, 41.5699, 41.5699, 41.5699, 348
2014-09-25, 41.3199, 41.3199, 41.1160, 41.1400, 6147
2014-09-26, 41.2430, 41.2430, 41.2430, 41.2430, 118
2014-09-29, 41.2430, 41.2430, 41.2430, 41.2430, 67
2014-09-30, 41.1400, 41.1400, 41.1400, 41.1400, 110
2014-10-01, 41.6200, 41.6200, 40.9000, 40.9000, 1503
2014-10-02, 40.0001, 40.6000, 40.0000, 40.6000, 816
2014-10-03, 41.0260, 41.0260, 40.8776, 40.8776, 288
2014-10-06, 41.7600, 41.7600, 41.7600, 41.7600, 337
2014-10-07, 42.0000, 42.0000, 40.0320, 40.0320, 2856
2014-10-08, 39.7500, 39.7500, 39.7500, 39.7500, 439
2014-10-09, 39.9300, 39.9300, 39.6201, 39.8699, 11682
2014-10-10, 39.2630, 39.2630, 39.2630, 39.2630, 405
2014-10-13, 39.2630, 39.2630, 39.2630, 39.2630, 10
2014-10-14, 38.8170, 38.8170, 38.4900, 38.5200, 2452
2014-10-15, 38.0500, 38.1000, 37.5410, 38.1000, 1006
2014-10-16, 38.1000, 38.5499, 38.1000, 38.5499, 1005
2014-10-17, 39.0500, 39.0900, 39.0200, 39.0200, 529
2014-10-20, 39.5400, 39.5400, 39.5400, 39.5400, 266
2014-10-21, 40.1999, 40.1999, 40.0000, 40.0000, 445
2014-10-22, 40.6600, 40.6600, 39.9740, 39.9740, 1185
2014-10-23, 40.5610, 40.5610, 40.5610, 40.5610, 100
2014-10-24, 40.7899, 40.8900, 40.7899, 40.8225, 1630
2014-10-27, 40.7964, 40.7964, 40.7964, 40.7964, 576
2014-10-28, 41.3600, 41.3600, 41.3500, 41.3500, 981
2014-10-29, 41.4000, 41.4000, 41.4000, 41.4000, 229
2014-10-30, 41.3700, 41.6000, 41.3700, 41.6000, 7951
2014-10-31, 41.6000, 41.6000, 41.6000, 41.6000, 162
2014-11-03, 42.4100, 42.4100, 42.3955, 42.3955, 510
2014-11-04, 41.9300, 42.9600, 41.8700, 41.8700, 796
2014-11-05, 42.1440, 42.1440, 42.0700, 42.1300, 1478
2014-11-06, 42.1500, 42.3700, 42.1500, 42.3700, 890
2014-11-07, 42.4700, 42.4700, 42.3500, 42.3500, 580
2014-11-10, 43.3900, 43.3900, 42.2401, 42.4700, 2232
2014-11-11, 43.4700, 43.4700, 42.3000, 42.5799, 15866
2014-11-12, 42.5799, 42.5799, 42.5799, 42.5799, 10
2014-11-13, 42.5799, 42.5799, 42.5799, 42.5799, 0
2014-11-14, 42.4000, 42.4000, 42.3910, 42.3910, 770
2014-11-17, 42.3800, 42.4000, 42.3700, 42.3800, 2807
2014-11-18, 42.5100, 42.6100, 42.5100, 42.5320, 2630
2014-11-19, 42.5320, 42.5320, 42.5320, 42.5320, 0
2014-11-20, 42.9499, 42.9499, 42.6801, 42.9499, 2254
2014-11-21, 44.4500, 44.4500, 42.9101, 42.9101, 1509
2014-11-24, 43.1700, 43.3799, 43.1601, 43.3799, 1050
2014-11-25, 43.3799, 43.3799, 43.3799, 43.3799, 0
2014-11-26, 42.9900, 43.0000, 42.9801, 43.0000, 4850
2014-11-28, 42.9050, 43.0490, 42.9050, 43.0490, 250
2014-12-01, 42.5499, 42.5499, 42.5499, 42.5499, 691
2014-12-02, 42.5499, 42.5499, 42.5499, 42.5499, 25
2014-12-03, 42.5499, 42.5499, 42.5499, 42.5499, 49
2014-12-04, 42.5499, 42.5499, 42.5499, 42.5499, 271
2014-12-05, 42.5499, 42.5499, 42.5499, 42.5499, 0
2014-12-08, 42.5800, 42.6500, 42.5800, 42.6500, 262
2014-12-09, 42.3800, 42.3800, 42.3800, 42.3800, 100
2014-12-10, 41.7700, 42.0599, 41.7700, 42.0599, 1369
2014-12-11, 42.4300, 42.4300, 42.4299, 42.4299, 1506
2014-12-12, 41.7800, 41.7800, 41.1600, 41.1600, 856
2014-12-15, 41.2900, 41.2900, 41.2900, 41.2900, 430
2014-12-16, 41.2400, 41.2400, 41.2400, 41.2400, 160
2014-12-17, 42.0200, 42.0200, 41.0000, 41.6400, 1636
2014-12-18, 42.6000, 42.6000, 42.2600, 42.4900, 3894
2014-12-19, 43.2468, 43.2760, 43.2352, 43.2640, 835
2014-12-22, 42.9200, 42.9200, 42.9200, 42.9200, 160
2014-12-23, 43.1700, 43.1700, 43.1700, 43.1700, 841
2014-12-24, 43.0400, 43.0400, 43.0400, 43.0400, 520
2014-12-26, 43.0400, 43.0400, 43.0400, 43.0400, 37
2014-12-29, 43.0400, 43.0400, 43.0400, 43.0400, 126
2014-12-30, 43.3500, 43.3500, 43.0601, 43.3400, 2842
2014-12-31, 43.2000, 43.2000, 43.1000, 43.1000, 768
2015-01-02, 43.1000, 43.1000, 43.1000, 43.1000, 74
2015-01-05, 42.1200, 42.1200, 41.6101, 41.8800, 2788
2015-01-06, 41.9400, 41.9400, 41.1201, 41.1201, 747
2015-01-07, 41.8190, 41.8200, 41.7300, 41.7600, 8425
2015-01-08, 42.5536, 42.6400, 42.4150, 42.4150, 5195
2015-01-09, 42.0500, 42.2000, 42.0113, 42.0113, 1462
2015-01-12, 41.6400, 41.6400, 41.6400, 41.6400, 252
2015-01-13, 41.6600, 41.6600, 41.1800, 41.1800, 1317
2015-01-14, 40.8400, 40.8400, 40.8400, 40.8400, 391
2015-01-15, 40.8200, 40.8400, 40.5000, 40.5000, 2926
2015-01-16, 40.6901, 40.6901, 40.6901, 40.6901, 119
2015-01-20, 40.8300, 41.1600, 40.8300, 41.1600, 305
2015-01-21, 41.2501, 41.6099, 41.2501, 41.6099, 3162
2015-01-22, 41.6510, 42.3790, 41.6510, 42.3790, 720
2015-01-23, 41.9429, 42.0050, 41.9429, 42.0050, 2364
2015-01-26, 41.7500, 42.1700, 41.7500, 42.1700, 1732
2015-01-27, 41.9000, 41.9000, 41.9000, 41.9000, 542
2015-01-28, 42.3500, 42.3500, 41.3000, 41.3000, 1593
2015-01-29, 41.0000, 41.0000, 41.0000, 41.0000, 220
2015-01-30, 41.1401, 41.1401, 41.0901, 41.0901, 601
2015-02-02, 40.8901, 41.0700, 40.8601, 41.0700, 802
2015-02-03, 41.5700, 42.3101, 41.5700, 42.3101, 710
2015-02-04, 42.3200, 42.3900, 42.2201, 42.2201, 526
2015-02-05, 42.2201, 42.2201, 42.2201, 42.2201, 75
2015-02-06, 42.7100, 42.9001, 42.7100, 42.8199, 1939
2015-02-09, 42.8199, 42.8199, 42.8199, 42.8199, 76
2015-02-10, 42.8400, 42.8400, 42.8400, 42.8400, 105
2015-02-11, 43.1200, 43.1200, 43.1190, 43.1199, 980
2015-02-12, 43.1700, 43.1700, 43.1700, 43.1700, 315
2015-02-13, 43.1700, 43.1700, 43.1700, 43.1700, 12
2015-02-17, 43.0300, 43.8800, 43.0300, 43.8800, 2715
2015-02-18, 43.7900, 44.0182, 43.7900, 44.0182, 2818
2015-02-19, 44.1800, 44.2800, 43.9800, 44.2200, 4207
2015-02-20, 44.3800, 44.3800, 44.3800, 44.3800, 186
2015-02-23, 44.2585, 44.2800, 44.0900, 44.2800, 984
2015-02-24, 44.2900, 44.2900, 44.2900, 44.2900, 260
2015-02-25, 44.3581, 44.3581, 44.3581, 44.3581, 791
2015-02-26, 44.3600, 44.3600, 44.3050, 44.3573, 1938
2015-02-27, 44.1000, 44.1000, 44.1000, 44.1000, 111
2015-03-02, 44.3600, 44.3600, 44.1100, 44.3600, 549
2015-03-03, 44.0000, 44.2250, 44.0000, 44.0100, 1417
2015-03-04, 44.0100, 44.0100, 44.0100, 44.0100, 0
2015-03-05, 44.0150, 44.1300, 44.0150, 44.1300, 410
2015-03-06, 43.5600, 43.5600, 43.4100, 43.4100, 1701
2015-03-09, 43.4100, 43.4100, 43.4100, 43.4100, 72
2015-03-10, 42.8799, 42.9200, 42.8799, 42.9200, 1575
2015-03-11, 42.9300, 42.9300, 42.8095, 42.8300, 4285
2015-03-12, 42.9900, 43.5000, 42.9900, 43.5000, 420
2015-03-13, 43.6600, 43.6600, 42.8499, 42.9200, 2573
2015-03-16, 43.2000, 43.2000, 43.2000, 43.2000, 212
2015-03-17, 43.1800, 43.5600, 43.1800, 43.5600, 547
2015-03-18, 43.1892, 44.3999, 43.1300, 44.2900, 22594
2015-03-19, 43.9300, 44.0499, 43.9300, 44.0100, 3779
2015-03-20, 44.3000, 44.5400, 44.2501, 44.4899, 1132
2015-03-23, 44.4899, 44.4899, 44.4899, 44.4899, 144
2015-03-24, 44.2500, 44.3499, 44.2100, 44.2499, 7730
2015-03-25, 44.2499, 44.2499, 44.2499, 44.2499, 7
2015-03-26, 43.0701, 43.5400, 43.0701, 43.5400, 3766
2015-03-27, 43.5400, 43.5400, 43.5400, 43.5400, 0
2015-03-30, 43.9000, 43.9000, 43.9000, 43.9000, 329
2015-03-31, 43.8500, 44.0400, 43.7800, 43.7800, 1744
2015-04-01, 43.5000, 43.5000, 43.5000, 43.5000, 191
2015-04-02, 43.6991, 43.6991, 43.3610, 43.3610, 1965
2015-04-06, 43.8300, 43.8300, 43.6700, 43.7201, 2529
2015-04-07, 44.1499, 44.1500, 44.1499, 44.1499, 767
2015-04-08, 43.7100, 43.9999, 43.7001, 43.9999, 5581
2015-04-09, 43.9999, 43.9999, 43.9999, 43.9999, 27
2015-04-10, 44.2400, 44.3400, 44.2400, 44.3400, 480
2015-04-13, 44.3400, 44.3400, 44.3400, 44.3400, 33
2015-04-14, 43.9200, 44.1500, 43.9200, 44.1500, 1531
2015-04-15, 44.4401, 44.4500, 44.4401, 44.4500, 502
2015-04-16, 44.4000, 44.4000, 44.3900, 44.3900, 940
2015-04-17, 43.8800, 43.9700, 43.8800, 43.9600, 501
2015-04-20, 43.9000, 43.9000, 43.9000, 43.9000, 286
2015-04-21, 43.9000, 43.9000, 43.9000, 43.9000, 70
2015-04-22, 44.2600, 44.2999, 44.2600, 44.2899, 625
2015-04-23, 44.4500, 44.6900, 44.2900, 44.5901, 1802
2015-04-24, 44.5901, 44.5901, 44.5901, 44.5901, 105
2015-04-27, 44.3700, 44.3700, 44.2901, 44.3490, 2775
2015-04-28, 44.2301, 44.3900, 44.2301, 44.3900, 7167
2015-04-29, 44.2000, 44.2101, 44.2000, 44.2101, 11137
2015-04-30, 44.0600, 44.0600, 44.0099, 44.0100, 5185
2015-05-01, 44.0100, 44.0100, 44.0100, 44.0100, 20
2015-05-04, 44.5390, 44.5390, 44.5390, 44.5390, 102
2015-05-05, 44.2200, 44.2200, 44.2120, 44.2120, 3985
2015-05-06, 44.2120, 44.2120, 44.2120, 44.2120, 162
2015-05-07, 43.9308, 43.9308, 43.9308, 43.9308, 183
2015-05-08, 43.9600, 44.5100, 43.9600, 44.5100, 1054
2015-05-11, 44.5000, 44.5000, 44.5000, 44.5000, 319
2015-05-12, 44.2899, 44.2899, 44.2899, 44.2899, 3890
2015-05-13, 44.1400, 44.2899, 44.1400, 44.2899, 1192
2015-05-14, 44.4801, 44.6399, 44.4801, 44.6399, 2463
2015-05-15, 44.6800, 44.6800, 44.6800, 44.6800, 151
2015-05-18, 44.8401, 44.8401, 44.8401, 44.8401, 368
2015-05-19, 44.9400, 45.0200, 44.8200, 44.8400, 4152
2015-05-20, 44.6100, 44.7700, 44.6100, 44.7700, 775
2015-05-21, 44.9600, 44.9600, 44.9600, 44.9600, 835
2015-05-22, 44.9000, 44.9000, 44.9000, 44.9000, 116
2015-05-26, 45.7600, 45.7600, 44.3100, 44.3100, 336
2015-05-27, 45.4100, 45.4100, 44.4200, 44.7700, 4931
2015-05-28, 44.6399, 44.6399, 44.6199, 44.6200, 798
2015-05-29, 44.4499, 44.7200, 44.4100, 44.7100, 2002
2015-06-01, 44.7100, 44.7100, 44.7100, 44.7100, 28
2015-06-02, 44.4560, 45.3300, 44.4560, 45.3300, 481
2015-06-03, 45.3300, 45.3300, 45.3300, 45.3300, 18
2015-06-04, 45.0300, 45.0300, 44.3400, 44.4000, 1825
2015-06-05, 44.1901, 44.2850, 44.1901, 44.2850, 305
2015-06-08, 44.2500, 44.2500, 44.0000, 44.0000, 869
2015-06-09, 44.0100, 44.2000, 43.9000, 43.9000, 1676
2015-06-10, 44.1200, 44.4120, 44.1200, 44.4120, 333
2015-06-11, 44.5602, 44.5900, 44.5602, 44.5900, 700
2015-06-12, 44.3106, 44.3106, 44.3106, 44.3106, 169
2015-06-15, 45.1600, 45.1600, 44.0101, 44.0101, 1636
2015-06-16, 44.3699, 44.3699, 44.3699, 44.3699, 335
2015-06-17, 44.2800, 44.2800, 44.2800, 44.2800, 200
2015-06-18, 44.8745, 44.9872, 44.7200, 44.7200, 3431
2015-06-19, 44.7200, 44.7200, 44.7200, 44.7200, 0
2015-06-22, 45.1600, 45.1600, 44.8700, 44.8700, 629
2015-06-23, 45.3400, 45.3400, 45.1000, 45.1000, 542
2015-06-24, 45.0300, 47.2000, 44.7800, 44.7800, 4596
2015-06-25, 44.6168, 44.6168, 44.6168, 44.6168, 170
2015-06-26, 44.4500, 44.4500, 44.4500, 44.4500, 212
2015-06-29, 44.0000, 44.0000, 43.7400, 43.7400, 2749
2015-06-30, 43.7300, 43.8700, 43.6400, 43.6900, 1804
2015-07-01, 44.5500, 45.0700, 43.9800, 43.9800, 1880
2015-07-02, 42.7501, 43.9299, 42.7501, 43.9299, 5711
2015-07-06, 44.1690, 44.1690, 43.5400, 43.5400, 1315
2015-07-07, 43.7899, 43.7899, 43.7899, 43.7899, 770
2015-07-08, 43.2900, 43.2900, 43.1400, 43.2500, 5601
2015-07-09, 43.2600, 43.2900, 43.2600, 43.2900, 2574
2015-07-10, 43.5100, 43.7100, 43.5100, 43.7100, 675
2015-07-13, 43.9500, 44.1680, 43.9500, 44.1420, 1013
2015-07-14, 44.6200, 44.6200, 44.2500, 44.4700, 3773
2015-07-15, 44.1800, 44.3680, 44.1800, 44.3680, 691
2015-07-16, 44.5600, 44.5600, 44.5600, 44.5600, 2235
2015-07-17, 44.4100, 44.4200, 44.4100, 44.4200, 1041
2015-07-20, 44.4800, 44.4900, 44.4800, 44.4900, 578
2015-07-21, 44.2900, 44.2900, 44.2900, 44.2900, 337
2015-07-22, 44.6400, 44.6400, 44.2300, 44.2800, 4050
2015-07-23, 43.9101, 44.1800, 43.7968, 44.0900, 3957
2015-07-24, 43.8100, 43.8100, 43.4350, 43.6899, 8064
2015-07-27, 43.2300, 43.2999, 43.2099, 43.2099, 4337
2015-07-28, 42.9830, 43.6900, 42.9830, 43.6900, 252
2015-07-29, 43.4801, 43.8099, 43.4801, 43.7384, 444
2015-07-30, 43.8005, 44.1199, 43.8001, 44.0800, 8641
2015-07-31, 44.2899, 44.2900, 44.1399, 44.1399, 9112
2015-08-03, 43.7514, 44.0900, 43.7000, 43.8100, 2558
2015-08-04, 44.0199, 44.0199, 43.9199, 43.9199, 371
2015-08-05, 44.4300, 44.4300, 44.4300, 44.4300, 102
2015-08-06, 43.4800, 43.4800, 43.4800, 43.4800, 765
2015-08-07, 43.3400, 43.3400, 43.3300, 43.3400, 1182
2015-08-10, 44.2100, 44.2100, 44.2100, 44.2100, 775
2015-08-11, 43.5980, 43.6000, 43.5970, 43.6000, 3935
2015-08-12, 43.2780, 43.2780, 43.2520, 43.2520, 766
2015-08-13, 43.6500, 43.6500, 43.5899, 43.6200, 3119
2015-08-14, 43.6800, 43.6800, 43.6800, 43.6800, 138
2015-08-17, 43.7301, 43.9500, 43.7301, 43.9500, 700
2015-08-18, 43.9999, 43.9999, 43.8799, 43.8799, 2050
2015-08-19, 44.2400, 44.2400, 43.3800, 43.6100, 2601
2015-08-20, 43.4900, 43.4900, 42.6000, 42.6000, 1539
2015-08-21, 41.3700, 41.3700, 41.3220, 41.3220, 3160
2015-08-24, 41.7400, 41.7400, 39.9400, 39.9400, 3226
2015-08-25, 40.2700, 40.2700, 40.1000, 40.1800, 2011
2015-08-26, 39.4301, 40.0100, 39.4301, 40.0100, 2209
2015-08-27, 41.1200, 41.5100, 40.9000, 41.3100, 1021
2015-08-28, 40.8100, 41.6200, 40.8100, 41.2600, 5961
2015-08-31, 41.2156, 41.6199, 41.1100, 41.1100, 958
2015-09-01, 40.0301, 40.0301, 40.0301, 40.0301, 390
2015-09-02, 40.2830, 40.5900, 40.2800, 40.5900, 5193
2015-09-03, 40.6600, 41.2899, 40.6600, 41.2899, 825
2015-09-04, 40.6000, 40.6000, 40.1420, 40.1420, 2010
2015-09-08, 41.8900, 41.8900, 40.8400, 40.8400, 5165
2015-09-09, 41.3201, 41.3201, 41.1200, 41.2300, 4037
2015-09-10, 40.9200, 41.1300, 40.9200, 41.1300, 1325
2015-09-11, 40.8501, 41.1000, 40.8501, 41.1000, 387
2015-09-14, 40.7800, 40.9900, 40.7800, 40.9900, 1224
2015-09-15, 41.5200, 41.5200, 41.3101, 41.4840, 1559
2015-09-16, 41.4840, 41.4840, 41.4840, 41.4840, 8
2015-09-17, 41.9600, 42.0000, 41.8400, 42.0000, 1705
2015-09-18, 40.8700, 40.8980, 40.8700, 40.8980, 1161
2015-09-21, 41.0100, 41.0100, 41.0100, 41.0100, 435
2015-09-22, 40.2900, 40.2900, 40.2899, 40.2899, 1269
2015-09-23, 40.0101, 40.0101, 40.0000, 40.0000, 892
2015-09-24, 40.0000, 40.0000, 39.7800, 39.7800, 284
2015-09-25, 39.7800, 39.7800, 39.7800, 39.7800, 72
2015-09-28, 38.6773, 38.7500, 38.6773, 38.7500, 378
2015-09-29, 38.9299, 38.9299, 38.5480, 38.6001, 805
2015-09-30, 39.2001, 39.2001, 39.2001, 39.2001, 1737
2015-10-01, 39.3400, 39.4200, 39.0812, 39.4200, 20338
2015-10-02, 39.4200, 39.4200, 39.4200, 39.4200, 37
2015-10-05, 40.6900, 40.6900, 40.6800, 40.6800, 690
2015-10-06, 40.6500, 40.8774, 40.6401, 40.6401, 10806
2015-10-07, 40.6401, 40.6401, 40.6401, 40.6401, 0
2015-10-08, 41.2400, 41.8120, 41.2300, 41.8120, 3409
2015-10-09, 41.8000, 41.8000, 41.8000, 41.8000, 446
2015-10-12, 41.5372, 41.5372, 41.5372, 41.5372, 478
2015-10-13, 41.7200, 41.7300, 41.5900, 41.6400, 7625
2015-10-14, 41.6400, 41.6400, 41.6400, 41.6400, 100
2015-10-15, 41.6400, 41.6400, 41.6400, 41.6400, 25
2015-10-16, 41.6400, 41.6400, 41.6400, 41.6400, 120
2015-10-19, 41.6400, 41.6400, 41.6400, 41.6400, 0
2015-10-20, 41.6400, 41.6400, 41.6400, 41.6400, 0
2015-10-21, 41.8100, 41.8100, 41.5000, 41.5000, 2559
2015-10-22, 42.0000, 42.0000, 41.6400, 41.8613, 1640
2015-10-23, 42.0401, 42.0401, 42.0401, 42.0401, 792
2015-10-26, 41.9000, 42.2500, 40.7700, 42.2500, 431
2015-10-27, 41.9900, 41.9900, 41.9900, 41.9900, 188
2015-10-28, 41.9900, 41.9900, 41.9900, 41.9900, 25
2015-10-29, 41.9900, 41.9900, 41.9900, 41.9900, 0
2015-10-30, 42.5999, 42.6000, 42.5999, 42.6000, 785
2015-11-02, 43.5920, 43.5920, 43.5920, 43.5920, 266
2015-11-03, 43.0488, 43.0488, 43.0488, 43.0488, 433
2015-11-04, 42.7301, 42.7301, 42.7301, 42.7301, 140
2015-11-05, 42.6816, 42.8900, 42.6816, 42.8880, 3407
2015-11-06, 43.6100, 43.6100, 42.8600, 42.8600, 3772
2015-11-09, 42.8900, 42.8900, 42.2450, 42.2546, 1570
2015-11-10, 41.2500, 42.6100, 41.2500, 42.6100, 1776
2015-11-11, 42.4250, 42.4900, 42.2400, 42.4900, 1131
2015-11-12, 41.9600, 41.9600, 41.9600, 41.9600, 190
2015-11-13, 41.9600, 41.9600, 41.9600, 41.9600, 25
2015-11-16, 41.3100, 41.3100, 41.3100, 41.3100, 3419
2015-11-17, 43.6500, 43.6500, 41.2800, 41.3831, 1891
2015-11-18, 41.8700, 42.1000, 41.6000, 42.0161, 2416
2015-11-19, 42.2600, 42.2700, 42.1800, 42.1800, 7840
2015-11-20, 42.9200, 42.9200, 42.3900, 42.4000, 1505
2015-11-23, 42.3780, 42.5700, 42.3780, 42.5700, 760
2015-11-24, 41.9720, 42.5700, 41.9720, 42.4400, 7076
2015-11-25, 42.8000, 42.8000, 42.5300, 42.6599, 1807
2015-11-27, 42.6599, 42.6599, 42.6599, 42.6599, 7
2015-11-30, 44.5400, 44.6100, 42.3127, 42.5999, 3527
2015-12-01, 44.8800, 44.8800, 42.9000, 42.9000, 945
2015-12-02, 42.3100, 42.3100, 42.3100, 42.3100, 160
2015-12-03, 44.8800, 44.9000, 41.7400, 41.7400, 1677
2015-12-04, 41.7200, 41.7200, 41.7200, 41.7200, 425
2015-12-07, 42.5000, 43.7700, 35.1767, 35.1767, 3485
2015-12-08, 42.0000, 42.5000, 41.8000, 41.8100, 3775
2015-12-09, 42.1300, 42.1300, 41.9999, 41.9999, 1035
2015-12-10, 41.9600, 42.0000, 40.5400, 42.0000, 5604
2015-12-11, 41.1900, 41.6500, 40.6100, 40.6100, 7148
2015-12-14, 40.3900, 40.3900, 40.2000, 40.3700, 2336
2015-12-15, 41.0000, 41.0000, 40.5200, 40.5200, 11074
2015-12-16, 41.1400, 41.2000, 40.9799, 40.9799, 885
2015-12-17, 41.2300, 41.2400, 40.9360, 40.9360, 1818
2015-12-18, 40.9360, 40.9360, 40.9360, 40.9360, 0
2015-12-21, 40.9360, 40.9360, 40.9360, 40.9360, 1
2015-12-22, 40.9360, 40.9360, 40.9360, 40.9360, 0
2015-12-23, 41.4705, 41.6800, 41.4701, 41.4701, 8659
2015-12-24, 41.3101, 41.3101, 41.3101, 41.3101, 15
2015-12-28, 41.3101, 41.3101, 41.3101, 41.3101, 4
2015-12-29, 41.2300, 41.6400, 41.2300, 41.5900, 1783
2015-12-30, 41.5300, 41.6399, 41.5300, 41.6200, 2151
2015-12-31, 41.3900, 41.3900, 41.2600, 41.2800, 2703
2016-01-04, 41.2800, 41.2800, 41.2800, 41.2800, 79
2016-01-05, 40.3700, 40.3900, 40.2901, 40.3056, 12683
2016-01-06, 40.3056, 40.3056, 40.3056, 40.3056, 0
2016-01-07, 40.3056, 40.3056, 40.3056, 40.3056, 0
2016-01-08, 38.5100, 38.5100, 38.5026, 38.5026, 390
2016-01-11, 38.5026, 38.5026, 38.5026, 38.5026, 30
2016-01-12, 38.5000, 38.5000, 38.4999, 38.4999, 700
2016-01-13, 38.0400, 38.4000, 38.0400, 38.4000, 6893
2016-01-14, 37.4500, 37.7000, 37.4500, 37.7000, 1628
2016-01-15, 36.6500, 36.9000, 36.6300, 36.8100, 4982
2016-01-19, 36.7501, 36.8950, 36.7501, 36.8950, 357
2016-01-20, 36.8950, 36.8950, 36.8950, 36.8950, 120
2016-01-21, 36.9000, 37.0000, 36.7200, 36.7200, 8176
2016-01-22, 37.3000, 37.3101, 37.2900, 37.3101, 1700
2016-01-25, 37.3101, 37.3101, 37.3101, 37.3101, 52
2016-01-26, 37.3101, 37.3101, 37.3101, 37.3101, 40
2016-01-27, 36.6700, 36.8499, 36.6700, 36.7999, 2180
2016-01-28, 36.6400, 36.6400, 36.5600, 36.6300, 15000
2016-01-29, 37.4400, 37.4670, 37.4400, 37.4670, 1162
2016-02-01, 37.8900, 38.0650, 37.8900, 38.0650, 966
2016-02-02, 38.0650, 38.0650, 38.0650, 38.0650, 0
2016-02-03, 36.6100, 37.0250, 36.6000, 37.0250, 7617
2016-02-04, 37.4892, 37.4892, 37.2900, 37.2900, 1140
2016-02-05, 37.2900, 37.2900, 37.2900, 37.2900, 0
2016-02-08, 35.8600, 35.8600, 35.5800, 35.5800, 426
2016-02-09, 35.7284, 35.7405, 35.5400, 35.5400, 6191
2016-02-10, 35.6800, 36.0748, 35.6800, 36.0601, 3410
2016-02-11, 36.0601, 36.0601, 36.0601, 36.0601, 65
2016-02-12, 35.7801, 35.9740, 35.6000, 35.9740, 13310
2016-02-16, 36.4900, 36.8800, 36.4900, 36.8800, 2280
2016-02-17, 37.7040, 37.7040, 37.7040, 37.7040, 184
2016-02-18, 37.6800, 37.7100, 37.6800, 37.7100, 1633
2016-02-19, 37.7100, 37.7100, 37.7100, 37.7100, 123
2016-02-22, 38.0900, 38.2600, 38.0800, 38.0900, 6824
2016-02-23, 37.8500, 37.8500, 37.8200, 37.8332, 3488
2016-02-24, 37.4100, 37.5700, 37.1800, 37.5700, 2795
2016-02-25, 38.2701, 38.5000, 38.2701, 38.5000, 4295
2016-02-26, 38.5000, 39.0199, 38.5000, 38.7200, 4640
2016-02-29, 38.8493, 38.8493, 38.6901, 38.6901, 3752
2016-03-01, 39.4799, 39.4799, 39.4199, 39.4199, 1400
2016-03-02, 39.3300, 39.3300, 39.3300, 39.3300, 4586
2016-03-03, 39.7301, 39.8000, 39.7301, 39.7800, 17046
2016-03-04, 39.9101, 39.9900, 39.9050, 39.9400, 13607
2016-03-07, 39.6500, 40.1100, 39.6500, 40.1100, 17756
2016-03-08, 39.7900, 40.0100, 39.7900, 40.0100, 1139
2016-03-09, 39.5100, 39.8799, 39.5100, 39.6700, 14667
2016-03-10, 39.9540, 39.9540, 39.2601, 39.5400, 21974
2016-03-11, 40.3500, 40.6100, 40.3500, 40.6100, 367
2016-03-14, 40.7200, 40.7200, 40.4300, 40.6536, 2480
2016-03-15, 40.2174, 40.2174, 39.9500, 40.0800, 9472
2016-03-16, 40.1959, 40.5300, 38.2500, 40.4300, 5781
2016-03-17, 40.6100, 40.9900, 40.6100, 40.8020, 1490
2016-03-18, 41.1100, 41.3600, 41.0942, 41.3200, 6577
2016-03-21, 41.2988, 41.4399, 41.2000, 41.4399, 3242
2016-03-22, 41.1000, 41.2500, 41.1000, 41.2500, 1404
2016-03-23, 40.8310, 40.8310, 40.8310, 40.8310, 175
2016-03-24, 40.5300, 40.6340, 40.5300, 40.6340, 830
2016-03-28, 40.7295, 40.7295, 40.7295, 40.7295, 275
2016-03-29, 40.9491, 41.1000, 40.9491, 41.1000, 2315
2016-03-30, 40.9800, 41.2001, 40.9800, 41.2001, 447
2016-03-31, 41.3252, 41.3795, 41.3252, 41.3795, 1740
2016-04-01, 41.4200, 41.4299, 41.2600, 41.4299, 2300
2016-04-04, 41.4299, 41.4299, 41.4299, 41.4299, 3
2016-04-05, 41.0000, 41.0000, 40.7600, 40.7600, 1358
2016-04-06, 40.7200, 40.9180, 40.7000, 40.9180, 16695
2016-04-07, 40.1601, 40.1601, 40.1300, 40.1400, 803
2016-04-08, 40.3600, 40.6000, 40.3600, 40.4700, 841
2016-04-11, 40.7200, 40.7299, 40.7200, 40.7200, 1558
2016-04-12, 40.6024, 40.8300, 40.6024, 40.6200, 5140
2016-04-13, 41.2900, 41.6200, 41.1100, 41.6200, 12272
2016-04-14, 41.4925, 41.6200, 41.4925, 41.6000, 2092
2016-04-15, 41.2337, 41.5170, 41.2337, 41.5170, 1995
2016-04-18, 41.5427, 41.6200, 41.5427, 41.6200, 415
2016-04-19, 41.6500, 41.6500, 41.6490, 41.6490, 348
2016-04-20, 41.9700, 42.2600, 41.9700, 42.2600, 647
2016-04-21, 42.2600, 42.2600, 42.2600, 42.2600, 0
2016-04-22, 42.1800, 42.1800, 42.0150, 42.0924, 2772
2016-04-25, 41.8680, 41.8690, 41.6201, 41.8215, 1465
2016-04-26, 41.8740, 42.1299, 41.8710, 42.1200, 2140
2016-04-27, 42.2606, 42.2606, 42.0725, 42.0725, 292
2016-04-28, 42.1175, 42.1175, 42.1175, 42.1175, 150
2016-04-29, 41.1100, 41.3400, 41.1100, 41.3400, 844
2016-05-02, 41.2301, 41.4900, 41.2301, 41.4900, 880
2016-05-03, 41.4900, 41.4900, 41.4900, 41.4900, 0
2016-05-04, 40.6603, 40.6603, 40.6603, 40.6603, 236
2016-05-05, 40.5000, 40.5600, 40.4700, 40.5100, 1000
2016-05-06, 40.5100, 40.5100, 40.5100, 40.5100, 2
2016-05-09, 40.6200, 40.7120, 40.6200, 40.7120, 400
2016-05-10, 40.7120, 40.7120, 40.7120, 40.7120, 1
2016-05-11, 40.8900, 40.9500, 40.8450, 40.8450, 1316
2016-05-12, 40.3000, 40.3000, 38.7040, 40.1000, 4010
2016-05-13, 40.2700, 40.4200, 40.2400, 40.2400, 2763
2016-05-16, 40.5999, 40.5999, 40.5999, 40.5999, 410
2016-05-17, 40.3700, 40.5450, 40.2900, 40.3000, 3077
2016-05-18, 40.3000, 40.5700, 40.3000, 40.4000, 1390
2016-05-19, 39.9600, 40.1500, 39.8800, 40.1500, 1897
2016-05-20, 40.1500, 40.1500, 40.1500, 40.1500, 0
2016-05-23, 40.4700, 40.4700, 40.4700, 40.4700, 883
2016-05-24, 40.9875, 41.0000, 40.9500, 40.9500, 702
2016-05-25, 41.5000, 41.5631, 41.4300, 41.5631, 3463
2016-05-26, 41.5255, 41.5255, 41.5255, 41.5255, 176
2016-05-27, 41.5600, 41.6934, 41.5300, 41.5300, 1282
2016-05-31, 41.7500, 41.7513, 41.6010, 41.6255, 2469
2016-06-01, 41.7500, 41.8000, 41.7400, 41.7500, 9985
2016-06-02, 41.9300, 41.9801, 41.8400, 41.9000, 2156
2016-06-03, 41.6499, 41.6601, 41.6499, 41.6601, 200
2016-06-06, 41.9700, 42.1400, 41.9700, 42.0510, 532
2016-06-07, 42.0510, 42.0510, 42.0510, 42.0510, 0
2016-06-08, 42.1525, 42.1525, 42.1525, 42.1525, 301
2016-06-09, 41.8822, 42.0471, 41.8500, 41.9800, 942
2016-06-10, 41.5700, 41.5700, 41.3100, 41.3100, 2490
2016-06-13, 41.3100, 41.3100, 41.3100, 41.3100, 1
2016-06-14, 40.7800, 40.7800, 40.5400, 40.5400, 7538
2016-06-15, 40.9400, 41.0600, 40.9400, 41.0600, 784
2016-06-16, 41.0600, 41.0600, 41.0600, 41.0600, 1
2016-06-17, 40.9350, 40.9350, 40.9350, 40.9350, 1970
2016-06-20, 41.5500, 41.5500, 41.1660, 41.1660, 2067
2016-06-21, 41.1660, 41.1660, 41.1660, 41.1660, 1
2016-06-22, 40.8500, 41.2300, 40.8500, 41.2300, 2500
2016-06-23, 41.6001, 41.6001, 41.6001, 41.6001, 117
2016-06-24, 39.6400, 40.5624, 39.6400, 40.5624, 624
2016-06-27, 38.5200, 38.5200, 38.3516, 38.5199, 2192
2016-06-28, 38.8800, 38.9567, 38.8800, 38.8800, 3338
2016-06-29, 38.8800, 38.8800, 38.8800, 38.8800, 38
2016-06-30, 40.2100, 40.6200, 40.2100, 40.3600, 993
2016-07-01, 40.3600, 40.3600, 40.3600, 40.3600, 3
2016-07-05, 40.3600, 40.3600, 40.3600, 40.3600, 202
2016-07-06, 40.2651, 40.2651, 40.2651, 40.2651, 163
2016-07-07, 40.3400, 40.4614, 40.3400, 40.3400, 4140
2016-07-08, 41.2201, 41.2700, 41.2201, 41.2600, 2210
2016-07-11, 41.2600, 41.2600, 41.2600, 41.2600, 0
2016-07-12, 41.6500, 42.1700, 41.6500, 42.1699, 5091
2016-07-13, 41.8925, 41.9990, 41.8925, 41.9990, 397
2016-07-14, 42.3700, 42.4400, 42.2901, 42.4400, 4085
2016-07-15, 42.2857, 42.2857, 42.2857, 42.2857, 158
2016-07-18, 42.0200, 42.5000, 41.2700, 42.4500, 7318
2016-07-19, 42.1400, 42.1400, 42.1400, 42.1400, 101
2016-07-20, 42.5000, 42.6812, 42.5000, 42.6812, 2637
2016-07-21, 42.5101, 42.5101, 42.5101, 42.5101, 234
2016-07-22, 42.7300, 42.7300, 42.7300, 42.7300, 100
2016-07-25, 42.7300, 42.7300, 42.7300, 42.7300, 0
2016-07-26, 42.7300, 42.7300, 42.7300, 42.7300, 7
2016-07-27, 42.7300, 42.7300, 42.7300, 42.7300, 0
2016-07-28, 42.6762, 42.9629, 42.6301, 42.9629, 3517
2016-07-29, 42.8100, 42.8100, 42.7600, 42.7600, 426
2016-08-01, 42.6130, 42.6130, 42.6130, 42.6130, 375
2016-08-02, 42.6130, 42.6130, 42.6130, 42.6130, 0
2016-08-03, 42.6130, 42.6130, 42.6130, 42.6130, 0
2016-08-04, 42.3800, 42.4460, 42.3800, 42.4460, 1655
2016-08-05, 42.5300, 42.6000, 42.5300, 42.5900, 1555
2016-08-08, 42.8800, 43.0700, 42.8200, 42.8200, 4559
2016-08-09, 42.8200, 42.8200, 42.8200, 42.8200, 0
2016-08-10, 42.8200, 42.8200, 42.8200, 42.8200, 0
2016-08-11, 42.8200, 42.8200, 42.8200, 42.8200, 0
2016-08-12, 43.0404, 43.0600, 43.0300, 43.0600, 4060
2016-08-15, 43.3197, 43.4150, 43.2401, 43.2401, 1801
2016-08-16, 43.0501, 43.0501, 43.0501, 43.0501, 1279
2016-08-17, 42.9300, 42.9600, 42.8700, 42.9600, 4284
2016-08-18, 43.2150, 43.2282, 43.2150, 43.2282, 633
2016-08-19, 43.3300, 43.3300, 43.3300, 43.3300, 300
2016-08-22, 43.0800, 43.2100, 43.0800, 43.1700, 1610
2016-08-23, 43.2000, 43.6326, 43.2000, 43.4918, 1681
2016-08-24, 43.3300, 43.3300, 43.3300, 43.3300, 100
2016-08-25, 43.0450, 43.0450, 42.9001, 42.9001, 390
2016-08-26, 43.1048, 43.1048, 41.4475, 42.9500, 1300
2016-08-29, 43.4200, 43.4200, 43.2960, 43.2960, 650
2016-08-30, 43.1400, 43.1400, 43.1400, 43.1400, 100
2016-08-31, 42.8100, 42.8595, 42.8100, 42.8595, 214
2016-09-01, 42.8400, 42.8725, 42.8400, 42.8725, 310
2016-09-02, 43.0650, 43.0650, 43.0600, 43.0600, 495
2016-09-06, 43.0600, 43.0600, 43.0600, 43.0600, 105
2016-09-07, 43.1301, 43.1301, 43.1301, 43.1301, 500
2016-09-08, 43.1301, 43.1301, 43.1301, 43.1301, 0
2016-09-09, 43.1301, 43.1301, 43.1301, 43.1301, 86
2016-09-12, 42.3000, 42.3000, 42.2400, 42.2400, 17900
2016-09-13, 42.2400, 42.2400, 42.1784, 42.1784, 384
2016-09-14, 42.1784, 42.1784, 42.1784, 42.1784, 0
2016-09-15, 42.3499, 42.3500, 42.3499, 42.3500, 1025
2016-09-16, 42.1501, 42.1501, 42.1501, 42.1501, 363
2016-09-19, 42.2300, 42.2400, 42.2200, 42.2300, 8400
2016-09-20, 42.2300, 42.2300, 42.2300, 42.2300, 0
2016-09-21, 42.3700, 42.3790, 42.3400, 42.3400, 1925
2016-09-22, 42.3400, 42.3400, 42.3400, 42.3400, 34
2016-09-23, 42.9800, 42.9800, 42.9800, 42.9800, 194
2016-09-26, 42.3600, 42.3600, 42.3600, 42.3600, 100
2016-09-27, 42.5600, 42.5600, 42.5600, 42.5600, 100
2016-09-28, 42.8843, 42.8843, 42.8843, 42.8843, 100
2016-09-29, 42.3900, 42.3900, 42.3900, 42.3900, 100
2016-09-30, 42.3900, 42.3900, 42.3900, 42.3900, 1
2016-10-03, 42.3900, 42.3900, 42.3900, 42.3900, 9
2016-10-04, 42.5424, 42.5424, 42.5424, 42.5424, 100
2016-10-05, 42.5424, 42.5424, 42.5424, 42.5424, 0
2016-10-06, 42.5424, 42.5424, 42.5424, 42.5424, 0
2016-10-07, 42.5800, 42.5800, 42.5800, 42.5800, 300
2016-10-10, 42.7700, 42.7845, 42.7700, 42.7800, 2037
2016-10-11, 42.2000, 42.2000, 42.2000, 42.2000, 100
2016-10-12, 42.1300, 42.1600, 42.1200, 42.1450, 961
2016-10-13, 41.9500, 41.9550, 41.9400, 41.9420, 2460
2016-10-14, 41.9420, 41.9420, 41.9420, 41.9420, 0
2016-10-17, 41.8000, 41.8200, 41.7400, 41.8100, 1367
2016-10-18, 41.8100, 41.8100, 41.8100, 41.8100, 0
2016-10-19, 41.8100, 41.8100, 41.8100, 41.8100, 0
2016-10-20, 41.8100, 41.8100, 41.8100, 41.8100, 40
2016-10-21, 42.2500, 42.2500, 42.2500, 42.2500, 100
2016-10-24, 42.4200, 42.4300, 42.3400, 42.3400, 636
2016-10-25, 42.3400, 42.3400, 42.3400, 42.3400, 0
2016-10-26, 42.3400, 42.3400, 42.3400, 42.3400, 251
2016-10-27, 42.3400, 42.3400, 42.3400, 42.3400, 2
2016-10-28, 42.5000, 42.5000, 41.9600, 41.9625, 1032
2016-10-31, 41.9625, 41.9625, 41.9625, 41.9625, 80
2016-11-01, 41.7400, 41.8500, 41.7400, 41.8500, 2275
2016-11-02, 41.6600, 41.7400, 41.5100, 41.5280, 1601
2016-11-03, 41.5000, 41.5157, 41.3950, 41.3950, 9060
2016-11-04, 41.1600, 41.3100, 41.1600, 41.3100, 4310
2016-11-07, 41.4000, 42.0864, 41.4000, 42.0864, 1370
2016-11-08, 42.0864, 42.0864, 42.0864, 42.0864, 0
2016-11-09, 42.2700, 43.0301, 42.2700, 43.0301, 9414
2016-11-10, 43.0000, 44.0000, 43.0000, 43.7700, 2750
2016-11-11, 43.6200, 43.6770, 43.6200, 43.6770, 575
2016-11-14, 43.9900, 44.1100, 43.9900, 44.1100, 2234
2016-11-15, 44.0601, 44.1600, 44.0601, 44.1458, 500
2016-11-16, 44.1458, 44.1458, 44.1458, 44.1458, 0
2016-11-17, 44.4999, 44.5000, 44.4999, 44.5000, 1051
2016-11-18, 44.4376, 44.4376, 44.4376, 44.4376, 247
2016-11-21, 44.5101, 44.6200, 44.5100, 44.6200, 6915
2016-11-22, 44.6369, 44.7874, 44.6369, 44.7874, 2038
2016-11-23, 44.7874, 44.7874, 44.7874, 44.7874, 30
2016-11-25, 44.7874, 44.7874, 44.7874, 44.7874, 41
2016-11-28, 44.8689, 44.8689, 44.8689, 44.8689, 308
2016-11-29, 44.8689, 44.8689, 44.8689, 44.8689, 0
2016-11-30, 44.7300, 44.8967, 44.5600, 44.5600, 5367
2016-12-01, 44.5759, 44.6975, 44.5759, 44.6975, 1397
2016-12-02, 44.6975, 44.6975, 44.6975, 44.6975, 50
2016-12-05, 44.7300, 44.7300, 44.6300, 44.6300, 1509
2016-12-06, 44.9113, 44.9475, 44.9113, 44.9368, 2057
2016-12-07, 45.6265, 45.6684, 45.6265, 45.6684, 1261
2016-12-08, 46.0000, 46.0000, 46.0000, 46.0000, 290
2016-12-09, 46.0000, 46.0000, 46.0000, 46.0000, 50
2016-12-12, 45.7435, 45.7435, 45.6750, 45.6750, 380
2016-12-13, 45.6750, 45.6750, 45.6750, 45.6750, 0
2016-12-14, 45.6950, 45.9519, 45.3300, 45.3300, 32505
2016-12-15, 45.7900, 45.7900, 45.6800, 45.6800, 300
2016-12-16, 45.6800, 45.6800, 45.6800, 45.6800, 89
2016-12-19, 45.6800, 45.6800, 45.6800, 45.6800, 0
2016-12-20, 45.6800, 45.6800, 45.6800, 45.6800, 109
2016-12-21, 45.6139, 45.6139, 45.6139, 45.6139, 492
2016-12-22, 45.6139, 45.6139, 45.6139, 45.6139, 0
2016-12-23, 45.6139, 45.6139, 45.6139, 45.6139, 0
2016-12-27, 45.1147, 45.2000, 45.1147, 45.1324, 1265
2016-12-28, 44.7700, 44.9000, 44.6337, 44.7050, 3025
2016-12-29, 44.7000, 44.7435, 44.6700, 44.7000, 3429
2016-12-30, 44.5500, 44.6000, 44.4200, 44.4200, 1006
2017-01-03, 44.8100, 44.9800, 44.8000, 44.9800, 655
2017-01-04, 45.2100, 45.5200, 45.2100, 45.4900, 1182
2017-01-05, 45.4900, 45.4900, 45.4900, 45.4900, 4
2017-01-06, 45.5550, 45.5550, 45.4565, 45.4565, 358
2017-01-09, 45.4565, 45.4565, 45.4565, 45.4565, 0
2017-01-10, 45.0900, 46.2250, 43.1300, 45.4500, 3788
2017-01-11, 45.3600, 45.3800, 45.2700, 45.2700, 1300
2017-01-12, 45.1100, 45.4150, 45.1100, 45.3500, 1115
2017-01-13, 45.4773, 45.4773, 45.3500, 45.3500, 1465
2017-01-17, 45.3500, 45.3500, 45.3500, 45.3500, 0
2017-01-18, 45.3500, 45.3500, 45.3500, 45.3500, 0
2017-01-19, 45.3500, 45.3500, 45.3500, 45.3500, 88
2017-01-20, 45.3500, 45.3500, 45.3500, 45.3500, 2
2017-01-23, 45.3500, 45.3500, 45.3500, 45.3500, 0
2017-01-24, 45.7200, 45.7200, 45.7200, 45.7200, 110
2017-01-25, 46.0200, 46.0200, 45.9200, 45.9200, 1555
2017-01-26, 46.1200, 46.1200, 46.1200, 46.1200, 480
2017-01-27, 45.8328, 46.0200, 45.7400, 46.0200, 2130
2017-01-30, 46.0200, 46.0200, 46.0200, 46.0200, 0
2017-01-31, 45.5200, 45.7285, 45.5200, 45.7285, 698
2017-02-01, 45.7285, 45.7285, 45.7285, 45.7285, 15
2017-02-02, 45.7285, 45.7285, 45.7285, 45.7285, 4
2017-02-03, 45.9819, 46.1090, 45.9819, 46.0300, 7550
2017-02-06, 45.8000, 45.9613, 45.8000, 45.8387, 640
2017-02-07, 45.8605, 45.8605, 45.8605, 45.8605, 303
2017-02-08, 45.8605, 45.8605, 45.8605, 45.8605, 0
2017-02-09, 46.3335, 46.3335, 46.3335, 46.3335, 252
2017-02-10, 46.3335, 46.3335, 46.3335, 46.3335, 89
2017-02-13, 46.3335, 46.3335, 46.3335, 46.3335, 0
2017-02-14, 46.3335, 46.3335, 46.3335, 46.3335, 0
2017-02-15, 47.1200, 47.3566, 47.1200, 47.2500, 76175
2017-02-16, 47.1100, 47.2400, 46.9400, 47.1450, 32435
2017-02-17, 47.1200, 47.2778, 47.0900, 47.2600, 5863
2017-02-21, 47.4950, 47.4950, 47.4950, 47.4950, 2165
2017-02-22, 47.5300, 47.6500, 47.5300, 47.5300, 879
2017-02-23, 47.5300, 47.5300, 47.5300, 47.5300, 0
2017-02-24, 47.3600, 47.3600, 47.3600, 47.3600, 107
2017-02-27, 47.6700, 47.8000, 47.6700, 47.8000, 1015
2017-02-28, 47.5200, 47.5200, 47.3607, 47.3607, 910
2017-03-01, 47.3607, 47.3607, 47.3607, 47.3607, 56
2017-03-02, 47.3607, 47.3607, 47.3607, 47.3607, 119
2017-03-03, 47.7739, 47.7739, 47.7739, 47.7739, 350
2017-03-06, 47.2501, 47.3358, 47.2501, 47.3358, 266
2017-03-07, 47.3358, 47.3358, 47.3358, 47.3358, 0
2017-03-08, 47.3900, 47.3900, 47.3900, 47.3900, 1945
2017-03-09, 47.3900, 47.3900, 47.3900, 47.3900, 37
2017-03-10, 47.3900, 47.3900, 47.3900, 47.3900, 2
2017-03-13, 47.4697, 47.4697, 47.4104, 47.4104, 230
2017-03-14, 47.4104, 47.4104, 47.4104, 47.4104, 90
2017-03-15, 47.4700, 47.5100, 47.4400, 47.5100, 1171
2017-03-16, 47.7196, 47.7196, 47.7196, 47.7196, 455
2017-03-17, 47.7196, 47.7196, 47.7196, 47.7196, 0
2017-03-20, 47.7196, 47.7196, 47.7196, 47.7196, 140
2017-03-21, 46.8035, 46.8035, 46.8035, 46.8035, 501
2017-03-22, 46.6650, 46.6650, 46.6650, 46.6650, 250
2017-03-23, 46.7500, 46.8700, 46.7500, 46.8700, 1020
2017-03-24, 46.7401, 46.9161, 46.7401, 46.9161, 755
2017-03-27, 46.5300, 46.5300, 46.5300, 46.5300, 150
2017-03-28, 47.3900, 47.3900, 47.3900, 47.3900, 2710
2017-03-29, 47.3516, 47.3516, 47.3516, 47.3516, 225
2017-03-30, 47.4366, 47.4366, 47.3900, 47.3900, 3148
2017-03-31, 47.3900, 47.3900, 47.3900, 47.3900, 33
2017-04-03, 47.0050, 47.0050, 47.0050, 47.0050, 405
2017-04-04, 47.0050, 47.0050, 47.0050, 47.0050, 0
2017-04-05, 47.0050, 47.0050, 47.0050, 47.0050, 80
2017-04-06, 47.2300, 47.3000, 47.2300, 47.3000, 501
2017-04-07, 47.3000, 47.3000, 47.3000, 47.3000, 40
2017-04-10, 47.3000, 47.3000, 47.2525, 47.2600, 1203
2017-04-11, 46.9050, 46.9659, 46.9050, 46.9659, 2125
2017-04-12, 46.8150, 46.8150, 46.8150, 46.8150, 1340
2017-04-13, 46.5600, 46.5600, 46.5600, 46.5600, 136
2017-04-17, 46.5600, 46.5600, 46.5600, 46.5600, 120
2017-04-18, 46.6500, 46.8000, 46.5300, 46.6407, 2306
2017-04-19, 46.8400, 46.9400, 46.8400, 46.9400, 445
2017-04-20, 47.0900, 47.0900, 47.0900, 47.0900, 185
2017-04-21, 46.9901, 47.1280, 46.9901, 47.1280, 1270
2017-04-24, 47.1280, 47.1280, 47.1280, 47.1280, 4
2017-04-25, 47.1280, 47.1280, 47.1280, 47.1280, 35
2017-04-26, 47.9101, 47.9101, 47.9101, 47.9101, 100
2017-04-27, 47.6700, 47.8200, 47.6700, 47.8200, 658
2017-04-28, 47.8200, 47.8200, 47.8200, 47.8200, 0
2017-05-01, 47.5801, 47.6400, 47.5800, 47.6400, 2252
2017-05-02, 47.6400, 47.6400, 47.6400, 47.6400, 0
2017-05-03, 47.4500, 47.7200, 47.4500, 47.6781, 2535
2017-05-04, 47.7732, 47.8000, 47.7600, 47.8000, 3253
2017-05-05, 47.8000, 47.8000, 47.8000, 47.8000, 85
2017-05-08, 47.8300, 47.8300, 47.8300, 47.8300, 208
2017-05-09, 48.0000, 48.0600, 47.9875, 47.9875, 4305
2017-05-10, 48.0700, 48.1000, 48.0500, 48.0948, 2195
2017-05-11, 47.7500, 47.8000, 47.7500, 47.8000, 438
2017-05-12, 47.4600, 47.4600, 47.4500, 47.4500, 1200
2017-05-15, 47.7000, 47.9100, 47.6600, 47.9100, 1167
2017-05-16, 47.9100, 47.9100, 47.9100, 47.9100, 40
2017-05-17, 46.9400, 47.0105, 46.9400, 47.0105, 440
2017-05-18, 46.8329, 47.1600, 46.8329, 47.1520, 2783
2017-05-19, 47.1520, 47.1520, 47.1520, 47.1520, 0
2017-05-22, 47.2961, 47.4499, 47.2961, 47.4499, 672
2017-05-23, 47.4499, 47.4499, 47.4499, 47.4499, 0
2017-05-24, 47.4499, 47.4499, 47.4499, 47.4499, 49
2017-05-25, 47.4499, 47.4499, 47.4499, 47.4499, 0
2017-05-26, 47.4499, 47.4499, 47.4499, 47.4499, 0
2017-05-30, 47.4499, 47.4499, 47.4499, 47.4499, 0
2017-05-31, 47.4499, 47.4499, 47.4499, 47.4499, 0
2017-06-01, 48.1000, 48.2000, 48.1000, 48.1900, 3185
2017-06-02, 48.1900, 48.1900, 48.1900, 48.1900, 0
2017-06-05, 48.1900, 48.1900, 48.1900, 48.1900, 0
2017-06-06, 48.1900, 48.1900, 48.1900, 48.1900, 0
2017-06-07, 48.0600, 48.0600, 48.0600, 48.0600, 890
2017-06-08, 48.0600, 48.0600, 48.0600, 48.0600, 4
2017-06-09, 48.0600, 48.0600, 48.0600, 48.0600, 26
2017-06-12, 48.0600, 48.0600, 48.0600, 48.0600, 0
2017-06-13, 48.0600, 48.0600, 48.0600, 48.0600, 45
2017-06-14, 48.5800, 48.5800, 48.5800, 48.5800, 400
2017-06-15, 48.2100, 48.2100, 48.2100, 48.2100, 563
2017-06-16, 48.0630, 48.0630, 48.0630, 48.0630, 1159
2017-06-19, 48.5800, 48.5800, 48.5800, 48.5800, 600
2017-06-20, 48.5800, 48.5800, 48.5800, 48.5800, 0
2017-06-21, 48.2600, 48.2600, 48.0500, 48.0500, 534
2017-06-22, 47.9800, 48.3900, 47.9800, 48.2349, 4531
2017-06-23, 48.4800, 48.4900, 48.4800, 48.4900, 4310
2017-06-26, 48.6878, 48.6878, 48.6878, 48.6878, 1275
2017-06-27, 48.6878, 48.6878, 48.6878, 48.6878, 96
2017-06-28, 48.6878, 48.6878, 48.6878, 48.6878, 0
2017-06-29, 48.6878, 48.6878, 48.6878, 48.6878, 0
2017-06-30, 48.6850, 48.6850, 48.6850, 48.6850, 100
2017-07-03, 48.6850, 48.6850, 48.6850, 48.6850, 76
2017-07-05, 48.6850, 48.6850, 48.6850, 48.6850, 20
2017-07-06, 48.3800, 48.4529, 48.3800, 48.4529, 1435
2017-07-07, 48.4800, 48.4950, 48.3600, 48.4950, 701
2017-07-10, 48.7085, 48.7099, 48.7085, 48.7092, 1000
2017-07-11, 48.4650, 48.5200, 48.4650, 48.5200, 760
2017-07-12, 48.5200, 48.5200, 48.5200, 48.5200, 0
2017-07-13, 48.5200, 48.5200, 48.5200, 48.5200, 0
2017-07-14, 48.5200, 48.5200, 48.5200, 48.5200, 1
2017-07-17, 49.3482, 49.3482, 49.3482, 49.3482, 150
2017-07-18, 49.3482, 49.3482, 49.3482, 49.3482, 39
2017-07-19, 49.3428, 49.4600, 49.2450, 49.4600, 6494
2017-07-20, 49.4600, 49.4600, 49.4600, 49.4600, 0
2017-07-21, 49.4600, 49.4600, 49.4600, 49.4600, 1
2017-07-24, 49.6400, 49.6400, 49.3600, 49.3600, 1120
2017-07-25, 49.3600, 49.3600, 49.3600, 49.3600, 46
2017-07-26, 49.3600, 49.3600, 49.3600, 49.3600, 0
2017-07-27, 49.3300, 49.3300, 49.3300, 49.3300, 163
2017-07-28, 49.3300, 49.3300, 49.3300, 49.3300, 0
2017-07-31, 49.3500, 49.4339, 49.2800, 49.4339, 2025
2017-08-01, 49.1610, 49.3400, 49.1610, 49.3143, 3902
2017-08-02, 49.0400, 49.2000, 49.0400, 49.2000, 5877
2017-08-03, 49.1500, 49.1500, 49.1500, 49.1500, 900
2017-08-04, 49.1450, 49.1450, 49.1450, 49.1450, 17
2017-08-07, 49.3749, 49.3749, 49.0800, 49.0800, 1906
2017-08-08, 49.0800, 49.0800, 49.0800, 49.0800, 0
2017-08-09, 49.0900, 49.1000, 48.7400, 49.0600, 6118
2017-08-10, 48.6100, 48.6100, 48.3399, 48.3400, 1385
2017-08-11, 48.4000, 48.4200, 48.1500, 48.3000, 3380
2017-08-14, 48.3000, 48.3000, 48.3000, 48.3000, 0
2017-08-15, 48.6400, 48.6400, 48.5000, 48.5000, 710
2017-08-16, 48.5000, 48.5000, 48.5000, 48.5000, 15
2017-08-17, 47.8601, 47.9887, 47.8601, 47.9887, 312
2017-08-18, 47.9700, 47.9700, 47.8250, 47.8250, 300
2017-08-21, 47.8300, 47.8400, 47.8300, 47.8400, 700
2017-08-22, 48.0281, 48.2242, 48.0281, 48.2000, 1046
2017-08-23, 48.2000, 48.2000, 48.2000, 48.2000, 15
2017-08-24, 48.0620, 48.1400, 47.9900, 48.1400, 805
2017-08-25, 48.4700, 48.4700, 48.2503, 48.2503, 702
2017-08-28, 48.4400, 48.4400, 48.0700, 48.0900, 1203
2017-08-29, 48.0900, 48.0900, 48.0900, 48.0900, 3
2017-08-30, 48.4447, 48.4447, 48.3400, 48.3400, 1498
2017-08-31, 48.5745, 48.6000, 48.5745, 48.6000, 238
2017-09-01, 48.9300, 49.0700, 48.8000, 48.8000, 4543
2017-09-05, 48.8000, 48.8000, 48.8000, 48.8000, 80
2017-09-06, 48.8000, 48.8000, 48.8000, 48.8000, 3
2017-09-07, 48.4581, 48.5000, 48.4581, 48.5000, 902
2017-09-08, 48.5000, 48.5000, 48.5000, 48.5000, 70
2017-09-11, 48.5000, 48.5000, 48.5000, 48.5000, 0
2017-09-12, 48.5000, 48.5000, 48.5000, 48.5000, 0
2017-09-13, 49.4800, 49.4800, 49.4800, 49.4800, 197
2017-09-14, 49.2101, 49.2101, 49.1601, 49.1601, 984
2017-09-15, 49.5300, 49.5300, 49.4889, 49.5300, 1256
2017-09-18, 49.5300, 49.5300, 49.5300, 49.5300, 70
2017-09-19, 49.5190, 49.6162, 49.5190, 49.6162, 435
2017-09-20, 49.6200, 49.6200, 49.2300, 49.2755, 2471
2017-09-21, 49.6600, 49.6600, 49.6190, 49.6300, 4475
2017-09-22, 49.6300, 49.6300, 49.6300, 49.6300, 20
2017-09-25, 49.8300, 49.8300, 49.5300, 49.5300, 3710
2017-09-26, 49.7500, 49.7500, 49.7500, 49.7500, 200
2017-09-27, 49.7700, 50.3299, 49.7700, 50.3299, 918
2017-09-28, 50.3299, 50.3299, 50.3299, 50.3299, 0
2017-09-29, 50.3640, 50.4591, 50.3640, 50.4591, 822
2017-10-02, 50.4591, 50.4591, 50.4591, 50.4591, 3
2017-10-03, 50.4591, 50.4591, 50.4591, 50.4591, 194
2017-10-04, 50.4591, 50.4591, 50.4591, 50.4591, 192
2017-10-05, 51.1193, 51.1600, 51.1193, 51.1600, 490
2017-10-06, 50.9850, 50.9850, 50.7600, 50.7600, 1443
2017-10-09, 50.7103, 50.7103, 50.7103, 50.7103, 226
2017-10-10, 50.7103, 50.7103, 50.7103, 50.7103, 110
2017-10-11, 50.7103, 50.7103, 50.7103, 50.7103, 0
2017-10-12, 50.8000, 50.8000, 50.7529, 50.7529, 895
2017-10-13, 50.7141, 50.7141, 50.7141, 50.7141, 254
2017-10-16, 50.7342, 50.7342, 50.7342, 50.7342, 276
2017-10-17, 50.5100, 50.6216, 50.5100, 50.5400, 845
2017-10-18, 50.5500, 51.0000, 50.5500, 50.9900, 1544
2017-10-19, 50.9900, 50.9900, 50.9900, 50.9900, 4
2017-10-20, 50.9900, 50.9900, 50.9900, 50.9900, 0
2017-10-23, 50.9900, 50.9900, 50.9900, 50.9900, 0
2017-10-24, 50.9900, 50.9900, 50.9900, 50.9900, 60
2017-10-25, 50.8500, 50.8500, 50.8500, 50.8500, 100
2017-10-26, 50.8500, 50.8500, 50.8500, 50.8500, 45
2017-10-27, 50.9957, 51.0300, 50.9957, 51.0300, 381
2017-10-30, 51.0300, 51.0300, 51.0300, 51.0300, 15
2017-10-31, 50.5400, 50.6720, 50.5400, 50.6720, 4615
2017-11-01, 51.0900, 51.1400, 50.6300, 50.6558, 841
2017-11-02, 50.7000, 50.7000, 50.7000, 50.7000, 353
2017-11-03, 50.3800, 50.6300, 50.3800, 50.6300, 330
2017-11-06, 50.6300, 50.6300, 50.6300, 50.6300, 202
2017-11-07, 50.5100, 50.5100, 50.5100, 50.5100, 100
2017-11-08, 50.5100, 50.5100, 50.5100, 50.5100, 0
2017-11-09, 50.5350, 50.5350, 50.5350, 50.5350, 170
2017-11-10, 50.4500, 50.5985, 50.4500, 50.5985, 807
2017-11-13, 50.5985, 50.5985, 50.5985, 50.5985, 0
2017-11-14, 50.5650, 50.5650, 50.5650, 50.5650, 247
2017-11-15, 50.4450, 50.4450, 50.3417, 50.3417, 850
2017-11-16, 50.9970, 50.9970, 50.9970, 50.9970, 780
2017-11-17, 50.9970, 50.9970, 50.9970, 50.9970, 20
2017-11-20, 50.9970, 50.9970, 50.9970, 50.9970, 0
2017-11-21, 51.3150, 51.3150, 51.3150, 51.3150, 1422
2017-11-22, 51.3150, 51.3150, 51.3150, 51.3150, 25
2017-11-24, 51.3150, 51.3150, 51.3150, 51.3150, 1
2017-11-27, 51.0500, 51.2200, 51.0500, 51.2200, 590
2017-11-28, 51.9299, 51.9300, 51.9299, 51.9300, 531
2017-11-29, 52.2120, 52.2500, 52.2120, 52.2500, 396
2017-11-30, 52.2500, 52.2500, 52.2500, 52.2500, 0
2017-12-01, 52.6200, 52.6200, 52.0250, 52.3900, 4757
2017-12-04, 53.1100, 53.1400, 53.0100, 53.0100, 305
2017-12-05, 52.7300, 52.7300, 52.6503, 52.7000, 685
2017-12-06, 52.2150, 52.2150, 52.2150, 52.2150, 107
2017-12-07, 52.2150, 52.2150, 52.2150, 52.2150, 82
2017-12-08, 52.8500, 52.8500, 52.8500, 52.8500, 700
2017-12-11, 52.8500, 52.8500, 52.8500, 52.8500, 0
2017-12-12, 52.8500, 52.8500, 52.8500, 52.8500, 1
2017-12-13, 53.0899, 53.0899, 52.9500, 52.9500, 2521
2017-12-14, 52.8000, 52.9500, 52.7900, 52.7950, 1957
2017-12-15, 53.2557, 53.2557, 53.2557, 53.2557, 355
2017-12-18, 53.7900, 53.7900, 53.5600, 53.5600, 1300
2017-12-19, 53.5500, 53.5500, 53.5500, 53.5500, 700
2017-12-20, 53.5500, 53.5500, 53.5500, 53.5500, 0
2017-12-21, 53.9400, 54.0000, 53.7529, 53.9800, 1251
2017-12-22, 53.9200, 53.9200, 53.9000, 53.9200, 1710
2017-12-26, 53.9200, 53.9200, 53.9200, 53.9200, 0
2017-12-27, 53.7353, 53.7353, 53.7353, 53.7353, 3
2017-12-28, 53.7300, 53.7300, 53.4101, 53.5400, 15543
2017-12-29, 53.6247, 53.6247, 53.4100, 53.4754, 5499
2018-01-02, 53.5700, 53.7950, 53.5700, 53.7950, 1743
2018-01-03, 54.0400, 54.0400, 54.0400, 54.0400, 888
2018-01-04, 54.1200, 54.6850, 54.1200, 54.6700, 14750
2018-01-05, 54.7800, 54.7800, 54.7165, 54.7165, 378
2018-01-08, 54.9300, 54.9300, 54.9300, 54.9300, 480
2018-01-09, 55.1300, 55.1300, 55.0440, 55.0440, 256
2018-01-10, 54.9000, 55.0800, 54.9000, 55.0700, 1082
2018-01-11, 55.2600, 55.3100, 55.2600, 55.3100, 2280
2018-01-12, 55.6100, 55.9523, 55.6100, 55.9523, 468
2018-01-16, 55.9000, 55.9000, 55.3830, 55.5900, 696
2018-01-17, 55.8100, 55.8176, 55.8100, 55.8176, 1018
2018-01-18, 56.2199, 56.2199, 56.2199, 56.2199, 353
2018-01-19, 56.2199, 56.2199, 56.2199, 56.2199, 104
2018-01-22, 56.4400, 56.4400, 56.4400, 56.4400, 476
2018-01-23, 56.6600, 56.7700, 56.6600, 56.7600, 402
2018-01-24, 57.1400, 57.1400, 56.8200, 56.8200, 335
2018-01-25, 56.5000, 56.5000, 56.5000, 56.5000, 382
2018-01-26, 56.4500, 56.4500, 56.4500, 56.4500, 163
2018-01-29, 57.1900, 57.1900, 56.7100, 56.7100, 1381
2018-01-30, 56.0450, 56.0450, 56.0450, 56.0450, 224
2018-01-31, 56.0400, 56.0400, 56.0400, 56.0400, 100
2018-02-01, 56.0400, 56.0400, 56.0400, 56.0400, 38
2018-02-02, 54.6100, 54.6100, 54.6100, 54.6100, 600
2018-02-05, 54.3800, 54.3800, 54.0000, 54.0000, 344
2018-02-06, 52.5150, 53.7100, 52.5150, 53.7100, 5910
2018-02-07, 53.6100, 53.7000, 53.4633, 53.6339, 3725
2018-02-08, 51.9700, 52.7600, 51.9700, 52.1491, 4375
2018-02-09, 51.8200, 51.8600, 51.8100, 51.8600, 3380
2018-02-12, 52.8899, 53.0200, 52.8899, 52.9700, 3966
2018-02-13, 52.4500, 52.7900, 52.4500, 52.5600, 5386
2018-02-14, 53.5700, 53.5700, 53.5700, 53.5700, 257
2018-02-15, 53.8200, 54.0100, 53.8200, 54.0100, 1384
2018-02-16, 54.2500, 54.2500, 54.1100, 54.1100, 259
2018-02-20, 53.4800, 54.0000, 53.4800, 53.5500, 2912
2018-02-21, 54.4800, 54.4800, 54.4449, 54.4800, 4001
2018-02-22, 53.6252, 53.8435, 53.6252, 53.8435, 1225
2018-02-23, 53.8400, 53.8400, 53.8400, 53.8400, 23
2018-02-26, 53.8435, 53.8435, 53.8435, 53.8435, 0
2018-02-27, 54.6300, 54.6300, 54.0900, 54.0900, 2327
2018-02-28, 53.9500, 54.1500, 53.9500, 54.0000, 464
2018-03-01, 53.3574, 53.3574, 52.9620, 52.9620, 749
2018-03-02, 52.6366, 52.9500, 52.6366, 52.9500, 240
2018-03-05, 53.2700, 53.8000, 53.2700, 53.7740, 2320
2018-03-06, 53.8450, 53.8450, 53.8450, 53.8450, 275
2018-03-07, 53.7340, 54.0000, 53.7340, 54.0000, 1400
2018-03-08, 54.0000, 54.0000, 54.0000, 54.0000, 0
2018-03-09, 55.0200, 55.1800, 54.9400, 54.9680, 13002
2018-03-12, 55.2900, 55.2900, 54.9101, 54.9300, 3324
2018-03-13, 54.9300, 54.9300, 54.9300, 54.9300, 6
2018-03-14, 54.5900, 54.5900, 54.5900, 54.5900, 200
2018-03-15, 54.5897, 54.5897, 54.5897, 54.5897, 0
2018-03-16, 54.6700, 54.9100, 54.6500, 54.7700, 1780
2018-03-19, 54.7700, 54.7700, 54.7700, 54.7700, 6
2018-03-20, 54.7700, 54.7700, 54.7700, 54.7700, 29
2018-03-21, 53.9550, 54.2118, 53.9550, 54.2118, 781
2018-03-22, 53.4000, 53.6182, 53.2317, 53.6182, 3088
2018-03-23, 53.6182, 53.6182, 53.6182, 53.6182, 68
2018-03-26, 52.2620, 52.4100, 52.2350, 52.4100, 2831
2018-03-27, 52.4100, 52.4100, 52.4100, 52.4100, 125
2018-03-28, 51.9697, 52.1000, 51.9697, 52.1000, 600
2018-03-29, 52.2600, 52.5400, 52.2600, 52.5163, 873
2018-04-02, 51.3200, 51.3200, 51.1050, 51.1050, 525
2018-04-03, 51.1050, 51.1050, 51.1050, 51.1050, 0
2018-04-04, 51.9888, 52.6984, 51.9888, 52.6984, 903
2018-04-05, 53.1000, 53.1000, 52.8400, 52.8400, 412
2018-04-06, 52.2300, 52.2300, 51.8042, 51.8500, 1790
2018-04-09, 51.8500, 51.8500, 51.8500, 51.8500, 0
2018-04-10, 51.8500, 51.8500, 51.8500, 51.8500, 0
2018-04-11, 51.8500, 51.8500, 51.8500, 51.8500, 0
2018-04-12, 52.7800, 52.8999, 52.7600, 52.8999, 799
2018-04-13, 52.8900, 52.8900, 52.8900, 52.8900, 485
2018-04-16, 52.8900, 52.8900, 52.8900, 52.8900, 0
2018-04-17, 53.4600, 53.6000, 53.4600, 53.5700, 337
2018-04-18, 53.5700, 53.5700, 53.5700, 53.5700, 0
2018-04-19, 53.5700, 53.5700, 53.5700, 53.5700, 0
2018-04-20, 53.5700, 53.5700, 53.5700, 53.5700, 1
2018-04-23, 53.1300, 53.1300, 53.0151, 53.0151, 3486
2018-04-24, 53.0200, 53.0200, 53.0200, 53.0200, 0
2018-04-25, 53.0151, 53.0151, 53.0151, 53.0151, 0
2018-04-26, 52.7350, 52.7350, 52.7350, 52.7350, 300
2018-04-27, 53.1700, 53.1700, 53.1700, 53.1700, 237
2018-04-30, 53.4000, 53.4000, 52.8100, 52.9100, 1567
2018-05-01, 52.9100, 52.9100, 52.9100, 52.9100, 4
2018-05-02, 52.4100, 52.4100, 52.4100, 52.4100, 300
2018-05-03, 52.4100, 52.4100, 52.4100, 52.4100, 0
2018-05-04, 52.5884, 52.5884, 52.4150, 52.4150, 534
2018-05-07, 52.4150, 52.4150, 52.4150, 52.4150, 0
2018-05-08, 52.5150, 52.6600, 52.5150, 52.6600, 4960
2018-05-09, 53.0500, 53.0500, 53.0500, 53.0500, 875
2018-05-10, 53.5398, 53.5398, 53.4700, 53.5112, 2220
2018-05-11, 53.5500, 53.5500, 53.5500, 53.5500, 375
2018-05-14, 53.7700, 53.8300, 53.7700, 53.8150, 2635
2018-05-15, 53.8150, 53.8150, 53.8150, 53.8150, 0
2018-05-16, 53.9910, 53.9910, 53.9910, 53.9910, 195
2018-05-17, 54.0600, 54.0600, 54.0600, 54.0600, 1400
2018-05-18, 54.0600, 54.0600, 54.0600, 54.0600, 0
2018-05-21, 54.1900, 54.2100, 54.1900, 54.2100, 935
2018-05-22, 54.2100, 54.2100, 54.2100, 54.2100, 0
2018-05-23, 54.2100, 54.2100, 54.2100, 54.2100, 56
2018-05-24, 54.2100, 54.2100, 54.2100, 54.2100, 0
2018-05-25, 53.8000, 53.8500, 53.8000, 53.8500, 800
2018-05-29, 53.0400, 53.0400, 53.0300, 53.0300, 3300
2018-05-30, 53.8900, 53.8900, 53.8900, 53.8900, 997
2018-05-31, 53.4200, 53.4200, 53.4200, 53.4200, 1700
2018-06-01, 53.4200, 53.4200, 53.4200, 53.4200, 39
2018-06-04, 53.4200, 53.4200, 53.4200, 53.4200, 0
2018-06-05, 53.4200, 53.4200, 53.4200, 53.4200, 70
2018-06-06, 53.4200, 53.4200, 53.4200, 53.4200, 64
2018-06-07, 54.3500, 54.3994, 54.3500, 54.3994, 1380
2018-06-08, 54.3994, 54.3994, 54.3994, 54.3994, 0
2018-06-11, 54.3994, 54.3994, 54.3994, 54.3994, 70
2018-06-12, 54.9600, 54.9600, 54.9600, 54.9600, 200
2018-06-13, 54.9625, 54.9625, 54.9625, 54.9625, 0
2018-06-14, 54.8600, 54.8700, 54.8404, 54.8552, 940
2018-06-15, 54.8552, 54.8552, 54.8552, 54.8552, 0
2018-06-18, 54.5600, 54.5632, 54.5300, 54.5300, 2122
2018-06-19, 54.5300, 54.5300, 54.5300, 54.5300, 35
2018-06-20, 54.5200, 54.5200, 54.5200, 54.5200, 208
2018-06-21, 54.2788, 54.2788, 54.1600, 54.1600, 477
2018-06-22, 54.2700, 54.2700, 54.2500, 54.2500, 955
2018-06-25, 54.2500, 54.2500, 54.2500, 54.2500, 20
2018-06-26, 54.2500, 54.2500, 54.2500, 54.2500, 0
2018-06-27, 54.2500, 54.2500, 54.2500, 54.2500, 0
2018-06-28, 53.0100, 53.0100, 53.0100, 53.0100, 1210
2018-06-29, 53.6900, 53.6900, 53.6900, 53.6900, 602
2018-07-02, 53.6900, 53.6900, 53.6900, 53.6900, 0
2018-07-03, 53.6900, 53.6900, 53.6900, 53.6900, 0
2018-07-05, 53.2800, 53.4400, 53.2800, 53.4400, 309
2018-07-06, 53.4400, 53.4400, 53.4400, 53.4400, 0
2018-07-09, 54.3300, 54.3300, 54.3300, 54.3300, 800
2018-07-10, 54.3300, 54.3300, 54.3300, 54.3300, 0
2018-07-11, 54.1800, 54.1800, 54.1800, 54.1800, 4400
2018-07-12, 54.1800, 54.1800, 54.1800, 54.1800, 44
2018-07-13, 54.1800, 54.1800, 54.1800, 54.1800, 0
2018-07-16, 54.3150, 54.3150, 54.2400, 54.2700, 1841
2018-07-17, 54.2700, 54.2700, 54.2700, 54.2700, 0
2018-07-18, 54.2700, 54.2700, 54.2700, 54.2700, 3000
2018-07-19, 54.7300, 54.7300, 54.7300, 54.7300, 400
2018-07-20, 54.7250, 54.7250, 54.7250, 54.7250, 0
2018-07-23, 54.7250, 54.7250, 54.7250, 54.7250, 0
2018-07-24, 54.7250, 54.7250, 54.7250, 54.7250, 0
2018-07-25, 54.7250, 54.7250, 54.7250, 54.7250, 0
2018-07-26, 55.1500, 55.1590, 55.0000, 55.0050, 4497
2018-07-27, 55.0050, 55.0050, 55.0050, 55.0050, 0
2018-07-30, 54.7500, 54.7500, 54.7500, 54.7500, 1900
2018-07-31, 54.7500, 54.7500, 54.7500, 54.7500, 1
2018-08-01, 54.7800, 54.7800, 54.7400, 54.7400, 314
2018-08-02, 54.7000, 54.7100, 54.6472, 54.7100, 4980
2018-08-03, 54.8254, 54.8254, 54.8254, 54.8254, 666
2018-08-06, 54.8254, 54.8254, 54.8254, 54.8254, 3
2018-08-07, 54.8254, 54.8254, 54.8254, 54.8254, 0
2018-08-08, 55.7400, 55.7400, 55.1816, 55.2300, 3955
2018-08-09, 55.0101, 55.1100, 55.0101, 55.1100, 2618
2018-08-10, 54.5599, 54.5599, 54.5599, 54.5599, 340
2018-08-13, 54.3000, 54.3000, 54.3000, 54.3000, 200
2018-08-14, 54.2950, 54.2950, 54.2950, 54.2950, 0
2018-08-15, 54.1600, 54.1600, 54.1600, 54.1600, 181
2018-08-16, 54.8300, 54.8300, 54.7500, 54.7595, 659
2018-08-17, 54.7595, 54.7595, 54.7595, 54.7595, 0
2018-08-20, 54.7595, 54.7595, 54.7595, 54.7595, 0
2018-08-21, 54.5900, 55.5311, 54.5900, 55.5311, 2974
2018-08-22, 55.4574, 55.4574, 55.3628, 55.4134, 2721
2018-08-23, 55.4134, 55.4134, 55.4134, 55.4134, 0
2018-08-24, 55.4199, 55.4200, 55.4199, 55.4200, 305
2018-08-27, 55.4200, 55.4200, 55.4200, 55.4200, 0
2018-08-28, 56.1100, 56.1100, 55.7729, 55.7729, 573
2018-08-29, 55.7729, 55.7729, 55.7729, 55.7729, 0
2018-08-30, 55.4200, 55.4976, 55.4200, 55.4976, 1026
2018-08-31, 55.4039, 55.4039, 55.4039, 55.4039, 270
2018-09-04, 55.4039, 55.4039, 55.4039, 55.4039, 68
2018-09-05, 55.5299, 55.5299, 55.4100, 55.5000, 1477
2018-09-06, 55.5000, 55.5000, 55.5000, 55.5000, 1
2018-09-07, 55.0200, 55.0200, 54.8600, 54.8600, 3700
2018-09-10, 54.8600, 54.8600, 54.8600, 54.8600, 0
2018-09-11, 55.0200, 55.2300, 55.0200, 55.2300, 411
2018-09-12, 55.2300, 55.2300, 55.2300, 55.2300, 55
2018-09-13, 55.3900, 55.4800, 55.3900, 55.4800, 2499
2018-09-14, 55.4800, 55.4800, 55.4800, 55.4800, 20
2018-09-17, 55.4800, 55.4800, 55.4800, 55.4800, 0
2018-09-18, 55.4800, 55.4800, 55.4800, 55.4800, 0
2018-09-19, 56.0800, 56.0800, 55.9200, 55.9200, 600
2018-09-20, 55.9200, 55.9200, 55.9200, 55.9200, 22
2018-09-21, 55.9202, 55.9202, 55.9202, 55.9202, 0
2018-09-24, 55.9842, 55.9842, 55.9100, 55.9261, 1484
2018-09-25, 55.8937, 55.8937, 55.8356, 55.8356, 309
2018-09-26, 55.7748, 55.7748, 55.7748, 55.7748, 352
2018-09-27, 55.6900, 55.6900, 55.5463, 55.5463, 580
2018-09-28, 55.5463, 55.5463, 55.5463, 55.5463, 0
2018-10-01, 55.5463, 55.5463, 55.5463, 55.5463, 0
2018-10-02, 55.5463, 55.5463, 55.5463, 55.5463, 0
2018-10-03, 55.5300, 55.5300, 55.5200, 55.5200, 225
2018-10-04, 55.2900, 55.2900, 55.1800, 55.1800, 1500
2018-10-05, 54.8300, 54.8300, 54.8300, 54.8300, 300
2018-10-08, 54.7500, 54.7500, 54.7500, 54.7500, 1015
2018-10-09, 54.9000, 54.9000, 54.5901, 54.6100, 403
2018-10-10, 53.8637, 53.8637, 53.7322, 53.7322, 660
2018-10-11, 53.7300, 53.7300, 53.7300, 53.7300, 128
2018-10-12, 53.7322, 53.7322, 53.7322, 53.7322, 20
2018-10-15, 52.4700, 52.4799, 52.4700, 52.4799, 2650
2018-10-16, 52.4800, 52.4800, 52.4800, 52.4800, 0
2018-10-17, 52.4799, 52.4799, 52.4799, 52.4799, 0
2018-10-18, 52.4799, 52.4799, 52.4799, 52.4799, 90
2018-10-19, 53.1200, 53.1200, 52.1900, 52.1900, 395
2018-10-22, 51.7100, 51.7100, 51.7100, 51.7100, 305
2018-10-23, 49.6300, 51.3190, 49.6300, 51.0200, 2043
2018-10-24, 49.9000, 50.0000, 49.9000, 50.0000, 3213
2018-10-25, 49.8200, 50.3900, 49.8200, 50.3900, 420
2018-10-26, 49.5500, 50.0800, 49.5500, 49.6375, 1840
2018-10-29, 50.4800, 50.4800, 49.0600, 49.0600, 1657
2018-10-30, 49.8200, 50.1690, 49.8199, 50.1690, 2122
2018-10-31, 51.1256, 51.1256, 51.1256, 51.1256, 565
2018-11-01, 51.4913, 51.6401, 51.4913, 51.6401, 584
2018-11-02, 51.7700, 51.7700, 51.3216, 51.3216, 365
2018-11-05, 51.8300, 51.8300, 51.8300, 51.8300, 156
2018-11-06, 52.0700, 52.2900, 52.0700, 52.2900, 450
2018-11-07, 52.8800, 53.0800, 52.8800, 53.0700, 2455
2018-11-08, 53.2100, 53.2100, 52.8500, 52.8890, 2659
2018-11-09, 52.3500, 52.3500, 52.3500, 52.3500, 100
