2013-06-26, 24.9500, 25.0000, 24.9000, 25.0000, 254710
2013-06-27, 24.9700, 25.0900, 24.9700, 25.0900, 14840
2013-06-28, 25.1100, 25.1300, 24.9500, 25.0100, 23902
2013-07-01, 25.0500, 25.0500, 25.0000, 25.0100, 10000
2013-07-02, 25.0500, 25.0860, 25.0000, 25.0359, 5284
2013-07-03, 25.0000, 25.0000, 25.0000, 25.0000, 1000
2013-07-05, 25.0100, 25.0400, 25.0000, 25.0000, 3430
2013-07-08, 25.0000, 25.0200, 25.0000, 25.0000, 6581
2013-07-09, 25.0000, 25.0100, 25.0000, 25.0064, 7351
2013-07-10, 25.0099, 25.0800, 25.0099, 25.0499, 7700
2013-07-11, 25.0400, 25.2000, 25.0050, 25.0700, 13774
2013-07-12, 25.0600, 25.1200, 25.0000, 25.0600, 11950
2013-07-15, 25.0600, 25.2700, 25.0000, 25.0400, 21650
2013-07-16, 25.0300, 25.0700, 25.0100, 25.0500, 13649
2013-07-17, 25.0200, 25.0500, 25.0000, 25.0000, 22650
2013-07-18, 25.0180, 25.0180, 24.9500, 25.0000, 41866
2013-07-19, 25.0000, 25.0000, 24.8500, 25.0000, 38900
2013-07-22, 24.9999, 25.0000, 24.9000, 25.0000, 24300
2013-07-23, 25.0000, 25.4000, 24.9754, 25.4000, 35420
2013-07-24, 25.2800, 25.2800, 24.9500, 25.0101, 17820
2013-07-25, 25.0100, 25.0300, 24.9000, 25.0000, 28206
2013-07-26, 24.9500, 25.0500, 24.9500, 25.0000, 5409
2013-07-29, 24.9500, 25.0381, 24.9500, 25.0369, 7200
2013-07-30, 25.0000, 25.0000, 24.9500, 25.0000, 14824
2013-07-31, 24.9970, 25.0000, 24.9700, 25.0000, 13200
2013-08-01, 25.1000, 26.1800, 24.9500, 25.0000, 8800
2013-08-02, 25.0300, 25.0300, 25.0200, 25.0200, 510
2013-08-05, 24.9500, 25.0500, 24.9000, 25.0400, 37400
2013-08-06, 24.9500, 25.1000, 24.9500, 25.0001, 13980
2013-08-07, 24.8000, 24.8000, 24.2500, 24.5000, 171053
2013-08-08, 24.5000, 24.5100, 24.3500, 24.5000, 38301
2013-08-09, 24.5000, 24.9400, 24.4000, 24.9300, 63278
2013-08-12, 24.7000, 24.7000, 24.1500, 24.3100, 15980
2013-08-13, 24.0100, 24.0100, 23.6100, 23.8700, 45724
2013-08-14, 23.9300, 24.4500, 23.8700, 24.0700, 35915
2013-08-15, 24.2000, 24.2000, 23.7800, 23.8900, 12927
2013-08-16, 23.9500, 24.0500, 23.8600, 23.9500, 17058
2013-08-19, 23.9000, 24.0500, 23.8136, 24.0500, 15515
2013-08-20, 24.1000, 24.8000, 24.0600, 24.4600, 30018
2013-08-21, 24.5000, 24.6500, 24.4500, 24.6500, 16105
2013-08-22, 24.5800, 24.5800, 24.3500, 24.5000, 35944
2013-08-23, 24.3000, 24.5000, 24.3000, 24.5000, 8595
2013-08-26, 24.4500, 24.5100, 24.0100, 24.0200, 20991
2013-08-27, 23.9500, 24.0520, 23.9100, 24.0100, 11330
2013-08-28, 24.2600, 24.2600, 23.6110, 23.6620, 22717
2013-08-29, 23.6770, 24.3400, 23.5600, 24.3100, 11250
2013-08-30, 24.1400, 24.1400, 24.0300, 24.1200, 16495
2013-09-03, 24.0500, 24.0500, 23.6100, 23.6100, 12754
2013-09-04, 23.7015, 23.8090, 23.2100, 23.5000, 19450
2013-09-05, 23.5000, 23.5000, 23.3500, 23.4700, 6765
2013-09-06, 23.5290, 23.5400, 23.4500, 23.5000, 5972
2013-09-09, 23.5100, 23.5100, 23.1500, 23.3100, 18020
2013-09-10, 23.3210, 23.6000, 23.3210, 23.6000, 11255
2013-09-11, 23.5000, 24.0100, 23.4280, 24.0100, 20780
2013-09-12, 24.1000, 24.1000, 23.6510, 23.7140, 7406
2013-09-13, 23.7900, 23.7900, 23.4600, 23.5000, 9235
2013-09-16, 23.4600, 23.5400, 23.3500, 23.5400, 25036
2013-09-17, 23.3700, 23.5500, 23.3700, 23.5500, 10525
2013-09-18, 23.4780, 23.7000, 23.4740, 23.6390, 5654
2013-09-19, 23.6000, 23.8500, 23.6000, 23.7100, 10834
2013-09-20, 23.7000, 23.7400, 23.6601, 23.7400, 3688
2013-09-23, 23.6401, 24.0500, 23.6401, 23.9993, 11288
2013-09-24, 24.0500, 24.0999, 24.0000, 24.0000, 16390
2013-09-25, 24.0699, 24.1300, 23.8405, 23.8405, 13742
2013-09-26, 23.7760, 23.8640, 23.7000, 23.8090, 16500
2013-09-27, 24.0300, 24.0300, 23.4600, 23.5500, 13906
2013-09-30, 23.8000, 23.8200, 23.3600, 23.4900, 12964
2013-10-01, 23.5000, 23.6400, 23.5000, 23.6400, 6162
2013-10-02, 23.7400, 23.7400, 23.5500, 23.5500, 1945
2013-10-03, 23.6000, 23.6500, 23.5730, 23.5800, 4950
2013-10-04, 23.8000, 23.8000, 23.4500, 23.4500, 8438
2013-10-07, 23.5500, 23.6800, 23.0800, 23.5000, 39315
2013-10-08, 23.5000, 23.5599, 23.0800, 23.2468, 18919
2013-10-09, 23.2700, 23.2970, 23.2110, 23.2640, 17480
2013-10-10, 23.0400, 23.3479, 23.0400, 23.2900, 18054
2013-10-11, 23.1510, 23.3899, 22.9512, 23.0400, 16504
2013-10-14, 23.0400, 23.1180, 22.6800, 22.7738, 10200
2013-10-15, 22.6700, 22.7510, 22.6600, 22.7399, 7550
2013-10-16, 22.6500, 22.7500, 22.2500, 22.7500, 31712
2013-10-17, 22.5700, 23.2000, 22.5700, 22.8500, 14254
2013-10-18, 22.7700, 22.8500, 22.7000, 22.7000, 14116
2013-10-21, 22.8500, 23.1000, 22.7891, 23.0400, 23320
2013-10-22, 23.0300, 23.0300, 22.7100, 22.8100, 37509
2013-10-23, 22.7600, 22.9390, 22.7600, 22.8400, 24926
2013-10-24, 22.8400, 23.5500, 22.8400, 23.5400, 24778
2013-10-25, 23.5100, 23.5400, 23.1300, 23.2890, 24470
2013-10-28, 23.1400, 23.2158, 22.9100, 23.0900, 27008
2013-10-29, 23.0820, 23.7699, 23.0820, 23.5600, 29476
2013-10-30, 23.6900, 23.6900, 22.8000, 23.2000, 22003
2013-10-31, 23.2000, 23.2000, 22.9100, 23.0500, 49403
2013-11-01, 23.1399, 23.3900, 23.0010, 23.0100, 23368
2013-11-04, 23.1701, 23.7600, 23.1701, 23.5900, 3850
2013-11-05, 23.3700, 23.4900, 23.1100, 23.3900, 11997
2013-11-06, 23.2400, 23.4400, 23.0200, 23.2800, 15146
2013-11-07, 23.2801, 23.5400, 23.2801, 23.5400, 13475
2013-11-08, 23.3056, 23.5700, 22.2400, 22.3300, 93038
2013-11-11, 22.3800, 22.5500, 22.3000, 22.4500, 28387
2013-11-12, 22.4500, 22.5000, 22.1200, 22.5000, 48971
2013-11-13, 22.6400, 22.6400, 22.5100, 22.5900, 18472
2013-11-14, 22.5000, 22.8000, 22.4500, 22.7700, 15761
2013-11-15, 22.8500, 22.8800, 22.3500, 22.4400, 17668
2013-11-18, 22.4800, 22.6000, 22.1700, 22.2900, 21287
2013-11-19, 22.0000, 22.3400, 21.9200, 21.9200, 52647
2013-11-20, 22.0000, 22.2399, 21.9500, 21.9500, 56426
2013-11-21, 22.0900, 22.3400, 21.9000, 22.3400, 35610
2013-11-22, 22.4500, 22.4500, 21.8500, 22.0900, 45790
2013-11-25, 22.0500, 22.1800, 22.0500, 22.0600, 47029
2013-11-26, 22.0600, 22.3600, 22.0600, 22.2000, 27773
2013-11-27, 22.3000, 22.4499, 22.2400, 22.3500, 24470
2013-11-29, 22.5100, 22.7000, 22.2500, 22.3500, 19576
2013-12-02, 22.2600, 22.5900, 22.1100, 22.3600, 16321
2013-12-03, 22.4000, 22.4800, 22.1200, 22.1300, 34789
2013-12-04, 22.2900, 22.4700, 22.0110, 22.0600, 37968
2013-12-05, 22.0600, 22.4800, 22.0300, 22.2700, 39221
2013-12-06, 22.3100, 22.6900, 22.2100, 22.4000, 29959
2013-12-09, 22.1700, 22.3260, 22.1700, 22.2500, 50809
2013-12-10, 22.6700, 22.7000, 22.2300, 22.4300, 20731
2013-12-11, 22.1500, 22.7000, 22.1500, 22.3100, 44281
2013-12-12, 22.1100, 22.7400, 22.1100, 22.2400, 66376
2013-12-13, 22.2700, 22.9300, 22.0200, 22.8700, 77132
2013-12-16, 22.6900, 22.7500, 22.4900, 22.5400, 45827
2013-12-17, 22.7500, 22.7900, 22.3600, 22.4000, 38758
2013-12-18, 22.3400, 23.0400, 22.3400, 22.4700, 29948
2013-12-19, 22.5000, 22.9900, 22.5000, 22.6600, 33071
2013-12-20, 22.5400, 22.6500, 22.2500, 22.4900, 140428
2013-12-23, 22.5000, 22.7900, 22.4000, 22.6200, 48801
2013-12-24, 22.5300, 22.8500, 22.5300, 22.8100, 7712
2013-12-26, 22.6000, 22.9400, 22.6000, 22.7300, 86661
2013-12-27, 22.6600, 22.7900, 22.5600, 22.7300, 47913
2013-12-30, 22.5900, 22.9000, 22.3200, 22.5000, 79685
2013-12-31, 22.7000, 22.7000, 22.3310, 22.4900, 196856
2014-01-02, 22.5800, 22.6400, 22.5100, 22.6220, 11715
2014-01-03, 22.6100, 22.7390, 22.5800, 22.5800, 26731
2014-01-06, 22.7008, 22.7008, 22.5100, 22.6500, 51099
2014-01-07, 22.6800, 22.7400, 22.5100, 22.6801, 21234
2014-01-08, 22.8400, 22.9160, 22.7300, 22.9000, 20155
2014-01-09, 23.0000, 23.1200, 22.9600, 23.0800, 17195
2014-01-10, 23.2000, 23.2300, 23.0000, 23.0500, 28598
2014-01-13, 22.8600, 22.9899, 22.7800, 22.8400, 28026
2014-01-14, 22.8400, 23.0893, 22.7500, 23.0893, 21459
2014-01-15, 23.0800, 23.1300, 23.0100, 23.1160, 6726
2014-01-16, 23.1600, 23.2100, 22.9700, 22.9700, 55481
2014-01-17, 22.9700, 23.0180, 22.8500, 23.0100, 20174
2014-01-21, 22.9000, 23.1200, 22.8700, 23.0700, 26612
2014-01-22, 23.1400, 23.2000, 22.9600, 23.1000, 34949
2014-01-23, 23.1000, 23.2300, 23.0500, 23.2100, 31561
2014-01-24, 23.1500, 23.2300, 23.0800, 23.1200, 35463
2014-01-27, 23.1900, 23.3000, 23.1000, 23.1800, 26373
2014-01-28, 23.1600, 23.2500, 23.0800, 23.1800, 24274
2014-01-29, 23.1700, 23.1800, 23.0800, 23.1600, 25741
2014-01-30, 23.1600, 23.1600, 22.9820, 23.0700, 18232
2014-01-31, 23.1600, 23.1600, 22.9000, 22.9490, 21372
2014-02-03, 23.0600, 23.1400, 22.6900, 22.8000, 15548
2014-02-04, 22.8800, 22.9600, 22.6500, 22.9300, 21048
2014-02-05, 23.0300, 23.1500, 22.1900, 22.7100, 40187
2014-02-06, 22.8100, 22.9300, 22.6600, 22.8800, 10772
2014-02-07, 23.0600, 23.0600, 22.8200, 22.9299, 6395
2014-02-10, 23.0100, 23.0800, 22.9000, 23.0800, 8449
2014-02-11, 22.9600, 23.2300, 22.9600, 23.1600, 12200
2014-02-12, 23.1200, 23.1200, 22.8800, 23.0300, 21061
2014-02-13, 23.1300, 23.1300, 22.9200, 22.9500, 21780
2014-02-14, 23.0000, 23.0000, 22.8500, 22.8500, 21084
2014-02-18, 22.9700, 22.9900, 22.8201, 22.9100, 22446
2014-02-19, 22.9900, 23.1000, 22.9100, 22.9700, 12362
2014-02-20, 23.0800, 23.0899, 22.8300, 22.8300, 23545
2014-02-21, 23.0000, 23.1000, 22.9901, 22.9901, 11626
2014-02-24, 23.1900, 23.2200, 23.0300, 23.2000, 18114
2014-02-25, 23.2000, 23.2000, 22.9700, 23.1600, 20711
2014-02-26, 23.2000, 23.2000, 22.9900, 23.1800, 24799
2014-02-27, 23.2000, 23.2500, 23.1200, 23.2000, 29297
2014-02-28, 23.1500, 23.4000, 23.1500, 23.3900, 29108
2014-03-03, 23.3800, 23.3900, 23.1000, 23.3800, 42896
2014-03-04, 23.4400, 23.4900, 23.3300, 23.4900, 13733
2014-03-05, 23.5000, 23.5800, 23.2600, 23.5700, 15976
2014-03-06, 23.8100, 23.8400, 23.5600, 23.7600, 74957
2014-03-07, 23.7600, 23.7600, 23.6000, 23.7000, 60012
2014-03-10, 23.7300, 23.7300, 23.5700, 23.6100, 14837
2014-03-11, 23.7500, 23.7500, 23.5501, 23.5700, 11923
2014-03-12, 23.6000, 23.6000, 23.3700, 23.5300, 22695
2014-03-13, 23.6500, 23.7200, 23.4100, 23.5300, 57437
2014-03-14, 23.6500, 23.6500, 23.4300, 23.4500, 21333
2014-03-17, 23.7100, 23.7400, 23.4200, 23.4700, 29358
2014-03-18, 23.5900, 23.6800, 23.4600, 23.5800, 14492
2014-03-19, 23.6000, 23.7200, 23.4700, 23.7200, 53647
2014-03-20, 23.7200, 23.7200, 23.5500, 23.6001, 20196
2014-03-21, 23.7000, 23.7300, 23.6400, 23.6700, 13657
2014-03-24, 23.7000, 23.7100, 23.6200, 23.7000, 25714
2014-03-25, 23.6200, 23.9202, 23.6200, 23.7500, 43916
2014-03-26, 23.8700, 24.2100, 23.8200, 23.9000, 56503
2014-03-27, 23.8000, 24.4200, 23.8000, 23.9700, 46989
2014-03-28, 24.3000, 24.8000, 24.1000, 24.1800, 28166
2014-03-31, 24.3000, 24.3000, 23.7000, 23.8800, 110554
2014-04-01, 23.8800, 23.8800, 23.4500, 23.6100, 39705
2014-04-02, 23.6500, 23.6500, 23.3500, 23.4800, 23281
2014-04-03, 23.4000, 23.5400, 23.4000, 23.4900, 13816
2014-04-04, 23.5000, 23.6300, 23.4500, 23.6200, 49282
2014-04-07, 23.9000, 23.9000, 23.6110, 23.8292, 29495
2014-04-08, 23.8500, 24.0500, 23.8500, 24.0300, 10688
2014-04-09, 24.0700, 24.1700, 23.9500, 24.1400, 29343
2014-04-10, 24.2000, 24.4000, 24.1300, 24.3600, 12553
2014-04-11, 24.2400, 24.2400, 24.1000, 24.2100, 18966
2014-04-14, 24.2300, 24.3200, 24.0000, 24.0300, 41271
2014-04-15, 24.0400, 24.0900, 23.9100, 23.9100, 6997
2014-04-16, 24.1000, 24.1000, 23.8200, 23.8200, 16938
2014-04-17, 23.8500, 24.0400, 23.8400, 23.9400, 14948
2014-04-21, 23.8500, 24.0700, 23.8500, 23.8800, 29817
2014-04-22, 24.2500, 24.2500, 23.6900, 23.9000, 26157
2014-04-23, 24.1800, 24.1800, 23.9820, 24.0400, 28805
2014-04-24, 24.0700, 24.0700, 23.6900, 24.0300, 18793
2014-04-25, 23.8600, 24.2100, 23.8600, 24.0200, 61940
2014-04-28, 24.1800, 24.3700, 23.9000, 23.9600, 61922
2014-04-29, 24.0500, 24.1200, 23.7900, 23.8800, 66451
2014-04-30, 24.2900, 24.2900, 23.7200, 23.8700, 34272
2014-05-01, 23.9500, 23.9600, 23.8580, 23.9400, 19312
2014-05-02, 24.1000, 24.1400, 24.0300, 24.0600, 11897
2014-05-05, 24.0800, 24.0900, 23.9000, 23.9389, 13338
2014-05-06, 23.9500, 24.1300, 23.8900, 23.9400, 20468
2014-05-07, 23.9100, 23.9500, 23.7800, 23.9246, 33234
2014-05-08, 23.9300, 24.0700, 23.8600, 24.0110, 16262
2014-05-09, 24.1300, 24.2000, 23.9300, 24.2000, 9620
2014-05-12, 24.2000, 24.3300, 24.1600, 24.3292, 26903
2014-05-13, 24.2400, 24.2600, 24.1200, 24.2300, 25074
2014-05-14, 24.2000, 24.2900, 24.0500, 24.2600, 33227
2014-05-15, 24.2800, 24.8183, 24.2600, 24.2600, 24653
2014-05-16, 24.5500, 24.5500, 24.1900, 24.2300, 16938
2014-05-19, 24.2300, 24.8400, 24.2300, 24.3800, 89322
2014-05-20, 24.4700, 24.5900, 24.1640, 24.2600, 31310
2014-05-21, 24.5300, 24.5300, 24.1900, 24.2800, 11589
2014-05-22, 24.2000, 24.2900, 24.0500, 24.1899, 28910
2014-05-23, 24.2000, 24.4400, 24.1200, 24.3500, 14284
2014-05-27, 24.5300, 24.6000, 24.4001, 24.5120, 31232
2014-05-28, 24.5000, 25.5100, 24.3230, 24.8200, 62421
2014-05-29, 25.0600, 25.2200, 24.5900, 24.9300, 24770
2014-05-30, 24.9900, 24.9900, 24.5900, 24.6800, 19216
2014-06-02, 24.9600, 24.9600, 24.5901, 24.7000, 16622
2014-06-03, 24.6800, 24.9000, 24.6500, 24.8813, 18754
2014-06-04, 24.9000, 24.9600, 24.8300, 24.9000, 15254
2014-06-05, 24.9100, 24.9200, 24.7200, 24.8000, 12626
2014-06-06, 24.7400, 25.0900, 24.7400, 24.9500, 12924
2014-06-09, 25.0900, 25.0900, 24.8500, 24.9382, 22197
2014-06-10, 24.8300, 25.0800, 24.8000, 24.9700, 10600
2014-06-11, 24.6500, 25.2500, 24.6500, 24.9300, 31143
2014-06-12, 25.0000, 25.0000, 24.9200, 25.0000, 28207
2014-06-13, 25.0000, 25.0000, 24.7200, 24.9000, 12876
2014-06-16, 24.7900, 24.8900, 24.7000, 24.8400, 16431
2014-06-17, 24.8100, 24.8300, 24.1600, 24.3200, 43810
2014-06-18, 24.3400, 24.3800, 24.2700, 24.2700, 12909
2014-06-19, 24.3900, 24.6200, 24.3100, 24.5400, 23806
2014-06-20, 24.5900, 24.6500, 24.4200, 24.5500, 21825
2014-06-23, 24.6700, 24.7000, 24.3500, 24.6900, 23838
2014-06-24, 24.4600, 24.6000, 24.4010, 24.5500, 18996
2014-06-25, 24.6000, 24.7000, 24.5800, 24.7000, 15674
2014-06-26, 24.5600, 24.9800, 24.4700, 24.8000, 54338
2014-06-27, 24.8100, 25.0000, 24.7300, 25.0000, 20408
2014-06-30, 24.9900, 25.0000, 24.8100, 24.8100, 33941
2014-07-01, 24.8300, 24.9700, 24.7700, 24.9000, 14238
2014-07-02, 25.0000, 25.0000, 24.6000, 24.6500, 15744
2014-07-03, 24.6600, 24.8256, 24.6300, 24.7500, 22869
2014-07-07, 24.8400, 24.9300, 24.7500, 24.9300, 46032
2014-07-08, 24.8200, 24.9500, 24.6700, 24.9500, 30042
2014-07-09, 25.0000, 25.0000, 24.5400, 24.8200, 37761
2014-07-10, 24.9000, 24.9000, 24.5000, 24.7400, 37798
2014-07-11, 24.5000, 24.5900, 23.8664, 23.8800, 88302
2014-07-14, 23.9700, 24.0900, 23.7500, 23.9700, 33334
2014-07-15, 23.9900, 24.1200, 23.9900, 24.0910, 18926
2014-07-16, 24.0000, 24.1800, 23.9300, 24.1500, 19100
2014-07-17, 24.1500, 24.1500, 23.9200, 24.0400, 20300
2014-07-18, 24.0900, 24.3000, 23.9700, 24.2800, 42329
2014-07-21, 24.3200, 24.4400, 24.3001, 24.4400, 25473
2014-07-22, 24.4500, 24.5400, 24.3967, 24.4200, 38286
2014-07-23, 24.5000, 24.5600, 24.4600, 24.5600, 12167
2014-07-24, 24.6000, 24.6400, 24.4500, 24.6200, 35704
2014-07-25, 24.6600, 24.6800, 24.3800, 24.4900, 27508
2014-07-28, 24.5000, 24.5000, 24.0000, 24.0904, 30306
2014-07-29, 24.1900, 24.1900, 24.1000, 24.1400, 10385
2014-07-30, 24.1400, 24.2000, 24.0500, 24.0900, 9869
2014-07-31, 24.2100, 24.2100, 23.8500, 23.8525, 14606
2014-08-01, 23.9000, 24.1000, 23.8900, 23.9700, 21286
2014-08-04, 23.9900, 24.0244, 23.4000, 23.4935, 46005
2014-08-05, 23.4700, 23.5500, 22.9500, 23.0161, 23528
2014-08-06, 22.9000, 23.3500, 22.8500, 23.0900, 40537
2014-08-07, 23.2300, 23.4700, 23.1600, 23.4000, 11884
2014-08-08, 23.4800, 23.6700, 23.4500, 23.6700, 8151
2014-08-11, 23.8000, 23.9900, 23.7100, 23.9900, 12751
2014-08-12, 24.0000, 24.1500, 23.8100, 23.8900, 52869
2014-08-13, 23.6700, 23.9400, 23.6600, 23.7300, 39730
2014-08-14, 23.7400, 23.7400, 23.6400, 23.7200, 10051
2014-08-15, 23.7500, 23.7500, 23.5700, 23.6625, 57272
2014-08-18, 23.7400, 23.8800, 23.7100, 23.7200, 28346
2014-08-19, 23.6300, 23.8900, 23.6300, 23.8500, 29037
2014-08-20, 23.9800, 23.9800, 23.8001, 23.8450, 29978
2014-08-21, 23.9700, 23.9900, 23.8500, 23.9000, 23604
2014-08-22, 23.9000, 23.9500, 23.9000, 23.9300, 13656
2014-08-25, 23.9900, 24.1400, 23.9200, 24.0400, 43896
2014-08-26, 24.1600, 24.2800, 23.8700, 24.0400, 27419
2014-08-27, 23.9700, 24.1200, 23.9010, 24.1200, 28279
2014-08-28, 24.3500, 24.3500, 24.1500, 24.2500, 15558
2014-08-29, 24.2600, 24.2600, 24.0500, 24.0500, 27417
2014-09-02, 24.1400, 24.5400, 23.7700, 24.3100, 33537
2014-09-03, 24.3200, 24.5300, 24.2800, 24.5000, 15074
2014-09-04, 24.4100, 24.6090, 24.4100, 24.5510, 21960
2014-09-05, 24.6200, 24.7500, 24.5000, 24.7500, 9621
2014-09-08, 24.7900, 24.9700, 24.6400, 24.9600, 20380
2014-09-09, 24.9500, 25.0000, 24.8457, 24.9000, 31487
2014-09-10, 24.8300, 25.0000, 24.8300, 24.9400, 24886
2014-09-11, 24.8900, 24.8900, 24.5100, 24.7500, 15419
2014-09-12, 24.8800, 24.8800, 24.6400, 24.7300, 30783
2014-09-15, 24.9900, 24.9900, 24.5201, 24.8590, 28190
2014-09-16, 24.8000, 24.9100, 24.6200, 24.7060, 29636
2014-09-17, 24.7000, 24.7300, 24.6100, 24.6800, 21165
2014-09-18, 24.7300, 24.7300, 24.4900, 24.7000, 5728
2014-09-19, 24.7500, 24.9600, 24.7000, 24.8600, 26192
2014-09-22, 24.9800, 24.9800, 24.5700, 24.6000, 39737
2014-09-23, 24.8500, 24.8500, 23.8500, 24.0400, 33608
2014-09-24, 24.1200, 24.1400, 23.8200, 23.8200, 8535
2014-09-25, 23.7000, 23.8100, 23.1500, 23.2000, 28381
2014-09-26, 23.4000, 24.3200, 23.3900, 24.2300, 44649
2014-09-29, 24.1400, 24.1890, 23.7800, 24.1800, 15979
2014-09-30, 24.5900, 24.5900, 23.6300, 23.7700, 37020
2014-10-01, 23.8600, 24.0200, 23.7800, 23.8888, 15095
2014-10-02, 24.1500, 24.1500, 23.6500, 23.9000, 21930
2014-10-03, 23.8300, 24.1000, 23.8101, 23.8101, 17996
2014-10-06, 23.9700, 24.0900, 23.8799, 24.0000, 17702
2014-10-07, 24.0000, 24.4900, 24.0000, 24.4000, 13559
2014-10-08, 24.4800, 24.8800, 24.2600, 24.8500, 18746
2014-10-09, 24.8000, 24.9400, 24.7000, 24.8600, 35868
2014-10-10, 24.9000, 24.9000, 24.5000, 24.6499, 11741
2014-10-13, 24.9000, 24.9000, 24.5000, 24.5106, 4241
2014-10-14, 24.9000, 24.9000, 24.1600, 24.5000, 18028
2014-10-15, 24.2200, 24.2400, 23.5401, 23.6900, 17980
2014-10-16, 23.8500, 23.8500, 23.1500, 23.5500, 27431
2014-10-17, 23.7100, 24.0000, 23.4790, 23.5500, 17269
2014-10-20, 23.6100, 23.9500, 23.6100, 23.9167, 26134
2014-10-21, 23.9300, 24.2200, 23.9300, 24.2200, 16654
2014-10-22, 24.6700, 24.6700, 24.0300, 24.0300, 11944
2014-10-23, 24.3800, 24.3900, 24.1500, 24.1800, 8445
2014-10-24, 24.1500, 24.3000, 23.8501, 23.8700, 17972
2014-10-27, 24.1400, 24.1400, 23.8700, 23.9100, 25878
2014-10-28, 24.1000, 24.2171, 24.0200, 24.0300, 20801
2014-10-29, 23.9200, 24.0285, 23.9200, 23.9200, 9108
2014-10-30, 24.1300, 24.3800, 23.8600, 23.9400, 17231
2014-10-31, 24.1700, 24.2000, 23.9800, 24.0900, 9781
2014-11-03, 24.1300, 24.2500, 24.0900, 24.2500, 7336
2014-11-04, 24.3500, 24.4900, 24.1400, 24.2600, 23605
2014-11-05, 24.2200, 24.6000, 24.0100, 24.0600, 24517
2014-11-06, 24.3800, 24.3800, 23.8710, 24.1400, 11506
2014-11-07, 24.1700, 24.2000, 24.0201, 24.2000, 10957
2014-11-10, 24.1900, 24.1900, 24.0200, 24.0500, 9950
2014-11-11, 24.0500, 24.1600, 23.9900, 24.1100, 18063
2014-11-12, 23.9900, 23.9900, 23.8110, 23.8900, 15129
2014-11-13, 23.8900, 24.0399, 23.6900, 23.6900, 26162
2014-11-14, 23.6500, 23.7500, 23.6200, 23.6200, 21982
2014-11-17, 23.6200, 23.6200, 23.3200, 23.4400, 27732
2014-11-18, 23.3600, 23.6700, 23.3600, 23.6300, 14245
2014-11-19, 23.6200, 23.6200, 23.3600, 23.3600, 17035
2014-11-20, 23.3500, 23.4899, 23.1306, 23.1615, 26268
2014-11-21, 23.3900, 23.4800, 23.0200, 23.0800, 12278
2014-11-24, 23.1500, 23.1500, 22.5500, 22.6700, 64217
2014-11-25, 22.5900, 22.7300, 22.5500, 22.7200, 46950
2014-11-26, 22.6900, 22.9399, 22.6900, 22.8900, 28298
2014-11-28, 22.9400, 22.9400, 22.7570, 22.8500, 8170
2014-12-01, 22.8500, 22.8800, 22.7000, 22.7500, 16353
2014-12-02, 22.6500, 22.8300, 22.6370, 22.8000, 29184
2014-12-03, 22.6600, 22.8300, 22.6500, 22.6500, 26761
2014-12-04, 22.5300, 22.5300, 22.2601, 22.3600, 16549
2014-12-05, 22.3800, 22.5000, 22.3000, 22.5000, 24974
2014-12-08, 22.3800, 22.4850, 22.3100, 22.3100, 18388
2014-12-09, 22.2900, 22.2900, 22.0000, 22.0600, 23857
2014-12-10, 21.9300, 22.2000, 21.8600, 22.1099, 19922
2014-12-11, 21.7000, 22.0600, 21.7000, 22.0300, 21860
2014-12-12, 21.9200, 22.1344, 21.3200, 21.3800, 34874
2014-12-15, 21.3200, 21.3970, 20.7300, 20.9400, 54116
2014-12-16, 20.7400, 21.2800, 20.5490, 20.9700, 41160
2014-12-17, 20.9200, 21.6300, 20.8500, 21.6100, 29791
2014-12-18, 21.7700, 22.0499, 21.4110, 21.8900, 33984
2014-12-19, 21.7400, 22.1400, 21.5400, 21.6701, 22114
2014-12-22, 21.9700, 22.0099, 21.5310, 21.7000, 24932
2014-12-23, 21.7000, 22.0900, 21.7000, 22.0100, 44116
2014-12-24, 21.8700, 22.1300, 21.8700, 22.1300, 14513
2014-12-26, 22.1500, 22.1900, 21.9500, 21.9500, 43030
2014-12-29, 21.9500, 22.1500, 21.7700, 21.7700, 63105
2014-12-30, 21.5900, 21.9700, 21.3700, 21.5600, 42449
2014-12-31, 21.6100, 21.6400, 21.2500, 21.5400, 50887
2015-01-02, 21.6000, 21.6100, 21.4100, 21.5800, 18623
2015-01-05, 21.3400, 21.5000, 21.3000, 21.4000, 23238
2015-01-06, 21.4500, 21.4899, 21.3800, 21.4695, 10855
2015-01-07, 21.6900, 21.7300, 21.4500, 21.4900, 15662
2015-01-08, 21.4900, 21.6800, 21.4900, 21.6500, 23466
2015-01-09, 21.6000, 21.7300, 21.4963, 21.7000, 11841
2015-01-12, 21.7300, 21.7400, 21.5702, 21.6600, 12981
2015-01-13, 21.5500, 21.6700, 21.4700, 21.5100, 39246
2015-01-14, 21.3500, 21.5400, 21.3500, 21.4200, 19351
2015-01-15, 21.4600, 21.6000, 21.3400, 21.3400, 18548
2015-01-16, 21.3900, 21.5600, 21.3900, 21.5500, 20447
2015-01-20, 21.7200, 21.7200, 21.4500, 21.5300, 15295
2015-01-21, 21.5700, 21.5700, 21.4710, 21.5500, 12553
2015-01-22, 21.6100, 21.7100, 21.5201, 21.6100, 17543
2015-01-23, 21.6000, 21.7599, 21.5801, 21.7300, 11648
2015-01-26, 21.7300, 21.9400, 21.7300, 21.8900, 21097
2015-01-27, 21.8100, 21.9900, 21.7200, 21.8590, 13609
2015-01-28, 21.9900, 22.0071, 21.8150, 21.8800, 19120
2015-01-29, 21.8800, 22.1000, 21.5800, 22.1000, 19892
2015-01-30, 22.0200, 22.0900, 21.8300, 22.0300, 13590
2015-02-02, 22.0900, 22.1300, 22.0400, 22.1000, 16777
2015-02-03, 22.1400, 22.6100, 21.8980, 22.6100, 33445
2015-02-04, 22.5200, 23.4000, 22.2601, 23.1200, 10152
2015-02-05, 23.1200, 23.2500, 23.0000, 23.2000, 16056
2015-02-06, 23.2500, 23.2500, 22.9700, 23.0800, 11935
2015-02-09, 23.1900, 23.2000, 22.9000, 22.9600, 16309
2015-02-10, 23.1800, 23.1800, 22.8800, 23.0900, 13597
2015-02-11, 23.1400, 23.2000, 23.0501, 23.2000, 12378
2015-02-12, 23.2100, 23.4800, 23.1500, 23.4000, 48769
2015-02-13, 23.5700, 23.5700, 23.3700, 23.5500, 13722
2015-02-17, 23.4900, 23.7300, 23.1001, 23.1001, 13731
2015-02-18, 22.8200, 23.2400, 22.8200, 23.2200, 18753
2015-02-19, 23.2000, 23.4266, 22.9400, 23.3890, 10248
2015-02-20, 23.4000, 23.5900, 23.2500, 23.4000, 14541
2015-02-23, 23.6600, 23.6900, 23.4201, 23.6900, 15697
2015-02-24, 23.8500, 23.8500, 23.4300, 23.4300, 26707
2015-02-25, 23.4900, 23.5000, 23.3801, 23.5000, 22300
2015-02-26, 23.5400, 23.5400, 23.1750, 23.3500, 14118
2015-02-27, 23.4500, 23.4500, 22.3500, 22.4000, 57975
2015-03-02, 22.4000, 23.0099, 22.4000, 22.7900, 28851
2015-03-03, 22.7900, 22.9072, 22.5300, 22.6000, 27485
2015-03-04, 22.5900, 22.6584, 22.4392, 22.6100, 36250
2015-03-05, 22.6300, 22.6700, 22.5301, 22.6090, 15087
2015-03-06, 22.6100, 22.6100, 22.2800, 22.3400, 26211
2015-03-09, 22.3600, 22.4600, 22.3600, 22.4400, 17642
2015-03-10, 22.0800, 22.5700, 22.0800, 22.3600, 22899
2015-03-11, 22.2600, 22.2600, 22.1700, 22.1900, 7562
2015-03-12, 22.0500, 22.3000, 22.0300, 22.2300, 14107
2015-03-13, 22.2800, 22.2800, 22.2000, 22.2600, 5831
2015-03-16, 22.3400, 22.3400, 22.2400, 22.3200, 10128
2015-03-17, 22.3500, 22.3500, 22.2000, 22.3400, 23336
2015-03-18, 22.3300, 22.6700, 22.3300, 22.5800, 15468
2015-03-19, 22.6500, 22.7900, 22.5500, 22.5500, 18199
2015-03-20, 22.5900, 22.8500, 22.5200, 22.6900, 10445
2015-03-23, 22.6000, 22.6500, 22.4400, 22.5400, 6962
2015-03-24, 22.5400, 22.7100, 22.4000, 22.7100, 10635
2015-03-25, 22.7600, 22.9800, 22.4800, 22.9700, 17605
2015-03-26, 22.9200, 23.0800, 22.8010, 23.0300, 27271
2015-03-27, 23.0900, 23.3000, 22.8800, 23.2400, 5972
2015-03-30, 23.3800, 23.6200, 23.0100, 23.4500, 19704
2015-03-31, 23.7000, 23.8800, 23.2500, 23.6100, 26558
2015-04-01, 23.6500, 23.9499, 23.4200, 23.6900, 29504
2015-04-02, 23.7500, 23.7500, 23.4500, 23.5200, 6233
2015-04-06, 23.5000, 23.5000, 23.2500, 23.3100, 11969
2015-04-07, 23.4500, 23.4500, 23.3500, 23.4400, 8773
2015-04-08, 23.4600, 23.5000, 23.3000, 23.4800, 16306
2015-04-09, 23.3900, 23.5670, 23.2010, 23.3800, 16076
2015-04-10, 23.3300, 23.3856, 23.2658, 23.3700, 8125
2015-04-13, 23.2200, 23.3600, 23.0600, 23.1500, 18802
2015-04-14, 23.0900, 23.1600, 23.0200, 23.0200, 20453
2015-04-15, 22.9400, 23.0000, 22.9100, 22.9400, 13986
2015-04-16, 22.8600, 23.0899, 22.8600, 22.9600, 6815
2015-04-17, 22.8700, 23.0800, 22.7600, 22.8000, 7061
2015-04-20, 22.8600, 23.0100, 22.7240, 22.7800, 17010
2015-04-21, 22.8000, 22.8980, 22.7500, 22.7500, 11998
2015-04-22, 23.0200, 23.0200, 22.3600, 22.5300, 12444
2015-04-23, 22.5700, 22.7600, 22.3685, 22.7400, 14199
2015-04-24, 22.7800, 22.8400, 22.6210, 22.7700, 25729
2015-04-27, 22.7600, 22.8700, 22.6000, 22.7700, 16798
2015-04-28, 22.7600, 22.8800, 22.7100, 22.7800, 10007
2015-04-29, 22.7900, 22.8800, 22.5400, 22.6800, 52489
2015-04-30, 22.6300, 22.7800, 22.5800, 22.7700, 34314
2015-05-01, 22.7600, 22.9099, 22.6800, 22.7900, 17752
2015-05-04, 22.7700, 22.8690, 22.7700, 22.8368, 15988
2015-05-05, 22.8700, 23.3300, 22.8200, 23.1400, 66184
2015-05-06, 23.0500, 23.1900, 23.0400, 23.0500, 8168
2015-05-07, 23.0100, 23.2000, 22.9500, 22.9500, 17778
2015-05-08, 23.2000, 23.2000, 23.0510, 23.1280, 14157
2015-05-11, 23.1300, 23.2200, 23.0500, 23.2200, 27349
2015-05-12, 23.0900, 23.3099, 23.0900, 23.2100, 17043
2015-05-13, 23.1100, 23.2800, 23.0000, 23.1500, 11892
2015-05-14, 23.1300, 23.1900, 23.0400, 23.0640, 9074
2015-05-15, 23.0300, 23.1700, 23.0300, 23.0300, 15159
2015-05-18, 23.0300, 23.0500, 22.9000, 23.0400, 16901
2015-05-19, 22.8600, 23.0920, 22.6490, 23.0600, 22436
2015-05-20, 23.0400, 23.0899, 23.0400, 23.0736, 10959
2015-05-21, 23.1100, 23.1200, 23.0300, 23.1100, 10643
2015-05-22, 23.0900, 23.0912, 23.0300, 23.0839, 10293
2015-05-26, 23.1000, 23.1000, 23.0000, 23.0970, 13097
2015-05-27, 23.0700, 23.0900, 23.0600, 23.0700, 5025
2015-05-28, 23.0400, 23.0500, 22.9100, 23.0500, 11051
2015-05-29, 23.2200, 23.2740, 23.0700, 23.0700, 7811
2015-06-01, 23.0500, 23.1450, 23.0500, 23.1132, 35442
2015-06-02, 23.1300, 23.2900, 23.1110, 23.2800, 15173
2015-06-03, 23.2400, 23.2799, 23.1200, 23.1200, 12658
2015-06-04, 23.0200, 23.1199, 23.0200, 23.1199, 9068
2015-06-05, 22.9100, 23.1600, 22.6600, 23.1600, 29723
2015-06-08, 23.1100, 23.1700, 23.0000, 23.1700, 13658
2015-06-09, 23.1300, 23.3000, 23.1200, 23.2000, 11268
2015-06-10, 23.1800, 23.2700, 23.0900, 23.2180, 10082
2015-06-11, 23.1700, 23.2000, 23.0900, 23.2000, 14219
2015-06-12, 23.0300, 23.2640, 22.9800, 23.0801, 4434
2015-06-15, 23.3000, 23.3000, 22.9600, 22.9600, 18978
2015-06-16, 22.9400, 23.0550, 22.8300, 22.9900, 16641
2015-06-17, 22.9000, 22.9000, 22.7200, 22.8230, 22847
2015-06-18, 22.7800, 22.8999, 22.7800, 22.8500, 15962
2015-06-19, 22.8600, 22.9180, 22.8600, 22.8600, 17307
2015-06-22, 22.8900, 22.9000, 22.7500, 22.9000, 33873
2015-06-23, 22.9100, 22.9100, 22.6900, 22.6900, 11234
2015-06-24, 22.6800, 22.9100, 22.6800, 22.9000, 27635
2015-06-25, 22.8500, 22.9400, 22.2500, 22.2700, 12617
2015-06-26, 22.2700, 22.3100, 22.0600, 22.0600, 9314
2015-06-29, 22.0000, 22.5899, 21.6200, 21.8600, 23404
2015-06-30, 22.1100, 22.1199, 21.5700, 21.7500, 23806
2015-07-01, 21.7700, 22.5400, 21.6900, 22.5000, 32413
2015-07-02, 22.5000, 22.8500, 22.3300, 22.8000, 7171
2015-07-06, 22.8000, 22.8500, 22.4200, 22.8304, 9359
2015-07-07, 22.9500, 22.9500, 22.4900, 22.6700, 7809
2015-07-08, 22.6000, 22.7670, 22.4200, 22.7400, 3855
2015-07-09, 22.8100, 22.8100, 22.7300, 22.7300, 1993
2015-07-10, 22.7700, 22.8000, 22.4200, 22.8000, 6574
2015-07-13, 22.7300, 22.7600, 22.6000, 22.7600, 9933
2015-07-14, 22.5600, 22.5996, 22.4200, 22.5000, 10856
2015-07-15, 22.5600, 22.7500, 22.4800, 22.7500, 7587
2015-07-16, 22.8100, 22.8100, 22.6400, 22.6870, 7881
2015-07-17, 22.7600, 22.7600, 22.6100, 22.6700, 3736
2015-07-20, 22.6300, 22.6900, 22.6300, 22.6584, 5843
2015-07-21, 22.5600, 22.7390, 22.5090, 22.6401, 22146
2015-07-22, 22.5600, 22.5700, 22.5300, 22.5400, 13421
2015-07-23, 22.4300, 22.7200, 22.4300, 22.5500, 4669
2015-07-24, 22.5800, 22.5950, 22.4700, 22.4700, 8122
2015-07-27, 22.4200, 22.5400, 22.3600, 22.4985, 16952
2015-07-28, 22.4000, 22.5000, 22.3800, 22.4600, 14910
2015-07-29, 22.4200, 22.4500, 22.4000, 22.4500, 6697
2015-07-30, 22.3900, 22.5100, 22.3900, 22.4900, 9647
2015-07-31, 22.5400, 22.5400, 22.4810, 22.4900, 8035
2015-08-03, 22.4300, 22.5270, 22.4300, 22.5000, 4709
2015-08-04, 22.5360, 22.5400, 22.2200, 22.2200, 19577
2015-08-05, 22.2300, 22.5077, 22.2100, 22.4900, 28190
2015-08-06, 22.4500, 22.4930, 21.7000, 22.4000, 37642
2015-08-07, 22.3200, 22.6500, 21.9400, 22.0800, 40889
2015-08-10, 22.0800, 22.1400, 21.6100, 21.6800, 39099
2015-08-11, 21.3600, 22.3000, 21.3600, 22.2900, 18469
2015-08-12, 21.9300, 22.4900, 21.7200, 22.3000, 47904
2015-08-13, 22.2200, 22.4300, 21.9300, 22.3500, 14787
2015-08-14, 22.3300, 22.3300, 21.9300, 21.9600, 62588
2015-08-17, 21.9500, 21.9600, 21.1600, 21.2400, 47028
2015-08-18, 21.1700, 22.4900, 21.1700, 22.4900, 84112
2015-08-19, 22.2700, 22.2700, 21.5400, 21.8900, 53816
2015-08-20, 21.6100, 22.2000, 21.2400, 21.6100, 41532
2015-08-21, 21.3800, 21.3800, 20.8400, 20.9500, 22215
2015-08-24, 19.4500, 20.9000, 17.1500, 20.2600, 40302
2015-08-25, 20.6100, 21.0000, 20.0300, 20.8200, 27317
2015-08-26, 21.7100, 21.7100, 20.7100, 20.9700, 84356
2015-08-27, 21.2300, 21.6000, 20.8230, 21.0001, 28190
2015-08-28, 20.7800, 21.0700, 20.6200, 20.7500, 20992
2015-08-31, 20.5000, 21.0500, 20.3100, 20.4200, 58529
2015-09-01, 20.4000, 20.8993, 20.2600, 20.6600, 33100
2015-09-02, 20.5900, 21.0600, 20.5700, 20.6800, 70690
2015-09-03, 20.7300, 20.8700, 20.6001, 20.7030, 21766
2015-09-04, 20.9100, 20.9100, 20.6001, 20.7100, 4964
2015-09-08, 20.8400, 20.9400, 20.6500, 20.6600, 10903
2015-09-09, 20.6100, 20.8800, 20.5100, 20.6800, 76291
2015-09-10, 20.5800, 20.8500, 20.5500, 20.6899, 22303
2015-09-11, 20.4600, 20.6500, 20.4100, 20.5100, 31613
2015-09-14, 20.4700, 20.6200, 20.3400, 20.5100, 25799
2015-09-15, 20.4200, 20.5700, 20.2300, 20.5210, 14860
2015-09-16, 20.4300, 20.7900, 20.2514, 20.2514, 34651
2015-09-17, 20.2400, 20.5000, 20.1400, 20.2600, 24786
2015-09-18, 20.2000, 20.5600, 20.2000, 20.4399, 13319
2015-09-21, 20.3900, 20.6800, 20.3200, 20.3500, 11172
2015-09-22, 20.2100, 20.7000, 19.9060, 20.4000, 76343
2015-09-23, 20.3900, 20.8100, 19.8950, 20.5300, 49099
2015-09-24, 20.2100, 20.5200, 20.2100, 20.3300, 11746
2015-09-25, 20.3800, 20.5100, 20.0201, 20.0500, 16187
2015-09-28, 20.0500, 20.3620, 19.2201, 19.6300, 18651
2015-09-29, 19.7800, 19.8900, 19.5300, 19.8300, 8824
2015-09-30, 19.8900, 19.9000, 19.6500, 19.9000, 17911
2015-10-01, 19.7900, 19.8800, 19.7900, 19.8699, 4337
2015-10-02, 19.7600, 19.7600, 19.5600, 19.7499, 13271
2015-10-05, 19.7500, 19.7900, 19.6000, 19.7400, 9507
2015-10-06, 19.7000, 19.7699, 19.7000, 19.7600, 5946
2015-10-07, 19.7700, 20.1350, 19.7700, 19.8100, 23498
2015-10-08, 19.7800, 20.0200, 19.6700, 20.0200, 17400
2015-10-09, 19.9500, 20.2010, 19.9500, 20.1800, 11030
2015-10-12, 20.1300, 20.2164, 20.1300, 20.1300, 16785
2015-10-13, 19.9200, 19.9400, 19.8500, 19.8600, 10284
2015-10-14, 19.8200, 19.8600, 19.7701, 19.8100, 12616
2015-10-15, 19.8000, 19.8000, 19.5300, 19.7600, 14676
2015-10-16, 19.7900, 19.8500, 19.6300, 19.8500, 18457
2015-10-19, 19.8100, 19.9899, 19.8100, 19.9300, 6978
2015-10-20, 19.9300, 19.9700, 19.9300, 19.9400, 11614
2015-10-21, 19.7300, 19.9882, 19.7300, 19.9700, 15634
2015-10-22, 19.9500, 20.2700, 19.9240, 20.2300, 11022
2015-10-23, 20.2000, 20.3000, 20.2000, 20.2900, 8858
2015-10-26, 20.3100, 20.4800, 20.3000, 20.3900, 19204
2015-10-27, 19.9500, 20.1900, 19.8600, 20.1200, 17359
2015-10-28, 20.1200, 20.2400, 20.1200, 20.2200, 16171
2015-10-29, 20.1700, 20.2500, 20.1400, 20.2400, 5707
2015-10-30, 20.2700, 20.4600, 20.1800, 20.1800, 8949
2015-11-02, 20.2600, 20.4150, 20.2500, 20.3100, 10990
2015-11-03, 20.3100, 20.3500, 20.2200, 20.3500, 11719
2015-11-04, 20.3900, 20.4900, 20.1900, 20.3900, 23886
2015-11-05, 20.3900, 20.3900, 20.2600, 20.3000, 8281
2015-11-06, 20.3100, 20.3900, 20.2530, 20.3000, 20027
2015-11-09, 20.2700, 20.4100, 20.0400, 20.1600, 24078
2015-11-10, 19.7100, 19.8000, 19.5400, 19.6400, 21371
2015-11-11, 19.5500, 19.8299, 19.5500, 19.5600, 10738
2015-11-12, 19.5600, 19.6440, 19.4300, 19.4600, 10367
2015-11-13, 19.5400, 19.6000, 19.3005, 19.3700, 19153
2015-11-16, 19.3700, 19.4800, 19.0250, 19.3900, 27979
2015-11-17, 19.3900, 19.3900, 19.0800, 19.1000, 17655
2015-11-18, 19.1100, 19.4000, 19.0500, 19.0500, 18034
2015-11-19, 19.0500, 19.3000, 19.0500, 19.2400, 23030
2015-11-20, 19.2400, 19.2900, 18.9600, 19.0200, 48715
2015-11-23, 19.0200, 19.0700, 18.8200, 18.9500, 25879
2015-11-24, 19.0000, 19.1000, 18.8300, 19.0000, 14527
2015-11-25, 19.0100, 19.1100, 18.8510, 19.0000, 26291
2015-11-27, 19.0400, 19.2300, 19.0400, 19.1900, 11983
2015-11-30, 19.3000, 19.3000, 18.8600, 18.9900, 32505
2015-12-01, 19.0100, 19.1402, 18.8600, 19.1100, 41230
2015-12-02, 19.1400, 19.2450, 19.0800, 19.0901, 17329
2015-12-03, 19.1100, 19.1100, 18.8200, 18.8900, 30441
2015-12-04, 18.8700, 19.0400, 18.8199, 18.9300, 42854
2015-12-07, 18.9200, 19.0900, 18.8000, 18.9100, 39397
2015-12-08, 18.8400, 18.8950, 18.7839, 18.8600, 11586
2015-12-09, 18.9100, 18.9100, 18.8200, 18.8800, 14473
2015-12-10, 18.8700, 18.8700, 18.6827, 18.6827, 17549
2015-12-11, 18.5500, 18.5500, 17.8400, 18.3800, 36806
2015-12-14, 18.4000, 18.4000, 17.9100, 18.0200, 20927
2015-12-15, 18.0100, 18.4500, 17.8800, 18.4100, 42943
2015-12-16, 18.4500, 18.7900, 18.3000, 18.7100, 69635
2015-12-17, 18.7500, 18.9200, 18.7000, 18.8997, 62718
2015-12-18, 18.7500, 19.1100, 18.7300, 18.8499, 25464
2015-12-21, 18.8400, 18.8900, 18.4100, 18.7300, 60847
2015-12-22, 18.7300, 19.0700, 18.6870, 18.8300, 17595
2015-12-23, 19.0400, 19.1899, 18.8901, 19.1400, 30778
2015-12-24, 19.2000, 19.2500, 19.0600, 19.1800, 8321
2015-12-28, 19.1900, 19.2800, 18.9001, 19.1740, 36972
2015-12-29, 19.1300, 19.2900, 18.9150, 19.2900, 36778
2015-12-30, 19.2800, 19.6205, 19.1900, 19.5700, 53929
2015-12-31, 19.6000, 19.6000, 19.0710, 19.4900, 48930
2016-01-04, 19.2500, 19.4300, 18.8750, 19.3300, 37856
2016-01-05, 19.3000, 19.3400, 19.0512, 19.2600, 34814
2016-01-06, 19.0100, 19.3500, 19.0100, 19.2200, 15213
2016-01-07, 19.2100, 19.3900, 19.1000, 19.1600, 12973
2016-01-08, 19.2900, 19.2900, 19.0800, 19.0800, 9352
2016-01-11, 19.2600, 19.2600, 18.7900, 19.0300, 8428
2016-01-12, 19.0800, 19.0910, 18.7500, 18.9900, 17829
2016-01-13, 18.8400, 18.9299, 18.5700, 18.6757, 27687
2016-01-14, 18.6700, 18.8000, 18.3200, 18.4700, 19717
2016-01-15, 18.3200, 18.3700, 18.2000, 18.2900, 4845
2016-01-19, 18.2800, 18.4500, 17.7000, 17.8200, 37193
2016-01-20, 17.8200, 17.9320, 16.8600, 17.4800, 40695
2016-01-21, 17.3900, 17.7300, 17.2200, 17.5401, 19823
2016-01-22, 17.7400, 18.0400, 17.6401, 18.0000, 13270
2016-01-25, 17.9600, 18.4500, 17.9550, 18.2600, 49261
2016-01-26, 18.2600, 18.4800, 18.2550, 18.4600, 28138
2016-01-27, 18.5300, 18.5940, 18.1701, 18.5900, 25813
2016-01-28, 18.6200, 18.7200, 18.4603, 18.6700, 10961
2016-01-29, 18.8200, 18.8255, 18.6400, 18.6900, 15073
2016-02-01, 18.5900, 18.9500, 18.3050, 18.5300, 48778
2016-02-02, 18.3500, 18.7995, 18.2003, 18.7400, 44715
2016-02-03, 18.7700, 18.8800, 18.6500, 18.7100, 23626
2016-02-04, 18.7400, 18.7400, 18.3100, 18.6200, 16649
2016-02-05, 18.5800, 18.9300, 18.5500, 18.8900, 66496
2016-02-08, 18.9200, 18.9200, 18.3600, 18.7000, 36008
2016-02-09, 18.5600, 18.7500, 18.4110, 18.6700, 14247
2016-02-10, 18.6000, 18.6000, 18.4100, 18.5200, 35420
2016-02-11, 18.4000, 18.4290, 18.2500, 18.3600, 19369
2016-02-12, 18.4600, 18.4600, 18.0000, 18.2600, 19538
2016-02-16, 18.4400, 18.4400, 18.2501, 18.3100, 13849
2016-02-17, 18.4300, 18.5100, 18.1900, 18.5100, 9819
2016-02-18, 18.5100, 18.5900, 18.2500, 18.3400, 19610
2016-02-19, 18.2900, 18.4200, 18.1900, 18.4200, 13292
2016-02-22, 18.3900, 18.4490, 18.3201, 18.3500, 13437
2016-02-23, 18.3600, 18.6500, 18.3000, 18.6400, 26756
2016-02-24, 18.5900, 18.7500, 18.5501, 18.6700, 27145
2016-02-25, 18.6600, 18.7886, 18.4700, 18.7000, 12900
2016-02-26, 18.8200, 18.8700, 18.4900, 18.5000, 13680
2016-02-29, 18.6400, 18.6400, 18.2810, 18.2810, 9445
2016-03-01, 18.4700, 18.4900, 18.3200, 18.3800, 10555
2016-03-02, 18.3400, 18.4300, 18.3400, 18.4200, 8239
2016-03-03, 18.4200, 18.6500, 18.4101, 18.5700, 11706
2016-03-04, 18.6400, 18.7200, 18.5600, 18.6900, 7129
2016-03-07, 18.5200, 18.7100, 18.4860, 18.6600, 12106
2016-03-08, 18.6600, 18.7352, 18.4900, 18.6900, 10256
2016-03-09, 18.7100, 18.8199, 18.4720, 18.5900, 14855
2016-03-10, 18.6400, 18.8100, 18.3600, 18.3600, 9719
2016-03-11, 18.3500, 18.4450, 18.2700, 18.3200, 21233
2016-03-14, 18.3200, 18.4100, 18.2500, 18.4000, 7770
2016-03-15, 18.3600, 18.5500, 18.3000, 18.5400, 9538
2016-03-16, 18.5700, 18.6300, 18.5100, 18.6300, 10370
2016-03-17, 18.6500, 18.8400, 18.6500, 18.8000, 16582
2016-03-18, 18.8500, 19.2700, 18.8500, 19.1900, 6594
2016-03-21, 19.1800, 19.3600, 19.0401, 19.1500, 13052
2016-03-22, 19.1700, 19.4300, 19.1700, 19.1900, 12792
2016-03-23, 19.2600, 19.3500, 19.1801, 19.3500, 9523
2016-03-24, 19.3600, 19.4000, 19.1600, 19.3900, 11510
2016-03-28, 19.4300, 19.4300, 19.1500, 19.1500, 7949
2016-03-29, 19.1400, 19.2900, 19.1400, 19.2900, 16147
2016-03-30, 19.2300, 19.9800, 19.1700, 19.9500, 25978
2016-03-31, 20.1000, 20.1000, 19.5900, 19.6000, 22803
2016-04-01, 19.6500, 19.8000, 19.6200, 19.6301, 7040
2016-04-04, 19.7200, 19.7200, 19.4900, 19.5472, 9627
2016-04-05, 19.5100, 19.5750, 19.2000, 19.2400, 11539
2016-04-06, 19.2400, 19.4500, 19.0200, 19.0800, 10683
2016-04-07, 19.0100, 19.0400, 18.8100, 18.8100, 18722
2016-04-08, 18.9500, 19.2100, 18.8220, 18.9100, 18769
2016-04-11, 18.9900, 19.2300, 18.8300, 19.0400, 17211
2016-04-12, 19.0400, 19.2950, 18.8200, 18.9200, 26089
2016-04-13, 18.8100, 18.9000, 18.7100, 18.8200, 22030
2016-04-14, 18.8500, 19.0000, 18.8500, 18.8600, 12332
2016-04-15, 18.9000, 18.9300, 18.6200, 18.8400, 18540
2016-04-18, 18.8200, 19.0400, 18.4700, 19.0400, 23462
2016-04-19, 19.1000, 19.1100, 18.8800, 19.0000, 32912
2016-04-20, 19.0300, 19.0800, 19.0040, 19.0500, 13497
2016-04-21, 19.1100, 19.3800, 19.0000, 19.2600, 17936
2016-04-22, 19.2600, 19.6100, 19.2600, 19.5500, 18291
2016-04-25, 19.5700, 19.5700, 19.4250, 19.5700, 20914
2016-04-26, 19.5700, 19.7500, 19.5400, 19.7300, 40527
2016-04-27, 19.7500, 19.7500, 19.5109, 19.5600, 16752
2016-04-28, 19.5600, 19.5600, 19.3650, 19.4500, 24384
2016-04-29, 19.4500, 19.5600, 19.1800, 19.3500, 53553
2016-05-02, 19.4100, 19.4800, 19.3100, 19.3400, 14168
2016-05-03, 19.3400, 19.3600, 19.1950, 19.3100, 24290
2016-05-04, 19.3700, 19.4250, 19.2500, 19.3100, 25314
2016-05-05, 19.3600, 19.4800, 19.2600, 19.3201, 19944
2016-05-06, 19.2900, 19.3300, 19.1900, 19.3300, 26926
2016-05-09, 19.3300, 19.3650, 19.2000, 19.3400, 21597
2016-05-10, 19.3800, 19.5900, 19.1800, 19.5500, 15137
2016-05-11, 19.4100, 19.6299, 19.1400, 19.3020, 20287
2016-05-12, 19.3500, 19.3500, 19.1500, 19.3100, 25959
2016-05-13, 19.3400, 19.9500, 19.3400, 19.7000, 42747
2016-05-16, 19.7600, 19.9900, 19.7101, 19.7706, 21239
2016-05-17, 19.8300, 20.1101, 19.7500, 20.1101, 30455
2016-05-18, 20.1600, 20.1600, 19.5500, 19.7200, 27529
2016-05-19, 19.7200, 19.8300, 19.6700, 19.7600, 28422
2016-05-20, 19.7500, 20.0900, 19.6499, 20.0700, 22899
2016-05-23, 19.9800, 20.2500, 19.9600, 20.2400, 37104
2016-05-24, 20.4700, 20.4700, 20.0000, 20.1600, 35332
2016-05-25, 20.2100, 20.4020, 20.2100, 20.2500, 15140
2016-05-26, 20.2400, 20.2600, 20.1700, 20.2100, 12673
2016-05-27, 20.2500, 20.2500, 20.1420, 20.2500, 14594
2016-05-31, 20.3500, 20.3500, 19.7500, 19.8600, 32486
2016-06-01, 19.9000, 20.0500, 19.8300, 19.9800, 35554
2016-06-02, 19.8800, 20.0300, 19.8400, 19.9200, 36453
2016-06-03, 19.9300, 20.1900, 19.9200, 20.1900, 30425
2016-06-06, 20.1900, 20.8501, 20.1700, 20.6700, 51547
2016-06-07, 20.6500, 20.8500, 20.4300, 20.6200, 38019
2016-06-08, 20.6200, 21.0800, 20.6200, 20.7000, 14998
2016-06-09, 20.8500, 21.3400, 20.5100, 21.3400, 60475
2016-06-10, 21.3300, 21.9400, 20.8684, 21.4900, 75674
2016-06-13, 21.4000, 21.6300, 20.8400, 20.9900, 25758
2016-06-14, 20.9300, 21.1700, 20.5100, 20.6000, 28133
2016-06-15, 20.7200, 20.9300, 20.1400, 20.1400, 33700
2016-06-16, 20.1400, 20.6001, 19.9100, 20.1600, 24060
2016-06-17, 20.3000, 20.7000, 20.0690, 20.5200, 23712
2016-06-20, 20.7200, 20.8340, 20.2200, 20.3100, 45857
2016-06-21, 20.4600, 20.7900, 20.2000, 20.2800, 19013
2016-06-22, 20.3300, 20.4900, 20.3001, 20.4400, 9954
2016-06-23, 20.6300, 20.9600, 20.4701, 20.7900, 24120
2016-06-24, 20.3700, 20.8000, 20.3700, 20.7200, 21689
2016-06-27, 20.6000, 20.6900, 20.3300, 20.4100, 23094
2016-06-28, 20.6200, 20.6200, 20.0900, 20.2400, 14432
2016-06-29, 20.2400, 21.1000, 20.1000, 20.8700, 39046
2016-06-30, 20.8000, 20.9500, 20.3800, 20.5700, 38349
2016-07-01, 20.7800, 20.8000, 20.1050, 20.2500, 44948
2016-07-05, 20.3300, 20.9000, 20.3300, 20.4700, 53242
2016-07-06, 20.4700, 21.3000, 20.4700, 20.8900, 37889
2016-07-07, 20.8500, 21.2000, 20.7800, 21.0500, 31825
2016-07-08, 21.4400, 21.4400, 21.0501, 21.0600, 23100
2016-07-11, 21.0200, 21.1475, 20.9350, 20.9800, 25111
2016-07-12, 21.2900, 21.3000, 20.8500, 20.8800, 28370
2016-07-13, 20.7100, 21.3274, 20.2100, 20.2800, 32457
2016-07-14, 20.4300, 20.8100, 20.4000, 20.6100, 39690
2016-07-15, 20.9000, 20.9000, 20.5300, 20.5500, 17685
2016-07-18, 20.4600, 20.6529, 20.4600, 20.5000, 22088
2016-07-19, 20.5500, 20.7500, 20.3500, 20.6600, 28232
2016-07-20, 20.6600, 20.7800, 20.4400, 20.6700, 27674
2016-07-21, 20.6600, 21.2800, 20.6480, 21.1500, 34813
2016-07-22, 21.3200, 21.4500, 20.8000, 20.8000, 33261
2016-07-25, 20.9000, 20.9800, 20.8100, 20.8850, 20639
2016-07-26, 20.9000, 21.1600, 20.7000, 20.7450, 54233
2016-07-27, 20.8400, 20.9900, 20.7000, 20.9000, 30957
2016-07-28, 20.8200, 21.6300, 20.8200, 21.6200, 42038
2016-07-29, 21.6200, 21.7000, 21.5100, 21.7000, 41058
2016-08-01, 21.8700, 22.1400, 21.8500, 22.0600, 28620
2016-08-02, 22.2000, 22.2000, 21.4954, 21.6400, 36941
2016-08-03, 21.8600, 22.1580, 21.7160, 21.8400, 23758
2016-08-04, 21.8300, 21.8400, 21.5500, 21.7000, 19884
2016-08-05, 21.7300, 21.8200, 21.5000, 21.5800, 29435
2016-08-08, 21.5200, 21.7800, 21.5100, 21.5100, 15392
2016-08-09, 21.5900, 21.5900, 21.2900, 21.5800, 21928
2016-08-10, 21.5900, 21.6800, 21.4600, 21.5000, 22442
2016-08-11, 21.3600, 21.7300, 21.3200, 21.5900, 37949
2016-08-12, 21.6400, 21.7500, 21.3800, 21.7000, 19971
2016-08-15, 21.7100, 22.2713, 21.5000, 22.2100, 32205
2016-08-16, 22.1800, 22.4700, 21.9900, 22.4100, 33148
2016-08-17, 22.4100, 22.4700, 21.9910, 22.1350, 23102
2016-08-18, 22.1000, 22.2800, 21.7200, 21.7211, 11602
2016-08-19, 21.6200, 21.7650, 21.5700, 21.5700, 12700
2016-08-22, 21.6700, 21.9000, 21.6000, 21.6100, 15666
2016-08-23, 21.6100, 21.7000, 21.5500, 21.5500, 23496
2016-08-24, 21.5800, 22.0999, 21.5800, 21.9000, 20570
2016-08-25, 21.7200, 22.1378, 21.7200, 22.0000, 24061
2016-08-26, 22.1000, 22.1600, 21.9092, 22.1000, 21209
2016-08-29, 22.1400, 22.6500, 22.0210, 22.6500, 22187
2016-08-30, 22.6600, 22.7400, 22.4488, 22.7000, 29593
2016-08-31, 22.6600, 22.7200, 22.3700, 22.4400, 37658
2016-09-01, 22.2500, 22.4700, 22.1310, 22.4300, 25712
2016-09-02, 22.4200, 22.7299, 22.1700, 22.7100, 14361
2016-09-06, 22.5000, 22.6565, 21.8800, 22.2301, 26725
2016-09-07, 22.3500, 22.8000, 22.3500, 22.7501, 23793
2016-09-08, 22.7600, 22.9900, 22.6030, 22.9900, 27549
2016-09-09, 22.9800, 22.9800, 22.2501, 22.7900, 44586
2016-09-12, 22.7900, 22.8058, 22.6301, 22.7600, 10283
2016-09-13, 22.6500, 22.7900, 22.5110, 22.7900, 23337
2016-09-14, 22.6300, 22.6818, 22.5500, 22.6500, 31336
2016-09-15, 22.7700, 22.7700, 22.1000, 22.1200, 20613
2016-09-16, 22.2100, 22.4500, 21.9500, 21.9500, 14083
2016-09-19, 22.1100, 22.1169, 21.9500, 21.9500, 10313
2016-09-20, 21.9500, 22.0900, 21.9500, 21.9900, 13915
2016-09-21, 21.9900, 22.2838, 21.6900, 22.0300, 26227
2016-09-22, 22.0300, 22.3800, 22.0300, 22.0700, 25778
2016-09-23, 22.2400, 22.4000, 22.2315, 22.4000, 5322
2016-09-26, 22.4000, 22.4010, 22.3300, 22.3900, 13878
2016-09-27, 22.3900, 22.4320, 22.2450, 22.3400, 24754
2016-09-28, 22.3400, 22.4300, 22.2900, 22.3500, 15669
2016-09-29, 22.3400, 22.4000, 21.9900, 22.2300, 30615
2016-09-30, 22.2300, 22.5200, 22.0750, 22.1100, 30476
2016-10-03, 22.0800, 22.7100, 22.0800, 22.7100, 12403
2016-10-04, 22.8200, 22.9400, 22.5900, 22.9400, 17318
2016-10-05, 22.7900, 22.9200, 22.7300, 22.7500, 17283
2016-10-06, 22.6600, 22.9200, 22.5400, 22.7000, 14367
2016-10-07, 22.7000, 22.7800, 22.6900, 22.7800, 21606
2016-10-10, 22.7200, 22.8550, 22.5100, 22.5100, 18368
2016-10-11, 22.6900, 22.6900, 22.5610, 22.6300, 12590
2016-10-12, 22.4800, 22.5000, 22.3200, 22.3200, 10989
2016-10-13, 22.4100, 22.4400, 22.3200, 22.3201, 17342
2016-10-14, 22.4500, 22.4600, 22.4200, 22.4200, 3184
2016-10-17, 22.4700, 22.4700, 21.7400, 21.8000, 21453
2016-10-18, 21.9600, 22.2900, 21.9600, 22.1701, 9506
2016-10-19, 22.2500, 22.4000, 22.1501, 22.2100, 6194
2016-10-20, 22.3400, 22.5624, 22.0600, 22.0600, 9978
2016-10-21, 22.1200, 22.2800, 22.1000, 22.1800, 9593
2016-10-24, 22.2300, 22.2554, 22.1800, 22.2260, 5936
2016-10-25, 22.1900, 22.2900, 22.0700, 22.2900, 14106
2016-10-26, 22.0700, 22.2300, 21.9100, 21.9200, 11244
2016-10-27, 21.8600, 21.9464, 21.6201, 21.6900, 28535
2016-10-28, 21.7800, 21.9450, 21.2600, 21.9399, 29183
2016-10-31, 22.0500, 22.0500, 21.6650, 21.6700, 11657
2016-11-01, 21.6400, 21.7500, 21.3900, 21.4600, 21340
2016-11-02, 21.3200, 21.3400, 21.2600, 21.2600, 4356
2016-11-03, 21.2500, 21.2800, 20.8700, 21.0500, 121032
2016-11-04, 21.0500, 21.1600, 20.9500, 21.0501, 16326
2016-11-07, 21.1400, 21.2400, 21.0000, 21.0200, 30802
2016-11-08, 20.9500, 21.3600, 20.7100, 21.1300, 21988
2016-11-09, 21.0200, 21.0500, 20.6100, 20.7000, 35168
2016-11-10, 20.5600, 20.5900, 20.2700, 20.3850, 24823
2016-11-11, 20.2100, 20.4700, 20.2100, 20.3000, 35806
2016-11-14, 20.1800, 20.5240, 19.7700, 19.9692, 39318
2016-11-15, 20.1400, 20.4700, 20.0000, 20.4400, 53462
2016-11-16, 20.3000, 20.4900, 20.3000, 20.4800, 30256
2016-11-17, 20.3800, 20.5600, 20.3800, 20.4800, 26035
2016-11-18, 20.5800, 20.5800, 20.3100, 20.4300, 27784
2016-11-21, 20.4300, 20.7750, 20.4300, 20.6500, 38355
2016-11-22, 20.5900, 21.0000, 20.5900, 21.0000, 19864
2016-11-23, 20.7900, 21.1100, 20.7900, 21.0599, 17930
2016-11-25, 21.0700, 21.1400, 21.0700, 21.1331, 1765
2016-11-28, 20.9400, 21.0800, 20.9400, 21.0700, 10163
2016-11-29, 21.0200, 21.1000, 20.9700, 21.0100, 11573
2016-11-30, 21.0800, 21.0800, 20.9805, 21.0600, 19174
2016-12-01, 21.1200, 21.1200, 21.0360, 21.0700, 9753
2016-12-02, 21.0700, 21.2100, 21.0500, 21.1500, 16554
2016-12-05, 21.2500, 21.3300, 21.1600, 21.2600, 32724
2016-12-06, 21.3000, 21.3800, 21.2500, 21.2700, 23293
2016-12-07, 21.2700, 21.4399, 21.2500, 21.3500, 22590
2016-12-08, 21.3500, 21.3500, 21.2500, 21.2800, 13231
2016-12-09, 21.3700, 21.3899, 21.2000, 21.2600, 25904
2016-12-12, 21.2800, 21.3376, 21.1972, 21.2100, 35947
2016-12-13, 21.0200, 21.0774, 20.9201, 21.0200, 40796
2016-12-14, 20.9500, 21.0600, 20.9100, 20.9300, 16528
2016-12-15, 20.9200, 20.9900, 20.8500, 20.9600, 35203
2016-12-16, 20.9500, 21.2300, 20.9400, 21.2200, 25866
2016-12-19, 21.2600, 22.0900, 21.2599, 21.9800, 99738
2016-12-20, 21.8300, 21.9408, 21.7400, 21.7500, 32044
2016-12-21, 21.9200, 21.9900, 21.7500, 21.7700, 21500
2016-12-22, 21.8600, 22.2700, 21.7760, 22.2600, 28585
2016-12-23, 22.2500, 22.3400, 22.0200, 22.0200, 15672
2016-12-27, 22.0200, 22.0900, 21.8200, 21.9300, 29901
2016-12-28, 22.0100, 22.4000, 21.8000, 21.9000, 20790
2016-12-29, 22.0100, 22.3500, 21.9100, 22.3200, 22949
2016-12-30, 22.3200, 22.3500, 22.1620, 22.3400, 54725
2017-01-03, 22.3700, 22.3700, 22.2500, 22.2900, 26035
2017-01-04, 22.3800, 22.4699, 22.2800, 22.3900, 14354
2017-01-05, 22.3200, 22.5900, 22.3200, 22.4200, 54393
2017-01-06, 22.5000, 22.5500, 22.4200, 22.5500, 15221
2017-01-09, 22.6200, 22.7200, 22.5919, 22.7200, 50187
2017-01-10, 22.7200, 22.8100, 22.7001, 22.7600, 42404
2017-01-11, 22.8100, 22.8100, 22.5734, 22.6000, 42157
2017-01-12, 22.7000, 22.9500, 22.6500, 22.8000, 24654
2017-01-13, 22.8400, 22.9500, 22.8000, 22.8000, 16208
2017-01-17, 22.9900, 22.9900, 22.7600, 22.8700, 31796
2017-01-18, 22.9300, 22.9300, 22.6801, 22.7600, 16725
2017-01-19, 22.8500, 22.8600, 22.6900, 22.8200, 24180
2017-01-20, 22.8400, 22.8400, 22.6800, 22.7500, 17997
2017-01-23, 22.7500, 23.0000, 22.7300, 23.0000, 23618
2017-01-24, 22.9800, 23.0000, 22.8901, 22.9500, 32985
2017-01-25, 23.0500, 23.1200, 22.9108, 23.0800, 28390
2017-01-26, 23.0800, 23.1990, 23.0800, 23.0900, 22876
2017-01-27, 22.9700, 23.0900, 22.9300, 23.0900, 19087
2017-01-30, 23.0900, 23.2500, 22.9900, 23.0700, 25467
2017-01-31, 23.2200, 23.8800, 23.1121, 23.7800, 35359
2017-02-01, 23.5000, 23.5468, 23.4500, 23.4900, 21967
2017-02-02, 23.4900, 23.5800, 23.4000, 23.4400, 16733
2017-02-03, 23.4400, 23.8275, 23.4400, 23.6800, 32694
2017-02-06, 23.6000, 23.6300, 23.4700, 23.4800, 29090
2017-02-07, 23.4800, 23.5000, 23.3900, 23.4300, 29546
2017-02-08, 23.4300, 23.4500, 23.3200, 23.3500, 17371
2017-02-09, 23.3500, 23.4000, 23.3200, 23.3750, 25536
2017-02-10, 23.3800, 23.4260, 23.2800, 23.3700, 19302
2017-02-13, 23.1100, 23.3113, 22.9300, 22.9300, 56264
2017-02-14, 23.1200, 23.5500, 23.0700, 23.4000, 50844
2017-02-15, 23.3900, 23.4862, 23.2777, 23.3800, 33090
2017-02-16, 23.3800, 23.4900, 23.3000, 23.4200, 18355
2017-02-17, 23.4200, 23.7200, 23.3627, 23.4400, 19505
2017-02-21, 23.4200, 23.6893, 23.4200, 23.6200, 21722
2017-02-22, 23.5500, 23.6200, 23.5300, 23.5500, 42574
2017-02-23, 23.5500, 23.6800, 23.4865, 23.5400, 35751
2017-02-24, 23.5400, 23.8000, 23.5200, 23.8000, 31942
2017-02-27, 23.8000, 23.8100, 23.7801, 23.8000, 22993
2017-02-28, 23.8000, 23.8000, 23.6400, 23.6900, 24563
2017-03-01, 23.6900, 23.7000, 23.6000, 23.6000, 36782
2017-03-02, 23.6000, 23.6000, 23.4500, 23.4600, 17630
2017-03-03, 23.4600, 23.5400, 23.2300, 23.2500, 14017
2017-03-06, 23.1900, 23.5000, 23.1900, 23.5000, 15596
2017-03-07, 23.5000, 23.7040, 23.5000, 23.5700, 25655
2017-03-08, 23.5700, 23.6200, 23.2500, 23.3000, 31244
2017-03-09, 23.3000, 23.3000, 22.8000, 22.8500, 62275
2017-03-10, 23.0700, 23.2400, 23.0110, 23.2400, 18203
2017-03-13, 23.2300, 23.2800, 23.0900, 23.0900, 17861
2017-03-14, 23.0900, 23.0900, 22.3300, 22.3900, 36746
2017-03-15, 22.4800, 22.6500, 22.4000, 22.5000, 38960
2017-03-16, 22.7000, 22.7400, 22.4300, 22.6058, 14984
2017-03-17, 22.6900, 22.9000, 22.6500, 22.8900, 21084
2017-03-20, 23.0700, 23.2600, 23.0100, 23.0600, 27509
2017-03-21, 23.0600, 23.0700, 22.9500, 22.9500, 10667
2017-03-22, 23.0500, 23.0500, 22.9500, 23.0100, 11964
2017-03-23, 23.0100, 23.0790, 22.9100, 22.9500, 19628
2017-03-24, 22.9500, 22.9700, 22.7500, 22.7500, 12207
2017-03-27, 22.8500, 22.9734, 22.7900, 22.8200, 15435
2017-03-28, 22.7500, 23.0440, 22.7500, 22.8800, 17064
2017-03-29, 22.9300, 22.9300, 22.8001, 22.8400, 15986
2017-03-30, 22.8600, 22.8600, 22.7800, 22.8300, 10791
2017-03-31, 22.9500, 23.0058, 22.7800, 22.7800, 33992
2017-04-03, 22.9300, 23.0500, 22.8900, 23.0500, 27984
2017-04-04, 23.1500, 23.6342, 23.0600, 23.4400, 19001
2017-04-05, 23.4400, 23.4400, 23.3600, 23.4300, 9414
2017-04-06, 23.4300, 23.6000, 23.2800, 23.2800, 23801
2017-04-07, 23.2800, 23.3800, 23.0856, 23.2800, 10432
2017-04-10, 23.2800, 23.6209, 23.2800, 23.3800, 52111
2017-04-11, 23.2000, 23.2700, 23.1000, 23.1100, 18593
2017-04-12, 23.1100, 23.2300, 23.0600, 23.0700, 15745
2017-04-13, 23.0700, 23.1200, 23.0000, 23.0000, 10560
2017-04-17, 23.1000, 23.1450, 22.9900, 23.0700, 13365
2017-04-18, 23.1000, 23.1000, 22.8800, 22.9200, 18290
2017-04-19, 22.9200, 22.9700, 22.9000, 22.9699, 11507
2017-04-20, 22.9800, 23.1000, 22.9500, 23.1000, 9605
2017-04-21, 23.0800, 23.1400, 23.0800, 23.0800, 16305
2017-04-24, 23.1000, 23.4750, 23.1000, 23.3000, 27511
2017-04-25, 23.3000, 23.3600, 23.2300, 23.2900, 29650
2017-04-26, 23.2900, 23.3700, 23.2600, 23.2700, 9457
2017-04-27, 23.2600, 23.3800, 23.2600, 23.3800, 9433
2017-04-28, 23.2800, 23.4610, 23.2800, 23.3700, 25307
2017-05-01, 23.3600, 23.4286, 23.3109, 23.3500, 37811
2017-05-02, 23.3400, 23.4600, 23.2700, 23.3100, 29798
2017-05-03, 23.3000, 23.3350, 23.2851, 23.3000, 11151
2017-05-04, 23.3200, 23.4254, 23.3100, 23.3600, 38145
2017-05-05, 23.5100, 23.6600, 23.4030, 23.6500, 18101
2017-05-08, 23.8400, 23.9800, 23.7828, 23.8599, 15226
2017-05-09, 23.8700, 24.0300, 23.8600, 24.0000, 26927
2017-05-10, 23.9700, 23.9700, 23.7633, 23.7900, 16578
2017-05-11, 23.5200, 23.8580, 23.5010, 23.5300, 10185
2017-05-12, 23.5300, 23.5300, 23.2100, 23.3400, 13579
2017-05-15, 23.3000, 23.4451, 23.1600, 23.1600, 24567
2017-05-16, 23.0900, 23.3000, 22.8800, 23.1900, 20782
2017-05-17, 23.1700, 23.2165, 22.9500, 22.9700, 22716
2017-05-18, 23.0500, 23.4600, 23.0500, 23.1100, 11423
2017-05-19, 23.1100, 23.3143, 23.0000, 23.0100, 24605
2017-05-22, 23.0800, 23.2900, 23.0700, 23.1600, 21922
2017-05-23, 23.1600, 23.3900, 23.1300, 23.1500, 29142
2017-05-24, 23.3100, 23.6600, 23.2943, 23.6400, 17847
2017-05-25, 23.5300, 23.6900, 23.4800, 23.4800, 11977
2017-05-26, 23.4800, 23.9147, 23.4294, 23.4613, 18612
2017-05-30, 23.4600, 23.6950, 23.2500, 23.3500, 11802
2017-05-31, 23.3500, 23.3999, 23.1801, 23.1801, 11620
2017-06-01, 23.1800, 23.3000, 23.1800, 23.2300, 15984
2017-06-02, 23.2200, 23.9257, 23.2100, 23.2200, 10007
2017-06-05, 23.2200, 23.7241, 23.2200, 23.2500, 25848
2017-06-06, 23.2500, 23.2553, 23.2100, 23.2400, 17240
2017-06-07, 23.2500, 23.2999, 23.2400, 23.2807, 14284
2017-06-08, 23.2800, 23.3520, 22.9200, 22.9500, 50091
2017-06-09, 23.0200, 23.3300, 23.0200, 23.2151, 19417
2017-06-12, 23.2200, 23.2500, 23.2000, 23.2198, 11025
2017-06-13, 23.2200, 23.2200, 23.0500, 23.0600, 7032
2017-06-14, 23.2100, 23.2460, 23.0600, 23.2100, 11455
2017-06-15, 23.2100, 23.2338, 23.0055, 23.0600, 9477
2017-06-16, 22.9400, 23.0980, 22.9100, 22.9100, 15858
2017-06-19, 22.9100, 23.1200, 22.9000, 23.0500, 13612
2017-06-20, 23.0100, 23.0800, 22.9800, 23.0400, 21010
2017-06-21, 23.0400, 23.0400, 22.6500, 22.7000, 29221
2017-06-22, 22.7800, 23.0000, 22.7100, 22.9300, 46046
2017-06-23, 22.9200, 22.9343, 22.6100, 22.6500, 33231
2017-06-26, 22.6500, 23.3200, 22.6500, 23.1508, 28837
2017-06-27, 23.1500, 23.1650, 22.9900, 23.0700, 33467
2017-06-28, 23.0700, 23.1250, 23.0100, 23.0300, 10623
2017-06-29, 23.0300, 23.0700, 22.8100, 22.8500, 17666
2017-06-30, 22.8200, 23.1900, 22.8200, 23.1900, 15308
2017-07-03, 23.2000, 23.6100, 23.1600, 23.4700, 6772
2017-07-05, 23.4700, 23.6000, 23.3300, 23.3800, 27006
2017-07-06, 23.3800, 23.4800, 23.2600, 23.4800, 15173
2017-07-07, 23.4800, 23.4800, 23.2500, 23.4100, 34899
2017-07-10, 23.4100, 23.5000, 23.4000, 23.4000, 21499
2017-07-11, 23.3900, 23.6350, 23.2500, 23.4400, 22118
2017-07-12, 23.2400, 23.2800, 23.1112, 23.2300, 18493
2017-07-13, 23.2300, 23.5500, 23.1408, 23.2000, 17791
2017-07-14, 23.2000, 23.2200, 23.1001, 23.1798, 18117
2017-07-17, 23.1100, 23.2200, 23.0500, 23.0799, 32765
2017-07-18, 23.1500, 23.1900, 23.1066, 23.1300, 23365
2017-07-19, 23.1300, 23.2000, 23.1300, 23.1400, 21186
2017-07-20, 23.1400, 23.2900, 23.1200, 23.1200, 13827
2017-07-21, 23.1200, 23.2300, 23.1200, 23.1500, 12140
2017-07-24, 23.1500, 23.2500, 23.1500, 23.2000, 19500
2017-07-25, 23.1900, 23.2050, 23.1500, 23.1900, 12780
2017-07-26, 23.2500, 23.2500, 23.2250, 23.2333, 14335
2017-07-27, 23.2400, 23.2575, 23.1500, 23.1900, 10142
2017-07-28, 23.1900, 23.2600, 23.1800, 23.2200, 17483
2017-07-31, 23.2300, 23.3700, 23.2300, 23.2700, 36382
2017-08-01, 23.2800, 23.3500, 23.2800, 23.3200, 13388
2017-08-02, 23.3300, 23.3419, 23.2500, 23.3272, 18106
2017-08-03, 23.3300, 23.3700, 23.3170, 23.3700, 28716
2017-08-04, 23.3000, 23.4000, 23.3000, 23.3880, 23370
2017-08-07, 23.3900, 23.4600, 23.3300, 23.3900, 28591
2017-08-08, 23.3900, 23.4500, 23.3548, 23.3584, 19779
2017-08-09, 23.3600, 23.5300, 23.2650, 23.4000, 30629
2017-08-10, 23.4000, 23.5000, 23.2500, 23.2500, 22875
2017-08-11, 23.0700, 23.0700, 22.8100, 22.8400, 39309
2017-08-14, 22.8400, 23.0000, 22.8084, 22.9099, 52999
2017-08-15, 22.8600, 22.9157, 22.2500, 22.6650, 61058
2017-08-16, 22.6000, 22.7300, 22.6000, 22.6500, 13907
2017-08-17, 22.6600, 22.9200, 22.6600, 22.8700, 25896
2017-08-18, 22.8500, 22.9200, 22.8463, 22.8800, 26008
2017-08-21, 22.7600, 22.8769, 22.7500, 22.7600, 15712
2017-08-22, 22.6500, 22.8500, 22.6500, 22.8300, 16300
2017-08-23, 22.8300, 22.8500, 22.8150, 22.8300, 13230
2017-08-24, 22.8300, 22.8366, 22.8000, 22.8300, 15938
2017-08-25, 22.8500, 23.0000, 22.8000, 22.9900, 12020
2017-08-28, 22.9900, 23.0000, 22.9600, 22.9600, 13778
2017-08-29, 22.9700, 22.9700, 22.8400, 22.8500, 16291
2017-08-30, 22.9500, 23.1000, 22.9008, 23.0800, 13836
2017-08-31, 23.0800, 23.1000, 22.9200, 23.0600, 19280
2017-09-01, 22.9000, 23.1500, 22.9000, 23.1000, 14550
2017-09-05, 23.1000, 23.1000, 23.0000, 23.0500, 15888
2017-09-06, 23.0500, 23.0900, 23.0100, 23.0250, 12001
2017-09-07, 23.0300, 23.0300, 22.9850, 23.0000, 12903
2017-09-08, 23.1400, 23.1400, 23.0600, 23.1300, 9924
2017-09-11, 23.1300, 23.1400, 23.0600, 23.0600, 28542
2017-09-12, 23.0600, 23.0700, 23.0200, 23.0200, 22865
2017-09-13, 23.1700, 23.2300, 22.9500, 23.1600, 33418
2017-09-14, 23.0500, 23.0632, 22.7400, 22.8100, 35891
2017-09-15, 22.8100, 22.9140, 22.7700, 22.7700, 15020
2017-09-18, 22.7300, 22.9000, 22.7300, 22.7700, 14259
2017-09-19, 22.7300, 23.0000, 22.7300, 22.7900, 25675
2017-09-20, 22.8500, 22.8757, 22.7700, 22.8100, 27050
2017-09-21, 22.7800, 22.8500, 22.7500, 22.7500, 24893
2017-09-22, 22.8900, 22.9800, 22.7200, 22.8500, 25418
2017-09-25, 22.7600, 22.8692, 22.7500, 22.8100, 25994
2017-09-26, 22.9100, 23.0300, 22.7700, 22.9400, 43121
2017-09-27, 22.9800, 23.8750, 22.8400, 22.8500, 36967
2017-09-28, 23.1000, 23.2500, 23.0500, 23.2400, 22867
2017-09-29, 23.2000, 23.3000, 22.9300, 23.1900, 31441
2017-10-02, 23.1800, 23.1900, 23.0300, 23.1000, 24043
2017-10-03, 23.1000, 23.1000, 23.0000, 23.0000, 34079
2017-10-04, 22.9900, 23.1500, 22.9300, 23.0100, 18334
2017-10-05, 23.0800, 23.1500, 22.9800, 23.1000, 20151
2017-10-06, 23.1000, 23.1100, 22.9500, 23.1100, 13158
2017-10-09, 23.1000, 23.1100, 23.0900, 23.0900, 17203
2017-10-10, 23.0900, 23.1000, 23.0600, 23.0900, 19189
2017-10-11, 23.0900, 23.1000, 22.9900, 22.9900, 11162
2017-10-12, 23.0500, 23.0500, 22.8400, 22.8900, 24647
2017-10-13, 22.8900, 22.9000, 22.7700, 22.7700, 13022
2017-10-16, 22.8000, 23.5600, 22.8000, 23.3200, 57216
2017-10-17, 23.2500, 23.2500, 22.9401, 23.0100, 35982
2017-10-18, 23.0200, 23.0800, 22.9300, 22.9300, 23107
2017-10-19, 22.9300, 23.0499, 22.8500, 22.8700, 31920
2017-10-20, 22.8800, 23.0200, 22.8800, 22.9500, 12136
2017-10-23, 22.9700, 23.1900, 22.9000, 23.1100, 24594
2017-10-24, 23.1400, 23.1483, 22.9800, 23.0400, 13466
2017-10-25, 23.0400, 23.0900, 22.8000, 22.8900, 27773
2017-10-26, 22.8100, 22.9000, 22.8100, 22.8100, 26676
2017-10-27, 22.8100, 22.9067, 22.6300, 22.6300, 16344
2017-10-30, 22.6400, 22.8680, 22.6400, 22.6500, 19312
2017-10-31, 22.6600, 22.8900, 22.5200, 22.6300, 33723
2017-11-01, 22.6000, 22.7000, 22.5000, 22.5100, 23859
2017-11-02, 22.5100, 22.6500, 22.5000, 22.6500, 12801
2017-11-03, 22.5900, 22.5970, 22.4200, 22.4200, 12020
2017-11-06, 22.6000, 22.8399, 22.4401, 22.6200, 14822
2017-11-07, 22.6200, 22.7300, 22.6200, 22.6200, 19654
2017-11-08, 22.6400, 22.6900, 22.5700, 22.5700, 16713
2017-11-09, 22.5500, 22.7400, 22.5048, 22.7300, 30226
2017-11-10, 22.7600, 22.8300, 22.7000, 22.7900, 23953
2017-11-13, 22.6500, 22.6500, 22.4900, 22.5300, 18642
2017-11-14, 22.4100, 22.4400, 21.7700, 21.9100, 52091
2017-11-15, 21.9100, 21.9800, 21.7500, 21.8867, 40851
2017-11-16, 21.8500, 22.0400, 21.8200, 21.9600, 19768
2017-11-17, 21.9600, 22.1400, 21.9600, 22.1210, 9988
2017-11-20, 22.0400, 22.2900, 22.0000, 22.0800, 20013
2017-11-21, 22.1100, 22.2400, 22.0700, 22.1500, 15490
2017-11-22, 22.2900, 22.3000, 22.0400, 22.1200, 16273
2017-11-24, 22.1500, 22.3200, 22.0595, 22.2436, 12556
2017-11-27, 22.2400, 22.2400, 22.0000, 22.0000, 19082
2017-11-28, 22.0100, 22.1600, 21.9800, 22.0000, 25138
2017-11-29, 22.0200, 22.0846, 21.8600, 21.9600, 38114
2017-11-30, 21.9800, 22.0016, 21.8600, 21.8700, 19551
2017-12-01, 21.9000, 21.9500, 21.8700, 21.9100, 24433
2017-12-04, 22.3100, 22.3100, 21.9900, 22.0400, 20476
2017-12-05, 22.1000, 22.1199, 21.9500, 21.9500, 11357
2017-12-06, 22.0200, 22.1001, 21.9700, 22.0000, 25418
2017-12-07, 22.1100, 22.1300, 21.9700, 22.0000, 21644
2017-12-08, 22.0000, 22.0200, 21.8900, 21.8900, 26866
2017-12-11, 21.7900, 21.9930, 21.7900, 21.8900, 24317
2017-12-12, 21.8900, 21.9700, 21.8724, 21.9100, 21992
2017-12-13, 22.0100, 22.0288, 21.9050, 21.9600, 52577
2017-12-14, 21.7200, 21.7700, 21.6500, 21.7000, 70166
2017-12-15, 21.7300, 21.8000, 21.6910, 21.7600, 19576
2017-12-18, 21.7150, 21.7800, 21.6600, 21.7000, 41089
2017-12-19, 21.7600, 21.8000, 21.7400, 21.8000, 20006
2017-12-20, 21.8950, 21.9300, 21.7404, 21.9000, 31441
2017-12-21, 21.8800, 21.9700, 21.8500, 21.9400, 26944
2017-12-22, 21.9600, 22.1000, 21.8500, 22.1000, 45430
2017-12-26, 22.1000, 22.1000, 21.8700, 21.8700, 38703
2017-12-27, 22.0100, 22.0100, 21.8501, 21.8600, 36256
2017-12-28, 21.9600, 22.0000, 21.6500, 21.7500, 45633
2017-12-29, 21.7200, 21.9300, 21.7200, 21.9300, 42770
2018-01-02, 21.9300, 21.9800, 21.8300, 21.8700, 44699
2018-01-03, 21.9800, 22.0600, 21.9110, 21.9900, 15190
2018-01-04, 22.0500, 22.1000, 21.9500, 22.0400, 28691
2018-01-05, 22.1900, 22.2000, 22.0800, 22.1800, 39010
2018-01-08, 22.2300, 22.3300, 22.1700, 22.3021, 37641
2018-01-09, 22.3400, 22.3900, 22.3400, 22.3400, 38804
2018-01-10, 22.3000, 22.3900, 22.2000, 22.3100, 35452
2018-01-11, 22.2700, 22.2755, 22.0900, 22.2300, 29198
2018-01-12, 22.3200, 22.3200, 22.2407, 22.2500, 26485
2018-01-16, 22.3400, 22.3600, 22.2334, 22.2400, 50107
2018-01-17, 22.2300, 22.5636, 22.2200, 22.3200, 29852
2018-01-18, 22.4100, 22.4100, 22.2110, 22.3400, 32342
2018-01-19, 22.3800, 22.7000, 22.2110, 22.5400, 38419
2018-01-22, 22.6000, 22.8000, 22.6000, 22.7500, 31526
2018-01-23, 22.7500, 22.7800, 22.6700, 22.7068, 17643
2018-01-24, 22.7500, 22.7900, 22.5900, 22.5900, 35251
2018-01-25, 22.6500, 22.8000, 22.6007, 22.7109, 19193
2018-01-26, 22.8300, 22.9100, 22.7300, 22.7300, 14481
2018-01-29, 22.7300, 22.7300, 22.6300, 22.6595, 14694
2018-01-30, 22.6500, 22.8602, 22.3500, 22.3500, 37974
2018-01-31, 22.5000, 22.6500, 22.4712, 22.6400, 16487
2018-02-01, 22.8500, 22.8500, 22.5400, 22.5972, 18961
2018-02-02, 22.5000, 22.5000, 22.3000, 22.3000, 33665
2018-02-05, 22.5500, 22.5700, 22.2500, 22.2500, 32277
2018-02-06, 22.1000, 22.2200, 21.9000, 22.0300, 50915
2018-02-07, 22.1900, 23.1000, 22.0960, 22.6000, 37717
2018-02-08, 22.7700, 22.9900, 22.5000, 22.7400, 16229
2018-02-09, 22.7300, 22.7800, 22.4000, 22.7400, 27758
2018-02-12, 22.7400, 22.8000, 22.5500, 22.6100, 20060
2018-02-13, 22.5600, 22.8099, 22.5400, 22.5648, 19553
2018-02-14, 22.4000, 22.5500, 22.3601, 22.4500, 7981
2018-02-15, 22.4900, 22.9799, 21.9800, 22.4700, 22234
2018-02-16, 22.5500, 22.8417, 22.3901, 22.5000, 20230
2018-02-20, 22.5600, 23.0000, 22.4300, 22.6000, 24679
2018-02-21, 22.6300, 22.8000, 22.5500, 22.5900, 16939
2018-02-22, 22.7000, 22.7999, 22.7000, 22.7900, 14231
2018-02-23, 22.8200, 22.9335, 22.5900, 22.6200, 27712
2018-02-26, 22.6500, 22.6500, 22.4100, 22.4300, 19081
2018-02-27, 22.4800, 22.4900, 22.3900, 22.4100, 12602
2018-02-28, 22.5000, 22.5519, 22.4798, 22.5140, 14042
2018-03-01, 22.4700, 22.8799, 22.4700, 22.7900, 10205
2018-03-02, 22.7900, 22.8000, 22.6500, 22.6500, 13662
2018-03-05, 22.5600, 22.6200, 22.3986, 22.3986, 24352
2018-03-06, 22.5000, 22.5000, 22.1656, 22.1801, 53053
2018-03-07, 22.2200, 22.2600, 22.1400, 22.2500, 14122
2018-03-08, 22.2300, 22.4899, 22.2300, 22.4453, 18492
2018-03-09, 22.6200, 22.6200, 22.5000, 22.5000, 16653
2018-03-12, 22.9300, 22.9300, 22.5000, 22.5150, 16656
2018-03-13, 22.5500, 22.6300, 22.2600, 22.3400, 40043
2018-03-14, 22.3000, 22.3000, 21.9800, 22.0000, 17003
2018-03-15, 22.0000, 22.0500, 21.8300, 21.8400, 25193
2018-03-16, 21.8400, 21.8400, 21.4132, 21.6300, 40096
2018-03-19, 21.5800, 21.6087, 21.1609, 21.2499, 28703
2018-03-20, 21.2900, 21.4500, 21.2200, 21.4500, 31054
2018-03-21, 21.4200, 21.4300, 21.1400, 21.1600, 41679
2018-03-22, 21.3100, 21.5950, 21.0800, 21.1100, 33182
2018-03-23, 21.1500, 21.2300, 21.0800, 21.1600, 32565
2018-03-26, 21.2500, 21.3400, 21.1832, 21.3400, 12685
2018-03-27, 21.3500, 21.3999, 21.3100, 21.3848, 15019
2018-03-28, 21.5300, 22.5600, 21.4600, 21.7400, 33623
2018-03-29, 21.7400, 21.7800, 21.4400, 21.4400, 31033
2018-04-02, 21.3800, 21.4485, 21.2300, 21.2500, 22455
2018-04-03, 21.3000, 21.4000, 21.2300, 21.3800, 50013
2018-04-04, 21.2500, 21.3400, 21.0800, 21.3400, 30947
2018-04-05, 21.5700, 21.5700, 21.2881, 21.3900, 33121
2018-04-06, 21.5000, 21.7200, 21.4592, 21.6300, 50665
2018-04-09, 21.7300, 21.8800, 21.6400, 21.7500, 29876
2018-04-10, 21.8500, 21.9300, 21.8401, 21.9000, 27288
2018-04-11, 22.0000, 22.1100, 21.9200, 21.9600, 29871
2018-04-12, 21.7600, 21.8599, 21.5100, 21.5100, 47554
2018-04-13, 21.6000, 21.6000, 21.2600, 21.3000, 52312
2018-04-16, 21.4000, 21.5500, 21.3400, 21.5300, 12073
2018-04-17, 21.5300, 21.5900, 21.5000, 21.5601, 15370
2018-04-18, 21.6300, 21.6500, 21.5533, 21.5800, 28967
2018-04-19, 21.6000, 21.6710, 21.5500, 21.6300, 12085
2018-04-20, 21.6500, 21.7050, 21.5516, 21.7050, 18163
2018-04-23, 21.7400, 21.7912, 21.7000, 21.7399, 32533
2018-04-24, 21.6500, 21.8500, 21.6500, 21.7890, 34733
2018-04-25, 21.7900, 21.8404, 21.6100, 21.6100, 27195
2018-04-26, 21.6000, 22.1200, 21.5900, 21.5900, 16812
2018-04-27, 21.5900, 21.8300, 21.4000, 21.4100, 42169
2018-04-30, 21.4400, 21.8280, 21.4000, 21.4700, 21731
2018-05-01, 21.4600, 21.6571, 21.3700, 21.4700, 21483
2018-05-02, 21.4700, 21.5190, 21.4300, 21.4800, 23738
2018-05-03, 21.4900, 21.6200, 21.4500, 21.6200, 23351
2018-05-04, 21.6000, 21.7000, 21.5700, 21.5700, 16018
2018-05-07, 21.6000, 21.7800, 21.5907, 21.6600, 30795
2018-05-08, 21.7000, 21.7900, 21.6800, 21.7100, 14850
2018-05-09, 21.7900, 22.2700, 21.7400, 22.2700, 36139
2018-05-10, 22.2000, 22.2000, 22.0776, 22.1700, 25257
2018-05-11, 22.1700, 22.1700, 22.0600, 22.0900, 33769
2018-05-14, 21.9400, 21.9400, 21.7250, 21.7300, 26528
2018-05-15, 21.7300, 21.7495, 21.6100, 21.6500, 31332
2018-05-16, 21.7400, 21.7400, 21.5050, 21.6000, 30471
2018-05-17, 21.6300, 21.7500, 21.6100, 21.6500, 28208
2018-05-18, 21.7600, 22.0000, 21.7000, 21.9000, 22786
2018-05-21, 21.9400, 21.9873, 21.7500, 21.7800, 26183
2018-05-22, 21.8500, 21.8500, 21.6500, 21.7500, 34595
2018-05-23, 21.8300, 21.8800, 21.6700, 21.8600, 29104
2018-05-24, 21.8800, 22.0500, 21.7899, 21.9200, 60572
2018-05-25, 21.8600, 22.0400, 21.8200, 22.0200, 21089
2018-05-29, 21.8700, 21.9600, 21.8400, 21.9400, 31567
2018-05-30, 22.0700, 22.4500, 21.9600, 22.4500, 25896
2018-05-31, 22.3900, 22.7000, 22.1852, 22.7000, 60105
2018-06-01, 22.8500, 22.8500, 22.4101, 22.8500, 64563
2018-06-04, 22.9500, 22.9500, 22.5600, 22.6100, 30147
2018-06-05, 22.6700, 22.7000, 22.5500, 22.6100, 21373
2018-06-06, 22.7600, 22.7600, 22.3700, 22.6500, 38194
2018-06-07, 22.7600, 22.7600, 22.1700, 22.6300, 11045
2018-06-08, 22.7400, 22.7400, 22.5800, 22.6300, 22257
2018-06-11, 22.6000, 22.7412, 22.4900, 22.5200, 16361
2018-06-12, 22.6000, 22.6000, 22.4655, 22.5100, 14546
2018-06-13, 22.6100, 22.7550, 22.6100, 22.6800, 19470
2018-06-14, 22.6000, 22.6307, 22.5300, 22.5600, 14429
2018-06-15, 22.5000, 22.5900, 22.4200, 22.4500, 18210
2018-06-18, 22.4500, 22.4500, 22.1900, 22.1900, 25680
2018-06-19, 22.0600, 22.2027, 22.0600, 22.1200, 23277
2018-06-20, 22.1500, 22.2000, 22.1100, 22.1400, 18153
2018-06-21, 22.1500, 22.1600, 22.1100, 22.1600, 30793
2018-06-22, 22.2300, 22.3300, 22.1790, 22.3200, 18860
2018-06-25, 22.3300, 22.3700, 22.2700, 22.2700, 11317
2018-06-26, 22.3800, 22.4800, 22.2950, 22.4300, 15620
2018-06-27, 22.4200, 22.4700, 22.0000, 22.0000, 58954
2018-06-28, 22.0600, 22.0610, 21.7700, 21.8300, 43176
2018-06-29, 21.8500, 21.9000, 21.7700, 21.7700, 24223
2018-07-02, 21.8500, 21.9000, 21.7100, 21.7100, 21065
2018-07-03, 21.8200, 22.4000, 21.7600, 21.9400, 22194
2018-07-05, 21.9700, 22.0700, 21.9700, 22.0300, 23499
2018-07-06, 22.0900, 22.1488, 21.8800, 21.8800, 22773
2018-07-09, 21.9300, 22.1735, 21.8000, 21.9500, 21442
2018-07-10, 22.0400, 22.0400, 21.9227, 21.9400, 17430
2018-07-11, 22.0000, 22.1000, 21.9400, 21.9400, 33095
2018-07-12, 21.8000, 21.8000, 21.6400, 21.6700, 20558
2018-07-13, 21.6700, 21.8673, 21.6700, 21.7800, 15626
2018-07-16, 21.7900, 21.7900, 21.6300, 21.6500, 16727
2018-07-17, 21.7000, 21.7000, 21.6000, 21.6600, 13912
2018-07-18, 21.7000, 21.7300, 21.6200, 21.6900, 11260
2018-07-19, 21.6900, 21.7800, 21.6680, 21.7800, 12054
2018-07-20, 21.7100, 21.9000, 21.7100, 21.9000, 8456
2018-07-23, 21.8800, 22.0200, 21.8500, 22.0200, 13385
2018-07-24, 22.0600, 22.1800, 22.0500, 22.0900, 24200
2018-07-25, 22.1700, 22.1800, 22.1000, 22.1700, 17435
2018-07-26, 22.0800, 22.2300, 22.0800, 22.1000, 40293
2018-07-27, 22.1300, 22.1600, 22.0400, 22.0400, 21752
2018-07-30, 22.0600, 22.0900, 22.0300, 22.0500, 14473
2018-07-31, 22.0800, 22.1500, 22.0600, 22.0600, 24608
2018-08-01, 22.2000, 22.2200, 22.0600, 22.0800, 25462
2018-08-02, 22.1700, 22.1700, 22.1210, 22.1500, 13613
2018-08-03, 22.2000, 22.2299, 22.1800, 22.1800, 20252
2018-08-06, 22.1800, 22.2277, 22.1800, 22.2200, 15476
2018-08-07, 22.2500, 22.3000, 22.2300, 22.2700, 13647
2018-08-08, 22.3000, 22.3500, 22.2600, 22.2600, 23756
2018-08-09, 22.2700, 22.3844, 22.2700, 22.2800, 10796
2018-08-10, 22.4300, 22.4300, 22.2600, 22.3200, 18928
2018-08-13, 22.2900, 22.4833, 22.2600, 22.3200, 45529
2018-08-14, 22.1200, 22.1500, 22.0400, 22.0400, 22480
2018-08-15, 22.0700, 22.2700, 22.0634, 22.2000, 15334
2018-08-16, 22.2300, 22.2700, 22.2000, 22.2700, 16793
2018-08-17, 22.3000, 22.9447, 22.2500, 22.3600, 19271
2018-08-20, 22.3900, 22.4440, 22.3500, 22.3855, 22426
2018-08-21, 22.3000, 22.5000, 22.3000, 22.4000, 9122
2018-08-22, 22.4000, 22.5700, 22.4000, 22.5000, 21656
2018-08-23, 22.5000, 22.5900, 22.4400, 22.5900, 18020
2018-08-24, 22.6300, 22.6900, 22.6200, 22.6900, 9178
2018-08-27, 22.7500, 22.7500, 22.4400, 22.6900, 47217
2018-08-28, 22.7500, 22.7500, 22.6000, 22.6300, 25047
2018-08-29, 22.7000, 22.7500, 22.5700, 22.7300, 32872
2018-08-30, 22.7400, 22.7800, 22.5500, 22.7500, 27257
2018-08-31, 22.7200, 22.7320, 22.3000, 22.3500, 49657
2018-09-04, 22.4500, 22.8052, 22.4500, 22.4800, 20743
2018-09-05, 22.4800, 22.5500, 22.3900, 22.3900, 12757
2018-09-06, 22.4800, 22.5200, 22.4500, 22.5200, 9201
2018-09-07, 22.5000, 22.5500, 22.4000, 22.4800, 25089
2018-09-10, 22.4700, 22.5500, 22.3300, 22.3800, 41863
2018-09-11, 22.4000, 22.7555, 22.3901, 22.7555, 20245
2018-09-12, 22.7000, 23.0400, 22.7000, 23.0400, 25188
2018-09-13, 22.9000, 22.9000, 22.4200, 22.6800, 44196
2018-09-14, 22.7000, 22.7400, 22.3500, 22.3600, 12823
2018-09-17, 22.4800, 22.4800, 21.8900, 21.8900, 27152
2018-09-18, 22.1000, 22.1493, 21.8100, 21.8450, 42224
2018-09-19, 21.8400, 21.9200, 21.8100, 21.9200, 24655
2018-09-20, 21.9700, 22.0000, 21.8500, 21.8700, 18719
2018-09-21, 21.9500, 22.0450, 21.8797, 21.9000, 8856
2018-09-24, 21.9900, 21.9900, 21.8500, 21.8500, 13591
2018-09-25, 21.8600, 21.9100, 21.8200, 21.8700, 16700
2018-09-26, 21.9500, 21.9500, 21.6900, 21.8700, 37476
2018-09-27, 21.9100, 22.1100, 21.8495, 22.1100, 20195
2018-09-28, 22.1500, 22.2100, 21.9300, 22.0300, 23046
2018-10-01, 22.0000, 22.2500, 22.0000, 22.1200, 11064
2018-10-02, 22.1500, 22.2700, 22.1100, 22.2700, 13463
2018-10-03, 22.3500, 22.3600, 22.2701, 22.3295, 32230
2018-10-04, 22.3600, 22.4526, 22.2000, 22.2000, 24142
2018-10-05, 22.2000, 22.2277, 22.1000, 22.1143, 10638
2018-10-08, 22.1900, 22.1900, 22.0100, 22.1400, 20225
2018-10-09, 22.0600, 22.1000, 21.9400, 22.0070, 13385
2018-10-10, 22.0500, 22.0919, 21.7500, 21.8000, 19279
2018-10-11, 21.8100, 21.8200, 21.6773, 21.7000, 12177
2018-10-12, 21.5800, 21.6500, 21.4500, 21.4700, 35387
2018-10-15, 21.4700, 21.9500, 21.2700, 21.9500, 17400
2018-10-16, 21.9000, 22.0000, 21.8801, 21.9000, 16395
2018-10-17, 21.9100, 21.9100, 21.4400, 21.4400, 24350
2018-10-18, 21.4500, 21.4500, 21.2500, 21.2500, 19716
2018-10-19, 21.3600, 21.3600, 20.8100, 20.8100, 19065
2018-10-22, 20.9100, 20.9100, 20.4700, 20.6800, 38099
2018-10-23, 20.5800, 20.7900, 20.4601, 20.7900, 34449
2018-10-24, 20.8300, 21.0200, 20.7501, 20.9100, 14634
2018-10-25, 20.8700, 20.9085, 20.5000, 20.5000, 14360
2018-10-26, 20.5400, 20.6300, 20.5360, 20.6200, 9770
2018-10-29, 20.6800, 20.8725, 20.5600, 20.6300, 31700
2018-10-30, 20.6300, 20.6300, 20.4500, 20.4600, 15391
2018-10-31, 20.6100, 20.6290, 20.5000, 20.5000, 12413
2018-11-01, 20.5600, 20.6400, 20.5000, 20.6200, 16068
2018-11-02, 20.5500, 20.7300, 20.2100, 20.7300, 40669
2018-11-05, 20.6900, 20.6900, 20.5200, 20.5900, 25828
2018-11-06, 20.6000, 20.6900, 20.4600, 20.5000, 16658
2018-11-07, 20.5100, 20.7800, 20.2000, 20.2000, 30707
2018-11-08, 20.3200, 20.6700, 20.3200, 20.5600, 33338
2018-11-09, 20.5600, 20.5800, 20.4301, 20.5200, 16364
