2016-06-29, 10.0000, 10.0500, 10.0000, 10.0100, 1549886
2016-06-30, 10.0800, 10.2431, 10.0000, 10.1100, 245133
2016-07-01, 10.1800, 10.2899, 10.1200, 10.1500, 196946
2016-07-05, 10.1500, 10.2899, 10.0300, 10.1600, 108570
2016-07-06, 10.1600, 10.2700, 10.0100, 10.1200, 203718
2016-07-07, 10.1500, 10.2900, 10.1000, 10.1100, 210557
2016-07-08, 10.1300, 10.4000, 10.1300, 10.3000, 149761
2016-07-11, 10.7800, 10.7800, 10.4500, 10.4600, 260728
2016-07-12, 10.5000, 10.6000, 10.3500, 10.4000, 174925
2016-07-13, 10.3900, 10.4900, 10.3100, 10.3100, 146501
2016-07-14, 10.3500, 10.4100, 10.2000, 10.2300, 140119
2016-07-15, 10.3800, 11.3800, 10.2000, 10.3500, 140000
2016-07-18, 10.5500, 10.6500, 10.3510, 10.4700, 149702
2016-07-19, 10.5000, 10.5390, 10.3710, 10.4300, 56494
2016-07-20, 10.5000, 10.5900, 10.4000, 10.4900, 156607
2016-07-21, 10.6000, 10.6500, 10.4000, 10.5200, 92915
2016-07-22, 10.6400, 10.8989, 10.5500, 10.7300, 89671
2016-07-25, 10.8500, 10.9400, 10.7225, 10.7900, 184806
2016-07-26, 10.7500, 10.8500, 10.6500, 10.7600, 187244
2016-07-27, 10.7600, 10.8000, 10.6010, 10.6700, 97736
2016-07-28, 10.6400, 10.8911, 10.6400, 10.8100, 78339
2016-07-29, 10.7600, 10.9500, 10.6500, 10.9200, 183857
2016-08-01, 10.9500, 10.9500, 10.8500, 10.8700, 94727
2016-08-02, 10.9300, 10.9400, 10.7200, 10.8100, 103861
2016-08-03, 10.9390, 11.2000, 10.7300, 10.7300, 83643
2016-08-04, 10.8900, 10.9000, 10.7500, 10.7600, 71308
2016-08-05, 10.6500, 10.7650, 10.6082, 10.6400, 111669
2016-08-08, 10.7500, 10.7500, 10.6500, 10.6700, 47360
2016-08-09, 10.6400, 10.8200, 10.6400, 10.6700, 50559
2016-08-10, 10.7500, 10.8500, 10.7200, 10.7400, 59559
2016-08-11, 10.8300, 10.9400, 10.7208, 10.8800, 47372
2016-08-12, 10.9200, 10.9300, 10.8350, 10.8600, 30059
2016-08-15, 10.9400, 11.0800, 10.8500, 10.9800, 62755
2016-08-16, 10.9800, 11.0000, 10.8500, 10.9900, 59949
2016-08-17, 10.9800, 11.0000, 10.7500, 10.8200, 30818
2016-08-18, 11.0000, 11.0000, 10.6300, 10.9100, 31337
2016-08-19, 10.9800, 11.2400, 10.8650, 11.1200, 64256
2016-08-22, 10.9900, 11.0200, 10.7900, 10.8900, 70057
2016-08-23, 10.8900, 11.0938, 10.6500, 10.7400, 97651
2016-08-24, 10.8000, 10.8500, 10.4100, 10.7300, 71048
2016-08-25, 10.7300, 10.8900, 10.7100, 10.7500, 92015
2016-08-26, 10.7400, 10.8500, 10.7000, 10.7200, 66081
2016-08-29, 10.7500, 10.8900, 10.6000, 10.8400, 73884
2016-08-30, 10.9200, 10.9297, 10.7343, 10.7700, 40359
2016-08-31, 10.8300, 10.8300, 10.5100, 10.7500, 85282
2016-09-01, 10.6700, 10.9300, 10.5000, 10.5900, 63297
2016-09-02, 10.7000, 10.9500, 10.5000, 10.7300, 38900
2016-09-06, 10.7600, 10.8000, 10.3100, 10.4900, 104214
2016-09-07, 10.4600, 10.5000, 9.6210, 10.2500, 293313
2016-09-08, 10.2100, 10.4800, 10.0400, 10.2400, 229571
2016-09-09, 10.2000, 10.2092, 10.0000, 10.2000, 108453
2016-09-12, 10.2000, 10.2500, 10.1000, 10.1200, 87734
2016-09-13, 10.1364, 10.1364, 9.5200, 9.7500, 138167
2016-09-14, 9.9699, 10.1400, 9.8500, 10.0000, 140897
2016-09-15, 9.9200, 10.1500, 9.9080, 10.1300, 97078
2016-09-16, 10.1500, 10.2300, 9.9900, 10.1000, 683049
2016-09-19, 10.1400, 10.6400, 10.1000, 10.4300, 234672
2016-09-20, 10.4000, 10.4000, 10.0600, 10.1500, 227100
2016-09-21, 10.2400, 10.3500, 10.0000, 10.1500, 206714
2016-09-22, 10.2000, 10.5000, 10.1500, 10.3700, 173072
2016-09-23, 10.1600, 10.3000, 10.1200, 10.1400, 97231
2016-09-26, 10.1500, 10.1850, 9.7200, 9.9500, 220100
2016-09-27, 9.9800, 10.1500, 9.5900, 9.7000, 173779
2016-09-28, 9.7400, 10.0300, 9.5300, 9.9600, 165804
2016-09-29, 9.9000, 10.0200, 9.6200, 9.7500, 355626
2016-09-30, 9.7200, 10.0600, 9.7100, 9.7600, 1348245
2016-10-03, 9.7500, 9.8000, 9.5600, 9.6500, 132602
2016-10-04, 9.6300, 9.6300, 9.0300, 9.2000, 162617
2016-10-05, 9.2200, 9.5000, 9.0500, 9.4100, 145194
2016-10-06, 9.4000, 9.4600, 9.0300, 9.3000, 101777
2016-10-07, 9.3000, 9.4300, 9.1400, 9.2400, 68507
2016-10-10, 9.2400, 9.7300, 9.2300, 9.4000, 215698
2016-10-11, 9.4700, 9.5199, 9.2600, 9.4000, 105322
2016-10-12, 9.4400, 9.4400, 9.1500, 9.2100, 43742
2016-10-13, 9.1000, 9.4800, 8.9800, 9.2700, 87668
2016-10-14, 9.2600, 9.5500, 9.1600, 9.3900, 102232
2016-10-17, 9.3700, 9.5300, 9.2200, 9.4600, 94515
2016-10-18, 9.5000, 9.6750, 9.4200, 9.4400, 58650
2016-10-19, 9.4600, 9.6250, 9.3300, 9.4000, 40777
2016-10-20, 9.4100, 9.4100, 9.1700, 9.2100, 84665
2016-10-21, 9.2000, 9.3500, 9.1500, 9.2000, 95769
2016-10-24, 9.2900, 9.3990, 9.2162, 9.2600, 67046
2016-10-25, 9.2100, 9.5152, 9.1100, 9.2200, 72669
2016-10-26, 9.2200, 9.3150, 9.1300, 9.2100, 31997
2016-10-27, 9.2500, 9.2700, 9.0600, 9.1000, 40390
2016-10-28, 9.1000, 9.3600, 9.0400, 9.2000, 56781
2016-10-31, 9.2000, 9.7500, 9.1100, 9.7500, 231179
2016-11-01, 9.6200, 9.7300, 9.1100, 9.2200, 101151
2016-11-02, 9.2500, 9.2675, 8.7500, 8.7800, 74017
2016-11-03, 8.8600, 8.8600, 8.4200, 8.4400, 137440
2016-11-04, 8.4700, 8.5100, 8.2000, 8.3200, 126058
2016-11-07, 8.4200, 8.6000, 8.3300, 8.5000, 108202
2016-11-08, 8.4600, 8.6200, 8.3300, 8.5600, 63058
2016-11-09, 8.4300, 8.6000, 8.2784, 8.5100, 107915
2016-11-10, 8.2400, 8.3200, 6.7311, 7.8200, 476074
2016-11-11, 7.7500, 8.0000, 7.4000, 7.7900, 316509
2016-11-14, 7.7300, 7.8200, 7.4700, 7.6000, 341222
2016-11-15, 7.5100, 7.6000, 7.0400, 7.2400, 153626
2016-11-16, 7.2500, 7.3300, 7.1000, 7.2300, 133249
2016-11-17, 7.2400, 7.2800, 7.1210, 7.2300, 111257
2016-11-18, 7.2300, 7.4000, 7.2200, 7.2500, 180579
2016-11-21, 7.2500, 7.2700, 7.1700, 7.2300, 146066
2016-11-22, 7.2100, 7.6462, 7.2100, 7.5200, 231933
2016-11-23, 7.5000, 7.5000, 7.3300, 7.3600, 96516
2016-11-25, 7.3200, 7.4800, 7.3200, 7.4200, 26943
2016-11-28, 7.5000, 7.6290, 7.2200, 7.3200, 152454
2016-11-29, 7.2800, 7.5500, 7.1700, 7.3300, 112308
2016-11-30, 7.3500, 7.6100, 7.2299, 7.3100, 261652
2016-12-01, 7.3700, 7.4000, 7.1200, 7.2100, 212192
2016-12-02, 7.1900, 7.3899, 7.1500, 7.2100, 266922
2016-12-05, 7.3000, 8.0300, 7.2100, 7.8100, 345480
2016-12-06, 7.8400, 8.3900, 7.5800, 8.2500, 128741
2016-12-07, 8.3100, 8.4200, 7.8100, 8.3000, 102979
2016-12-08, 8.3100, 8.6400, 8.2200, 8.5500, 84729
2016-12-09, 8.5900, 8.6400, 8.3001, 8.4900, 59597
2016-12-12, 8.4900, 9.4600, 8.4900, 9.1600, 229026
2016-12-13, 9.2000, 9.5600, 9.0300, 9.5100, 258341
2016-12-14, 9.2500, 9.7200, 9.1200, 9.5000, 342240
2016-12-15, 9.5500, 9.6000, 9.4100, 9.5000, 251662
2016-12-16, 9.5100, 9.8800, 9.1100, 9.8800, 3067340
2016-12-19, 9.8900, 9.8900, 9.5099, 9.5600, 150459
2016-12-20, 9.5400, 9.7700, 9.5000, 9.6300, 291135
2016-12-21, 9.6300, 9.7000, 9.3100, 9.3500, 81422
2016-12-22, 9.0900, 9.2000, 8.9600, 9.0400, 67929
2016-12-23, 9.0200, 9.3700, 8.8500, 9.3100, 40478
2016-12-27, 9.2700, 9.6100, 9.1300, 9.1900, 97487
2016-12-28, 9.1400, 9.1400, 8.5400, 8.6700, 96927
2016-12-29, 8.7300, 9.1900, 8.6910, 9.1600, 80215
2016-12-30, 9.1000, 9.4777, 8.7900, 8.9200, 76794
2017-01-03, 8.9400, 9.2251, 8.7400, 8.9300, 74726
2017-01-04, 8.9000, 9.2400, 8.7600, 9.1100, 166360
2017-01-05, 9.0400, 9.1400, 8.6300, 8.7100, 89994
2017-01-06, 8.7300, 9.2500, 8.5800, 9.0300, 81489
2017-01-09, 9.0300, 9.3200, 8.8500, 9.0600, 175124
2017-01-10, 9.2400, 9.3500, 8.9501, 9.1500, 58699
2017-01-11, 9.1600, 9.1790, 8.8800, 8.9600, 57340
2017-01-12, 8.9500, 9.4500, 8.8800, 9.1800, 178929
2017-01-13, 9.2200, 9.2800, 8.6400, 8.8700, 59406
2017-01-17, 8.9500, 9.2100, 8.5710, 8.9500, 99675
2017-01-18, 8.9500, 9.1127, 8.8300, 8.9100, 37624
2017-01-19, 9.1300, 9.1300, 8.6100, 8.8000, 56125
2017-01-20, 8.7700, 8.8600, 8.6801, 8.8400, 62561
2017-01-23, 8.8100, 8.8700, 8.6100, 8.8200, 86507
2017-01-24, 8.5700, 8.9700, 8.5700, 8.9100, 88365
2017-01-25, 8.9300, 9.1250, 8.7800, 8.8800, 32395
2017-01-26, 8.8600, 9.1790, 8.7800, 9.1000, 68697
2017-01-27, 8.9800, 9.1700, 8.9200, 8.9900, 41561
2017-01-30, 9.0000, 9.0600, 8.8000, 8.8800, 59947
2017-01-31, 8.8200, 9.0400, 8.7100, 8.8500, 49752
2017-02-01, 8.8500, 8.9300, 8.4700, 8.5000, 267324
2017-02-02, 8.5300, 8.8450, 8.3000, 8.3900, 142273
2017-02-03, 8.5500, 8.5600, 8.3000, 8.4100, 230653
2017-02-06, 8.4100, 8.5400, 8.2200, 8.2500, 81078
2017-02-07, 8.2500, 8.3200, 8.1000, 8.1500, 104781
2017-02-08, 8.1500, 8.3000, 8.1500, 8.2700, 131795
2017-02-09, 8.2500, 8.4600, 8.2000, 8.4500, 235531
2017-02-10, 8.4500, 8.9000, 8.4100, 8.6900, 121649
2017-02-13, 8.7000, 9.0100, 8.5400, 8.9700, 42383
2017-02-14, 8.8300, 9.1800, 8.5300, 9.0800, 87641
2017-02-15, 9.0400, 9.0400, 8.5100, 8.8000, 82197
2017-02-16, 8.8300, 9.0300, 8.6100, 8.7000, 100669
2017-02-17, 8.7800, 8.8204, 8.4500, 8.5000, 101427
2017-02-21, 8.5500, 8.5500, 8.2700, 8.4200, 62775
2017-02-22, 8.4200, 8.5000, 8.1000, 8.4800, 124647
2017-02-23, 8.8000, 8.8000, 8.3600, 8.6200, 201302
2017-02-24, 8.5000, 8.5500, 8.4300, 8.5000, 139027
2017-02-27, 8.5600, 8.5700, 8.3800, 8.4000, 92370
2017-02-28, 8.3500, 8.4100, 8.1300, 8.4000, 122511
2017-03-01, 8.4700, 8.6100, 8.2400, 8.4300, 78432
2017-03-02, 8.4700, 8.6300, 8.2800, 8.6200, 133025
2017-03-03, 8.7600, 8.7600, 8.2700, 8.5600, 110889
2017-03-06, 8.6000, 8.6100, 8.1900, 8.3800, 100956
2017-03-07, 8.4300, 8.4300, 8.1200, 8.1700, 72372
2017-03-08, 8.2100, 8.2800, 7.9000, 8.2300, 98926
2017-03-09, 8.0200, 8.3000, 8.0200, 8.2100, 117944
2017-03-10, 8.2700, 8.2700, 8.0600, 8.2100, 60357
2017-03-13, 8.1700, 8.5300, 8.0100, 8.3500, 79970
2017-03-14, 8.3800, 8.4002, 8.0700, 8.3300, 82983
2017-03-15, 8.3600, 8.4500, 8.1400, 8.1900, 105815
2017-03-16, 8.2700, 8.2700, 8.0800, 8.1900, 90841
2017-03-17, 8.1700, 8.5300, 8.1400, 8.3400, 585003
2017-03-20, 8.3800, 8.4000, 8.2200, 8.3200, 48958
2017-03-21, 8.3200, 8.6000, 8.2000, 8.2500, 71205
2017-03-22, 8.2700, 8.5900, 8.0800, 8.5700, 152691
2017-03-23, 8.3900, 8.4800, 8.0800, 8.3800, 58109
2017-03-24, 8.3900, 8.5700, 8.2200, 8.3100, 49282
2017-03-27, 8.3200, 8.6400, 8.1700, 8.3400, 70488
2017-03-28, 8.4300, 9.0600, 8.2293, 8.9200, 258500
2017-03-29, 8.9100, 9.0900, 8.7000, 9.0100, 134133
2017-03-30, 9.0000, 9.3800, 8.9300, 9.1200, 118448
2017-03-31, 9.0900, 9.1500, 8.9100, 9.0800, 91140
2017-04-03, 9.0400, 9.2500, 8.9600, 9.2200, 55553
2017-04-04, 9.2000, 9.2100, 8.5200, 8.6100, 178113
2017-04-05, 8.6500, 8.7600, 8.1400, 8.2200, 121996
2017-04-06, 8.2100, 8.9500, 8.2000, 8.9300, 116704
2017-04-07, 8.8900, 9.1600, 8.7001, 9.1100, 105724
2017-04-10, 9.0900, 9.2471, 8.9300, 9.0300, 74074
2017-04-11, 9.0400, 9.2400, 9.0000, 9.2200, 79636
2017-04-12, 9.2100, 9.2700, 8.9100, 9.0100, 56009
2017-04-13, 8.9800, 9.1100, 8.7700, 9.0800, 47825
2017-04-17, 9.1000, 9.1900, 8.9800, 9.1000, 49497
2017-04-18, 9.0900, 9.4800, 9.0000, 9.4400, 123169
2017-04-19, 9.4900, 9.4900, 9.1100, 9.2400, 130010
2017-04-20, 9.2403, 9.4300, 9.1500, 9.4200, 113526
2017-04-21, 9.5000, 9.8750, 9.4372, 9.7300, 400679
2017-04-24, 9.8500, 10.0800, 9.7800, 9.8300, 282428
2017-04-25, 9.8900, 9.9499, 9.7500, 9.7900, 164103
2017-04-26, 9.7600, 10.0200, 9.6800, 9.7300, 178702
2017-04-27, 9.7700, 9.8400, 9.4400, 9.6700, 183097
2017-04-28, 9.6600, 9.7300, 9.1500, 9.2700, 159823
2017-05-01, 9.2800, 9.5099, 9.1500, 9.3400, 84104
2017-05-02, 9.4100, 9.4100, 9.1600, 9.2100, 90477
2017-05-03, 9.1700, 9.2000, 9.0400, 9.1100, 90471
2017-05-04, 9.0900, 9.2781, 8.9310, 9.2000, 75364
2017-05-05, 9.2000, 9.5200, 9.1500, 9.4100, 68931
2017-05-08, 9.5200, 9.8045, 9.2200, 9.5600, 95912
2017-05-09, 9.9400, 9.9600, 9.2500, 9.5400, 120923
2017-05-10, 9.8000, 9.8000, 9.3300, 9.4700, 94043
2017-05-11, 9.4300, 9.5765, 9.0201, 9.0800, 106054
2017-05-12, 9.2500, 9.3700, 9.0400, 9.3600, 52563
2017-05-15, 9.4000, 9.5300, 9.3000, 9.4500, 94465
2017-05-16, 9.5400, 9.6500, 9.4100, 9.4700, 53585
2017-05-17, 9.4500, 9.7100, 9.3100, 9.3700, 75647
2017-05-18, 9.3100, 9.5700, 9.0610, 9.5100, 72198
2017-05-19, 9.4600, 9.7000, 9.3300, 9.6000, 61693
2017-05-22, 9.6300, 9.7490, 9.4000, 9.6300, 55501
2017-05-23, 9.6500, 9.7400, 9.4800, 9.6000, 64333
2017-05-24, 9.5800, 9.7300, 9.4000, 9.6600, 59159
2017-05-25, 9.7100, 9.7100, 9.4600, 9.5700, 87686
2017-05-26, 9.5300, 9.7200, 9.4000, 9.6400, 84079
2017-05-30, 9.7100, 9.7100, 9.4000, 9.4300, 235817
2017-05-31, 9.5000, 9.5000, 9.1800, 9.2900, 130178
2017-06-01, 9.2900, 9.5100, 9.1300, 9.5000, 68820
2017-06-02, 9.4000, 9.8225, 9.1500, 9.5100, 77978
2017-06-05, 9.7000, 9.7000, 9.2800, 9.6900, 85128
2017-06-06, 9.6200, 9.6200, 9.2700, 9.4500, 92038
2017-06-07, 9.5100, 9.5900, 9.3100, 9.4400, 112805
2017-06-08, 9.5300, 9.5900, 9.2600, 9.4900, 92150
2017-06-09, 9.5300, 9.6800, 9.3600, 9.5000, 122048
2017-06-12, 9.5800, 9.7400, 9.3100, 9.4500, 139194
2017-06-13, 9.5200, 9.6000, 9.3200, 9.3900, 70007
2017-06-14, 9.4000, 9.6000, 9.3600, 9.4100, 58547
2017-06-15, 9.3600, 9.5699, 9.3600, 9.4600, 78032
2017-06-16, 9.3900, 9.5900, 9.2800, 9.3300, 546425
2017-06-19, 9.3600, 9.7890, 9.3600, 9.6600, 90684
2017-06-20, 9.6500, 9.7700, 9.6000, 9.7200, 85704
2017-06-21, 9.7600, 10.0000, 9.7600, 9.9200, 91665
2017-06-22, 9.9800, 9.9848, 9.7500, 9.9600, 126384
2017-06-23, 9.9800, 10.2500, 9.8500, 10.2300, 416019
2017-06-26, 10.2500, 10.2500, 9.7000, 9.7600, 141777
2017-06-27, 9.9000, 10.1500, 9.5100, 9.8300, 123876
2017-06-28, 8.9200, 9.0000, 8.8500, 8.8500, 1445798
2017-06-29, 8.8800, 9.0600, 8.8270, 8.9900, 473392
2017-06-30, 9.0000, 9.1000, 8.8200, 8.9400, 262974
2017-07-03, 9.0300, 9.0396, 8.8000, 8.9200, 91767
2017-07-05, 8.9500, 8.9900, 8.6800, 8.7500, 235031
2017-07-06, 8.7500, 8.8500, 8.6500, 8.7700, 210569
2017-07-07, 8.7800, 8.9000, 8.7000, 8.8500, 162608
2017-07-10, 8.9100, 8.9799, 8.7100, 8.8600, 168219
2017-07-11, 8.8500, 8.8850, 8.7000, 8.8200, 113965
2017-07-12, 8.8800, 8.9500, 8.7900, 8.8600, 142359
2017-07-13, 8.8500, 9.2000, 8.7461, 9.0900, 310583
2017-07-14, 9.1500, 9.2300, 9.0700, 9.0800, 247536
2017-07-17, 9.1500, 9.2500, 9.0800, 9.1200, 177055
2017-07-18, 9.0900, 9.2000, 8.9500, 9.2000, 121018
2017-07-19, 9.2000, 9.3800, 9.1200, 9.3500, 128994
2017-07-20, 9.3600, 9.3900, 9.1400, 9.2900, 108069
2017-07-21, 9.4000, 9.4000, 9.1500, 9.3000, 116559
2017-07-24, 9.3500, 9.3800, 9.1500, 9.2900, 80469
2017-07-25, 9.2900, 9.5000, 9.2600, 9.4500, 131143
2017-07-26, 9.4500, 9.4500, 9.2700, 9.3000, 67477
2017-07-27, 9.3100, 9.4250, 9.2200, 9.2400, 84358
2017-07-28, 9.3000, 9.3450, 9.1000, 9.2900, 91665
2017-07-31, 9.3300, 9.3600, 9.2000, 9.3000, 81183
2017-08-01, 9.3422, 9.3700, 9.1500, 9.3000, 79314
2017-08-02, 9.2700, 9.2700, 8.9600, 8.9900, 106943
2017-08-03, 8.9900, 8.9900, 8.8145, 8.9000, 57725
2017-08-04, 8.9700, 9.1300, 8.7200, 9.0100, 87850
2017-08-07, 8.9900, 9.1000, 8.6100, 9.0500, 174371
2017-08-08, 9.0100, 9.0590, 8.8100, 8.9400, 53761
2017-08-09, 9.0200, 9.0200, 8.8600, 8.9300, 72343
2017-08-10, 9.0400, 9.1100, 8.7700, 8.7800, 121953
2017-08-11, 8.8800, 9.0100, 8.6200, 8.9900, 70788
2017-08-14, 9.0000, 9.3580, 9.0000, 9.2500, 98096
2017-08-15, 9.2500, 9.3300, 9.0200, 9.1800, 160464
2017-08-16, 9.2400, 9.3500, 9.0700, 9.2800, 55987
2017-08-17, 9.2400, 9.3400, 9.1301, 9.2100, 68774
2017-08-18, 9.1000, 9.1900, 9.0200, 9.1400, 54342
2017-08-21, 9.1400, 9.3300, 8.8200, 8.9800, 115331
2017-08-22, 8.7600, 8.8000, 8.2500, 8.3600, 394419
2017-08-23, 8.2600, 8.4500, 7.8500, 8.3700, 204481
2017-08-24, 8.3500, 8.4900, 8.1100, 8.4700, 116710
2017-08-25, 8.5300, 8.8100, 8.4600, 8.7900, 106210
2017-08-28, 8.7400, 8.7500, 8.3700, 8.4300, 119529
2017-08-29, 8.4200, 8.5400, 8.3200, 8.5400, 85084
2017-08-30, 8.5400, 8.8100, 8.3200, 8.4700, 134157
2017-08-31, 8.4400, 8.7300, 8.3300, 8.4500, 124728
2017-09-01, 8.6000, 8.7500, 8.5000, 8.6200, 106839
2017-09-05, 8.6500, 9.0000, 8.6420, 8.9000, 216809
2017-09-06, 8.9200, 9.3500, 8.6400, 8.9400, 272047
2017-09-07, 9.0100, 9.2000, 8.8401, 9.0300, 139463
2017-09-08, 9.0900, 9.3000, 9.0800, 9.1800, 125105
2017-09-11, 9.2800, 9.4500, 9.0100, 9.2200, 164236
2017-09-12, 9.2200, 9.4200, 9.1450, 9.3600, 148919
2017-09-13, 9.4500, 9.4500, 9.2300, 9.4000, 148882
2017-09-14, 9.4300, 9.4600, 9.3000, 9.3600, 157609
2017-09-15, 9.3700, 9.4500, 9.2100, 9.2100, 1399881
2017-09-18, 9.2900, 9.3400, 8.6700, 8.7600, 362515
2017-09-19, 8.8300, 8.8815, 8.5000, 8.6000, 328468
2017-09-20, 8.6000, 8.7900, 8.6000, 8.7200, 114487
2017-09-21, 8.7900, 8.9500, 8.7000, 8.8300, 159221
2017-09-22, 8.8900, 9.0700, 8.7500, 8.9900, 224746
2017-09-25, 8.8500, 9.0700, 8.8000, 8.8800, 122337
2017-09-26, 8.8100, 8.9200, 8.8100, 8.8600, 91146
2017-09-27, 8.9600, 9.1100, 8.8700, 9.1000, 110014
2017-09-28, 9.1500, 9.2000, 9.0400, 9.1500, 98571
2017-09-29, 9.1500, 9.2700, 8.9600, 8.9800, 131028
2017-10-02, 9.0300, 9.3000, 9.0300, 9.2200, 177070
2017-10-03, 9.1900, 9.2200, 9.0300, 9.1600, 161869
2017-10-04, 9.2000, 9.2500, 9.0600, 9.2100, 83497
2017-10-05, 9.2500, 9.2600, 9.2200, 9.2400, 81356
2017-10-06, 9.2300, 9.2300, 9.0200, 9.1500, 83708
2017-10-09, 9.2500, 9.2500, 9.0600, 9.1200, 125484
2017-10-10, 9.2000, 9.2400, 8.9900, 9.1100, 71290
2017-10-11, 9.1948, 9.2300, 9.0400, 9.1500, 54870
2017-10-12, 9.1400, 9.2500, 9.1300, 9.2200, 53396
2017-10-13, 9.2500, 9.2500, 9.0000, 9.0500, 54014
2017-10-16, 9.0000, 9.1700, 8.9500, 9.0800, 75512
2017-10-17, 9.1300, 9.1400, 9.0300, 9.1300, 62587
2017-10-18, 9.2100, 9.2100, 9.0100, 9.1100, 55626
2017-10-19, 9.1200, 9.2500, 9.0200, 9.0900, 95848
2017-10-20, 9.1000, 9.1300, 8.9500, 9.1200, 88683
2017-10-23, 9.1100, 9.1700, 8.9600, 8.9600, 63861
2017-10-24, 9.0000, 9.0300, 8.7600, 8.7800, 85480
2017-10-25, 8.7800, 8.8500, 8.4679, 8.6700, 133151
2017-10-26, 8.7400, 8.8300, 8.5600, 8.6400, 96789
2017-10-27, 8.6400, 8.7700, 8.5710, 8.7500, 52984
2017-10-30, 8.7800, 8.9200, 8.4200, 8.4300, 54028
2017-10-31, 8.4800, 8.6500, 8.3700, 8.4600, 67872
2017-11-01, 8.5500, 8.6300, 8.3900, 8.5500, 87919
2017-11-02, 8.5100, 8.7200, 8.4500, 8.7100, 112984
2017-11-03, 8.6900, 8.9800, 8.6001, 8.8000, 67842
2017-11-06, 8.7700, 9.0400, 8.7700, 8.9700, 98272
2017-11-07, 8.9378, 9.0500, 8.7900, 9.0000, 79724
2017-11-08, 9.0000, 9.0700, 8.9400, 9.0000, 87462
2017-11-09, 8.8500, 9.2500, 8.8500, 9.1500, 87904
2017-11-10, 9.1600, 9.5000, 9.1600, 9.2800, 147254
2017-11-13, 9.2900, 9.3100, 9.0900, 9.2200, 51096
2017-11-14, 9.2600, 9.3500, 9.1500, 9.3300, 57779
2017-11-15, 9.3500, 9.5500, 9.1932, 9.2700, 110157
2017-11-16, 9.2200, 9.5800, 9.2200, 9.3900, 129545
2017-11-17, 9.3800, 9.5700, 9.2500, 9.3400, 72617
2017-11-20, 9.3400, 9.5700, 9.3400, 9.5600, 88282
2017-11-21, 9.6500, 9.7400, 9.5614, 9.5900, 82840
2017-11-22, 9.6200, 9.7097, 9.5500, 9.5900, 86465
2017-11-24, 9.5600, 9.8300, 9.5600, 9.7500, 71342
2017-11-27, 9.7500, 9.7500, 9.3145, 9.3700, 162461
2017-11-28, 9.3500, 9.5800, 9.3100, 9.5700, 71553
2017-11-29, 9.5900, 9.7000, 9.5300, 9.6100, 71002
2017-11-30, 9.6500, 9.7000, 9.4098, 9.5400, 117085
2017-12-01, 9.4600, 9.5400, 9.1500, 9.3400, 113610
2017-12-04, 9.3800, 9.5900, 9.0400, 9.0600, 150647
2017-12-05, 9.0100, 9.0900, 8.7959, 8.8800, 124523
2017-12-06, 9.0000, 9.1000, 8.8800, 8.9100, 152333
2017-12-07, 8.9300, 9.0500, 8.8200, 8.9300, 97143
2017-12-08, 8.9400, 9.0900, 8.7300, 8.7500, 141165
2017-12-11, 8.7600, 8.9300, 8.6700, 8.7900, 119589
2017-12-12, 8.8300, 8.9523, 8.6000, 8.6000, 204424
2017-12-13, 8.6500, 8.7800, 8.3900, 8.4400, 254852
2017-12-14, 8.2000, 8.4900, 8.0100, 8.3500, 453789
2017-12-15, 8.5200, 8.8000, 8.2500, 8.2500, 3978225
2017-12-18, 8.4100, 8.6300, 8.2500, 8.6000, 303321
2017-12-19, 8.5600, 8.6700, 8.2200, 8.2500, 217620
2017-12-20, 8.2900, 8.4500, 8.1700, 8.1900, 224955
2017-12-21, 8.4100, 8.4190, 8.1000, 8.3600, 280874
2017-12-22, 8.1300, 8.3200, 8.1100, 8.2800, 340847
2017-12-26, 8.3100, 8.5800, 8.3100, 8.4300, 226092
2017-12-27, 8.3700, 8.5900, 8.2500, 8.2500, 183944
2017-12-28, 8.2200, 8.5400, 8.1401, 8.3600, 124295
2017-12-29, 8.3800, 8.4300, 8.1800, 8.2000, 195930
2018-01-02, 8.2500, 8.5200, 8.1900, 8.4900, 193466
2018-01-03, 8.4600, 8.6150, 8.3704, 8.4000, 125542
2018-01-04, 8.4100, 8.5600, 8.2800, 8.4000, 115887
2018-01-05, 8.4500, 8.6400, 8.4500, 8.4700, 126217
2018-01-08, 8.4500, 8.6300, 8.4000, 8.5700, 94719
2018-01-09, 8.5700, 8.6000, 8.1500, 8.2400, 207867
2018-01-10, 8.3000, 8.3900, 8.2200, 8.3100, 86739
2018-01-11, 8.2800, 8.4400, 8.2800, 8.3800, 102568
2018-01-12, 8.4000, 8.4100, 8.1200, 8.1600, 89462
2018-01-16, 8.2000, 8.3500, 8.0400, 8.0900, 184912
2018-01-17, 8.0700, 8.2000, 8.0400, 8.1200, 102094
2018-01-18, 8.0900, 8.1000, 7.8200, 7.8300, 146857
2018-01-19, 7.8100, 7.8900, 7.7200, 7.8700, 115620
2018-01-22, 7.8300, 8.1150, 7.8110, 8.0200, 144668
2018-01-23, 8.0900, 8.2300, 8.0100, 8.1800, 107753
2018-01-24, 8.1800, 8.2102, 8.0500, 8.0900, 93972
2018-01-25, 8.1200, 8.1800, 8.0350, 8.0600, 77138
2018-01-26, 8.0600, 8.0900, 7.9300, 8.0200, 104596
2018-01-29, 8.0100, 8.0500, 7.8800, 8.0000, 175670
2018-01-30, 7.9500, 8.1200, 7.9500, 8.0200, 149111
2018-01-31, 8.0700, 8.1400, 7.9000, 8.0200, 137616
2018-02-01, 7.9700, 8.0100, 7.6100, 7.6700, 137524
2018-02-02, 7.6600, 7.6600, 7.2500, 7.4900, 148895
2018-02-05, 7.4900, 7.7190, 7.2800, 7.2900, 130021
2018-02-06, 7.2200, 7.4650, 6.9600, 7.1100, 163490
2018-02-07, 7.0800, 7.3500, 7.0599, 7.2300, 93952
2018-02-08, 7.2200, 7.3700, 6.9700, 6.9700, 119964
2018-02-09, 7.0200, 7.2700, 6.8400, 7.1900, 143083
2018-02-12, 7.2200, 7.3000, 6.9210, 7.2500, 107980
2018-02-13, 7.2400, 7.3300, 7.1100, 7.2000, 83214
2018-02-14, 7.1400, 7.2700, 7.0600, 7.2000, 64122
2018-02-15, 7.3000, 7.6500, 7.3000, 7.5900, 158985
2018-02-16, 7.5600, 7.6700, 7.5000, 7.5800, 84108
2018-02-20, 7.5200, 7.5900, 7.3100, 7.3100, 78429
2018-02-21, 7.3600, 7.4100, 7.1300, 7.1400, 83755
2018-02-22, 7.1500, 7.4000, 7.1210, 7.2700, 79822
2018-02-23, 7.3700, 7.3700, 7.1600, 7.2100, 76285
2018-02-26, 7.2300, 7.2561, 7.0100, 7.1400, 87580
2018-02-27, 7.1700, 7.2400, 6.7500, 6.7800, 205654
2018-02-28, 6.7900, 6.8800, 6.5000, 6.5000, 182197
2018-03-01, 6.4800, 6.6200, 6.4500, 6.5700, 186153
2018-03-02, 6.5200, 6.7100, 6.5100, 6.6700, 184520
2018-03-05, 6.6500, 6.7300, 6.5600, 6.5900, 189886
2018-03-06, 6.6100, 6.7300, 6.4532, 6.7100, 228911
2018-03-07, 6.6600, 6.8800, 6.5800, 6.7900, 92168
2018-03-08, 6.7900, 7.2121, 6.7514, 7.1000, 231225
2018-03-09, 7.1600, 7.1700, 6.9801, 7.0800, 147690
2018-03-12, 7.1200, 7.2400, 6.9901, 7.1300, 200573
2018-03-13, 7.2000, 7.3800, 7.1900, 7.2100, 261932
2018-03-14, 7.2900, 7.5000, 7.2600, 7.4500, 190680
2018-03-15, 7.5800, 7.6631, 7.2200, 7.3000, 301447
2018-03-16, 7.3000, 7.3550, 7.2000, 7.3200, 210721
2018-03-19, 7.4000, 7.4300, 7.1500, 7.2400, 162041
2018-03-20, 7.1500, 7.2700, 6.9000, 6.9800, 416136
2018-03-21, 6.8100, 7.0000, 6.7100, 6.8400, 169262
2018-03-22, 6.7600, 6.9709, 6.7600, 6.8800, 100752
2018-03-23, 6.8900, 6.8900, 6.5900, 6.5900, 116179
2018-03-26, 6.6600, 6.6600, 6.3400, 6.5700, 149977
2018-03-27, 6.6000, 6.7000, 6.4300, 6.5900, 135402
2018-03-28, 6.6000, 6.9700, 6.5800, 6.9400, 123247
2018-03-29, 7.1400, 7.2000, 6.9400, 6.9500, 239995
2018-04-02, 6.9700, 7.1600, 6.8100, 6.8600, 125559
2018-04-03, 6.8600, 6.9390, 6.7500, 6.7700, 100508
2018-04-04, 6.7200, 7.0500, 6.7200, 6.9900, 153881
2018-04-05, 7.0100, 7.0379, 6.9001, 7.0000, 144802
2018-04-06, 6.9900, 7.1000, 6.9500, 6.9700, 102242
2018-04-09, 6.9800, 7.0600, 6.8000, 7.0000, 155465
2018-04-10, 7.1600, 7.2000, 7.0400, 7.1000, 120616
2018-04-11, 7.0400, 7.4650, 7.0202, 7.2800, 125518
2018-04-12, 7.3000, 7.3000, 7.0600, 7.2400, 85914
2018-04-13, 7.2900, 7.3900, 7.1400, 7.3100, 151736
2018-04-16, 7.3700, 7.5800, 7.3300, 7.5500, 333386
2018-04-17, 7.6000, 7.7400, 7.4775, 7.7300, 198086
2018-04-18, 7.7200, 7.8500, 7.6700, 7.7400, 162365
2018-04-19, 7.7500, 7.8500, 7.6700, 7.7600, 274144
2018-04-20, 7.7400, 7.8400, 7.7000, 7.7600, 129772
2018-04-23, 7.7700, 7.8100, 7.6350, 7.7900, 134952
2018-04-24, 7.8700, 8.1500, 7.8700, 8.0600, 210754
2018-04-25, 8.0500, 8.0500, 7.8100, 7.8200, 118053
2018-04-26, 7.8000, 7.8350, 7.5500, 7.5900, 147069
2018-04-27, 7.5900, 7.9000, 7.5900, 7.7500, 148169
2018-04-30, 7.7500, 7.8000, 7.5800, 7.7900, 141439
2018-05-01, 7.8000, 7.9500, 7.7200, 7.9500, 82343
2018-05-02, 7.9100, 8.1900, 7.9000, 8.1600, 94592
2018-05-03, 8.0000, 8.2500, 8.0000, 8.1300, 57356
2018-05-04, 8.0600, 8.3900, 8.0600, 8.3700, 84174
2018-05-07, 8.3900, 8.5400, 8.3834, 8.4300, 94047
2018-05-08, 8.4300, 8.4500, 8.2000, 8.4300, 118375
2018-05-09, 8.4500, 8.9500, 8.3300, 8.6500, 265808
2018-05-10, 8.6100, 8.6400, 8.0800, 8.3500, 352860
2018-05-11, 8.3600, 8.5600, 8.3600, 8.4200, 165644
2018-05-14, 8.4200, 8.5100, 8.3000, 8.4800, 169068
2018-05-15, 8.4000, 8.6000, 8.3300, 8.5500, 89405
2018-05-16, 8.5400, 8.6600, 8.5200, 8.5600, 124903
2018-05-17, 8.5600, 8.6100, 8.4100, 8.4300, 45722
2018-05-18, 8.4800, 8.4800, 8.2800, 8.3800, 112935
2018-05-21, 8.3900, 8.7150, 8.3900, 8.6200, 94604
2018-05-22, 8.6300, 8.6300, 8.5500, 8.5600, 43791
2018-05-23, 8.5700, 8.7500, 8.5700, 8.6600, 91957
2018-05-24, 8.6900, 8.7300, 8.5900, 8.6800, 74211
2018-05-25, 8.6800, 8.8700, 8.6800, 8.8300, 107596
2018-05-29, 8.7500, 8.9900, 8.6800, 8.9300, 136094
2018-05-30, 8.9500, 9.1900, 8.7000, 8.8000, 260381
2018-05-31, 8.8000, 8.9800, 8.8000, 8.9400, 115937
2018-06-01, 8.9800, 9.0000, 8.8100, 8.9600, 70339
2018-06-04, 8.9400, 8.9900, 8.8300, 8.9500, 73113
2018-06-05, 8.9600, 9.0700, 8.8800, 8.9600, 78812
2018-06-06, 8.9400, 8.9800, 8.7800, 8.9800, 85919
2018-06-07, 8.9700, 9.0200, 8.8200, 8.8200, 59062
2018-06-08, 8.8000, 8.9100, 8.7800, 8.8000, 61919
2018-06-11, 8.8100, 8.9100, 8.7500, 8.8700, 45563
2018-06-12, 8.9100, 9.0900, 8.9000, 9.0100, 126084
2018-06-13, 9.0100, 9.0800, 8.8600, 8.9100, 82900
2018-06-14, 8.9100, 9.0500, 8.8675, 9.0200, 56159
2018-06-15, 9.0300, 9.2500, 9.0300, 9.1300, 167984
2018-06-18, 9.1300, 9.2500, 9.0700, 9.1100, 119104
2018-06-19, 9.1000, 9.2400, 9.0000, 9.0800, 104524
2018-06-20, 9.1400, 9.2400, 9.0200, 9.2100, 163354
2018-06-21, 9.2300, 9.2850, 9.1200, 9.2000, 133046
2018-06-22, 9.2200, 9.5400, 9.0700, 9.5300, 548220
2018-06-25, 9.3800, 9.4500, 8.8500, 9.2400, 180098
2018-06-26, 9.2800, 9.3200, 9.1900, 9.2800, 118576
2018-06-27, 9.2600, 9.2600, 9.0700, 9.0700, 190209
2018-06-28, 9.0500, 9.1090, 8.9700, 9.0000, 155099
2018-06-29, 8.9600, 9.0400, 8.8450, 8.8600, 71964
2018-07-02, 8.8000, 8.8100, 8.6500, 8.7000, 141111
2018-07-03, 8.7100, 8.9950, 8.7100, 8.8600, 69104
2018-07-05, 8.8600, 9.1100, 8.8100, 9.0000, 126245
2018-07-06, 9.0000, 9.1300, 8.9600, 9.0500, 85846
2018-07-09, 9.0500, 9.0579, 8.7600, 8.8400, 128632
2018-07-10, 8.8800, 9.0100, 8.7800, 8.8500, 61834
2018-07-11, 8.8800, 8.9500, 8.7900, 8.8100, 72602
2018-07-12, 8.8400, 8.8400, 8.6600, 8.7200, 73946
2018-07-13, 8.6900, 8.7900, 8.5500, 8.5700, 64089
2018-07-16, 8.5500, 8.6699, 8.4000, 8.5800, 252615
2018-07-17, 8.5600, 8.6200, 8.4100, 8.5100, 97851
2018-07-18, 8.4500, 8.5000, 8.3000, 8.4100, 107983
2018-07-19, 8.4100, 8.7247, 8.3600, 8.6500, 298637
2018-07-20, 8.6900, 8.7200, 8.3900, 8.4200, 144031
2018-07-23, 8.4200, 8.5000, 8.3300, 8.4000, 77190
2018-07-24, 8.4200, 8.4400, 8.3103, 8.3200, 69968
2018-07-25, 8.3200, 8.4000, 8.3000, 8.3200, 94989
2018-07-26, 8.3200, 8.4300, 8.1800, 8.3300, 71756
2018-07-27, 8.3700, 8.4200, 8.1000, 8.1900, 82252
2018-07-30, 8.1800, 8.3900, 8.1800, 8.2800, 56475
2018-07-31, 8.3000, 8.4799, 8.3000, 8.4500, 51805
2018-08-01, 8.3900, 8.4600, 8.2010, 8.4300, 65637
2018-08-02, 8.4200, 8.5757, 8.3400, 8.4700, 48579
2018-08-03, 8.4700, 8.6300, 8.4500, 8.5700, 61220
2018-08-06, 8.5700, 8.5700, 8.4700, 8.5300, 50100
2018-08-07, 8.5600, 8.5900, 8.4600, 8.5300, 66409
2018-08-08, 8.5600, 9.0000, 8.5400, 8.9000, 101441
2018-08-09, 8.9500, 9.1800, 8.7300, 8.9600, 135594
2018-08-10, 8.9600, 9.1200, 8.8400, 9.1000, 90451
2018-08-13, 9.1400, 9.2800, 9.0800, 9.2200, 194403
2018-08-14, 9.2700, 9.4200, 9.2200, 9.2900, 164507
2018-08-15, 9.3100, 9.4300, 9.1900, 9.1900, 153324
2018-08-16, 9.2100, 9.2900, 9.0600, 9.2500, 91499
2018-08-17, 9.2500, 9.4400, 9.2000, 9.4000, 109116
2018-08-20, 9.4000, 9.4900, 9.3300, 9.3500, 106458
2018-08-21, 9.4200, 9.5778, 9.3750, 9.5000, 156715
2018-08-22, 9.5000, 9.6200, 9.5000, 9.5800, 183225
2018-08-23, 9.5900, 9.7500, 9.5000, 9.6800, 157277
2018-08-24, 9.6600, 9.7200, 9.4200, 9.4900, 102276
2018-08-27, 9.4800, 9.4800, 9.3000, 9.3900, 66386
2018-08-28, 9.3800, 9.4900, 9.2900, 9.4500, 61882
2018-08-29, 9.4800, 9.5300, 9.3600, 9.4400, 137200
2018-08-30, 9.4500, 9.5500, 9.3000, 9.4600, 57742
2018-08-31, 9.4600, 9.6200, 9.4100, 9.5700, 61879
2018-09-04, 9.5700, 9.6000, 9.3125, 9.4000, 88628
2018-09-05, 9.4100, 9.6800, 9.3400, 9.6200, 107634
2018-09-06, 9.6300, 9.6900, 9.5300, 9.5700, 88392
2018-09-07, 9.5000, 9.5000, 9.3300, 9.3500, 99377
2018-09-10, 9.3600, 9.4654, 9.3000, 9.3700, 75954
2018-09-11, 9.3500, 9.4700, 9.3075, 9.4400, 92859
2018-09-12, 9.4400, 9.5000, 9.4000, 9.4700, 60794
2018-09-13, 9.5000, 9.6700, 9.4100, 9.6300, 108929
2018-09-14, 9.6400, 9.6900, 9.5500, 9.6600, 115384
2018-09-17, 9.6800, 10.0500, 9.5701, 9.8700, 251191
2018-09-18, 9.8200, 10.0300, 9.7900, 9.9200, 163251
2018-09-19, 9.7000, 9.7100, 9.4000, 9.4900, 167734
2018-09-20, 9.4500, 9.5900, 9.3500, 9.4200, 100447
2018-09-21, 9.3900, 9.5000, 9.1650, 9.2600, 179669
2018-09-24, 9.2600, 9.3382, 8.9800, 9.1100, 100123
2018-09-25, 9.1100, 9.2000, 9.0300, 9.0500, 50802
2018-09-26, 9.0500, 9.1200, 8.8800, 8.9100, 104471
2018-09-27, 8.9300, 9.2700, 8.9000, 9.1800, 142401
2018-09-28, 9.1600, 9.4200, 9.0852, 9.4200, 86275
2018-10-01, 9.4500, 9.4500, 9.2700, 9.2700, 102794
2018-10-02, 9.2900, 9.3400, 8.9776, 9.0700, 388441
2018-10-03, 9.0400, 9.2700, 9.0400, 9.0900, 78225
2018-10-04, 9.0700, 9.1300, 8.9100, 9.0300, 77690
2018-10-05, 9.0600, 9.1206, 8.9900, 9.0400, 60630
2018-10-08, 9.0600, 9.2800, 9.0600, 9.2100, 47652
2018-10-09, 9.1669, 9.3700, 9.1600, 9.2300, 49042
2018-10-10, 9.3000, 9.4300, 9.0400, 9.0700, 85694
2018-10-11, 9.1800, 9.1800, 8.9200, 8.9400, 106415
2018-10-12, 9.0100, 9.0100, 8.5700, 8.8500, 130533
2018-10-15, 8.8500, 9.0500, 8.8300, 8.9900, 56028
2018-10-16, 9.0600, 9.3200, 8.8800, 9.2400, 59394
2018-10-17, 9.2200, 9.2900, 9.0300, 9.1900, 44963
2018-10-18, 9.1800, 9.2400, 9.0300, 9.1400, 54912
2018-10-19, 9.1300, 9.2600, 9.0786, 9.1200, 63047
2018-10-22, 9.1200, 9.2700, 9.1000, 9.1400, 43479
2018-10-23, 9.0900, 9.2200, 9.0100, 9.1700, 30786
2018-10-24, 9.1600, 9.2800, 9.0800, 9.1100, 48408
2018-10-25, 9.1000, 9.2600, 9.0500, 9.2100, 45167
2018-10-26, 9.1300, 9.2000, 8.8600, 9.0000, 47988
2018-10-29, 9.1000, 9.1800, 9.0300, 9.1100, 34019
2018-10-30, 9.1300, 9.2500, 8.9500, 9.1000, 88839
2018-10-31, 9.2000, 9.2300, 9.0564, 9.1600, 67096
2018-11-01, 9.2000, 9.2300, 9.0467, 9.1100, 50794
2018-11-02, 9.1500, 9.2200, 9.0000, 9.1000, 81307
2018-11-05, 9.1100, 9.1986, 9.0500, 9.0600, 63036
2018-11-06, 9.0000, 9.3000, 9.0000, 9.3000, 33589
2018-11-07, 9.2500, 9.4500, 9.2100, 9.3400, 86046
2018-11-08, 9.3000, 9.4850, 9.2901, 9.4700, 55180
2018-11-09, 9.5000, 9.5700, 9.2531, 9.2800, 69766
