2017-06-28, 12.1000, 12.1500, 11.9900, 12.0872, 45377
2017-06-29, 12.3000, 12.3000, 11.8800, 11.9100, 95358
2017-06-30, 11.9500, 11.9500, 11.8600, 11.9200, 91451
2017-07-03, 11.7500, 11.7500, 11.6456, 11.6900, 8650
2017-07-05, 12.2500, 12.2500, 11.5700, 11.6300, 22923
2017-07-06, 11.7000, 11.7000, 11.5700, 11.5900, 11966
2017-07-07, 11.5700, 11.5750, 11.2200, 11.3400, 38631
2017-07-10, 11.6500, 11.6500, 11.3620, 11.4900, 17750
2017-07-11, 11.4050, 11.5500, 11.3751, 11.5500, 26419
2017-07-12, 11.6000, 11.7400, 11.6000, 11.6800, 11598
2017-07-13, 11.8500, 11.8500, 11.4452, 11.5600, 14594
2017-07-14, 11.8500, 11.8500, 11.6179, 11.6700, 14202
2017-07-17, 11.8400, 11.8400, 11.6600, 11.7900, 20395
2017-07-18, 12.0200, 12.0200, 11.8448, 11.9300, 19096
2017-07-19, 11.9180, 11.9493, 11.8700, 11.8700, 7780
2017-07-20, 11.8701, 12.0351, 11.8701, 11.9800, 3364
2017-07-21, 11.9579, 12.0600, 11.9400, 12.0400, 20070
2017-07-24, 12.0900, 12.0900, 12.0000, 12.0000, 2058
2017-07-25, 12.0100, 12.0100, 11.8500, 11.8500, 16448
2017-07-26, 11.7600, 12.1949, 11.7600, 12.1808, 4567
2017-07-27, 12.1000, 12.1176, 12.0200, 12.0410, 2638
2017-07-28, 12.1430, 12.3800, 12.1430, 12.3800, 8246
2017-07-31, 12.4400, 12.4400, 12.3350, 12.3600, 8410
2017-08-01, 12.4000, 12.4600, 12.3500, 12.3500, 2865
2017-08-02, 12.3010, 12.3687, 12.2976, 12.2976, 6750
2017-08-03, 12.1600, 12.2700, 12.1600, 12.2046, 7314
2017-08-04, 12.2400, 12.2400, 12.0000, 12.0000, 7952
2017-08-07, 12.0251, 12.0799, 12.0000, 12.0000, 5248
2017-08-08, 12.0100, 12.0400, 11.9000, 11.9200, 5237
2017-08-09, 12.2900, 12.2900, 12.1501, 12.1900, 7561
2017-08-10, 12.3300, 12.3783, 12.2680, 12.3600, 4551
2017-08-11, 12.5200, 12.5200, 12.3900, 12.3966, 1391
2017-08-14, 12.4200, 12.4200, 12.3185, 12.3790, 5484
2017-08-15, 12.1700, 12.1700, 12.0838, 12.1700, 2217
2017-08-16, 12.1818, 12.4200, 12.1818, 12.4199, 1362
2017-08-17, 12.4648, 12.4750, 12.4000, 12.4000, 4771
2017-08-18, 12.6049, 12.6500, 12.4342, 12.4342, 2006
2017-08-21, 12.6700, 12.6832, 12.5983, 12.6200, 23174
2017-08-22, 12.8400, 12.8400, 12.5100, 12.5200, 10023
2017-08-23, 12.6300, 12.6800, 12.5700, 12.6100, 60072
2017-08-24, 12.6590, 12.6900, 12.5400, 12.5700, 9895
2017-08-25, 12.7700, 12.8200, 12.6500, 12.6500, 15247
2017-08-28, 12.8720, 13.1680, 12.7800, 13.1400, 15527
2017-08-29, 13.6500, 13.6500, 13.2100, 13.2400, 15688
2017-08-30, 13.2100, 13.2800, 12.9311, 13.0500, 21855
2017-08-31, 13.0706, 13.3954, 13.0706, 13.3954, 4219
2017-09-01, 13.2800, 13.5100, 13.2800, 13.4800, 15158
2017-09-05, 13.6900, 13.7385, 13.5900, 13.6500, 44991
2017-09-06, 13.8700, 13.8700, 13.5500, 13.5500, 9604
2017-09-07, 13.5600, 13.9182, 13.5600, 13.8800, 6452
2017-09-08, 14.1300, 14.1300, 13.6872, 13.7350, 10340
2017-09-11, 13.4600, 13.7500, 13.4600, 13.4600, 17213
2017-09-12, 13.3700, 13.6500, 13.3700, 13.6400, 8387
2017-09-13, 13.7500, 13.7500, 13.3000, 13.4300, 31084
2017-09-14, 13.4090, 13.4676, 13.3500, 13.4000, 5359
2017-09-15, 13.5600, 13.9600, 13.3000, 13.3000, 7170
2017-09-18, 13.2000, 13.2500, 12.9400, 12.9840, 15281
2017-09-19, 13.0994, 13.1820, 13.0994, 13.1100, 2367
2017-09-20, 13.3900, 13.4300, 12.9399, 12.9500, 80430
2017-09-21, 12.9100, 13.3839, 12.9000, 12.9000, 43184
2017-09-22, 12.9100, 13.0599, 12.9000, 12.9500, 45415
2017-09-25, 13.0000, 13.1400, 12.9100, 13.0400, 36456
2017-09-26, 12.9400, 13.0947, 12.8500, 12.8500, 26634
2017-09-27, 12.7200, 12.8400, 12.6068, 12.7000, 40132
2017-09-28, 12.6500, 12.8400, 12.6400, 12.8400, 4872
2017-09-29, 12.7800, 12.7800, 12.6600, 12.6600, 4722
2017-10-02, 12.4700, 12.6000, 12.4700, 12.6000, 35721
2017-10-03, 12.5700, 12.7700, 12.5700, 12.7200, 22256
2017-10-04, 12.7800, 12.8699, 12.7800, 12.8000, 52804
2017-10-05, 12.8700, 12.9100, 12.8000, 12.8000, 27388
2017-10-06, 12.7500, 12.9700, 12.6200, 12.8880, 63747
2017-10-09, 13.1000, 13.1000, 12.9900, 13.0100, 63657
2017-10-10, 13.1500, 13.2100, 12.9500, 12.9500, 57326
2017-10-11, 13.0400, 13.1000, 12.7435, 12.9600, 34580
2017-10-12, 13.0800, 13.1376, 12.9600, 13.0800, 43125
2017-10-13, 13.1400, 13.2000, 13.0000, 13.0400, 28664
2017-10-16, 13.1400, 13.1400, 12.7500, 12.7500, 55131
2017-10-17, 12.6700, 12.9708, 12.6700, 12.7200, 40137
2017-10-18, 12.6900, 12.8600, 12.6900, 12.7100, 11243
2017-10-19, 12.7400, 12.8100, 12.7000, 12.7800, 22601
2017-10-20, 12.6100, 12.7900, 12.5000, 12.5000, 31718
2017-10-23, 12.4600, 12.5290, 12.3500, 12.4549, 37435
2017-10-24, 12.4200, 12.5000, 12.3500, 12.3626, 16302
2017-10-25, 12.3400, 12.3871, 12.2500, 12.2600, 12143
2017-10-26, 12.2500, 12.2990, 12.0500, 12.0700, 21196
2017-10-27, 12.0600, 12.2490, 12.0000, 12.1500, 15455
2017-10-30, 12.1500, 12.3360, 12.1500, 12.3029, 8214
2017-10-31, 12.3400, 12.3400, 12.1500, 12.1700, 16535
2017-11-01, 12.3000, 12.3432, 12.2000, 12.2100, 17890
2017-11-02, 12.3200, 12.3695, 12.3022, 12.3200, 8334
2017-11-03, 12.4200, 12.4200, 12.1500, 12.2400, 10416
2017-11-06, 12.2500, 12.6100, 12.2500, 12.6000, 15095
2017-11-07, 12.5900, 12.5900, 12.4000, 12.4855, 6730
2017-11-08, 12.5600, 12.6500, 12.5300, 12.5600, 10767
2017-11-09, 12.4830, 12.7345, 12.4500, 12.5380, 33401
2017-11-10, 12.5375, 12.5500, 12.3000, 12.3400, 7385
2017-11-13, 12.4200, 12.4200, 12.2475, 12.2510, 10551
2017-11-14, 12.2800, 12.5000, 12.2200, 12.3000, 7368
2017-11-15, 12.2700, 12.3545, 12.1700, 12.2945, 22001
2017-11-16, 12.3545, 12.3590, 12.2400, 12.2700, 11987
2017-11-17, 12.4400, 12.4797, 12.2701, 12.4780, 11186
2017-11-20, 12.3400, 12.3900, 12.2500, 12.3025, 13599
2017-11-21, 12.3100, 12.4584, 12.3100, 12.4452, 2162
2017-11-22, 12.5178, 12.6170, 12.5000, 12.5496, 9223
2017-11-24, 12.6500, 12.6500, 12.3958, 12.4429, 3547
2017-11-27, 12.4900, 12.6794, 12.4900, 12.5400, 5753
2017-11-28, 12.4100, 12.5448, 12.4100, 12.4700, 2391
2017-11-29, 12.4500, 12.4500, 12.2600, 12.2755, 8919
2017-11-30, 12.2500, 12.3371, 12.1750, 12.2400, 8420
2017-12-01, 12.1600, 12.3400, 12.1600, 12.2700, 5102
2017-12-04, 12.2900, 12.2900, 12.1200, 12.1200, 6572
2017-12-05, 12.1300, 12.1300, 11.9300, 11.9500, 21238
2017-12-06, 11.9650, 11.9650, 11.8000, 11.8290, 29816
2017-12-07, 11.5600, 11.7900, 11.3900, 11.7100, 17487
2017-12-08, 11.6000, 11.8400, 11.6000, 11.8097, 14081
2017-12-11, 11.7100, 11.9350, 11.7100, 11.8500, 7859
2017-12-12, 11.8500, 11.8500, 11.7500, 11.8100, 9852
2017-12-13, 11.7900, 12.2560, 11.7900, 12.2200, 24546
2017-12-14, 12.0900, 12.2471, 12.0801, 12.1919, 12284
2017-12-15, 12.1500, 12.3500, 12.1300, 12.2210, 6326
2017-12-18, 12.3500, 12.4000, 12.2700, 12.3500, 4170
2017-12-19, 12.3200, 12.3628, 12.3101, 12.3552, 3584
2017-12-20, 12.5500, 12.6000, 12.3690, 12.5400, 16350
2017-12-21, 12.5700, 12.6900, 12.5300, 12.6500, 11669
2017-12-22, 12.7800, 12.8900, 12.7400, 12.8277, 20772
2017-12-26, 12.9000, 13.0120, 12.8817, 12.9350, 9637
2017-12-27, 13.0400, 13.0400, 12.9400, 12.9900, 14859
2017-12-28, 13.0000, 13.0001, 12.7002, 12.8836, 15960
2017-12-29, 12.8900, 13.0100, 12.8167, 13.0100, 20698
2018-01-02, 12.9600, 12.9800, 12.9001, 12.9500, 26642
2018-01-03, 12.9600, 12.9600, 12.7692, 12.8400, 8807
2018-01-04, 12.7624, 12.9350, 12.7200, 12.9100, 10166
2018-01-05, 12.8500, 12.8500, 12.7799, 12.8094, 11186
2018-01-08, 12.8100, 12.8215, 12.6200, 12.6300, 15425
2018-01-09, 12.5800, 12.5800, 12.4500, 12.5000, 14475
2018-01-10, 12.5400, 12.6197, 12.5094, 12.6000, 4366
2018-01-11, 12.6777, 12.7300, 12.6100, 12.7300, 5299
2018-01-12, 12.6800, 13.0700, 12.6800, 13.0500, 25424
2018-01-16, 13.1000, 13.1650, 13.0105, 13.1200, 13544
2018-01-17, 13.1200, 13.1500, 13.0590, 13.0700, 14747
2018-01-18, 13.0700, 13.0700, 12.8400, 12.8400, 12140
2018-01-19, 12.8600, 12.9570, 12.8600, 12.9100, 9205
2018-01-22, 12.9100, 12.9100, 12.8400, 12.8400, 10178
2018-01-23, 12.8200, 13.1190, 12.7010, 13.1100, 12793
2018-01-24, 13.2500, 13.3900, 13.1800, 13.3000, 20313
2018-01-25, 13.4300, 13.4300, 13.0001, 13.0500, 15262
2018-01-26, 13.0100, 13.1500, 13.0000, 13.0600, 7256
2018-01-29, 13.0300, 13.0300, 12.7000, 12.7500, 14997
2018-01-30, 12.7250, 12.7250, 12.5410, 12.5900, 7408
2018-01-31, 12.6800, 12.8800, 12.6800, 12.8072, 5866
2018-02-01, 12.7100, 12.7500, 12.6500, 12.7364, 4216
2018-02-02, 12.6200, 12.6200, 12.3500, 12.3700, 17428
2018-02-05, 12.3000, 12.3414, 12.0400, 12.2417, 16388
2018-02-06, 12.0700, 12.2550, 12.0200, 12.1089, 20711
2018-02-07, 12.0800, 12.0800, 11.8900, 11.8900, 9729
2018-02-08, 11.8800, 12.0295, 11.8800, 11.9213, 13548
2018-02-09, 11.8500, 11.8500, 11.4000, 11.5700, 28688
2018-02-12, 11.7500, 12.1600, 11.7500, 12.1043, 12739
2018-02-13, 12.0408, 12.0943, 12.0408, 12.0698, 1449
2018-02-14, 12.1500, 12.6800, 12.1500, 12.6800, 10391
2018-02-15, 12.6600, 12.6600, 12.5750, 12.6183, 1863
2018-02-16, 12.6200, 12.6984, 12.3977, 12.4378, 12606
2018-02-20, 12.3003, 12.3003, 12.0800, 12.2399, 2808
2018-02-21, 12.2000, 12.3500, 12.2000, 12.2600, 4132
2018-02-22, 12.1800, 12.3078, 12.1800, 12.2500, 6015
2018-02-23, 12.1800, 12.4120, 12.1553, 12.3100, 4760
2018-02-26, 12.4900, 12.6900, 12.4900, 12.6398, 9750
2018-02-27, 12.5800, 12.5800, 12.2510, 12.2700, 6131
2018-02-28, 12.1400, 12.2452, 12.1400, 12.1743, 4063
2018-03-01, 12.0100, 12.3400, 12.0100, 12.3400, 5466
2018-03-02, 12.4744, 12.5400, 12.4690, 12.4690, 5836
2018-03-05, 12.3900, 12.4000, 12.2054, 12.3200, 4264
2018-03-06, 12.5000, 12.6051, 12.5000, 12.5900, 6018
2018-03-07, 12.6300, 12.6300, 12.4000, 12.4000, 1441
2018-03-08, 12.5100, 12.5100, 12.2513, 12.4197, 725
2018-03-09, 12.3750, 12.4300, 12.2851, 12.4300, 6211
2018-03-12, 12.3501, 12.4400, 12.3501, 12.4400, 1053
2018-03-13, 12.5500, 12.6200, 12.4900, 12.4900, 3826
2018-03-14, 12.4352, 12.4569, 12.3696, 12.3700, 3232
2018-03-15, 12.3400, 12.4610, 12.3200, 12.3700, 4641
2018-03-16, 12.3000, 12.4800, 12.3000, 12.4420, 2206
2018-03-19, 12.2244, 12.4479, 12.2244, 12.4180, 5079
2018-03-20, 12.4100, 12.4650, 12.4100, 12.4100, 2831
2018-03-21, 12.2900, 12.7144, 12.2900, 12.5600, 8696
2018-03-22, 12.6060, 12.6499, 12.5100, 12.5475, 688
2018-03-23, 12.7200, 12.8446, 12.7100, 12.7354, 5332
2018-03-26, 12.8300, 12.9790, 12.8150, 12.9350, 11623
2018-03-27, 12.8600, 12.8600, 12.7800, 12.7800, 1369
2018-03-28, 12.5698, 12.5698, 12.3400, 12.5300, 4593
2018-03-29, 12.5000, 12.7400, 12.4694, 12.7100, 4204
2018-04-02, 12.7500, 12.7500, 12.5300, 12.6479, 23784
2018-04-03, 12.6700, 12.6700, 12.5000, 12.5001, 8889
2018-04-04, 12.5540, 12.5800, 12.3812, 12.4152, 11259
2018-04-05, 12.2500, 12.5600, 12.2500, 12.5599, 38524
2018-04-06, 12.5500, 12.5500, 12.4200, 12.5100, 9866
2018-04-09, 12.4200, 12.5499, 12.4104, 12.5499, 3461
2018-04-10, 12.5500, 12.6500, 12.5500, 12.6500, 2868
2018-04-11, 12.6500, 12.9599, 12.6500, 12.7800, 11668
2018-04-12, 12.6600, 12.7800, 12.6100, 12.6800, 11118
2018-04-13, 12.7850, 12.8500, 12.7850, 12.8097, 3660
2018-04-16, 12.7900, 12.8500, 12.7610, 12.8200, 1903
2018-04-17, 12.8500, 12.9454, 12.8500, 12.9300, 8019
2018-04-18, 13.0400, 13.1490, 13.0240, 13.1100, 5666
2018-04-19, 13.1195, 13.1800, 13.0903, 13.0903, 2620
2018-04-20, 13.0000, 13.0400, 12.8500, 13.0400, 3909
2018-04-23, 12.8600, 12.8734, 12.7191, 12.7191, 4796
2018-04-24, 12.7760, 12.9500, 12.7760, 12.8896, 5722
2018-04-25, 12.8400, 12.9300, 12.7846, 12.7846, 1862
2018-04-26, 12.9800, 13.0401, 12.8500, 12.9600, 36209
2018-04-27, 13.0000, 13.0000, 12.8820, 12.9941, 12463
2018-04-30, 12.8800, 12.8800, 12.7210, 12.7699, 7422
2018-05-01, 12.7200, 12.8800, 12.6913, 12.8354, 3135
2018-05-02, 12.8650, 13.0900, 12.8500, 12.9417, 5949
2018-05-03, 13.1700, 13.1900, 12.9931, 13.0700, 5304
2018-05-04, 12.9601, 13.1988, 12.9601, 13.1100, 5844
2018-05-07, 13.1400, 13.2297, 13.1400, 13.1600, 13201
2018-05-08, 13.1000, 13.2490, 13.0010, 13.2400, 14468
2018-05-09, 13.2488, 13.2488, 13.1700, 13.1800, 6493
2018-05-10, 13.2175, 13.3800, 13.2175, 13.3300, 6403
2018-05-11, 13.4700, 13.4700, 13.3418, 13.3500, 6947
2018-05-14, 13.3500, 13.3868, 13.2500, 13.2500, 8862
2018-05-15, 13.0100, 13.0890, 12.9000, 12.9400, 10984
2018-05-16, 13.0122, 13.0122, 12.8500, 12.8700, 11946
2018-05-17, 12.8501, 12.9904, 12.8501, 12.9640, 2150
2018-05-18, 12.9100, 13.0300, 12.9000, 12.9800, 64062
2018-05-21, 13.0500, 13.0500, 12.9100, 12.9469, 4193
2018-05-22, 13.0100, 13.0191, 13.0000, 13.0000, 2807
2018-05-23, 12.9700, 12.9899, 12.9182, 12.9698, 4210
2018-05-24, 12.9600, 13.1500, 12.9500, 13.0600, 3829
2018-05-25, 13.1300, 13.1300, 12.9300, 12.9300, 1200
2018-05-29, 12.8300, 12.9400, 12.7299, 12.8148, 19468
2018-05-30, 12.7700, 12.9000, 12.7700, 12.8985, 2689
2018-05-31, 12.8206, 12.8900, 12.7000, 12.8300, 9215
2018-06-01, 12.6900, 12.8000, 12.5510, 12.7100, 5957
2018-06-04, 12.9100, 13.0100, 12.7860, 13.0100, 2685
2018-06-05, 12.9900, 12.9900, 12.8610, 12.8610, 1513
2018-06-06, 12.9000, 12.9850, 12.9000, 12.9800, 2378
2018-06-07, 12.9300, 13.0244, 12.8453, 12.9548, 3151
2018-06-08, 13.0000, 13.0100, 12.9500, 12.9500, 3808
2018-06-11, 13.0300, 13.0400, 12.9800, 13.0000, 7035
2018-06-12, 12.9000, 13.0500, 12.7550, 12.8783, 6444
2018-06-13, 13.0000, 13.0400, 12.9150, 12.9800, 5576
2018-06-14, 13.0499, 13.0500, 12.9408, 13.0000, 7672
2018-06-15, 12.8900, 12.9808, 12.7500, 12.7940, 15379
2018-06-18, 12.8800, 12.9545, 12.7520, 12.9179, 4889
2018-06-19, 12.7100, 12.8300, 12.7100, 12.7729, 1529
2018-06-20, 12.7603, 12.7603, 12.7100, 12.7100, 1920
2018-06-21, 12.6238, 12.6900, 12.5710, 12.6738, 3069
2018-06-22, 12.5900, 12.9010, 12.5800, 12.7998, 4674
2018-06-25, 12.6300, 12.8500, 12.6000, 12.7425, 1338
2018-06-26, 12.6500, 12.8700, 12.6500, 12.7600, 4599
2018-06-27, 12.5700, 12.6876, 12.5500, 12.5610, 3506
2018-06-28, 12.5700, 12.7522, 12.5700, 12.6500, 1306
2018-06-29, 12.6760, 12.7500, 12.6760, 12.7230, 2980
2018-07-02, 12.6900, 12.9115, 12.6900, 12.8100, 12262
2018-07-03, 12.8881, 12.9900, 12.8881, 12.9500, 4725
2018-07-05, 13.0000, 13.0000, 12.8806, 12.9800, 8582
2018-07-06, 12.9867, 13.0000, 12.9867, 12.9881, 1394
2018-07-09, 13.0200, 13.0500, 12.9900, 12.9900, 10629
2018-07-10, 12.9800, 13.0073, 12.9288, 12.9288, 2004
2018-07-11, 12.9200, 12.9250, 12.8000, 12.8100, 3799
2018-07-12, 12.8100, 12.9400, 12.8000, 12.8100, 3955
2018-07-13, 12.8000, 12.8011, 12.6318, 12.7647, 3295
2018-07-16, 12.6200, 12.6800, 12.6068, 12.6207, 5432
2018-07-17, 12.5987, 12.6500, 12.5987, 12.6500, 1639
2018-07-18, 12.7000, 12.7900, 12.6979, 12.7100, 2029
2018-07-19, 12.6100, 12.6634, 12.5651, 12.6500, 2454
2018-07-20, 12.7800, 12.7800, 12.5714, 12.6300, 2487
2018-07-23, 12.5500, 12.5800, 12.5500, 12.5500, 4917
2018-07-24, 12.6102, 12.6102, 12.4601, 12.5260, 6142
2018-07-25, 12.4200, 12.6700, 12.4200, 12.6700, 10110
2018-07-26, 12.4451, 12.6500, 12.4451, 12.5527, 2049
2018-07-27, 12.6000, 12.6000, 12.4421, 12.5200, 4613
2018-07-30, 12.5200, 12.5200, 12.3600, 12.4000, 1443
2018-07-31, 12.4500, 12.4600, 12.3800, 12.3800, 1404
2018-08-01, 12.3548, 12.3700, 12.3400, 12.3700, 848
2018-08-02, 12.3500, 12.3500, 12.1000, 12.1900, 5373
2018-08-03, 12.2500, 12.3580, 12.1900, 12.2800, 6028
2018-08-06, 12.3100, 12.3100, 12.1252, 12.2158, 5321
2018-08-07, 12.1800, 12.1800, 12.0300, 12.0300, 5519
2018-08-08, 12.0100, 12.0100, 11.9700, 12.0000, 2901
2018-08-09, 12.0300, 12.0300, 11.9300, 11.9768, 4031
2018-08-10, 11.9402, 11.9416, 11.9100, 11.9300, 4976
2018-08-13, 11.8300, 11.8300, 11.4201, 11.4840, 87492
2018-08-14, 11.9500, 11.9500, 11.2500, 11.3300, 25600
2018-08-15, 11.2000, 11.2000, 10.6500, 10.6500, 20231
2018-08-16, 10.6700, 10.8700, 10.5200, 10.5300, 9348
2018-08-17, 10.4100, 10.7999, 10.4100, 10.7535, 13649
2018-08-20, 10.7600, 10.8409, 10.6870, 10.8300, 3626
2018-08-21, 10.8200, 10.8800, 10.7700, 10.8600, 23458
2018-08-22, 11.0500, 11.0500, 10.8624, 10.9400, 6660
2018-08-23, 10.9500, 10.9500, 10.5300, 10.5800, 5543
2018-08-24, 10.6600, 11.0181, 10.6600, 10.8856, 13556
2018-08-27, 11.0200, 11.5000, 10.9000, 11.1500, 11696
2018-08-28, 11.1805, 11.1805, 10.8710, 10.8994, 7230
2018-08-29, 10.8700, 10.9800, 10.8500, 10.9000, 7423
2018-08-30, 10.7400, 10.7600, 10.6600, 10.7600, 3868
2018-08-31, 10.8200, 10.8900, 10.7600, 10.7600, 13623
2018-09-04, 10.6000, 10.6000, 10.5100, 10.5100, 16352
2018-09-05, 10.5100, 10.5435, 10.4400, 10.4400, 13855
2018-09-06, 10.4730, 10.4900, 10.4100, 10.4100, 3887
2018-09-07, 10.3400, 10.3861, 10.0000, 10.3400, 8942
2018-09-10, 10.3390, 10.3390, 10.1513, 10.1743, 3982
2018-09-11, 10.0200, 10.1300, 9.9500, 10.0900, 6908
2018-09-12, 10.1600, 10.5000, 10.1600, 10.4900, 5227
2018-09-13, 10.7200, 10.7200, 10.4148, 10.4436, 4444
2018-09-14, 10.5000, 10.5050, 10.4500, 10.4500, 3896
2018-09-17, 10.5800, 10.6006, 10.4996, 10.5899, 1513
2018-09-18, 10.6000, 10.6885, 10.5900, 10.6500, 2418
2018-09-19, 10.7744, 10.8999, 10.7744, 10.8896, 8384
2018-09-20, 10.8600, 10.9227, 10.8600, 10.9227, 1017
2018-09-21, 10.9500, 10.9900, 10.8423, 10.9020, 4143
2018-09-24, 10.9325, 10.9325, 10.7901, 10.7916, 3943
2018-09-25, 10.9800, 10.9800, 10.8422, 10.8600, 2649
2018-09-26, 10.8100, 10.8200, 10.6300, 10.6300, 5954
2018-09-27, 10.5400, 10.5734, 10.4709, 10.4709, 2877
2018-09-28, 10.4900, 10.5900, 10.4900, 10.5700, 3453
2018-10-01, 10.5000, 10.5576, 10.4301, 10.5000, 3590
2018-10-02, 10.5700, 10.7800, 10.5700, 10.6900, 6872
2018-10-03, 10.7500, 10.7533, 10.7000, 10.7000, 13509
2018-10-04, 10.7008, 10.7818, 10.7000, 10.7000, 2505
2018-10-05, 10.7000, 10.7076, 10.4251, 10.5400, 5827
2018-10-08, 10.5716, 10.6500, 10.5400, 10.6378, 6682
2018-10-09, 10.5437, 10.5800, 10.4494, 10.4882, 13243
2018-10-10, 10.2554, 10.4206, 10.2424, 10.4206, 2241
2018-10-11, 10.5600, 11.0100, 10.5600, 10.9850, 6400
2018-10-12, 11.0100, 11.1800, 11.0100, 11.0200, 34140
2018-10-15, 11.1259, 11.1800, 11.0780, 11.1270, 2849
2018-10-16, 11.1950, 11.2500, 11.0217, 11.1350, 12510
2018-10-17, 11.0980, 11.1165, 11.0144, 11.0800, 4353
2018-10-18, 11.0150, 11.1100, 11.0150, 11.0400, 3440
2018-10-19, 11.1597, 11.1600, 11.1000, 11.1000, 6167
2018-10-22, 10.9700, 11.0150, 10.9700, 11.0150, 2161
2018-10-23, 11.1400, 11.4600, 10.9947, 11.0700, 9797
2018-10-24, 11.0027, 11.0521, 11.0000, 11.0000, 5684
2018-10-25, 11.0500, 11.0500, 10.6100, 10.6100, 3039
2018-10-26, 10.7450, 10.7452, 10.6300, 10.6500, 4279
2018-10-29, 10.5300, 10.8356, 10.5108, 10.5500, 12262
2018-10-30, 10.4700, 10.6000, 10.4700, 10.5000, 1031
2018-10-31, 10.5090, 10.5324, 10.4800, 10.4800, 3295
2018-11-01, 10.6700, 10.8733, 10.6500, 10.8300, 7996
2018-11-02, 10.8500, 10.9141, 10.8500, 10.8700, 4455
2018-11-05, 10.6600, 10.7500, 10.6600, 10.6867, 771
2018-11-06, 10.7100, 10.7100, 10.6208, 10.6867, 5418
2018-11-07, 10.9000, 10.9000, 10.7200, 10.7400, 4553
2018-11-08, 10.7100, 10.7100, 10.5200, 10.5500, 7067
2018-11-09, 10.5000, 10.5500, 10.4824, 10.4824, 5139
