2012-05-08, 25.0300, 25.0600, 24.9650, 25.0300, 30124
2012-05-09, 25.0400, 25.4500, 24.8400, 24.8800, 26210
2012-05-10, 24.8200, 25.2000, 24.7800, 24.8300, 3100
2012-05-11, 24.7800, 24.9600, 24.7500, 24.7500, 5120
2012-05-14, 24.6900, 24.6900, 24.5100, 24.5100, 3095
2012-05-15, 24.3000, 24.3100, 24.2400, 24.2400, 4810
2012-05-16, 24.0700, 24.1000, 23.9410, 23.9410, 10835
2012-05-17, 23.8194, 24.0900, 23.7700, 23.8400, 16990
2012-05-18, 23.6400, 23.6400, 23.5000, 23.5000, 9800
2012-05-21, 23.9200, 23.9200, 23.5840, 23.6400, 2885
2012-05-22, 23.6400, 23.6700, 23.6400, 23.6592, 2360
2012-05-23, 23.6800, 23.6800, 23.6560, 23.6800, 975
2012-05-24, 23.6300, 23.6600, 23.5999, 23.6592, 1800
2012-05-25, 23.6500, 23.6900, 23.6199, 23.6900, 17895
2012-05-29, 23.7000, 23.8170, 23.7000, 23.7700, 7040
2012-05-30, 23.9500, 23.9500, 23.5200, 23.5200, 1100
2012-05-31, 23.3699, 23.4200, 23.3699, 23.4120, 1350
2012-06-01, 23.2235, 23.2700, 23.1901, 23.1901, 6535
2012-06-04, 23.0500, 23.0800, 23.0500, 23.0504, 4895
2012-06-05, 23.0700, 23.1000, 23.0566, 23.1000, 1475
2012-06-06, 23.5699, 23.6100, 23.5699, 23.6099, 13520
2012-06-07, 23.7100, 23.9400, 23.5200, 23.5800, 25040
2012-06-08, 23.6300, 23.6300, 23.4500, 23.5300, 3100
2012-06-11, 23.5725, 23.6200, 23.5446, 23.6000, 9505
2012-06-12, 23.6100, 23.6800, 23.5283, 23.6510, 5780
2012-06-13, 23.7500, 23.8000, 23.7500, 23.7800, 2380
2012-06-14, 23.8000, 24.2000, 23.7100, 24.2000, 14600
2012-06-15, 24.0500, 24.1900, 23.7900, 23.8900, 48773
2012-06-18, 24.4200, 24.4200, 23.8700, 23.9000, 20841
2012-06-19, 23.9500, 24.3000, 23.9500, 24.2500, 4911
2012-06-20, 24.3900, 24.5000, 24.3200, 24.4500, 30695
2012-06-21, 24.3440, 24.4800, 24.0600, 24.0600, 12800
2012-06-22, 24.2800, 24.2800, 23.9500, 24.0088, 8094
2012-06-25, 23.6000, 24.2900, 23.6000, 23.9100, 22633
2012-06-26, 23.9200, 24.0000, 23.9000, 23.9800, 34798
2012-06-27, 23.9900, 24.0800, 23.9600, 24.0800, 13844
2012-06-28, 24.1800, 24.1800, 24.0000, 24.0100, 22525
2012-06-29, 24.2500, 24.5499, 24.2500, 24.5400, 14915
2012-07-02, 24.6800, 24.6899, 24.4300, 24.4999, 10364
2012-07-03, 24.6700, 24.7400, 24.6005, 24.7000, 7985
2012-07-05, 24.5000, 24.5500, 24.4300, 24.5440, 7802
2012-07-06, 24.6200, 24.6200, 24.4716, 24.5199, 3741
2012-07-09, 24.4800, 24.4800, 24.1200, 24.3500, 10066
2012-07-10, 24.4800, 24.4800, 24.3774, 24.3774, 2495
2012-07-11, 24.5500, 24.5500, 24.4500, 24.4800, 10752
2012-07-12, 24.4500, 24.4799, 24.3300, 24.4700, 13711
2012-07-13, 24.4500, 24.4699, 24.3801, 24.4599, 10464
2012-07-16, 24.5651, 24.6000, 24.5018, 24.5400, 5439
2012-07-17, 24.7699, 24.7890, 24.7100, 24.7500, 8972
2012-07-18, 24.6300, 24.7600, 24.6300, 24.7600, 4700
2012-07-19, 24.5100, 25.0100, 24.5100, 24.9900, 11879
2012-07-20, 25.0000, 25.0000, 24.8331, 24.8699, 4190
2012-07-23, 24.5199, 24.5600, 24.4500, 24.5600, 1970
2012-07-24, 24.4600, 24.4600, 24.4000, 24.4400, 4155
2012-07-25, 24.5099, 24.5099, 24.3800, 24.4000, 13325
2012-07-26, 24.5100, 24.7500, 24.4900, 24.7200, 13625
2012-07-27, 24.9400, 25.0700, 24.6400, 24.6400, 12769
2012-07-30, 24.9800, 25.0700, 24.8700, 25.0700, 14915
2012-07-31, 25.1000, 25.1600, 25.0500, 25.1000, 7557
2012-08-01, 25.1499, 25.2200, 25.1000, 25.1000, 12770
2012-08-02, 25.1000, 25.1000, 24.7500, 24.7500, 12300
2012-08-03, 25.0500, 25.0500, 24.2800, 24.4200, 44251
2012-08-06, 25.1000, 25.2500, 24.8500, 25.2500, 17251
2012-08-07, 25.2850, 25.4300, 25.2850, 25.3800, 18901
2012-08-08, 25.3000, 25.3990, 25.2500, 25.2900, 3918
2012-08-09, 25.2500, 25.3199, 25.2000, 25.3190, 7675
2012-08-10, 25.2000, 25.3400, 25.2000, 25.3400, 10528
2012-08-13, 25.3700, 25.4099, 25.2801, 25.3000, 5212
2012-08-14, 25.4300, 25.4600, 25.4000, 25.4000, 12432
2012-08-15, 25.3500, 25.3800, 25.2250, 25.3800, 4836
2012-08-16, 25.4500, 25.5500, 25.4500, 25.5100, 8928
2012-08-17, 25.5000, 25.5600, 25.4700, 25.5000, 8285
2012-08-20, 25.4700, 25.5300, 25.4400, 25.5165, 4416
2012-08-21, 25.6000, 25.6800, 25.5401, 25.6480, 10660
2012-08-22, 25.5892, 25.6000, 25.4900, 25.5700, 2660
2012-08-23, 25.5200, 25.5999, 25.4720, 25.5799, 12890
2012-08-24, 25.4500, 25.4600, 25.4000, 25.4000, 8064
2012-08-27, 25.5000, 25.5188, 25.4300, 25.4999, 1567
2012-08-28, 25.4800, 25.7300, 25.4800, 25.5200, 27210
2012-08-29, 25.6100, 25.6300, 25.5200, 25.6100, 9276
2012-08-30, 25.5200, 25.6000, 25.4500, 25.4500, 13490
2012-08-31, 25.4800, 25.6599, 25.4800, 25.6457, 6168
2012-09-04, 25.4500, 25.7499, 25.4500, 25.6574, 19995
2012-09-05, 25.6500, 25.6600, 25.5100, 25.5800, 17929
2012-09-06, 25.7000, 25.8500, 25.7000, 25.8400, 18498
2012-09-07, 26.0400, 26.1500, 26.0400, 26.1490, 23797
2012-09-10, 26.0400, 26.1590, 25.9900, 25.9900, 10921
2012-09-11, 26.2000, 26.3000, 26.1000, 26.1600, 76010
2012-09-12, 26.4600, 26.4600, 26.2200, 26.2700, 28871
2012-09-13, 26.3000, 26.3800, 26.2300, 26.3800, 7500
2012-09-14, 26.6400, 26.7100, 26.5200, 26.5200, 19264
2012-09-17, 26.6100, 26.6600, 26.4500, 26.5800, 19340
2012-09-18, 26.4800, 26.5100, 26.3800, 26.4308, 17180
2012-09-19, 26.4400, 26.5500, 26.4308, 26.5200, 29661
2012-09-20, 26.4700, 26.4700, 26.2700, 26.2700, 25084
2012-09-21, 26.4900, 26.4900, 26.3600, 26.3600, 16445
2012-09-24, 26.1501, 26.3414, 26.1501, 26.2483, 2073
2012-09-25, 26.4700, 26.4700, 26.2800, 26.2800, 10348
2012-09-26, 26.2700, 26.2700, 26.0000, 26.1299, 10739
2012-09-27, 26.0900, 26.2150, 26.0900, 26.2100, 18592
2012-09-28, 26.1300, 26.1400, 26.0500, 26.0800, 5240
2012-10-01, 26.1199, 26.1500, 26.0352, 26.0352, 5202
2012-10-02, 26.0873, 26.1300, 26.0300, 26.1200, 36521
2012-10-03, 26.1800, 26.1800, 26.0400, 26.0400, 18781
2012-10-04, 26.0500, 26.1600, 26.0300, 26.1200, 17551
2012-10-05, 26.3000, 26.3100, 26.2300, 26.2700, 23019
2012-10-08, 26.2200, 26.2990, 26.2001, 26.2600, 12520
2012-10-09, 26.2500, 26.2599, 26.0100, 26.1100, 19266
2012-10-10, 26.1817, 26.1900, 26.0600, 26.1790, 12958
2012-10-11, 26.2400, 26.2800, 26.2290, 26.2700, 5260
2012-10-12, 26.2900, 26.3099, 26.2200, 26.3099, 12333
2012-10-15, 26.3101, 26.3300, 26.1500, 26.2501, 8390
2012-10-16, 26.3800, 26.4600, 26.1200, 26.4252, 3551
2012-10-17, 26.5434, 26.6800, 26.5434, 26.6800, 11979
2012-10-18, 26.6900, 26.6900, 26.6270, 26.6900, 6033
2012-10-19, 26.4900, 26.5600, 26.3900, 26.5590, 7559
2012-10-22, 26.4000, 26.6010, 26.4000, 26.5000, 5150
2012-10-23, 26.4100, 26.4100, 26.2101, 26.3900, 12248
2012-10-24, 26.3600, 26.5100, 26.3600, 26.4000, 6158
2012-10-25, 26.4500, 26.5600, 26.3900, 26.4700, 6908
2012-10-26, 26.3900, 26.4599, 26.3900, 26.4599, 4872
2012-10-31, 26.8700, 26.8700, 26.5360, 26.7983, 8083
2012-11-01, 26.4800, 26.6500, 26.4101, 26.4500, 24832
2012-11-02, 26.3100, 26.3110, 26.2100, 26.2600, 7042
2012-11-05, 26.2800, 26.2800, 26.1245, 26.1299, 5675
2012-11-06, 26.1500, 26.1700, 26.1200, 26.1380, 4959
2012-11-07, 26.2600, 26.2600, 25.9200, 26.2200, 25191
2012-11-08, 26.1000, 26.1400, 25.9300, 25.9800, 6192
2012-11-09, 25.9300, 25.9300, 25.4700, 25.5700, 8497
2012-11-12, 25.6300, 25.6900, 25.4200, 25.4200, 10054
2012-11-13, 25.5500, 25.5500, 25.2280, 25.5328, 12680
2012-11-14, 25.5500, 25.5500, 25.1810, 25.2500, 14445
2012-11-15, 25.1500, 25.2600, 25.0100, 25.0980, 11428
2012-11-16, 25.1800, 25.1800, 25.1337, 25.1700, 12934
2012-11-19, 25.3900, 25.4800, 25.3340, 25.4699, 8729
2012-11-20, 25.4600, 25.5300, 25.3990, 25.5000, 12952
2012-11-21, 25.5400, 25.5400, 25.4601, 25.5399, 3310
2012-11-23, 25.6900, 26.1096, 25.6900, 25.8100, 20610
2012-11-26, 25.7700, 25.9200, 25.7700, 25.9100, 29698
2012-11-27, 25.9000, 25.9200, 25.8699, 25.9000, 10588
2012-11-28, 25.8800, 25.8800, 25.8000, 25.8800, 17440
2012-11-29, 26.0198, 26.0200, 26.0001, 26.0001, 9930
2012-11-30, 25.9200, 26.1800, 25.9200, 26.1800, 12591
2012-12-03, 26.4800, 26.8400, 26.1499, 26.1700, 9685
2012-12-04, 26.0000, 26.1390, 26.0000, 26.0560, 6654
2012-12-05, 26.0200, 26.0734, 26.0000, 26.0500, 12170
2012-12-06, 26.0400, 26.0500, 25.9800, 25.9899, 4280
2012-12-07, 26.0800, 26.0800, 25.8501, 25.9499, 2394
2012-12-10, 26.0299, 26.0900, 25.9805, 26.0900, 16318
2012-12-11, 26.0530, 26.1100, 26.0500, 26.1099, 3694
2012-12-12, 26.1472, 26.2400, 26.1106, 26.2399, 6764
2012-12-13, 26.2000, 26.2300, 26.1500, 26.1500, 16435
2012-12-14, 26.2000, 26.4450, 26.2000, 26.2900, 8360
2012-12-17, 26.2200, 26.3400, 26.2200, 26.2900, 5337
2012-12-18, 26.3900, 26.4900, 26.3300, 26.3900, 39267
2012-12-19, 26.4400, 26.4400, 26.3320, 26.4300, 9385
2012-12-20, 26.5500, 26.5500, 26.4544, 26.5000, 19228
2012-12-21, 26.3700, 26.5500, 26.3700, 26.4223, 18127
2012-12-24, 26.2500, 26.2600, 26.2500, 26.2600, 500
2012-12-26, 26.3100, 26.4300, 26.2500, 26.3400, 12920
2012-12-27, 26.2600, 26.2600, 25.8700, 26.0400, 28194
2012-12-28, 25.9900, 26.1000, 25.7200, 26.0200, 19095
2012-12-31, 26.2100, 26.2290, 25.9800, 26.2140, 60666
2013-01-02, 26.1900, 26.3400, 26.1600, 26.3400, 24992
2013-01-03, 26.3500, 26.3900, 26.3201, 26.3890, 7305
2013-01-04, 26.3600, 26.5500, 26.3400, 26.5494, 27829
2013-01-07, 26.5800, 26.5800, 26.3634, 26.5000, 12756
2013-01-08, 26.5700, 26.5700, 26.4600, 26.4600, 11115
2013-01-09, 26.5501, 26.6600, 26.5501, 26.6500, 18631
2013-01-10, 26.7300, 26.8700, 26.7200, 26.8400, 14175
2013-01-11, 26.8700, 26.8900, 26.8340, 26.8550, 11983
2013-01-14, 26.8700, 26.9900, 26.8300, 26.9800, 12827
2013-01-15, 26.8399, 26.9399, 26.8399, 26.9190, 23135
2013-01-16, 26.9100, 26.9600, 26.8800, 26.9300, 13604
2013-01-17, 27.0000, 27.1400, 27.0000, 27.0900, 23004
2013-01-18, 26.9900, 27.2300, 26.9650, 27.1500, 20673
2013-01-22, 27.2500, 27.2500, 26.9796, 27.0100, 39281
2013-01-23, 27.1700, 27.2000, 27.0200, 27.1300, 8391
2013-01-24, 27.2400, 27.2400, 27.1500, 27.2100, 21722
2013-01-25, 27.2800, 27.2800, 27.2100, 27.2500, 22628
2013-01-28, 27.3100, 27.3100, 27.2050, 27.2600, 69450
2013-01-29, 27.3500, 27.3700, 27.2700, 27.3600, 33332
2013-01-30, 27.3500, 27.3800, 27.2100, 27.2900, 36191
2013-01-31, 27.1300, 27.3800, 27.1300, 27.2920, 41100
2013-02-01, 27.3800, 27.5200, 27.3300, 27.4450, 51911
2013-02-04, 27.3600, 27.3700, 27.1000, 27.1100, 25215
2013-02-05, 27.1000, 27.2190, 27.0452, 27.1669, 33016
2013-02-06, 27.1000, 27.1499, 27.0504, 27.1225, 29724
2013-02-07, 27.1500, 27.1500, 26.8600, 26.9100, 285233
2013-02-08, 27.1000, 27.1000, 26.9716, 27.0700, 12260
2013-02-11, 27.0800, 27.1300, 26.9400, 27.1300, 46850
2013-02-12, 27.1800, 27.2200, 27.1200, 27.1700, 21946
2013-02-13, 27.3200, 27.3200, 27.1900, 27.2400, 16888
2013-02-14, 27.2400, 27.2400, 27.0800, 27.1100, 48432
2013-02-15, 27.1600, 27.2100, 27.0900, 27.1502, 55321
2013-02-19, 27.1200, 27.1378, 26.9800, 27.0200, 31036
2013-02-20, 27.0400, 27.0400, 26.7800, 26.8357, 21682
2013-02-21, 26.8700, 26.8700, 26.4500, 26.4900, 62560
2013-02-22, 26.6300, 26.7700, 26.5800, 26.7300, 26671
2013-02-25, 26.9100, 26.9100, 26.4000, 26.4000, 18774
2013-02-26, 26.4600, 26.4720, 26.3000, 26.4340, 6197
2013-02-27, 26.5000, 26.7000, 26.4872, 26.6800, 20055
2013-02-28, 26.7099, 26.7600, 26.6910, 26.7600, 19487
2013-03-01, 26.7400, 26.7543, 26.6100, 26.7400, 13902
2013-03-04, 26.7600, 26.7600, 26.6789, 26.7300, 17348
2013-03-05, 26.8900, 27.1500, 26.8201, 26.9400, 123918
2013-03-06, 26.9500, 26.9500, 26.7837, 26.8170, 24487
2013-03-07, 26.8900, 26.9800, 26.7000, 26.7000, 45360
2013-03-08, 26.8800, 26.8900, 26.7100, 26.7100, 46806
2013-03-11, 26.9500, 27.1000, 26.8899, 27.0300, 16935
2013-03-12, 27.1200, 27.1900, 26.9900, 27.0300, 35405
2013-03-13, 27.0100, 27.0300, 26.8800, 26.9500, 23605
2013-03-14, 27.0500, 27.0500, 26.9700, 27.0300, 15797
2013-03-15, 27.0499, 27.3000, 27.0499, 27.1300, 68243
2013-03-18, 26.8600, 26.8800, 26.7000, 26.7800, 22649
2013-03-19, 26.8700, 26.8700, 26.5600, 26.6850, 21675
2013-03-20, 26.7135, 26.8800, 26.7120, 26.7600, 36145
2013-03-21, 26.7500, 26.7590, 26.7000, 26.7000, 12548
2013-03-22, 26.6500, 26.7900, 26.6500, 26.7599, 11878
2013-03-25, 26.7599, 26.7600, 26.7000, 26.7100, 17071
2013-03-26, 26.7500, 26.7700, 26.6600, 26.7200, 22976
2013-03-27, 26.7100, 26.8200, 26.7001, 26.7900, 24798
2013-03-28, 26.8600, 27.0099, 26.7980, 26.9000, 21255
2013-04-01, 26.8800, 26.9600, 26.8300, 26.8300, 18248
2013-04-02, 26.9100, 26.9800, 26.7900, 26.9800, 28266
2013-04-03, 26.8500, 26.9900, 26.7700, 26.8300, 19213
2013-04-04, 26.7200, 26.9000, 26.5000, 26.8900, 11917
2013-04-05, 26.9200, 26.9800, 26.8601, 26.9765, 4515
2013-04-08, 26.8800, 26.9500, 26.8800, 26.9500, 12196
2013-04-09, 27.2100, 27.3600, 27.1000, 27.3000, 23440
2013-04-10, 27.4600, 27.5499, 27.1700, 27.5100, 63120
2013-04-11, 27.7500, 27.7500, 27.5037, 27.6000, 44193
2013-04-12, 27.8000, 27.8157, 27.4875, 27.6000, 19197
2013-04-15, 27.6800, 27.7000, 27.1100, 27.1100, 22233
2013-04-16, 27.1500, 27.2600, 27.0800, 27.2260, 20657
2013-04-17, 27.2000, 27.2900, 27.0200, 27.0350, 42609
2013-04-18, 27.1100, 27.1900, 27.0800, 27.1401, 8309
2013-04-19, 27.2500, 27.3300, 27.2340, 27.3000, 339639
2013-04-22, 27.2800, 27.3500, 27.2800, 27.3490, 18681
2013-04-23, 27.3300, 27.5500, 27.3300, 27.5400, 44219
2013-04-24, 27.5600, 27.7500, 27.5500, 27.6800, 46421
2013-04-25, 27.7690, 27.8800, 27.6000, 27.7730, 19566
2013-04-26, 27.6800, 27.7499, 27.5800, 27.7000, 82129
2013-04-29, 27.7700, 27.9648, 27.7201, 27.9500, 21786
2013-04-30, 27.9100, 27.9900, 27.8800, 27.9500, 18239
2013-05-01, 28.1100, 28.1100, 27.8000, 27.8000, 24957
2013-05-02, 27.5700, 27.9000, 27.3400, 27.8900, 45616
2013-05-03, 27.9500, 28.1390, 27.9082, 28.0700, 32296
2013-05-06, 28.2300, 28.2300, 28.0107, 28.0500, 20620
2013-05-07, 28.1400, 28.1900, 28.1100, 28.1500, 20480
2013-05-08, 28.4500, 28.4900, 28.0000, 28.2900, 27110
2013-05-09, 28.3000, 28.3100, 28.1100, 28.2140, 96872
2013-05-10, 28.1400, 28.2000, 28.0700, 28.2000, 15384
2013-05-13, 28.2500, 28.2600, 28.0000, 28.1500, 26443
2013-05-14, 28.0800, 28.1000, 28.0000, 28.0000, 33874
2013-05-15, 28.0000, 28.0000, 27.8310, 27.9000, 40346
2013-05-16, 27.7000, 27.8858, 27.6400, 27.6700, 75897
2013-05-17, 27.7400, 27.8090, 27.7400, 27.7600, 35239
2013-05-20, 27.8800, 27.8800, 27.7500, 27.8590, 56244
2013-05-21, 27.8400, 27.9000, 27.6300, 27.8400, 209727
2013-05-22, 27.6400, 27.8400, 27.5500, 27.5815, 63089
2013-05-23, 27.4900, 27.4900, 27.0200, 27.1100, 114013
2013-05-24, 27.2100, 27.2200, 26.9550, 27.0700, 57455
2013-05-28, 27.4500, 27.6100, 26.9300, 27.2250, 56356
2013-05-29, 27.2500, 27.2800, 27.0300, 27.0400, 32575
2013-05-30, 27.1900, 27.1900, 26.8200, 26.9500, 37063
2013-05-31, 26.8500, 26.9300, 26.4900, 26.7600, 62684
2013-06-03, 26.9500, 26.9500, 26.2100, 26.7600, 39760
2013-06-04, 26.8000, 26.8800, 26.5584, 26.7300, 30350
2013-06-05, 26.6400, 26.6400, 26.3801, 26.4500, 33349
2013-06-06, 26.5200, 26.5650, 26.2100, 26.4500, 42712
2013-06-07, 26.2900, 26.7150, 26.2900, 26.6470, 59131
2013-06-10, 26.6100, 26.6100, 26.3600, 26.4000, 20748
2013-06-11, 26.0700, 26.2999, 25.4600, 25.5500, 107838
2013-06-12, 25.7600, 26.4900, 25.3543, 25.4684, 81885
2013-06-13, 25.8000, 25.8300, 25.3150, 25.6000, 35348
2013-06-14, 25.9187, 25.9800, 25.6400, 25.9150, 48171
2013-06-17, 25.5700, 25.9452, 25.5700, 25.8400, 31116
2013-06-18, 25.6500, 26.2200, 25.4000, 25.4600, 86812
2013-06-19, 25.5800, 25.7300, 25.3800, 25.4000, 50662
2013-06-20, 25.3700, 25.3700, 24.6100, 24.9651, 108426
2013-06-21, 24.8500, 24.9000, 24.0665, 24.1500, 93055
2013-06-24, 23.8200, 24.3290, 22.1800, 24.0800, 304382
2013-06-25, 24.3500, 24.5000, 24.3500, 24.4624, 32924
2013-06-26, 24.7600, 25.2300, 24.6800, 25.0100, 28868
2013-06-27, 25.4500, 25.4800, 25.2800, 25.4800, 53127
2013-06-28, 25.5100, 25.8750, 25.5100, 25.8300, 31381
2013-07-01, 25.8500, 25.8900, 25.7400, 25.8900, 19341
2013-07-02, 25.9400, 25.9420, 25.6700, 25.7200, 45356
2013-07-03, 25.5100, 25.8500, 25.4400, 25.4700, 25797
2013-07-05, 25.4400, 25.4400, 25.3600, 25.3673, 10242
2013-07-08, 25.2100, 25.5000, 25.2100, 25.4140, 29739
2013-07-09, 25.6000, 25.6000, 25.5500, 25.5800, 15977
2013-07-10, 25.7400, 25.7800, 25.6310, 25.7600, 17176
2013-07-11, 25.5600, 25.9999, 25.5250, 25.9800, 10812
2013-07-12, 25.9700, 26.0800, 25.6300, 26.0800, 110854
2013-07-15, 26.3000, 26.3000, 25.9200, 26.1600, 169796
2013-07-16, 26.0000, 26.2000, 26.0000, 26.1100, 44622
2013-07-17, 26.0200, 26.2700, 26.0200, 26.1990, 22979
2013-07-18, 26.0900, 26.4300, 26.0900, 26.2800, 62741
2013-07-19, 26.1400, 26.3100, 25.8200, 26.0800, 119168
2013-07-22, 26.2900, 26.2900, 26.1108, 26.1760, 49538
2013-07-23, 26.3500, 26.4000, 26.2500, 26.4000, 9139
2013-07-24, 26.4000, 26.4000, 26.0700, 26.1699, 55233
2013-07-25, 26.2200, 26.2550, 25.8700, 26.0800, 81815
2013-07-26, 26.0000, 26.2690, 25.8740, 26.1399, 81863
2013-07-29, 26.2000, 26.2000, 25.9600, 26.1500, 87110
2013-07-30, 26.1400, 26.1800, 25.9900, 26.0584, 44192
2013-07-31, 26.1000, 26.1000, 25.8300, 26.0199, 17923
2013-08-01, 26.1000, 26.1000, 25.3500, 25.6000, 114904
2013-08-02, 25.8400, 26.0000, 25.5161, 25.6200, 70314
2013-08-05, 25.7800, 25.7900, 25.5000, 25.6300, 86623
2013-08-06, 25.7200, 25.7500, 25.4401, 25.6500, 99714
2013-08-07, 25.5400, 25.7600, 25.4026, 25.5130, 103761
2013-08-08, 25.6900, 25.8350, 25.3700, 25.4600, 253892
2013-08-09, 25.5700, 25.7900, 25.4200, 25.5300, 59379
2013-08-12, 25.6600, 25.7700, 25.4440, 25.5100, 61249
2013-08-13, 25.5500, 25.6200, 25.3350, 25.4899, 60831
2013-08-14, 25.5500, 25.6300, 25.3100, 25.3900, 41555
2013-08-15, 25.5000, 25.5001, 25.1300, 25.2900, 57015
2013-08-16, 25.2500, 25.3500, 25.0310, 25.1800, 49207
2013-08-19, 25.2200, 25.4000, 24.7600, 24.9300, 98106
2013-08-20, 25.1000, 25.1000, 24.7600, 24.8300, 170318
2013-08-21, 24.9400, 24.9500, 24.6500, 24.6900, 60644
2013-08-22, 24.6600, 24.8200, 24.4500, 24.6900, 156266
2013-08-23, 24.9700, 25.0200, 24.6900, 24.9600, 66609
2013-08-26, 24.9200, 24.9899, 24.8500, 24.9200, 64506
2013-08-27, 24.9900, 24.9900, 24.6100, 24.6900, 49588
2013-08-28, 24.7900, 24.8200, 24.6400, 24.7490, 51033
2013-08-29, 24.8000, 24.9000, 24.6800, 24.7104, 56963
2013-08-30, 24.8200, 24.8800, 24.4750, 24.6600, 62120
2013-09-03, 24.6600, 24.7400, 24.6600, 24.7000, 15181
2013-09-04, 24.7100, 24.7700, 24.6201, 24.6501, 35284
2013-09-05, 24.6600, 24.7100, 24.5600, 24.6400, 20219
2013-09-06, 24.5900, 24.8699, 24.5900, 24.6700, 47000
2013-09-09, 24.6500, 25.0000, 24.6500, 25.0000, 8212
2013-09-10, 25.1500, 25.1500, 25.0201, 25.0900, 53418
2013-09-11, 25.1500, 25.1500, 24.9600, 25.0800, 37078
2013-09-12, 25.0700, 25.2000, 24.9801, 25.0700, 181297
2013-09-13, 25.1900, 25.1900, 25.0900, 25.1400, 20483
2013-09-16, 25.2100, 25.2790, 25.0860, 25.2000, 17769
2013-09-17, 25.5300, 25.5300, 25.1350, 25.4140, 134576
2013-09-18, 25.4600, 25.9500, 25.2100, 25.9100, 85004
2013-09-19, 25.9600, 26.3190, 25.6800, 26.1600, 84458
2013-09-20, 26.3000, 26.3100, 25.9000, 26.0000, 50126
2013-09-23, 26.1500, 26.1890, 25.8801, 25.9800, 48497
2013-09-24, 26.0020, 26.2300, 25.9690, 26.2300, 64876
2013-09-25, 26.1100, 26.3200, 26.0300, 26.3200, 14700
2013-09-26, 26.2700, 26.3999, 26.2200, 26.2400, 317349
2013-09-27, 26.2400, 26.2400, 26.1600, 26.1900, 22608
2013-09-30, 26.0000, 26.1900, 25.9549, 26.1200, 42027
2013-10-01, 26.1000, 26.1000, 25.8700, 26.1000, 14279
2013-10-02, 26.0600, 26.2200, 26.0600, 26.2000, 11071
2013-10-03, 26.2000, 26.2000, 26.1101, 26.1500, 16422
2013-10-04, 26.1500, 26.3600, 24.8200, 25.9400, 369200
2013-10-07, 25.9000, 25.9500, 25.5500, 25.5650, 111785
2013-10-08, 25.6000, 25.7700, 25.4000, 25.4000, 49281
2013-10-09, 25.6000, 25.6000, 25.4808, 25.5200, 11715
2013-10-10, 25.4500, 25.9725, 25.4500, 25.8300, 16930
2013-10-11, 25.8000, 26.0850, 25.7999, 25.9133, 66055
2013-10-14, 26.0000, 26.2100, 26.0000, 26.1201, 84832
2013-10-15, 26.2300, 26.3600, 26.0900, 26.1500, 66571
2013-10-16, 26.1559, 26.1790, 26.0000, 26.0600, 13238
2013-10-17, 26.1300, 26.4200, 26.0900, 26.4200, 27314
2013-10-18, 26.3900, 26.7800, 26.3500, 26.5100, 27572
2013-10-21, 26.3066, 26.7500, 26.3066, 26.7400, 17871
2013-10-22, 26.7400, 27.2100, 26.5480, 27.1860, 67132
2013-10-23, 26.9405, 27.0500, 26.8700, 27.0500, 15970
2013-10-24, 27.1500, 27.1700, 27.0892, 27.1500, 15595
2013-10-25, 27.0400, 27.3100, 27.0400, 27.2000, 44616
2013-10-28, 27.1500, 27.2100, 27.0623, 27.2100, 24794
2013-10-29, 27.0600, 27.3400, 27.0600, 27.3300, 21540
2013-10-30, 27.3000, 27.4200, 27.2300, 27.2900, 19981
2013-10-31, 27.1400, 27.3000, 27.1300, 27.2700, 46872
2013-11-01, 27.0500, 27.2000, 27.0000, 27.1800, 29258
2013-11-04, 27.0500, 27.1400, 27.0000, 27.0600, 19014
2013-11-05, 27.0000, 27.0500, 26.7800, 26.9400, 11063
2013-11-06, 26.9500, 26.9999, 26.7820, 26.7820, 7565
2013-11-07, 26.9300, 26.9300, 26.3900, 26.6500, 13297
2013-11-08, 26.6800, 26.7300, 26.4720, 26.6200, 19210
2013-11-11, 26.9000, 26.9200, 26.5400, 26.7500, 138954
2013-11-12, 26.7600, 26.7600, 26.5500, 26.6000, 31201
2013-11-13, 26.5500, 26.5700, 26.4350, 26.4600, 30988
2013-11-14, 26.5900, 26.6400, 26.5200, 26.5700, 32984
2013-11-15, 26.6500, 26.6699, 26.5900, 26.5900, 15339
2013-11-18, 26.7000, 26.7000, 26.3901, 26.4400, 38453
2013-11-19, 26.3501, 26.4099, 26.3001, 26.3700, 33986
2013-11-20, 26.3400, 26.3500, 26.2101, 26.2210, 31181
2013-11-21, 26.1500, 26.3200, 26.0600, 26.3200, 16718
2013-11-22, 26.3900, 26.4400, 26.2701, 26.4400, 31683
2013-11-25, 26.4400, 26.5100, 26.2916, 26.4600, 27813
2013-11-26, 26.5000, 26.5000, 26.4200, 26.4700, 27458
2013-11-27, 26.4100, 26.4800, 26.4000, 26.4600, 11356
2013-11-29, 26.5500, 26.5500, 26.4000, 26.4500, 4687
2013-12-02, 26.5300, 26.5300, 26.2400, 26.2400, 27796
2013-12-03, 26.2700, 26.2992, 26.1510, 26.1800, 85632
2013-12-04, 26.1601, 26.2600, 26.0000, 26.0300, 26713
2013-12-05, 26.1200, 26.1200, 25.9316, 26.0300, 8867
2013-12-06, 26.0400, 26.1204, 26.0300, 26.1200, 10173
2013-12-09, 26.3500, 26.3500, 26.1500, 26.2000, 90112
2013-12-10, 26.3900, 26.3900, 26.1900, 26.2200, 27016
2013-12-11, 26.2500, 26.2500, 25.9992, 26.0590, 30647
2013-12-12, 26.1400, 26.1400, 25.8600, 26.0050, 22425
2013-12-13, 25.8600, 26.2800, 25.7500, 26.1600, 45320
2013-12-16, 26.3500, 26.3500, 26.0984, 26.1574, 22075
2013-12-17, 26.1800, 26.1800, 26.0700, 26.1400, 44603
2013-12-18, 26.0100, 26.3399, 26.0100, 26.0764, 20487
2013-12-19, 26.0000, 26.1500, 26.0000, 26.1000, 34058
2013-12-20, 26.2300, 26.2490, 26.1200, 26.1200, 55446
2013-12-23, 26.3500, 26.3500, 26.1700, 26.2000, 35222
2013-12-24, 26.3200, 26.3400, 26.2700, 26.2800, 6635
2013-12-26, 26.3800, 26.3800, 26.2140, 26.2936, 13583
2013-12-27, 26.3600, 26.3600, 26.1925, 26.2700, 17664
2013-12-30, 26.4900, 26.4900, 26.2100, 26.3800, 53840
2013-12-31, 26.4100, 26.6000, 26.4100, 26.5500, 32369
2014-01-02, 26.5700, 26.5700, 26.2520, 26.2799, 26516
2014-01-03, 26.2800, 26.2800, 26.1200, 26.1440, 30232
2014-01-06, 26.3600, 26.3600, 26.2004, 26.2800, 15671
2014-01-07, 26.3900, 26.3900, 26.1101, 26.3299, 30443
2014-01-08, 26.4500, 26.4500, 26.2380, 26.2740, 12725
2014-01-09, 26.3800, 26.3800, 26.2300, 26.2300, 14676
2014-01-10, 26.3700, 26.5390, 26.3300, 26.5390, 74446
2014-01-13, 26.5400, 26.5500, 26.2600, 26.4900, 56626
2014-01-14, 26.4200, 26.4200, 26.2000, 26.3000, 64283
2014-01-15, 26.5100, 26.5100, 26.3000, 26.5000, 81239
2014-01-16, 26.4400, 26.4600, 26.3300, 26.4600, 22585
2014-01-17, 26.4315, 26.4800, 26.2400, 26.2800, 40733
2014-01-21, 26.4600, 26.4600, 26.3465, 26.4500, 14948
2014-01-22, 26.4800, 26.4900, 26.3300, 26.4400, 23011
2014-01-23, 26.3100, 26.5061, 26.3100, 26.4750, 24537
2014-01-24, 26.2400, 26.4400, 25.5800, 25.8000, 73047
2014-01-27, 26.0600, 26.3000, 25.7700, 25.8800, 237382
2014-01-28, 26.0800, 26.1200, 25.8200, 26.0200, 63284
2014-01-29, 25.8400, 26.1500, 25.8400, 25.9560, 126910
2014-01-30, 26.0000, 26.1001, 25.8500, 25.9300, 29432
2014-01-31, 25.9300, 26.0500, 25.4900, 25.8600, 70749
2014-02-03, 26.0900, 26.2000, 25.5800, 25.8000, 90280
2014-02-04, 25.5200, 25.9500, 25.5200, 25.8015, 39413
2014-02-05, 25.7500, 25.9200, 25.7500, 25.8900, 26265
2014-02-06, 26.0000, 26.2200, 25.8000, 26.1900, 117125
2014-02-07, 25.9500, 26.2000, 25.8100, 26.0900, 20426
2014-02-10, 26.4600, 26.4600, 26.0000, 26.3100, 87249
2014-02-11, 26.3700, 26.4000, 26.1500, 26.3900, 23176
2014-02-12, 26.5000, 26.5000, 26.3000, 26.4600, 21403
2014-02-13, 26.2500, 26.5500, 26.2500, 26.3600, 33937
2014-02-14, 26.6800, 26.7200, 26.4100, 26.6000, 32657
2014-02-18, 26.5200, 26.5200, 26.4100, 26.5100, 36499
2014-02-19, 26.5500, 26.5500, 26.3400, 26.4060, 43726
2014-02-20, 26.4300, 26.4800, 26.3600, 26.4700, 31910
2014-02-21, 26.5300, 26.5300, 26.2900, 26.3700, 143173
2014-02-24, 26.3400, 26.6600, 26.3400, 26.5700, 25269
2014-02-25, 26.6900, 26.6900, 26.2600, 26.5700, 35223
2014-02-26, 26.6700, 26.7451, 26.2600, 26.6300, 156206
2014-02-27, 26.4500, 26.7700, 26.4500, 26.5100, 59210
2014-02-28, 26.6800, 26.8400, 26.5800, 26.6900, 40674
2014-03-03, 26.8300, 26.8300, 26.5934, 26.8300, 46076
2014-03-04, 26.5896, 26.8900, 26.4572, 26.6600, 337087
2014-03-05, 26.5100, 26.8600, 26.5100, 26.7708, 30076
2014-03-06, 27.0500, 27.1700, 26.8798, 27.0900, 48347
2014-03-07, 27.0399, 27.0400, 26.7000, 26.7800, 222682
2014-03-10, 26.9900, 27.0000, 26.6200, 27.0000, 217324
2014-03-11, 26.9000, 26.9000, 26.7200, 26.7600, 128604
2014-03-12, 26.6000, 26.8790, 26.6000, 26.6000, 36040
2014-03-13, 26.8500, 26.8500, 26.3800, 26.4400, 150428
2014-03-14, 26.6000, 26.7100, 26.4800, 26.6100, 136783
2014-03-17, 26.8400, 26.8600, 26.6500, 26.6900, 166161
2014-03-18, 26.5300, 26.8600, 26.5300, 26.8200, 124225
2014-03-19, 26.9200, 26.9200, 26.5900, 26.7200, 30229
2014-03-20, 26.5700, 26.6300, 26.5140, 26.5500, 130858
2014-03-21, 26.6900, 26.6900, 26.4107, 26.4800, 40139
2014-03-24, 26.6400, 26.6400, 26.4900, 26.5400, 68574
2014-03-25, 26.6300, 26.8500, 26.5301, 26.6800, 70976
2014-03-26, 26.8000, 26.8050, 26.7000, 26.7400, 45996
2014-03-27, 26.7999, 26.8800, 26.7800, 26.8800, 20774
2014-03-28, 26.8900, 26.9200, 26.6100, 26.7799, 247268
2014-03-31, 26.9000, 27.0700, 26.7600, 27.0000, 26512
2014-04-01, 27.0000, 27.1000, 26.9700, 27.0800, 20871
2014-04-02, 27.2100, 27.2100, 27.0001, 27.1180, 53143
2014-04-03, 27.2000, 27.2100, 26.9700, 27.0900, 47730
2014-04-04, 27.1560, 27.1900, 27.0301, 27.0760, 20821
2014-04-07, 27.0000, 27.2700, 26.9800, 27.2400, 95988
2014-04-08, 27.2900, 27.3200, 27.1500, 27.2840, 35197
2014-04-09, 27.4100, 27.4100, 27.3000, 27.3348, 33208
2014-04-10, 27.3000, 27.5000, 27.2799, 27.4290, 21269
2014-04-11, 27.4300, 27.4300, 27.3020, 27.3800, 18096
2014-04-14, 27.4900, 27.4900, 27.3180, 27.4000, 32356
2014-04-15, 27.4100, 27.4800, 27.0700, 27.2500, 64356
2014-04-16, 27.4200, 27.4200, 27.3150, 27.3300, 21536
2014-04-17, 27.3500, 27.4000, 27.3260, 27.3400, 15596
2014-04-21, 27.3900, 27.4300, 27.2400, 27.2400, 36581
2014-04-22, 27.3900, 27.4700, 27.2100, 27.3700, 77159
2014-04-23, 27.3900, 27.4200, 27.2600, 27.3900, 100965
2014-04-24, 27.3900, 27.4265, 27.2500, 27.3616, 55860
2014-04-25, 27.3800, 27.4854, 27.3210, 27.3800, 44257
2014-04-28, 27.3900, 27.4699, 27.2500, 27.4299, 52369
2014-04-29, 27.2500, 27.4699, 27.2107, 27.4000, 29673
2014-04-30, 27.4500, 27.4700, 27.3701, 27.3900, 38962
2014-05-01, 27.4900, 27.5000, 27.4400, 27.4760, 26864
2014-05-02, 27.4200, 27.4999, 27.3500, 27.4696, 27640
2014-05-05, 27.5000, 27.6200, 27.3500, 27.5600, 56902
2014-05-06, 27.5600, 27.8899, 27.4700, 27.6800, 178672
2014-05-07, 27.7500, 27.7500, 27.5500, 27.7200, 41539
2014-05-08, 27.7100, 27.9200, 27.6800, 27.8600, 47881
2014-05-09, 27.8900, 27.8940, 27.7501, 27.8325, 21873
2014-05-12, 27.8300, 27.9900, 27.8000, 27.9900, 102859
2014-05-13, 27.7900, 27.9895, 27.7900, 27.9200, 63764
2014-05-14, 27.9600, 28.0600, 27.9100, 27.9100, 192144
2014-05-15, 27.8500, 27.9300, 27.8000, 27.8900, 64000
2014-05-16, 27.8800, 28.0400, 27.7100, 27.7550, 37553
2014-05-19, 27.7500, 27.7500, 27.6200, 27.6800, 29325
2014-05-20, 27.6700, 27.7035, 27.5710, 27.6400, 42779
2014-05-21, 27.5600, 27.6799, 27.5600, 27.6600, 22683
2014-05-22, 27.5700, 27.7300, 27.5700, 27.7000, 121373
2014-05-23, 27.7500, 27.8300, 27.6908, 27.8300, 60945
2014-05-27, 27.8200, 27.9100, 27.6700, 27.7900, 156934
2014-05-28, 27.8400, 27.9282, 27.7300, 27.8382, 103728
2014-05-29, 27.8900, 27.9000, 27.8001, 27.8600, 37467
2014-05-30, 27.9200, 28.0428, 27.7600, 27.8700, 104856
2014-06-02, 27.9500, 27.9573, 27.8000, 27.9000, 28205
2014-06-03, 27.7400, 27.9600, 27.5200, 27.8000, 75394
2014-06-04, 27.9100, 27.9100, 27.8000, 27.8800, 32592
2014-06-05, 27.9400, 27.9800, 27.8700, 27.9300, 53496
2014-06-06, 28.0300, 28.0728, 27.9100, 27.9400, 67391
2014-06-09, 27.9500, 28.1000, 27.9400, 28.0250, 36477
2014-06-10, 28.0220, 28.0300, 27.8900, 27.9500, 21686
2014-06-11, 28.0400, 28.0400, 27.8300, 27.9500, 46139
2014-06-12, 27.9400, 27.9847, 27.8000, 27.8800, 31037
2014-06-13, 27.8200, 27.9700, 27.8200, 27.8900, 23400
2014-06-16, 27.9800, 27.9800, 27.8000, 27.8000, 49152
2014-06-17, 27.8000, 27.8796, 27.7100, 27.7300, 45838
2014-06-18, 27.8300, 27.9400, 27.7900, 27.8700, 114529
2014-06-19, 27.9200, 27.9300, 27.8200, 27.8200, 50507
2014-06-20, 27.9000, 27.9194, 27.8600, 27.8600, 21711
2014-06-23, 27.9500, 28.0800, 27.8800, 27.8800, 53804
2014-06-24, 27.9700, 28.0100, 27.9300, 28.0000, 46371
2014-06-25, 27.9500, 28.0100, 27.9200, 27.9300, 40890
2014-06-26, 28.0400, 28.1100, 27.9100, 28.0451, 25127
2014-06-27, 28.1300, 28.1400, 28.0000, 28.0700, 22483
2014-06-30, 28.2000, 28.2600, 27.9200, 28.2400, 117218
2014-07-01, 28.3000, 28.3000, 28.1900, 28.2700, 57748
2014-07-02, 28.2700, 28.2780, 28.1200, 28.2200, 28714
2014-07-03, 28.2000, 28.2600, 28.0726, 28.2600, 14160
2014-07-07, 28.1900, 28.2500, 28.1000, 28.1450, 29644
2014-07-08, 28.0800, 28.2000, 28.0300, 28.0700, 707293
2014-07-09, 28.1700, 28.2000, 28.1000, 28.1000, 23390
2014-07-10, 27.9100, 28.2299, 27.9000, 28.1000, 23314
2014-07-11, 28.1700, 28.2280, 28.1101, 28.1700, 23207
2014-07-14, 28.1900, 28.2000, 27.8600, 28.0500, 47760
2014-07-15, 27.9900, 28.1800, 27.9600, 28.0700, 35800
2014-07-16, 27.8800, 28.0600, 27.8215, 28.0400, 33100
2014-07-17, 28.0700, 28.0800, 27.9880, 28.0000, 49011
2014-07-18, 27.8840, 28.1000, 27.8700, 28.0900, 68035
2014-07-21, 28.0900, 28.1400, 27.9700, 28.0900, 32528
2014-07-22, 28.1500, 28.2200, 27.9900, 28.0750, 114738
2014-07-23, 28.1600, 28.2900, 28.1300, 28.1300, 119980
2014-07-24, 28.2000, 28.4299, 28.2000, 28.3400, 46961
2014-07-25, 28.2899, 28.3400, 28.2300, 28.3400, 21869
2014-07-28, 28.2900, 28.3376, 28.2300, 28.3100, 31957
2014-07-29, 28.3400, 28.3994, 28.1900, 28.3000, 21429
2014-07-30, 28.2500, 28.4100, 28.0001, 28.0800, 49250
2014-07-31, 28.2000, 28.2000, 27.4700, 27.6600, 113347
2014-08-01, 27.7700, 27.8399, 27.4700, 27.6600, 215300
2014-08-04, 27.7700, 27.8399, 27.4700, 27.6600, 74500
2014-08-05, 27.9000, 27.9000, 27.4800, 27.6021, 50575
2014-08-06, 27.7100, 27.7499, 27.4300, 27.4750, 30138
2014-08-07, 27.5900, 27.8500, 27.3901, 27.6600, 53440
2014-08-08, 27.5800, 27.7200, 27.5600, 27.6549, 50195
2014-08-11, 27.7500, 27.9100, 27.7000, 27.7400, 105625
2014-08-12, 27.8900, 27.9475, 27.7000, 27.8170, 30826
2014-08-13, 27.8000, 27.8800, 27.7100, 27.8411, 30942
2014-08-14, 28.0100, 28.1799, 27.9600, 28.0199, 29448
2014-08-15, 27.9800, 28.0600, 27.9200, 28.0600, 20900
2014-08-18, 27.9500, 27.9500, 27.8500, 27.8600, 36953
2014-08-19, 28.0400, 28.0400, 27.8300, 27.9300, 55449
2014-08-20, 28.0400, 28.0400, 27.8570, 27.9436, 132077
2014-08-21, 27.9000, 28.1150, 27.8800, 28.0700, 93114
2014-08-22, 28.0900, 28.0988, 28.0100, 28.0600, 53740
2014-08-25, 28.0900, 28.1100, 28.0100, 28.0506, 35814
2014-08-26, 28.1400, 28.1899, 28.0600, 28.1200, 35762
2014-08-27, 28.0400, 28.1900, 28.0100, 28.0850, 91287
2014-08-28, 28.1400, 28.2400, 28.0000, 28.1063, 220021
2014-08-29, 28.0000, 28.2900, 28.0000, 28.1799, 45124
2014-09-02, 27.9800, 28.2600, 27.9800, 28.2000, 91473
2014-09-03, 28.2492, 28.2600, 27.9100, 28.0900, 57674
2014-09-04, 28.1900, 28.1900, 27.9400, 28.0050, 62078
2014-09-05, 28.0900, 28.1599, 27.8500, 27.9300, 132334
2014-09-08, 28.1500, 28.1500, 27.8600, 27.8600, 68069
2014-09-09, 27.9400, 27.9400, 27.6500, 27.7400, 86303
2014-09-10, 27.8500, 27.8500, 27.2300, 27.5700, 153480
2014-09-11, 27.6900, 27.6900, 27.4200, 27.4200, 57219
2014-09-12, 27.4000, 27.4490, 27.2401, 27.3300, 88364
2014-09-15, 27.4500, 27.4500, 27.0700, 27.2500, 28589
2014-09-16, 27.0300, 27.2199, 26.8900, 27.0200, 48950
2014-09-17, 26.9800, 27.2600, 26.8300, 26.9000, 67163
2014-09-18, 27.1800, 27.2000, 26.9200, 27.0037, 65682
2014-09-19, 27.1800, 27.1999, 26.8400, 27.1100, 112596
2014-09-22, 27.1300, 27.1300, 26.8001, 26.8900, 144535
2014-09-23, 26.9300, 27.0500, 26.8000, 26.8400, 108124
2014-09-24, 26.8500, 26.9400, 26.7800, 26.8100, 45904
2014-09-25, 26.8300, 26.9000, 26.3900, 26.4100, 147726
2014-09-26, 26.3900, 26.5400, 26.3600, 26.4400, 56258
2014-09-29, 26.3600, 26.5300, 26.2300, 26.3100, 110984
2014-09-30, 26.3400, 26.3400, 26.1700, 26.3000, 78145
2014-10-01, 26.2700, 26.3000, 26.0901, 26.2500, 115027
2014-10-02, 26.1200, 26.1900, 25.8900, 26.1400, 168382
2014-10-03, 26.1500, 26.1500, 25.9200, 26.0100, 57607
2014-10-06, 26.2000, 26.2800, 26.0800, 26.1000, 136546
2014-10-07, 26.2000, 26.2399, 26.0300, 26.0570, 59150
2014-10-08, 26.1100, 26.1700, 25.8000, 26.1580, 47238
2014-10-09, 26.2300, 26.2300, 25.8500, 25.9000, 117695
2014-10-10, 25.8100, 25.8100, 23.0000, 25.4372, 410926
2014-10-13, 25.1000, 25.6000, 25.1000, 25.4100, 153889
2014-10-14, 25.4000, 25.4070, 25.0000, 25.0500, 133928
2014-10-15, 25.1100, 25.1400, 24.6900, 25.1400, 87339
2014-10-16, 24.8700, 25.4650, 24.7700, 25.0500, 66621
2014-10-17, 25.2400, 25.6048, 25.1300, 25.3300, 83874
2014-10-20, 25.2700, 25.6799, 25.2700, 25.6400, 21599
2014-10-21, 25.7500, 26.0000, 25.7500, 25.9360, 776203
2014-10-22, 26.0000, 26.1400, 25.8101, 25.8200, 145989
2014-10-23, 26.0210, 26.0699, 25.9200, 25.9900, 30816
2014-10-24, 26.0600, 26.1250, 25.9300, 26.1100, 43711
2014-10-27, 26.0500, 26.1100, 25.8300, 25.9600, 30528
2014-10-28, 26.0600, 26.1900, 26.0200, 26.1900, 38376
2014-10-29, 26.3100, 26.4500, 26.0320, 26.1500, 19780
2014-10-30, 26.0800, 26.2500, 26.0600, 26.1999, 29988
2014-10-31, 26.3000, 26.3000, 26.1200, 26.2900, 29276
2014-11-03, 26.2700, 26.6799, 26.2600, 26.5400, 237211
2014-11-04, 26.5700, 26.5900, 26.2500, 26.2900, 88899
2014-11-05, 26.2900, 26.2950, 26.1000, 26.2100, 264851
2014-11-06, 26.2900, 26.3200, 26.0300, 26.2100, 84652
2014-11-07, 26.2900, 26.3600, 25.9300, 26.2600, 80780
2014-11-10, 26.3300, 26.3400, 26.2101, 26.2600, 95053
2014-11-11, 26.3400, 26.6699, 26.2300, 26.3100, 27549
2014-11-12, 26.3100, 26.3800, 26.2070, 26.2600, 46345
2014-11-13, 26.3400, 26.3400, 26.0800, 26.1100, 23348
2014-11-14, 26.2000, 26.3300, 26.0800, 26.0900, 76635
2014-11-17, 26.0100, 26.0600, 25.8700, 25.8900, 34889
2014-11-18, 25.8600, 26.0399, 25.8600, 25.9800, 34775
2014-11-19, 25.8000, 26.0595, 25.7400, 25.9000, 83762
2014-11-20, 25.9400, 26.2400, 25.8000, 26.1781, 91883
2014-11-21, 26.2900, 26.3399, 26.0100, 26.0100, 72499
2014-11-24, 26.1400, 26.2454, 25.8900, 26.2400, 44020
2014-11-25, 26.2000, 26.2100, 26.0500, 26.1900, 134623
2014-11-26, 26.3129, 26.3199, 25.8101, 26.0640, 37003
2014-11-28, 26.1000, 26.1388, 25.8000, 25.9870, 16592
2014-12-01, 25.8000, 25.9890, 25.3100, 25.3700, 130013
2014-12-02, 25.4800, 25.4800, 25.1500, 25.3799, 70730
2014-12-03, 25.4200, 25.5500, 25.3400, 25.4500, 58299
2014-12-04, 25.5400, 25.5400, 25.2800, 25.4338, 72683
2014-12-05, 25.4200, 25.4200, 25.0300, 25.0900, 34387
2014-12-08, 25.0000, 25.0920, 24.4300, 24.5800, 90743
2014-12-09, 24.6300, 24.7000, 24.4100, 24.5000, 43325
2014-12-10, 24.4100, 24.6400, 24.1310, 24.2200, 54631
2014-12-11, 24.1700, 24.7300, 24.1700, 24.1700, 54214
2014-12-12, 24.1800, 24.1800, 23.6700, 23.6700, 132202
2014-12-15, 23.6700, 23.7310, 22.8800, 23.0400, 246693
2014-12-16, 23.1200, 23.4972, 22.8400, 23.2400, 65876
2014-12-17, 23.2200, 23.9000, 23.2200, 23.7800, 32910
2014-12-18, 23.9600, 24.2300, 23.7700, 24.0800, 53459
2014-12-19, 23.9800, 24.4099, 23.9800, 24.3900, 47963
2014-12-22, 24.5300, 24.5300, 24.2900, 24.3100, 59979
2014-12-23, 24.2800, 24.3400, 24.1500, 24.3200, 104463
2014-12-24, 24.1700, 24.2800, 23.9920, 24.1700, 70337
2014-12-26, 24.1900, 24.3400, 24.1000, 24.3400, 22675
2014-12-29, 24.1800, 24.3400, 23.8600, 24.1200, 53075
2014-12-30, 24.1000, 24.1500, 23.8300, 23.9200, 92499
2014-12-31, 24.0600, 24.0632, 23.8000, 23.8700, 118330
2015-01-02, 24.0400, 24.1400, 23.8988, 24.0800, 17741
2015-01-05, 24.1800, 24.2700, 23.8000, 23.8600, 48128
2015-01-06, 24.0200, 24.0200, 23.5901, 23.7100, 82984
2015-01-07, 23.7400, 23.9800, 23.5400, 23.9300, 112786
2015-01-08, 24.0300, 24.3765, 23.6090, 24.3000, 50093
2015-01-09, 24.4100, 24.4500, 24.0200, 24.3500, 50476
2015-01-12, 24.1900, 24.1900, 23.9000, 23.9400, 50921
2015-01-13, 23.9400, 24.2100, 23.8100, 23.8200, 133757
2015-01-14, 23.8000, 23.9200, 23.6400, 23.8500, 58025
2015-01-15, 23.8420, 23.9799, 23.7965, 23.8058, 28646
2015-01-16, 23.7100, 23.8100, 23.6801, 23.8100, 31867
2015-01-20, 23.7097, 23.7300, 23.6600, 23.7100, 27081
2015-01-21, 23.7500, 24.1000, 23.7500, 24.0100, 81582
2015-01-22, 24.1300, 24.3799, 24.0900, 24.2700, 107683
2015-01-23, 24.2700, 24.3900, 24.1900, 24.3100, 82833
2015-01-26, 24.3900, 24.7300, 24.2800, 24.5300, 99042
2015-01-27, 24.5100, 24.8300, 24.5000, 24.6300, 76487
2015-01-28, 24.7900, 24.7900, 24.2900, 24.4600, 45116
2015-01-29, 24.5700, 24.6000, 24.3000, 24.5000, 401953
2015-01-30, 24.4700, 24.6900, 24.3300, 24.6800, 56355
2015-02-02, 24.7200, 24.9900, 24.5600, 24.9700, 109366
2015-02-03, 25.0100, 25.7700, 25.0000, 25.5364, 134355
2015-02-04, 25.4000, 25.4400, 25.0382, 25.0800, 77281
2015-02-05, 25.0900, 25.6999, 25.0900, 25.4600, 68020
2015-02-06, 25.4800, 25.5760, 25.3100, 25.3100, 54518
2015-02-09, 25.3900, 25.6500, 25.3900, 25.4900, 65690
2015-02-10, 25.5500, 25.5599, 25.2000, 25.3200, 65556
2015-02-11, 25.2100, 25.2360, 25.0000, 25.0100, 39005
2015-02-12, 25.1700, 25.3000, 25.1100, 25.2900, 49424
2015-02-13, 25.3800, 25.5000, 25.3400, 25.4800, 35791
2015-02-17, 25.4500, 25.5200, 25.2700, 25.5000, 64851
2015-02-18, 25.6200, 26.1490, 25.2700, 25.4300, 895451
2015-02-19, 25.3200, 25.5400, 25.2201, 25.3960, 103601
2015-02-20, 25.3400, 25.4485, 25.2200, 25.3500, 60805
2015-02-23, 25.3400, 25.3900, 25.2100, 25.2900, 56308
2015-02-24, 25.3200, 25.3800, 25.2300, 25.3400, 44425
2015-02-25, 25.4300, 25.5299, 25.3100, 25.3800, 64827
2015-02-26, 25.4400, 25.5499, 25.3300, 25.3400, 111595
2015-02-27, 25.4000, 25.4800, 25.2800, 25.3500, 45765
2015-03-02, 25.4600, 25.4800, 25.2500, 25.3000, 54382
2015-03-03, 25.2000, 25.4799, 25.2000, 25.4300, 35583
2015-03-04, 25.3600, 25.4073, 25.1600, 25.2700, 50391
2015-03-05, 25.2700, 25.3200, 25.1700, 25.2600, 882272
2015-03-06, 25.1600, 25.1600, 24.8900, 24.9100, 61637
2015-03-09, 24.9700, 24.9700, 24.6301, 24.7300, 55067
2015-03-10, 24.5200, 24.5990, 24.2701, 24.4100, 61619
2015-03-11, 24.4000, 24.4000, 24.2300, 24.3200, 31221
2015-03-12, 24.2200, 24.5290, 24.2200, 24.4700, 84168
2015-03-13, 24.4500, 24.4500, 24.1700, 24.2100, 25642
2015-03-16, 24.1500, 24.1900, 23.8500, 23.9830, 42844
2015-03-17, 23.8400, 24.0732, 23.8100, 23.9500, 44251
2015-03-18, 23.9500, 24.3600, 23.8300, 24.3300, 42262
2015-03-19, 24.2800, 24.2800, 24.0730, 24.1500, 49052
2015-03-20, 24.2500, 24.6000, 24.2500, 24.3300, 34056
2015-03-23, 24.5200, 24.8400, 24.4723, 24.5800, 45450
2015-03-24, 24.5500, 24.8500, 24.5500, 24.7500, 55557
2015-03-25, 24.5800, 24.8400, 24.5800, 24.6400, 45172
2015-03-26, 24.5000, 24.6300, 24.4700, 24.4700, 41735
2015-03-27, 24.6100, 24.6100, 24.3700, 24.4000, 46066
2015-03-30, 24.3000, 24.5800, 24.2510, 24.4100, 54022
2015-03-31, 24.4100, 24.4299, 24.2600, 24.2600, 82102
2015-04-01, 24.1900, 24.5000, 24.1900, 24.4390, 160958
2015-04-02, 24.5500, 24.6400, 24.4500, 24.5200, 50600
2015-04-06, 24.6600, 24.7999, 24.6070, 24.7800, 63247
2015-04-07, 24.8800, 24.8800, 24.6801, 24.8130, 37933
2015-04-08, 24.7100, 24.9899, 24.7100, 24.8440, 33028
2015-04-09, 24.9150, 24.9528, 24.7400, 24.9100, 60301
2015-04-10, 24.7200, 24.9900, 24.7100, 24.9700, 55921
2015-04-13, 24.9000, 24.9899, 24.7801, 24.8101, 25256
2015-04-14, 24.8100, 25.0000, 24.8100, 24.9900, 43023
2015-04-15, 24.9900, 25.3599, 24.9900, 25.2300, 120004
2015-04-16, 24.8600, 25.2585, 24.8600, 25.1900, 119318
2015-04-17, 25.0000, 25.1199, 24.8900, 24.9800, 45503
2015-04-20, 25.0100, 25.1000, 24.8505, 25.0600, 51715
2015-04-21, 25.2000, 25.2000, 24.8855, 25.0000, 65216
2015-04-22, 25.0800, 25.0900, 24.8860, 25.0100, 43157
2015-04-23, 24.9500, 25.2000, 24.9020, 25.1699, 63984
2015-04-24, 25.0000, 25.3200, 25.0000, 25.0500, 50280
2015-04-27, 25.1500, 25.3192, 25.0600, 25.0900, 88224
2015-04-28, 25.1000, 25.3900, 25.1000, 25.2900, 72283
2015-04-29, 25.3000, 25.3699, 25.1300, 25.3000, 35444
2015-04-30, 25.2500, 25.2899, 25.1300, 25.2000, 74700
2015-05-01, 25.2900, 25.2900, 25.1500, 25.2100, 47617
2015-05-04, 25.3500, 25.4300, 25.2000, 25.2300, 94329
2015-05-05, 25.2401, 25.4399, 25.1101, 25.2000, 46383
2015-05-06, 25.2800, 25.3735, 24.9501, 24.9600, 75559
2015-05-07, 24.8600, 24.9995, 24.6900, 24.8500, 44972
2015-05-08, 25.0900, 25.3300, 24.8501, 25.0600, 58615
2015-05-11, 25.0500, 25.1256, 24.8700, 24.9000, 39406
2015-05-12, 24.8500, 25.0000, 24.7300, 24.9700, 46555
2015-05-13, 25.1000, 25.1000, 24.8800, 25.0100, 74476
2015-05-14, 25.1500, 25.2000, 24.9601, 25.0600, 46698
2015-05-15, 25.0500, 25.1900, 24.9500, 25.0215, 79113
2015-05-18, 24.9900, 24.9900, 24.8400, 24.8500, 53472
2015-05-19, 24.8700, 24.9699, 24.5200, 24.7600, 55378
2015-05-20, 24.7000, 24.8500, 24.4800, 24.5600, 87877
2015-05-21, 24.6100, 24.7584, 24.4800, 24.6000, 64930
2015-05-22, 24.6500, 24.7100, 24.5400, 24.6400, 127742
2015-05-26, 24.6100, 24.6800, 24.3600, 24.4500, 89251
2015-05-27, 24.3600, 24.4800, 24.3600, 24.4800, 44194
2015-05-28, 24.3800, 24.4700, 24.2100, 24.3000, 55548
2015-05-29, 24.4000, 24.4000, 24.2100, 24.2600, 56647
2015-06-01, 24.2700, 24.3700, 24.2100, 24.2200, 68523
2015-06-02, 24.3500, 24.4000, 24.2600, 24.3600, 38579
2015-06-03, 24.5100, 24.5100, 24.2100, 24.2200, 73514
2015-06-04, 24.2000, 24.3899, 23.8201, 24.0000, 56340
2015-06-05, 23.9000, 23.9300, 23.8200, 23.8700, 37003
2015-06-08, 23.8500, 23.9887, 23.6600, 23.7400, 99059
2015-06-09, 23.5800, 23.9760, 23.5800, 23.6400, 69129
2015-06-10, 23.6100, 24.0499, 23.6100, 23.7900, 59702
2015-06-11, 23.7500, 23.9200, 23.6001, 23.9200, 26178
2015-06-12, 23.7100, 23.8500, 23.6500, 23.8100, 38063
2015-06-15, 23.5700, 23.7581, 23.5200, 23.5500, 195101
2015-06-16, 23.4000, 23.6600, 23.3200, 23.3800, 65731
2015-06-17, 23.3100, 23.6670, 23.2900, 23.4500, 47639
2015-06-18, 23.3800, 23.7000, 23.3800, 23.5100, 88509
2015-06-19, 23.6000, 23.7299, 23.5200, 23.6500, 78745
2015-06-22, 23.5700, 23.8100, 23.5600, 23.6600, 51644
2015-06-23, 23.7500, 23.8800, 23.6140, 23.8200, 44085
2015-06-24, 23.8700, 23.8900, 23.6100, 23.6400, 63196
2015-06-25, 23.6400, 23.7680, 23.5201, 23.5300, 33548
2015-06-26, 23.6500, 23.6600, 23.3800, 23.3800, 82771
2015-06-29, 23.2400, 23.4220, 22.9500, 23.0400, 165687
2015-06-30, 23.2100, 23.4199, 22.9400, 23.0000, 47379
2015-07-01, 22.9800, 23.1399, 22.9100, 22.9600, 145441
2015-07-02, 23.0800, 23.3299, 22.9400, 22.9400, 28963
2015-07-06, 22.8700, 23.0299, 22.4400, 22.5200, 848990
2015-07-07, 22.4300, 22.7105, 22.3300, 22.5900, 97411
2015-07-08, 22.3500, 22.5000, 22.3000, 22.3200, 51787
2015-07-09, 22.4600, 22.8120, 22.3500, 22.6300, 310879
2015-07-10, 22.5700, 22.8355, 22.5044, 22.6700, 54906
2015-07-13, 22.9400, 22.9799, 22.6000, 22.7000, 88309
2015-07-14, 22.9316, 22.9316, 22.6430, 22.7200, 89162
2015-07-15, 22.7400, 23.0200, 22.5200, 22.5600, 255584
2015-07-16, 22.7400, 22.8400, 22.4200, 22.4400, 61618
2015-07-17, 22.4500, 22.8599, 22.3000, 22.4301, 137352
2015-07-20, 22.4000, 22.5900, 22.0500, 22.1300, 387096
2015-07-21, 22.2600, 22.4400, 22.0801, 22.1100, 124560
2015-07-22, 22.2000, 22.3000, 21.9000, 21.9100, 105596
2015-07-23, 21.9400, 22.0684, 21.7600, 21.8100, 319558
2015-07-24, 21.7100, 22.1200, 21.5200, 21.6500, 139611
2015-07-27, 21.4600, 21.8250, 21.4600, 21.5300, 114531
2015-07-28, 21.5700, 21.8400, 21.4800, 21.7300, 77200
2015-07-29, 21.7300, 22.2199, 21.7001, 22.0400, 293060
2015-07-30, 22.0200, 22.0700, 21.7401, 21.8300, 201193
2015-07-31, 21.9400, 22.0600, 21.7140, 21.7400, 34502
2015-08-03, 21.6700, 21.7030, 21.3300, 21.4100, 285826
2015-08-04, 21.4800, 21.7300, 21.4064, 21.4800, 23621
2015-08-05, 21.5200, 21.7199, 21.2910, 21.3800, 38281
2015-08-06, 21.3000, 21.6700, 21.1000, 21.3600, 251544
2015-08-07, 21.4201, 21.5200, 21.3200, 21.4300, 131084
2015-08-10, 21.4000, 21.7300, 21.3200, 21.6400, 251970
2015-08-11, 21.5500, 21.6960, 21.3401, 21.4400, 125607
2015-08-12, 21.4900, 21.7100, 21.3101, 21.4800, 54850
2015-08-13, 21.3500, 21.5400, 21.3100, 21.3100, 39854
2015-08-14, 21.2700, 21.4200, 21.2000, 21.3400, 34725
2015-08-17, 21.2100, 21.3400, 20.9900, 21.0800, 42552
2015-08-18, 20.9100, 21.1099, 20.7900, 20.8400, 169116
2015-08-19, 20.7100, 21.1699, 20.5500, 20.6300, 66797
2015-08-20, 20.5200, 20.7799, 20.3300, 20.4200, 47518
2015-08-21, 20.2000, 20.5000, 20.0600, 20.0600, 164603
2015-08-24, 19.4200, 20.2200, 18.8400, 19.5600, 105143
2015-08-25, 19.9200, 20.2590, 19.6860, 19.7000, 99527
2015-08-26, 19.9000, 20.0200, 19.4000, 20.0200, 202610
2015-08-27, 20.0600, 20.4800, 19.9901, 20.4800, 56143
2015-08-28, 20.2001, 20.6100, 20.2001, 20.5100, 55656
2015-08-31, 20.3700, 20.6300, 20.2720, 20.5800, 42582
2015-09-01, 20.2000, 20.4500, 20.1480, 20.2100, 26867
2015-09-02, 20.4700, 20.4700, 20.0000, 20.2100, 75821
2015-09-03, 20.1800, 20.4400, 20.1500, 20.2900, 40475
2015-09-04, 20.2800, 20.3100, 20.0101, 20.0900, 108748
2015-09-08, 20.2500, 20.6699, 20.1701, 20.2500, 47783
2015-09-09, 20.3300, 20.5499, 20.1901, 20.2375, 26648
2015-09-10, 20.3700, 20.3700, 20.0410, 20.2700, 124895
2015-09-11, 20.2000, 20.4480, 20.0680, 20.1100, 183290
2015-09-14, 20.0000, 20.2300, 20.0000, 20.0100, 23024
2015-09-15, 19.9100, 20.1399, 19.8900, 20.0500, 43362
2015-09-16, 19.7800, 20.1815, 19.6300, 20.0500, 33203
2015-09-17, 20.2282, 20.5400, 19.9900, 20.2600, 261081
2015-09-18, 19.9300, 20.2001, 19.9300, 20.0600, 332923
2015-09-21, 20.2000, 20.2000, 19.8401, 20.0200, 79243
2015-09-22, 19.9600, 20.1099, 19.6800, 19.7100, 128230
2015-09-23, 19.8600, 19.9564, 19.5300, 19.7000, 76087
2015-09-24, 19.6500, 19.7720, 19.3780, 19.5900, 256210
2015-09-25, 19.6700, 19.7900, 19.4120, 19.6200, 39818
2015-09-28, 19.6100, 19.6100, 19.0600, 19.1500, 201765
2015-09-29, 19.1200, 19.2700, 18.9535, 18.9600, 114037
2015-09-30, 18.9900, 19.2760, 18.9800, 19.1850, 242018
2015-10-01, 19.1400, 19.4770, 18.9654, 19.0600, 128882
2015-10-02, 18.8100, 19.5780, 18.7871, 19.5100, 351965
2015-10-05, 19.7100, 19.9820, 19.7100, 19.8300, 19456
2015-10-06, 19.7900, 20.3399, 19.7900, 20.1600, 107159
2015-10-07, 20.5100, 20.7000, 20.3700, 20.4900, 214591
2015-10-08, 20.3700, 20.8880, 20.3600, 20.8200, 323792
2015-10-09, 20.9200, 21.0200, 20.7500, 20.8000, 21007
2015-10-12, 20.9100, 20.9100, 20.5312, 20.7000, 16700
2015-10-13, 20.6200, 20.6300, 20.3800, 20.3800, 55172
2015-10-14, 20.4500, 20.7500, 20.3400, 20.5000, 203103
2015-10-15, 20.4600, 20.8699, 20.4400, 20.6435, 56227
2015-10-16, 20.4900, 20.8300, 20.4440, 20.6800, 259903
2015-10-19, 20.5800, 20.6521, 20.5100, 20.5200, 27501
2015-10-20, 20.6297, 20.6999, 20.4900, 20.5400, 125919
2015-10-21, 20.6300, 20.6300, 20.4500, 20.5000, 149241
2015-10-22, 20.4500, 20.7020, 20.3600, 20.4400, 312188
2015-10-23, 20.5400, 20.6960, 20.2300, 20.3300, 179379
2015-10-26, 20.3400, 20.5440, 20.1400, 20.1600, 192989
2015-10-27, 20.1400, 20.3760, 19.9800, 20.0300, 165811
2015-10-28, 20.0500, 20.2999, 19.9801, 20.1000, 272115
2015-10-29, 20.1000, 20.3300, 19.9100, 20.0900, 64213
2015-10-30, 19.9800, 20.4300, 19.9301, 20.2400, 76557
2015-11-02, 20.1100, 20.4192, 20.1100, 20.4100, 27545
2015-11-03, 20.3100, 20.6620, 20.2293, 20.5400, 350759
2015-11-04, 20.5500, 20.5501, 20.2100, 20.2600, 37626
2015-11-05, 20.2300, 20.5800, 20.1800, 20.2300, 330429
2015-11-06, 20.2000, 20.2920, 19.9100, 19.9400, 85696
2015-11-09, 19.9100, 20.0600, 19.6500, 19.7200, 254500
2015-11-10, 19.6000, 19.8300, 19.4700, 19.4900, 165641
2015-11-11, 19.6000, 19.7300, 19.1400, 19.4100, 174984
2015-11-12, 19.4200, 19.4200, 19.2316, 19.2316, 22240
2015-11-13, 19.1500, 19.3050, 19.0301, 19.1900, 167489
2015-11-16, 19.1500, 19.3245, 19.0000, 19.0300, 174891
2015-11-17, 19.0900, 19.2000, 19.0551, 19.0551, 23972
2015-11-18, 19.2200, 19.3400, 18.9800, 19.1800, 152232
2015-11-19, 19.3300, 19.3300, 19.1000, 19.1400, 126356
2015-11-20, 19.2500, 19.2500, 18.9700, 19.1100, 41848
2015-11-23, 19.1500, 19.1500, 18.8953, 18.9000, 39093
2015-11-24, 18.9500, 19.0600, 18.8700, 19.0100, 74051
2015-11-25, 19.0800, 19.2847, 18.9380, 19.0900, 43812
2015-11-27, 19.0600, 19.0600, 18.9400, 19.0200, 16742
2015-11-30, 18.9900, 19.2199, 18.8500, 18.8900, 37598
2015-12-01, 19.0300, 19.1000, 18.8900, 19.0300, 72567
2015-12-02, 18.9200, 18.9504, 18.6219, 18.7600, 152437
2015-12-03, 18.7700, 19.0900, 18.5100, 18.6500, 36393
2015-12-04, 18.7200, 18.8190, 18.3600, 18.5000, 51497
2015-12-07, 18.5000, 18.5000, 17.9300, 18.0100, 63723
2015-12-08, 17.9900, 17.9999, 17.7700, 17.8000, 54390
2015-12-09, 18.0000, 18.0800, 17.8000, 17.9600, 2318175
2015-12-10, 17.9600, 17.9790, 17.6100, 17.6800, 37093
2015-12-11, 17.6600, 17.6600, 17.1799, 17.2000, 261858
2015-12-14, 17.2700, 17.3401, 17.0300, 17.1400, 113503
2015-12-15, 17.3000, 17.3300, 17.1300, 17.3200, 78593
2015-12-16, 17.2500, 17.3500, 17.0300, 17.2800, 59236
2015-12-17, 17.2500, 17.2893, 17.0542, 17.1099, 27730
2015-12-18, 17.0400, 17.2200, 17.0200, 17.0300, 36013
2015-12-21, 16.9300, 17.0486, 16.8700, 16.9000, 35618
2015-12-22, 16.9600, 17.1400, 16.9300, 17.1000, 196867
2015-12-23, 17.1200, 17.4300, 17.1000, 17.4300, 90334
2015-12-24, 17.4500, 17.6800, 17.3800, 17.4800, 319308
2015-12-28, 17.5100, 17.5999, 17.2700, 17.3800, 304887
2015-12-29, 17.3200, 17.5400, 17.2101, 17.2600, 228954
2015-12-30, 17.3700, 17.3700, 17.0750, 17.1200, 280413
2015-12-31, 17.0300, 17.2200, 16.9300, 17.1600, 72684
2016-01-04, 17.1700, 17.3399, 17.0300, 17.1500, 71789
2016-01-05, 17.2600, 17.2600, 17.1000, 17.1800, 19121
2016-01-06, 17.0100, 17.0200, 16.8000, 16.8500, 150101
2016-01-07, 16.6700, 16.7500, 16.4900, 16.4900, 32661
2016-01-08, 16.4900, 16.6880, 16.3800, 16.4000, 19606
2016-01-11, 16.3900, 16.5400, 16.1201, 16.1700, 164279
2016-01-12, 16.2400, 16.4200, 15.9600, 16.0700, 172782
2016-01-13, 16.0400, 16.1500, 15.7400, 15.8100, 353005
2016-01-14, 15.8000, 15.9900, 15.5900, 15.7899, 130922
2016-01-15, 15.6800, 15.8230, 15.1500, 15.3700, 78111
2016-01-19, 15.3700, 15.4250, 14.9800, 15.0700, 205615
2016-01-20, 14.9600, 14.9600, 14.4400, 14.7900, 177335
2016-01-21, 14.6600, 15.2795, 14.6499, 15.0000, 163110
2016-01-22, 15.2300, 15.7100, 15.2300, 15.5300, 84568
2016-01-25, 15.5500, 15.7200, 15.4602, 15.5200, 115614
2016-01-26, 15.6100, 15.8100, 15.4600, 15.7300, 10659
2016-01-27, 15.7100, 15.9499, 15.6801, 15.8200, 13184
2016-01-28, 15.9200, 16.0800, 15.8530, 15.9900, 30283
2016-01-29, 15.9900, 16.2300, 15.9900, 16.1900, 22688
2016-02-01, 16.2600, 16.2899, 16.1200, 16.2700, 8483
2016-02-02, 16.1100, 16.1100, 15.7900, 15.9300, 130750
2016-02-03, 15.9300, 16.2100, 15.9200, 16.1700, 123925
2016-02-04, 16.0700, 16.3740, 16.0700, 16.0900, 24773
2016-02-05, 16.1700, 16.2600, 16.0000, 16.0600, 375358
2016-02-08, 16.0200, 16.0200, 15.5716, 15.6200, 32337
2016-02-09, 15.6000, 15.6000, 15.2600, 15.3600, 103521
2016-02-10, 15.5000, 15.5400, 15.3200, 15.3200, 66355
2016-02-11, 15.2700, 15.3350, 15.0300, 15.1400, 153874
2016-02-12, 15.3500, 15.5000, 15.2900, 15.3800, 204525
2016-02-16, 15.5200, 15.5200, 15.2500, 15.4100, 27746
2016-02-17, 15.4400, 15.8100, 15.4400, 15.6900, 186850
2016-02-18, 15.7000, 15.8500, 15.6400, 15.6999, 116702
2016-02-19, 15.6700, 15.6900, 15.5200, 15.6500, 27818
2016-02-22, 15.6400, 16.0000, 15.5000, 15.8500, 32197
2016-02-23, 15.8900, 16.0000, 15.6910, 15.7400, 126744
2016-02-24, 15.6700, 15.8060, 15.4980, 15.7400, 13227
2016-02-25, 15.8600, 15.8700, 15.6501, 15.8000, 12562
2016-02-26, 16.0200, 16.0200, 15.8300, 15.9490, 43555
2016-02-29, 15.8700, 16.1610, 15.8700, 16.0700, 88830
2016-03-01, 16.2000, 16.4800, 16.1646, 16.3700, 54384
2016-03-02, 16.5000, 16.5000, 16.3600, 16.4300, 42313
2016-03-03, 16.5000, 16.8400, 16.5000, 16.7700, 15807
2016-03-04, 16.9400, 17.1500, 16.8301, 17.0600, 39030
2016-03-07, 16.9700, 17.6100, 16.9700, 17.4300, 115445
2016-03-08, 17.4900, 17.4900, 17.0400, 17.0400, 211746
2016-03-09, 17.0800, 17.3199, 17.0800, 17.1700, 139506
2016-03-10, 17.2200, 17.3750, 17.1300, 17.1900, 15662
2016-03-11, 17.4724, 17.4900, 17.3900, 17.4400, 71731
2016-03-14, 17.4900, 17.4900, 17.3401, 17.4501, 28243
2016-03-15, 17.1458, 17.2257, 16.9959, 17.0100, 14701
2016-03-16, 16.9900, 17.2800, 16.9900, 17.2800, 51764
2016-03-17, 17.4900, 17.7100, 17.3300, 17.7100, 24098
2016-03-18, 17.6800, 17.7800, 17.5900, 17.6200, 43910
2016-03-21, 17.5100, 17.7399, 17.5100, 17.6200, 34052
2016-03-22, 17.6100, 17.7499, 17.6100, 17.6700, 21247
2016-03-23, 17.6800, 17.7300, 17.3440, 17.4300, 75701
2016-03-24, 17.1500, 17.3500, 17.1500, 17.3400, 31580
2016-03-28, 17.4700, 17.5000, 17.3200, 17.3700, 92246
2016-03-29, 17.2000, 17.4400, 17.1560, 17.4400, 25424
2016-03-30, 17.4100, 17.7199, 17.4100, 17.6600, 26378
2016-03-31, 17.7400, 17.7799, 17.6400, 17.7400, 17986
2016-04-01, 17.7000, 17.7000, 17.4000, 17.5900, 106744
2016-04-04, 17.6700, 17.6700, 17.4801, 17.6200, 23900
2016-04-05, 17.3500, 17.3500, 17.2000, 17.2489, 21130
2016-04-06, 17.3500, 17.4999, 17.3055, 17.3600, 10280
2016-04-07, 17.4600, 17.4600, 17.2201, 17.2500, 19505
2016-04-08, 17.4800, 17.6200, 17.4800, 17.6200, 14146
2016-04-11, 17.6100, 17.9100, 17.6100, 17.8250, 25368
2016-04-12, 17.7900, 18.3300, 17.7900, 18.3300, 42112
2016-04-13, 18.3300, 19.1390, 18.1374, 18.3800, 26968
2016-04-14, 18.3200, 18.7210, 18.1301, 18.1700, 37180
2016-04-15, 18.1600, 18.2800, 18.1100, 18.1800, 24148
2016-04-18, 18.0100, 18.2499, 17.9700, 18.1400, 46323
2016-04-19, 18.1000, 18.5200, 18.1000, 18.5100, 26422
2016-04-20, 18.3300, 18.6399, 18.2800, 18.6100, 90695
2016-04-21, 18.6500, 18.6500, 18.4899, 18.5700, 43978
2016-04-22, 18.4700, 18.7400, 18.4700, 18.7200, 48081
2016-04-25, 18.7800, 18.9000, 18.6501, 18.8000, 38777
2016-04-26, 18.7500, 18.8840, 18.7000, 18.8400, 10415
2016-04-27, 18.8700, 19.2100, 18.8700, 19.2100, 31745
2016-04-28, 19.1900, 19.4300, 19.0101, 19.0200, 62934
2016-04-29, 19.2400, 19.3440, 19.0190, 19.0700, 43418
2016-05-02, 19.2200, 19.2871, 18.8700, 18.9100, 17842
2016-05-03, 18.7599, 18.8000, 18.5601, 18.6800, 38383
2016-05-04, 18.6300, 18.6800, 18.5000, 18.6000, 23746
2016-05-05, 18.8400, 18.8830, 18.5500, 18.6100, 42471
2016-05-06, 18.7501, 18.7601, 18.5340, 18.5600, 13002
2016-05-09, 18.5600, 18.6800, 18.3256, 18.4800, 40252
2016-05-10, 18.5000, 18.8199, 18.4300, 18.4800, 13134
2016-05-11, 18.4500, 18.6801, 18.4188, 18.5500, 40992
2016-05-12, 18.7601, 18.7801, 18.4801, 18.5400, 17200
2016-05-13, 18.6000, 18.6000, 18.3100, 18.3100, 22902
2016-05-16, 18.2200, 18.6699, 18.2200, 18.4600, 21304
2016-05-17, 18.3899, 18.5000, 18.3101, 18.3900, 43279
2016-05-18, 18.2600, 18.4701, 18.1500, 18.2000, 41830
2016-05-19, 18.1700, 18.1950, 18.0100, 18.1800, 16827
2016-05-20, 18.0700, 18.3799, 18.0700, 18.1500, 59197
2016-05-23, 18.2700, 18.4000, 18.0500, 18.0500, 63406
2016-05-24, 18.2600, 18.2600, 18.1101, 18.1700, 20334
2016-05-25, 18.2640, 18.5431, 18.2640, 18.3700, 20792
2016-05-26, 18.3600, 18.5000, 18.3600, 18.4300, 25888
2016-05-27, 18.4073, 18.6699, 18.3200, 18.3300, 10644
2016-05-31, 18.5900, 18.5900, 18.3401, 18.4800, 10496
2016-06-01, 18.3300, 18.5135, 18.3300, 18.4000, 9604
2016-06-02, 18.4200, 18.6300, 18.3600, 18.5900, 11816
2016-06-03, 18.5300, 18.7999, 18.5002, 18.5400, 35580
2016-06-06, 18.4500, 18.9700, 18.4500, 18.9000, 21309
2016-06-07, 18.9900, 19.2200, 18.9101, 19.0900, 17378
2016-06-08, 19.1900, 19.2899, 19.1100, 19.1700, 8769
2016-06-09, 19.0000, 19.3599, 18.9303, 18.9600, 52938
2016-06-10, 18.9800, 19.0799, 18.6000, 18.6300, 11851
2016-06-13, 18.5000, 18.7700, 18.4600, 18.7599, 9651
2016-06-14, 18.5200, 18.5899, 18.2101, 18.2400, 49827
2016-06-15, 18.3900, 18.6800, 18.3100, 18.3200, 34985
2016-06-16, 18.3000, 18.4699, 18.0511, 18.2100, 34259
2016-06-17, 18.3100, 18.3280, 18.1646, 18.2800, 13020
2016-06-20, 18.4500, 18.6699, 18.4500, 18.6000, 18616
2016-06-21, 18.4600, 18.6400, 18.4600, 18.5500, 23920
2016-06-22, 18.7300, 18.7300, 18.4401, 18.5800, 9739
2016-06-23, 18.5600, 18.8099, 18.5511, 18.7800, 5854
2016-06-24, 18.1000, 18.5000, 18.1000, 18.2300, 27070
2016-06-27, 18.0500, 18.1425, 17.7410, 17.8400, 33957
2016-06-28, 18.2000, 18.2799, 18.1100, 18.1500, 32139
2016-06-29, 18.5200, 18.6999, 18.5200, 18.6200, 18860
2016-06-30, 18.6500, 18.7597, 18.5254, 18.6600, 9604
2016-07-01, 18.6600, 18.9978, 18.5500, 18.7100, 19707
2016-07-05, 18.5200, 18.6600, 18.4950, 18.5500, 19834
2016-07-06, 18.3180, 18.5450, 18.3180, 18.5200, 8342
2016-07-07, 18.6218, 18.6400, 18.4993, 18.5300, 7425
2016-07-08, 18.6800, 18.8799, 18.6800, 18.8400, 6686
2016-07-11, 18.7600, 18.9999, 18.7600, 18.8700, 19942
2016-07-12, 18.9200, 19.1800, 18.9200, 19.1100, 35082
2016-07-13, 19.0600, 19.2399, 19.0400, 19.1400, 12233
2016-07-14, 19.1700, 19.1989, 19.0890, 19.1400, 21617
2016-07-15, 19.0400, 19.1573, 19.0400, 19.1200, 4640
2016-07-18, 18.9300, 19.3000, 18.9300, 19.2300, 19920
2016-07-19, 19.1300, 19.1700, 19.0201, 19.1048, 8858
2016-07-20, 19.0600, 19.2349, 18.9800, 19.0700, 14399
2016-07-21, 18.9200, 19.2120, 18.9200, 19.0750, 37512
2016-07-22, 18.9710, 19.1700, 18.9710, 19.1600, 59256
2016-07-25, 19.1700, 19.1800, 19.0001, 19.1392, 25931
2016-07-26, 19.1500, 19.1890, 19.0600, 19.0700, 56987
2016-07-27, 19.0700, 19.1990, 19.0600, 19.0700, 11285
2016-07-28, 19.1100, 19.1100, 19.0600, 19.0800, 9009
2016-07-29, 19.0900, 19.2124, 19.0800, 19.1100, 22530
2016-08-01, 19.3000, 19.3000, 19.0800, 19.1000, 65620
2016-08-02, 19.0800, 19.2299, 18.9820, 19.0900, 46980
2016-08-03, 19.0400, 19.0800, 18.9800, 19.0300, 16308
2016-08-04, 19.0407, 19.1400, 19.0324, 19.1000, 16235
2016-08-05, 19.1800, 19.3499, 19.1200, 19.3200, 11924
2016-08-08, 19.3800, 19.6300, 19.3800, 19.5100, 26250
2016-08-09, 19.5000, 19.5500, 19.3960, 19.5400, 73502
2016-08-10, 19.4800, 19.6200, 19.4600, 19.4800, 29363
2016-08-11, 19.4000, 19.5799, 19.4000, 19.4500, 35577
2016-08-12, 19.5000, 19.6000, 19.4200, 19.5000, 23287
2016-08-15, 19.4301, 19.6399, 19.4301, 19.5800, 9204
2016-08-16, 19.4500, 19.6499, 19.3600, 19.3800, 61692
2016-08-17, 19.4500, 19.4699, 19.3100, 19.3200, 20432
2016-08-18, 19.3900, 19.6100, 19.3201, 19.5199, 33100
2016-08-19, 19.5000, 19.5150, 19.3200, 19.3600, 63825
2016-08-22, 19.3800, 19.4800, 19.3000, 19.4300, 33336
2016-08-23, 19.5100, 19.5100, 19.4000, 19.4100, 10714
2016-08-24, 19.3100, 19.4620, 19.2700, 19.2700, 11807
2016-08-25, 19.3400, 19.5900, 19.1400, 19.1900, 20042
2016-08-26, 19.3499, 19.4499, 19.1401, 19.1800, 16773
2016-08-29, 19.2138, 19.3600, 19.1201, 19.2300, 20456
2016-08-30, 19.1700, 19.3800, 19.1700, 19.3500, 12096
2016-08-31, 19.3800, 19.3800, 19.1301, 19.2805, 15018
2016-09-01, 19.2700, 19.3600, 19.1800, 19.2900, 171976
2016-09-02, 19.3700, 19.3700, 19.2504, 19.3700, 20211
2016-09-06, 19.3800, 19.5900, 19.3800, 19.5900, 8475
2016-09-07, 19.5600, 19.7500, 19.5300, 19.7100, 124117
2016-09-08, 19.6300, 19.8500, 19.6300, 19.7300, 38678
2016-09-09, 19.6500, 19.6799, 19.4200, 19.4200, 22763
2016-09-12, 19.1900, 19.4400, 19.1860, 19.4300, 88391
2016-09-13, 19.3400, 19.3400, 18.9600, 18.9700, 109428
2016-09-14, 19.1200, 19.2800, 18.9000, 18.9100, 32005
2016-09-15, 19.0518, 19.2100, 19.0000, 19.0000, 58504
2016-09-16, 18.9500, 19.0350, 18.8400, 18.8500, 18394
2016-09-19, 18.8600, 19.0799, 18.7900, 19.0000, 27389
2016-09-20, 19.0500, 19.0500, 18.8300, 18.8400, 15111
2016-09-21, 18.8100, 18.9700, 18.8000, 18.9400, 48397
2016-09-22, 19.2112, 19.3199, 19.1002, 19.2200, 10922
2016-09-23, 19.2200, 19.2599, 19.1010, 19.1900, 21762
2016-09-26, 19.1000, 19.2299, 19.1000, 19.1185, 12673
2016-09-27, 19.1000, 19.1500, 18.9101, 18.9700, 53049
2016-09-28, 18.8900, 19.1749, 18.8900, 19.1749, 7247
2016-09-29, 19.2400, 19.3499, 19.0700, 19.1500, 8350
2016-09-30, 19.0400, 19.3199, 19.0400, 19.0900, 34013
2016-10-03, 19.0000, 19.1700, 19.0000, 19.0718, 10850
2016-10-04, 19.0950, 19.1299, 19.0000, 19.0060, 11095
2016-10-05, 18.9900, 19.1200, 18.9400, 19.0500, 22930
2016-10-06, 18.9400, 19.0600, 18.8010, 19.0075, 12341
2016-10-07, 18.8700, 18.9618, 18.8001, 18.8500, 5902
2016-10-10, 18.9600, 19.1100, 18.8501, 19.0000, 11785
2016-10-11, 19.0200, 19.0230, 18.8500, 18.8700, 16043
2016-10-12, 18.8700, 18.8990, 18.7810, 18.8100, 10691
2016-10-13, 18.8700, 18.8700, 18.7400, 18.7400, 12713
2016-10-14, 18.7800, 18.9800, 18.7301, 18.7525, 17222
2016-10-17, 18.8400, 18.8400, 18.6900, 18.7200, 13114
2016-10-18, 18.7200, 18.8900, 18.7181, 18.7518, 12727
2016-10-19, 18.9300, 19.0299, 18.8387, 18.8900, 18683
2016-10-20, 19.0500, 19.1015, 19.0200, 19.0900, 8531
2016-10-21, 18.9900, 19.0799, 18.8500, 18.9900, 15924
2016-10-24, 19.1100, 19.1100, 18.8801, 18.8900, 10852
2016-10-25, 19.0500, 19.0600, 18.8400, 18.8800, 15882
2016-10-26, 18.7801, 18.9511, 18.7801, 18.8984, 11863
2016-10-27, 18.8500, 18.9399, 18.7100, 18.8200, 25323
2016-10-28, 18.8000, 18.8800, 18.5900, 18.5900, 9731
2016-10-31, 18.5000, 18.6960, 18.4200, 18.4400, 21908
2016-11-01, 18.4200, 18.4956, 18.2820, 18.3400, 13234
2016-11-02, 18.3000, 18.3752, 18.1100, 18.2087, 34980
2016-11-03, 18.2363, 18.3200, 18.0600, 18.0800, 22472
2016-11-04, 18.2000, 18.2000, 18.0075, 18.1800, 14475
2016-11-07, 18.1600, 18.3500, 18.1222, 18.1670, 64242
2016-11-08, 18.1300, 18.3800, 18.1300, 18.2100, 6785
2016-11-09, 17.9800, 18.3727, 17.9800, 18.2800, 8144
2016-11-10, 18.2400, 18.2817, 17.9200, 17.9586, 28398
2016-11-11, 17.9400, 18.0131, 17.7813, 17.8200, 28544
2016-11-14, 17.9000, 18.0400, 17.8000, 17.9800, 159688
2016-11-15, 18.0700, 18.2330, 17.8600, 18.0600, 30778
2016-11-16, 17.8500, 18.1300, 17.8500, 17.8600, 55917
2016-11-17, 18.2400, 18.2400, 17.6900, 17.8200, 32228
2016-11-18, 17.6700, 17.9302, 17.6700, 17.7500, 19660
2016-11-21, 17.7400, 18.1075, 17.7400, 17.8478, 19200
2016-11-22, 18.0600, 18.2299, 17.8850, 18.0600, 17125
2016-11-23, 17.9900, 17.9900, 17.8496, 17.8700, 23792
2016-11-25, 18.0500, 18.1911, 17.8200, 17.8452, 7042
2016-11-28, 17.7900, 17.8768, 17.7000, 17.7600, 37402
2016-11-29, 17.8100, 17.9000, 17.6900, 17.7100, 63893
2016-11-30, 17.7500, 17.9832, 17.7500, 17.9800, 49626
2016-12-01, 18.0200, 18.0200, 17.8550, 17.8700, 100745
2016-12-02, 17.9482, 17.9900, 17.8601, 17.9400, 33877
2016-12-05, 17.9100, 18.1200, 17.9100, 18.0800, 75028
2016-12-06, 18.1200, 18.2799, 18.1200, 18.2300, 18791
2016-12-07, 18.1800, 18.4000, 18.1800, 18.3500, 171292
2016-12-08, 18.4500, 18.5500, 18.3210, 18.5300, 84643
2016-12-09, 18.5000, 18.6250, 18.4150, 18.5900, 40540
2016-12-12, 18.6600, 18.7799, 18.5000, 18.5100, 46569
2016-12-13, 18.7100, 18.8600, 18.5185, 18.8000, 134215
2016-12-14, 18.7456, 18.7900, 18.3010, 18.3900, 63479
2016-12-15, 18.4200, 18.5200, 18.3087, 18.4500, 72234
2016-12-16, 18.8300, 18.8300, 18.2700, 18.3400, 63954
2016-12-19, 18.5400, 18.6323, 18.3719, 18.5000, 75879
2016-12-20, 18.4400, 18.6400, 18.3400, 18.4400, 39278
2016-12-21, 18.3900, 18.6099, 18.3702, 18.4300, 33018
2016-12-22, 18.5400, 18.6499, 18.4000, 18.4100, 45125
2016-12-23, 18.6600, 18.6700, 18.4000, 18.5300, 123778
2016-12-27, 18.4800, 18.6500, 18.3783, 18.5300, 23301
2016-12-28, 18.4200, 18.8800, 18.2200, 18.3500, 153839
2016-12-29, 18.3500, 18.6800, 18.2400, 18.3600, 92938
2016-12-30, 18.2600, 18.8517, 18.2600, 18.4300, 101096
2017-01-03, 18.4400, 18.5700, 18.2001, 18.5100, 41044
2017-01-04, 18.6400, 18.8600, 18.2737, 18.6700, 218022
2017-01-05, 18.8600, 18.9900, 18.6000, 18.7400, 81825
2017-01-06, 18.7469, 18.9900, 18.6882, 18.7900, 92721
2017-01-09, 18.8800, 18.9350, 18.6529, 18.8800, 6882
2017-01-10, 18.8100, 18.9100, 18.7410, 18.8300, 43499
2017-01-11, 18.8100, 18.9600, 18.7438, 18.9300, 14604
2017-01-12, 18.8500, 18.9190, 18.7500, 18.8981, 9026
2017-01-13, 18.9200, 18.9200, 18.7821, 18.9100, 18741
2017-01-17, 18.8200, 19.1499, 18.8200, 19.1000, 27038
2017-01-18, 19.9900, 19.9900, 18.8100, 19.0100, 164118
2017-01-19, 18.8700, 18.9999, 18.6358, 18.6900, 158820
2017-01-20, 19.0300, 19.0399, 18.8501, 18.9000, 9417
2017-01-23, 18.9700, 19.0699, 18.7696, 18.9200, 25584
2017-01-24, 18.8900, 19.0418, 18.8440, 18.9700, 13190
2017-01-25, 19.0700, 19.2100, 18.9600, 19.1200, 37265
2017-01-26, 19.0000, 19.1900, 19.0000, 19.1400, 13307
2017-01-27, 19.0100, 19.1600, 18.9500, 18.9600, 58518
2017-01-30, 19.0600, 19.1327, 18.8221, 19.0200, 99413
2017-01-31, 19.0200, 19.1100, 18.8846, 19.0300, 74457
2017-02-01, 18.9080, 19.0900, 18.8201, 19.0700, 18252
2017-02-02, 19.0000, 19.1200, 19.0000, 19.1079, 38126
2017-02-03, 19.2300, 19.2300, 19.0100, 19.1800, 38102
2017-02-06, 19.2028, 19.2986, 19.1500, 19.2400, 16517
2017-02-07, 19.1900, 19.2499, 19.1400, 19.1400, 15795
2017-02-08, 19.1100, 19.1819, 19.0000, 19.0200, 81741
2017-02-09, 19.1300, 19.1500, 19.0230, 19.1200, 12954
2017-02-10, 19.2400, 19.2400, 19.0000, 19.2000, 18259
2017-02-13, 19.0700, 19.2214, 19.0200, 19.1600, 18298
2017-02-14, 19.2800, 19.2800, 19.1101, 19.1600, 17939
2017-02-15, 19.1100, 19.3000, 19.1000, 19.2800, 26820
2017-02-16, 19.2700, 19.3400, 19.1760, 19.2300, 70318
2017-02-17, 19.2300, 19.2300, 19.1300, 19.2061, 25541
2017-02-21, 19.1400, 19.1900, 19.1000, 19.1499, 56220
2017-02-22, 19.1000, 19.2100, 19.1000, 19.1200, 28552
2017-02-23, 19.1300, 19.2100, 19.1101, 19.1600, 28871
2017-02-24, 19.1400, 19.1980, 19.0501, 19.1400, 35060
2017-02-27, 19.1500, 19.1500, 18.9100, 19.0800, 96995
2017-02-28, 19.0500, 19.0500, 18.9500, 18.9600, 29973
2017-03-01, 18.9600, 19.0622, 18.9209, 19.0622, 26655
2017-03-02, 19.0000, 19.0300, 18.9800, 18.9800, 26339
2017-03-03, 18.9800, 18.9985, 18.9601, 18.9900, 7784
2017-03-06, 18.9600, 18.9700, 18.7500, 18.7600, 63234
2017-03-07, 18.9200, 18.9900, 18.6700, 18.7092, 57547
2017-03-08, 18.6900, 18.7821, 18.4700, 18.5300, 89903
2017-03-09, 18.5000, 18.8700, 18.3300, 18.3800, 57174
2017-03-10, 18.4500, 18.7850, 18.3200, 18.3500, 96842
2017-03-13, 18.3600, 18.6924, 18.3600, 18.3800, 29816
2017-03-14, 18.4600, 18.7400, 18.3232, 18.3300, 32609
2017-03-15, 18.3500, 18.5451, 18.3475, 18.4283, 6273
2017-03-16, 18.5715, 18.7469, 18.3000, 18.5200, 25887
2017-03-17, 18.5000, 18.6362, 18.5000, 18.5890, 34465
2017-03-20, 18.6600, 18.6900, 18.5001, 18.6700, 14994
2017-03-21, 18.5600, 18.9400, 18.5000, 18.5000, 14641
2017-03-22, 18.5700, 18.9111, 18.5000, 18.5100, 19345
2017-03-23, 18.6200, 18.6943, 18.5000, 18.5000, 7042
2017-03-24, 18.7200, 18.7200, 18.4950, 18.5000, 7796
2017-03-27, 18.5500, 18.6600, 18.3910, 18.6600, 10355
2017-03-28, 18.3700, 18.6800, 18.3700, 18.4600, 28603
2017-03-29, 18.5600, 18.6599, 18.4818, 18.6200, 17800
2017-03-30, 18.5500, 18.7500, 18.5500, 18.6700, 13747
2017-03-31, 18.5200, 18.7500, 18.5200, 18.7200, 17654
2017-04-03, 18.5500, 18.7500, 18.5400, 18.7500, 18326
2017-04-04, 18.5700, 18.6980, 18.5000, 18.6300, 22572
2017-04-05, 18.6400, 18.7000, 18.5500, 18.5950, 11354
2017-04-06, 18.5200, 18.6800, 18.4801, 18.5200, 13646
2017-04-07, 18.5056, 18.6213, 18.4200, 18.4300, 24975
2017-04-10, 18.4300, 18.4995, 18.4300, 18.4300, 22376
2017-04-11, 18.4600, 18.7399, 18.4400, 18.5800, 42172
2017-04-12, 18.4800, 18.6700, 18.4600, 18.4900, 44993
2017-04-13, 18.5700, 18.7000, 18.4300, 18.4500, 70219
2017-04-17, 18.4300, 18.4900, 18.3900, 18.4000, 21258
2017-04-18, 18.3900, 18.4400, 18.3700, 18.3700, 12423
2017-04-19, 18.3800, 18.4105, 18.3700, 18.3700, 6211
2017-04-20, 18.3800, 18.4800, 18.3700, 18.4800, 26482
2017-04-21, 18.4900, 18.4900, 18.4000, 18.4600, 8741
2017-04-24, 18.6300, 18.6300, 18.4300, 18.4300, 32477
2017-04-25, 18.5900, 18.6100, 18.4201, 18.6100, 17191
2017-04-26, 18.6200, 18.6200, 18.4220, 18.5500, 17778
2017-04-27, 18.5100, 18.6099, 18.4700, 18.5400, 15605
2017-04-28, 18.5626, 18.6099, 18.5001, 18.5487, 4039
2017-05-01, 18.4600, 18.6200, 18.4600, 18.6000, 20061
2017-05-02, 18.5300, 19.0100, 18.5000, 18.6200, 34796
2017-05-03, 18.7100, 18.9600, 18.6100, 18.6500, 13870
2017-05-04, 18.5800, 18.7623, 18.4000, 18.4700, 21197
2017-05-05, 18.5100, 18.7470, 18.4331, 18.7200, 11970
2017-05-08, 18.5900, 18.7399, 18.4200, 18.4200, 11491
2017-05-09, 18.5779, 18.7300, 18.5500, 18.5500, 5806
2017-05-10, 18.5000, 18.6380, 18.4110, 18.5700, 23587
2017-05-11, 18.5172, 18.5200, 18.4200, 18.5200, 15651
2017-05-12, 18.4001, 18.5700, 18.4000, 18.5500, 12889
2017-05-15, 18.6000, 18.6200, 18.4800, 18.6200, 10036
2017-05-16, 18.5600, 18.6290, 18.4501, 18.5900, 20921
2017-05-17, 18.5400, 18.6200, 18.4100, 18.4600, 13865
2017-05-18, 18.3700, 18.6200, 18.3100, 18.3200, 31813
2017-05-19, 18.4300, 18.6250, 18.3301, 18.4614, 11943
2017-05-22, 18.6200, 18.6200, 18.3401, 18.3900, 17270
2017-05-23, 18.5300, 18.6200, 18.3676, 18.5400, 26206
2017-05-24, 18.5300, 18.6200, 18.4086, 18.6200, 20059
2017-05-25, 18.6100, 18.6200, 18.4600, 18.4900, 13774
2017-05-26, 18.6200, 18.6200, 18.5000, 18.5800, 9229
2017-05-30, 18.6145, 18.6145, 18.4500, 18.4500, 13145
2017-05-31, 18.5200, 18.6099, 18.3101, 18.3900, 20959
2017-06-01, 18.5000, 18.6195, 18.3300, 18.5700, 21177
2017-06-02, 18.5223, 18.5891, 18.4690, 18.5392, 6619
2017-06-05, 18.5100, 18.5779, 18.4700, 18.4700, 14856
2017-06-06, 18.4903, 18.5700, 18.4730, 18.5700, 13705
2017-06-07, 18.4900, 18.6000, 18.4900, 18.5200, 9573
2017-06-08, 18.5760, 18.5898, 18.4700, 18.4700, 6422
2017-06-09, 18.4950, 18.5800, 18.4630, 18.5800, 12778
2017-06-12, 18.5100, 18.6200, 18.4801, 18.6200, 13653
2017-06-13, 18.6500, 18.7000, 18.5701, 18.7000, 17448
2017-06-14, 18.7700, 18.9201, 18.6550, 18.8800, 12111
2017-06-15, 18.6100, 18.6828, 18.4800, 18.4800, 16991
2017-06-16, 18.3000, 18.4800, 18.1400, 18.1400, 15616
2017-06-19, 18.2600, 18.6699, 18.1200, 18.1200, 12539
2017-06-20, 18.1300, 18.3417, 18.0400, 18.0400, 10352
2017-06-21, 18.1200, 18.4320, 17.8600, 17.9600, 26963
2017-06-22, 17.9000, 18.1800, 17.9000, 18.0200, 24167
2017-06-23, 17.9700, 18.1831, 17.9700, 18.1400, 21284
2017-06-26, 18.2500, 18.4000, 18.2054, 18.3100, 34370
2017-06-27, 18.3100, 18.3727, 18.1001, 18.1712, 12757
2017-06-28, 18.1200, 18.5482, 18.1039, 18.4600, 21713
2017-06-29, 18.5300, 18.5300, 18.1100, 18.1100, 9716
2017-06-30, 18.3100, 18.3962, 18.2200, 18.3000, 30636
2017-07-03, 18.4000, 18.5202, 18.3610, 18.4000, 11312
2017-07-05, 18.4000, 18.5499, 18.1100, 18.1100, 24821
2017-07-06, 18.1100, 18.3920, 18.0050, 18.0300, 17700
2017-07-07, 18.5100, 18.5100, 18.0260, 18.1700, 12144
2017-07-10, 18.1300, 18.2000, 18.0500, 18.0500, 10313
2017-07-11, 18.0500, 18.1792, 18.0259, 18.1500, 11035
2017-07-12, 18.0581, 18.3800, 18.0581, 18.3700, 28062
2017-07-13, 18.3400, 18.3620, 18.0000, 18.2700, 12902
2017-07-14, 18.3000, 18.5099, 18.1060, 18.3200, 12417
2017-07-17, 18.1700, 18.5500, 18.0701, 18.1300, 22628
2017-07-18, 18.4400, 18.4800, 18.1282, 18.1800, 12062
2017-07-19, 18.3900, 18.5367, 18.1925, 18.2200, 9535
2017-07-20, 18.2700, 18.5090, 18.2700, 18.3900, 13953
2017-07-21, 18.3900, 18.4899, 18.2010, 18.3038, 8331
2017-07-24, 18.4000, 18.4100, 18.2500, 18.4100, 41517
2017-07-25, 18.4000, 18.4400, 18.2701, 18.4400, 15806
2017-07-26, 18.4400, 18.5000, 18.3096, 18.4400, 8369
2017-07-27, 18.6200, 18.6200, 18.2874, 18.4500, 7282
2017-07-28, 18.3500, 18.5299, 18.3100, 18.3300, 13080
2017-07-31, 18.3800, 18.4766, 18.1510, 18.3900, 22761
2017-08-01, 18.4000, 18.5699, 18.2125, 18.2900, 28345
2017-08-02, 18.3200, 18.5300, 18.2400, 18.2400, 27673
2017-08-03, 18.3100, 18.5600, 18.2250, 18.2250, 17251
2017-08-04, 18.3048, 18.4183, 18.2550, 18.3001, 5666
2017-08-07, 18.3200, 18.4123, 18.3000, 18.4095, 11554
2017-08-08, 18.3400, 18.3658, 18.1808, 18.2600, 16127
2017-08-09, 18.2900, 18.3300, 18.2600, 18.3237, 16829
2017-08-10, 18.2800, 18.3064, 18.1901, 18.2600, 13810
2017-08-11, 18.1600, 18.3700, 18.0000, 18.1700, 21900
2017-08-14, 18.2500, 18.2962, 18.1201, 18.2000, 17346
2017-08-15, 18.2300, 18.4722, 18.1100, 18.2100, 27271
2017-08-16, 18.0600, 18.2050, 17.9100, 18.0200, 27718
2017-08-17, 18.0200, 18.1800, 17.8900, 17.8900, 36615
2017-08-18, 17.9900, 18.1031, 17.8801, 17.9500, 28052
2017-08-21, 17.9600, 18.1200, 17.9490, 18.0000, 18416
2017-08-22, 17.9824, 18.1499, 17.9101, 18.1200, 23279
2017-08-23, 18.0300, 18.1400, 17.9001, 18.1100, 26192
2017-08-24, 18.1300, 18.1500, 18.0500, 18.1400, 19016
2017-08-25, 18.0700, 18.2200, 18.0110, 18.2100, 24451
2017-08-28, 18.2000, 18.2417, 18.0100, 18.0300, 27558
2017-08-29, 18.1012, 18.2500, 18.0471, 18.1100, 10286
2017-08-30, 18.1000, 18.2499, 18.1000, 18.1100, 11276
2017-08-31, 18.2100, 18.3900, 18.1001, 18.3800, 19984
2017-09-01, 18.3900, 18.3900, 18.2259, 18.2600, 19614
2017-09-05, 18.4400, 18.4514, 18.2500, 18.2500, 83390
2017-09-06, 18.2700, 18.4100, 18.2700, 18.4100, 11148
2017-09-07, 18.4399, 18.4399, 18.3100, 18.3500, 7779
2017-09-08, 18.3700, 18.4299, 18.2410, 18.3400, 87379
2017-09-11, 18.2900, 18.4290, 18.2500, 18.4000, 7857
2017-09-12, 18.3300, 18.4100, 18.2610, 18.2900, 9745
2017-09-13, 18.3588, 18.4200, 18.3500, 18.3600, 13562
2017-09-14, 18.4300, 18.5100, 18.3600, 18.4500, 16575
2017-09-15, 18.4600, 18.5300, 18.4500, 18.5000, 7854
2017-09-18, 18.4400, 18.4400, 18.2600, 18.3700, 19797
2017-09-19, 18.4199, 18.5200, 18.2601, 18.3900, 13876
2017-09-20, 18.5000, 18.5000, 18.3076, 18.4100, 13818
2017-09-21, 18.2600, 18.4000, 18.2600, 18.3900, 81013
2017-09-22, 18.2700, 18.4300, 18.2700, 18.3600, 10642
2017-09-25, 18.3500, 18.4436, 18.2700, 18.2900, 7406
2017-09-26, 18.3100, 18.4700, 18.2600, 18.3800, 15375
2017-09-27, 18.3200, 18.4680, 17.7500, 18.2400, 61442
2017-09-28, 18.2700, 18.4700, 18.1210, 18.2014, 74458
2017-09-29, 18.3300, 18.4000, 18.2300, 18.2900, 25066
2017-10-02, 18.3900, 18.3900, 18.2301, 18.3800, 17424
2017-10-03, 18.3501, 18.4899, 18.2601, 18.2900, 17302
2017-10-04, 18.4100, 18.4743, 18.3176, 18.4050, 26842
2017-10-05, 18.4800, 18.4887, 18.3529, 18.4200, 15610
2017-10-06, 18.4081, 18.4081, 18.2400, 18.3700, 19488
2017-10-09, 18.3700, 18.4285, 18.2300, 18.3700, 10259
2017-10-10, 18.4400, 18.4400, 18.2510, 18.3900, 17008
2017-10-11, 18.3700, 18.4877, 18.2601, 18.4800, 27513
2017-10-12, 18.4800, 18.5700, 18.3400, 18.5700, 16679
2017-10-13, 18.5600, 18.6100, 18.3701, 18.6000, 23674
2017-10-16, 18.4200, 18.6700, 18.3410, 18.4900, 20423
2017-10-17, 18.3900, 18.5600, 18.2640, 18.4200, 27810
2017-10-18, 18.2001, 18.5500, 18.2001, 18.4200, 27040
2017-10-19, 18.4100, 18.5600, 18.3610, 18.3700, 28225
2017-10-20, 18.3600, 18.4900, 18.2100, 18.2200, 34888
2017-10-23, 18.2100, 18.3566, 18.1614, 18.2400, 20105
2017-10-24, 18.3000, 18.3930, 18.1600, 18.2500, 30611
2017-10-25, 18.0500, 18.1429, 18.0100, 18.0900, 29978
2017-10-26, 18.2600, 18.3000, 18.0000, 18.0000, 25457
2017-10-27, 18.0100, 18.2556, 18.0000, 18.0900, 19774
2017-10-30, 18.0900, 18.1300, 18.0001, 18.0200, 15660
2017-10-31, 18.0000, 18.1400, 18.0000, 18.1400, 24310
2017-11-01, 18.2200, 18.2200, 18.0050, 18.1400, 11596
2017-11-02, 18.1150, 18.1400, 18.1070, 18.1300, 5262
2017-11-03, 18.0936, 18.1500, 18.0810, 18.1500, 7173
2017-11-06, 18.0900, 18.3099, 18.0309, 18.2200, 39080
2017-11-07, 18.0700, 18.3200, 18.0700, 18.1600, 24965
2017-11-08, 18.1600, 18.2500, 18.0310, 18.2500, 10470
2017-11-09, 18.0700, 18.2500, 18.0520, 18.1100, 7094
2017-11-10, 18.1000, 18.2500, 18.0500, 18.0800, 13538
2017-11-13, 18.0600, 18.2200, 18.0368, 18.1100, 14078
2017-11-14, 18.0000, 18.1764, 17.9001, 17.9200, 27986
2017-11-15, 17.8800, 18.2400, 17.8000, 17.8300, 15044
2017-11-16, 17.8300, 18.0382, 17.7900, 17.8100, 12644
2017-11-17, 17.9900, 17.9900, 17.7600, 17.8400, 14189
2017-11-20, 17.9400, 17.9890, 17.6900, 17.9100, 18638
2017-11-21, 17.7377, 17.9300, 17.7377, 17.9300, 25573
2017-11-22, 17.9900, 17.9900, 17.7500, 17.8500, 15726
2017-11-24, 17.9900, 17.9900, 17.7400, 17.7400, 4447
2017-11-27, 17.7900, 17.8900, 17.7800, 17.8000, 50723
2017-11-28, 17.7300, 17.8300, 17.7300, 17.8300, 45613
2017-11-29, 17.7700, 17.7840, 17.7500, 17.7600, 67054
2017-11-30, 17.6500, 17.8000, 17.6500, 17.8000, 21323
2017-12-01, 17.8000, 17.8000, 17.5070, 17.8000, 51261
2017-12-04, 17.7900, 17.9683, 17.7765, 17.8900, 12632
2017-12-05, 17.7910, 17.9700, 17.7708, 17.8000, 27094
2017-12-06, 17.9800, 17.9800, 17.7400, 17.8900, 26051
2017-12-07, 17.8600, 17.9799, 17.8180, 17.8800, 19131
2017-12-08, 17.9682, 17.9682, 17.9151, 17.9300, 12003
2017-12-11, 17.8800, 17.9900, 17.8601, 17.9700, 29245
2017-12-12, 17.9200, 17.9981, 17.9200, 17.9900, 13026
2017-12-13, 17.8900, 17.9900, 17.8100, 17.9900, 20225
2017-12-14, 17.8800, 18.0000, 17.8300, 17.9500, 42348
2017-12-15, 17.9100, 18.0000, 17.8901, 18.0000, 15643
2017-12-18, 18.0800, 18.1200, 17.9900, 18.1200, 13194
2017-12-19, 17.9900, 18.2300, 17.9800, 17.9800, 45657
2017-12-20, 18.0200, 18.0660, 18.0000, 18.0000, 29368
2017-12-21, 18.1200, 18.1500, 18.0000, 18.0200, 17540
2017-12-22, 18.0100, 18.1090, 18.0000, 18.0400, 25773
2017-12-26, 17.9600, 17.9617, 17.9100, 17.9600, 15214
2017-12-27, 17.8800, 18.0100, 17.8800, 17.9900, 13770
2017-12-28, 17.9300, 18.0600, 17.9050, 18.0600, 88571
2017-12-29, 17.9900, 18.0699, 17.9800, 17.9900, 27408
2018-01-02, 18.0500, 18.5700, 18.0500, 18.3300, 1177779
2018-01-03, 18.4100, 18.8490, 18.3600, 18.7000, 127958
2018-01-04, 18.7000, 18.8300, 18.5000, 18.7700, 30979
2018-01-05, 18.7000, 18.9400, 18.7000, 18.7800, 27945
2018-01-08, 18.8300, 18.8300, 18.4302, 18.6000, 24168
2018-01-09, 18.5500, 18.8899, 18.5500, 18.5900, 28150
2018-01-10, 18.4200, 18.8350, 18.4200, 18.8250, 29259
2018-01-11, 18.6800, 18.7800, 18.2548, 18.7400, 15917
2018-01-12, 18.6500, 18.9900, 18.6300, 18.9600, 18493
2018-01-16, 18.9900, 18.9900, 18.7600, 18.8800, 25821
2018-01-17, 18.8400, 18.8797, 18.3960, 18.7700, 45301
2018-01-18, 18.8000, 18.9300, 18.4601, 18.6200, 127763
2018-01-19, 18.5300, 18.6700, 18.5213, 18.6400, 16603
2018-01-22, 18.7000, 18.9900, 18.5781, 18.9300, 24040
2018-01-23, 18.9400, 18.9400, 18.5838, 18.9300, 55078
2018-01-24, 18.7900, 19.0100, 18.7052, 18.9600, 30709
2018-01-25, 19.0200, 19.2399, 18.8000, 18.8700, 24308
2018-01-26, 18.8100, 19.1700, 18.8000, 18.8530, 22175
2018-01-29, 18.8500, 18.9200, 18.6800, 18.6800, 18582
2018-01-30, 18.6900, 18.8099, 18.6000, 18.6299, 14526
2018-01-31, 18.6100, 18.9400, 18.3200, 18.3600, 15063
2018-02-01, 18.3900, 18.5320, 18.3600, 18.4400, 27963
2018-02-02, 18.4500, 18.6403, 18.2500, 18.2500, 13161
2018-02-05, 18.1900, 18.2866, 17.5785, 17.9734, 19213
2018-02-06, 17.4900, 17.9999, 17.3700, 17.8500, 17196
2018-02-07, 17.8000, 17.9500, 17.7790, 17.9300, 28212
2018-02-08, 17.8867, 17.8867, 17.5900, 17.6400, 10948
2018-02-09, 17.6000, 17.6671, 16.9800, 17.3400, 41001
2018-02-12, 17.6800, 17.6800, 17.1601, 17.5800, 15307
2018-02-13, 17.5000, 17.7800, 17.3200, 17.7300, 23909
2018-02-14, 17.8300, 18.0000, 17.4200, 17.9800, 1184145
2018-02-15, 17.7600, 18.2500, 17.5360, 17.9400, 150814
2018-02-16, 17.7200, 17.9600, 17.6001, 17.8100, 44063
2018-02-20, 17.6000, 17.8500, 17.6000, 17.7202, 39246
2018-02-21, 17.7700, 17.8100, 17.6001, 17.6552, 11836
2018-02-22, 17.6000, 17.7600, 17.3800, 17.4700, 32651
2018-02-23, 17.5400, 17.7699, 17.5400, 17.6100, 16967
2018-02-26, 17.8300, 17.8500, 17.3800, 17.7400, 41227
2018-02-27, 17.5500, 17.9790, 17.5200, 17.5300, 17202
2018-02-28, 17.5000, 17.7170, 17.5000, 17.5100, 16372
2018-03-01, 17.3800, 17.7050, 17.3100, 17.4000, 88726
2018-03-02, 17.2700, 17.6700, 17.2460, 17.4800, 25947
2018-03-05, 17.3500, 17.6373, 17.3500, 17.6060, 35154
2018-03-06, 17.6500, 17.6500, 17.3340, 17.4300, 24992
2018-03-07, 17.3600, 17.5700, 17.3600, 17.5600, 25026
2018-03-08, 17.6500, 17.6500, 17.4338, 17.5500, 14318
2018-03-09, 17.6100, 17.6300, 17.4700, 17.6300, 5318
2018-03-12, 17.4100, 17.7699, 17.4100, 17.6300, 11316
2018-03-13, 17.7500, 17.7600, 17.5800, 17.6500, 49221
2018-03-14, 17.6000, 17.7300, 17.5900, 17.6000, 6842
2018-03-15, 17.5700, 17.6999, 17.3901, 17.4700, 11180
2018-03-16, 17.3200, 17.3890, 17.2400, 17.3642, 21015
2018-03-19, 17.1400, 17.4400, 17.1400, 17.3176, 7740
2018-03-20, 17.2700, 17.3158, 17.0800, 17.1200, 5157
2018-03-21, 17.2447, 17.2447, 17.1001, 17.1900, 14373
2018-03-22, 17.0700, 17.3904, 17.0700, 17.2700, 4909
2018-03-23, 17.3200, 17.3200, 17.0410, 17.2700, 6486
2018-03-26, 17.4700, 17.4700, 16.9958, 17.0300, 22392
2018-03-27, 17.2300, 17.2340, 17.0100, 17.0200, 13777
2018-03-28, 17.0300, 17.2499, 17.0220, 17.0300, 7412
2018-03-29, 17.0100, 17.3000, 17.0100, 17.1000, 14453
2018-04-02, 17.0100, 17.2778, 17.0100, 17.0600, 13749
2018-04-03, 17.1801, 17.3800, 17.0500, 17.2600, 17112
2018-04-04, 17.0300, 17.2700, 17.0300, 17.2700, 5039
2018-04-05, 17.1700, 17.3000, 17.1403, 17.3000, 13106
2018-04-06, 17.2900, 17.5076, 17.2300, 17.2300, 8491
2018-04-09, 17.2000, 17.4400, 17.1300, 17.1300, 7591
2018-04-10, 17.0900, 17.3500, 17.0620, 17.3400, 27101
2018-04-11, 17.2200, 17.4500, 17.1100, 17.1800, 21761
2018-04-12, 17.3400, 17.3800, 17.1811, 17.3800, 69934
2018-04-13, 17.4147, 17.4400, 17.1701, 17.4300, 387944
2018-04-16, 17.3400, 17.5000, 17.2500, 17.4500, 37737
2018-04-17, 17.4100, 17.4644, 17.2200, 17.4218, 10910
2018-04-18, 17.4200, 17.5000, 17.4200, 17.4750, 7563
2018-04-19, 17.5000, 17.5000, 17.3500, 17.4100, 11572
2018-04-20, 17.3100, 17.4700, 17.3100, 17.4600, 6367
2018-04-23, 17.4900, 17.4999, 17.3300, 17.4800, 25460
2018-04-24, 17.5000, 17.5000, 17.2700, 17.3000, 17761
2018-04-25, 17.1900, 17.3284, 17.1100, 17.1200, 9486
2018-04-26, 17.2100, 17.3590, 17.1000, 17.1000, 13343
2018-04-27, 17.3500, 17.4800, 17.1901, 17.4500, 10174
2018-04-30, 17.4700, 17.4900, 17.2054, 17.3600, 16389
2018-05-01, 17.4700, 17.4700, 17.2201, 17.2300, 36384
2018-05-02, 17.2200, 17.4555, 17.2200, 17.4555, 6106
2018-05-03, 17.4700, 17.4700, 17.1200, 17.1200, 15036
2018-05-04, 17.2600, 17.4200, 17.1200, 17.1871, 3906
2018-05-07, 17.2100, 17.3900, 17.1200, 17.3900, 15293
2018-05-08, 17.3900, 17.4800, 17.2800, 17.4800, 14364
2018-05-09, 17.5000, 17.5000, 17.1510, 17.4900, 15069
2018-05-10, 17.4000, 17.5900, 17.2401, 17.5500, 31664
2018-05-11, 17.5500, 17.8000, 17.3600, 17.5600, 37540
2018-05-14, 17.7400, 17.7900, 17.4100, 17.7900, 9179
2018-05-15, 17.4700, 17.5800, 17.4100, 17.4100, 5823
2018-05-16, 17.5200, 17.5731, 17.2254, 17.5367, 8746
2018-05-17, 17.5700, 17.6300, 17.2601, 17.3700, 11445
2018-05-18, 17.5187, 17.6400, 17.4351, 17.4900, 1547
2018-05-21, 17.5200, 17.6799, 17.3400, 17.6100, 3971
2018-05-22, 17.4300, 17.7000, 17.3747, 17.4000, 7353
2018-05-23, 17.5400, 17.7900, 17.4519, 17.5845, 5673
2018-05-24, 17.4100, 17.6943, 17.3301, 17.4900, 3982
2018-05-25, 17.3400, 17.6700, 17.3400, 17.3700, 7818
2018-05-29, 17.4900, 17.5350, 17.3737, 17.3900, 12644
2018-05-30, 17.4200, 17.7399, 17.3320, 17.7200, 10821
2018-05-31, 17.5200, 17.7400, 17.4501, 17.4900, 9846
2018-06-01, 17.8100, 17.8100, 17.4900, 17.8000, 9337
2018-06-04, 17.8200, 17.8200, 17.5522, 17.6700, 19293
2018-06-05, 17.6300, 17.8000, 17.6300, 17.7100, 15190
2018-06-06, 17.9200, 17.9200, 17.6701, 17.7500, 8127
2018-06-07, 17.9100, 17.9100, 17.7001, 17.7100, 6205
2018-06-08, 17.5700, 17.8136, 17.5700, 17.7550, 7906
2018-06-11, 17.6062, 17.7800, 17.5810, 17.7000, 13173
2018-06-12, 17.6300, 17.7460, 17.6300, 17.6600, 3921
2018-06-13, 17.5900, 17.7212, 17.5900, 17.6791, 9213
2018-06-14, 17.8000, 17.8000, 17.5000, 17.5300, 9700
2018-06-15, 17.7490, 17.7490, 17.5500, 17.5848, 3874
2018-06-18, 17.2800, 17.3997, 17.2800, 17.3500, 7073
2018-06-19, 17.5500, 17.5500, 17.3000, 17.3000, 6345
2018-06-20, 17.3200, 17.4700, 17.3200, 17.4000, 19071
2018-06-21, 17.4500, 17.5500, 17.3300, 17.4900, 6014
2018-06-22, 17.5300, 17.6000, 17.3800, 17.3800, 7751
2018-06-25, 17.6700, 17.6700, 17.5000, 17.5000, 2800
2018-06-26, 17.4000, 17.5000, 17.2000, 17.3600, 25731
2018-06-27, 17.3700, 17.4600, 17.2000, 17.4244, 4090
2018-06-28, 17.2700, 17.4228, 17.2700, 17.3200, 5934
2018-06-29, 17.3700, 17.4600, 17.3400, 17.4000, 10796
2018-07-02, 17.3000, 17.5700, 17.3000, 17.5700, 25102
2018-07-03, 17.4000, 17.6700, 17.4000, 17.4300, 5980
2018-07-05, 17.4600, 17.7600, 17.4230, 17.7352, 8672
2018-07-06, 17.8000, 17.8650, 17.7500, 17.7800, 14180
2018-07-09, 17.6700, 17.8800, 17.6700, 17.8000, 16343
2018-07-10, 17.8000, 17.9000, 17.8000, 17.8900, 23254
2018-07-11, 17.7500, 17.8600, 17.4150, 17.6900, 7930
2018-07-12, 17.6300, 17.7600, 17.5800, 17.7200, 5950
2018-07-13, 17.6900, 17.7900, 17.6000, 17.6700, 11547
2018-07-16, 17.7799, 17.7799, 17.4200, 17.6100, 7746
2018-07-17, 17.7400, 17.7400, 17.4900, 17.5000, 5936
2018-07-18, 17.5400, 17.6799, 17.5101, 17.5200, 4565
2018-07-19, 17.4900, 17.6816, 17.4900, 17.6200, 10875
2018-07-20, 17.7500, 17.7500, 17.5400, 17.5500, 8326
2018-07-23, 17.7200, 17.7200, 17.5385, 17.6000, 3324
2018-07-24, 17.7900, 17.7900, 17.5600, 17.6201, 11562
2018-07-25, 17.4900, 17.9100, 17.4900, 17.7300, 16064
2018-07-26, 17.6100, 17.7800, 17.6100, 17.6900, 36233
2018-07-27, 17.7550, 17.7900, 17.6600, 17.6600, 5248
2018-07-30, 17.6800, 17.7184, 17.6240, 17.6240, 3508
2018-07-31, 17.7300, 17.8300, 17.6406, 17.8000, 13223
2018-08-01, 17.6500, 17.8479, 17.6455, 17.6700, 8310
2018-08-02, 17.6000, 17.8012, 17.6000, 17.6800, 7011
2018-08-03, 17.6800, 17.7790, 17.6500, 17.6500, 2951
2018-08-06, 17.6500, 17.8499, 17.6500, 17.6600, 6861
2018-08-07, 17.7000, 17.7900, 17.6600, 17.6800, 5955
2018-08-08, 17.7800, 17.7800, 17.6500, 17.7300, 3313
2018-08-09, 17.6400, 17.7600, 17.6100, 17.6200, 11080
2018-08-10, 17.6000, 17.7540, 17.5500, 17.5500, 10292
2018-08-13, 17.5000, 17.6290, 17.0900, 17.3900, 14259
2018-08-14, 17.3796, 17.5000, 17.3269, 17.4600, 21342
2018-08-15, 17.2400, 17.6228, 17.2400, 17.4500, 8099
2018-08-16, 17.3520, 17.5200, 17.1900, 17.1900, 11442
2018-08-17, 17.3301, 17.5322, 17.3301, 17.4400, 2454
2018-08-20, 17.6400, 17.7000, 17.3857, 17.5975, 7946
2018-08-21, 17.4874, 17.6900, 17.4709, 17.6900, 14843
2018-08-22, 17.7100, 17.7499, 17.5473, 17.6800, 8930
2018-08-23, 17.5200, 17.8100, 17.5200, 17.5300, 10912
2018-08-24, 17.5800, 17.7300, 17.5350, 17.6688, 8593
2018-08-27, 17.7300, 17.7300, 17.6000, 17.6000, 6843
2018-08-28, 17.6000, 17.6799, 17.5010, 17.5600, 12580
2018-08-29, 17.6800, 17.7500, 17.4800, 17.5500, 17662
2018-08-30, 17.5400, 17.6170, 17.4800, 17.4800, 11999
2018-08-31, 17.3200, 17.5270, 17.3200, 17.3300, 4763
2018-09-04, 17.2800, 17.3271, 17.2300, 17.2700, 32070
2018-09-05, 17.2932, 17.2932, 17.1500, 17.1600, 5010
2018-09-06, 17.4400, 17.4490, 17.1100, 17.1610, 13841
2018-09-07, 17.0300, 17.3157, 17.0300, 17.1100, 9266
2018-09-10, 17.1300, 17.4100, 17.1300, 17.2365, 6280
2018-09-11, 17.3300, 17.3477, 17.1000, 17.2275, 9074
2018-09-12, 17.1600, 17.2818, 17.1501, 17.1700, 11566
2018-09-13, 17.2700, 17.3300, 17.2500, 17.3300, 12762
2018-09-14, 17.3300, 17.5100, 17.2900, 17.5100, 3666
2018-09-17, 17.2400, 17.5513, 17.2400, 17.2915, 9419
2018-09-18, 17.3400, 17.4390, 17.2600, 17.2700, 5584
2018-09-19, 17.2500, 17.4400, 17.2200, 17.4400, 7397
2018-09-20, 17.3500, 17.4300, 17.3300, 17.3799, 8216
2018-09-21, 17.3999, 17.4000, 17.3639, 17.4000, 2491
2018-09-24, 17.4000, 17.4000, 17.2500, 17.3100, 10575
2018-09-25, 17.4000, 17.4144, 17.2500, 17.3865, 7330
2018-09-26, 17.3688, 17.4500, 17.3000, 17.4500, 6524
2018-09-27, 17.4055, 17.4300, 17.3409, 17.4300, 4161
2018-09-28, 17.3663, 17.4070, 17.3300, 17.3700, 855
2018-10-01, 17.4000, 17.4000, 17.3200, 17.3500, 5040
2018-10-02, 17.2900, 17.3500, 17.2200, 17.2200, 14640
2018-10-03, 17.2700, 17.4334, 17.2700, 17.4334, 1572
2018-10-04, 17.3300, 17.4400, 17.1000, 17.1100, 11328
2018-10-05, 17.1000, 17.2700, 17.1000, 17.1000, 6906
2018-10-08, 17.1000, 17.1600, 17.0000, 17.0200, 9679
2018-10-09, 17.0000, 17.3500, 17.0000, 17.0400, 10060
2018-10-10, 17.0436, 17.3388, 16.9500, 16.9500, 9553
2018-10-11, 16.9500, 17.2186, 16.7700, 16.7700, 5535
2018-10-12, 16.8400, 16.9056, 16.3501, 16.6300, 11150
2018-10-15, 16.7500, 17.0600, 16.3634, 16.3900, 11811
2018-10-16, 16.3200, 17.0500, 16.3200, 17.0400, 30632
2018-10-17, 17.0501, 17.0501, 16.7600, 16.8080, 5776
2018-10-18, 16.9900, 17.1662, 16.8374, 17.1397, 5802
2018-10-19, 16.9700, 17.1100, 16.6501, 16.9348, 3276
2018-10-22, 17.0000, 17.0700, 16.6400, 16.8000, 10848
2018-10-23, 16.7300, 16.9701, 16.4000, 16.9100, 13205
2018-10-24, 16.5195, 16.8480, 16.4700, 16.5195, 11052
2018-10-25, 16.5500, 16.8300, 16.4472, 16.5700, 10583
2018-10-26, 16.4000, 16.6215, 16.4000, 16.4959, 4907
2018-10-29, 16.6400, 16.7299, 16.4000, 16.6098, 3253
2018-10-30, 16.6100, 16.6247, 16.3600, 16.5517, 15978
2018-10-31, 16.3900, 16.6500, 16.3700, 16.3700, 5572
2018-11-01, 16.4591, 16.5700, 16.4483, 16.5700, 38187
2018-11-02, 16.6900, 16.6900, 16.6300, 16.6526, 3404
2018-11-05, 16.6610, 16.7000, 16.6400, 16.7000, 7237
2018-11-06, 16.6100, 16.8999, 16.6100, 16.7200, 4675
2018-11-07, 16.7300, 16.8899, 16.7300, 16.8000, 11878
2018-11-08, 16.8000, 17.0000, 16.5600, 16.7700, 13335
2018-11-09, 16.7525, 16.7573, 16.7100, 16.7101, 2089
