2017-08-31, 25.0500, 25.3500, 25.0348, 25.3299, 35700
2017-09-01, 25.3000, 25.3800, 25.2600, 25.2800, 20339
2017-09-05, 25.2100, 25.3000, 25.2000, 25.2500, 30225
2017-09-06, 25.2500, 25.3500, 25.1700, 25.3500, 17900
2017-09-07, 25.3500, 25.4399, 25.2000, 25.2400, 16344
2017-09-08, 25.3000, 26.9500, 25.2800, 25.4899, 13842
2017-09-11, 25.4899, 25.4900, 25.4000, 25.4500, 5600
2017-09-12, 25.3601, 25.5000, 25.3600, 25.3600, 88476
2017-09-13, 25.4300, 25.4300, 25.3500, 25.3500, 8045
2017-09-14, 25.4000, 25.4000, 25.3410, 25.3900, 14400
2017-09-15, 25.3800, 25.3810, 25.3200, 25.3800, 5000
2017-09-18, 25.3800, 25.3800, 25.3200, 25.3206, 7775
2017-09-19, 25.3200, 25.3200, 25.2000, 25.2790, 18572
2017-09-20, 25.3100, 25.3400, 25.2800, 25.3300, 12821
2017-09-21, 25.3200, 25.3800, 25.3200, 25.3800, 8827
2017-09-22, 25.4000, 25.4900, 25.4000, 25.4900, 5300
2017-09-25, 25.3700, 25.4500, 25.3600, 25.4500, 14350
2017-09-26, 25.4900, 25.4900, 25.2600, 25.3000, 26943
2017-09-27, 25.2500, 25.3500, 25.2500, 25.3390, 18489
2017-09-28, 25.3000, 25.3499, 25.3000, 25.3200, 12833
2017-09-29, 25.3799, 25.4000, 25.3668, 25.3999, 21439
2017-10-02, 25.4899, 25.4900, 25.2600, 25.2601, 4040
2017-10-03, 25.3400, 25.4500, 25.3399, 25.3500, 7946
2017-10-04, 25.4001, 25.4600, 25.3849, 25.3849, 10293
2017-10-05, 25.5200, 25.5400, 25.5200, 25.5200, 5950
2017-10-06, 25.8000, 25.8000, 25.4800, 25.4800, 8300
2017-10-09, 25.4318, 25.6500, 25.4318, 25.6500, 828
2017-10-10, 25.5800, 25.6000, 25.4100, 25.4500, 4100
2017-10-11, 25.5000, 25.5000, 25.4100, 25.5000, 2077
2017-10-12, 25.5000, 25.5000, 25.4892, 25.5000, 3150
2017-10-13, 25.5000, 25.7900, 25.5000, 25.5000, 2011
2017-10-16, 25.5000, 25.5000, 25.4000, 25.4000, 10530
2017-10-17, 25.5686, 25.5686, 25.4000, 25.5000, 8477
2017-10-18, 25.5000, 25.7900, 25.5000, 25.6000, 11676
2017-10-19, 25.7000, 25.7000, 25.5500, 25.5500, 1600
2017-10-20, 25.6800, 25.6800, 25.6800, 25.6800, 1000
2017-10-23, 25.5900, 25.6400, 25.3951, 25.5400, 8562
2017-10-24, 25.6600, 25.6900, 25.6600, 25.6900, 3500
2017-10-25, 25.7000, 25.7000, 25.4200, 25.5000, 4800
2017-10-26, 25.5000, 25.5800, 25.4200, 25.5700, 3200
2017-10-27, 25.5500, 25.5600, 25.4700, 25.4700, 1003
2017-10-30, 25.5500, 25.5500, 25.5500, 25.5500, 2150
2017-10-31, 25.6200, 25.6200, 25.4600, 25.5300, 1490
2017-11-01, 25.5000, 25.5800, 25.4200, 25.4200, 2502
2017-11-02, 25.5500, 25.5900, 25.3500, 25.4500, 13408
2017-11-03, 25.4500, 25.5700, 25.3000, 25.3400, 14438
2017-11-06, 25.2800, 25.3500, 25.2500, 25.3500, 28369
2017-11-07, 25.3101, 25.4099, 25.3100, 25.4000, 6955
2017-11-08, 25.4200, 25.4200, 25.3001, 25.4200, 9642
2017-11-09, 25.4000, 25.5300, 25.4000, 25.5000, 3300
2017-11-10, 25.4500, 25.5000, 25.4500, 25.4800, 3710
2017-11-13, 25.6000, 25.6100, 25.5900, 25.6000, 3342
2017-11-14, 25.6200, 25.7900, 25.5500, 25.5896, 2389
2017-11-15, 25.7000, 25.7099, 25.6000, 25.6900, 3605
2017-11-16, 25.6525, 25.6800, 25.5000, 25.5200, 8065
2017-11-17, 25.7000, 25.7000, 25.6900, 25.6900, 712
2017-11-20, 25.6900, 25.6900, 25.6900, 25.6900, 676
2017-11-21, 25.6900, 25.6900, 25.6900, 25.6900, 400
2017-11-22, 25.6300, 25.6300, 25.2200, 25.4000, 21522
2017-11-24, 25.4600, 25.4700, 25.4000, 25.4500, 3659
2017-11-27, 25.4500, 25.5100, 25.2600, 25.2600, 28743
2017-11-28, 25.4300, 25.4400, 25.3800, 25.4400, 6589
2017-11-29, 25.4400, 25.4700, 25.4000, 25.4700, 8292
2017-11-30, 25.2800, 25.3390, 25.1965, 25.2500, 13781
2017-12-01, 25.3000, 25.4300, 25.1500, 25.3500, 4682
2017-12-04, 25.3000, 25.3000, 25.2450, 25.3000, 5866
2017-12-05, 25.3500, 25.3500, 25.3390, 25.3500, 4807
2017-12-06, 25.3500, 25.3900, 25.3000, 25.3450, 3660
2017-12-07, 25.3850, 25.3850, 25.2600, 25.2600, 7462
2017-12-08, 25.3799, 25.3800, 25.3500, 25.3500, 15074
2017-12-11, 25.3500, 25.3501, 25.2800, 25.3500, 3794
2017-12-12, 25.3501, 25.4099, 25.3000, 25.4099, 4119
2017-12-13, 25.1800, 25.3400, 25.1000, 25.3400, 14865
2017-12-14, 25.2000, 25.3000, 25.1200, 25.3000, 25391
2017-12-15, 25.3300, 25.3400, 25.3175, 25.3400, 8520
2017-12-18, 25.3341, 25.4400, 25.3341, 25.4248, 12592
2017-12-19, 25.5000, 25.5000, 25.3000, 25.4000, 3851
2017-12-20, 25.5501, 25.5501, 25.4757, 25.4757, 1480
2017-12-21, 25.5372, 25.5372, 25.5372, 25.5372, 233
2017-12-22, 25.3800, 25.5900, 25.3500, 25.5900, 5985
2017-12-26, 25.5900, 25.5900, 25.5900, 25.5900, 273
2017-12-27, 25.5000, 25.5500, 25.5000, 25.5500, 1620
2017-12-28, 25.4510, 25.4510, 25.4000, 25.4100, 2113
2017-12-29, 25.5057, 25.5057, 25.4000, 25.4500, 3315
2018-01-02, 25.4900, 25.5000, 25.4900, 25.4900, 695
2018-01-03, 25.4000, 25.5300, 25.4000, 25.5000, 4256
2018-01-05, 25.5800, 25.5805, 25.5800, 25.5801, 1124
2018-01-08, 25.5900, 25.5900, 25.4000, 25.4000, 1952
2018-01-09, 25.5000, 25.5900, 25.5000, 25.5500, 4855
2018-01-10, 25.5900, 25.5900, 25.5000, 25.5500, 2385
2018-01-12, 25.4000, 25.5500, 25.4000, 25.5500, 600
2018-01-16, 25.5800, 25.5900, 25.4000, 25.5386, 9280
2018-01-17, 25.4000, 25.5400, 25.3200, 25.4859, 7800
2018-01-18, 25.3400, 25.4000, 25.3400, 25.4000, 1900
2018-01-19, 25.3500, 25.5500, 25.3400, 25.5000, 8250
2018-01-22, 25.5000, 25.5000, 25.4900, 25.4900, 1545
2018-01-23, 25.4000, 25.5800, 25.4000, 25.5500, 1950
2018-01-24, 25.5000, 25.5490, 25.3600, 25.3601, 4110
2018-01-25, 25.4400, 25.4400, 25.3600, 25.4000, 3001
2018-01-26, 25.3100, 25.4000, 25.3100, 25.4000, 10350
2018-01-29, 25.4900, 25.4900, 25.2611, 25.3700, 12912
2018-01-30, 25.3500, 25.3500, 25.2500, 25.3400, 9985
2018-01-31, 25.3400, 25.3400, 25.3000, 25.3389, 1327
2018-02-01, 25.4000, 25.4244, 25.4000, 25.4000, 1191
2018-02-02, 25.2840, 25.4100, 25.2400, 25.4100, 3300
2018-02-05, 25.2500, 25.2500, 25.1000, 25.2500, 5189
2018-02-06, 25.2500, 25.2500, 25.1989, 25.1989, 14579
2018-02-07, 25.2500, 25.2600, 25.1993, 25.2300, 3511
2018-02-08, 25.3000, 25.3000, 25.2600, 25.2600, 3607
2018-02-09, 25.2500, 25.3000, 25.2000, 25.2990, 9117
2018-02-12, 25.3900, 25.3900, 25.2000, 25.3800, 5457
2018-02-13, 25.2600, 25.3800, 25.2600, 25.3800, 1526
2018-02-14, 25.2500, 25.3700, 25.2500, 25.3000, 6654
2018-02-15, 25.3800, 25.3800, 25.3799, 25.3799, 5403
2018-02-16, 25.5000, 25.5000, 25.5000, 25.5000, 410
2018-02-20, 25.3800, 25.3800, 25.3500, 25.3500, 2523
2018-02-21, 25.4400, 25.4400, 25.3500, 25.4400, 3481
2018-02-22, 25.5000, 25.5000, 25.3500, 25.4500, 3514
2018-02-23, 25.3616, 25.5200, 25.3616, 25.5000, 3800
2018-02-26, 25.5000, 25.5000, 25.3350, 25.3500, 33956
2018-02-27, 25.4293, 25.4476, 25.3200, 25.4476, 16118
2018-02-28, 25.2000, 25.2000, 25.1050, 25.1600, 4896
2018-03-01, 25.0500, 25.1000, 24.9800, 25.1000, 10110
2018-03-02, 25.0000, 25.1000, 24.9500, 25.0840, 2060
2018-03-05, 25.0500, 25.0500, 25.0000, 25.0000, 3610
2018-03-06, 25.0799, 25.1475, 25.0505, 25.0505, 7390
2018-03-07, 25.1600, 25.1600, 25.0000, 25.0000, 9357
2018-03-08, 25.0700, 25.1700, 25.0400, 25.0400, 4896
2018-03-09, 25.1000, 25.1800, 25.0500, 25.1800, 4159
2018-03-12, 25.1800, 25.3000, 25.1800, 25.3000, 1310
2018-03-13, 25.4878, 25.4878, 25.1499, 25.1500, 6613
2018-03-14, 25.2000, 25.2000, 25.2000, 25.2000, 200
2018-03-15, 25.2500, 25.2542, 25.1100, 25.2542, 3357
2018-03-16, 25.2800, 25.3900, 25.2500, 25.3900, 4722
2018-03-19, 25.4000, 25.4900, 25.3100, 25.3100, 1792
2018-03-20, 25.4400, 25.4400, 25.3000, 25.3000, 700
2018-03-21, 25.1400, 25.1400, 25.1400, 25.1400, 1000
2018-03-22, 25.3000, 25.3000, 24.8900, 25.1000, 31362
2018-03-26, 25.1500, 25.1500, 25.0900, 25.1000, 3026
2018-03-27, 25.1000, 25.1200, 25.1000, 25.1200, 300
2018-03-28, 25.1500, 25.2200, 25.1500, 25.1500, 1400
2018-03-29, 25.1400, 25.1500, 25.1200, 25.1200, 3492
2018-04-02, 25.1500, 25.2800, 25.1500, 25.2700, 2865
2018-04-03, 25.3100, 27.5000, 25.3100, 25.8500, 5150
2018-04-04, 25.8300, 25.8300, 25.7900, 25.7900, 700
2018-04-05, 25.5100, 25.5700, 25.5100, 25.5200, 2940
2018-04-06, 25.5100, 25.5703, 25.5100, 25.5703, 800
2018-04-09, 25.3000, 25.4000, 25.2201, 25.4000, 2114
2018-04-10, 25.6500, 25.6500, 25.6500, 25.6500, 1470
2018-04-11, 25.6500, 25.6500, 25.6500, 25.6500, 857
2018-04-12, 25.4000, 25.5100, 25.2330, 25.5100, 4200
2018-04-13, 25.5100, 25.5200, 25.4500, 25.4500, 1600
2018-04-16, 25.4600, 25.4600, 25.2900, 25.4500, 2000
2018-04-17, 25.5600, 25.5600, 25.5600, 25.5600, 1170
2018-04-18, 25.4500, 25.6999, 25.3000, 25.5301, 2386
2018-04-19, 25.6000, 25.6000, 25.6000, 25.6000, 704
2018-04-20, 25.6000, 25.6000, 25.6000, 25.6000, 375
2018-04-24, 25.5000, 25.5800, 25.4040, 25.5800, 1100
2018-04-26, 25.3500, 25.4712, 25.3200, 25.4712, 500
2018-04-27, 25.3500, 25.4100, 25.2395, 25.4100, 1780
2018-04-30, 25.4900, 25.4900, 25.1800, 25.3200, 6568
2018-05-01, 25.2500, 25.3900, 25.2500, 25.3761, 2909
2018-05-02, 25.3000, 25.3900, 25.3000, 25.3510, 780
2018-05-03, 25.3500, 25.4000, 25.3500, 25.4000, 1590
2018-05-04, 25.2800, 25.2800, 25.2800, 25.2800, 300
2018-05-07, 25.3000, 25.4900, 25.3000, 25.4000, 1277
2018-05-08, 25.4800, 25.4900, 25.4800, 25.4800, 1976
2018-05-09, 25.4500, 25.5000, 25.4500, 25.5000, 400
2018-05-11, 25.5000, 25.5700, 25.5000, 25.5000, 900
2018-05-14, 25.3622, 25.5000, 25.3430, 25.3500, 12673
2018-05-15, 25.3000, 25.4600, 25.3000, 25.4400, 4472
2018-05-16, 25.3000, 25.4399, 25.3000, 25.3927, 700
2018-05-17, 25.4500, 25.5700, 25.2801, 25.4100, 5903
2018-05-18, 25.3300, 25.3900, 25.3270, 25.3800, 12606
2018-05-21, 25.4700, 25.4700, 25.4500, 25.4500, 1550
2018-05-22, 25.4443, 25.5041, 25.4046, 25.5041, 1533
2018-05-23, 25.3500, 25.3750, 25.3430, 25.3750, 1572
2018-05-24, 25.4000, 25.4010, 25.4000, 25.4010, 1000
2018-05-25, 25.5400, 25.5400, 25.4878, 25.4878, 525
2018-05-29, 25.5000, 25.5500, 25.4101, 25.5111, 3863
2018-05-30, 25.4788, 25.4788, 25.4788, 25.4788, 100
2018-05-31, 25.2500, 25.3700, 25.0300, 25.3700, 2600
2018-06-01, 25.3052, 25.3100, 25.3052, 25.3100, 300
2018-06-04, 25.3300, 25.3500, 25.2500, 25.3500, 1991
2018-06-05, 25.3000, 25.3000, 25.3000, 25.3000, 1120
2018-06-06, 25.2700, 25.2800, 25.1400, 25.2800, 3067
2018-06-07, 25.2900, 25.3500, 25.2900, 25.3000, 2170
2018-06-08, 25.3500, 25.3970, 25.3500, 25.3970, 496
2018-06-11, 25.3300, 25.4000, 25.3300, 25.4000, 2896
2018-06-12, 25.5600, 25.6000, 25.5600, 25.6000, 2978
2018-06-13, 25.4000, 25.4000, 25.4000, 25.4000, 106
2018-06-14, 25.4001, 25.5800, 25.4001, 25.5542, 2404
2018-06-15, 25.5000, 25.8499, 25.5000, 25.8490, 1305
2018-06-18, 25.8490, 25.8490, 25.8490, 25.8490, 1
2018-06-19, 25.7000, 25.7232, 25.7000, 25.7000, 600
2018-06-20, 25.5000, 25.5300, 25.4000, 25.4000, 2627
2018-06-21, 25.6000, 25.6000, 25.5000, 25.5000, 877
2018-06-22, 25.2600, 25.3705, 25.2600, 25.3411, 1352
2018-06-25, 25.3900, 25.4500, 25.2257, 25.2500, 6419
2018-06-26, 25.1800, 25.4100, 25.1500, 25.4100, 8237
2018-06-28, 25.2000, 25.3875, 25.2000, 25.3875, 3813
2018-06-29, 25.3500, 25.3900, 25.3500, 25.3900, 1640
2018-07-02, 25.3900, 25.3900, 25.3900, 25.3900, 550
2018-07-03, 25.3900, 25.3900, 25.3900, 25.3900, 17
2018-07-05, 25.3977, 25.4300, 25.3977, 25.4300, 360
2018-07-06, 25.4200, 25.4200, 25.3500, 25.3900, 3000
2018-07-09, 25.3900, 25.3900, 25.3900, 25.3900, 22
2018-07-10, 25.2900, 25.2900, 25.2900, 25.2900, 209
2018-07-11, 25.3500, 25.4000, 25.3500, 25.4000, 1080
2018-07-12, 25.5300, 25.5300, 25.5300, 25.5300, 320
2018-07-13, 25.4500, 25.4500, 25.3996, 25.4500, 592
2018-07-16, 25.3500, 25.4000, 25.3100, 25.4000, 2200
2018-07-17, 25.3900, 25.5400, 25.3900, 25.5400, 1475
2018-07-18, 25.2840, 25.5400, 25.2840, 25.5400, 430
2018-07-19, 25.5300, 25.5310, 25.3500, 25.3500, 2126
2018-07-23, 25.5400, 25.5800, 25.5400, 25.5800, 1200
2018-07-24, 25.5800, 25.6000, 25.5800, 25.5800, 2050
2018-07-30, 25.5801, 25.5801, 25.5801, 25.5801, 277
2018-07-31, 25.6800, 25.6800, 25.6800, 25.6800, 220
2018-08-01, 25.6700, 25.6700, 25.6700, 25.6700, 195
2018-08-02, 25.6600, 25.8500, 25.6600, 25.8500, 1575
2018-08-03, 25.4100, 25.5286, 25.4100, 25.5101, 1991
2018-08-06, 25.7600, 25.7900, 25.4720, 25.4720, 793
2018-08-07, 25.5200, 25.5200, 25.4900, 25.4900, 1565
2018-08-08, 25.6980, 25.7500, 25.5420, 25.7500, 497
2018-08-09, 25.5600, 25.5600, 25.5600, 25.5600, 200
2018-08-10, 25.5600, 25.5600, 25.4300, 25.4300, 900
2018-08-13, 25.5999, 25.7200, 25.5999, 25.6014, 1875
2018-08-15, 25.5401, 25.5401, 25.4601, 25.4601, 745
2018-08-16, 25.4601, 25.4601, 25.4601, 25.4601, 77
2018-08-17, 25.5600, 25.6112, 25.5600, 25.6112, 394
2018-08-20, 25.5700, 25.5700, 25.5500, 25.5500, 400
2018-08-21, 25.5700, 25.5700, 25.5700, 25.5700, 277
2018-08-22, 25.6700, 25.7000, 25.6700, 25.7000, 2700
2018-08-23, 25.7000, 25.7000, 25.6300, 25.7000, 2203
2018-08-24, 25.7000, 25.7000, 25.7000, 25.7000, 99
2018-08-27, 25.6300, 25.7000, 25.6300, 25.7000, 500
2018-08-28, 25.7000, 25.7000, 25.6997, 25.7000, 2622
2018-08-29, 25.7000, 25.7000, 25.6730, 25.7000, 2375
2018-08-30, 25.4400, 25.4600, 25.3135, 25.4600, 4516
2018-08-31, 25.4010, 25.4400, 25.4000, 25.4400, 3550
2018-09-04, 25.4590, 25.4600, 25.3210, 25.4096, 3546
2018-09-05, 25.5200, 25.6000, 25.4250, 25.6000, 2600
2018-09-06, 25.3400, 25.6000, 25.2577, 25.3300, 18103
2018-09-07, 25.3200, 25.3200, 25.2701, 25.2800, 3800
2018-09-10, 25.2700, 25.3400, 25.2700, 25.3400, 945
2018-09-11, 25.3300, 25.3300, 25.3300, 25.3300, 200
2018-09-12, 25.5300, 25.5300, 25.3200, 25.3300, 1470
2018-09-13, 25.3100, 25.3500, 25.3000, 25.3475, 1120
2018-09-14, 25.3000, 25.3500, 25.2700, 25.3500, 4215
2018-09-17, 25.3490, 25.3500, 25.2700, 25.2900, 4936
2018-09-18, 25.3400, 25.3400, 25.3400, 25.3400, 102
2018-09-19, 25.3400, 25.3400, 25.2200, 25.2500, 5080
2018-09-20, 25.2900, 25.3500, 25.1200, 25.3500, 2085
2018-09-21, 25.3300, 25.4600, 25.3000, 25.4600, 3356
2018-09-24, 25.4000, 25.4000, 25.4000, 25.4000, 238
2018-09-25, 25.1400, 25.3400, 25.1400, 25.3400, 1475
2018-09-26, 25.3400, 25.3400, 25.3400, 25.3400, 105
2018-09-27, 25.2900, 25.2900, 25.1200, 25.1211, 24864
2018-09-28, 25.2500, 25.2500, 25.2400, 25.2500, 2293
2018-10-01, 25.3000, 25.3000, 25.1600, 25.1600, 1803
2018-10-02, 25.2980, 25.4000, 25.2500, 25.2500, 4410
2018-10-03, 25.2501, 25.4000, 25.2000, 25.2000, 1138
2018-10-04, 25.1543, 25.2000, 24.9201, 24.9201, 1877
2018-10-05, 25.1300, 25.3800, 25.0010, 25.3800, 1700
2018-10-09, 25.3800, 25.3800, 25.3700, 25.3800, 1204
2018-10-12, 25.3771, 25.3771, 25.3771, 25.3771, 300
2018-10-15, 25.1100, 25.3000, 25.1100, 25.2050, 1145
2018-10-17, 25.2700, 25.2700, 25.2700, 25.2700, 100
2018-10-19, 25.2097, 25.2661, 25.2097, 25.2661, 346
2018-10-22, 25.1675, 25.2673, 25.1501, 25.2673, 415
2018-10-23, 25.2375, 25.2700, 25.1200, 25.2700, 1781
2018-10-24, 25.3100, 25.3100, 25.3100, 25.3100, 880
2018-10-25, 25.0800, 25.1783, 25.0800, 25.1783, 1200
2018-10-29, 25.1800, 25.3150, 25.1700, 25.3039, 7352
2018-10-30, 25.3039, 25.3039, 25.3039, 25.3039, 10
2018-10-31, 25.2884, 25.3600, 25.1200, 25.3600, 11074
2018-11-01, 25.1500, 25.3875, 25.1500, 25.3600, 600
2018-11-06, 25.3600, 25.3600, 25.3600, 25.3600, 8
2018-11-07, 25.3500, 25.4200, 25.3500, 25.4200, 1680
2018-11-08, 25.4500, 25.4500, 25.3361, 25.3361, 400
2018-11-09, 25.4400, 25.4500, 25.4400, 25.4500, 585
