2013-03-22, 14.5000, 14.7400, 14.4400, 14.5000, 2360849
2013-03-25, 14.5000, 14.6300, 14.3500, 14.4900, 290743
2013-03-26, 14.4000, 14.7000, 14.3900, 14.6100, 189705
2013-03-27, 14.6700, 14.6700, 14.5000, 14.5000, 120974
2013-03-28, 14.6400, 14.7500, 14.6100, 14.6300, 180835
2013-04-01, 14.6300, 14.7300, 14.5000, 14.7300, 46197
2013-04-02, 14.7500, 14.8900, 14.7200, 14.8500, 229850
2013-04-03, 14.8700, 14.8700, 14.7000, 14.8000, 131994
2013-04-04, 14.7500, 14.8400, 14.7400, 14.8400, 65510
2013-04-05, 14.7800, 15.0225, 14.7300, 14.9400, 109452
2013-04-08, 15.0300, 15.0300, 14.8700, 14.9400, 43686
2013-04-09, 14.9400, 15.0000, 14.9400, 14.9400, 142900
2013-04-10, 14.9100, 15.1000, 14.9000, 15.0000, 128504
2013-04-11, 15.0000, 15.0500, 14.7600, 14.9500, 113910
2013-04-12, 15.0000, 15.0400, 14.9000, 15.0300, 96206
2013-04-15, 15.0500, 15.0500, 14.7000, 14.8200, 154671
2013-04-16, 15.0000, 15.0500, 14.9600, 15.0400, 220719
2013-04-17, 15.0400, 15.0500, 14.9600, 15.0300, 145985
2013-04-18, 14.9000, 15.0300, 14.7500, 14.9400, 52342
2013-04-19, 15.0100, 15.0800, 14.9300, 15.0000, 123374
2013-04-22, 15.0500, 15.0500, 14.8000, 14.9900, 73610
2013-04-23, 15.0000, 15.0600, 14.9820, 15.0100, 88508
2013-04-24, 15.0200, 15.0700, 15.0100, 15.0500, 90361
2013-04-25, 15.0500, 15.0900, 15.0200, 15.0400, 104295
2013-04-26, 15.0500, 15.0600, 14.9000, 15.0600, 78275
2013-04-29, 15.1000, 15.1200, 15.0200, 15.1000, 117813
2013-04-30, 15.0900, 15.1400, 15.0800, 15.1000, 75205
2013-05-01, 14.9900, 15.1500, 14.9000, 15.0700, 68236
2013-05-02, 15.1000, 15.2500, 15.1000, 15.1800, 95608
2013-05-03, 15.2100, 15.4700, 15.2100, 15.4300, 90271
2013-05-06, 15.4500, 15.4780, 15.2010, 15.3900, 104423
2013-05-07, 15.4200, 15.5300, 15.3900, 15.4900, 70855
2013-05-08, 15.5800, 15.6000, 15.1210, 15.3800, 151712
2013-05-09, 15.4400, 15.6799, 15.4300, 15.5900, 82458
2013-05-10, 15.6000, 15.7100, 15.5300, 15.6500, 114486
2013-05-13, 15.4800, 15.5800, 15.2500, 15.2500, 81155
2013-05-14, 15.2100, 15.2500, 14.8900, 15.1400, 53852
2013-05-15, 15.1600, 15.4900, 14.9100, 15.0400, 45817
2013-05-16, 14.9600, 15.1900, 14.9500, 15.0600, 62886
2013-05-17, 15.0600, 15.1300, 15.0300, 15.1300, 21628
2013-05-20, 15.0400, 15.2199, 14.9500, 15.0400, 43761
2013-05-21, 15.0200, 15.0200, 14.8800, 14.9600, 71207
2013-05-22, 14.9600, 15.1000, 14.7500, 14.8700, 136491
2013-05-23, 14.8000, 14.8000, 14.3000, 14.6300, 146127
2013-05-24, 14.5300, 14.5900, 14.2600, 14.5900, 36951
2013-05-28, 14.6800, 14.6800, 13.0100, 13.3800, 446662
2013-05-29, 13.3000, 13.8999, 13.1048, 13.7600, 150845
2013-05-30, 13.8500, 13.9900, 13.7000, 13.7200, 63904
2013-05-31, 13.7200, 13.9800, 13.6500, 13.9200, 51344
2013-06-03, 14.0300, 14.0605, 13.5100, 13.5500, 81124
2013-06-04, 13.5000, 13.8799, 13.4000, 13.5500, 62823
2013-06-05, 13.6299, 13.6300, 13.1000, 13.2660, 138540
2013-06-06, 13.0000, 13.4740, 13.0000, 13.4400, 59636
2013-06-07, 13.5000, 13.6800, 13.4000, 13.6800, 52597
2013-06-10, 13.6900, 13.7490, 13.5474, 13.7200, 31959
2013-06-11, 13.6986, 13.7400, 13.4172, 13.4200, 70784
2013-06-12, 13.4800, 13.4800, 13.2600, 13.4000, 52154
2013-06-13, 13.3500, 13.5799, 13.1000, 13.4500, 62187
2013-06-14, 13.5000, 13.6500, 13.3800, 13.4800, 15839
2013-06-17, 13.5000, 13.5000, 13.1500, 13.1900, 33567
2013-06-18, 13.2200, 13.3500, 12.9800, 13.1700, 77207
2013-06-19, 13.2200, 13.3090, 12.8900, 13.0000, 70383
2013-06-20, 12.9100, 12.9100, 11.7500, 11.9800, 210248
2013-06-21, 11.9900, 12.2800, 11.1100, 12.0200, 315153
2013-06-24, 12.1300, 12.1700, 11.7800, 12.1600, 96145
2013-06-25, 12.3099, 12.5340, 12.2000, 12.4600, 56993
2013-06-26, 12.5800, 12.9100, 12.4500, 12.6400, 43596
2013-06-27, 12.9500, 12.9900, 12.3510, 12.6500, 60326
2013-06-28, 12.6700, 13.2700, 12.5000, 13.1400, 109737
2013-07-01, 13.1100, 13.3450, 13.0501, 13.2900, 35532
2013-07-02, 13.2500, 13.3500, 12.8300, 13.1300, 46320
2013-07-03, 13.0400, 13.1000, 12.8700, 13.0001, 17492
2013-07-05, 13.2500, 13.2500, 12.5010, 12.5200, 40205
2013-07-08, 12.5200, 12.6600, 12.5000, 12.5600, 43415
2013-07-09, 12.5600, 12.9100, 12.5300, 12.6100, 45670
2013-07-10, 12.6000, 12.6590, 12.4200, 12.6000, 45387
2013-07-11, 12.5000, 12.7900, 12.5000, 12.7900, 43896
2013-07-12, 12.7800, 12.9172, 12.5500, 12.5500, 35575
2013-07-15, 12.6790, 12.6790, 12.4200, 12.5100, 39382
2013-07-16, 12.5200, 12.6000, 12.3400, 12.4200, 33284
2013-07-17, 12.4600, 12.7200, 12.4600, 12.5300, 17624
2013-07-18, 12.6300, 12.6500, 12.5200, 12.6500, 19203
2013-07-19, 12.6500, 12.6700, 12.5300, 12.6500, 19924
2013-07-22, 12.7000, 12.7000, 12.3500, 12.3800, 36388
2013-07-23, 12.5100, 12.5600, 12.3001, 12.3200, 35270
2013-07-24, 12.5200, 12.6500, 12.3150, 12.4100, 28465
2013-07-25, 12.4900, 12.9300, 12.4000, 12.7200, 49516
2013-07-26, 12.8100, 12.8500, 12.6300, 12.7000, 22720
2013-07-29, 12.8400, 12.9399, 12.5200, 12.5600, 48015
2013-07-30, 12.7100, 13.0499, 12.7100, 12.9500, 34955
2013-07-31, 13.0000, 13.0399, 12.8200, 12.8700, 34120
2013-08-01, 12.8900, 12.9900, 12.5500, 12.7400, 44012
2013-08-02, 12.7900, 13.1700, 12.7100, 12.9500, 44121
2013-08-05, 12.9300, 13.2500, 12.7610, 13.1900, 39748
2013-08-06, 13.2500, 13.5500, 12.7500, 12.8000, 65575
2013-08-07, 12.7800, 12.7800, 11.8011, 11.8800, 129181
2013-08-08, 12.0400, 12.2500, 12.0100, 12.1700, 45440
2013-08-09, 12.2300, 12.4000, 12.2100, 12.3640, 34946
2013-08-12, 12.3600, 12.7900, 12.1100, 12.2000, 222956
2013-08-13, 12.0500, 12.0700, 11.6000, 11.6000, 61172
2013-08-14, 11.6600, 11.7268, 11.0600, 11.1700, 106658
2013-08-15, 11.2000, 11.8000, 10.6800, 11.8000, 182539
2013-08-16, 11.8500, 11.8600, 10.9800, 11.0700, 49890
2013-08-19, 11.2200, 11.2200, 9.8700, 10.1500, 146502
2013-08-20, 10.0500, 10.3790, 9.9000, 9.9000, 189870
2013-08-21, 9.9300, 10.2600, 9.7600, 9.7900, 105084
2013-08-22, 9.8900, 9.9000, 9.8000, 9.8400, 41081
2013-08-23, 9.8100, 10.3200, 9.8100, 10.2300, 54141
2013-08-26, 10.3500, 10.5000, 10.2100, 10.3700, 64279
2013-08-27, 10.3400, 10.4350, 10.2401, 10.3400, 48229
2013-08-28, 10.4300, 10.4600, 10.1100, 10.2000, 45849
2013-08-29, 10.2400, 10.3800, 10.2206, 10.3300, 24371
2013-08-30, 10.2400, 10.3800, 10.1000, 10.3800, 7192
2013-09-03, 10.4400, 10.4400, 10.2200, 10.2200, 64529
2013-09-04, 10.2600, 10.4000, 10.2500, 10.3000, 56710
2013-09-05, 10.3600, 10.4500, 10.1200, 10.1200, 131633
2013-09-06, 10.1800, 10.3000, 10.1500, 10.2000, 91133
2013-09-09, 10.2500, 10.3799, 10.1500, 10.2900, 42256
2013-09-10, 10.3800, 10.4500, 10.2000, 10.3100, 132163
2013-09-11, 10.3000, 10.4400, 10.2500, 10.2700, 128516
2013-09-12, 10.2500, 10.3200, 10.1700, 10.3000, 68341
2013-09-13, 10.3400, 10.3500, 10.2700, 10.3000, 35680
2013-09-16, 10.4500, 10.4600, 10.2100, 10.4200, 94671
2013-09-17, 10.5700, 10.8900, 10.4600, 10.4600, 170386
2013-09-18, 10.5400, 11.1490, 10.5200, 11.0100, 60741
2013-09-19, 11.1200, 11.4000, 11.0200, 11.3400, 87978
2013-09-20, 11.3500, 11.9790, 11.3000, 11.5600, 57375
2013-09-23, 11.6100, 11.7899, 11.4900, 11.5100, 94625
2013-09-24, 11.6800, 11.8430, 11.0100, 11.3900, 147062
2013-09-25, 11.3800, 11.5900, 11.3800, 11.4700, 48784
2013-09-26, 11.4000, 11.4800, 11.1500, 11.2500, 78083
2013-09-27, 11.2400, 11.3000, 11.1500, 11.1500, 59533
2013-09-30, 11.1000, 11.4223, 11.0401, 11.3700, 40164
2013-10-01, 11.4600, 11.5500, 11.4025, 11.5400, 63082
2013-10-02, 11.5800, 11.8900, 11.5800, 11.7900, 60808
2013-10-03, 12.2400, 13.7500, 11.7200, 11.9000, 98694
2013-10-04, 12.0900, 12.1753, 11.7600, 12.0300, 53500
2013-10-07, 12.0500, 12.2800, 11.9800, 12.2800, 43242
2013-10-08, 12.2500, 12.4800, 12.2400, 12.2800, 32370
2013-10-09, 12.1900, 12.2799, 11.8400, 11.9200, 72770
2013-10-10, 11.9600, 12.1000, 11.5000, 11.9900, 95479
2013-10-11, 12.0300, 12.1500, 11.9000, 12.1500, 24582
2013-10-14, 12.1600, 12.1600, 11.7500, 12.0100, 37499
2013-10-15, 11.9500, 11.9500, 11.6600, 11.6700, 38829
2013-10-16, 11.7500, 11.9900, 11.5200, 11.9900, 41153
2013-10-17, 12.0000, 12.2400, 11.9610, 12.2300, 39502
2013-10-18, 12.1800, 12.3263, 11.9600, 12.0600, 40014
2013-10-21, 12.1000, 12.2500, 12.0601, 12.1900, 27629
2013-10-22, 12.2900, 12.2900, 11.8800, 12.0700, 74455
2013-10-23, 12.0000, 12.3500, 11.7700, 12.1800, 43537
2013-10-24, 12.2300, 12.2300, 12.0901, 12.1800, 21806
2013-10-25, 12.1300, 12.2300, 12.1200, 12.1750, 30593
2013-10-28, 12.2100, 12.2300, 12.0800, 12.2100, 28188
2013-10-29, 12.1700, 12.1700, 11.8300, 11.8600, 38978
2013-10-30, 11.9000, 12.0500, 11.8900, 11.9100, 24681
2013-10-31, 11.9100, 11.9400, 11.8400, 11.8800, 25634
2013-11-01, 11.8600, 11.8900, 11.8000, 11.8600, 12896
2013-11-04, 11.8000, 11.9714, 11.7500, 11.8600, 43355
2013-11-05, 11.8721, 11.8721, 11.5300, 11.5500, 39906
2013-11-06, 11.5400, 11.6350, 11.1500, 11.2100, 72042
2013-11-07, 11.2000, 11.3100, 10.9500, 11.0500, 53792
2013-11-08, 10.9500, 11.0753, 10.9200, 10.9200, 32603
2013-11-11, 10.9000, 10.9500, 10.5000, 10.6600, 52784
2013-11-12, 10.7500, 10.9800, 10.7500, 10.8600, 37459
2013-11-13, 10.8000, 10.8900, 10.6840, 10.8180, 63867
2013-11-14, 10.8100, 10.9400, 10.5785, 10.5800, 75791
2013-11-15, 10.6799, 10.8100, 10.6799, 10.7500, 29685
2013-11-18, 10.7500, 10.8200, 10.6800, 10.7501, 23894
2013-11-19, 10.7900, 10.7953, 10.6200, 10.6900, 25861
2013-11-20, 10.7200, 10.7399, 10.5800, 10.6100, 40777
2013-11-21, 10.5800, 10.6100, 10.5100, 10.5900, 22023
2013-11-22, 10.5994, 10.6000, 10.3700, 10.5800, 51122
2013-11-25, 10.5500, 10.6300, 10.5200, 10.5300, 23612
2013-11-26, 10.5100, 10.5590, 10.4600, 10.5300, 36548
2013-11-27, 10.5800, 10.5800, 10.4000, 10.5200, 28704
2013-11-29, 10.5700, 10.6800, 10.5200, 10.6500, 27324
2013-12-02, 10.6000, 10.7400, 10.5300, 10.5400, 41149
2013-12-03, 10.5500, 10.5980, 10.2800, 10.4200, 40496
2013-12-04, 10.3800, 10.4800, 10.3401, 10.4000, 27559
2013-12-05, 10.4900, 10.4900, 10.2900, 10.3800, 54494
2013-12-06, 10.3200, 10.4900, 10.2900, 10.3200, 32312
2013-12-09, 10.2900, 10.5400, 10.2800, 10.5400, 32376
2013-12-10, 10.5500, 10.5990, 10.4100, 10.4900, 18071
2013-12-11, 10.5200, 10.5600, 10.4401, 10.5000, 63512
2013-12-12, 10.3100, 10.4000, 10.1300, 10.2300, 57344
2013-12-13, 10.2300, 10.2300, 9.7510, 9.8400, 126971
2013-12-16, 9.8000, 9.9100, 9.5700, 9.6300, 89586
2013-12-17, 9.5900, 9.6499, 9.2500, 9.4900, 187286
2013-12-18, 9.4500, 9.5000, 9.3500, 9.4800, 101022
2013-12-19, 9.3000, 9.5400, 9.3000, 9.4800, 118693
2013-12-20, 9.4500, 9.6500, 9.2500, 9.2500, 267913
2013-12-23, 9.3000, 9.9000, 9.3000, 9.8600, 119504
2013-12-24, 9.8800, 9.9400, 9.8500, 9.9400, 36546
2013-12-26, 9.9600, 10.3400, 9.9600, 10.2400, 92513
2013-12-27, 10.0500, 10.4300, 10.0400, 10.3100, 68868
2013-12-30, 10.3500, 10.3500, 10.1600, 10.1900, 65634
2013-12-31, 10.2100, 10.4300, 10.2100, 10.4200, 54703
2014-01-02, 10.3400, 10.7600, 10.3400, 10.7500, 106603
2014-01-03, 10.7900, 11.0500, 10.7900, 11.0500, 128848
2014-01-06, 11.1600, 11.3700, 11.0500, 11.3500, 104046
2014-01-07, 11.3500, 11.6900, 11.2000, 11.5100, 113447
2014-01-08, 11.5900, 11.6800, 11.5000, 11.5700, 88498
2014-01-09, 11.5700, 11.6500, 11.5100, 11.5400, 82317
2014-01-10, 11.5100, 11.7200, 11.5100, 11.7000, 90509
2014-01-13, 11.7000, 11.7100, 11.5600, 11.6100, 86032
2014-01-14, 11.6200, 11.6800, 11.5800, 11.6000, 46346
2014-01-15, 11.6000, 11.6900, 11.2500, 11.3800, 76685
2014-01-16, 11.2500, 11.3100, 10.6600, 10.8600, 160900
2014-01-17, 10.8200, 10.9800, 10.8100, 10.9000, 25719
2014-01-21, 11.0200, 11.3840, 11.0200, 11.3700, 73165
2014-01-22, 11.4100, 11.5700, 11.4100, 11.5100, 46884
2014-01-23, 11.5100, 11.5500, 11.3100, 11.4400, 73239
2014-01-24, 11.4900, 11.5692, 11.3800, 11.3800, 53393
2014-01-27, 11.3800, 11.3800, 11.0360, 11.2100, 74938
2014-01-28, 11.1800, 11.2500, 11.1000, 11.1500, 67068
2014-01-29, 11.1700, 11.2200, 11.1000, 11.1000, 25780
2014-01-30, 11.1000, 11.2395, 11.0700, 11.1800, 37338
2014-01-31, 11.1900, 11.6500, 11.1800, 11.3700, 120817
2014-02-03, 11.4900, 11.4900, 11.3000, 11.3400, 46082
2014-02-04, 11.3500, 11.4200, 11.3000, 11.4200, 33833
2014-02-05, 11.4200, 11.5900, 11.4100, 11.5400, 46506
2014-02-06, 11.5500, 11.6700, 11.5500, 11.5800, 54307
2014-02-07, 11.6500, 11.9000, 11.6400, 11.8900, 76587
2014-02-10, 11.9400, 11.9400, 11.7300, 11.9300, 55533
2014-02-11, 11.9600, 11.9900, 11.8500, 11.9600, 57975
2014-02-12, 11.9300, 11.9500, 11.6200, 11.8400, 64387
2014-02-13, 11.7800, 11.9000, 11.7000, 11.8700, 33347
2014-02-14, 11.7900, 11.8600, 11.7700, 11.8100, 23330
2014-02-18, 11.7000, 11.7900, 11.6500, 11.7400, 75576
2014-02-19, 11.1600, 11.2500, 11.1300, 11.1500, 1450343
2014-02-20, 11.1500, 11.1900, 11.0800, 11.1000, 238247
2014-02-21, 11.1900, 11.1900, 11.1000, 11.1000, 152321
2014-02-24, 11.1100, 11.1800, 11.1000, 11.1100, 80685
2014-02-25, 11.1100, 11.2300, 11.0500, 11.1900, 148407
2014-02-26, 11.1700, 11.3000, 11.1400, 11.2300, 148995
2014-02-27, 11.2000, 11.3100, 11.1800, 11.2200, 168702
2014-02-28, 11.2300, 11.3900, 11.2000, 11.3000, 166099
2014-03-03, 11.2400, 11.3290, 11.2200, 11.3100, 69832
2014-03-04, 11.3100, 11.3500, 11.2500, 11.3000, 102217
2014-03-05, 11.3200, 11.3500, 11.2700, 11.3400, 69675
2014-03-06, 11.3500, 11.3500, 11.2620, 11.2800, 77187
2014-03-07, 11.2500, 11.2800, 11.0300, 11.1400, 141138
2014-03-10, 11.1900, 11.2500, 11.1100, 11.2100, 46145
2014-03-11, 11.3000, 11.5900, 11.2700, 11.3000, 293206
2014-03-12, 11.2900, 11.4300, 11.2900, 11.3600, 152950
2014-03-13, 11.3000, 11.3799, 11.2100, 11.2600, 144929
2014-03-14, 11.3100, 11.3900, 11.2300, 11.2400, 89690
2014-03-17, 11.3500, 11.3599, 11.2200, 11.2200, 67388
2014-03-18, 11.2200, 11.3000, 11.1100, 11.2100, 104714
2014-03-19, 11.2500, 11.2500, 11.0800, 11.0900, 90948
2014-03-20, 11.0000, 11.2900, 10.8800, 10.9900, 236151
2014-03-21, 11.0600, 11.2400, 11.0000, 11.2300, 139687
2014-03-24, 11.2100, 11.2600, 11.0600, 11.1700, 64772
2014-03-25, 11.2000, 11.2200, 11.0301, 11.0600, 62131
2014-03-26, 11.1300, 11.1900, 10.9500, 10.9800, 70955
2014-03-27, 10.9800, 11.0500, 10.9500, 11.0400, 58561
2014-03-28, 11.0800, 11.1100, 11.0200, 11.0400, 57085
2014-03-31, 11.1300, 11.1900, 11.1000, 11.1500, 56349
2014-04-01, 11.2300, 11.2400, 11.1300, 11.2200, 55330
2014-04-02, 11.2700, 11.3500, 11.2200, 11.3200, 146071
2014-04-03, 11.3400, 11.3700, 11.2900, 11.3600, 120841
2014-04-04, 11.3900, 11.4200, 11.3400, 11.3900, 127735
2014-04-07, 11.4000, 11.6000, 11.3900, 11.5100, 518408
2014-04-08, 11.5000, 11.6900, 11.4500, 11.6300, 227209
2014-04-09, 11.6300, 11.6300, 11.5000, 11.5100, 80054
2014-04-10, 11.5600, 11.5600, 11.3700, 11.3800, 172060
2014-04-11, 11.2900, 11.4400, 11.2200, 11.4200, 140199
2014-04-14, 11.4300, 11.6100, 11.3600, 11.5200, 91200
2014-04-15, 11.5000, 11.5999, 11.3900, 11.5500, 75393
2014-04-16, 11.6200, 11.6200, 11.4800, 11.4800, 69811
2014-04-17, 11.5300, 11.5600, 11.4600, 11.5250, 74816
2014-04-21, 11.5200, 11.6810, 11.5200, 11.5800, 94532
2014-04-22, 11.6400, 11.6600, 11.5400, 11.5500, 91569
2014-04-23, 11.5900, 11.6400, 11.5000, 11.5300, 59883
2014-04-24, 11.5900, 11.6000, 11.4800, 11.5200, 54967
2014-04-25, 11.5100, 11.6000, 11.4800, 11.5400, 65263
2014-04-28, 11.5300, 11.6400, 11.5099, 11.6100, 95130
2014-04-29, 11.6000, 11.6002, 11.4900, 11.5400, 74096
2014-04-30, 11.5800, 11.6300, 11.5000, 11.6100, 50447
2014-05-01, 11.6400, 11.7800, 11.6100, 11.7800, 131415
2014-05-02, 11.7600, 11.7900, 11.7400, 11.7700, 69650
2014-05-05, 11.7900, 11.8300, 11.7000, 11.7700, 59443
2014-05-06, 11.7600, 11.8300, 11.6200, 11.6900, 141595
2014-05-07, 11.7600, 11.9200, 11.6600, 11.9000, 130097
2014-05-08, 11.9000, 11.9000, 11.6600, 11.7400, 130281
2014-05-09, 11.7800, 11.8100, 11.6800, 11.8100, 75033
2014-05-12, 11.9000, 11.9300, 11.7000, 11.7300, 181050
2014-05-13, 11.7000, 11.8000, 11.6100, 11.6700, 87870
2014-05-14, 11.7400, 11.8200, 11.6300, 11.7000, 69714
2014-05-15, 11.7500, 11.7600, 11.6000, 11.7000, 67609
2014-05-16, 11.6800, 11.8700, 11.6800, 11.7900, 84795
2014-05-19, 11.7500, 11.9300, 11.7500, 11.8700, 46716
2014-05-20, 11.9000, 11.9000, 11.7960, 11.8600, 50443
2014-05-21, 11.8600, 11.8600, 11.7180, 11.7600, 90718
2014-05-22, 11.8000, 11.8700, 11.7600, 11.8600, 54246
2014-05-23, 11.8600, 12.1200, 11.8600, 11.9800, 151997
2014-05-27, 12.0300, 12.1900, 11.9400, 12.0100, 92132
2014-05-28, 12.0800, 12.1399, 11.9000, 12.0200, 130863
2014-05-29, 12.0000, 12.1399, 11.9200, 12.0300, 63648
2014-05-30, 12.1100, 12.1200, 12.0000, 12.0300, 60095
2014-06-02, 12.0500, 12.1200, 12.0100, 12.0700, 50334
2014-06-03, 12.0700, 12.0700, 11.9500, 11.9700, 110423
2014-06-04, 12.0200, 12.0600, 11.9300, 11.9900, 65139
2014-06-05, 12.0700, 12.0700, 11.9800, 12.0000, 70590
2014-06-06, 12.0200, 12.1000, 12.0100, 12.0900, 60503
2014-06-09, 12.1000, 12.1970, 12.1000, 12.1800, 81271
2014-06-10, 12.1800, 12.2300, 12.1200, 12.2100, 64016
2014-06-11, 12.1300, 12.3000, 12.1000, 12.1800, 131787
2014-06-12, 12.0600, 12.2000, 11.9900, 12.0500, 76689
2014-06-13, 12.0300, 12.1200, 12.0200, 12.0300, 44562
2014-06-16, 12.0000, 12.0600, 12.0000, 12.0600, 57475
2014-06-17, 12.1100, 12.1100, 12.0000, 12.0200, 89559
2014-06-18, 12.0200, 12.1200, 11.8500, 11.8900, 122495
2014-06-19, 11.2900, 11.3600, 11.2600, 11.2600, 2078226
2014-06-20, 11.2600, 11.3400, 11.2500, 11.2700, 319194
2014-06-23, 11.3000, 11.3900, 11.2800, 11.3100, 335761
2014-06-24, 11.2900, 11.3600, 11.2600, 11.3000, 226136
2014-06-25, 11.3000, 11.3200, 11.2500, 11.2800, 221753
2014-06-26, 11.3500, 11.3500, 11.2700, 11.2900, 312628
2014-06-27, 11.3300, 11.3900, 11.2300, 11.2400, 401520
2014-06-30, 11.3000, 11.3329, 11.2800, 11.2900, 163881
2014-07-01, 11.3000, 11.3400, 11.2100, 11.2300, 234270
2014-07-02, 11.2400, 11.2800, 11.2400, 11.2600, 138851
2014-07-03, 11.2600, 11.2900, 11.1400, 11.2500, 135769
2014-07-07, 11.2500, 11.2900, 11.1085, 11.2400, 248843
2014-07-08, 11.2600, 11.3401, 11.2500, 11.3000, 195177
2014-07-09, 11.3500, 11.3848, 11.3000, 11.3700, 120288
2014-07-10, 11.3700, 11.3900, 11.2600, 11.2600, 216673
2014-07-11, 11.2000, 11.2600, 11.1500, 11.2000, 133735
2014-07-14, 11.1700, 11.2900, 11.1600, 11.2600, 81521
2014-07-15, 11.3100, 11.3100, 11.2200, 11.3000, 92484
2014-07-16, 11.2700, 11.3100, 11.2600, 11.2700, 101417
2014-07-17, 11.2500, 11.2700, 11.1800, 11.2000, 82961
2014-07-18, 11.2000, 11.2800, 11.2000, 11.2500, 48371
2014-07-21, 11.2500, 11.3000, 11.2200, 11.2300, 84921
2014-07-22, 11.2300, 11.3000, 11.2300, 11.2600, 54437
2014-07-23, 11.2900, 11.2900, 11.2200, 11.2200, 69348
2014-07-24, 11.2200, 11.2900, 11.2000, 11.2200, 75817
2014-07-25, 11.2100, 11.2900, 11.1900, 11.2000, 99923
2014-07-28, 11.2000, 11.2700, 11.2000, 11.2300, 91496
2014-07-29, 11.2600, 11.2700, 11.2200, 11.2300, 65705
2014-07-30, 11.2600, 11.2600, 11.0700, 11.1400, 174356
2014-07-31, 11.1000, 11.2200, 11.0100, 11.0600, 189489
2014-08-01, 11.1000, 11.2100, 11.0600, 11.1700, 132496
2014-08-04, 11.1300, 11.2492, 11.0900, 11.1900, 112506
2014-08-05, 11.2200, 11.2201, 11.1000, 11.2000, 85528
2014-08-06, 11.2000, 11.2400, 11.0900, 11.2400, 74840
2014-08-07, 11.2400, 11.2700, 11.1900, 11.2100, 102682
2014-08-08, 11.2100, 11.2700, 11.1500, 11.1800, 139560
2014-08-11, 11.2400, 11.3200, 11.2200, 11.3100, 120170
2014-08-12, 11.2900, 11.3200, 11.2798, 11.3000, 150167
2014-08-13, 11.1900, 11.2295, 11.1500, 11.2000, 120661
2014-08-14, 11.2200, 11.2700, 11.1900, 11.2300, 117574
2014-08-15, 11.2300, 11.2900, 11.2200, 11.2800, 113404
2014-08-18, 11.2900, 11.2900, 11.2300, 11.2600, 121066
2014-08-19, 11.2900, 11.2900, 11.2429, 11.2700, 100587
2014-08-20, 11.2500, 11.2700, 11.2300, 11.2700, 57632
2014-08-21, 11.2100, 11.3300, 11.2100, 11.3000, 302169
2014-08-22, 11.3000, 11.3400, 11.2700, 11.3100, 67532
2014-08-25, 11.3400, 11.3400, 11.3000, 11.3300, 78587
2014-08-26, 11.3400, 11.3700, 11.3100, 11.3100, 60965
2014-08-27, 11.3400, 11.3600, 11.3200, 11.3500, 82638
2014-08-28, 11.3700, 11.3700, 11.3200, 11.3400, 70874
2014-08-29, 11.3500, 11.4000, 11.3301, 11.3800, 141414
2014-09-02, 11.4400, 11.4400, 11.3500, 11.3700, 103441
2014-09-03, 11.4300, 11.4400, 11.3730, 11.4200, 153699
2014-09-04, 11.4000, 11.5000, 11.3521, 11.4000, 119208
2014-09-05, 11.4500, 11.4500, 11.3800, 11.4100, 122894
2014-09-08, 11.4000, 11.4399, 11.3700, 11.3800, 91784
2014-09-09, 11.3900, 11.3900, 11.2600, 11.3400, 124217
2014-09-10, 11.3400, 11.3400, 11.2700, 11.2900, 96371
2014-09-11, 11.1800, 11.2100, 11.1300, 11.1500, 98907
2014-09-12, 11.1500, 11.1500, 10.8500, 10.9300, 215948
2014-09-15, 10.9600, 10.9600, 10.2600, 10.5500, 419691
2014-09-16, 10.5000, 10.8900, 10.5000, 10.8300, 221120
2014-09-17, 10.7800, 10.8580, 10.6500, 10.7600, 142088
2014-09-18, 10.8900, 10.9000, 10.7700, 10.7800, 106824
2014-09-19, 10.8000, 10.8200, 10.7400, 10.7700, 148332
2014-09-22, 10.8000, 10.9370, 10.7301, 10.8400, 121699
2014-09-23, 10.8000, 10.8400, 10.7600, 10.7600, 61075
2014-09-24, 10.7700, 10.7900, 10.6800, 10.7700, 97702
2014-09-25, 10.7600, 10.8300, 10.7200, 10.7800, 63927
2014-09-26, 10.7500, 10.8000, 10.7100, 10.7900, 114173
2014-09-29, 10.7100, 10.8500, 10.7000, 10.7700, 81503
2014-09-30, 10.7500, 10.8500, 10.5000, 10.5000, 195965
2014-10-01, 10.5400, 10.7500, 10.5101, 10.7200, 121433
2014-10-02, 10.7000, 10.7000, 10.5100, 10.6300, 123425
2014-10-03, 10.7000, 10.7500, 10.6200, 10.7500, 145058
2014-10-06, 10.7700, 10.8300, 10.7100, 10.7700, 78004
2014-10-07, 10.7700, 10.9000, 10.7500, 10.8600, 71006
2014-10-08, 10.9000, 11.0300, 10.8300, 11.0300, 113415
2014-10-09, 11.0500, 11.1600, 10.9699, 10.9900, 158933
2014-10-10, 10.8500, 11.0000, 10.8210, 10.9000, 151657
2014-10-13, 10.8600, 11.0300, 10.8300, 10.8600, 146505
2014-10-14, 10.8200, 10.9400, 10.8200, 10.8600, 120342
2014-10-15, 10.8000, 11.0900, 10.8000, 10.8900, 221226
2014-10-16, 10.8000, 11.0600, 10.8000, 11.0100, 106497
2014-10-17, 11.0600, 11.1500, 11.0400, 11.0600, 69352
2014-10-20, 11.1200, 11.1700, 11.0700, 11.1500, 85613
2014-10-21, 11.1600, 11.2700, 11.1100, 11.2700, 112309
2014-10-22, 11.2500, 11.2500, 11.1000, 11.1100, 94806
2014-10-23, 11.1500, 11.2000, 11.1100, 11.1200, 49730
2014-10-24, 11.1500, 11.1500, 11.0321, 11.1000, 46938
2014-10-27, 11.1300, 11.1800, 10.9700, 11.1600, 80352
2014-10-28, 11.1400, 11.1700, 11.1100, 11.1100, 62863
2014-10-29, 11.0600, 11.1800, 10.9800, 11.0100, 101080
2014-10-30, 11.0600, 11.1900, 10.9810, 11.1800, 80185
2014-10-31, 11.1800, 11.1800, 11.0500, 11.1300, 93638
2014-11-03, 11.1300, 11.1400, 11.0268, 11.1000, 68584
2014-11-04, 11.1100, 11.1500, 11.0401, 11.0700, 81775
2014-11-05, 11.1500, 11.1500, 11.0700, 11.1300, 62744
2014-11-06, 11.1400, 11.1400, 11.0200, 11.0500, 77300
2014-11-07, 11.0600, 11.1600, 11.0500, 11.1600, 81243
2014-11-10, 11.1700, 11.2000, 11.1300, 11.1600, 102617
2014-11-11, 11.1500, 11.2300, 11.1200, 11.2300, 78655
2014-11-12, 11.1000, 11.2000, 11.0100, 11.2000, 60546
2014-11-13, 11.0600, 11.0800, 10.8000, 10.8200, 316402
2014-11-14, 10.8400, 10.9600, 10.8200, 10.9600, 97393
2014-11-17, 10.8800, 11.0100, 10.8800, 11.0000, 76560
2014-11-18, 10.9600, 11.0100, 10.9300, 10.9900, 107636
2014-11-19, 10.9500, 11.0700, 10.9500, 11.0000, 70929
2014-11-20, 10.9900, 11.1100, 10.9900, 11.0700, 80466
2014-11-21, 11.1500, 11.1500, 11.0400, 11.0500, 84109
2014-11-24, 11.0800, 11.1000, 11.0300, 11.0900, 137916
2014-11-25, 11.0900, 11.1000, 11.0700, 11.0900, 87521
2014-11-26, 11.1100, 11.2000, 11.0800, 11.1700, 120268
2014-11-28, 11.1800, 11.2200, 11.1500, 11.1900, 97656
2014-12-01, 11.2100, 11.2300, 11.0300, 11.0400, 90425
2014-12-02, 11.0900, 11.1300, 11.0500, 11.0600, 75797
2014-12-03, 11.0600, 11.1750, 11.0600, 11.1300, 115354
2014-12-04, 11.1500, 11.1600, 11.0600, 11.1100, 67748
2014-12-05, 11.1100, 11.1100, 11.0000, 11.0100, 102591
2014-12-08, 11.0400, 11.0600, 10.7500, 10.8100, 164279
2014-12-09, 10.7500, 10.9800, 10.6600, 10.9500, 168663
2014-12-10, 10.9100, 11.0000, 10.8440, 10.8700, 128329
2014-12-11, 10.8100, 10.8900, 10.7300, 10.8400, 110623
2014-12-12, 10.8300, 10.8700, 10.6800, 10.7300, 113019
2014-12-15, 10.7300, 10.7700, 10.4600, 10.4800, 174467
2014-12-16, 10.4600, 10.6100, 10.4300, 10.6000, 115337
2014-12-17, 10.6000, 10.8100, 10.5580, 10.7900, 135644
2014-12-18, 10.8300, 10.8600, 10.7201, 10.8400, 111808
2014-12-19, 10.8400, 11.0900, 10.8200, 10.9300, 233585
2014-12-22, 11.0000, 11.1000, 10.9700, 11.0300, 144675
2014-12-23, 11.0300, 11.0800, 11.0000, 11.0200, 76276
2014-12-24, 11.0200, 11.0200, 10.7700, 10.7900, 82097
2014-12-26, 10.7900, 10.8800, 10.7900, 10.8800, 43973
2014-12-29, 10.9100, 10.9800, 10.8500, 10.8700, 98077
2014-12-30, 10.9100, 10.9300, 10.7800, 10.7900, 92751
2014-12-31, 10.8000, 10.9300, 10.7800, 10.8000, 82205
2015-01-02, 10.8900, 10.9300, 10.7500, 10.9000, 93002
2015-01-05, 10.9100, 11.0700, 10.8979, 11.0100, 96429
2015-01-06, 11.0500, 11.0700, 10.9300, 11.0000, 150654
2015-01-07, 10.9800, 11.1000, 10.9500, 11.0600, 130804
2015-01-08, 11.0600, 11.0900, 11.0000, 11.0600, 75481
2015-01-09, 11.0700, 11.0900, 11.0100, 11.0700, 58891
2015-01-12, 11.0600, 11.0700, 11.0000, 11.0500, 219671
2015-01-13, 10.9600, 11.0500, 10.9300, 11.0500, 94388
2015-01-14, 11.0200, 11.0499, 10.8900, 10.9500, 169678
2015-01-15, 10.9300, 11.0000, 10.8900, 10.9700, 81614
2015-01-16, 11.0100, 11.0800, 10.9600, 11.0800, 68155
2015-01-20, 11.1000, 11.1200, 10.9900, 11.0000, 91672
2015-01-21, 11.0600, 11.0600, 10.9100, 10.9300, 85683
2015-01-22, 10.9500, 11.0900, 10.9500, 11.0900, 83159
2015-01-23, 11.1100, 11.1100, 10.9500, 10.9800, 84972
2015-01-26, 11.0000, 11.0668, 10.9200, 11.0300, 79669
2015-01-27, 11.0400, 11.0400, 10.9400, 11.0000, 60052
2015-01-28, 11.0400, 11.0600, 10.9500, 11.0100, 72083
2015-01-29, 11.0500, 11.0500, 10.9200, 10.9400, 58857
2015-01-30, 11.0300, 11.0400, 10.9400, 10.9400, 63353
2015-02-02, 10.9900, 11.0200, 10.8800, 10.8800, 79324
2015-02-03, 10.9000, 11.0400, 10.8600, 10.9600, 123194
2015-02-04, 10.9400, 10.9879, 10.8958, 10.9400, 101592
2015-02-05, 10.9300, 11.0400, 10.9300, 10.9700, 98833
2015-02-06, 11.0000, 11.0000, 10.9000, 10.9200, 177218
2015-02-09, 10.9100, 11.0250, 10.9100, 11.0000, 118417
2015-02-10, 11.0400, 11.0500, 10.9500, 10.9600, 82753
2015-02-11, 11.0000, 11.0300, 10.9600, 10.9900, 159651
2015-02-12, 10.8700, 10.9800, 10.8500, 10.9800, 101379
2015-02-13, 10.9900, 11.0000, 10.8700, 10.8900, 97680
2015-02-17, 10.8900, 10.9800, 10.8900, 10.9600, 85490
2015-02-18, 10.9700, 10.9700, 10.8100, 10.9300, 80843
2015-02-19, 10.9400, 10.9500, 10.9000, 10.9500, 69625
2015-02-20, 10.9500, 10.9500, 10.8500, 10.8900, 102835
2015-02-23, 10.8800, 10.9500, 10.8800, 10.9500, 79999
2015-02-24, 10.9200, 11.0100, 10.9000, 11.0000, 77296
2015-02-25, 11.0300, 11.0900, 11.0000, 11.0800, 74944
2015-02-26, 11.0800, 11.0900, 11.0300, 11.0400, 76921
2015-02-27, 11.0700, 11.1200, 11.0300, 11.0500, 144064
2015-03-02, 11.1000, 11.1100, 11.0300, 11.0800, 89708
2015-03-03, 11.0500, 11.1400, 11.0400, 11.0900, 119073
2015-03-04, 11.1300, 11.1500, 11.0700, 11.0900, 89587
2015-03-05, 11.1500, 11.2000, 11.0600, 11.1800, 120013
2015-03-06, 11.1500, 11.1500, 11.0000, 11.0200, 153657
2015-03-09, 11.0700, 11.1100, 11.0100, 11.0500, 73205
2015-03-10, 11.0200, 11.1100, 11.0101, 11.0700, 110820
2015-03-11, 11.1200, 11.1200, 11.0200, 11.0300, 75481
2015-03-12, 11.0300, 11.0300, 10.9400, 11.0000, 71206
2015-03-13, 10.9600, 11.0000, 10.9400, 10.9800, 71091
2015-03-16, 11.0100, 11.0900, 10.9700, 11.0400, 76441
2015-03-17, 10.9500, 11.0000, 10.0100, 10.2300, 593209
2015-03-18, 10.2700, 10.6400, 10.2500, 10.6200, 299162
2015-03-19, 10.6200, 10.7900, 10.5700, 10.6000, 158997
2015-03-20, 10.7000, 10.7500, 10.5300, 10.7500, 158539
2015-03-23, 10.7900, 10.7900, 10.6500, 10.7500, 92846
2015-03-24, 10.7700, 10.7700, 10.5000, 10.7200, 63122
2015-03-25, 10.8400, 10.8400, 10.6600, 10.6800, 93043
2015-03-26, 10.6000, 10.7100, 10.6000, 10.6300, 55427
2015-03-27, 10.6800, 10.6800, 10.5800, 10.6200, 86671
2015-03-30, 10.6600, 10.6800, 10.6000, 10.6800, 74664
2015-03-31, 10.7500, 10.7500, 10.5900, 10.6500, 64061
2015-04-01, 10.6900, 10.7400, 10.5400, 10.6100, 89076
2015-04-02, 10.6100, 10.6800, 10.6000, 10.6200, 109641
2015-04-06, 10.6200, 10.7600, 10.6200, 10.6800, 74070
2015-04-07, 10.7000, 10.8200, 10.6800, 10.8000, 85854
2015-04-08, 10.8600, 10.8700, 10.7500, 10.8600, 72323
2015-04-09, 10.8000, 10.8300, 10.7500, 10.8100, 86582
2015-04-10, 10.8700, 10.8800, 10.7700, 10.8500, 80476
2015-04-13, 10.7000, 10.8300, 10.7000, 10.7300, 59062
2015-04-14, 10.7200, 10.7800, 10.7000, 10.7600, 51567
2015-04-15, 10.7600, 10.8936, 10.7600, 10.8700, 44698
2015-04-16, 10.8700, 10.8900, 10.7200, 10.8300, 98589
2015-04-17, 10.7700, 10.8500, 10.7300, 10.7700, 72627
2015-04-20, 10.8200, 10.8560, 10.7800, 10.8200, 41657
2015-04-21, 10.8500, 10.8700, 10.7500, 10.7500, 46106
2015-04-22, 10.8700, 10.9000, 10.8100, 10.8500, 62538
2015-04-23, 10.8300, 10.8700, 10.8000, 10.8400, 46195
2015-04-24, 10.9000, 10.9100, 10.8396, 10.8800, 86780
2015-04-27, 10.8400, 10.9000, 10.8101, 10.8500, 55633
2015-04-28, 10.8500, 10.8600, 10.8000, 10.8200, 54511
2015-04-29, 10.8600, 10.8600, 10.7500, 10.7800, 80150
2015-04-30, 10.7700, 10.8000, 10.5200, 10.6000, 153322
2015-05-01, 10.6700, 10.7500, 10.5700, 10.6100, 82357
2015-05-04, 10.6600, 10.6900, 10.5900, 10.6800, 73872
2015-05-05, 10.5300, 10.6800, 10.5300, 10.6000, 93684
2015-05-06, 10.6000, 10.6000, 10.4000, 10.4900, 132230
2015-05-07, 10.6700, 10.6780, 10.2910, 10.4600, 146755
2015-05-08, 10.4000, 10.5100, 10.3600, 10.5000, 110245
2015-05-11, 10.5300, 10.6800, 10.5299, 10.6700, 104998
2015-05-12, 10.6000, 10.6700, 10.4100, 10.4600, 192289
2015-05-13, 10.3400, 10.4000, 10.2100, 10.2500, 132596
2015-05-14, 10.2900, 10.3900, 10.2900, 10.3200, 113429
2015-05-15, 10.3200, 10.3500, 10.1400, 10.1600, 154908
2015-05-18, 10.1500, 10.2380, 10.1200, 10.2000, 110185
2015-05-19, 10.2000, 10.2000, 10.1100, 10.1600, 83241
2015-05-20, 10.1400, 10.1800, 10.1100, 10.1300, 100207
2015-05-21, 10.1600, 10.1860, 10.1100, 10.1200, 42941
2015-05-22, 10.1000, 10.1200, 10.0400, 10.0700, 60763
2015-05-26, 10.1000, 10.1000, 9.5700, 9.7100, 410096
2015-05-27, 9.7400, 9.9000, 9.7400, 9.8800, 97805
2015-05-28, 9.8700, 10.0700, 9.8700, 10.0300, 70482
2015-05-29, 10.0500, 10.0700, 9.9400, 9.9800, 98462
2015-06-01, 10.0200, 10.0600, 9.9600, 10.0600, 58371
2015-06-02, 9.9900, 10.1000, 9.9900, 10.0600, 69770
2015-06-03, 10.0700, 10.0700, 9.9390, 9.9700, 85904
2015-06-04, 9.8900, 9.9800, 9.8500, 9.9600, 63574
2015-06-05, 9.9400, 9.9400, 9.8500, 9.8700, 103550
2015-06-08, 9.8600, 9.9300, 9.7000, 9.7400, 145469
2015-06-09, 9.7400, 9.7500, 9.6700, 9.6700, 109137
2015-06-10, 9.6700, 9.7600, 9.6100, 9.6500, 124142
2015-06-11, 9.2600, 9.6300, 9.0400, 9.5600, 248054
2015-06-12, 9.4900, 9.5900, 9.2000, 9.3100, 231668
2015-06-15, 9.1800, 9.2900, 8.9100, 9.0100, 290176
2015-06-16, 8.9300, 8.9999, 8.6000, 8.8600, 440587
2015-06-17, 8.8200, 9.0500, 8.7900, 8.9900, 205356
2015-06-18, 8.9600, 9.1700, 8.9600, 9.0500, 89115
2015-06-19, 9.0800, 9.4000, 9.0500, 9.3700, 183070
2015-06-22, 9.4000, 9.4000, 9.0500, 9.0700, 140780
2015-06-23, 9.0100, 9.0425, 8.8901, 8.9400, 142951
2015-06-24, 8.9500, 8.9600, 8.8600, 8.9000, 133779
2015-06-25, 8.9100, 8.9100, 8.7300, 8.7600, 168576
2015-06-26, 8.7700, 8.7700, 8.5700, 8.6200, 109745
2015-06-29, 8.6200, 8.6200, 8.2700, 8.3900, 230486
2015-06-30, 8.3900, 8.4890, 8.1700, 8.3500, 140341
2015-07-01, 8.3800, 8.5700, 8.3400, 8.4800, 90538
2015-07-02, 8.4800, 8.7100, 8.4800, 8.6400, 88795
2015-07-06, 8.6400, 8.7500, 8.6100, 8.6899, 78980
2015-07-07, 8.6600, 8.9000, 8.6600, 8.8500, 94856
2015-07-08, 8.8000, 8.9000, 8.7900, 8.8300, 62446
2015-07-09, 8.8400, 8.9200, 8.6100, 8.6700, 74962
2015-07-10, 8.7300, 8.7600, 8.5400, 8.6000, 107562
2015-07-13, 8.4000, 8.5900, 8.1600, 8.2000, 168655
2015-07-14, 8.2000, 8.2400, 7.9000, 7.9300, 263687
2015-07-15, 7.9000, 7.9300, 7.7300, 7.8300, 137167
2015-07-16, 7.8300, 7.9100, 7.4500, 7.6000, 217419
2015-07-17, 7.6700, 7.6900, 7.4700, 7.6200, 147316
2015-07-20, 7.6700, 7.6800, 7.3100, 7.4500, 158251
2015-07-21, 7.3900, 7.5800, 7.3000, 7.4700, 100922
2015-07-22, 7.4600, 7.5500, 7.4600, 7.5200, 59873
2015-07-23, 7.5500, 7.6500, 7.3650, 7.4800, 126466
2015-07-24, 7.4200, 7.5600, 7.2700, 7.3200, 126014
2015-07-27, 7.2500, 7.4500, 7.1600, 7.3500, 138127
2015-07-28, 7.3800, 7.3800, 7.2400, 7.2700, 162003
2015-07-29, 7.2600, 7.4299, 7.2600, 7.3600, 52765
2015-07-30, 7.2900, 7.4800, 7.2800, 7.4300, 80530
2015-07-31, 7.4700, 7.6699, 7.4700, 7.5800, 60881
2015-08-03, 7.5900, 7.6099, 7.4200, 7.4500, 71898
2015-08-04, 7.4200, 7.4400, 7.2900, 7.3000, 51370
2015-08-05, 7.3400, 7.3400, 7.0000, 7.0100, 117587
2015-08-06, 7.0000, 7.0600, 6.7200, 6.8400, 102188
2015-08-07, 6.8400, 6.9900, 6.7400, 6.9800, 67291
2015-08-10, 6.9800, 6.9800, 6.6100, 6.8100, 156966
2015-08-11, 6.6800, 6.7700, 6.3501, 6.5000, 186417
2015-08-12, 6.2400, 6.5480, 6.1100, 6.5400, 140455
2015-08-13, 6.5000, 6.8600, 6.4701, 6.8200, 110436
2015-08-14, 6.7700, 6.8500, 6.6100, 6.7100, 50873
2015-08-17, 6.6300, 6.7460, 6.5500, 6.6000, 70945
2015-08-18, 6.6000, 6.6900, 6.5400, 6.6400, 37252
2015-08-19, 6.6800, 6.7800, 6.5900, 6.7600, 44719
2015-08-20, 6.7800, 6.8600, 6.7600, 6.8200, 43252
2015-08-21, 6.8000, 6.8000, 6.7000, 6.7600, 83394
2015-08-24, 6.5200, 6.5200, 5.6000, 6.3200, 224462
2015-08-25, 6.4200, 6.4200, 6.1100, 6.1500, 96832
2015-08-26, 6.2000, 6.2276, 5.9100, 6.1600, 140234
2015-08-27, 6.1200, 6.2800, 6.0600, 6.2500, 82911
2015-08-28, 6.2800, 6.3800, 6.2300, 6.3300, 73724
2015-08-31, 6.2400, 6.3700, 6.2100, 6.3100, 98012
2015-09-01, 6.2900, 6.3300, 6.2100, 6.2300, 68354
2015-09-02, 6.3000, 6.3000, 6.2000, 6.2700, 69472
2015-09-03, 6.2700, 6.4283, 6.2700, 6.3200, 74942
2015-09-04, 6.3100, 6.3500, 6.3000, 6.3400, 60323
2015-09-08, 6.4700, 6.6200, 6.4200, 6.6200, 95539
2015-09-09, 6.6500, 6.7500, 6.5300, 6.5300, 79790
2015-09-10, 6.5100, 6.5900, 6.4900, 6.5200, 78334
2015-09-11, 6.4300, 6.4500, 6.3100, 6.4200, 67689
2015-09-14, 6.4700, 6.5080, 6.3400, 6.4100, 41608
2015-09-15, 6.4100, 6.4100, 6.2800, 6.3500, 65745
2015-09-16, 6.3100, 6.5000, 6.2100, 6.3500, 161671
2015-09-17, 6.3500, 6.5000, 6.2700, 6.4500, 104263
2015-09-18, 6.4200, 7.0900, 6.4200, 7.0900, 205255
2015-09-21, 7.0200, 7.1300, 6.8800, 6.9800, 102821
2015-09-22, 6.9500, 6.9900, 6.8900, 6.9900, 80378
2015-09-23, 6.9300, 6.9900, 6.7100, 6.9900, 86675
2015-09-24, 7.0000, 7.0800, 6.8000, 7.0000, 112568
2015-09-25, 7.0900, 7.0900, 6.8000, 6.8100, 108814
2015-09-28, 6.7200, 6.8981, 6.3600, 6.5800, 128541
2015-09-29, 6.6300, 6.6399, 6.3500, 6.3500, 82613
2015-09-30, 6.4500, 6.4500, 6.2540, 6.3200, 62212
2015-10-01, 6.3800, 6.4500, 6.2800, 6.2800, 61557
2015-10-02, 6.5000, 6.5000, 6.2500, 6.2600, 65557
2015-10-05, 6.3600, 6.8000, 6.2800, 6.7900, 97256
2015-10-06, 6.8600, 7.1000, 6.8105, 7.0000, 162945
2015-10-07, 7.0700, 7.1000, 6.9800, 7.0600, 157454
2015-10-08, 7.1000, 7.2200, 7.0700, 7.2000, 165253
2015-10-09, 7.1700, 7.2000, 7.0700, 7.1800, 109119
2015-10-12, 7.2400, 7.3100, 7.0400, 7.1000, 92980
2015-10-13, 6.9700, 7.0800, 6.8300, 6.9200, 85585
2015-10-14, 6.9600, 6.9600, 6.8000, 6.9500, 46985
2015-10-15, 6.9800, 7.0000, 6.8380, 6.9700, 50745
2015-10-16, 6.9800, 7.0500, 6.9400, 7.0100, 117034
2015-10-19, 7.0300, 7.0500, 6.8850, 6.9500, 82569
2015-10-20, 6.9300, 7.0000, 6.9121, 6.9600, 36718
2015-10-21, 7.0500, 7.0500, 6.9000, 6.9000, 43877
2015-10-22, 6.8900, 6.9400, 6.8509, 6.9100, 36486
2015-10-23, 6.9400, 6.9400, 6.8501, 6.9100, 30316
2015-10-26, 6.8900, 7.0500, 6.7800, 6.7900, 32284
2015-10-27, 6.8000, 6.8000, 6.6000, 6.6200, 80456
2015-10-28, 6.6800, 6.8300, 6.5800, 6.7900, 57237
2015-10-29, 6.7900, 6.8099, 6.6800, 6.7100, 71458
2015-10-30, 6.7600, 6.7600, 6.6183, 6.6600, 63017
2015-11-02, 6.6300, 6.7700, 6.6000, 6.7300, 72013
2015-11-03, 6.7800, 7.0700, 6.7500, 7.0700, 117160
2015-11-04, 7.0200, 7.0200, 6.8000, 6.8600, 132413
2015-11-05, 6.8800, 6.9300, 6.8100, 6.8300, 83519
2015-11-06, 6.8300, 6.8700, 6.7000, 6.7400, 185295
2015-11-09, 6.8000, 6.8500, 6.7000, 6.7000, 99682
2015-11-10, 6.7000, 6.8900, 6.7000, 6.7500, 117514
2015-11-11, 6.8200, 6.8400, 6.7500, 6.7700, 68770
2015-11-12, 6.6500, 6.6850, 6.6000, 6.6200, 68511
2015-11-13, 6.6200, 6.6300, 6.5000, 6.5000, 67769
2015-11-16, 6.4800, 6.4800, 6.2005, 6.4000, 147515
2015-11-17, 6.4000, 6.5590, 6.2400, 6.3300, 98611
2015-11-18, 6.3400, 6.4100, 6.2800, 6.3300, 115496
2015-11-19, 6.3800, 6.5600, 6.3600, 6.4900, 105932
2015-11-20, 6.5300, 6.8000, 6.5300, 6.7100, 70012
2015-11-23, 6.7200, 6.7400, 6.6300, 6.7300, 69465
2015-11-24, 6.7000, 6.7200, 6.6200, 6.6800, 64943
2015-11-25, 6.6500, 6.8000, 6.5900, 6.7700, 66311
2015-11-27, 6.8000, 6.9599, 6.7500, 6.8200, 58423
2015-11-30, 6.7800, 6.8600, 6.7500, 6.8300, 79383
2015-12-01, 6.8800, 6.8800, 6.7000, 6.7200, 49135
2015-12-02, 6.7300, 6.7300, 6.3800, 6.4400, 77929
2015-12-03, 6.4200, 6.5000, 6.3600, 6.4400, 81320
2015-12-04, 6.4300, 6.5000, 6.3200, 6.3300, 85696
2015-12-07, 6.3800, 6.3800, 6.2500, 6.2700, 68698
2015-12-08, 6.2500, 6.2799, 6.1000, 6.1600, 58821
2015-12-09, 6.1700, 6.2800, 6.1190, 6.2000, 55983
2015-12-10, 6.2000, 6.2000, 6.0900, 6.1300, 69146
2015-12-11, 5.9700, 5.9800, 5.7000, 5.7800, 184412
2015-12-14, 5.7500, 5.7700, 4.8000, 4.8400, 458401
2015-12-15, 4.8400, 5.1400, 4.8400, 5.0700, 210176
2015-12-16, 4.9000, 5.3600, 4.9000, 5.1500, 273556
2015-12-17, 5.1500, 5.3400, 5.1300, 5.1600, 151886
2015-12-18, 5.0900, 5.2687, 5.0600, 5.1100, 393479
2015-12-21, 5.0900, 5.2300, 5.0213, 5.1500, 141210
2015-12-22, 5.1700, 5.2200, 5.1600, 5.2200, 156320
2015-12-23, 5.2300, 5.4300, 5.1600, 5.4000, 152024
2015-12-24, 5.3100, 5.5800, 5.3100, 5.4800, 85358
2015-12-28, 5.4300, 5.5273, 5.3000, 5.4200, 105557
2015-12-29, 5.4100, 5.4700, 5.1900, 5.2100, 150325
2015-12-30, 5.2000, 5.3600, 5.1500, 5.2500, 225290
2015-12-31, 5.2900, 5.4900, 5.2500, 5.4600, 160948
2016-01-04, 5.4300, 5.7300, 5.4300, 5.6500, 96090
2016-01-05, 5.6700, 5.7500, 5.5500, 5.7400, 96414
2016-01-06, 5.6100, 5.8700, 5.6100, 5.8700, 160240
2016-01-07, 5.9000, 5.9000, 5.5600, 5.5900, 111076
2016-01-08, 5.6200, 5.7100, 5.5900, 5.7100, 79831
2016-01-11, 5.6900, 5.6900, 5.5200, 5.5800, 116056
2016-01-12, 5.5800, 5.6199, 5.2001, 5.4000, 166237
2016-01-13, 5.2600, 5.2600, 4.8300, 4.8600, 222766
2016-01-14, 4.8000, 4.8500, 4.4390, 4.6500, 260721
2016-01-15, 4.5000, 4.6400, 4.2400, 4.6200, 233493
2016-01-19, 4.5600, 4.5600, 4.1701, 4.2300, 231906
2016-01-20, 4.2500, 4.2500, 3.8210, 4.1300, 225875
2016-01-21, 4.1300, 4.3899, 4.0100, 4.2700, 137863
2016-01-22, 4.2700, 4.4800, 4.2000, 4.4200, 88929
2016-01-25, 4.4500, 4.4500, 4.1100, 4.2300, 76515
2016-01-26, 4.2200, 4.5500, 4.1999, 4.5300, 130866
2016-01-27, 4.5100, 4.5100, 4.3000, 4.3700, 61535
2016-01-28, 4.4400, 4.4800, 4.3500, 4.4800, 43658
2016-01-29, 4.4800, 4.6800, 4.4640, 4.6600, 55878
2016-02-01, 4.6500, 4.6700, 4.5640, 4.6600, 22325
2016-02-02, 4.6500, 4.6700, 4.5500, 4.5500, 64139
2016-02-03, 4.6300, 4.7100, 4.5500, 4.6900, 47344
2016-02-04, 4.7000, 4.7900, 4.5800, 4.7400, 33020
2016-02-05, 4.7500, 4.7824, 4.6700, 4.6800, 52881
2016-02-08, 4.6100, 4.6400, 4.5000, 4.5100, 78890
2016-02-09, 4.5100, 4.5750, 4.2500, 4.2700, 40217
2016-02-10, 4.2700, 4.4700, 4.0305, 4.2000, 53717
2016-02-11, 4.0600, 4.0800, 3.8300, 3.9600, 84934
2016-02-12, 4.0100, 4.1800, 4.0100, 4.1300, 38875
2016-02-16, 4.1500, 4.2100, 4.1500, 4.1700, 25513
2016-02-17, 4.2100, 4.3600, 4.2100, 4.3100, 85728
2016-02-18, 4.3900, 4.5400, 4.3500, 4.4600, 72517
2016-02-19, 4.4100, 4.5000, 4.2900, 4.4100, 47233
2016-02-22, 4.4900, 4.5500, 4.4480, 4.5400, 29428
2016-02-23, 4.5200, 4.5900, 4.5100, 4.5900, 17816
2016-02-24, 4.5200, 4.5600, 4.4208, 4.5600, 22978
2016-02-25, 4.6000, 4.6000, 4.4770, 4.5700, 104514
2016-02-26, 4.6000, 4.8200, 4.5860, 4.8200, 68994
2016-02-29, 4.7500, 4.9000, 4.7500, 4.8200, 51884
2016-03-01, 4.9000, 5.0000, 4.8500, 4.9900, 48023
2016-03-02, 4.9600, 5.4300, 4.9600, 5.3100, 80054
2016-03-03, 5.4500, 5.5400, 5.3500, 5.4900, 112685
2016-03-04, 5.5500, 5.5500, 5.4000, 5.4700, 81898
2016-03-07, 5.4900, 5.5400, 5.4300, 5.4700, 59966
2016-03-08, 5.4700, 5.4900, 5.3000, 5.3300, 52073
2016-03-09, 5.3500, 5.3500, 5.2360, 5.2900, 60865
2016-03-10, 5.3000, 5.3000, 5.2000, 5.2500, 21671
2016-03-11, 5.2700, 5.3100, 5.2000, 5.2700, 36723
2016-03-14, 5.2200, 5.2500, 5.1200, 5.1500, 36672
2016-03-15, 5.1100, 5.2650, 5.0000, 5.1800, 56089
2016-03-16, 5.1000, 5.1800, 4.9900, 5.1100, 41256
2016-03-17, 5.0500, 5.3000, 5.0201, 5.2200, 64545
2016-03-18, 5.1300, 5.4800, 5.1300, 5.4500, 90186
2016-03-21, 5.4700, 5.4700, 5.4000, 5.4200, 38697
2016-03-22, 5.4200, 5.5200, 5.3100, 5.4800, 30886
2016-03-23, 5.3800, 5.4787, 5.3300, 5.3300, 30754
2016-03-24, 5.3700, 5.5500, 5.3300, 5.5100, 67999
2016-03-28, 5.5200, 5.5960, 5.2400, 5.2500, 94921
2016-03-29, 5.2400, 5.5000, 5.2400, 5.4300, 61560
2016-03-30, 5.5000, 5.5464, 5.3700, 5.4700, 61258
2016-03-31, 5.4700, 5.7000, 5.4700, 5.6000, 98401
2016-04-01, 5.5600, 5.6300, 5.4800, 5.5500, 40314
2016-04-04, 5.5600, 5.6699, 5.5600, 5.6000, 40156
2016-04-05, 5.6000, 5.6000, 5.5600, 5.5600, 33750
2016-04-06, 5.5900, 5.6850, 5.5100, 5.5900, 49069
2016-04-07, 5.5800, 5.6700, 5.5200, 5.6500, 78755
2016-04-08, 5.7100, 5.8700, 5.5000, 5.7700, 125284
2016-04-11, 5.8200, 5.9700, 5.8200, 5.9500, 125292
2016-04-12, 5.9400, 6.1500, 5.8100, 6.0600, 135454
2016-04-13, 6.0000, 6.1900, 5.9800, 6.1500, 56948
2016-04-14, 6.2900, 6.2900, 6.0200, 6.0800, 27621
2016-04-15, 6.0700, 6.1300, 6.0100, 6.0800, 52377
2016-04-18, 6.0200, 6.1300, 6.0100, 6.0500, 85874
2016-04-19, 6.0700, 6.1700, 6.0600, 6.1500, 40135
2016-04-20, 6.0900, 6.1999, 6.0900, 6.1400, 33946
2016-04-21, 6.1500, 6.1500, 6.0000, 6.0300, 48900
2016-04-22, 6.0200, 6.0900, 6.0200, 6.0600, 38695
2016-04-25, 6.0400, 6.1000, 6.0200, 6.0900, 33071
2016-04-26, 6.0900, 6.1700, 6.0200, 6.1400, 71456
2016-04-27, 6.1200, 6.2000, 6.0400, 6.1700, 38546
2016-04-28, 6.1800, 6.1900, 6.0000, 6.0300, 87551
2016-04-29, 6.0800, 6.0800, 5.8800, 6.0500, 89628
2016-05-02, 6.0900, 6.1700, 6.0000, 6.0200, 76368
2016-05-03, 5.9700, 5.9700, 5.9000, 5.9000, 44622
2016-05-04, 5.9000, 6.1000, 5.7500, 6.0200, 185049
2016-05-05, 6.0800, 6.0800, 5.9500, 6.0500, 39599
2016-05-06, 6.0700, 6.0700, 5.9600, 6.0400, 42416
2016-05-09, 6.0500, 6.2200, 5.9800, 6.1000, 71194
2016-05-10, 6.1000, 6.2000, 6.0500, 6.1600, 49018
2016-05-11, 6.0000, 6.0600, 5.1900, 5.4400, 415161
2016-05-12, 5.3900, 5.4000, 5.0500, 5.0700, 133356
2016-05-13, 5.0100, 5.1153, 4.8700, 5.0900, 117797
2016-05-16, 5.0800, 5.2000, 5.0800, 5.1100, 59202
2016-05-17, 5.1300, 5.1700, 5.0200, 5.0900, 54738
2016-05-18, 5.0900, 5.1700, 4.9100, 4.9400, 57098
2016-05-19, 4.9300, 5.0200, 4.8600, 4.8900, 61961
2016-05-20, 4.9700, 5.0100, 4.8800, 4.9900, 53361
2016-05-23, 5.0400, 5.0400, 4.9000, 4.9900, 61133
2016-05-24, 5.0300, 5.0900, 5.0000, 5.0300, 53054
2016-05-25, 5.0100, 5.1400, 5.0000, 5.0500, 42723
2016-05-26, 5.0960, 5.0960, 4.9900, 5.0000, 44503
2016-05-27, 5.0200, 5.0600, 5.0000, 5.0100, 45622
2016-05-31, 4.9500, 5.0700, 4.9400, 5.0000, 65184
2016-06-01, 4.9700, 5.0900, 4.9605, 5.0700, 41365
2016-06-02, 5.0500, 5.2000, 5.0100, 5.1800, 52840
2016-06-03, 5.2000, 5.3500, 5.2000, 5.3100, 76453
2016-06-06, 5.2800, 5.6000, 5.2800, 5.5600, 119389
2016-06-07, 5.5900, 5.5900, 5.5100, 5.5600, 38173
2016-06-08, 5.5800, 5.5800, 5.4400, 5.4700, 62744
2016-06-09, 5.4500, 5.5799, 5.3500, 5.4300, 77895
2016-06-10, 5.4200, 5.5000, 5.3550, 5.4600, 80967
2016-06-13, 5.3600, 5.4000, 5.2000, 5.3200, 47948
2016-06-14, 5.2300, 5.2500, 5.2100, 5.2200, 68922
2016-06-15, 5.2500, 5.3900, 5.2000, 5.3300, 91131
2016-06-16, 5.3200, 5.4100, 5.2100, 5.3600, 51701
2016-06-17, 5.4200, 5.4400, 5.3600, 5.3900, 108436
2016-06-20, 5.4500, 5.4500, 5.4000, 5.4100, 47785
2016-06-21, 5.4400, 5.4400, 5.4000, 5.4400, 30443
2016-06-22, 5.4400, 5.4500, 5.4000, 5.4000, 31082
2016-06-23, 5.4500, 5.4600, 5.4000, 5.4500, 33678
2016-06-24, 5.3400, 5.4600, 5.3000, 5.4300, 61505
2016-06-27, 5.4000, 5.4000, 5.2000, 5.2600, 96617
2016-06-28, 5.3200, 5.3500, 5.2800, 5.3100, 40533
2016-06-29, 5.3100, 5.4400, 5.3100, 5.4400, 34417
2016-06-30, 5.4700, 5.5000, 5.4000, 5.4800, 44231
2016-07-01, 5.5000, 5.6300, 5.4700, 5.6000, 57452
2016-07-05, 5.6600, 5.6600, 5.5500, 5.6200, 62578
2016-07-06, 5.5700, 6.1900, 5.5500, 5.8300, 140702
2016-07-07, 5.8300, 5.8700, 5.6820, 5.7400, 79580
2016-07-08, 5.7300, 5.9000, 5.7000, 5.8900, 77154
2016-07-11, 5.9100, 5.9900, 5.8500, 5.9700, 90236
2016-07-12, 5.9400, 6.0157, 5.9000, 5.9700, 120189
2016-07-13, 5.8500, 5.8900, 5.8000, 5.8100, 51744
2016-07-14, 5.8000, 5.9400, 5.7600, 5.8600, 56555
2016-07-15, 5.8500, 5.8700, 5.8000, 5.8100, 54379
2016-07-18, 5.7700, 5.9000, 5.7700, 5.8700, 36413
2016-07-19, 5.8700, 5.9600, 5.8300, 5.9200, 37854
2016-07-20, 5.9800, 5.9800, 5.8900, 5.9600, 49512
2016-07-21, 5.9600, 5.9600, 5.8900, 5.9400, 21264
2016-07-22, 5.9500, 5.9900, 5.8900, 5.9500, 95233
2016-07-25, 5.9600, 5.9900, 5.8500, 5.8700, 42096
2016-07-26, 5.9100, 5.9500, 5.8300, 5.8400, 48630
2016-07-27, 5.8900, 5.8900, 5.7600, 5.8400, 74144
2016-07-28, 5.8200, 5.9100, 5.7800, 5.8800, 32680
2016-07-29, 5.8500, 5.9900, 5.8200, 5.8500, 88835
2016-08-01, 5.8000, 5.9500, 5.8000, 5.9300, 72958
2016-08-02, 5.9500, 5.9500, 5.8500, 5.8600, 64921
2016-08-03, 5.8500, 5.9400, 5.8500, 5.9300, 36294
2016-08-04, 5.9300, 5.9400, 5.8300, 5.9200, 75632
2016-08-05, 5.9200, 5.9900, 5.8201, 5.8900, 144425
2016-08-08, 5.8900, 5.9700, 5.8700, 5.9100, 51338
2016-08-09, 5.9300, 5.9700, 5.9000, 5.9500, 61298
2016-08-10, 5.9700, 6.0000, 5.9200, 6.0000, 130164
2016-08-11, 5.9700, 5.9860, 5.8700, 5.9600, 69900
2016-08-12, 5.9100, 6.0500, 5.9100, 5.9800, 84073
2016-08-15, 5.9800, 6.0200, 5.9600, 5.9700, 71519
2016-08-16, 5.9600, 6.0100, 5.9100, 5.9300, 60377
2016-08-17, 5.9300, 5.9500, 5.9000, 5.9100, 43505
2016-08-18, 5.8700, 6.0188, 5.8700, 5.9100, 74058
2016-08-19, 5.8600, 5.9100, 5.8500, 5.8700, 42026
2016-08-22, 5.9500, 5.9500, 5.8100, 5.8700, 56972
2016-08-23, 5.8600, 5.9400, 5.8500, 5.9000, 39042
2016-08-24, 5.9300, 5.9700, 5.8600, 5.8800, 39901
2016-08-25, 5.8900, 5.9210, 5.8600, 5.9000, 75410
2016-08-26, 5.9200, 5.9300, 5.8100, 5.8400, 84225
2016-08-29, 5.8600, 5.8900, 5.8000, 5.8200, 24233
2016-08-30, 5.8500, 5.8804, 5.8000, 5.8000, 36847
2016-08-31, 5.8300, 5.8300, 5.6776, 5.7400, 59802
2016-09-01, 5.7300, 5.7536, 5.6500, 5.6800, 43926
2016-09-02, 5.7100, 5.9100, 5.6200, 5.8500, 83687
2016-09-06, 5.8900, 6.0000, 5.8100, 5.9400, 104933
2016-09-07, 5.9700, 5.9700, 5.8800, 5.9000, 77517
2016-09-08, 5.9000, 5.9900, 5.9000, 5.9750, 51992
2016-09-09, 5.9600, 6.0000, 5.6200, 5.7200, 161438
2016-09-12, 5.7400, 5.8400, 5.6500, 5.8100, 99721
2016-09-13, 5.7100, 5.7500, 5.6500, 5.6600, 53702
2016-09-14, 5.6300, 5.6900, 5.5000, 5.5500, 70640
2016-09-15, 5.5500, 5.6400, 5.5400, 5.5900, 28607
2016-09-16, 5.5400, 5.6100, 5.5000, 5.5300, 53818
2016-09-19, 5.5400, 5.7000, 5.5400, 5.6300, 73560
2016-09-20, 5.6800, 5.7200, 5.6001, 5.6100, 22445
2016-09-21, 5.6600, 5.7000, 5.5600, 5.6600, 45954
2016-09-22, 5.6700, 5.7500, 5.6700, 5.7300, 35455
2016-09-23, 5.6800, 5.7658, 5.6500, 5.6900, 35407
2016-09-26, 5.7000, 5.7200, 5.6100, 5.6800, 31243
2016-09-27, 5.7200, 5.7200, 5.4500, 5.5500, 87027
2016-09-28, 5.5500, 5.6599, 5.5500, 5.6300, 28406
2016-09-29, 5.6400, 5.6436, 5.5500, 5.5800, 28507
2016-09-30, 5.6400, 5.6800, 5.5800, 5.6800, 36939
2016-10-03, 5.6800, 5.6800, 5.5500, 5.6000, 34674
2016-10-04, 5.6500, 5.6500, 5.5000, 5.5200, 86969
2016-10-05, 5.5500, 5.5910, 5.4100, 5.4550, 72541
2016-10-06, 5.4500, 5.5400, 5.4000, 5.4600, 61420
2016-10-07, 5.4500, 5.5088, 5.4200, 5.4600, 66797
2016-10-10, 5.4700, 5.5490, 5.4700, 5.4900, 32139
2016-10-11, 5.4900, 5.5800, 5.4700, 5.5100, 32312
2016-10-12, 5.5000, 5.5900, 5.4500, 5.5400, 51064
2016-10-13, 5.4100, 5.4900, 5.3600, 5.4600, 55663
2016-10-14, 5.4600, 5.4600, 5.3000, 5.3300, 80435
2016-10-17, 5.3400, 5.3600, 5.2600, 5.2700, 52599
2016-10-18, 5.2700, 5.3411, 5.2000, 5.2400, 53038
2016-10-19, 5.2500, 5.3000, 5.2007, 5.2600, 34823
2016-10-20, 5.2700, 5.2800, 5.2200, 5.2600, 24908
2016-10-21, 5.2500, 5.2730, 5.2400, 5.2400, 19461
2016-10-24, 5.3000, 5.3000, 5.2200, 5.2500, 36417
2016-10-25, 5.2700, 5.3100, 5.2300, 5.2700, 31365
2016-10-26, 5.2500, 5.2900, 5.2200, 5.2400, 27850
2016-10-27, 5.2100, 5.3100, 5.2000, 5.2500, 64821
2016-10-28, 5.2600, 5.2600, 5.2000, 5.2200, 49162
2016-10-31, 5.2600, 5.2600, 5.2000, 5.2200, 40691
2016-11-01, 5.2400, 5.2400, 5.1200, 5.1400, 46135
2016-11-02, 5.1700, 5.2000, 5.1400, 5.1800, 55965
2016-11-03, 5.2200, 5.2200, 5.1000, 5.1100, 50210
2016-11-04, 5.1100, 5.2100, 5.1100, 5.1200, 74963
2016-11-07, 5.1400, 5.2500, 5.1200, 5.1600, 63204
2016-11-08, 5.2200, 5.2387, 5.1500, 5.1800, 33361
2016-11-09, 5.1200, 5.4000, 5.1200, 5.3500, 138160
2016-11-10, 5.5200, 5.5400, 5.3000, 5.3800, 165460
2016-11-11, 5.3800, 5.4700, 5.3100, 5.3400, 119021
2016-11-14, 5.4000, 5.9500, 5.4000, 5.8200, 656762
2016-11-15, 5.9000, 6.1300, 5.7700, 5.9400, 476924
2016-11-16, 6.0100, 6.1499, 5.9801, 6.0400, 466496
2016-11-17, 4.9100, 5.3100, 4.8120, 5.1000, 470928
2016-11-18, 5.1500, 5.2500, 5.0200, 5.1200, 198083
2016-11-21, 5.1400, 5.2190, 5.0000, 5.0200, 216300
2016-11-22, 5.0000, 5.0839, 5.0000, 5.0500, 160691
2016-11-23, 5.0300, 5.1100, 5.0000, 5.0800, 160349
2016-11-25, 5.0500, 5.1300, 5.0300, 5.1300, 81463
2016-11-28, 5.1700, 5.2290, 5.1500, 5.1800, 147597
2016-11-29, 5.2100, 5.2300, 5.1500, 5.1700, 161391
2016-11-30, 5.2000, 5.2079, 5.0500, 5.0800, 151658
2016-12-01, 5.0800, 5.2300, 5.0700, 5.1200, 100188
2016-12-02, 5.1100, 5.2000, 5.1100, 5.1500, 47372
2016-12-05, 5.1600, 5.2300, 5.1300, 5.2100, 90387
2016-12-06, 5.2200, 5.3500, 5.1700, 5.3500, 154264
2016-12-07, 5.3700, 5.4000, 5.3100, 5.3100, 127436
2016-12-08, 5.3200, 5.4000, 5.3200, 5.3600, 140044
2016-12-09, 5.3900, 5.5100, 5.3900, 5.5000, 145090
2016-12-12, 5.5300, 5.5400, 5.4200, 5.4800, 194917
2016-12-13, 5.4000, 5.4800, 5.2400, 5.3100, 133414
2016-12-14, 5.2700, 5.3039, 5.0500, 5.1500, 161396
2016-12-15, 5.1500, 5.2890, 5.0900, 5.0900, 67515
2016-12-16, 5.0500, 5.1600, 5.0482, 5.1600, 79153
2016-12-19, 5.1600, 5.2500, 5.1110, 5.2500, 101640
2016-12-20, 5.2100, 5.3300, 5.1500, 5.3200, 78140
2016-12-21, 5.3400, 5.3500, 5.2801, 5.3200, 47601
2016-12-22, 5.3100, 5.3100, 5.1948, 5.2400, 68534
2016-12-23, 5.2500, 5.3090, 5.1800, 5.2100, 60754
2016-12-27, 5.2100, 5.2100, 5.1000, 5.1900, 94630
2016-12-28, 5.1500, 5.1900, 4.8759, 4.9300, 479451
2016-12-29, 4.9500, 5.1100, 4.9500, 4.9500, 354677
2016-12-30, 4.9600, 5.0540, 4.9500, 4.9700, 200726
2017-01-03, 5.0000, 5.1520, 4.9700, 5.1300, 242390
2017-01-04, 5.1600, 5.2800, 5.1300, 5.2100, 132435
2017-01-05, 5.2500, 5.2500, 5.1800, 5.1900, 88419
2017-01-06, 5.2300, 5.2700, 5.1700, 5.2000, 126915
2017-01-09, 5.2000, 5.2700, 5.2000, 5.2400, 115312
2017-01-10, 5.2400, 5.3000, 5.2200, 5.2500, 150910
2017-01-11, 5.2800, 5.3000, 5.2300, 5.2600, 175819
2017-01-12, 5.2500, 5.2500, 5.1100, 5.1700, 146525
2017-01-13, 5.2000, 5.2500, 5.1200, 5.1600, 63858
2017-01-17, 5.1800, 5.2500, 5.1600, 5.2200, 85478
2017-01-18, 5.2500, 5.2500, 5.1800, 5.1801, 66278
2017-01-19, 5.1900, 5.1900, 5.1500, 5.1600, 26682
2017-01-20, 5.1900, 5.2300, 5.1600, 5.2000, 28481
2017-01-23, 5.2400, 5.2500, 5.2100, 5.2400, 75569
2017-01-24, 5.2400, 5.2500, 5.2000, 5.2300, 59926
2017-01-25, 5.2500, 5.2700, 5.2400, 5.2700, 53582
2017-01-26, 5.2300, 5.2800, 5.2100, 5.2400, 89565
2017-01-27, 5.2000, 5.2500, 5.2000, 5.2200, 57383
2017-01-30, 5.2500, 5.2550, 5.2000, 5.2300, 58089
2017-01-31, 5.2500, 5.2800, 5.2000, 5.2000, 104464
2017-02-01, 5.2300, 5.2500, 5.2100, 5.2100, 49362
2017-02-02, 5.2400, 5.2500, 5.2000, 5.2200, 122343
2017-02-03, 5.2000, 5.2600, 5.2000, 5.2500, 80761
2017-02-06, 5.2600, 5.2900, 5.2400, 5.2800, 70831
2017-02-07, 5.2900, 5.2900, 5.2100, 5.2500, 76160
2017-02-08, 5.2500, 5.2800, 5.2100, 5.2600, 139485
2017-02-09, 5.2800, 5.2900, 5.2500, 5.2500, 118229
2017-02-10, 5.2400, 5.3500, 5.2351, 5.3500, 181368
2017-02-13, 5.3400, 5.3800, 5.2100, 5.3300, 181089
2017-02-14, 5.3000, 5.3300, 5.2600, 5.2700, 58189
2017-02-15, 5.2900, 5.2900, 5.2200, 5.2600, 69413
2017-02-16, 5.2700, 5.2800, 5.2100, 5.2300, 74319
2017-02-17, 5.2700, 5.2700, 5.2100, 5.2200, 79012
2017-02-21, 5.2200, 5.2500, 5.1800, 5.1800, 168035
2017-02-22, 5.2000, 5.2000, 5.1200, 5.1500, 134690
2017-02-23, 5.1500, 5.1500, 5.0600, 5.1300, 159595
2017-02-24, 5.1100, 5.2000, 5.1001, 5.1800, 63400
2017-02-27, 5.1800, 5.2400, 5.1799, 5.2200, 90652
2017-02-28, 5.2300, 5.2300, 5.1550, 5.2200, 93442
2017-03-01, 5.2200, 5.2200, 5.1700, 5.2000, 98836
2017-03-02, 5.2000, 5.2032, 5.1500, 5.1500, 79273
2017-03-03, 5.1800, 5.2100, 5.1500, 5.1600, 82521
2017-03-06, 5.1600, 5.1600, 5.1000, 5.1200, 124043
2017-03-07, 5.1400, 5.1450, 5.1100, 5.1200, 101261
2017-03-08, 5.1100, 5.1400, 5.0600, 5.0900, 261468
2017-03-09, 5.1000, 5.1000, 4.9600, 4.9900, 136046
2017-03-10, 4.9600, 5.0200, 4.8100, 4.9500, 262617
2017-03-13, 4.9500, 4.9600, 4.8100, 4.8100, 154774
2017-03-14, 4.7500, 4.7800, 4.5200, 4.5600, 349287
2017-03-15, 4.5600, 4.7500, 4.5500, 4.6600, 118764
2017-03-16, 4.7300, 4.9700, 4.7299, 4.9500, 203391
2017-03-17, 4.9900, 5.1600, 4.9600, 5.1400, 334523
2017-03-20, 5.1600, 5.1600, 5.0200, 5.0200, 81193
2017-03-21, 5.0300, 5.0360, 4.9000, 4.9700, 96908
2017-03-22, 4.9500, 5.0199, 4.9000, 4.9300, 89680
2017-03-23, 4.9500, 5.0200, 4.8500, 4.9900, 88117
2017-03-24, 4.9900, 5.1000, 4.9900, 5.0300, 54296
2017-03-27, 5.0300, 5.0500, 5.0100, 5.0300, 43304
2017-03-28, 5.0000, 5.0600, 5.0000, 5.0400, 37054
2017-03-29, 5.0400, 5.1400, 5.0400, 5.1200, 47291
2017-03-30, 5.1400, 5.1500, 5.0500, 5.1000, 87833
2017-03-31, 5.1200, 5.1400, 5.0690, 5.1300, 82534
2017-04-03, 5.1400, 5.1700, 5.1000, 5.1700, 85176
2017-04-04, 5.2000, 5.2500, 5.1500, 5.1700, 158825
2017-04-05, 5.2400, 5.2400, 5.1800, 5.2000, 116598
2017-04-06, 5.2400, 5.2500, 5.2000, 5.2300, 66469
2017-04-07, 5.2300, 5.2800, 5.2100, 5.2800, 124030
2017-04-10, 5.3000, 5.3500, 5.2500, 5.3400, 209411
2017-04-11, 5.2800, 5.4000, 5.2600, 5.3800, 250782
2017-04-12, 5.3500, 5.3500, 5.2200, 5.2800, 90323
2017-04-13, 5.2800, 5.3200, 5.2200, 5.3000, 78955
2017-04-17, 5.3200, 5.3888, 5.2700, 5.3700, 134952
2017-04-18, 5.3600, 5.4100, 5.3200, 5.3700, 100126
2017-04-19, 5.3900, 5.3900, 5.2900, 5.3500, 118610
2017-04-20, 5.3500, 5.3900, 5.3000, 5.3400, 123642
2017-04-21, 5.3600, 5.3800, 5.3400, 5.3600, 42019
2017-04-24, 5.4000, 5.4200, 5.3600, 5.4000, 80070
2017-04-25, 5.4000, 5.4500, 5.3800, 5.4000, 136706
2017-04-26, 5.4300, 5.4500, 5.3800, 5.4000, 101463
2017-04-27, 5.4500, 5.4600, 5.4100, 5.4300, 152880
2017-04-28, 5.4600, 5.4600, 5.3700, 5.3700, 101928
2017-05-01, 5.4100, 5.4500, 5.3800, 5.4400, 82103
2017-05-02, 5.4900, 5.4900, 5.3300, 5.3300, 118799
2017-05-03, 5.3300, 5.3701, 5.3000, 5.3100, 79480
2017-05-04, 5.3200, 5.3490, 5.3000, 5.3100, 66411
2017-05-05, 5.3500, 5.4800, 5.3000, 5.4500, 145587
2017-05-08, 5.4500, 5.4500, 5.3900, 5.4300, 89951
2017-05-09, 5.4300, 5.4540, 5.3600, 5.3700, 109212
2017-05-10, 5.4100, 5.5200, 5.3601, 5.4900, 134662
2017-05-11, 5.3700, 5.4187, 5.2000, 5.3050, 241953
2017-05-12, 5.2800, 5.3050, 5.2700, 5.2700, 81553
2017-05-15, 5.3000, 5.3499, 5.2600, 5.2900, 63833
2017-05-16, 5.2700, 5.2900, 5.2600, 5.2800, 77169
2017-05-17, 5.2700, 5.2700, 5.2100, 5.2300, 70196
2017-05-18, 5.2400, 5.2500, 5.1700, 5.2200, 50220
2017-05-19, 5.2400, 5.2800, 5.2100, 5.2400, 43533
2017-05-22, 5.2200, 5.2847, 5.2200, 5.2800, 76858
2017-05-23, 5.3200, 5.3400, 5.2901, 5.3200, 56439
2017-05-24, 5.3400, 5.4300, 5.3088, 5.3900, 72081
2017-05-25, 5.4200, 5.4400, 5.3700, 5.4200, 40169
2017-05-26, 5.3900, 5.5100, 5.3710, 5.4800, 130597
2017-05-30, 5.5100, 5.5400, 5.4001, 5.4200, 51351
2017-05-31, 5.4700, 5.4800, 5.4300, 5.4500, 58461
2017-06-01, 5.4600, 5.5400, 5.4400, 5.5000, 94216
2017-06-02, 5.5400, 5.6100, 5.5300, 5.5900, 102216
2017-06-05, 5.6000, 5.6100, 5.5400, 5.5500, 55963
2017-06-06, 5.5800, 5.5800, 5.4500, 5.4600, 59571
2017-06-07, 5.4748, 5.4748, 5.4300, 5.4300, 63186
2017-06-08, 5.4500, 5.4800, 5.4100, 5.4250, 63637
2017-06-09, 5.4100, 5.5300, 5.4000, 5.4900, 82434
2017-06-12, 5.5100, 5.6000, 5.4100, 5.4600, 243369
2017-06-13, 5.4400, 5.5800, 5.4160, 5.4300, 62624
2017-06-14, 5.4500, 5.4754, 5.3200, 5.3200, 71681
2017-06-15, 5.1400, 5.1400, 4.8100, 4.8500, 1009019
2017-06-16, 4.7000, 4.7800, 4.5800, 4.6100, 3110760
2017-06-19, 4.6700, 4.8500, 4.5900, 4.7700, 1286746
2017-06-20, 4.8300, 4.8800, 4.7500, 4.7800, 472108
2017-06-21, 4.8000, 4.8273, 4.7500, 4.7500, 213005
2017-06-22, 4.8000, 4.8000, 4.7500, 4.7800, 132168
2017-06-23, 4.8000, 4.9000, 4.7763, 4.8800, 385211
2017-06-26, 4.8600, 4.9500, 4.8600, 4.8900, 252043
2017-06-27, 4.9000, 4.9400, 4.8600, 4.8800, 193601
2017-06-28, 4.9000, 4.9350, 4.8500, 4.9000, 188274
2017-06-29, 4.8700, 4.9500, 4.8400, 4.8600, 207671
2017-06-30, 4.8800, 4.9200, 4.8800, 4.8800, 121962
2017-07-03, 4.8800, 4.9500, 4.8800, 4.9000, 139464
2017-07-05, 4.9400, 4.9800, 4.8700, 4.9300, 285761
2017-07-06, 4.9000, 4.9300, 4.8800, 4.8800, 199456
2017-07-07, 4.8500, 4.9399, 4.8500, 4.8800, 202109
2017-07-10, 4.8800, 4.9300, 4.8800, 4.9100, 169926
2017-07-11, 4.8900, 4.9300, 4.8800, 4.8900, 279260
2017-07-12, 4.9000, 4.9300, 4.8800, 4.8900, 242489
2017-07-13, 4.8700, 4.8900, 4.8600, 4.8900, 145893
2017-07-14, 4.8600, 4.9700, 4.8600, 4.9200, 367263
2017-07-17, 4.9300, 4.9500, 4.8700, 4.8900, 181248
2017-07-18, 4.8900, 4.9200, 4.8700, 4.9100, 134535
2017-07-19, 4.9200, 4.9400, 4.9000, 4.9200, 103716
2017-07-20, 4.9300, 4.9300, 4.8800, 4.9000, 138072
2017-07-21, 4.9000, 4.9100, 4.8900, 4.9000, 46075
2017-07-24, 4.9100, 4.9200, 4.8700, 4.8700, 88765
2017-07-25, 4.9000, 4.9200, 4.8700, 4.8700, 127520
2017-07-26, 4.8900, 4.8900, 4.8700, 4.8900, 66070
2017-07-27, 4.8900, 4.8900, 4.8354, 4.8800, 234206
2017-07-28, 4.8900, 4.9039, 4.8200, 4.8800, 108106
2017-07-31, 4.8900, 4.9400, 4.8000, 4.9300, 215499
2017-08-01, 4.9400, 4.9400, 4.8500, 4.9000, 144426
2017-08-02, 4.8700, 4.9500, 4.8700, 4.9500, 120228
2017-08-03, 4.9500, 4.9600, 4.9200, 4.9500, 87111
2017-08-04, 4.9300, 4.9800, 4.9101, 4.9500, 90462
2017-08-07, 4.9500, 4.9524, 4.9200, 4.9300, 135163
2017-08-08, 4.9000, 4.9300, 4.2700, 4.4200, 1466539
2017-08-09, 4.4400, 4.6000, 4.4400, 4.5300, 264274
2017-08-10, 4.5700, 4.5700, 4.4600, 4.4900, 365515
2017-08-11, 4.3900, 4.4500, 4.3297, 4.3800, 243863
2017-08-14, 4.3600, 4.4300, 4.3500, 4.3500, 216718
2017-08-15, 4.3600, 4.3600, 4.0800, 4.1300, 516070
2017-08-16, 4.1400, 4.1800, 4.0200, 4.1200, 536259
2017-08-17, 4.1100, 4.1500, 3.9900, 4.0000, 172879
2017-08-18, 4.0000, 4.0200, 3.8000, 3.9800, 403976
2017-08-21, 4.0000, 4.1600, 3.9300, 4.1300, 232766
2017-08-22, 4.1900, 4.2350, 4.0800, 4.1300, 163788
2017-08-23, 4.1700, 4.2000, 4.1000, 4.1500, 119046
2017-08-24, 4.1300, 4.1900, 4.0500, 4.0500, 127046
2017-08-25, 4.0500, 4.1500, 4.0131, 4.0900, 81012
2017-08-28, 4.0800, 4.1200, 4.0200, 4.0500, 153827
2017-08-29, 4.0500, 4.0800, 4.0000, 4.0400, 112064
2017-08-30, 4.0300, 4.1922, 4.0300, 4.1500, 90522
2017-08-31, 4.1500, 4.2000, 4.1200, 4.1600, 104045
2017-09-01, 4.1600, 4.3501, 4.1600, 4.2600, 278418
2017-09-05, 4.2800, 4.2800, 4.1500, 4.1900, 104554
2017-09-06, 4.2300, 4.3000, 4.1500, 4.1600, 109980
2017-09-07, 4.1700, 4.2500, 4.1600, 4.2300, 112078
2017-09-08, 4.2800, 4.3262, 4.1700, 4.1900, 105698
2017-09-11, 4.2500, 4.2715, 4.1900, 4.2300, 97095
2017-09-12, 4.2400, 4.3699, 4.2100, 4.3000, 160629
2017-09-13, 4.3400, 4.3500, 4.2800, 4.3100, 141977
2017-09-14, 4.2900, 4.2900, 4.2000, 4.2200, 86403
2017-09-15, 4.2200, 4.2200, 4.1755, 4.2100, 107752
2017-09-18, 4.1700, 4.3500, 4.1700, 4.2800, 198263
2017-09-19, 4.3200, 4.3200, 4.2600, 4.2600, 74216
2017-09-20, 4.2800, 4.3000, 4.2300, 4.2400, 117350
2017-09-21, 4.2300, 4.2900, 4.1700, 4.2100, 106231
2017-09-22, 4.2000, 4.3700, 4.1900, 4.2700, 89801
2017-09-25, 4.2700, 4.3700, 4.2200, 4.3700, 108257
2017-09-26, 4.3700, 4.4890, 4.3601, 4.3900, 76461
2017-09-27, 4.3600, 4.4200, 4.2600, 4.4000, 102951
2017-09-28, 4.4200, 4.4239, 4.3000, 4.3900, 74370
2017-09-29, 4.4200, 4.4900, 4.4200, 4.4600, 90294
2017-10-02, 4.5100, 4.5200, 4.4600, 4.5100, 116227
2017-10-03, 4.5100, 4.5500, 4.4800, 4.5400, 196773
2017-10-04, 4.5400, 4.5700, 4.5000, 4.5300, 128148
2017-10-05, 4.5500, 4.5700, 4.5350, 4.5700, 77051
2017-10-06, 4.5900, 4.5900, 4.5500, 4.5800, 76080
2017-10-09, 4.6300, 4.6900, 4.6000, 4.6700, 182039
2017-10-10, 4.6900, 4.7000, 4.6400, 4.6800, 196703
2017-10-11, 4.6700, 4.6700, 4.6100, 4.6300, 161124
2017-10-12, 4.6200, 4.6500, 4.5800, 4.6400, 260606
2017-10-13, 4.5900, 4.5900, 4.5500, 4.5700, 137181
2017-10-16, 4.5500, 4.5600, 4.4900, 4.5000, 204379
2017-10-17, 4.5000, 4.5200, 4.4600, 4.4700, 95919
2017-10-18, 4.4700, 4.4790, 4.2900, 4.3300, 308663
2017-10-19, 4.3500, 4.3990, 4.3300, 4.3500, 84378
2017-10-20, 4.3400, 4.3670, 4.3300, 4.3400, 47703
2017-10-23, 4.3500, 4.3500, 4.2000, 4.2001, 316014
2017-10-24, 4.2400, 4.3900, 4.2000, 4.2200, 139186
2017-10-25, 4.2300, 4.2600, 4.0300, 4.1592, 221862
2017-10-26, 4.1600, 4.1900, 4.0410, 4.0700, 146816
2017-10-27, 4.0500, 4.1790, 4.0300, 4.1600, 145906
2017-10-30, 4.1900, 4.3790, 4.1000, 4.1500, 213425
2017-10-31, 4.1900, 4.1900, 4.0700, 4.0700, 97159
2017-11-01, 4.0700, 4.1800, 4.0600, 4.1400, 65852
2017-11-02, 4.1400, 4.1400, 4.0400, 4.0700, 85214
2017-11-03, 4.0400, 4.0700, 4.0400, 4.0400, 106906
2017-11-06, 4.0400, 4.0884, 4.0200, 4.0600, 92134
2017-11-07, 4.0300, 4.2900, 4.0100, 4.1700, 186758
2017-11-08, 4.1800, 4.2000, 4.0900, 4.1800, 100043
2017-11-09, 4.1700, 4.2900, 4.1100, 4.1600, 194690
2017-11-10, 4.1700, 4.1900, 4.1114, 4.1600, 92374
2017-11-13, 4.2000, 4.2000, 4.1400, 4.1700, 157797
2017-11-14, 4.0900, 4.1008, 4.0300, 4.0400, 117522
2017-11-15, 4.0200, 4.0800, 3.9900, 4.0700, 86580
2017-11-16, 4.1000, 4.1109, 4.0300, 4.0900, 150509
2017-11-17, 4.0900, 4.1700, 4.0800, 4.1400, 73128
2017-11-20, 4.1100, 4.1400, 4.0500, 4.1200, 76238
2017-11-21, 4.1000, 4.1983, 4.0500, 4.0800, 129229
2017-11-22, 4.0700, 4.1200, 4.0400, 4.1000, 149206
2017-11-24, 4.1000, 4.1100, 4.0832, 4.1100, 28343
2017-11-27, 4.1100, 4.1800, 4.0900, 4.1000, 118552
2017-11-28, 4.0900, 4.1400, 4.0900, 4.1100, 115253
2017-11-29, 4.1400, 4.2000, 4.0899, 4.0900, 188847
2017-11-30, 4.1200, 4.1200, 4.0600, 4.0600, 73805
2017-12-01, 4.0600, 4.1200, 4.0100, 4.1000, 147109
2017-12-04, 4.1000, 4.1162, 4.0700, 4.0800, 155509
2017-12-05, 4.1000, 4.1100, 4.0100, 4.0700, 90834
2017-12-06, 4.0700, 4.0700, 4.0000, 4.0200, 178180
2017-12-07, 4.0100, 4.0500, 4.0000, 4.0300, 77765
2017-12-08, 4.0600, 4.1300, 4.0300, 4.1200, 222748
2017-12-11, 4.1100, 4.1700, 4.1000, 4.1600, 157883
2017-12-12, 4.1600, 4.2000, 4.1300, 4.1800, 182904
2017-12-13, 4.2100, 4.2300, 4.1652, 4.2100, 186163
2017-12-14, 4.1500, 4.1800, 4.0900, 4.0900, 118078
2017-12-15, 4.1100, 4.1400, 4.1000, 4.1200, 128592
2017-12-18, 4.1300, 4.1400, 4.0400, 4.0500, 172004
2017-12-19, 4.0600, 4.0900, 3.9800, 3.9900, 184923
2017-12-20, 4.0100, 4.0300, 3.9600, 3.9700, 230129
2017-12-21, 4.0000, 4.0100, 3.9500, 3.9900, 159380
2017-12-22, 3.9900, 4.0000, 3.9500, 3.9700, 234884
2017-12-26, 3.9600, 3.9900, 3.9200, 3.9600, 221115
2017-12-27, 3.9300, 3.9800, 3.9200, 3.9500, 135089
2017-12-28, 3.9800, 4.0400, 3.9521, 4.0200, 154339
2017-12-29, 4.0200, 4.0200, 4.0000, 4.0000, 134279
2018-01-02, 4.0000, 4.0200, 3.9600, 3.9900, 135255
2018-01-03, 4.0000, 4.0100, 3.9600, 3.9700, 117836
2018-01-04, 3.9900, 4.0000, 3.8800, 3.9100, 275806
2018-01-05, 3.9400, 3.9700, 3.9100, 3.9500, 159980
2018-01-08, 3.7300, 3.7300, 3.5000, 3.5200, 1221872
2018-01-09, 3.5000, 3.5100, 3.2000, 3.2800, 854633
2018-01-10, 3.2300, 3.3986, 3.1500, 3.3100, 451794
2018-01-11, 3.3300, 3.4300, 3.3272, 3.3700, 287465
2018-01-12, 3.3500, 3.3900, 3.3100, 3.3200, 214681
2018-01-16, 3.3000, 3.3200, 3.0800, 3.0800, 481811
2018-01-17, 3.0500, 3.1200, 3.0200, 3.0400, 311963
2018-01-18, 3.5000, 3.9500, 3.2000, 3.8600, 3267795
2018-01-19, 3.9800, 3.9800, 3.6100, 3.6100, 676187
2018-01-22, 3.6000, 3.6800, 3.5500, 3.6300, 265202
2018-01-23, 3.6600, 3.7800, 3.6285, 3.7500, 173330
2018-01-24, 3.7300, 3.7499, 3.6400, 3.6400, 156950
2018-01-25, 3.6300, 3.6400, 3.5200, 3.5400, 182697
2018-01-26, 3.5400, 3.5571, 3.4800, 3.5000, 165794
2018-01-29, 3.4600, 3.4700, 3.3700, 3.3800, 149658
2018-01-30, 3.3800, 3.4000, 3.3300, 3.3700, 136874
2018-01-31, 3.3600, 3.3600, 3.2399, 3.2700, 210670
2018-02-01, 3.2700, 3.3400, 3.2200, 3.2400, 150174
2018-02-02, 3.2200, 3.3000, 3.1500, 3.1800, 302272
2018-02-05, 3.1800, 3.2200, 3.1000, 3.1800, 290988
2018-02-06, 3.1500, 3.2900, 3.1266, 3.2400, 206223
2018-02-07, 3.2200, 3.3000, 3.2130, 3.2300, 103646
2018-02-08, 3.2500, 3.2500, 3.1700, 3.1900, 88183
2018-02-09, 3.1900, 3.2400, 3.1300, 3.2000, 197408
2018-02-12, 3.1900, 3.2800, 3.1200, 3.2300, 190686
2018-02-13, 3.2300, 3.3200, 3.2300, 3.3200, 136264
2018-02-14, 3.2700, 3.3000, 3.1900, 3.2500, 122701
2018-02-15, 3.2400, 3.2600, 3.2000, 3.2200, 165923
2018-02-16, 3.2100, 3.3300, 3.2100, 3.3100, 95027
2018-02-20, 3.3300, 3.4200, 3.2900, 3.3100, 214460
2018-02-21, 3.3500, 3.3700, 3.2200, 3.2400, 137387
2018-02-22, 3.2300, 3.3000, 3.2300, 3.2600, 32990
2018-02-23, 3.2700, 3.3700, 3.2698, 3.3600, 73602
2018-02-26, 3.3500, 3.3600, 3.3000, 3.3500, 57627
2018-02-27, 3.3200, 3.3600, 3.2600, 3.2600, 78980
2018-02-28, 3.2800, 3.2900, 3.2000, 3.2300, 179410
2018-03-01, 3.2200, 3.2500, 3.1700, 3.2400, 78169
2018-03-02, 3.2400, 3.3400, 3.1910, 3.3400, 54773
2018-03-05, 3.3400, 3.3600, 3.3291, 3.3500, 33834
2018-03-06, 3.3500, 3.3600, 3.2700, 3.3200, 58972
2018-03-07, 3.3200, 3.3500, 3.2800, 3.3300, 47183
2018-03-08, 3.3200, 3.3500, 3.3200, 3.3500, 59251
2018-03-09, 3.3600, 3.3600, 3.3300, 3.3600, 46824
2018-03-12, 3.3500, 3.4463, 3.3500, 3.4100, 127977
2018-03-13, 3.4300, 3.5900, 3.4300, 3.5800, 239189
2018-03-14, 3.5800, 3.5800, 3.4350, 3.4800, 79250
2018-03-15, 3.4500, 3.4500, 3.3400, 3.3700, 66489
2018-03-16, 3.4000, 3.4500, 3.3300, 3.4500, 138934
2018-03-19, 3.2400, 3.2600, 3.1000, 3.2100, 682976
2018-03-20, 3.1900, 3.2300, 3.1400, 3.1800, 224474
2018-03-21, 3.1500, 3.1900, 3.1000, 3.1300, 132688
2018-03-22, 3.1000, 3.1900, 3.0900, 3.0900, 82823
2018-03-23, 3.0900, 3.1000, 3.0200, 3.0300, 173598
2018-03-26, 3.0300, 3.0300, 2.8700, 2.9200, 432378
2018-03-27, 2.9100, 2.9986, 2.8700, 2.9100, 229877
2018-03-28, 2.8500, 2.9700, 2.8200, 2.9300, 107733
2018-03-29, 2.9400, 2.9400, 2.8950, 2.9100, 124159
2018-04-02, 2.8800, 2.9100, 2.7700, 2.7700, 142573
2018-04-03, 2.7600, 2.9100, 2.7600, 2.8900, 87825
2018-04-04, 2.8600, 2.8700, 2.5500, 2.8200, 464103
2018-04-05, 2.7900, 2.9000, 2.7900, 2.8900, 70448
2018-04-06, 2.8900, 2.9500, 2.8900, 2.9400, 71240
2018-04-09, 2.9500, 2.9500, 2.9000, 2.9000, 93339
2018-04-10, 2.9100, 2.9500, 2.9000, 2.9300, 58110
2018-04-11, 2.9300, 2.9496, 2.8800, 2.9300, 77155
2018-04-12, 2.9100, 2.9199, 2.8500, 2.8500, 85254
2018-04-13, 2.8500, 2.8700, 2.8100, 2.8300, 68539
2018-04-16, 2.8400, 2.8548, 2.8000, 2.8200, 84850
2018-04-17, 2.8200, 2.8500, 2.8100, 2.8300, 212432
2018-04-18, 2.8300, 2.8500, 2.8200, 2.8300, 72530
2018-04-19, 2.8100, 2.8800, 2.8100, 2.8700, 56967
2018-04-20, 2.9000, 2.9100, 2.8499, 2.8600, 73686
2018-04-23, 2.8700, 2.8800, 2.8001, 2.8300, 80625
2018-04-24, 2.8300, 2.8500, 2.8100, 2.8200, 67021
2018-04-25, 2.8100, 2.8379, 2.7700, 2.8000, 56848
2018-04-26, 2.8000, 2.8400, 2.8000, 2.8200, 66357
2018-04-27, 2.8400, 2.8400, 2.8000, 2.8200, 31962
2018-04-30, 2.8200, 2.8400, 2.8000, 2.8300, 72017
2018-05-01, 2.8100, 2.8300, 2.8000, 2.8300, 28480
2018-05-02, 2.8400, 2.8500, 2.7800, 2.7900, 153537
2018-05-03, 2.8100, 2.8299, 2.7975, 2.8200, 120753
2018-05-04, 2.8100, 2.9000, 2.8100, 2.8900, 84772
2018-05-07, 2.8600, 2.9300, 2.8600, 2.9000, 63984
2018-05-08, 2.9200, 2.9394, 2.8500, 2.8500, 67807
2018-05-09, 2.8900, 2.8954, 2.8500, 2.8600, 137736
2018-05-10, 2.8800, 2.8965, 2.8700, 2.8900, 58229
2018-05-11, 2.9000, 3.0611, 2.8899, 3.0400, 191264
2018-05-14, 3.0200, 3.1311, 3.0012, 3.0800, 116097
2018-05-15, 3.0900, 3.1599, 3.0900, 3.1300, 105132
2018-05-16, 3.1300, 3.1500, 3.0700, 3.1000, 78978
2018-05-17, 3.0700, 3.2300, 3.0700, 3.2000, 133891
2018-05-18, 3.2000, 3.2600, 3.2000, 3.2500, 88324
2018-05-21, 3.2500, 3.3200, 3.2300, 3.3000, 151790
2018-05-22, 3.2800, 3.3500, 3.2800, 3.3400, 73613
2018-05-23, 3.3500, 3.4000, 3.3300, 3.4000, 162041
2018-05-24, 3.4000, 3.4300, 3.3600, 3.4000, 109874
2018-05-25, 3.4300, 3.4500, 3.4000, 3.4400, 109134
2018-05-29, 3.2499, 3.5600, 3.2499, 3.4801, 121010
2018-05-30, 3.5100, 3.5100, 3.2900, 3.3400, 185795
2018-05-31, 3.3200, 3.3800, 3.2400, 3.2800, 120521
2018-06-01, 3.2800, 3.3500, 3.2700, 3.3500, 93099
2018-06-04, 3.3700, 3.3900, 3.3380, 3.3600, 131093
2018-06-05, 3.4500, 3.5400, 3.3600, 3.4800, 182311
2018-06-06, 3.5500, 3.5500, 3.3800, 3.3900, 111553
2018-06-07, 3.4900, 3.4900, 3.4100, 3.4200, 63154
2018-06-08, 3.4800, 3.4800, 3.3700, 3.4300, 42610
2018-06-11, 3.4400, 3.4500, 3.4000, 3.4400, 63501
2018-06-12, 3.4900, 3.4900, 3.4200, 3.4500, 68155
2018-06-13, 3.4300, 3.4775, 3.3750, 3.3900, 56405
2018-06-14, 3.3900, 3.4000, 3.2300, 3.3300, 110559
2018-06-15, 3.3000, 3.3900, 3.3000, 3.3800, 74226
2018-06-18, 3.3500, 3.4200, 3.2100, 3.4100, 92552
2018-06-19, 3.3900, 3.4200, 3.3700, 3.4000, 68033
2018-06-20, 3.4000, 3.4300, 3.3801, 3.4000, 142530
2018-06-21, 3.4000, 3.4300, 3.3500, 3.4100, 281928
2018-06-22, 3.4100, 3.4300, 3.4000, 3.4200, 42657
2018-06-25, 3.4100, 3.4190, 3.4000, 3.4000, 68861
2018-06-26, 3.4000, 3.4500, 3.4000, 3.4500, 99318
2018-06-27, 3.4400, 3.4500, 3.4000, 3.4100, 34746
2018-06-28, 3.4100, 3.4200, 3.4000, 3.4100, 31115
2018-06-29, 3.4200, 3.4200, 3.4000, 3.4100, 21608
2018-07-02, 3.4100, 3.4100, 3.3900, 3.4000, 88055
2018-07-03, 3.4000, 3.4800, 3.4000, 3.4700, 82983
2018-07-05, 3.4700, 3.5000, 3.4600, 3.4700, 64137
2018-07-06, 3.4600, 3.5000, 3.4400, 3.4600, 26783
2018-07-09, 3.4400, 3.4500, 3.4000, 3.4000, 64891
2018-07-10, 3.4000, 3.4400, 3.4000, 3.4000, 20338
2018-07-11, 3.4000, 3.4300, 3.4000, 3.4200, 71275
2018-07-12, 3.4100, 3.4100, 3.3976, 3.4000, 36073
2018-07-13, 3.4000, 3.4100, 3.4000, 3.4000, 20524
2018-07-16, 3.4000, 3.4100, 3.4000, 3.4100, 59966
2018-07-17, 3.4000, 3.4100, 3.4000, 3.4000, 19200
2018-07-18, 3.4000, 3.4100, 3.4000, 3.4000, 43474
2018-07-19, 3.4000, 3.4400, 3.4000, 3.4300, 72270
2018-07-20, 3.4100, 3.4300, 3.4000, 3.4000, 30615
2018-07-23, 3.4000, 3.4100, 3.4000, 3.4000, 20200
2018-07-24, 3.4000, 3.4100, 3.4000, 3.4000, 49349
2018-07-25, 3.4000, 3.4100, 3.3800, 3.4000, 72979
2018-07-26, 3.3800, 3.3922, 3.3500, 3.3800, 53435
2018-07-27, 3.3500, 3.3732, 3.3000, 3.3500, 55940
2018-07-30, 3.3100, 3.3600, 3.3100, 3.3500, 48889
2018-07-31, 3.3400, 3.3600, 3.3400, 3.3500, 42393
2018-08-01, 3.3500, 3.3600, 3.3300, 3.3500, 97955
2018-08-02, 3.3500, 3.3600, 3.3500, 3.3500, 25216
2018-08-03, 3.3500, 3.3600, 3.3450, 3.3600, 107975
2018-08-06, 3.3500, 3.3501, 3.3000, 3.3000, 130353
2018-08-07, 3.3100, 3.3100, 3.2500, 3.2600, 169264
2018-08-08, 3.2500, 3.2663, 3.2500, 3.2600, 82697
2018-08-09, 3.2500, 3.2500, 3.1900, 3.1900, 74941
2018-08-10, 3.2000, 3.4900, 3.1700, 3.4700, 336895
2018-08-13, 3.4500, 3.5500, 3.4500, 3.5400, 300566
2018-08-14, 3.5100, 3.6400, 3.4810, 3.6400, 143319
2018-08-15, 3.6200, 3.6300, 3.5400, 3.5400, 121998
2018-08-16, 3.5500, 3.6700, 3.5100, 3.6300, 112961
2018-08-17, 3.6500, 3.6900, 3.6100, 3.6600, 55122
2018-08-20, 3.6600, 3.6900, 3.5900, 3.6500, 96196
2018-08-21, 3.6600, 3.6900, 3.6500, 3.6600, 52459
2018-08-22, 3.6700, 3.6700, 3.6400, 3.6500, 36669
2018-08-23, 3.6500, 3.6700, 3.6300, 3.6500, 29994
2018-08-24, 3.6600, 3.6600, 3.6000, 3.6100, 13920
2018-08-27, 3.6000, 3.6000, 3.5500, 3.5500, 47029
2018-08-28, 3.5500, 3.5701, 3.4500, 3.5400, 125333
2018-08-29, 3.5300, 3.5900, 3.5300, 3.5800, 28124
2018-08-30, 3.5900, 3.6100, 3.5300, 3.6100, 54077
2018-08-31, 3.5900, 3.6080, 3.5400, 3.5900, 34005
2018-09-04, 3.5000, 3.5500, 3.4900, 3.5400, 88534
2018-09-05, 3.5300, 3.6200, 3.5300, 3.6200, 40981
2018-09-06, 3.6000, 3.6000, 3.5400, 3.5400, 33268
2018-09-07, 3.5400, 3.6500, 3.5400, 3.5700, 87740
2018-09-10, 3.5300, 3.6000, 3.5300, 3.5900, 43437
2018-09-11, 3.5700, 3.5900, 3.5100, 3.5500, 90226
2018-09-12, 3.5400, 3.6600, 3.5400, 3.6501, 161754
2018-09-13, 3.6500, 3.6700, 3.6200, 3.6400, 41773
2018-09-14, 3.6100, 3.6362, 3.5800, 3.6200, 37558
2018-09-17, 3.6300, 3.6300, 3.5800, 3.5900, 17891
2018-09-18, 3.5800, 3.5900, 3.5500, 3.5900, 42344
2018-09-19, 3.5600, 3.6228, 3.5600, 3.6000, 131080
2018-09-20, 3.6100, 3.6400, 3.5900, 3.6300, 71395
2018-09-21, 3.6400, 3.6700, 3.6200, 3.6700, 93418
2018-09-24, 3.6700, 3.6800, 3.6300, 3.6700, 24891
2018-09-25, 3.6500, 3.6800, 3.6400, 3.6600, 46021
2018-09-26, 3.6700, 3.7000, 3.5803, 3.6700, 86162
2018-09-27, 3.6300, 3.7200, 3.6200, 3.7100, 64178
2018-09-28, 3.6900, 3.7700, 3.6401, 3.7500, 97719
2018-10-01, 3.7400, 3.7700, 3.7100, 3.7400, 138211
2018-10-02, 3.7250, 3.7900, 3.7101, 3.7400, 48477
2018-10-03, 3.7900, 3.7900, 3.7100, 3.7500, 50553
2018-10-04, 3.7000, 3.7200, 3.6000, 3.6000, 40065
2018-10-05, 3.5700, 3.6401, 3.5700, 3.6300, 29920
2018-10-08, 3.6300, 3.6300, 3.5900, 3.5900, 18715
2018-10-09, 3.5700, 3.6100, 3.5600, 3.5600, 16298
2018-10-10, 3.5400, 3.5823, 3.5200, 3.5200, 38902
2018-10-11, 3.5200, 3.5500, 3.4700, 3.4700, 80196
2018-10-12, 3.4700, 3.5100, 3.4700, 3.4900, 47710
2018-10-15, 3.5600, 3.5604, 3.4600, 3.5500, 32233
2018-10-16, 3.5500, 3.6100, 3.5215, 3.6100, 60868
2018-10-17, 3.4700, 3.6200, 3.4700, 3.6000, 70361
2018-10-18, 3.6000, 3.6295, 3.6000, 3.6000, 28416
2018-10-19, 3.6000, 3.6300, 3.5800, 3.6100, 72158
2018-10-22, 3.6300, 3.6300, 3.6000, 3.6000, 35981
2018-10-23, 3.6000, 3.6000, 3.5210, 3.5600, 18233
2018-10-24, 3.5300, 3.5800, 3.5018, 3.5400, 57344
2018-10-25, 3.5400, 3.5599, 3.4700, 3.4700, 19977
2018-10-26, 3.4999, 3.5300, 3.4600, 3.5300, 48652
2018-10-29, 3.5300, 3.5477, 3.4900, 3.5200, 51306
2018-10-30, 3.5010, 3.5200, 3.4400, 3.4400, 40252
2018-10-31, 3.4500, 3.5400, 3.4500, 3.5200, 80754
2018-11-01, 3.5200, 3.5500, 3.4700, 3.4800, 123582
2018-11-02, 3.4974, 3.5200, 3.4500, 3.4500, 47916
2018-11-05, 3.4000, 3.4800, 3.2700, 3.4000, 25288
2018-11-06, 3.4371, 3.4399, 3.4100, 3.4200, 15518
2018-11-07, 3.4201, 3.4550, 3.4200, 3.4500, 34516
2018-11-08, 3.4400, 3.4700, 3.4372, 3.4600, 50004
2018-11-09, 3.4600, 3.4700, 3.4100, 3.4400, 54559
