2017-11-06, 15.5000, 15.7000, 15.4000, 15.5000, 504220
2017-11-07, 15.5300, 15.7100, 15.4800, 15.6450, 232064
2017-11-08, 15.5500, 15.6500, 15.3610, 15.4000, 105489
2017-11-09, 15.1700, 15.6500, 15.1700, 15.5000, 89449
2017-11-10, 15.3500, 15.4240, 15.2000, 15.3100, 600069
2017-11-13, 15.1500, 15.2500, 15.0000, 15.1400, 319467
2017-11-14, 15.1000, 15.1400, 15.0000, 15.1300, 489073
2017-11-15, 15.3300, 15.3300, 15.0200, 15.0500, 690809
2017-11-16, 15.0000, 15.1000, 15.0000, 15.0200, 393264
2017-11-17, 15.0200, 15.3000, 15.0100, 15.3000, 151647
2017-11-20, 15.2500, 15.2816, 15.1600, 15.2000, 135637
2017-11-21, 15.2000, 15.4000, 15.1201, 15.4000, 172619
2017-11-22, 15.4000, 15.4400, 15.3200, 15.3500, 90124
2017-11-24, 15.3000, 15.4080, 15.2000, 15.2800, 51369
2017-11-27, 15.0000, 15.2800, 15.0000, 15.2300, 598344
2017-11-28, 15.2500, 15.3297, 15.2290, 15.2800, 246791
2017-11-29, 15.2500, 15.3999, 15.2500, 15.3300, 511142
2017-11-30, 15.3300, 15.3800, 15.3100, 15.3700, 294039
2017-12-01, 15.3600, 15.4000, 15.2300, 15.3500, 328900
2017-12-04, 15.4000, 15.4500, 15.3100, 15.4500, 223124
2017-12-05, 15.5300, 15.5300, 15.2501, 15.3000, 180398
2017-12-06, 15.3000, 15.3500, 15.2600, 15.3000, 116830
2017-12-07, 15.3000, 15.4000, 15.2600, 15.3500, 152693
2017-12-08, 15.3000, 15.4290, 15.2500, 15.3000, 215139
2017-12-11, 15.2600, 15.3100, 15.2400, 15.2602, 190986
2017-12-12, 15.2300, 15.3200, 15.2000, 15.2300, 176796
2017-12-13, 15.2000, 15.4100, 15.2000, 15.3600, 177356
2017-12-14, 15.4100, 15.5000, 15.3000, 15.3800, 124705
2017-12-15, 15.3500, 15.4299, 15.3300, 15.3500, 98589
2017-12-18, 15.3200, 15.4300, 15.3000, 15.3800, 203560
2017-12-19, 15.4100, 15.4334, 15.3300, 15.4200, 136098
2017-12-20, 15.4150, 15.4700, 15.3533, 15.4500, 94082
2017-12-21, 15.4800, 15.5539, 15.4000, 15.4800, 112701
2017-12-22, 15.5800, 15.6300, 15.5000, 15.5500, 81131
2017-12-26, 15.4300, 15.5500, 15.4201, 15.5400, 81108
2017-12-27, 15.5900, 15.6100, 15.5000, 15.5168, 129618
2017-12-28, 15.5100, 15.5980, 15.2900, 15.5189, 287970
2017-12-29, 15.5500, 15.6000, 15.2000, 15.5000, 342818
2018-01-02, 15.2900, 15.5600, 15.2900, 15.5495, 89099
2018-01-03, 15.3800, 15.6200, 15.3700, 15.4000, 150147
2018-01-04, 15.4700, 15.5900, 15.4300, 15.5900, 200542
2018-01-05, 15.5000, 15.5900, 15.3500, 15.5200, 154583
2018-01-08, 15.5900, 15.6500, 15.4800, 15.4800, 369224
2018-01-09, 15.5000, 15.7000, 15.5000, 15.7000, 158388
2018-01-10, 15.7000, 15.7000, 15.5500, 15.6300, 65253
2018-01-11, 15.6000, 15.7100, 15.5500, 15.6800, 80311
2018-01-12, 15.7200, 15.7500, 15.5500, 15.5700, 148796
2018-01-16, 15.4600, 15.6500, 15.4600, 15.6300, 110342
2018-01-17, 15.6400, 15.6400, 15.5400, 15.5500, 246319
2018-01-18, 15.6500, 15.7000, 15.5000, 15.7000, 172559
2018-01-19, 15.7000, 15.7000, 15.5100, 15.5800, 265655
2018-01-22, 15.5000, 15.7500, 15.5000, 15.6400, 170439
2018-01-23, 15.6000, 15.6499, 15.5600, 15.6100, 120768
2018-01-24, 15.5800, 15.6700, 15.4500, 15.5600, 269552
2018-01-25, 15.5200, 15.6300, 15.5000, 15.6300, 138241
2018-01-26, 15.5300, 15.6299, 15.5000, 15.6200, 184609
2018-01-29, 15.6000, 15.7500, 15.6000, 15.6855, 108082
2018-01-30, 15.7300, 15.7300, 15.5900, 15.6500, 244716
2018-01-31, 15.7100, 15.7600, 15.5600, 15.7600, 151204
2018-02-01, 15.7400, 15.7600, 15.6700, 15.7600, 90663
2018-02-02, 15.7500, 15.7500, 15.5270, 15.6000, 68231
2018-02-05, 15.5400, 15.5800, 15.3500, 15.5200, 162107
2018-02-06, 15.5000, 15.6000, 15.3100, 15.6000, 158118
2018-02-07, 15.6000, 15.6000, 15.4700, 15.5400, 248684
2018-02-08, 15.5900, 15.5900, 15.3500, 15.4500, 165432
2018-02-09, 15.4000, 15.5300, 15.3000, 15.3500, 200909
2018-02-12, 15.3200, 15.4492, 15.2500, 15.3600, 125562
2018-02-13, 15.2600, 15.5300, 15.2600, 15.3000, 126659
2018-02-14, 15.3300, 15.6000, 15.3000, 15.4800, 103929
2018-02-15, 15.4500, 15.5200, 15.3700, 15.4000, 127315
2018-02-16, 15.4000, 15.5000, 15.4000, 15.4500, 110472
2018-02-20, 15.4800, 15.5600, 15.3707, 15.5100, 165615
2018-02-21, 15.6000, 16.6000, 15.5900, 16.2300, 1894506
2018-02-22, 16.3300, 16.4200, 16.1000, 16.1800, 725036
2018-02-23, 16.1400, 16.2958, 16.0000, 16.2400, 304536
2018-02-26, 16.2500, 16.2500, 16.1000, 16.2100, 353856
2018-02-27, 16.2000, 16.2200, 16.0000, 16.1100, 253471
2018-02-28, 16.1500, 16.1500, 15.8300, 16.0300, 447215
2018-03-01, 16.0000, 16.1400, 15.9500, 16.0400, 234686
2018-03-02, 16.0100, 16.0650, 15.8300, 15.8500, 359097
2018-03-05, 15.9200, 16.2000, 15.8500, 15.9500, 216412
2018-03-06, 15.9000, 16.0600, 15.8800, 15.9000, 352845
2018-03-07, 15.9100, 16.1400, 15.8500, 15.8700, 130572
2018-03-08, 15.9300, 16.1624, 15.9100, 16.1000, 126927
2018-03-09, 16.0700, 16.0978, 15.9201, 16.0600, 136044
2018-03-12, 16.0100, 16.0418, 15.9094, 15.9600, 76689
2018-03-13, 16.0000, 16.0500, 15.9500, 16.0300, 87344
2018-03-14, 16.1100, 16.1100, 15.9300, 15.9600, 108530
2018-03-15, 15.9500, 16.0700, 15.9300, 16.0300, 189030
2018-03-16, 16.1000, 16.1201, 15.9801, 16.1000, 221725
2018-03-19, 16.0900, 16.1350, 16.0200, 16.0800, 176305
2018-03-20, 16.0800, 16.1500, 16.0000, 16.0900, 236811
2018-03-21, 16.0000, 16.0700, 16.0000, 16.0600, 131000
2018-03-22, 16.0000, 16.0700, 16.0000, 16.0600, 124955
2018-03-23, 16.0500, 16.0600, 15.9901, 16.0200, 143353
2018-03-26, 16.0000, 16.0500, 15.9500, 16.0100, 174972
2018-03-27, 16.0200, 16.0800, 16.0000, 16.0800, 130746
2018-03-28, 16.1500, 16.1600, 15.9200, 16.0000, 254322
2018-03-29, 16.0000, 16.1000, 15.8899, 15.9900, 251286
2018-04-02, 16.1500, 16.1500, 15.9300, 16.0000, 205410
2018-04-03, 16.0500, 16.1216, 16.0000, 16.1200, 166558
2018-04-04, 16.0500, 16.1500, 16.0300, 16.0900, 95156
2018-04-05, 16.1300, 16.1300, 15.9400, 16.0000, 248466
2018-04-06, 16.0600, 16.0700, 15.9701, 16.0200, 94649
2018-04-09, 16.1300, 16.3500, 16.0000, 16.0300, 158988
2018-04-10, 16.0300, 16.1000, 16.0300, 16.0700, 50077
2018-04-11, 16.0500, 16.0500, 15.9700, 16.0300, 133139
2018-04-12, 16.0100, 16.0700, 15.9700, 16.0200, 114323
2018-04-13, 16.0400, 16.0500, 15.9900, 16.0500, 87819
2018-04-16, 16.0500, 16.2400, 15.9400, 16.1200, 244072
2018-04-17, 16.1000, 16.1300, 15.9700, 16.0000, 149101
2018-04-18, 15.9800, 16.0600, 15.9800, 16.0400, 128665
2018-04-19, 16.0000, 16.0495, 15.9800, 16.0100, 94750
2018-04-20, 15.9500, 15.9900, 15.9000, 15.9600, 133671
2018-04-23, 15.9400, 16.0200, 15.9400, 16.0200, 138408
2018-04-24, 16.0200, 16.0700, 15.9700, 16.0500, 308807
2018-04-25, 16.0000, 16.0500, 15.8100, 15.9700, 232833
2018-04-26, 15.9200, 16.0600, 15.8800, 16.0200, 126418
2018-04-27, 16.0100, 16.0250, 15.8700, 15.9700, 296459
2018-04-30, 16.0000, 16.0800, 15.8681, 15.9400, 218902
2018-05-01, 15.9500, 16.0400, 15.8617, 16.0000, 118842
2018-05-02, 16.0400, 16.0400, 15.9200, 15.9900, 157105
2018-05-03, 16.0200, 16.0200, 15.9600, 16.0200, 130999
2018-05-04, 16.0000, 16.0000, 15.9200, 15.9800, 251054
2018-05-07, 15.9500, 16.0000, 15.9400, 15.9600, 107159
2018-05-08, 16.0000, 16.0100, 15.9500, 15.9800, 198353
2018-05-09, 15.9600, 16.0200, 15.9600, 16.0100, 178889
2018-05-10, 16.0300, 16.0300, 15.9500, 16.0000, 156747
2018-05-11, 15.9900, 16.0000, 15.9700, 16.0000, 101522
2018-05-14, 16.0200, 16.0300, 15.9800, 16.0000, 113682
2018-05-15, 15.9400, 16.0000, 15.9400, 15.9900, 86359
2018-05-16, 16.0000, 16.0200, 15.9500, 16.0000, 141346
2018-05-17, 16.0800, 16.0800, 15.9200, 15.9900, 82291
2018-05-18, 15.9700, 16.0000, 15.9300, 15.9500, 89492
2018-05-21, 15.9500, 15.9795, 15.9000, 15.9500, 79635
2018-05-22, 15.8964, 15.9500, 15.8800, 15.9000, 112412
2018-05-23, 15.8200, 15.9500, 15.8001, 15.9000, 114950
2018-05-24, 15.8800, 15.9050, 15.8500, 15.8800, 73740
2018-05-25, 15.9300, 15.9300, 15.8600, 15.9000, 95622
2018-05-29, 15.9500, 15.9700, 15.8686, 15.9300, 82604
2018-05-30, 15.9816, 15.9816, 15.8500, 15.8700, 192614
2018-05-31, 16.0000, 16.0000, 15.8400, 15.8800, 83793
2018-06-01, 15.8900, 15.8900, 15.8200, 15.8400, 70759
2018-06-04, 15.8500, 15.8600, 15.7999, 15.8400, 90988
2018-06-05, 15.8500, 15.8644, 15.7400, 15.8200, 87340
2018-06-06, 15.8900, 15.8900, 15.7100, 15.8400, 184093
2018-06-07, 15.8500, 15.8500, 15.7200, 15.7700, 147559
2018-06-08, 15.8000, 15.8000, 15.6800, 15.7300, 193248
2018-06-11, 15.7200, 15.7500, 15.7000, 15.7500, 56955
2018-06-12, 15.7800, 15.8200, 15.7200, 15.7400, 88186
2018-06-13, 15.7100, 15.7500, 15.7000, 15.7400, 75495
2018-06-14, 15.7100, 15.7800, 15.6200, 15.6400, 223453
2018-06-15, 15.6400, 15.7200, 15.6200, 15.7200, 88427
2018-06-18, 15.7200, 15.7200, 15.6500, 15.7100, 133784
2018-06-19, 15.6300, 15.7100, 15.6300, 15.6800, 116361
2018-06-20, 15.7000, 15.7500, 15.6800, 15.7300, 67806
2018-06-21, 15.6400, 15.7300, 15.6400, 15.7300, 89535
2018-06-22, 15.7100, 15.7500, 15.6700, 15.6800, 87597
2018-06-25, 15.6200, 15.6819, 15.6200, 15.6700, 116555
2018-06-26, 15.6900, 15.6900, 15.6600, 15.6600, 82804
2018-06-27, 15.7300, 15.7300, 15.5900, 15.6000, 151800
2018-06-28, 15.6220, 15.6220, 15.5000, 15.5800, 82205
2018-06-29, 15.6200, 15.6300, 15.5300, 15.6200, 179785
2018-07-02, 15.6200, 15.6235, 15.5498, 15.5900, 113588
2018-07-03, 15.5800, 15.6390, 15.4500, 15.5100, 97602
2018-07-05, 15.4400, 15.4800, 15.3900, 15.4700, 130146
2018-07-06, 15.4400, 15.5600, 15.4400, 15.5600, 41048
2018-07-09, 15.5400, 15.7490, 15.5400, 15.7400, 91347
2018-07-10, 15.7500, 15.9500, 15.7400, 15.9200, 166118
2018-07-11, 15.8500, 15.9600, 15.8500, 15.9400, 120550
2018-07-12, 15.9000, 16.0000, 15.9000, 15.9700, 122339
2018-07-13, 15.9500, 16.0000, 15.9100, 15.9500, 137241
2018-07-16, 15.9900, 16.0700, 15.9378, 15.9900, 267706
2018-07-17, 16.0000, 16.0390, 15.8400, 15.8800, 84241
2018-07-18, 15.9000, 15.9000, 15.8200, 15.8900, 142356
2018-07-19, 15.8500, 16.0000, 15.7600, 15.8400, 196045
2018-07-20, 15.6100, 15.8800, 15.6100, 15.8600, 161295
2018-07-23, 15.7800, 16.0000, 15.7501, 15.9100, 73558
2018-07-24, 15.9500, 16.0000, 15.9101, 16.0000, 76511
2018-07-25, 15.9500, 15.9747, 15.8000, 15.9100, 146997
2018-07-26, 15.9100, 15.9100, 15.6800, 15.7700, 118010
2018-07-27, 15.7100, 15.9000, 15.7000, 15.9000, 91734
2018-07-30, 15.8100, 15.8543, 15.7268, 15.8400, 74197
2018-07-31, 15.7700, 15.9500, 15.7700, 15.9500, 99533
2018-08-01, 15.8200, 15.9000, 15.8200, 15.8900, 79367
2018-08-02, 15.8500, 15.9205, 15.7200, 15.8500, 83858
2018-08-03, 15.8000, 15.8422, 15.6200, 15.7300, 52286
2018-08-06, 15.8100, 16.0000, 15.6600, 15.8700, 155364
2018-08-07, 15.8300, 15.8899, 15.7800, 15.8100, 84632
2018-08-08, 15.8000, 15.8400, 15.7500, 15.8400, 51352
2018-08-09, 15.8900, 15.8900, 15.7600, 15.7800, 45886
2018-08-10, 15.6700, 15.7500, 15.6600, 15.7000, 64919
2018-08-13, 15.7700, 15.7900, 15.6700, 15.7400, 47883
2018-08-14, 15.6800, 15.7600, 15.6600, 15.7600, 77135
2018-08-15, 15.7000, 15.7302, 15.6600, 15.7300, 76783
2018-08-16, 15.7300, 15.9900, 15.4700, 15.9900, 101667
2018-08-17, 15.9800, 15.9800, 15.6100, 15.7500, 74151
2018-08-20, 15.7200, 15.7650, 15.5806, 15.6900, 85149
2018-08-21, 15.6400, 15.7018, 15.4800, 15.6300, 230989
2018-08-22, 15.5400, 15.7300, 15.5400, 15.7300, 73128
2018-08-23, 15.6862, 15.7900, 15.6200, 15.7300, 77654
2018-08-24, 15.7000, 15.8000, 15.6700, 15.7100, 114426
2018-08-27, 15.6600, 15.7900, 15.6000, 15.7900, 141208
2018-08-28, 15.7800, 15.7839, 15.6100, 15.7300, 90798
2018-08-29, 15.7500, 15.7799, 15.6400, 15.6800, 71356
2018-08-30, 15.6000, 15.7000, 15.4700, 15.7000, 201581
2018-08-31, 15.7000, 15.9000, 15.6800, 15.8200, 100474
2018-09-04, 15.7400, 15.8500, 15.6200, 15.7300, 69987
2018-09-05, 15.6500, 15.7300, 15.5900, 15.7300, 98879
2018-09-06, 15.7200, 15.7400, 15.5700, 15.7200, 69413
2018-09-07, 15.6700, 15.7300, 15.6700, 15.7100, 75905
2018-09-10, 15.6700, 15.7300, 15.6300, 15.7300, 81080
2018-09-11, 15.6600, 15.7200, 15.5801, 15.7200, 73406
2018-09-12, 15.7000, 15.7842, 15.6934, 15.7500, 66475
2018-09-13, 15.6900, 15.9112, 15.6809, 15.8100, 168662
2018-09-14, 15.7800, 15.8300, 15.6900, 15.7700, 56209
2018-09-17, 15.6800, 15.7012, 15.5500, 15.5700, 155802
2018-09-18, 15.5900, 15.6800, 15.5000, 15.5500, 132957
2018-09-19, 15.5000, 15.5500, 15.4700, 15.5200, 69387
2018-09-20, 15.4400, 15.5200, 15.4300, 15.4600, 47667
2018-09-21, 15.4600, 15.4770, 15.3600, 15.4600, 67523
2018-09-24, 15.4300, 15.4700, 15.3500, 15.4200, 136953
2018-09-25, 15.4300, 15.4700, 15.3200, 15.4200, 57583
2018-09-26, 15.5000, 15.5196, 15.4300, 15.4800, 59776
2018-09-27, 15.5200, 15.5200, 15.3600, 15.4400, 37303
2018-09-28, 15.5400, 15.5900, 15.3000, 15.4200, 139739
2018-10-01, 15.4100, 15.5000, 15.4100, 15.5000, 30310
2018-10-02, 15.4300, 15.4400, 15.3700, 15.3700, 54472
2018-10-03, 15.3500, 15.6200, 15.3500, 15.4900, 67632
2018-10-04, 15.5500, 15.5500, 15.3200, 15.4500, 51439
2018-10-05, 15.3400, 15.5400, 15.3400, 15.4200, 55840
2018-10-08, 15.4200, 15.5400, 15.4000, 15.4500, 68827
2018-10-09, 15.4210, 15.4900, 15.3400, 15.4900, 38375
2018-10-10, 15.4100, 15.4300, 15.3200, 15.3700, 62526
2018-10-11, 15.3700, 15.4100, 15.1501, 15.3900, 117312
2018-10-12, 15.4600, 15.5900, 15.3500, 15.4500, 60043
2018-10-15, 15.4700, 15.4800, 15.2500, 15.4100, 64045
2018-10-16, 15.3600, 15.5400, 15.3600, 15.5400, 153674
2018-10-17, 15.6300, 15.6300, 15.3600, 15.4600, 63138
2018-10-18, 15.4300, 15.4400, 15.3100, 15.3900, 64299
2018-10-19, 15.4200, 15.5190, 15.3300, 15.3600, 58834
2018-10-22, 15.3500, 15.4400, 15.3000, 15.4200, 107950
2018-10-23, 15.2600, 15.4749, 15.2000, 15.3200, 111759
2018-10-24, 15.3200, 15.4400, 15.2000, 15.3700, 70462
2018-10-25, 15.3400, 15.3900, 15.2000, 15.3900, 108494
2018-10-26, 15.3900, 15.5000, 15.2500, 15.3100, 89359
2018-10-29, 15.3100, 15.3837, 15.1800, 15.2300, 63848
2018-10-30, 15.1800, 15.3000, 15.0600, 15.2800, 96702
2018-10-31, 15.3500, 15.4600, 15.1600, 15.4000, 102174
2018-11-01, 15.4700, 15.4700, 15.3100, 15.3900, 43142
2018-11-02, 15.3400, 15.4100, 15.1700, 15.3700, 59914
2018-11-05, 15.2800, 15.4000, 15.2700, 15.4000, 59924
2018-11-06, 15.3500, 15.3800, 15.3401, 15.3800, 39645
2018-11-07, 15.3500, 15.4100, 15.2436, 15.4100, 81764
2018-11-08, 15.3100, 15.4100, 15.2800, 15.4000, 94617
2018-11-09, 15.3200, 15.4160, 15.2900, 15.3500, 46109
