2017-04-13, 24.9900, 25.0000, 24.8500, 24.8500, 17999
2017-04-17, 24.8100, 24.8800, 24.8100, 24.8800, 10915
2017-04-18, 24.9200, 24.9200, 24.8700, 24.9165, 6060
2017-04-19, 25.0000, 25.0000, 24.7700, 24.7800, 13654
2017-04-20, 24.8900, 24.9958, 24.8900, 24.9600, 1955
2017-04-21, 24.9699, 24.9700, 24.8600, 24.9190, 5050
2017-04-24, 25.0400, 25.1900, 25.0400, 25.1800, 12476
2017-04-25, 25.2200, 25.4100, 25.2200, 25.3800, 1100
2017-04-26, 25.3700, 25.4200, 25.3670, 25.3800, 2603
2017-04-27, 25.4400, 25.4600, 25.3800, 25.4197, 4100
2017-04-28, 25.4433, 25.4433, 25.3700, 25.3729, 2000
2017-05-01, 25.4700, 25.5000, 25.4550, 25.5000, 3000
2017-05-02, 25.4440, 25.4900, 25.4440, 25.4699, 2410
2017-05-03, 25.4033, 25.4152, 25.3101, 25.3500, 6361
2017-05-04, 25.2746, 25.2900, 25.2746, 25.2900, 8800
2017-05-05, 25.4400, 25.5265, 25.4400, 25.5265, 5005
2017-05-08, 25.4670, 25.5004, 25.4670, 25.5004, 488
2017-05-09, 25.5600, 25.5700, 25.5200, 25.5500, 6063
2017-05-10, 25.5200, 25.5700, 25.4800, 25.5200, 9600
2017-05-11, 25.3400, 25.5350, 25.3000, 25.5350, 12101
2017-05-12, 25.4000, 25.5500, 25.4000, 25.4800, 18332
2017-05-15, 25.4790, 25.6000, 25.4790, 25.5046, 2341
2017-05-16, 25.4607, 25.5200, 25.4399, 25.4400, 3401
2017-05-17, 25.3000, 25.3000, 25.1700, 25.1700, 7570
2017-05-18, 24.9900, 25.1499, 24.9900, 25.1499, 430
2017-05-19, 25.1701, 25.3399, 25.1700, 25.3399, 14499
2017-05-22, 25.2300, 25.2301, 25.2300, 25.2301, 2400
2017-05-23, 25.4116, 25.4300, 25.4023, 25.4192, 1000
2017-05-24, 25.4589, 25.4889, 25.4250, 25.4250, 424
2017-05-25, 25.5700, 25.5700, 25.5700, 25.5700, 416
2017-05-26, 25.4750, 25.5400, 25.4750, 25.4899, 578
2017-05-30, 25.5700, 25.5700, 25.5699, 25.5699, 497
2017-05-31, 25.4900, 25.4900, 25.4400, 25.4792, 904
2017-06-01, 25.6500, 25.7600, 25.5900, 25.7600, 1571
2017-06-02, 25.8400, 25.8643, 25.8400, 25.8600, 1225
2017-06-05, 25.7700, 25.8300, 25.7700, 25.8141, 903
2017-06-06, 25.7400, 25.8000, 25.7312, 25.7999, 1443
2017-06-07, 25.6531, 25.7600, 25.6531, 25.7400, 1250
2017-06-08, 25.6727, 25.7290, 25.6727, 25.7290, 802
2017-06-09, 26.0900, 26.0900, 25.7100, 25.7100, 2000
2017-06-12, 25.6384, 25.6999, 25.6203, 25.6300, 675
2017-06-13, 25.6950, 25.8090, 25.6950, 25.8090, 675
2017-06-14, 25.9500, 25.9500, 25.7801, 25.7801, 797
2017-06-15, 25.6200, 25.7100, 25.5952, 25.6900, 765
2017-06-16, 25.6600, 25.7000, 25.6500, 25.6999, 1590
2017-06-19, 25.8600, 25.9100, 25.7500, 25.8800, 1700
2017-06-20, 25.8500, 25.8500, 25.7062, 25.7387, 1105
2017-06-21, 25.7050, 25.7900, 25.6650, 25.7590, 780
2017-06-22, 25.6814, 25.9389, 25.6814, 25.9199, 760
2017-06-23, 25.8400, 25.9700, 25.7200, 25.9100, 1411
2017-06-26, 26.0600, 26.0600, 25.9127, 25.9600, 2908
2017-06-27, 25.9050, 25.9700, 25.7999, 25.8000, 1336
2017-06-28, 25.8600, 26.0200, 25.7955, 25.9900, 919
2017-06-29, 25.7850, 25.7850, 25.6200, 25.6200, 635
2017-06-30, 25.7400, 25.8300, 25.7400, 25.8100, 1790
2017-07-03, 25.8150, 25.8800, 25.8150, 25.8200, 480
2017-07-05, 25.7500, 25.7500, 25.6500, 25.6500, 798
2017-07-06, 25.4174, 25.4700, 25.3599, 25.3600, 1463
2017-07-07, 25.4000, 25.4800, 25.3500, 25.4800, 684
2017-07-10, 25.3640, 25.5500, 25.3640, 25.5500, 471
2017-07-11, 25.5100, 25.5600, 25.5099, 25.5599, 1700
2017-07-12, 25.8600, 25.8600, 25.8100, 25.8500, 1595
2017-07-13, 25.8800, 25.9000, 25.8500, 25.8900, 1172
2017-07-14, 25.9700, 26.0220, 25.9380, 26.0220, 779
2017-07-17, 26.1000, 26.1000, 26.0325, 26.0600, 1344
2017-07-18, 26.0842, 26.2400, 26.0842, 26.2400, 1452
2017-07-19, 26.2867, 26.4300, 26.2867, 26.4300, 1350
2017-07-20, 26.4491, 26.4800, 26.4491, 26.4800, 860
2017-07-21, 26.4100, 26.4400, 26.3900, 26.4400, 810
2017-07-24, 26.4342, 26.5100, 26.4342, 26.5100, 700
2017-07-25, 26.4300, 26.5000, 26.3400, 26.4800, 1969
2017-07-26, 26.4100, 26.4500, 26.4100, 26.4193, 1102
2017-07-27, 26.3700, 26.3700, 26.1562, 26.1562, 510
2017-07-28, 26.2200, 26.2900, 26.2200, 26.2895, 600
2017-07-31, 26.2100, 26.2600, 26.1600, 26.2600, 2219
2017-08-01, 26.2400, 26.2400, 26.1111, 26.2100, 900
2017-08-02, 26.1100, 26.1400, 26.0100, 26.1400, 1827
2017-08-03, 26.2000, 26.2400, 26.0700, 26.2400, 1211
2017-08-04, 26.2000, 26.2500, 26.2000, 26.2500, 914
2017-08-07, 26.2600, 26.2600, 26.2000, 26.2600, 1327
2017-08-08, 26.5500, 26.5500, 26.2462, 26.2462, 1200
2017-08-09, 25.9700, 25.9900, 25.9700, 25.9899, 1428
2017-08-10, 25.8600, 25.8600, 25.7372, 25.7372, 1442
2017-08-11, 25.6600, 25.7200, 25.6600, 25.7100, 1125
2017-08-14, 25.8400, 25.9000, 25.8400, 25.9000, 650
2017-08-15, 25.8790, 25.8790, 25.8099, 25.8320, 759
2017-08-16, 25.9300, 25.9800, 25.9296, 25.9299, 807
2017-08-17, 25.9100, 25.9100, 25.7000, 25.7000, 607
2017-08-18, 25.4800, 25.5600, 25.4400, 25.5300, 1511
2017-08-21, 25.5400, 25.5657, 25.4900, 25.5657, 701
2017-08-22, 25.6800, 25.7200, 25.6200, 25.7200, 554
2017-08-23, 25.6890, 25.7300, 25.6700, 25.7200, 875
2017-08-24, 25.7600, 25.7600, 25.6500, 25.6890, 1126
2017-08-25, 25.7700, 25.7700, 25.6700, 25.7193, 802
2017-08-28, 25.7400, 25.7400, 25.6550, 25.6550, 1079
2017-08-29, 25.7600, 25.7600, 25.7600, 25.7600, 456
2017-08-30, 25.7510, 25.8700, 25.7510, 25.8700, 306
2017-08-31, 26.0000, 26.1090, 25.9700, 26.1090, 1280
2017-09-01, 26.1590, 26.1900, 26.1590, 26.1700, 301
2017-09-05, 26.1300, 26.1300, 26.1299, 26.1299, 266
2017-09-06, 26.0400, 26.1200, 26.0000, 26.1200, 823
2017-09-07, 26.1300, 26.1400, 26.0600, 26.0600, 803
2017-09-08, 26.1300, 26.1500, 26.0999, 26.0999, 884
2017-09-11, 26.4900, 26.4900, 26.4000, 26.4000, 978
2017-09-12, 26.4100, 26.4100, 26.3700, 26.4000, 1010
2017-09-13, 26.3711, 26.4100, 26.3700, 26.4100, 770
2017-09-14, 26.3200, 26.3800, 26.3200, 26.3800, 500
2017-09-15, 26.4550, 26.5100, 26.4310, 26.5100, 682
2017-09-18, 26.5824, 26.6200, 26.5100, 26.5100, 945
2017-09-19, 26.4792, 26.4792, 26.4000, 26.4300, 540
2017-09-20, 26.4700, 26.5100, 26.4400, 26.5100, 500
2017-09-21, 26.2900, 26.4400, 26.2900, 26.4100, 1213
2017-09-22, 26.3410, 26.3700, 26.3000, 26.3000, 2191
2017-09-25, 26.2495, 26.2495, 26.1200, 26.1600, 936
2017-09-26, 26.2000, 26.2400, 26.2000, 26.2400, 1405
2017-09-27, 26.0495, 26.0495, 25.9900, 26.0365, 917
2017-09-28, 26.0300, 26.1200, 26.0300, 26.0999, 522
2017-09-29, 26.1700, 26.2099, 26.1700, 26.2099, 278
2017-10-02, 26.2900, 26.3200, 26.2400, 26.3200, 1217
2017-10-03, 26.3060, 26.3600, 26.3060, 26.3600, 788
2017-10-04, 26.3700, 26.3700, 26.2800, 26.3600, 863
2017-10-05, 26.4000, 26.4300, 26.4000, 26.4300, 680
2017-10-06, 26.3300, 26.3300, 26.2830, 26.2830, 821
2017-10-09, 26.5600, 26.5600, 26.1700, 26.1700, 969
2017-10-10, 26.1650, 26.1650, 26.1200, 26.1200, 373
2017-10-11, 26.1458, 26.1458, 26.0800, 26.1300, 925
2017-10-12, 26.0945, 26.0945, 26.0945, 26.0945, 375
2017-10-13, 26.1730, 26.2300, 26.1730, 26.2300, 474
2017-10-16, 26.3700, 26.3700, 26.1500, 26.1500, 1250
2017-10-17, 26.2399, 26.2400, 26.2399, 26.2400, 340
2017-10-18, 26.3100, 26.3600, 26.3100, 26.3600, 717
2017-10-19, 26.3100, 26.3600, 26.2710, 26.3500, 1583
2017-10-20, 26.7600, 26.7600, 26.7600, 26.7600, 331
2017-10-23, 26.5400, 26.5400, 26.4500, 26.4500, 973
2017-10-24, 26.3899, 26.3899, 26.3352, 26.3352, 475
2017-10-25, 26.2800, 26.2800, 26.2195, 26.2195, 414
2017-10-26, 26.2250, 26.2677, 26.2250, 26.2677, 512
2017-10-27, 26.1699, 26.2900, 26.1453, 26.2900, 847
2017-10-30, 26.2954, 26.2954, 26.1720, 26.1720, 1617
2017-10-31, 26.3800, 26.4000, 26.2800, 26.4000, 1763
2017-11-01, 26.2700, 26.2700, 26.2699, 26.2699, 600
2017-11-02, 26.3423, 26.3423, 26.2450, 26.2800, 628
2017-11-03, 26.2651, 26.3000, 26.2651, 26.3000, 1248
2017-11-06, 26.3600, 26.3600, 26.3000, 26.3000, 476
2017-11-07, 26.5100, 26.5100, 26.1100, 26.2200, 724
2017-11-08, 26.0900, 26.1700, 26.0900, 26.1700, 1792
2017-11-09, 26.0100, 26.0800, 26.0100, 26.0300, 1031
2017-11-10, 26.1000, 26.1000, 26.0410, 26.0700, 714
2017-11-13, 26.0199, 26.1092, 26.0199, 26.1000, 1762
2017-11-14, 26.1000, 26.1000, 26.0300, 26.0900, 1299
2017-11-15, 25.9800, 25.9900, 25.9500, 25.9900, 1160
2017-11-16, 26.0899, 26.2100, 26.0899, 26.2100, 995
2017-11-17, 26.2000, 26.2200, 26.1400, 26.1400, 713
2017-11-20, 26.1590, 26.1590, 26.0700, 26.1192, 700
2017-11-21, 26.3200, 26.4000, 26.3200, 26.3950, 1720
2017-11-22, 26.5200, 26.5500, 26.4900, 26.5500, 1012
2017-11-24, 26.6090, 26.6090, 26.6090, 26.6090, 100
2017-11-27, 26.5700, 26.5700, 26.5700, 26.5700, 215
2017-11-28, 26.5390, 26.6500, 26.5100, 26.6500, 700
2017-11-29, 26.6510, 26.6700, 26.6300, 26.6700, 778
2017-11-30, 26.7700, 26.8399, 26.7500, 26.8399, 1420
2017-12-01, 26.7500, 26.7500, 26.6200, 26.7092, 1200
2017-12-04, 26.9700, 26.9700, 26.6600, 26.7000, 701
2017-12-05, 26.5399, 26.5600, 26.4900, 26.5600, 733
2017-12-06, 26.4690, 26.4800, 26.4400, 26.4500, 721
2017-12-07, 26.5100, 26.6300, 26.4500, 26.5950, 699
2017-12-08, 26.7150, 26.7300, 26.7100, 26.7300, 490
2017-12-11, 26.7900, 26.8000, 26.7500, 26.7890, 805
2017-12-12, 26.8900, 26.9500, 26.8867, 26.8867, 822
2017-12-13, 27.0600, 27.0600, 26.9400, 27.0300, 994
2017-12-14, 26.9200, 27.0100, 26.9200, 26.9200, 927
2017-12-15, 27.0700, 27.1600, 27.0600, 27.1600, 1133
2017-12-18, 27.4600, 27.4600, 27.3500, 27.3700, 1515
2017-12-19, 27.3400, 27.3400, 27.2400, 27.2400, 1604
2017-12-20, 27.1600, 27.2000, 27.1442, 27.1500, 1140
2017-12-21, 27.2400, 27.4500, 27.2200, 27.2300, 2812
2017-12-22, 27.1800, 27.2000, 27.1500, 27.1799, 868
2017-12-26, 27.1599, 27.1700, 27.1100, 27.1300, 705
2017-12-27, 27.1800, 27.1800, 27.1000, 27.1200, 603
2017-12-28, 27.1600, 27.1600, 27.0800, 27.1390, 661
2017-12-29, 27.2100, 27.2100, 27.1200, 27.1350, 1010
2018-01-02, 27.2000, 27.3989, 27.2000, 27.3989, 1161
2018-01-03, 27.4600, 27.4600, 27.4100, 27.4399, 1094
2018-01-04, 27.5100, 27.5100, 27.4400, 27.4900, 1298
2018-01-05, 27.4799, 27.5100, 27.4611, 27.5100, 1098
2018-01-08, 27.5244, 27.6400, 27.4701, 27.6400, 889
2018-01-09, 27.6500, 27.6500, 27.5900, 27.6500, 687
2018-01-10, 27.4399, 27.5099, 27.4101, 27.4551, 1051
2018-01-11, 27.6350, 27.8100, 27.6350, 27.7700, 3376
2018-01-12, 27.8499, 27.8600, 27.7700, 27.8400, 3101
2018-01-16, 28.2400, 28.2400, 27.7700, 27.7700, 999
2018-01-17, 27.7501, 27.9200, 27.7501, 27.9200, 840
2018-01-18, 28.1600, 28.1600, 27.8100, 27.8800, 1337
2018-01-19, 27.8500, 27.9400, 27.8200, 27.9300, 1106
2018-01-22, 28.0690, 28.0700, 28.0490, 28.0700, 1545
2018-01-23, 28.1337, 28.2700, 28.1337, 28.2500, 913
2018-01-24, 28.3300, 28.3600, 28.2000, 28.2500, 1196
2018-01-25, 28.3400, 28.3400, 28.2374, 28.3300, 725
2018-01-26, 28.3500, 28.5399, 28.3100, 28.5399, 694
2018-01-29, 28.5200, 28.5200, 28.3200, 28.3800, 1277
2018-01-30, 28.1800, 28.2300, 28.0900, 28.1900, 549
2018-01-31, 28.2900, 28.2900, 28.1000, 28.1000, 530
2018-02-01, 28.0800, 28.1501, 28.0800, 28.1100, 654
2018-02-02, 27.8700, 27.8700, 27.4800, 27.6300, 920
2018-02-05, 27.4099, 27.4099, 26.6856, 26.9300, 359
2018-02-06, 26.3900, 26.8301, 26.3900, 26.8301, 1322
2018-02-07, 26.9999, 27.0600, 26.8601, 26.8601, 607
2018-02-08, 26.9600, 26.9600, 26.9600, 26.9600, 175
2018-02-09, 26.5000, 26.5000, 25.5500, 26.3100, 1135
2018-02-12, 26.2900, 26.4400, 26.1700, 26.4400, 841
2018-02-13, 26.4400, 26.5300, 26.4400, 26.5300, 446
2018-02-14, 26.4499, 26.8500, 26.4499, 26.8500, 710
2018-02-15, 27.0700, 27.2299, 26.9900, 27.2299, 500
2018-02-16, 27.3099, 27.5400, 27.3099, 27.3799, 1638
2018-02-20, 27.6500, 27.6500, 27.3400, 27.3700, 945
2018-02-21, 27.4600, 27.5200, 27.4100, 27.5200, 772
2018-02-22, 27.3299, 27.4600, 27.2625, 27.2625, 594
2018-02-23, 27.3500, 27.4199, 27.2701, 27.3700, 3154
2018-02-26, 27.6000, 27.6600, 27.5700, 27.6600, 1044
2018-02-27, 28.0400, 28.0400, 27.4301, 27.4301, 739
2018-02-28, 27.5700, 27.6000, 27.4400, 27.5100, 697
2018-03-01, 27.1700, 27.2201, 26.9400, 26.9400, 1359
2018-03-02, 26.7400, 27.1299, 26.7400, 27.1299, 702
2018-03-05, 27.0600, 27.4200, 27.0600, 27.4200, 634
2018-03-06, 27.4600, 27.5099, 27.4301, 27.5099, 603
2018-03-07, 27.4201, 27.6800, 27.4200, 27.6800, 501
2018-03-08, 27.7999, 27.7999, 27.6100, 27.7399, 541
2018-03-09, 27.9800, 28.0700, 27.9000, 28.0700, 801
2018-03-12, 28.4800, 28.4800, 28.2599, 28.2700, 721
2018-03-13, 28.2900, 28.2900, 27.9901, 28.0699, 708
2018-03-14, 28.1100, 28.1100, 27.8400, 27.8900, 644
2018-03-15, 27.9099, 27.9099, 27.7999, 27.8199, 773
2018-03-16, 27.9000, 27.9000, 27.9000, 27.9000, 365
2018-03-19, 27.6800, 27.6800, 27.4800, 27.4800, 551
2018-03-20, 27.4836, 27.4836, 27.3200, 27.3609, 950
2018-03-21, 27.4100, 27.5300, 27.4100, 27.5000, 772
2018-03-22, 27.2400, 27.2600, 27.1400, 27.2600, 305
2018-03-23, 26.9499, 26.9800, 26.9499, 26.9800, 464
2018-03-26, 26.7300, 26.8600, 26.6200, 26.8600, 685
2018-03-27, 26.8450, 26.9499, 26.4200, 26.4200, 322
2018-03-28, 26.4600, 26.4701, 26.4600, 26.4699, 511
2018-03-29, 26.7200, 26.7799, 26.6401, 26.7799, 500
2018-04-02, 26.7800, 26.7800, 26.1999, 26.1999, 399
2018-04-03, 26.3200, 26.4900, 26.2900, 26.4900, 3001
2018-04-04, 26.3000, 26.7300, 26.3000, 26.7300, 600
2018-04-05, 26.8900, 27.0400, 26.8900, 27.0400, 231
2018-04-06, 26.8600, 26.8600, 26.7901, 26.7901, 360
2018-04-09, 26.7192, 26.8292, 26.7192, 26.8292, 500
2018-04-10, 26.7940, 26.9392, 26.7940, 26.8800, 1001
2018-04-11, 26.8080, 26.8700, 26.7800, 26.8700, 800
2018-04-12, 26.7200, 26.9350, 26.7200, 26.9350, 1204
2018-04-13, 26.9400, 26.9492, 26.8192, 26.8192, 681
2018-04-16, 26.9545, 27.1708, 26.9545, 27.1292, 740
2018-04-17, 27.2600, 27.4600, 27.2342, 27.4000, 3258
2018-04-18, 27.5500, 27.5992, 27.5164, 27.5992, 1272
2018-04-19, 27.4499, 27.4990, 27.2500, 27.3592, 770
2018-04-20, 27.3600, 27.3600, 27.1300, 27.2100, 700
2018-04-23, 27.1499, 27.1499, 26.9608, 27.0008, 1064
2018-04-24, 27.1490, 27.1490, 26.6792, 26.7108, 404
2018-04-25, 26.5600, 26.7800, 26.5600, 26.7800, 201
2018-04-26, 26.8400, 27.0900, 26.8400, 27.0900, 602
2018-04-27, 27.1337, 27.1700, 27.1000, 27.1700, 466
2018-04-30, 27.3000, 27.3000, 27.0600, 27.0600, 660
2018-05-01, 26.9450, 26.9450, 26.9450, 26.9450, 215
2018-05-02, 27.1400, 27.1892, 27.0300, 27.1892, 3684
2018-05-03, 26.7692, 26.9892, 26.7108, 26.9892, 331
2018-05-04, 26.8708, 27.2592, 26.8708, 27.2592, 400
2018-05-07, 27.4200, 27.4200, 27.3708, 27.3708, 513
2018-05-08, 27.4000, 27.4000, 27.2608, 27.2900, 877
2018-05-09, 27.4692, 27.5892, 27.3608, 27.5892, 753
2018-05-10, 27.7293, 27.8993, 27.7293, 27.8500, 711
2018-05-11, 27.9193, 27.9193, 27.7900, 27.8000, 4140
2018-05-14, 28.0700, 28.0700, 27.8700, 27.8700, 2670
2018-05-15, 27.6793, 27.6800, 27.6393, 27.6400, 750
2018-05-16, 27.7993, 27.8500, 27.7993, 27.8500, 850
2018-05-17, 27.8600, 27.9000, 27.7700, 27.8300, 1100
2018-05-18, 27.8400, 27.8400, 27.8200, 27.8200, 644
2018-05-21, 28.0800, 28.0800, 28.0200, 28.0200, 779
2018-05-22, 28.0900, 28.0900, 27.9307, 27.9993, 899
2018-05-23, 27.7793, 27.9093, 27.7007, 27.9093, 500
2018-05-24, 27.8393, 27.9400, 27.7307, 27.9400, 432
2018-05-25, 27.9107, 27.9893, 27.9107, 27.9593, 500
2018-05-29, 27.8973, 27.8973, 27.6227, 27.7273, 501
2018-05-30, 27.9727, 28.1673, 27.9700, 28.1673, 611
2018-05-31, 28.0127, 28.0127, 27.8500, 27.9050, 2114
2018-06-01, 28.0200, 28.1050, 28.0100, 28.1050, 2123
2018-06-04, 28.2173, 28.2373, 28.2173, 28.2373, 201
2018-06-05, 28.3700, 28.3700, 28.2527, 28.2573, 512
2018-06-06, 28.2973, 28.4773, 28.2527, 28.4773, 600
2018-06-07, 28.4327, 28.4327, 28.3473, 28.3473, 573
2018-06-08, 28.3627, 28.4973, 28.3600, 28.4973, 400
2018-06-11, 28.6073, 28.6773, 28.5627, 28.6700, 551
2018-06-12, 28.9600, 28.9600, 28.7427, 28.7700, 400
2018-06-13, 28.8773, 28.8773, 28.7273, 28.7273, 716
2018-06-14, 28.8673, 28.9573, 28.8601, 28.8601, 605
2018-06-15, 28.7627, 28.9073, 28.7627, 28.9073, 501
2018-06-18, 28.8127, 28.9573, 28.8100, 28.9573, 505
2018-06-19, 28.6173, 28.6173, 28.4350, 28.5566, 444
2018-06-20, 28.7373, 28.8100, 28.7373, 28.7704, 302
2018-06-21, 28.7000, 28.7000, 28.5327, 28.5600, 380
2018-06-22, 28.4600, 28.6500, 28.4600, 28.6500, 554
2018-06-25, 28.3600, 28.3600, 28.1700, 28.3362, 4793
2018-06-26, 28.3700, 28.4000, 28.2927, 28.3650, 597
2018-06-27, 28.4873, 28.4873, 28.4873, 28.4873, 165
2018-06-28, 27.8873, 28.0573, 27.8873, 28.0573, 326
2018-06-29, 28.2273, 28.2273, 28.1950, 28.2000, 1980
2018-07-02, 28.2000, 28.2000, 28.1300, 28.1300, 616
2018-07-03, 28.2500, 28.2900, 28.2500, 28.2900, 264
2018-07-05, 28.1600, 28.3000, 28.1600, 28.3000, 496
2018-07-06, 28.4600, 28.6200, 28.4600, 28.6200, 399
2018-07-09, 28.7073, 28.7173, 28.6327, 28.6973, 519
2018-07-10, 28.7373, 28.7773, 28.6990, 28.6990, 1457
2018-07-11, 28.5473, 28.5473, 28.4727, 28.5400, 364
2018-07-12, 28.6373, 28.7173, 28.6373, 28.7173, 342
2018-07-13, 28.6827, 28.7973, 28.6827, 28.7500, 2913
2018-07-16, 28.5927, 28.6773, 28.5927, 28.6200, 502
2018-07-17, 28.6300, 28.8073, 28.6300, 28.8073, 539
2018-07-18, 28.7273, 28.7273, 28.6527, 28.7173, 371
2018-07-19, 28.6900, 28.7700, 28.6427, 28.7700, 500
2018-07-20, 28.6860, 28.6860, 28.6327, 28.6627, 1703
2018-07-23, 28.6000, 28.6773, 28.6000, 28.6773, 1103
2018-07-24, 28.7160, 28.7160, 28.5873, 28.6600, 601
2018-07-25, 28.8400, 28.9527, 28.8100, 28.9527, 419
2018-07-26, 28.9800, 29.0000, 28.9800, 29.0000, 613
2018-07-27, 29.0200, 29.0200, 28.6527, 28.6527, 422
2018-07-30, 28.6673, 28.6673, 28.4927, 28.4973, 519
2018-07-31, 28.6173, 28.7273, 28.5727, 28.7273, 654
2018-08-01, 28.8100, 28.8100, 28.7800, 28.7800, 552
2018-08-02, 28.8500, 29.1800, 28.8500, 29.1800, 700
2018-08-03, 29.2073, 29.2073, 29.2073, 29.2073, 225
2018-08-06, 29.3300, 29.3400, 29.3300, 29.3396, 4264
2018-08-07, 29.5200, 29.5200, 29.4427, 29.4427, 698
2018-08-08, 29.3873, 29.4373, 29.3873, 29.4373, 410
2018-08-09, 29.3700, 29.3700, 29.2600, 29.2640, 3613
2018-08-10, 29.1650, 29.1750, 29.0393, 29.0393, 375
2018-08-13, 29.0973, 29.0973, 28.9673, 29.0200, 302
2018-08-14, 29.1100, 29.3073, 29.1100, 29.2500, 500
2018-08-15, 29.0400, 29.0600, 29.0400, 29.0600, 352
2018-08-16, 29.4000, 29.4000, 29.1900, 29.1900, 2189
2018-08-17, 29.2500, 29.3393, 29.2500, 29.3393, 477
2018-08-20, 29.4400, 29.4700, 29.4200, 29.4600, 555
2018-08-21, 29.5900, 29.6500, 29.5550, 29.5850, 480
2018-08-22, 29.5300, 29.5300, 29.5000, 29.5000, 2173
2018-08-23, 29.5300, 29.5300, 29.4500, 29.4568, 485
2018-08-24, 29.4773, 29.4773, 29.4727, 29.4727, 463
2018-08-27, 29.7500, 29.7500, 29.7490, 29.7490, 1929
2018-08-28, 29.7500, 29.7500, 29.6828, 29.6828, 652
2018-08-29, 29.7473, 29.7925, 29.7473, 29.7700, 1260
2018-08-30, 29.7500, 29.7500, 29.7273, 29.7300, 386
2018-08-31, 29.6900, 29.7200, 29.6900, 29.7200, 542
2018-09-04, 29.6400, 29.6400, 29.4500, 29.4500, 539
2018-09-05, 29.4700, 29.4700, 29.3900, 29.4100, 881
2018-09-06, 29.5300, 29.5300, 29.3500, 29.3900, 792
2018-09-07, 29.4400, 29.4400, 29.2900, 29.2900, 379
2018-09-10, 29.6500, 29.6500, 29.3701, 29.3800, 950
2018-09-11, 29.3600, 29.4673, 29.2914, 29.4673, 576
2018-09-12, 29.5800, 29.5800, 29.3600, 29.3600, 1314
2018-09-13, 29.6373, 29.6400, 29.5927, 29.6100, 554
2018-09-14, 29.6073, 29.6100, 29.5650, 29.6100, 351
2018-09-17, 29.5600, 29.5600, 29.5299, 29.5299, 433
2018-09-18, 29.5200, 29.5799, 29.5000, 29.5000, 389
2018-09-19, 29.5000, 29.5000, 29.4700, 29.4700, 902
2018-09-20, 29.6486, 29.6800, 29.6486, 29.6800, 868
2018-09-21, 30.0000, 30.0000, 29.6661, 29.6700, 2025
2018-09-24, 29.6099, 29.6099, 29.5100, 29.5100, 502
2018-09-25, 29.5013, 29.6100, 29.5013, 29.5802, 1054
2018-09-26, 29.5800, 29.7300, 29.5708, 29.7300, 606
2018-09-27, 29.6700, 29.6966, 29.6200, 29.6200, 995
2018-09-28, 29.8000, 29.8000, 29.4950, 29.5700, 746
2018-10-01, 30.0000, 30.0000, 29.5400, 29.5400, 9463
2018-10-02, 29.4200, 29.5800, 29.4200, 29.5800, 5869
2018-10-03, 29.6418, 29.6418, 29.5500, 29.5500, 2716
2018-10-04, 29.2800, 29.2800, 29.2000, 29.2000, 468
2018-10-05, 29.1800, 29.1800, 28.8650, 29.0100, 797
2018-10-08, 29.0800, 29.1200, 28.8900, 28.9400, 956
2018-10-09, 29.1300, 29.1300, 29.0150, 29.0500, 509
2018-10-10, 29.1000, 29.1000, 28.3000, 28.3200, 2000
2018-10-11, 28.2300, 28.2300, 27.7300, 27.7700, 1484
2018-10-12, 27.7900, 28.0200, 27.6100, 27.8500, 4146
2018-10-15, 27.8856, 28.0100, 27.8856, 28.0100, 1010
2018-10-16, 28.1339, 28.5400, 28.1339, 28.5400, 1492
2018-10-17, 28.3905, 28.5436, 28.3905, 28.5436, 548
2018-10-18, 28.5400, 28.5400, 28.1458, 28.1458, 834
2018-10-19, 28.4400, 28.4400, 28.3100, 28.3100, 825
2018-10-22, 28.5000, 28.5000, 28.1900, 28.1900, 691
2018-10-23, 27.7600, 28.0700, 27.7600, 28.0700, 379
2018-10-24, 27.6500, 27.9400, 27.2900, 27.2900, 1375
2018-10-25, 27.3838, 27.7250, 27.3838, 27.7250, 572
2018-10-26, 27.4700, 27.4700, 27.0000, 27.3200, 672
2018-10-29, 27.7300, 27.7450, 27.2320, 27.2320, 1204
2018-10-30, 27.4600, 27.7400, 27.4600, 27.7400, 489
2018-10-31, 28.0700, 28.1120, 28.0500, 28.0500, 399
2018-11-01, 28.1873, 28.3173, 28.1873, 28.3020, 828
2018-11-02, 28.6500, 28.6500, 28.1020, 28.1973, 974
2018-11-05, 28.1700, 28.2700, 28.1700, 28.2400, 559
2018-11-06, 28.3473, 28.3920, 28.3473, 28.3920, 358
2018-11-07, 28.8200, 29.0000, 28.8200, 29.0000, 629
2018-11-08, 29.1600, 29.1600, 28.8820, 28.8820, 220
2018-11-09, 28.8000, 28.8000, 28.7350, 28.7350, 325
