2015-06-04, 49.6000, 49.6000, 49.4400, 49.4400, 3700
2015-06-05, 49.5200, 49.5500, 49.5200, 49.5300, 14100
2015-06-08, 49.5500, 49.5500, 49.2800, 49.2800, 5800
2015-06-09, 49.2800, 49.2800, 49.0700, 49.2000, 8350
2015-06-10, 49.2800, 49.4600, 49.2800, 49.3880, 300
2015-06-11, 49.2200, 49.2200, 49.2200, 49.2200, 200
2015-06-12, 49.3100, 49.3150, 49.3000, 49.3100, 5200
2015-06-15, 49.3100, 49.3100, 49.3100, 49.3100, 0
2015-06-16, 49.2600, 49.3600, 49.2600, 49.3600, 500
2015-06-17, 49.3600, 49.3600, 49.3600, 49.3600, 0
2015-06-18, 49.3600, 49.3600, 49.3600, 49.3600, 0
2015-06-19, 49.6488, 49.6488, 49.5000, 49.5000, 402
2015-06-22, 49.5000, 49.5000, 49.5000, 49.5000, 0
2015-06-23, 49.8900, 49.8900, 49.8900, 49.8900, 600
2015-06-24, 49.8700, 49.8700, 49.6400, 49.6400, 1329
2015-06-25, 49.6400, 49.6400, 49.6400, 49.6400, 0
2015-06-26, 49.0400, 49.0400, 49.0400, 49.0400, 270
2015-06-29, 48.6100, 48.6100, 48.3900, 48.3900, 978
2015-06-30, 48.3900, 48.3900, 48.3900, 48.3900, 0
2015-07-01, 48.8000, 48.8000, 48.6900, 48.7100, 5700
2015-07-02, 48.7100, 48.7100, 48.7100, 48.7100, 0
2015-07-06, 48.7100, 48.7100, 48.7100, 48.7100, 23
2015-07-07, 47.8700, 47.8700, 47.8700, 47.8700, 200
2015-07-08, 47.8900, 47.8900, 47.7800, 47.8200, 5600
2015-07-09, 48.3500, 48.3500, 48.3300, 48.3400, 2000
2015-07-10, 48.4300, 48.4600, 48.3572, 48.4600, 1250
2015-07-13, 48.5300, 48.6400, 48.3925, 48.3925, 1423
2015-07-14, 48.5200, 48.7900, 48.5100, 48.6600, 14607
2015-07-15, 48.6900, 48.6900, 48.6900, 48.6900, 207
2015-07-16, 48.6900, 48.6900, 48.6900, 48.6900, 0
2015-07-17, 48.6900, 48.6900, 48.6900, 48.6900, 1
2015-07-20, 48.9100, 48.9800, 48.9100, 48.9800, 7000
2015-07-21, 48.8200, 48.8200, 48.7100, 48.7100, 2800
2015-07-22, 48.3700, 48.3900, 48.3700, 48.3900, 3100
2015-07-23, 48.3900, 48.3900, 48.3900, 48.3900, 0
2015-07-24, 47.9600, 47.9600, 47.9600, 47.9600, 200
2015-07-27, 47.9600, 47.9600, 47.9600, 47.9600, 0
2015-07-28, 47.6700, 47.6700, 47.6700, 47.6700, 200
2015-07-29, 47.6700, 47.6700, 47.6700, 47.6700, 0
2015-07-30, 47.6700, 47.6700, 47.6700, 47.6700, 0
2015-07-31, 47.6100, 47.6100, 47.6100, 47.6100, 0
2015-08-03, 47.8699, 47.8700, 47.8699, 47.8700, 625
2015-08-04, 47.8700, 47.8700, 47.8700, 47.8700, 0
2015-08-05, 48.2100, 48.2100, 48.1700, 48.1700, 6600
2015-08-06, 47.7300, 47.7300, 47.4600, 47.4600, 5801
2015-08-07, 47.7600, 47.7600, 47.1800, 47.1800, 557
2015-08-10, 47.1800, 47.1800, 47.1800, 47.1800, 0
2015-08-11, 47.2200, 47.2200, 47.2200, 47.2200, 501
2015-08-12, 47.2200, 47.2200, 47.2200, 47.2200, 0
2015-08-13, 47.2200, 47.2200, 47.2200, 47.2200, 0
2015-08-14, 47.2200, 47.2200, 47.2200, 47.2200, 0
2015-08-17, 47.2200, 47.2200, 47.2200, 47.2200, 0
2015-08-18, 47.4099, 47.4100, 47.4099, 47.4100, 312
2015-08-19, 46.9800, 46.9800, 46.9800, 46.9800, 500
2015-08-20, 46.6200, 46.6200, 46.1700, 46.1700, 10500
2015-08-21, 45.7800, 45.7800, 45.7200, 45.7200, 1400
2015-08-24, 45.7200, 45.7200, 45.7200, 45.7200, 0
2015-08-25, 45.9000, 45.9500, 45.9000, 45.9500, 300
2015-08-26, 45.9500, 45.9500, 45.9500, 45.9500, 0
2015-08-27, 45.7100, 45.9500, 45.6300, 45.8500, 2890
2015-08-28, 45.7800, 46.4599, 45.7800, 46.3046, 11600
2015-08-31, 46.6899, 46.6900, 45.8400, 45.8400, 1080
2015-09-01, 45.7794, 45.7794, 45.7794, 45.7794, 0
2015-09-02, 45.7794, 45.7794, 45.7794, 45.7794, 0
2015-09-03, 45.7794, 45.7794, 45.7794, 45.7794, 0
2015-09-04, 45.8400, 45.8400, 45.8400, 45.8400, 1
2015-09-08, 45.8400, 45.8400, 45.8400, 45.8400, 0
2015-09-09, 45.8400, 45.8400, 45.8400, 45.8400, 0
2015-09-10, 45.8400, 45.8400, 45.8400, 45.8400, 1
2015-09-11, 46.2500, 46.2500, 46.1200, 46.1200, 300
2015-09-14, 46.1200, 46.1200, 46.1200, 46.1200, 0
2015-09-15, 46.1200, 46.1200, 46.1200, 46.1200, 0
2015-09-16, 46.1200, 46.1200, 46.1200, 46.1200, 0
2015-09-17, 47.2500, 47.2500, 47.2480, 47.2480, 216
2015-09-18, 47.2900, 47.3400, 46.8400, 46.8500, 11828
2015-09-21, 46.9400, 46.9400, 46.6100, 46.6540, 8501
2015-09-22, 46.6500, 46.6500, 46.6500, 46.6500, 260
2015-09-23, 46.3200, 46.3200, 45.9900, 45.9900, 3150
2015-09-24, 45.4500, 45.7200, 45.4500, 45.7200, 13255
2015-09-25, 45.7200, 45.7200, 45.7200, 45.7200, 0
2015-09-28, 45.0600, 45.0600, 44.4500, 44.4500, 5000
2015-09-29, 44.8400, 44.8400, 44.8400, 44.8400, 358
2015-09-30, 44.8600, 44.8695, 44.6400, 44.6400, 400
2015-10-01, 44.4200, 44.6500, 44.4200, 44.6500, 625
2015-10-02, 44.4900, 44.4900, 44.4900, 44.4900, 5500
2015-10-05, 44.4900, 44.4900, 44.4900, 44.4900, 0
2015-10-06, 45.9600, 45.9700, 45.9500, 45.9500, 1191
2015-10-07, 45.9500, 45.9500, 45.9500, 45.9500, 0
2015-10-08, 45.8000, 45.8300, 45.7800, 45.7800, 1210
2015-10-09, 45.7800, 45.7800, 45.7800, 45.7800, 0
2015-10-12, 45.7800, 45.7800, 45.7800, 45.7800, 1
2015-10-13, 46.1400, 46.1400, 45.9222, 45.9853, 840
2015-10-14, 45.9853, 45.9853, 45.9853, 45.9853, 0
2015-10-15, 46.1295, 46.5100, 46.1295, 46.5100, 1002
2015-10-16, 46.5100, 46.5100, 46.5100, 46.5100, 0
2015-10-19, 46.5100, 46.5100, 46.5100, 46.5100, 0
2015-10-20, 46.5100, 46.5100, 46.5100, 46.5100, 0
2015-10-21, 46.5100, 46.5100, 46.5100, 46.5100, 0
2015-10-22, 46.5100, 46.5100, 46.5100, 46.5100, 0
2015-10-23, 46.5100, 46.5100, 46.5100, 46.5100, 0
2015-10-26, 46.5100, 46.5100, 46.5100, 46.5100, 0
2015-10-27, 46.7800, 46.8200, 46.6897, 46.6897, 3114
2015-10-28, 47.0400, 47.3200, 47.0400, 47.3200, 675
2015-10-29, 47.0900, 47.0900, 46.8800, 46.8800, 550
2015-10-30, 46.8100, 46.8100, 46.8100, 46.8100, 0
2015-11-02, 46.7454, 46.7454, 46.7454, 46.7454, 0
2015-11-03, 46.7454, 46.7454, 46.7454, 46.7454, 0
2015-11-04, 47.3700, 47.3700, 47.3700, 47.3700, 100
2015-11-05, 47.3700, 47.3700, 47.3700, 47.3700, 2
2015-11-06, 47.2500, 47.2500, 47.2500, 47.2500, 5000
2015-11-09, 46.9500, 46.9500, 46.8600, 46.8600, 4601
2015-11-10, 47.0700, 47.4400, 47.0700, 47.4400, 806
2015-11-11, 47.4400, 47.4400, 47.4400, 47.4400, 67
2015-11-12, 47.4400, 47.4400, 47.4400, 47.4400, 0
2015-11-13, 47.4400, 47.4400, 47.4400, 47.4400, 0
2015-11-16, 47.4400, 47.4400, 47.4400, 47.4400, 0
2015-11-17, 47.4400, 47.4400, 47.4400, 47.4400, 0
2015-11-18, 47.4400, 47.4400, 47.4400, 47.4400, 0
2015-11-19, 47.4400, 47.4400, 47.4400, 47.4400, 0
2015-11-20, 47.4400, 47.4400, 47.4400, 47.4400, 0
2015-11-23, 47.4400, 47.4400, 47.4400, 47.4400, 0
2015-11-24, 47.4400, 47.4400, 47.4400, 47.4400, 0
2015-11-25, 46.7135, 46.7135, 46.7135, 46.7135, 105
2015-11-27, 46.7135, 46.7135, 46.7135, 46.7135, 0
2015-11-30, 46.3979, 46.3979, 46.3979, 46.3979, 100
2015-12-01, 46.3351, 46.3351, 46.3351, 46.3351, 0
2015-12-02, 46.3351, 46.3351, 46.3351, 46.3351, 0
2015-12-03, 46.4100, 46.4100, 46.3800, 46.3800, 600
2015-12-04, 46.3800, 46.3800, 46.3800, 46.3800, 1
2015-12-07, 46.3800, 46.3800, 46.3800, 46.3800, 0
2015-12-08, 46.5700, 46.6900, 46.3150, 46.4500, 1161
2015-12-09, 46.4500, 46.4500, 46.4500, 46.4500, 1
2015-12-10, 46.3695, 46.4100, 46.2400, 46.2690, 9021
2015-12-11, 45.7100, 45.7100, 45.4100, 45.4100, 824
2015-12-14, 45.2900, 45.7400, 45.2900, 45.5660, 2556
2015-12-15, 45.5660, 45.5660, 45.5660, 45.5660, 0
2015-12-16, 46.1800, 46.1800, 46.1800, 46.1800, 142
2015-12-17, 46.1800, 46.1800, 46.1800, 46.1800, 75
2015-12-18, 45.9100, 45.9100, 45.9100, 45.9100, 500
2015-12-21, 45.9100, 45.9100, 45.7000, 45.7000, 1253
2015-12-22, 45.5140, 45.6100, 45.5140, 45.6100, 1701
2015-12-23, 46.1199, 46.1199, 46.0849, 46.0849, 659
2015-12-24, 45.5500, 45.5500, 45.5500, 45.5500, 348
2015-12-28, 45.5500, 45.5500, 45.5500, 45.5500, 10
2015-12-29, 45.5500, 45.5500, 45.5500, 45.5500, 0
2015-12-30, 45.8158, 45.8158, 45.8158, 45.8158, 274
2015-12-31, 45.6000, 45.7558, 45.6000, 45.7411, 762
2016-01-04, 45.1700, 45.1700, 44.9550, 45.0248, 403
2016-01-05, 45.0248, 45.0248, 45.0248, 45.0248, 0
2016-01-06, 44.1700, 44.1700, 44.1700, 44.1700, 250
2016-01-07, 44.1000, 44.1100, 43.5000, 43.5000, 1300
2016-01-08, 44.0000, 44.0000, 44.0000, 44.0000, 203
2016-01-11, 42.8500, 43.4000, 42.8500, 43.2900, 6794
2016-01-12, 43.2900, 43.2900, 43.2900, 43.2900, 0
2016-01-13, 43.3300, 43.3300, 42.7500, 42.7500, 5118
2016-01-14, 42.9100, 43.0852, 42.6600, 42.6600, 6900
2016-01-15, 42.4499, 42.4499, 41.6700, 41.6800, 2900
2016-01-19, 42.2900, 42.2900, 41.9100, 41.9100, 1058
2016-01-20, 41.9100, 41.9100, 41.9100, 41.9100, 0
2016-01-21, 42.1700, 42.1700, 41.9791, 41.9791, 939
2016-01-22, 41.3500, 41.3500, 41.3500, 41.3500, 371
2016-01-25, 41.3500, 41.3500, 41.3500, 41.3500, 0
2016-01-26, 41.3500, 41.3500, 41.3500, 41.3500, 1
2016-01-27, 41.3500, 41.3500, 41.3500, 41.3500, 0
2016-01-28, 42.0480, 42.0480, 42.0480, 42.0480, 270
2016-01-29, 41.5500, 41.5500, 41.1000, 41.1000, 425
2016-02-01, 41.0300, 41.0300, 41.0300, 41.0300, 1
2016-02-02, 41.0300, 41.0300, 41.0300, 41.0300, 0
2016-02-03, 41.0300, 41.0300, 41.0300, 41.0300, 0
2016-02-04, 40.9400, 41.2951, 40.9300, 41.2951, 3053
2016-02-05, 40.9800, 40.9800, 40.9300, 40.9300, 7966
2016-02-08, 40.6578, 40.6578, 39.9400, 39.9600, 2507
2016-02-09, 39.9600, 39.9600, 39.9600, 39.9600, 2
2016-02-10, 39.9600, 39.9600, 39.9600, 39.9600, 0
2016-02-11, 39.9600, 39.9600, 39.9600, 39.9600, 0
2016-02-12, 39.9600, 39.9600, 39.9600, 39.9600, 0
2016-02-16, 39.9600, 39.9600, 39.9600, 39.9600, 18
2016-02-17, 41.0800, 41.0800, 41.0800, 41.0800, 1850
2016-02-18, 40.9400, 40.9400, 40.9400, 40.9400, 354
2016-02-19, 40.1900, 40.1900, 40.1900, 40.1900, 109
2016-02-22, 41.2750, 41.7116, 41.2750, 41.7116, 701
2016-02-23, 41.0308, 41.0308, 41.0308, 41.0308, 284
2016-02-24, 41.0308, 41.0308, 41.0308, 41.0308, 0
2016-02-25, 41.0308, 41.0308, 41.0308, 41.0308, 0
2016-02-26, 41.0308, 41.0308, 41.0308, 41.0308, 0
2016-02-29, 42.3164, 42.3164, 42.3000, 42.3000, 300
2016-03-01, 42.3500, 42.3500, 42.3500, 42.3500, 515
2016-03-02, 42.5900, 42.6300, 42.5900, 42.6300, 450
2016-03-03, 42.6300, 42.6300, 42.6300, 42.6300, 13
2016-03-04, 42.4893, 42.4893, 42.4893, 42.4893, 428
2016-03-07, 42.4893, 42.4893, 42.4893, 42.4893, 1
2016-03-08, 42.4893, 42.4893, 42.4893, 42.4893, 1
2016-03-09, 42.3600, 42.3600, 42.3600, 42.3600, 164
2016-03-10, 42.3600, 42.3600, 42.3600, 42.3600, 0
2016-03-11, 42.3600, 42.3600, 42.3600, 42.3600, 0
2016-03-14, 42.3600, 42.3600, 42.3600, 42.3600, 0
2016-03-15, 43.0706, 43.2700, 43.0706, 43.2700, 500
2016-03-16, 43.2700, 43.2700, 43.2700, 43.2700, 0
2016-03-17, 43.2700, 43.2700, 43.2700, 43.2700, 0
2016-03-18, 43.2700, 43.2700, 43.2700, 43.2700, 0
2016-03-21, 43.8777, 43.8777, 43.8777, 43.8777, 186
2016-03-22, 43.8777, 43.8777, 43.8777, 43.8777, 0
2016-03-23, 43.8777, 43.8777, 43.8777, 43.8777, 0
2016-03-24, 43.9400, 43.9790, 43.7877, 43.9790, 452
2016-03-28, 43.5804, 43.7900, 43.5804, 43.7900, 1143
2016-03-29, 42.7501, 44.0999, 42.3400, 44.0900, 8481
2016-03-30, 43.5300, 44.1199, 43.4300, 44.0100, 1728
2016-03-31, 44.2200, 44.2299, 43.5084, 44.1300, 1509
2016-04-01, 44.0704, 44.0704, 44.0704, 44.0704, 0
2016-04-04, 43.6900, 43.6900, 43.6900, 43.6900, 301
2016-04-05, 44.5900, 44.5900, 44.1600, 44.1600, 622
2016-04-06, 44.0289, 44.8400, 44.0289, 44.8400, 467
2016-04-07, 43.6800, 43.6800, 43.6800, 43.6800, 301
2016-04-08, 44.5873, 44.5873, 44.5873, 44.5873, 193
2016-04-11, 43.6200, 43.6200, 43.6200, 43.6200, 164
2016-04-12, 44.2127, 44.2127, 44.2127, 44.2127, 246
2016-04-13, 44.6700, 44.7808, 44.6700, 44.7808, 254
2016-04-14, 45.0500, 45.0876, 45.0500, 45.0876, 316
2016-04-15, 45.0876, 45.0876, 45.0876, 45.0876, 5
2016-04-18, 45.0876, 45.0876, 45.0876, 45.0876, 0
2016-04-19, 45.0876, 45.0876, 45.0876, 45.0876, 0
2016-04-20, 45.0876, 45.0876, 45.0876, 45.0876, 0
2016-04-21, 44.6950, 44.6950, 44.0301, 44.0301, 408
2016-04-22, 44.8229, 45.1743, 44.8229, 45.1743, 336
2016-04-25, 45.4599, 45.4599, 45.4599, 45.4599, 106
2016-04-26, 45.4599, 45.4599, 45.4599, 45.4599, 10
2016-04-27, 45.4599, 45.4599, 45.4599, 45.4599, 94
2016-04-28, 45.5640, 45.5640, 45.1300, 45.1300, 554
2016-04-29, 44.2455, 44.2529, 44.2455, 44.2500, 300
2016-05-02, 44.1958, 44.1958, 44.1958, 44.1958, 3
2016-05-03, 44.5100, 44.6000, 44.2300, 44.2300, 993
2016-05-04, 44.6596, 44.9200, 43.9950, 43.9950, 2645
2016-05-05, 44.6655, 44.6655, 44.6655, 44.6655, 385
2016-05-06, 44.6655, 44.6655, 44.6655, 44.6655, 2
2016-05-09, 44.6655, 44.6655, 44.6655, 44.6655, 3
2016-05-10, 43.3658, 43.3658, 43.3658, 43.3658, 131
2016-05-11, 44.4499, 44.4500, 44.4499, 44.4500, 412
2016-05-12, 43.9300, 44.0400, 43.9100, 43.9400, 2920
2016-05-13, 43.9400, 43.9400, 43.9400, 43.9400, 0
2016-05-16, 43.9400, 43.9400, 43.9400, 43.9400, 16
2016-05-17, 44.5000, 44.5100, 44.5000, 44.5100, 350
2016-05-18, 44.9399, 44.9399, 43.4400, 44.4818, 4020
2016-05-19, 43.9400, 44.3920, 43.9400, 44.2900, 611
2016-05-20, 44.1000, 44.3900, 43.8000, 44.3900, 1547
2016-05-23, 44.4000, 44.9500, 44.4000, 44.9500, 1916
2016-05-24, 45.2850, 45.2850, 44.9798, 45.0300, 1261
2016-05-25, 45.5200, 45.5700, 45.5200, 45.5700, 703
2016-05-26, 45.5700, 45.5700, 45.5700, 45.5700, 17
2016-05-27, 45.2460, 45.2460, 45.2460, 45.2460, 103
2016-05-31, 45.4600, 45.5600, 45.0578, 45.5600, 3304
2016-06-01, 45.1000, 45.3300, 45.1000, 45.3300, 800
2016-06-02, 45.5617, 45.5617, 45.5617, 45.5617, 550
2016-06-03, 45.5617, 45.5617, 45.5617, 45.5617, 0
2016-06-06, 45.7800, 45.9500, 45.1001, 45.1100, 3276
2016-06-07, 45.5000, 45.7900, 45.4500, 45.7900, 1718
2016-06-08, 45.6000, 45.8500, 45.4300, 45.8500, 3502
2016-06-09, 45.6000, 45.7995, 45.6000, 45.6500, 3200
2016-06-10, 45.6500, 45.6500, 45.6500, 45.6500, 0
2016-06-13, 45.6500, 45.6500, 45.6500, 45.6500, 0
2016-06-14, 45.6500, 45.6500, 45.6500, 45.6500, 0
2016-06-15, 45.4600, 45.4600, 45.4400, 45.4400, 422
2016-06-16, 45.4400, 45.4400, 45.4400, 45.4400, 0
2016-06-17, 44.8100, 45.4200, 44.7900, 45.2850, 7811
2016-06-20, 44.9970, 45.6000, 44.9970, 45.2100, 20925
2016-06-21, 45.1400, 45.5400, 45.1400, 45.2500, 7200
2016-06-22, 45.3000, 45.8400, 45.2400, 45.3900, 3948
2016-06-23, 45.2470, 45.4900, 45.2470, 45.3500, 1774
2016-06-24, 44.7000, 45.3300, 44.4900, 44.5000, 89202
2016-06-27, 43.8100, 43.8100, 43.7300, 43.7900, 4346
2016-06-28, 44.3900, 44.3900, 44.3900, 44.3900, 10200
2016-06-29, 44.3900, 44.3900, 44.3900, 44.3900, 0
2016-06-30, 44.3900, 44.3900, 44.3900, 44.3900, 0
2016-07-01, 44.6200, 44.6200, 44.6100, 44.6100, 1200
2016-07-05, 44.6100, 44.6100, 44.6100, 44.6100, 0
2016-07-06, 44.7000, 44.7000, 44.6900, 44.6900, 9100
2016-07-07, 44.8200, 44.9500, 44.8200, 44.9500, 29207
2016-07-08, 45.3800, 45.3800, 45.1900, 45.2800, 37302
2016-07-11, 45.2800, 45.7299, 45.2800, 45.5887, 6656
2016-07-12, 46.0600, 46.0600, 46.0500, 46.0500, 13237
2016-07-13, 46.4200, 46.4600, 46.2601, 46.2601, 1705
2016-07-14, 46.3501, 46.3501, 46.3501, 46.3501, 158
2016-07-15, 46.1800, 46.1800, 46.1800, 46.1800, 400
2016-07-18, 46.2764, 46.3200, 46.2490, 46.3200, 5782
2016-07-19, 46.2700, 46.2700, 46.0300, 46.0310, 3108
2016-07-20, 46.3300, 46.3300, 46.3300, 46.3300, 445
2016-07-21, 46.5300, 46.5400, 46.5300, 46.5392, 1118
2016-07-22, 46.4900, 46.4900, 46.4900, 46.4900, 52
2016-07-25, 46.5400, 46.5400, 46.5199, 46.5199, 503
2016-07-26, 46.5199, 46.5199, 46.5199, 46.5199, 0
2016-07-27, 46.5334, 46.5334, 46.3100, 46.3100, 5845
2016-07-28, 46.6800, 46.9900, 46.6800, 46.8101, 800
2016-07-29, 47.1300, 47.6500, 47.0174, 47.6100, 35288
2016-08-01, 47.3300, 47.3300, 47.0400, 47.0800, 15600
2016-08-02, 46.7400, 46.7400, 46.3700, 46.3700, 17619
2016-08-03, 46.7587, 46.7587, 46.7587, 46.7587, 357
2016-08-04, 46.6150, 46.6150, 46.6150, 46.6150, 111
2016-08-05, 46.6150, 46.6150, 46.6150, 46.6150, 119
2016-08-08, 46.9400, 47.0860, 46.9400, 47.0860, 721
2016-08-09, 47.2500, 47.2500, 47.2500, 47.2500, 334
2016-08-10, 47.1500, 47.1500, 47.1500, 47.1500, 100
2016-08-11, 46.9400, 46.9400, 46.9400, 46.9400, 762
2016-08-12, 46.9400, 47.3500, 46.9400, 47.3330, 498
2016-08-15, 47.2200, 47.2900, 47.0164, 47.2900, 1517
2016-08-16, 47.0500, 47.0500, 47.0500, 47.0500, 4404
2016-08-17, 47.0500, 47.0500, 47.0500, 47.0500, 234
2016-08-18, 47.1800, 47.3500, 47.1800, 47.3500, 500
2016-08-19, 47.0000, 47.0000, 46.9568, 46.9568, 272
2016-08-22, 47.2248, 47.2399, 47.2100, 47.2399, 890
2016-08-23, 47.3800, 47.3800, 47.3800, 47.3800, 14
2016-08-24, 47.3600, 47.3600, 47.2230, 47.3199, 1290
2016-08-25, 47.4200, 47.4300, 47.4200, 47.4300, 810
2016-08-26, 47.4300, 47.4300, 47.3590, 47.3590, 475
2016-08-29, 47.6390, 47.6390, 47.4301, 47.6100, 1829
2016-08-30, 47.5100, 47.5100, 47.3000, 47.3000, 308
2016-08-31, 47.3900, 47.4400, 47.3632, 47.4400, 676
2016-09-01, 47.0900, 47.1500, 47.0900, 47.1500, 4920
2016-09-02, 47.2400, 47.2600, 47.2400, 47.2590, 355
2016-09-06, 47.2100, 47.2100, 47.2100, 47.2100, 100
2016-09-07, 47.2100, 47.2100, 47.2100, 47.2100, 14
2016-09-08, 47.2000, 47.2000, 47.1100, 47.1100, 14406
2016-09-09, 46.5000, 46.5000, 46.5000, 46.5000, 753
2016-09-12, 46.8700, 46.8700, 46.8700, 46.8700, 116
2016-09-13, 46.4500, 46.4600, 46.4500, 46.4600, 4400
2016-09-14, 46.4900, 46.7799, 46.4900, 46.7600, 935
2016-09-15, 46.7600, 46.7600, 46.7600, 46.7600, 4
2016-09-16, 46.5500, 46.5500, 46.5500, 46.5500, 203
2016-09-19, 46.8939, 46.8939, 46.8939, 46.8939, 439
2016-09-20, 46.8536, 46.8536, 46.8536, 46.8536, 681
2016-09-21, 47.1500, 47.1500, 47.1500, 47.1500, 3400
2016-09-22, 47.4100, 47.4300, 47.4100, 47.4300, 5505
2016-09-23, 47.4300, 47.4300, 47.4300, 47.4300, 0
2016-09-26, 47.5890, 47.5890, 47.5890, 47.5890, 300
2016-09-27, 47.5890, 47.5890, 47.5890, 47.5890, 200
2016-09-28, 47.6900, 47.8200, 47.6900, 47.8200, 350
2016-09-29, 47.4948, 47.6182, 47.4401, 47.4401, 1033
2016-09-30, 47.4401, 47.4401, 47.4401, 47.4401, 206
2016-10-03, 47.4760, 47.5847, 47.4760, 47.5847, 1116
2016-10-04, 47.5847, 47.5847, 47.5847, 47.5847, 0
2016-10-05, 47.5847, 47.5847, 47.5847, 47.5847, 98
2016-10-06, 47.5000, 47.5000, 47.5000, 47.5000, 111
2016-10-07, 47.9500, 47.9500, 47.8033, 47.8033, 459
2016-10-10, 48.0100, 48.1450, 48.0100, 48.0653, 403
2016-10-11, 48.0100, 48.0100, 47.2500, 47.9053, 9990
2016-10-12, 47.4800, 47.4800, 47.3600, 47.3600, 10031
2016-10-13, 46.9200, 46.9200, 46.8365, 46.8365, 622
2016-10-14, 46.8365, 46.8365, 46.8365, 46.8365, 0
2016-10-17, 46.7096, 46.7799, 46.7096, 46.7600, 2919
2016-10-18, 46.8400, 47.4799, 46.8400, 47.2084, 7509
2016-10-19, 47.4200, 47.4200, 47.0700, 47.0700, 1656
2016-10-20, 47.2800, 47.2900, 47.2800, 47.2900, 200
2016-10-21, 47.2900, 47.2900, 47.2900, 47.2900, 161
2016-10-24, 47.4600, 47.4600, 47.3447, 47.3447, 321
2016-10-25, 47.3044, 47.4100, 47.1600, 47.2491, 2389
2016-10-26, 47.3000, 47.4000, 47.0400, 47.4000, 900
2016-10-27, 47.2099, 47.2099, 47.2099, 47.2099, 1262
2016-10-28, 46.9870, 47.4980, 46.9870, 47.4980, 858
2016-10-31, 47.1300, 47.8200, 47.0765, 47.3200, 20172
2016-11-01, 47.0900, 47.0900, 46.6100, 46.7899, 3729
2016-11-02, 46.6300, 46.6300, 46.5300, 46.5300, 1092
2016-11-03, 46.5084, 46.5084, 46.3560, 46.3560, 673
2016-11-04, 46.5150, 46.5900, 46.5150, 46.5900, 1321
2016-11-07, 46.5800, 47.3500, 46.5800, 47.3500, 1272
2016-11-08, 47.0400, 47.0400, 46.6200, 47.0297, 517
2016-11-09, 46.9662, 47.3096, 46.9662, 47.3096, 1254
2016-11-10, 47.1362, 47.1362, 47.1362, 47.1362, 307
2016-11-11, 47.0500, 47.2200, 47.0500, 47.2100, 17537
2016-11-14, 47.4000, 47.4711, 47.2000, 47.2000, 16656
2016-11-15, 47.4000, 47.8400, 47.2200, 47.8400, 9720
2016-11-16, 47.5400, 47.7500, 47.5400, 47.7038, 6387
2016-11-17, 47.5500, 48.1300, 47.5500, 48.1300, 15658
2016-11-18, 48.3425, 48.5400, 48.3425, 48.4662, 9899
2016-11-21, 48.7200, 48.8816, 48.7200, 48.8100, 7258
2016-11-22, 48.8498, 48.9100, 48.3600, 48.6500, 13241
2016-11-23, 48.7900, 48.8500, 48.6600, 48.7300, 7571
2016-11-25, 49.0800, 49.1100, 48.8300, 48.9000, 8236
2016-11-28, 49.0399, 49.0399, 48.6800, 48.6800, 3218
2016-11-29, 48.7800, 49.0300, 48.7800, 48.9500, 5929
2016-11-30, 48.9683, 49.1500, 48.7300, 48.7500, 7313
2016-12-01, 48.6600, 48.6600, 47.8000, 47.8000, 12515
2016-12-02, 47.7200, 47.7400, 47.5200, 47.6500, 5036
2016-12-05, 47.9000, 47.9000, 47.8799, 47.8900, 637
2016-12-06, 48.0748, 48.3600, 48.0748, 48.3600, 2876
2016-12-07, 48.4500, 48.7700, 48.4200, 48.7700, 2043
2016-12-08, 48.7705, 48.8600, 48.7233, 48.8225, 10520
2016-12-09, 48.9400, 48.9400, 48.8000, 48.8000, 493
2016-12-12, 48.9650, 49.0900, 48.7800, 48.7800, 13615
2016-12-13, 49.0846, 49.3212, 49.0684, 49.3000, 2774
2016-12-14, 48.9300, 48.9300, 48.5000, 48.5100, 1243
2016-12-15, 49.2900, 49.2900, 49.1424, 49.2300, 962
2016-12-16, 49.0766, 49.1500, 49.0100, 49.1000, 1922
2016-12-19, 49.1900, 49.2100, 49.0735, 49.0735, 1134
2016-12-20, 49.0400, 49.1568, 49.0300, 49.1568, 401
2016-12-21, 49.6176, 49.6176, 49.6176, 49.6176, 506
2016-12-22, 49.0900, 49.2500, 49.0600, 49.1164, 1335
2016-12-23, 49.1900, 49.3300, 49.1663, 49.3300, 11783
2016-12-27, 49.5300, 49.5300, 49.3600, 49.5200, 24139
2016-12-28, 49.4900, 49.4900, 49.0542, 49.0636, 24110
2016-12-29, 49.0636, 49.0636, 49.0636, 49.0636, 16
2016-12-30, 48.6118, 48.7800, 48.5247, 48.6200, 4276
2017-01-03, 48.7501, 49.0200, 48.7501, 49.0200, 1907
2017-01-04, 49.1100, 49.1100, 49.0782, 49.0782, 5387
2017-01-05, 49.3000, 49.4000, 49.0800, 49.4000, 9029
2017-01-06, 49.4400, 49.6300, 49.4400, 49.5144, 3809
2017-01-09, 49.6300, 49.7800, 49.6300, 49.7800, 2509
2017-01-10, 49.6100, 49.9680, 49.6100, 49.9500, 4137
2017-01-11, 49.7400, 49.9900, 49.5200, 49.9899, 11778
2017-01-12, 49.6750, 49.8500, 49.5100, 49.8500, 2323
2017-01-13, 49.8700, 50.0090, 49.8700, 50.0090, 4178
2017-01-17, 49.8659, 49.9000, 49.7153, 49.7153, 10227
2017-01-18, 49.7300, 49.7300, 49.4669, 49.7100, 3156
2017-01-19, 49.6300, 49.7100, 49.6300, 49.7100, 2251
2017-01-20, 49.6877, 49.6877, 49.6877, 49.6877, 355
2017-01-23, 49.6456, 49.6794, 49.6456, 49.6794, 677
2017-01-24, 49.8200, 49.9756, 49.8200, 49.9756, 1117
2017-01-25, 50.2900, 50.3600, 50.1800, 50.2959, 5223
2017-01-26, 50.3900, 50.3900, 50.2847, 50.3700, 2978
2017-01-27, 50.1700, 50.2900, 50.0000, 50.2900, 632
2017-01-30, 50.3200, 50.3200, 49.9640, 50.2300, 9198
2017-01-31, 50.1550, 50.3300, 50.1399, 50.3300, 7967
2017-02-01, 50.2600, 50.3550, 50.1009, 50.3550, 6450
2017-02-02, 50.4200, 50.6800, 50.3696, 50.6200, 11766
2017-02-03, 50.8900, 50.9500, 50.8900, 50.8940, 2293
2017-02-06, 50.7900, 50.9362, 50.7900, 50.8400, 9722
2017-02-07, 50.9200, 50.9900, 50.7200, 50.8750, 9713
2017-02-08, 51.0400, 51.1000, 50.8400, 50.9509, 31079
2017-02-09, 51.0600, 51.2699, 51.0142, 51.2699, 1793
2017-02-10, 51.1390, 51.2300, 51.1100, 51.1752, 2674
2017-02-13, 51.1900, 51.3280, 51.1366, 51.2644, 5724
2017-02-14, 51.1400, 51.2300, 51.0909, 51.2200, 1682
2017-02-15, 51.1500, 51.4100, 51.1500, 51.4100, 8933
2017-02-16, 51.2500, 51.2500, 50.9200, 51.1022, 16027
2017-02-17, 51.0150, 51.0150, 50.9200, 50.9900, 5951
2017-02-21, 51.2700, 51.3300, 51.0900, 51.1321, 4760
2017-02-22, 51.3600, 51.4800, 51.1900, 51.3141, 21741
2017-02-23, 51.2800, 51.3300, 50.9200, 51.2350, 18057
2017-02-24, 50.8900, 51.0100, 50.8146, 51.0100, 4975
2017-02-27, 51.1300, 51.1900, 51.0382, 51.1400, 4680
2017-02-28, 51.2400, 51.2500, 51.0800, 51.1300, 7806
2017-03-01, 51.1400, 51.3500, 51.1400, 51.3000, 3724
2017-03-02, 51.2600, 51.2600, 51.0342, 51.0342, 15512
2017-03-03, 51.0190, 51.1000, 50.7600, 51.1000, 7712
2017-03-06, 51.0000, 51.1800, 50.9238, 51.1700, 4398
2017-03-07, 51.1400, 51.2000, 51.0688, 51.1700, 2887
2017-03-08, 51.0900, 51.1100, 50.7700, 50.7700, 2634
2017-03-09, 51.0900, 51.0900, 50.7850, 50.9700, 3750
2017-03-10, 50.9900, 50.9900, 50.8760, 50.9900, 5119
2017-03-13, 51.1400, 51.1400, 51.0359, 51.0359, 427
2017-03-14, 51.1800, 51.1800, 50.9375, 51.0528, 1001620
2017-03-15, 51.0100, 51.2200, 50.9211, 51.1081, 5795
2017-03-16, 51.2276, 51.3200, 51.2000, 51.2200, 6666
2017-03-17, 51.2000, 51.2700, 51.1433, 51.2200, 4231
2017-03-20, 51.1700, 51.1900, 51.0900, 51.1900, 803606
2017-03-21, 51.2900, 51.2900, 50.4900, 50.4900, 17794
2017-03-22, 50.6000, 50.7300, 50.4400, 50.5700, 10240
2017-03-23, 50.7800, 50.7800, 50.6172, 50.6700, 2216
2017-03-24, 50.8500, 50.9100, 50.6400, 50.6400, 1782
2017-03-27, 50.9072, 50.9196, 50.9072, 50.9196, 2150
2017-03-28, 51.0260, 51.1171, 51.0260, 51.1171, 932
2017-03-29, 51.2500, 51.2500, 51.0000, 51.1691, 6974
2017-03-30, 51.2800, 51.7500, 51.2600, 51.3900, 5180
2017-03-31, 51.4900, 51.5490, 51.3474, 51.4585, 2436
2017-04-03, 51.5100, 51.5100, 51.1600, 51.3200, 7856
2017-04-04, 51.3423, 51.3500, 51.1397, 51.1900, 8429
2017-04-05, 51.4600, 51.5800, 51.0972, 51.1200, 4746
2017-04-06, 51.3500, 51.3500, 51.0357, 51.1932, 5215
2017-04-07, 51.1700, 51.3500, 51.1700, 51.3499, 4203
2017-04-10, 51.6000, 51.6000, 51.2828, 51.3100, 6338
2017-04-11, 51.1200, 51.3000, 51.0500, 51.2800, 4111
2017-04-12, 51.1400, 51.1400, 50.9650, 50.9650, 4219
2017-04-13, 51.0448, 51.0780, 50.8700, 50.9400, 4735
2017-04-17, 51.0300, 51.0300, 50.8600, 50.8800, 5121
2017-04-18, 50.7700, 51.0000, 50.7700, 51.0000, 5748
2017-04-19, 51.1700, 51.3300, 51.1500, 51.1500, 2059
2017-04-20, 51.3900, 51.4400, 51.2500, 51.4400, 4028
2017-04-21, 51.3100, 51.3100, 51.2840, 51.2900, 1802
2017-04-24, 51.8900, 51.8900, 51.5800, 51.6700, 9472
2017-04-25, 51.8790, 52.0000, 51.8120, 51.9900, 4609
2017-04-26, 52.1200, 52.1200, 51.8798, 52.0100, 1750
2017-04-27, 52.1600, 52.1600, 52.0800, 52.1500, 4140
2017-04-28, 52.3000, 52.3000, 51.9574, 51.9766, 5490
2017-05-01, 51.9900, 52.1500, 51.9284, 52.1500, 4185
2017-05-02, 52.1500, 52.1500, 51.9262, 51.9262, 5795
2017-05-03, 52.0900, 52.0900, 51.8300, 51.8300, 4898
2017-05-04, 51.9900, 51.9900, 51.7200, 51.7200, 2316
2017-05-05, 51.8800, 51.9400, 51.7800, 51.9400, 2857
2017-05-08, 52.1500, 52.1500, 51.9000, 51.9300, 5497
2017-05-09, 52.0000, 52.0400, 51.9828, 51.9900, 6305
2017-05-10, 52.1500, 52.3200, 52.0419, 52.3000, 2860
2017-05-11, 52.4500, 52.4500, 52.2594, 52.2950, 3074
2017-05-12, 52.1934, 52.2700, 52.1840, 52.2700, 2344
2017-05-15, 52.4300, 52.6400, 52.4300, 52.4898, 3307
2017-05-16, 52.8900, 52.8900, 52.5940, 52.7500, 9175
2017-05-17, 52.7500, 52.7500, 52.0879, 52.1399, 8029
2017-05-18, 52.1500, 52.2699, 52.1500, 52.2300, 2901
2017-05-19, 52.3476, 52.4080, 52.2300, 52.2300, 1921
2017-05-22, 52.5100, 52.5400, 52.4800, 52.5253, 4467
2017-05-23, 52.5500, 52.5800, 52.4000, 52.4900, 3998
2017-05-24, 52.6900, 52.6900, 52.5300, 52.5500, 3152
2017-05-25, 52.6400, 52.8500, 52.6400, 52.8000, 19400
2017-05-26, 52.7400, 52.8300, 52.7012, 52.8300, 4317
2017-05-30, 52.8700, 52.9200, 52.7560, 52.7850, 6595
2017-05-31, 52.8900, 52.8900, 52.5611, 52.7700, 5832
2017-06-01, 52.9200, 53.1300, 52.8400, 53.1300, 11574
2017-06-02, 53.1900, 53.3400, 53.1900, 53.3399, 2729
2017-06-05, 53.4400, 53.4400, 53.1060, 53.2900, 9285
2017-06-06, 53.3600, 53.4600, 53.2600, 53.3450, 6897
2017-06-07, 53.4600, 53.5600, 53.3740, 53.4250, 2710
2017-06-08, 53.6300, 53.7200, 53.5600, 53.6719, 2106
2017-06-09, 53.7937, 53.8200, 52.8100, 53.0300, 6535
2017-06-12, 53.0500, 53.2900, 52.5000, 52.8950, 9796
2017-06-13, 52.6300, 53.2600, 52.6300, 53.1405, 3616
2017-06-14, 52.8200, 53.2800, 52.8200, 52.9000, 3837
2017-06-15, 53.3600, 53.3600, 52.6700, 52.8010, 13030
2017-06-16, 52.9200, 52.9200, 52.7200, 52.7810, 55902
2017-06-19, 53.0900, 53.2100, 53.0700, 53.2100, 4868
2017-06-20, 53.2400, 53.2400, 53.0100, 53.0100, 3604
2017-06-21, 53.1500, 53.1700, 53.0404, 53.1700, 14124
2017-06-22, 53.1900, 53.3700, 53.1700, 53.3099, 3836
2017-06-23, 53.6200, 53.6200, 53.2213, 53.4400, 13411
2017-06-26, 53.5600, 53.6687, 53.1700, 53.3000, 13034
2017-06-27, 53.3000, 53.3000, 52.8000, 52.8200, 10421
2017-06-28, 53.2400, 53.3276, 53.1400, 53.3276, 3003
2017-06-29, 53.2800, 53.2800, 52.4200, 52.7657, 35311
2017-06-30, 52.5000, 52.7100, 52.5000, 52.6400, 4145
2017-07-03, 53.0800, 53.0800, 52.2488, 52.2488, 4333
2017-07-05, 52.1100, 52.7300, 52.1100, 52.5608, 6273
2017-07-06, 52.5100, 52.6500, 52.2700, 52.4192, 5944
2017-07-07, 52.6400, 53.8500, 52.6400, 52.8500, 204947
2017-07-10, 53.0600, 53.0600, 51.9000, 52.9200, 9667
2017-07-11, 53.3400, 53.3400, 52.9900, 53.1600, 10734
2017-07-12, 53.6500, 53.6500, 53.4400, 53.5600, 19599
2017-07-13, 54.4900, 56.1900, 53.5162, 53.6100, 41757
2017-07-14, 53.7000, 53.8900, 53.7000, 53.7960, 5893
2017-07-17, 53.9600, 53.9600, 53.6500, 53.7150, 7118
2017-07-18, 53.7700, 53.8300, 53.6196, 53.7800, 12017
2017-07-19, 54.1100, 54.1100, 53.9400, 54.0600, 6983
2017-07-20, 54.1800, 54.1800, 53.9960, 54.0200, 9437
2017-07-21, 54.1200, 54.3200, 53.9590, 53.9590, 3355
2017-07-24, 54.0900, 54.2100, 54.0900, 54.2100, 6256
2017-07-25, 54.3300, 54.3300, 54.1116, 54.2500, 19857
2017-07-26, 54.4400, 54.4599, 54.4050, 54.4500, 23530
2017-07-27, 54.5400, 54.5400, 53.9100, 54.1442, 6737
2017-07-28, 54.1800, 54.2100, 54.0550, 54.1700, 4343
2017-07-31, 54.3200, 54.3200, 53.8700, 53.8700, 6100
2017-08-01, 53.8400, 53.9400, 53.7300, 53.9400, 13875
2017-08-02, 54.0400, 54.0400, 53.4400, 53.6404, 11719
2017-08-03, 53.5800, 53.5800, 53.5200, 53.5200, 606
2017-08-04, 53.5762, 53.6200, 53.4950, 53.5300, 9669
2017-08-07, 53.6200, 53.7800, 53.6200, 53.7585, 2838
2017-08-08, 53.8600, 53.8960, 53.5500, 53.5608, 8282
2017-08-09, 53.4000, 53.4600, 53.3260, 53.4600, 7984
2017-08-10, 53.4400, 53.4400, 52.7100, 52.7100, 13328
2017-08-11, 52.6500, 52.8700, 52.6500, 52.8600, 26889
2017-08-14, 53.1100, 53.2600, 53.1100, 53.1308, 4017
2017-08-15, 53.4800, 53.4800, 53.1000, 53.2292, 5400
2017-08-16, 53.2900, 53.3500, 53.2102, 53.2301, 2300
2017-08-17, 53.2600, 53.2600, 52.8500, 52.8650, 6144
2017-08-18, 52.8000, 52.9000, 52.7300, 52.8326, 7872
2017-08-21, 52.9500, 52.9500, 52.5884, 52.8300, 352368
2017-08-22, 53.0399, 53.1500, 52.8700, 53.1500, 16184
2017-08-23, 52.8900, 53.2600, 52.8900, 53.2200, 10459
2017-08-24, 53.3500, 53.3500, 53.0720, 53.1600, 5218
2017-08-25, 53.3400, 53.3900, 53.0772, 53.1100, 12478
2017-08-28, 53.4200, 53.4200, 53.0849, 53.1270, 7325
2017-08-29, 53.1200, 53.3000, 53.0200, 53.2900, 4269
2017-08-30, 53.3200, 53.6000, 53.2402, 53.5992, 5066
2017-08-31, 53.7500, 53.9000, 53.6000, 53.8800, 14644
2017-09-01, 53.8000, 53.9800, 53.8000, 53.9700, 19583
2017-09-05, 54.0000, 54.0200, 53.5410, 53.6236, 59804
2017-09-06, 53.8600, 54.0800, 53.6610, 53.8100, 18080
2017-09-07, 53.8900, 53.9700, 53.7953, 53.9281, 17198
2017-09-08, 53.8800, 53.8900, 53.5317, 53.5317, 13082
2017-09-11, 53.8400, 54.1900, 53.8400, 54.1600, 5101
2017-09-12, 54.0700, 54.1900, 54.0400, 54.0400, 10338
2017-09-13, 54.4700, 54.4700, 53.8000, 54.2000, 10633
2017-09-14, 54.0000, 54.4800, 53.9595, 53.9800, 10356
2017-09-15, 53.9000, 54.1200, 53.9000, 54.1200, 7683
2017-09-18, 54.4000, 54.5900, 54.2001, 54.5200, 9934
2017-09-19, 54.6500, 54.6500, 54.4200, 54.4498, 5081
2017-09-20, 54.3500, 54.4800, 54.1760, 54.1760, 11176
2017-09-21, 54.4200, 54.4799, 54.2156, 54.2990, 12895
2017-09-22, 53.9900, 54.4200, 53.9900, 54.4200, 2137
2017-09-25, 54.2500, 54.3200, 53.8774, 54.0400, 13870
2017-09-26, 54.4100, 54.4100, 53.8500, 54.0050, 23004
2017-09-27, 54.4900, 54.6200, 54.2950, 54.5800, 23947
2017-09-28, 54.4800, 54.5299, 54.2501, 54.5299, 10483
2017-09-29, 54.3100, 54.7900, 54.0100, 54.7900, 15842
2017-10-02, 54.7800, 54.8700, 54.4000, 54.4000, 203950
2017-10-03, 54.6500, 54.9300, 54.6364, 54.9300, 9264
2017-10-04, 54.7300, 55.0500, 54.7300, 54.9700, 55611
2017-10-05, 54.9454, 55.2000, 54.9454, 55.2000, 4616
2017-10-06, 55.0700, 55.3100, 54.9500, 55.2900, 7123
2017-10-09, 55.2900, 55.2900, 55.1318, 55.1800, 4227
2017-10-10, 55.1700, 55.1900, 54.9110, 55.1900, 6496
2017-10-11, 55.1800, 55.2000, 54.9900, 55.1571, 25285
2017-10-12, 55.1700, 55.2100, 55.0380, 55.1500, 3461
2017-10-13, 55.1500, 55.2200, 55.1117, 55.1500, 4667
2017-10-16, 55.2900, 55.2900, 55.0430, 55.1700, 4010
2017-10-17, 55.0599, 55.1700, 55.0599, 55.1124, 4611
2017-10-18, 55.2900, 55.3700, 55.1300, 55.3350, 6787
2017-10-19, 55.1000, 55.2200, 55.0000, 55.1200, 5055
2017-10-20, 55.2946, 55.4000, 55.1500, 55.1500, 9222
2017-10-23, 55.3500, 55.3600, 55.1100, 55.1100, 6129
2017-10-24, 55.2800, 55.2800, 55.1300, 55.1700, 8681
2017-10-25, 55.0000, 55.1200, 54.5900, 54.7700, 37194
2017-10-26, 54.9400, 55.0000, 54.8760, 54.9300, 4214
2017-10-27, 55.3800, 55.3800, 54.8001, 55.1100, 6668
2017-10-30, 55.1600, 55.2988, 55.0660, 55.2800, 8870
2017-10-31, 55.4200, 55.6400, 55.4000, 55.4700, 41899
2017-11-01, 55.7200, 55.7900, 55.4700, 55.4800, 7551
2017-11-02, 55.1700, 55.5900, 55.1700, 55.3900, 40768
2017-11-03, 55.6000, 55.8400, 55.4001, 55.6000, 10058
2017-11-06, 55.8000, 55.8399, 55.6500, 55.7000, 31635
2017-11-07, 55.7800, 55.7960, 55.3600, 55.4400, 16825
2017-11-08, 55.5700, 55.7000, 55.3610, 55.6162, 10465
2017-11-09, 55.5400, 55.6200, 55.1406, 55.3100, 11958
2017-11-10, 55.4000, 55.4140, 55.2964, 55.4000, 8526
2017-11-13, 55.4300, 55.4799, 55.2400, 55.4260, 4188
2017-11-14, 55.5000, 55.5100, 55.1801, 55.2800, 10104
2017-11-15, 55.1100, 55.1399, 54.7510, 55.0100, 3793
2017-11-16, 55.4600, 55.6900, 55.0500, 55.6900, 4401
2017-11-17, 55.7500, 55.9400, 55.6740, 55.7500, 43047
2017-11-20, 55.8000, 55.9600, 55.4100, 55.6300, 75348
2017-11-21, 55.9800, 56.1299, 55.9300, 56.1000, 9755
2017-11-22, 56.2300, 56.2300, 55.9700, 56.1100, 10719
2017-11-24, 56.2500, 56.2500, 55.9701, 56.1300, 3780
2017-11-27, 56.1800, 56.1800, 55.6400, 55.7500, 9107
2017-11-28, 55.4700, 56.0333, 54.7500, 55.9900, 5723
2017-11-29, 55.9150, 55.9150, 55.2000, 55.2400, 22388
2017-11-30, 55.4000, 55.6700, 55.4000, 55.5200, 4854
2017-12-01, 55.3700, 56.5600, 54.6700, 55.2860, 33444
2017-12-04, 55.4200, 55.4200, 54.6000, 54.6200, 18680
2017-12-05, 54.5300, 54.9600, 54.5300, 54.6100, 4721
2017-12-06, 54.5550, 54.6060, 54.3800, 54.6060, 7574
2017-12-07, 54.5860, 54.6200, 54.2600, 54.4000, 100811
2017-12-08, 54.9700, 54.9700, 54.5000, 54.5200, 23192
2017-12-11, 54.9000, 54.9000, 54.7400, 54.8800, 10222
2017-12-12, 54.7400, 54.8018, 54.6301, 54.6800, 5227
2017-12-13, 54.5900, 55.0299, 54.5900, 54.6500, 33275
2017-12-14, 54.7000, 55.0300, 54.6300, 54.7000, 4713
2017-12-15, 55.0200, 55.2200, 54.7900, 54.9800, 4487
2017-12-18, 55.6400, 55.6400, 55.3650, 55.6100, 7311
2017-12-19, 55.5700, 55.6300, 55.3613, 55.4364, 7097
2017-12-20, 55.6900, 55.7300, 55.5900, 55.6900, 19933
2017-12-21, 55.4900, 55.6500, 55.3540, 55.5100, 9789
2017-12-22, 55.2790, 55.4300, 55.2790, 55.3450, 3146
2017-12-26, 55.2700, 55.2700, 55.0500, 55.0761, 4426
2017-12-27, 55.2500, 55.2500, 54.9500, 55.0984, 5483
2017-12-28, 55.1301, 55.2100, 55.0100, 55.1467, 6574
2017-12-29, 55.2800, 55.2800, 54.9800, 55.1200, 4266
2018-01-02, 55.4500, 55.5300, 55.1400, 55.5258, 46922
2018-01-03, 55.5500, 55.8699, 55.5500, 55.8699, 17815
2018-01-04, 55.9200, 56.0100, 55.7400, 55.8501, 196411
2018-01-05, 56.0300, 56.0900, 55.8800, 55.9300, 492399
2018-01-08, 56.1600, 56.1900, 55.8000, 56.1900, 13284
2018-01-09, 56.1900, 56.3400, 56.0272, 56.2900, 219198
2018-01-10, 56.1600, 56.1600, 56.0000, 56.1050, 13322
2018-01-11, 56.2500, 56.4700, 56.1098, 56.4100, 12965
2018-01-12, 56.4400, 56.6400, 56.4000, 56.5800, 7223
2018-01-16, 56.6000, 56.7600, 56.1501, 56.3958, 24780
2018-01-17, 56.3700, 56.7600, 56.3700, 56.7600, 9780
2018-01-18, 56.9900, 57.1000, 56.8301, 56.9400, 20430
2018-01-19, 57.1300, 57.2000, 56.9122, 57.2000, 14530
2018-01-22, 57.2000, 57.4000, 57.1000, 57.3800, 50230
2018-01-23, 57.5400, 57.6490, 57.3400, 57.5500, 21417
2018-01-24, 57.7300, 57.7800, 57.1900, 57.1900, 62373
2018-01-25, 57.3900, 57.5100, 57.1100, 57.3000, 108423
2018-01-26, 57.3600, 57.8900, 57.2416, 57.8900, 7280
2018-01-29, 57.8400, 57.8400, 57.2700, 57.5800, 40175
2018-01-30, 57.2600, 57.2636, 57.0200, 57.0500, 4097
2018-01-31, 57.3900, 57.3900, 57.0700, 57.1100, 10985
2018-02-01, 56.7300, 57.2600, 56.7200, 57.0600, 31700
2018-02-02, 56.8100, 56.8100, 56.0200, 56.0200, 24834
2018-02-05, 55.6600, 56.4650, 54.9700, 55.1999, 84964
2018-02-06, 55.2200, 55.3900, 54.6100, 54.8400, 349038
2018-02-07, 55.4900, 55.7199, 55.1900, 55.3000, 8313
2018-02-08, 55.5300, 55.5500, 53.7100, 53.9078, 84538
2018-02-09, 54.1100, 54.2200, 53.0400, 54.0700, 54060
2018-02-12, 54.6500, 54.7800, 54.3800, 54.4700, 15890
2018-02-13, 54.3100, 54.7600, 54.2900, 54.7600, 10091
2018-02-14, 54.6400, 55.4200, 54.6400, 55.2600, 8184
2018-02-15, 55.5400, 55.7000, 55.4000, 55.5400, 1161498
2018-02-16, 55.8500, 56.1200, 55.7000, 55.7970, 130192
2018-02-20, 55.9000, 56.0990, 55.5300, 55.9700, 1278855
2018-02-21, 56.0000, 56.3342, 56.0000, 56.0700, 11399
2018-02-22, 56.1000, 56.2200, 55.8022, 55.8022, 556181
2018-02-23, 56.1500, 56.5700, 56.0300, 56.5700, 15844
2018-02-26, 56.6300, 56.7700, 56.4471, 56.7700, 9559
2018-02-27, 56.8600, 56.9400, 56.3550, 56.3550, 39407
2018-02-28, 56.8500, 56.8500, 56.3000, 56.3900, 27311
2018-03-01, 56.5500, 56.5500, 55.6000, 55.9000, 12333
2018-03-02, 55.7800, 56.4700, 55.5400, 56.4700, 79145
2018-03-05, 56.3400, 56.9200, 56.2300, 56.9200, 9825
2018-03-06, 57.4000, 57.4500, 56.9751, 57.4500, 28773
2018-03-07, 57.0400, 57.6500, 56.1700, 57.6500, 82234
2018-03-08, 57.8500, 57.8600, 57.6514, 57.8600, 18497
2018-03-09, 58.0000, 58.2400, 57.8900, 58.2300, 10967
2018-03-12, 58.1700, 58.6800, 58.1700, 58.6100, 18348
2018-03-13, 58.8800, 58.9290, 58.2700, 58.3800, 20410
2018-03-14, 58.4250, 58.5200, 58.0900, 58.2500, 89413
2018-03-15, 58.7100, 58.7100, 58.1610, 58.2300, 33163
2018-03-16, 58.5500, 58.5500, 58.1499, 58.1700, 12496
2018-03-19, 58.0400, 58.2000, 57.5200, 57.9100, 32569
2018-03-20, 58.0300, 58.1700, 57.8800, 58.0000, 15351
2018-03-21, 58.4300, 58.5900, 58.0800, 58.0800, 21897
2018-03-22, 57.8900, 58.0800, 57.3600, 57.3800, 27381
2018-03-23, 57.5400, 57.6043, 56.4900, 56.4900, 19319
2018-03-26, 57.1400, 57.3500, 56.7800, 57.3500, 17349
2018-03-27, 57.6800, 57.6800, 56.2200, 56.3300, 33761
2018-03-28, 56.3400, 56.3600, 55.6700, 55.6900, 26883
2018-03-29, 56.0700, 56.6290, 55.8700, 56.3200, 48452
2018-04-02, 56.0100, 56.0100, 55.0000, 55.0800, 221007
2018-04-03, 55.6600, 55.7400, 55.4000, 55.7400, 14906
2018-04-04, 54.9000, 56.0000, 54.9000, 55.9800, 12411
2018-04-05, 56.2800, 56.2800, 55.9110, 56.1200, 6028
2018-04-06, 55.6100, 55.9400, 55.2700, 55.3800, 12724
2018-04-09, 55.6400, 56.0100, 55.4700, 55.4900, 9343
2018-04-10, 56.0600, 56.3900, 55.8700, 56.3400, 11023
2018-04-11, 55.9300, 56.5101, 55.9300, 56.2800, 7618
2018-04-12, 56.6400, 56.8400, 56.6336, 56.7300, 30834
2018-04-13, 57.0200, 57.0200, 56.3720, 56.5300, 9865
2018-04-16, 56.6700, 56.9200, 56.4246, 56.6100, 8610
2018-04-17, 56.8600, 57.2500, 56.8000, 57.1900, 9695
2018-04-18, 57.2000, 57.4300, 57.0600, 57.3900, 18822
2018-04-19, 57.1800, 57.3700, 56.7900, 56.9500, 18875
2018-04-20, 57.1900, 57.1900, 56.6100, 56.6800, 9692
2018-04-23, 56.7900, 57.0800, 56.3850, 56.4328, 13563
2018-04-24, 56.8400, 56.8400, 55.6500, 55.9300, 19042
2018-04-25, 55.9300, 55.9900, 55.5700, 55.8600, 14742
2018-04-26, 56.2306, 56.4500, 56.2306, 56.4300, 6252
2018-04-27, 56.7250, 56.7250, 56.0854, 56.2600, 25691
2018-04-30, 56.4500, 56.4500, 56.0000, 56.0500, 9929
2018-05-01, 56.0000, 56.0700, 55.7300, 56.0600, 8660
2018-05-02, 56.1400, 56.3800, 56.1050, 56.1050, 10416
2018-05-03, 55.8200, 56.1600, 55.6900, 56.1194, 10671
2018-05-04, 55.9600, 56.7900, 55.9600, 56.6100, 11268
2018-05-07, 56.6300, 57.2500, 56.6300, 57.1700, 8808
2018-05-08, 57.1200, 57.3300, 57.1200, 57.3300, 17025
2018-05-09, 57.4400, 57.5900, 57.2800, 57.5900, 8064
2018-05-10, 57.7700, 57.9193, 57.6750, 57.8000, 34400
2018-05-11, 57.9400, 57.9400, 57.5600, 57.7100, 13551
2018-05-14, 58.0800, 58.1300, 57.7500, 57.8100, 13391
2018-05-15, 57.6700, 57.8700, 57.5000, 57.7700, 85176
2018-05-16, 57.6500, 58.0900, 57.6500, 58.0800, 102456
2018-05-17, 57.7600, 58.1500, 57.7600, 57.9500, 18933
2018-05-18, 58.1000, 58.1000, 57.7996, 57.8684, 4437
2018-05-21, 58.2500, 58.4800, 57.8750, 58.0300, 37936
2018-05-22, 58.1900, 58.1900, 57.8700, 57.8700, 8661
2018-05-23, 57.9300, 57.9800, 57.7700, 57.8900, 6113
2018-05-24, 57.9400, 58.2300, 57.8600, 58.1500, 16050
2018-05-25, 58.0300, 58.2200, 57.9500, 58.1500, 23478
2018-05-29, 57.9500, 58.1300, 57.8010, 58.0100, 8623
2018-05-30, 58.2500, 58.5000, 58.2100, 58.4700, 36830
2018-05-31, 58.3700, 58.4100, 58.0500, 58.0500, 21538
2018-06-01, 58.4100, 58.5400, 58.2200, 58.5100, 19883
2018-06-04, 58.7600, 58.7600, 58.4500, 58.6700, 12308
2018-06-05, 58.8100, 58.9800, 58.7700, 58.8100, 28851
2018-06-06, 59.0300, 59.2408, 58.9200, 59.2100, 9167
2018-06-07, 59.5000, 59.5000, 58.6800, 58.9450, 28408
2018-06-08, 58.8000, 59.0200, 58.8000, 58.9600, 6594
2018-06-11, 59.0900, 59.2700, 59.0230, 59.2194, 65767
2018-06-12, 59.3500, 59.6900, 59.2754, 59.5300, 90914
2018-06-13, 59.6400, 59.7673, 59.3801, 59.5724, 25051
2018-06-14, 59.6500, 59.9100, 59.6500, 59.7200, 90027
2018-06-15, 59.6700, 59.8300, 59.5101, 59.7300, 54195
2018-06-18, 59.4500, 59.8500, 59.3400, 59.8400, 15121
2018-06-19, 59.2600, 59.6400, 59.0710, 59.5790, 31910
2018-06-20, 59.8300, 60.0000, 59.7700, 59.9900, 8718
2018-06-21, 60.0900, 60.0900, 59.3400, 59.4400, 9993
2018-06-22, 59.6300, 59.6300, 58.9200, 58.9200, 1010002
2018-06-25, 58.5600, 59.0000, 57.6600, 58.0485, 21833
2018-06-26, 57.9500, 58.2350, 57.8501, 58.1300, 40927
2018-06-27, 58.2475, 58.2600, 57.3300, 57.3300, 999985
2018-06-28, 57.1900, 57.7105, 57.1900, 57.5700, 5091
2018-06-29, 57.8600, 57.8900, 57.7100, 57.7100, 41232
2018-07-02, 57.3600, 58.1600, 57.3200, 57.7127, 14192
2018-07-03, 57.7800, 57.9400, 57.5400, 57.5800, 6379
2018-07-05, 57.9400, 57.9800, 57.5700, 57.9800, 32415
2018-07-06, 57.9400, 58.5528, 57.9400, 58.5100, 27654
2018-07-09, 58.8400, 58.8400, 58.4342, 58.7500, 17530
2018-07-10, 58.8900, 58.8900, 58.6210, 58.7400, 9925
2018-07-11, 58.4100, 58.6022, 58.3000, 58.4200, 18903
2018-07-12, 58.7300, 59.0000, 58.6004, 59.0000, 10557
2018-07-13, 58.9400, 59.1500, 58.7236, 58.9000, 22049
2018-07-16, 58.8700, 58.8700, 58.5900, 58.6900, 10992
2018-07-17, 58.5300, 59.0600, 58.5300, 58.9888, 10322
2018-07-18, 59.0100, 59.0800, 58.8501, 59.0400, 15198
2018-07-19, 58.8700, 58.9600, 58.7820, 58.9400, 7849
2018-07-20, 58.9100, 58.9470, 58.7901, 58.8200, 9253
2018-07-23, 58.7300, 58.8200, 58.5000, 58.7800, 10068
2018-07-24, 59.0200, 59.0200, 58.2301, 58.3600, 20791
2018-07-25, 58.4000, 58.6300, 58.3500, 58.6062, 18012
2018-07-26, 58.6300, 59.0000, 58.6200, 58.9200, 29496
2018-07-27, 58.9700, 58.9700, 58.1200, 58.3050, 14579
2018-07-30, 58.3500, 58.3800, 57.5700, 57.7500, 19923
2018-07-31, 57.8500, 58.0399, 57.5600, 57.8600, 11075
2018-08-01, 57.9100, 58.0900, 57.4201, 57.9500, 47323
2018-08-02, 57.8300, 58.5200, 57.8300, 58.5000, 20287
2018-08-03, 58.6200, 58.8400, 58.3431, 58.4500, 20557
2018-08-06, 58.4600, 58.8300, 58.2800, 58.8300, 19465
2018-08-07, 58.8800, 59.3378, 58.8800, 59.2100, 20090
2018-08-08, 59.1300, 59.2400, 58.9956, 59.0958, 35731
2018-08-09, 58.9400, 59.3450, 58.9400, 59.1900, 158521
2018-08-10, 58.6700, 58.9000, 58.5200, 58.6800, 30720
2018-08-13, 58.8000, 58.8800, 58.4900, 58.5200, 7645
2018-08-14, 58.7000, 58.7000, 58.4556, 58.5400, 10345
2018-08-15, 58.0900, 58.2100, 57.6820, 57.9500, 13599
2018-08-16, 58.1400, 58.2500, 58.0000, 58.0500, 14450
2018-08-17, 57.8300, 58.0390, 57.6800, 57.9600, 15885
2018-08-20, 58.1300, 58.1600, 57.8055, 58.1500, 27623
2018-08-21, 58.1600, 58.7587, 58.1600, 58.6300, 17200
2018-08-22, 58.4500, 58.9150, 58.4500, 58.9150, 16528
2018-08-23, 58.9400, 59.2100, 58.9400, 58.9400, 11674
2018-08-24, 59.1400, 59.5300, 59.1400, 59.5300, 19240
2018-08-27, 59.7600, 59.9496, 59.6300, 59.8400, 13891
2018-08-28, 59.9700, 59.9700, 59.6835, 59.8498, 18114
2018-08-29, 59.9900, 60.1424, 59.8771, 60.1207, 14758
2018-08-30, 60.0000, 60.2700, 59.7300, 59.8900, 18187
2018-08-31, 59.7900, 60.0100, 59.7900, 60.0000, 8409
2018-09-04, 59.9000, 60.0300, 59.6700, 60.0200, 17205
2018-09-05, 59.9900, 59.9900, 59.2200, 59.2850, 9699
2018-09-06, 59.3000, 59.3000, 59.0000, 59.1000, 12263
2018-09-07, 58.8500, 59.4891, 58.6500, 59.0474, 28792
2018-09-10, 59.0100, 59.2990, 59.0100, 59.1900, 20028
2018-09-11, 59.1600, 59.3600, 59.0500, 59.2300, 102053
2018-09-12, 59.2700, 59.4900, 58.8100, 59.4700, 50056
2018-09-13, 59.7700, 59.9300, 59.5966, 59.6500, 253118
2018-09-14, 59.8500, 59.9899, 59.7101, 59.9400, 24163
2018-09-17, 59.8600, 59.8600, 59.1640, 59.2400, 64130
2018-09-18, 59.4100, 59.5900, 59.4100, 59.4400, 70869
2018-09-19, 59.5700, 60.0000, 59.1800, 59.3700, 26281
2018-09-20, 59.7100, 59.7100, 59.4890, 59.5500, 60438
2018-09-21, 59.7600, 59.7800, 59.3900, 59.3900, 81971
2018-09-24, 59.3300, 59.5599, 59.2200, 59.5400, 35778
2018-09-25, 59.6400, 59.8900, 59.5300, 59.8250, 243119
2018-09-26, 59.9100, 59.9450, 59.5500, 59.6000, 43426
2018-09-27, 59.6600, 59.9100, 59.6600, 59.7900, 34043
2018-09-28, 59.5900, 59.9900, 59.5900, 59.8600, 45869
2018-10-01, 60.1100, 60.1100, 59.5500, 59.6100, 160612
2018-10-02, 59.8700, 59.8700, 59.1400, 59.1800, 21445
2018-10-03, 59.5900, 59.5900, 59.1650, 59.2300, 156563
2018-10-04, 59.3400, 59.3400, 58.3300, 58.5350, 63071
2018-10-05, 58.4800, 58.6540, 57.7000, 58.0700, 43603
2018-10-08, 57.9400, 57.9900, 57.1000, 57.4400, 42213
2018-10-09, 57.6600, 57.6600, 57.3230, 57.3700, 50074
2018-10-10, 57.3000, 57.3000, 55.9700, 56.0100, 305624
2018-10-11, 55.8700, 56.5600, 55.6800, 55.9100, 78524
2018-10-12, 55.5000, 56.7200, 55.5000, 56.5100, 135078
2018-10-15, 56.6300, 56.7893, 56.3296, 56.4100, 50490
2018-10-16, 56.8000, 57.6228, 56.8000, 57.3800, 89711
2018-10-17, 58.0000, 58.0000, 57.3412, 57.5600, 29765
2018-10-18, 57.5300, 57.5500, 56.8500, 57.1700, 161145
2018-10-19, 57.2400, 57.2499, 56.2100, 56.2100, 31594
2018-10-22, 56.6000, 56.6085, 56.1200, 56.3600, 30718
2018-10-23, 55.8800, 56.5000, 55.5739, 56.2000, 33461
2018-10-24, 56.3900, 56.3900, 54.7700, 54.7700, 22834
2018-10-25, 55.1900, 55.6061, 54.9600, 55.3800, 46374
2018-10-26, 54.7600, 55.3000, 54.3501, 54.7800, 34779
2018-10-29, 55.5700, 55.6600, 54.2800, 54.6600, 71279
2018-10-30, 54.6500, 55.2700, 54.5800, 55.1800, 92389
2018-10-31, 55.7500, 56.0800, 55.7400, 55.7750, 25744
2018-11-01, 55.9500, 56.6452, 55.7500, 56.5300, 178931
2018-11-02, 57.0000, 57.0500, 56.4700, 56.6300, 37389
2018-11-05, 56.8900, 56.9100, 56.0900, 56.4100, 50515
2018-11-06, 56.3400, 57.0250, 55.3000, 56.9600, 742794
2018-11-07, 57.5100, 58.7444, 56.8800, 57.5800, 63782
2018-11-08, 57.4700, 57.5969, 57.1700, 57.1950, 76662
2018-11-09, 56.6600, 56.9936, 56.3000, 56.5780, 19155
