2013-05-29, 20.0000, 20.0100, 20.0000, 20.0000, 714460
2013-05-30, 20.0000, 20.0100, 20.0000, 20.0000, 155702
2013-05-31, 20.0300, 20.1700, 20.0000, 20.1663, 39041
2013-06-03, 20.1500, 20.1500, 20.0000, 20.0000, 56319
2013-06-04, 20.0000, 20.0147, 20.0000, 20.0000, 48664
2013-06-05, 20.0000, 20.0500, 20.0000, 20.0000, 24069
2013-06-06, 20.0000, 20.0400, 20.0000, 20.0000, 36174
2013-06-07, 20.0000, 20.0300, 20.0000, 20.0000, 61356
2013-06-10, 20.0085, 20.0300, 20.0000, 20.0000, 37772
2013-06-11, 20.0299, 20.0400, 20.0000, 20.0000, 30440
2013-06-12, 20.0900, 20.0900, 20.0000, 20.0000, 55375
2013-06-13, 20.0000, 20.0200, 20.0000, 20.0000, 26765
2013-06-14, 20.0000, 20.0000, 20.0000, 20.0000, 16650
2013-06-17, 20.0000, 20.0200, 20.0000, 20.0000, 29490
2013-06-18, 20.0176, 20.0176, 20.0000, 20.0000, 28750
2013-06-19, 20.0000, 20.0099, 20.0000, 20.0000, 37467
2013-06-20, 20.0000, 20.0100, 20.0000, 20.0000, 200446
2013-06-21, 20.0000, 20.0100, 20.0000, 20.0000, 135550
2013-06-24, 20.0000, 20.0100, 20.0000, 20.0000, 175590
2013-06-25, 20.0000, 20.0100, 20.0000, 20.0000, 126625
2013-06-26, 20.0000, 20.0400, 20.0000, 20.0000, 76112
2013-06-27, 20.0000, 20.0400, 20.0000, 20.0200, 19700
2013-06-28, 20.0400, 20.0450, 20.0000, 20.0000, 81065
2013-07-01, 20.0000, 20.0499, 19.9000, 19.9000, 185108
2013-07-02, 19.9000, 19.9148, 19.9000, 19.9000, 325820
2013-07-03, 19.9000, 20.0100, 19.9000, 20.0000, 26664
2013-07-05, 19.8700, 20.0400, 19.8600, 19.8700, 30051
2013-07-08, 20.0100, 20.0100, 19.9000, 19.9000, 101585
2013-07-09, 19.9500, 20.0100, 19.9500, 20.0000, 118148
2013-07-10, 20.0000, 20.0100, 20.0000, 20.0000, 95554
2013-07-11, 20.0600, 20.0600, 20.0000, 20.0000, 99679
2013-07-12, 20.0900, 20.0900, 20.0000, 20.0000, 84327
2013-07-15, 19.9000, 19.9000, 18.8100, 18.9900, 247000
2013-07-16, 19.2900, 19.2900, 18.4200, 18.7000, 123721
2013-07-17, 18.7000, 18.7500, 18.3300, 18.5408, 99282
2013-07-18, 18.5300, 18.9900, 18.5300, 18.9800, 19507
2013-07-19, 19.0900, 19.5900, 18.7700, 19.3500, 24260
2013-07-22, 19.1100, 19.2225, 18.6100, 18.7100, 39191
2013-07-23, 18.8900, 18.9253, 18.7097, 18.7804, 13695
2013-07-24, 18.9700, 18.9700, 18.1100, 18.4400, 38286
2013-07-25, 18.5000, 18.6500, 18.2601, 18.4100, 15518
2013-07-26, 18.4000, 18.5100, 18.0200, 18.2900, 17448
2013-07-29, 18.3324, 18.7000, 18.1200, 18.7000, 71850
2013-07-30, 18.5700, 18.9500, 17.6700, 17.8500, 235418
2013-07-31, 17.8500, 18.1200, 17.6100, 17.6600, 102662
2013-08-01, 17.9200, 17.9900, 17.7000, 17.7400, 41226
2013-08-02, 17.8000, 17.8500, 17.4800, 17.6000, 127602
2013-08-05, 17.6500, 17.8200, 17.5101, 17.7770, 41468
2013-08-06, 17.5500, 17.8300, 17.5000, 17.6800, 38538
2013-08-07, 17.8000, 18.0500, 17.6100, 17.9800, 58472
2013-08-08, 17.7900, 18.0700, 17.6200, 17.9496, 38673
2013-08-09, 17.8400, 18.1000, 17.5200, 18.1000, 64953
2013-08-12, 17.9400, 18.1400, 17.7000, 17.7900, 44000
2013-08-13, 17.7900, 17.9399, 17.5200, 17.5700, 59610
2013-08-14, 17.5700, 17.8900, 17.4500, 17.5000, 70107
2013-08-15, 17.5300, 17.8000, 17.1300, 17.7300, 116453
2013-08-16, 17.5700, 17.5900, 17.2500, 17.3284, 49513
2013-08-19, 17.4500, 17.5299, 17.1500, 17.1600, 56701
2013-08-20, 17.1600, 17.3800, 17.0000, 17.1800, 70036
2013-08-21, 17.4300, 17.4300, 16.7500, 16.9500, 99892
2013-08-22, 16.9400, 16.9800, 16.5400, 16.8763, 81797
2013-08-23, 16.9500, 17.1900, 16.7100, 17.1200, 50030
2013-08-26, 17.1100, 17.2900, 16.8700, 17.1800, 87063
2013-08-27, 17.1400, 17.1400, 16.8200, 17.1200, 104181
2013-08-28, 17.2500, 17.2500, 16.9100, 16.9500, 34190
2013-08-29, 16.9200, 16.9600, 16.8200, 16.9300, 65890
2013-08-30, 17.0000, 17.2000, 16.9028, 17.2000, 42907
2013-09-03, 17.1700, 17.1800, 16.9700, 17.0000, 32308
2013-09-04, 17.0000, 17.6500, 17.0000, 17.6300, 89320
2013-09-05, 17.5700, 17.5800, 17.2500, 17.3900, 32725
2013-09-06, 17.3000, 17.5999, 17.2100, 17.2400, 37820
2013-09-09, 17.3300, 17.3790, 17.1500, 17.1700, 65222
2013-09-10, 17.1500, 17.2499, 17.0700, 17.1800, 42373
2013-09-11, 17.2900, 17.4400, 17.1400, 17.3974, 53603
2013-09-12, 17.3900, 17.5100, 17.1800, 17.1900, 76916
2013-09-13, 17.3400, 17.3900, 17.0700, 17.0900, 58558
2013-09-16, 17.1700, 17.2500, 17.0200, 17.1400, 70927
2013-09-17, 17.0800, 17.2199, 17.0200, 17.1100, 123873
2013-09-18, 17.1200, 17.4000, 17.0601, 17.2700, 121079
2013-09-19, 17.2700, 17.4500, 17.1900, 17.3900, 110584
2013-09-20, 17.2200, 17.4511, 17.0700, 17.2100, 196137
2013-09-23, 17.1900, 17.3800, 17.1800, 17.2500, 100304
2013-09-24, 17.3400, 17.3500, 17.1500, 17.3100, 152194
2013-09-25, 17.3200, 17.3400, 17.1900, 17.2700, 125097
2013-09-26, 17.3500, 17.4311, 17.2600, 17.3500, 82769
2013-09-27, 17.3500, 17.8900, 17.2500, 17.8800, 189185
2013-09-30, 17.9500, 17.9500, 17.6200, 17.8000, 325417
2013-10-01, 17.6400, 17.8300, 17.4300, 17.5859, 97893
2013-10-02, 17.7000, 17.7688, 17.6100, 17.6700, 72921
2013-10-03, 17.5700, 17.7700, 17.5300, 17.6600, 60644
2013-10-04, 17.6300, 17.7900, 17.6300, 17.7639, 23012
2013-10-07, 17.7200, 17.7900, 17.4600, 17.7000, 79481
2013-10-08, 17.6300, 17.7300, 17.4000, 17.4500, 49856
2013-10-09, 17.4700, 17.6800, 17.3600, 17.6800, 57379
2013-10-10, 17.7300, 17.9200, 17.5000, 17.9100, 61874
2013-10-11, 17.6700, 18.0899, 17.6600, 17.9000, 59161
2013-10-14, 17.8700, 17.8900, 17.5100, 17.6200, 61002
2013-10-15, 17.5600, 17.7800, 17.2000, 17.3100, 84503
2013-10-16, 17.4600, 17.7500, 17.3600, 17.5600, 56998
2013-10-17, 17.7000, 17.8600, 17.5100, 17.8000, 71969
2013-10-18, 18.3000, 18.3000, 17.9600, 18.0600, 90381
2013-10-21, 18.0000, 18.1399, 17.6300, 17.8100, 102988
2013-10-22, 18.3800, 18.3800, 17.6500, 17.8300, 166520
2013-10-23, 17.8700, 18.1200, 17.7000, 17.9500, 102265
2013-10-24, 18.0100, 18.1300, 17.7600, 17.9400, 54987
2013-10-25, 18.0000, 18.1900, 17.8500, 18.1200, 37121
2013-10-28, 18.3600, 18.4200, 18.1000, 18.2900, 77138
2013-10-29, 18.2500, 18.5000, 18.0986, 18.4100, 68219
2013-10-30, 18.4500, 18.4500, 18.1600, 18.2600, 83876
2013-10-31, 18.1000, 18.2100, 18.0100, 18.1799, 49675
2013-11-01, 18.1100, 18.3800, 18.0200, 18.3800, 46849
2013-11-04, 18.4100, 18.4100, 18.1100, 18.2100, 51279
2013-11-05, 18.3000, 18.3000, 17.9600, 18.0200, 67559
2013-11-06, 17.9500, 18.0868, 17.9400, 17.9700, 168380
2013-11-07, 17.9800, 18.0600, 17.9200, 17.9300, 68387
2013-11-08, 17.9300, 18.0800, 17.9100, 17.9100, 50230
2013-11-11, 17.8800, 17.9999, 17.8800, 17.9600, 38066
2013-11-12, 17.8000, 17.9699, 17.6700, 17.7200, 87506
2013-11-13, 17.7200, 17.8600, 17.7200, 17.8100, 100471
2013-11-14, 17.7300, 17.8399, 17.7100, 17.7400, 63783
2013-11-15, 17.7000, 18.0500, 17.7000, 17.9400, 63379
2013-11-18, 17.8700, 17.9600, 17.7100, 17.7200, 143287
2013-11-19, 17.7600, 17.7600, 17.6300, 17.6500, 76572
2013-11-20, 17.6600, 17.8000, 17.6200, 17.6400, 80522
2013-11-21, 17.8200, 17.8200, 17.5900, 17.5900, 75164
2013-11-22, 17.5300, 17.6284, 17.4300, 17.4701, 142216
2013-11-25, 17.6700, 17.6700, 17.4000, 17.4800, 122309
2013-11-26, 17.4900, 17.6900, 17.4500, 17.6600, 105348
2013-11-27, 17.5900, 17.7500, 17.5400, 17.7000, 109549
2013-11-29, 17.6300, 17.8699, 17.6100, 17.8600, 28439
2013-12-02, 17.8000, 17.9900, 17.8000, 17.9400, 64701
2013-12-03, 17.8600, 18.0100, 17.6900, 17.8000, 79708
2013-12-04, 17.8700, 17.8800, 17.7000, 17.7000, 81048
2013-12-05, 17.6400, 17.8300, 17.5400, 17.6000, 75387
2013-12-06, 17.7700, 18.0000, 17.4800, 17.5700, 115731
2013-12-09, 17.6100, 17.9000, 17.6000, 17.7980, 109999
2013-12-10, 17.7900, 17.8800, 17.6180, 17.6800, 167249
2013-12-11, 17.6900, 17.7700, 17.5300, 17.7000, 150487
2013-12-12, 17.4000, 17.4000, 17.2300, 17.3100, 127607
2013-12-13, 17.2200, 17.3000, 17.1448, 17.2400, 117658
2013-12-16, 17.2200, 17.3595, 17.1800, 17.2800, 100584
2013-12-17, 17.3500, 17.4100, 17.1800, 17.2300, 115365
2013-12-18, 17.2200, 17.3400, 17.1400, 17.2300, 226282
2013-12-19, 17.3000, 17.4000, 17.2200, 17.2900, 150767
2013-12-20, 17.4200, 17.5600, 17.2200, 17.2400, 206336
2013-12-23, 17.2500, 17.6790, 17.2500, 17.4800, 279715
2013-12-24, 17.4300, 17.8000, 17.4200, 17.7000, 106432
2013-12-26, 17.7500, 17.9400, 17.7200, 17.7700, 107526
2013-12-27, 17.7100, 17.9700, 17.6900, 17.7400, 58145
2013-12-30, 17.6900, 17.8700, 17.5200, 17.7100, 200634
2013-12-31, 17.7900, 17.9800, 17.7600, 17.9800, 133908
2014-01-02, 18.0300, 18.0800, 17.9100, 18.0500, 51994
2014-01-03, 18.1200, 18.1600, 18.0000, 18.1600, 72577
2014-01-06, 18.2000, 18.2000, 18.1000, 18.1800, 44091
2014-01-07, 18.2000, 18.2900, 18.1000, 18.2600, 74631
2014-01-08, 18.3500, 18.3800, 18.2700, 18.2800, 91592
2014-01-09, 18.3400, 18.4000, 18.2800, 18.4000, 89288
2014-01-10, 18.3300, 18.6000, 18.3300, 18.3900, 61763
2014-01-13, 18.3600, 18.5500, 18.2700, 18.4200, 81212
2014-01-14, 18.4400, 18.4400, 18.2200, 18.2200, 54138
2014-01-15, 18.1900, 18.3599, 18.1900, 18.2700, 56276
2014-01-16, 18.2900, 18.3497, 18.2000, 18.3400, 65853
2014-01-17, 18.3200, 18.3600, 18.1500, 18.2500, 51836
2014-01-21, 18.3500, 18.3500, 18.0800, 18.1900, 83347
2014-01-22, 18.2500, 18.2800, 18.1700, 18.2500, 110979
2014-01-23, 18.2900, 18.3160, 18.1600, 18.2400, 68602
2014-01-24, 18.2800, 18.2800, 18.0100, 18.0490, 50383
2014-01-27, 18.0400, 18.0400, 17.8300, 17.9199, 55932
2014-01-28, 18.0600, 18.0600, 17.8000, 17.9200, 84799
2014-01-29, 17.8500, 17.9600, 17.7500, 17.8100, 85817
2014-01-30, 17.9300, 17.9499, 17.8100, 17.8600, 64825
2014-01-31, 17.7800, 17.9099, 17.7500, 17.8700, 44918
2014-02-03, 17.8500, 17.9599, 17.7000, 17.7400, 68369
2014-02-04, 17.7700, 17.8600, 17.7100, 17.8100, 64891
2014-02-05, 17.7400, 17.8900, 17.5800, 17.8700, 62312
2014-02-06, 17.9400, 18.0000, 17.8300, 17.9200, 34857
2014-02-07, 18.0400, 18.0600, 17.9001, 18.0000, 49124
2014-02-10, 18.0500, 18.3200, 18.0400, 18.1000, 26929
2014-02-11, 18.0600, 18.1700, 17.9300, 17.9400, 52803
2014-02-12, 17.9300, 17.9600, 17.8100, 17.8601, 63514
2014-02-13, 17.8000, 17.9800, 17.8000, 17.9200, 37115
2014-02-14, 17.9600, 18.1000, 17.9500, 18.0700, 45750
2014-02-18, 18.1900, 18.2400, 18.0100, 18.0300, 57443
2014-02-19, 18.0000, 18.1200, 18.0000, 18.0400, 38202
2014-02-20, 18.1300, 18.1300, 18.0100, 18.0200, 59008
2014-02-21, 18.1400, 18.1400, 18.0300, 18.0700, 41860
2014-02-24, 18.1600, 18.2300, 18.0600, 18.0700, 75148
2014-02-25, 18.1900, 18.2100, 18.0600, 18.0600, 67559
2014-02-26, 18.2000, 18.2000, 18.0900, 18.1000, 58956
2014-02-27, 18.1500, 18.1800, 18.0300, 18.1800, 98936
2014-02-28, 18.1200, 18.2200, 18.0800, 18.1600, 81339
2014-03-03, 18.1800, 18.3000, 18.1400, 18.2800, 96090
2014-03-04, 18.3300, 18.3800, 18.1700, 18.3500, 101796
2014-03-05, 18.3000, 18.3700, 18.2400, 18.3000, 54354
2014-03-06, 18.3500, 18.3500, 18.2500, 18.3000, 36884
2014-03-07, 18.2900, 18.2900, 18.1500, 18.2000, 31070
2014-03-10, 18.2600, 18.3800, 18.2600, 18.3700, 105709
2014-03-11, 18.4300, 18.4300, 18.2800, 18.3400, 44878
2014-03-12, 18.2900, 18.4400, 18.2900, 18.4300, 52038
2014-03-13, 18.4200, 18.4200, 18.2800, 18.3200, 54653
2014-03-14, 18.3600, 18.4000, 18.2800, 18.3400, 37328
2014-03-17, 18.2600, 18.3500, 18.2300, 18.3100, 96847
2014-03-18, 18.3400, 18.4300, 18.2300, 18.3000, 87479
2014-03-19, 18.3000, 18.3700, 18.2300, 18.3600, 62089
2014-03-20, 18.3400, 18.3500, 18.2100, 18.2800, 75925
2014-03-21, 18.3100, 18.3299, 18.2500, 18.3000, 46544
2014-03-24, 18.2800, 18.3399, 18.0700, 18.1300, 72024
2014-03-25, 18.1900, 18.2200, 18.1100, 18.1500, 65318
2014-03-26, 18.2100, 18.2900, 18.1300, 18.1700, 61645
2014-03-27, 18.1500, 18.2300, 18.1400, 18.1800, 40838
2014-03-28, 18.1400, 18.2700, 18.1400, 18.2200, 55567
2014-03-31, 18.1900, 18.2800, 18.1900, 18.2800, 39567
2014-04-01, 18.2200, 18.3200, 18.2200, 18.3000, 32229
2014-04-02, 18.3900, 18.3900, 18.2600, 18.3500, 52541
2014-04-03, 18.3900, 18.3900, 18.2900, 18.3260, 29581
2014-04-04, 18.3800, 18.4000, 18.3300, 18.3500, 34115
2014-04-07, 18.3000, 18.4100, 18.2700, 18.3200, 58826
2014-04-08, 18.3400, 18.3800, 18.2700, 18.3700, 32501
2014-04-09, 18.3700, 18.4601, 18.3600, 18.4580, 41906
2014-04-10, 18.4500, 18.5600, 18.4300, 18.5600, 84559
2014-04-11, 18.4500, 18.4740, 18.3100, 18.4600, 73177
2014-04-14, 18.5400, 18.5400, 18.4400, 18.5000, 96086
2014-04-15, 18.4300, 18.5000, 18.3000, 18.3300, 65644
2014-04-16, 18.3800, 18.4100, 18.3093, 18.3700, 39747
2014-04-17, 18.3700, 18.4000, 18.2900, 18.3496, 44003
2014-04-21, 18.3800, 18.4000, 18.2310, 18.2700, 65525
2014-04-22, 18.3200, 18.4001, 18.2500, 18.4000, 80065
2014-04-23, 18.3900, 18.5500, 18.3535, 18.5400, 53641
2014-04-24, 18.5400, 18.5900, 18.4400, 18.5590, 70276
2014-04-25, 18.6000, 18.6500, 18.5100, 18.5800, 61095
2014-04-28, 18.5800, 18.6100, 18.3986, 18.4600, 62353
2014-04-29, 18.5000, 18.5000, 18.4201, 18.4800, 33301
2014-04-30, 18.4900, 18.6200, 18.4000, 18.5600, 48530
2014-05-01, 18.6400, 18.6400, 18.4700, 18.5600, 55011
2014-05-02, 18.4600, 18.5500, 18.4000, 18.4000, 42139
2014-05-05, 18.4000, 18.4700, 18.3700, 18.4500, 34532
2014-05-06, 18.4300, 18.5000, 18.4200, 18.4800, 36257
2014-05-07, 18.4700, 18.5500, 18.4600, 18.5500, 64640
2014-05-08, 18.4700, 18.5500, 18.4700, 18.5400, 52180
2014-05-09, 18.5100, 18.5600, 18.4900, 18.5200, 89665
2014-05-12, 18.5200, 18.7200, 18.5200, 18.6400, 100369
2014-05-13, 18.5300, 18.5900, 18.4700, 18.5400, 41733
2014-05-14, 18.5200, 18.5600, 18.4510, 18.4900, 63581
2014-05-15, 18.5100, 18.5600, 18.4300, 18.4800, 28092
2014-05-16, 18.5400, 18.5400, 18.3900, 18.4300, 50636
2014-05-19, 18.4400, 18.5400, 18.4300, 18.5400, 34092
2014-05-20, 18.5300, 18.5300, 18.3990, 18.4600, 39685
2014-05-21, 18.4800, 18.5000, 18.4400, 18.4600, 87735
2014-05-22, 18.4700, 18.5400, 18.4600, 18.5400, 43685
2014-05-23, 18.4900, 18.5700, 18.4900, 18.5700, 27649
2014-05-27, 18.6700, 18.6700, 18.4100, 18.4700, 87581
2014-05-28, 18.4900, 18.5000, 18.3900, 18.4600, 68925
2014-05-29, 18.4900, 18.5700, 18.4648, 18.5400, 76486
2014-05-30, 18.5900, 18.5900, 18.4200, 18.4400, 84242
2014-06-02, 18.5100, 18.5200, 18.4300, 18.4600, 36719
2014-06-03, 18.4400, 18.5000, 18.3600, 18.3700, 96061
2014-06-04, 18.3100, 18.4400, 18.2900, 18.4400, 77680
2014-06-05, 18.4700, 18.4900, 18.4000, 18.4900, 47108
2014-06-06, 18.4600, 18.5600, 18.4600, 18.5300, 37010
2014-06-09, 18.4900, 18.5300, 18.4500, 18.4500, 35722
2014-06-10, 18.4000, 18.4900, 18.4000, 18.4800, 67479
2014-06-11, 18.4300, 18.5000, 18.4000, 18.5000, 82705
2014-06-12, 18.3700, 18.5000, 18.3300, 18.4100, 63730
2014-06-13, 18.3900, 18.4300, 18.3000, 18.3890, 87880
2014-06-16, 18.3900, 18.4700, 18.3800, 18.4300, 54571
2014-06-17, 18.4200, 18.4700, 18.3500, 18.4000, 91434
2014-06-18, 18.4500, 18.4700, 18.3500, 18.4300, 79048
2014-06-19, 18.4500, 18.4500, 18.3800, 18.3901, 76082
2014-06-20, 18.4300, 18.4800, 18.3500, 18.3500, 50035
2014-06-23, 18.3600, 18.4500, 18.3600, 18.4100, 83414
2014-06-24, 18.4000, 18.4400, 18.3400, 18.3700, 101832
2014-06-25, 18.4100, 18.5500, 18.4100, 18.5300, 74086
2014-06-26, 18.4600, 18.5300, 18.4300, 18.5200, 57226
2014-06-27, 18.5100, 18.5600, 18.4600, 18.5500, 24572
2014-06-30, 18.5400, 18.5500, 18.4400, 18.5000, 69705
2014-07-01, 18.4400, 18.6000, 18.4400, 18.5100, 42474
2014-07-02, 18.4600, 18.5200, 18.4500, 18.4805, 38424
2014-07-03, 18.5400, 18.5400, 18.3600, 18.3600, 43577
2014-07-07, 18.4300, 18.4500, 18.3100, 18.3400, 39312
2014-07-08, 18.3400, 18.3800, 18.2300, 18.2900, 113688
2014-07-09, 18.2400, 18.3396, 18.2100, 18.2399, 125125
2014-07-10, 18.0700, 18.2500, 18.0600, 18.2200, 78509
2014-07-11, 18.1700, 18.3100, 18.1600, 18.2300, 82384
2014-07-14, 18.2100, 18.3290, 18.2100, 18.2600, 90182
2014-07-15, 18.2100, 18.2100, 18.0600, 18.1000, 148844
2014-07-16, 18.1800, 18.1800, 18.0200, 18.0500, 68891
2014-07-17, 17.9700, 18.0700, 17.9100, 17.9500, 108145
2014-07-18, 17.9800, 18.0600, 17.9100, 18.0200, 61294
2014-07-21, 17.9500, 18.0300, 17.8400, 17.9100, 100273
2014-07-22, 17.8900, 17.9800, 17.8000, 17.9200, 127482
2014-07-23, 17.9200, 18.0300, 17.8601, 18.0000, 91980
2014-07-24, 17.9800, 18.0500, 17.9600, 18.0500, 71684
2014-07-25, 18.0300, 18.0500, 17.9600, 18.0400, 48487
2014-07-28, 18.0400, 18.0400, 17.8700, 17.9700, 71925
2014-07-29, 17.9800, 17.9800, 17.9100, 17.9600, 66979
2014-07-30, 17.9600, 17.9900, 17.7500, 17.7500, 107282
2014-07-31, 17.7500, 17.7900, 17.5001, 17.5500, 165497
2014-08-01, 17.6100, 17.6600, 17.4200, 17.5200, 94541
2014-08-04, 17.5100, 17.6400, 17.4000, 17.5000, 98497
2014-08-05, 17.4600, 17.5600, 17.2700, 17.3100, 130250
2014-08-06, 17.2800, 17.5400, 17.2800, 17.4100, 73867
2014-08-07, 17.4600, 17.6200, 17.3900, 17.5100, 88622
2014-08-08, 17.5200, 17.6900, 17.5199, 17.5800, 54867
2014-08-11, 17.6600, 17.7300, 17.6500, 17.7000, 61637
2014-08-12, 17.6900, 17.8000, 17.6700, 17.6800, 42600
2014-08-13, 17.6500, 17.6900, 17.5100, 17.5700, 56298
2014-08-14, 17.5900, 17.7420, 17.5800, 17.5800, 58524
2014-08-15, 17.6000, 17.7200, 17.4700, 17.6300, 106715
2014-08-18, 17.6600, 17.6800, 17.6100, 17.6700, 66803
2014-08-19, 17.7100, 17.7800, 17.6100, 17.7800, 74531
2014-08-20, 17.7500, 17.8200, 17.7401, 17.8100, 77854
2014-08-21, 17.8400, 17.9300, 17.7800, 17.7900, 66609
2014-08-22, 17.7700, 17.8500, 17.7101, 17.7500, 61753
2014-08-25, 17.7700, 17.9400, 17.7400, 17.8800, 184480
2014-08-26, 17.9600, 17.9600, 17.8300, 17.8900, 109359
2014-08-27, 17.8400, 17.9600, 17.8100, 17.9500, 113778
2014-08-28, 17.8500, 17.9800, 17.8500, 17.9100, 59266
2014-08-29, 17.8900, 18.0900, 17.8900, 18.0900, 35103
2014-09-02, 18.0700, 18.0800, 17.9900, 18.0800, 53788
2014-09-03, 18.1100, 18.1100, 18.0001, 18.1100, 47515
2014-09-04, 18.0300, 18.1200, 18.0200, 18.1200, 142659
2014-09-05, 18.0400, 18.0900, 18.0000, 18.0200, 72486
2014-09-08, 18.0400, 18.0600, 17.8200, 17.8900, 65803
2014-09-09, 17.8900, 17.9600, 17.8300, 17.8500, 40623
2014-09-10, 17.8600, 17.8700, 17.7800, 17.8500, 37310
2014-09-11, 17.8700, 17.8900, 17.7300, 17.8050, 69674
2014-09-12, 17.7200, 17.8200, 17.6100, 17.7600, 65183
2014-09-15, 17.7500, 17.8400, 17.6687, 17.6800, 50890
2014-09-16, 17.7100, 17.7900, 17.5800, 17.6600, 83947
2014-09-17, 17.5800, 17.7000, 17.5500, 17.6200, 75152
2014-09-18, 17.5600, 17.7400, 17.5400, 17.7400, 77393
2014-09-19, 17.7100, 17.7600, 17.7000, 17.7500, 39079
2014-09-22, 17.7500, 17.7500, 17.5300, 17.6500, 56167
2014-09-23, 17.5500, 17.6436, 17.5000, 17.5000, 134665
2014-09-24, 17.4400, 17.5400, 17.3700, 17.4900, 145993
2014-09-25, 17.4900, 17.5000, 17.3000, 17.3800, 50858
2014-09-26, 17.3100, 17.3600, 17.2200, 17.3600, 69179
2014-09-29, 17.2400, 17.3300, 17.1301, 17.2600, 67548
2014-09-30, 17.3200, 17.3300, 17.1300, 17.2900, 74224
2014-10-01, 17.3600, 17.4100, 17.1250, 17.1300, 90972
2014-10-02, 17.1000, 17.1900, 17.0000, 17.1300, 126256
2014-10-03, 17.2600, 17.2900, 17.0900, 17.1800, 135692
2014-10-06, 17.2100, 17.3701, 17.2100, 17.2950, 81925
2014-10-07, 17.2700, 17.3600, 17.2300, 17.3600, 88174
2014-10-08, 17.3800, 17.4300, 17.2600, 17.4100, 85973
2014-10-09, 17.4100, 17.4400, 17.2200, 17.2200, 102524
2014-10-10, 17.2800, 17.3200, 17.0401, 17.1800, 57363
2014-10-13, 17.2500, 17.2700, 17.0050, 17.1700, 53471
2014-10-14, 17.1500, 17.1900, 17.0600, 17.1900, 42583
2014-10-15, 17.0000, 17.0600, 16.6700, 16.8000, 135071
2014-10-16, 16.6000, 17.0300, 16.4300, 17.0300, 55714
2014-10-17, 17.0500, 17.1900, 16.9700, 17.1500, 72882
2014-10-20, 17.1300, 17.3050, 17.1300, 17.2920, 38299
2014-10-21, 17.4300, 17.4500, 17.2800, 17.3800, 40752
2014-10-22, 17.3300, 17.4800, 17.3300, 17.3400, 29143
2014-10-23, 17.5800, 17.5800, 17.4800, 17.5100, 46962
2014-10-24, 17.5200, 17.6400, 17.5100, 17.6100, 73603
2014-10-27, 17.5900, 17.6300, 17.4800, 17.5800, 23376
2014-10-28, 17.6500, 17.6500, 17.4900, 17.5000, 61460
2014-10-29, 17.4700, 17.6400, 17.3500, 17.4600, 88893
2014-10-30, 17.4500, 17.4600, 17.3500, 17.3700, 35568
2014-10-31, 17.4000, 17.4500, 17.3500, 17.4000, 52530
2014-11-03, 17.4000, 17.4800, 17.3500, 17.4500, 27562
2014-11-04, 17.4500, 17.4800, 17.3200, 17.3300, 50728
2014-11-05, 17.3500, 17.4000, 17.3100, 17.3100, 29047
2014-11-06, 17.3500, 17.3790, 17.2900, 17.3160, 18794
2014-11-07, 17.1700, 17.2700, 17.1700, 17.2248, 31028
2014-11-10, 17.2200, 17.2500, 17.1200, 17.1400, 42954
2014-11-11, 17.1800, 17.2500, 17.0700, 17.1300, 43537
2014-11-12, 17.1300, 17.1500, 17.0800, 17.0900, 43853
2014-11-13, 17.1300, 17.1800, 17.0200, 17.0200, 40796
2014-11-14, 17.0200, 17.0700, 16.9000, 16.9400, 55979
2014-11-17, 16.9500, 16.9500, 16.6300, 16.8900, 204498
2014-11-18, 16.8400, 16.9700, 16.7700, 16.9100, 53244
2014-11-19, 16.8900, 16.9500, 16.8400, 16.9500, 72605
2014-11-20, 16.8500, 16.9300, 16.7800, 16.9300, 55387
2014-11-21, 17.0700, 17.1200, 16.8200, 16.8622, 84306
2014-11-24, 16.8900, 16.9200, 16.7000, 16.7900, 86970
2014-11-25, 16.8700, 16.9760, 16.8500, 16.9157, 52323
2014-11-26, 16.9600, 17.0100, 16.9320, 16.9500, 35853
2014-11-28, 16.8700, 17.0100, 16.8200, 17.0100, 55856
2014-12-01, 16.9400, 17.0500, 16.9000, 16.9600, 72586
2014-12-02, 16.9800, 17.0200, 16.8200, 16.8800, 67307
2014-12-03, 16.8700, 16.9400, 16.8201, 16.8500, 68982
2014-12-04, 16.8500, 16.8500, 16.7300, 16.7500, 86831
2014-12-05, 16.7500, 16.8400, 16.7200, 16.7300, 114875
2014-12-08, 16.7300, 16.7600, 16.5000, 16.5023, 126651
2014-12-09, 16.4300, 16.4599, 16.3600, 16.3900, 69199
2014-12-10, 16.4000, 16.4000, 16.1500, 16.1700, 102891
2014-12-11, 15.7400, 15.8100, 15.6000, 15.7100, 200786
2014-12-12, 15.5800, 15.6500, 15.4300, 15.4700, 112574
2014-12-15, 15.3900, 15.4600, 15.2261, 15.3100, 110170
2014-12-16, 15.2700, 15.2800, 15.0100, 15.1100, 175738
2014-12-17, 15.1500, 15.4700, 15.1500, 15.4500, 197740
2014-12-18, 15.5500, 15.8200, 15.5400, 15.5800, 187271
2014-12-19, 15.6300, 15.9200, 15.6100, 15.8100, 175794
2014-12-22, 15.8600, 15.8800, 15.5200, 15.6400, 120671
2014-12-23, 15.6000, 15.8000, 15.5999, 15.6800, 106142
2014-12-24, 15.6700, 15.9000, 15.6700, 15.8400, 50888
2014-12-26, 15.9600, 15.9700, 15.7400, 15.7800, 46304
2014-12-29, 15.7800, 15.9700, 15.6310, 15.7600, 300040
2014-12-30, 15.7400, 15.8000, 15.6700, 15.6932, 175333
2014-12-31, 15.7900, 15.8600, 15.6000, 15.8600, 180243
2015-01-02, 15.9000, 15.9500, 15.7700, 15.8900, 100972
2015-01-05, 15.8500, 15.8500, 15.6300, 15.6400, 59842
2015-01-06, 15.6800, 15.8000, 15.6200, 15.7700, 103410
2015-01-07, 15.8300, 15.9800, 15.8100, 15.9600, 124505
2015-01-08, 16.0100, 16.1500, 15.9800, 16.1000, 67543
2015-01-09, 16.1900, 16.1900, 16.0600, 16.0701, 61911
2015-01-12, 16.2200, 16.2200, 16.0100, 16.0800, 76853
2015-01-13, 16.0500, 16.0600, 15.9010, 15.9400, 74187
2015-01-14, 15.7800, 15.8300, 15.6500, 15.7700, 66623
2015-01-15, 15.8600, 15.9700, 15.7200, 15.8000, 60583
2015-01-16, 15.8600, 15.9200, 15.7800, 15.8600, 81838
2015-01-20, 15.8700, 15.8700, 15.6900, 15.7300, 119460
2015-01-21, 15.7300, 15.8800, 15.6900, 15.8200, 143198
2015-01-22, 15.8600, 15.9100, 15.7700, 15.8400, 82255
2015-01-23, 15.8900, 15.9100, 15.8400, 15.9000, 54120
2015-01-26, 15.8300, 15.9300, 15.8300, 15.9000, 60236
2015-01-27, 15.9000, 15.9590, 15.8060, 15.8900, 90017
2015-01-28, 15.9100, 15.9100, 15.6900, 15.7300, 96474
2015-01-29, 15.7600, 15.9300, 15.5600, 15.9000, 83276
2015-01-30, 15.8900, 15.9400, 15.6900, 15.6900, 86773
2015-02-02, 15.7900, 15.7900, 15.6700, 15.7100, 36762
2015-02-03, 15.8600, 15.9900, 15.8043, 15.9700, 85058
2015-02-04, 15.9500, 15.9800, 15.8400, 15.9700, 104077
2015-02-05, 16.0000, 16.0400, 15.9100, 15.9424, 43643
2015-02-06, 15.9300, 16.1300, 15.9300, 16.0700, 147419
2015-02-09, 16.0800, 16.1400, 16.0700, 16.1300, 49572
2015-02-10, 16.0800, 16.0800, 15.9650, 16.0300, 88207
2015-02-11, 16.0700, 16.1100, 15.9600, 15.9900, 77966
2015-02-12, 16.1000, 16.1100, 15.9900, 16.0700, 67419
2015-02-13, 16.1600, 16.2200, 16.0700, 16.2000, 53725
2015-02-17, 16.2100, 16.2200, 16.1001, 16.1700, 67290
2015-02-18, 16.1700, 16.3300, 16.1500, 16.3200, 57606
2015-02-19, 16.3200, 16.3200, 16.2600, 16.3100, 43031
2015-02-20, 16.3200, 16.3200, 16.2400, 16.2800, 75796
2015-02-23, 16.2800, 16.3100, 16.2200, 16.3100, 60139
2015-02-24, 16.3400, 16.4900, 16.3100, 16.4800, 80768
2015-02-25, 16.5200, 16.5200, 16.3700, 16.3900, 63183
2015-02-26, 16.4400, 16.4800, 16.1900, 16.2700, 98057
2015-02-27, 16.2900, 16.3500, 16.2400, 16.3200, 74610
2015-03-02, 16.3500, 16.3500, 16.2300, 16.2800, 61889
2015-03-03, 16.3100, 16.4200, 16.3100, 16.4100, 54074
2015-03-04, 16.4100, 16.4392, 16.3300, 16.4200, 40290
2015-03-05, 16.4100, 16.4800, 16.3700, 16.4300, 38081
2015-03-06, 16.4300, 16.4300, 16.2500, 16.3000, 42577
2015-03-09, 16.3500, 16.3900, 16.3100, 16.3300, 27366
2015-03-10, 16.3300, 16.4000, 16.3101, 16.3500, 45949
2015-03-11, 16.3700, 16.4600, 16.3600, 16.4300, 53848
2015-03-12, 16.4600, 16.5400, 16.3400, 16.4900, 68307
2015-03-13, 16.4500, 16.4700, 16.3400, 16.3700, 50690
2015-03-16, 16.3700, 16.3900, 16.3100, 16.3900, 54745
2015-03-17, 16.3500, 16.4700, 16.2500, 16.2794, 40786
2015-03-18, 16.2300, 16.4500, 16.1700, 16.3500, 47665
2015-03-19, 16.3100, 16.4100, 16.1900, 16.2300, 53784
2015-03-20, 16.2500, 16.4600, 16.2400, 16.4300, 58011
2015-03-23, 16.4500, 16.5700, 16.3807, 16.4500, 70125
2015-03-24, 16.4500, 16.4500, 16.3400, 16.3700, 49838
2015-03-25, 16.4400, 16.4500, 16.3400, 16.3600, 56984
2015-03-26, 16.4200, 16.4200, 16.2700, 16.3200, 44774
2015-03-27, 16.3500, 16.3700, 16.3250, 16.3600, 26157
2015-03-30, 16.3600, 16.4300, 16.3200, 16.3500, 45471
2015-03-31, 16.3700, 16.3700, 16.2200, 16.2300, 68950
2015-04-01, 16.3100, 16.4300, 16.2600, 16.4100, 43493
2015-04-02, 16.4200, 16.5800, 16.3600, 16.5600, 51875
2015-04-06, 16.5600, 16.5800, 16.4100, 16.4300, 46863
2015-04-07, 16.3900, 16.5100, 16.3800, 16.5100, 48070
2015-04-08, 16.5500, 16.5700, 16.4950, 16.5400, 52177
2015-04-09, 16.5700, 16.6200, 16.5200, 16.5700, 33598
2015-04-10, 16.6400, 16.6800, 16.5500, 16.6000, 34847
2015-04-13, 16.5500, 16.6800, 16.5100, 16.6000, 40504
2015-04-14, 16.5400, 16.5700, 16.4901, 16.5300, 32420
2015-04-15, 16.5300, 16.5700, 16.4400, 16.5600, 34506
2015-04-16, 16.5400, 16.5999, 16.4500, 16.4900, 43153
2015-04-17, 16.4500, 16.5017, 16.3601, 16.3700, 32990
2015-04-20, 16.4500, 16.5000, 16.4300, 16.4300, 26825
2015-04-21, 16.4600, 16.5000, 16.4000, 16.4700, 38739
2015-04-22, 16.4700, 16.5600, 16.4000, 16.4300, 59427
2015-04-23, 16.4700, 16.6700, 16.4700, 16.6100, 36812
2015-04-24, 16.6600, 16.7200, 16.5300, 16.5800, 51757
2015-04-27, 16.6600, 16.6700, 16.5500, 16.5500, 40572
2015-04-28, 16.5800, 16.6800, 16.5400, 16.5900, 44094
2015-04-29, 16.5900, 16.7600, 16.5700, 16.7200, 46613
2015-04-30, 16.7200, 16.7300, 16.4700, 16.5000, 86260
2015-05-01, 16.5400, 16.5800, 16.4900, 16.5399, 24211
2015-05-04, 16.5600, 16.5900, 16.4300, 16.4700, 31878
2015-05-05, 16.5100, 16.5100, 16.2500, 16.2900, 68639
2015-05-06, 16.3900, 16.4800, 16.2500, 16.4300, 59994
2015-05-07, 16.3800, 16.4500, 16.2200, 16.2500, 61379
2015-05-08, 16.3000, 16.3499, 16.2600, 16.3200, 33652
2015-05-11, 16.3700, 16.3700, 16.2502, 16.3400, 43417
2015-05-12, 16.2700, 16.3200, 16.1100, 16.1990, 84720
2015-05-13, 16.2400, 16.2500, 16.0800, 16.1800, 73285
2015-05-14, 16.2500, 16.2600, 16.1301, 16.2500, 34749
2015-05-15, 16.2500, 16.2600, 16.1500, 16.2500, 57014
2015-05-18, 16.2400, 16.3600, 16.1500, 16.2300, 48226
2015-05-19, 16.2400, 16.3300, 16.1800, 16.2700, 52637
2015-05-20, 16.2600, 16.2600, 16.1200, 16.2100, 72699
2015-05-21, 16.2500, 16.3500, 16.2000, 16.2900, 61767
2015-05-22, 16.1800, 16.2400, 16.1400, 16.2100, 41068
2015-05-26, 16.2500, 16.2500, 16.0900, 16.2000, 57785
2015-05-27, 16.1900, 16.2300, 16.0800, 16.1700, 62601
2015-05-28, 16.1800, 16.1800, 16.0600, 16.1000, 38418
2015-05-29, 16.0800, 16.1200, 16.0400, 16.0800, 38371
2015-06-01, 16.1200, 16.1400, 16.0700, 16.1400, 21150
2015-06-02, 16.1300, 16.1500, 16.0400, 16.1000, 25566
2015-06-03, 16.1300, 16.1300, 15.9100, 15.9600, 133410
2015-06-04, 15.9500, 15.9600, 15.8700, 15.9300, 40416
2015-06-05, 15.9300, 15.9699, 15.8400, 15.8900, 45306
2015-06-08, 15.9100, 15.9399, 15.8000, 15.8200, 27388
2015-06-09, 15.8500, 15.8500, 15.6100, 15.7100, 78083
2015-06-10, 15.7200, 15.7200, 15.6224, 15.6650, 35222
2015-06-11, 15.6600, 15.7794, 15.5200, 15.5900, 62487
2015-06-12, 15.4100, 15.5400, 15.4001, 15.5000, 136402
2015-06-15, 15.4900, 15.4900, 15.3500, 15.4099, 54121
2015-06-16, 15.3700, 15.4292, 15.3400, 15.3999, 64944
2015-06-17, 15.3600, 15.4000, 15.3001, 15.3600, 56900
2015-06-18, 15.3300, 15.3900, 15.3204, 15.3600, 64417
2015-06-19, 15.3400, 15.3400, 15.2200, 15.2800, 56015
2015-06-22, 15.3000, 15.3300, 15.2221, 15.2500, 47452
2015-06-23, 15.2600, 15.3100, 15.2300, 15.2700, 62298
2015-06-24, 15.2600, 15.2900, 15.1700, 15.1702, 79668
2015-06-25, 15.2200, 15.2500, 15.0300, 15.0400, 89497
2015-06-26, 15.0300, 15.0300, 14.8500, 14.8600, 116446
2015-06-29, 14.8000, 14.8000, 14.6200, 14.7700, 110916
2015-06-30, 14.8600, 15.0000, 14.8100, 14.9400, 82590
2015-07-01, 15.0200, 15.0300, 14.9200, 15.0300, 52959
2015-07-02, 15.0700, 15.1300, 14.9600, 15.0600, 53367
2015-07-06, 15.0000, 15.0100, 14.9700, 14.9900, 52256
2015-07-07, 15.0300, 15.0300, 14.8400, 14.9600, 70762
2015-07-08, 14.8500, 14.9200, 14.7200, 14.7900, 69434
2015-07-09, 14.8800, 14.8800, 14.7500, 14.7700, 75425
2015-07-10, 14.8200, 14.9000, 14.8200, 14.8700, 84277
2015-07-13, 14.9900, 14.9900, 14.8100, 14.8600, 86783
2015-07-14, 14.8800, 14.9200, 14.7700, 14.9200, 63440
2015-07-15, 14.8300, 14.8600, 14.7600, 14.8400, 49435
2015-07-16, 14.8700, 14.9700, 14.8401, 14.9300, 90837
2015-07-17, 14.9200, 14.9700, 14.8700, 14.9100, 46584
2015-07-20, 14.8800, 14.8800, 14.7300, 14.7555, 56373
2015-07-21, 14.7300, 14.7400, 14.5501, 14.7000, 121667
2015-07-22, 14.6300, 14.6500, 14.4500, 14.4800, 114711
2015-07-23, 14.4300, 14.4900, 14.3300, 14.3700, 99194
2015-07-24, 14.3500, 14.4500, 14.2000, 14.2200, 114814
2015-07-27, 14.1700, 14.2000, 14.0800, 14.0800, 129548
2015-07-28, 14.1700, 14.2399, 14.0800, 14.1900, 41264
2015-07-29, 14.1700, 14.3300, 14.1700, 14.2801, 55787
2015-07-30, 14.2800, 14.4100, 14.2300, 14.3500, 55838
2015-07-31, 14.3600, 14.4000, 14.3400, 14.3700, 46910
2015-08-03, 14.3300, 14.4000, 14.3000, 14.4000, 25453
2015-08-04, 14.4000, 14.4400, 14.3100, 14.3600, 50591
2015-08-05, 14.4200, 14.5200, 14.3600, 14.4300, 101802
2015-08-06, 14.3800, 14.4400, 14.3275, 14.3300, 61343
2015-08-07, 14.3300, 14.4000, 14.2200, 14.2400, 68271
2015-08-10, 14.2800, 14.3150, 14.1600, 14.2400, 76682
2015-08-11, 14.2000, 14.2000, 14.1500, 14.1900, 28602
2015-08-12, 14.0300, 14.1800, 14.0200, 14.1700, 55419
2015-08-13, 14.0800, 14.0800, 13.9500, 14.0200, 46059
2015-08-14, 14.0600, 14.0900, 13.9800, 14.0400, 67689
2015-08-17, 13.9700, 14.0700, 13.9700, 14.0101, 28756
2015-08-18, 14.0000, 14.0000, 13.9200, 14.0000, 56166
2015-08-19, 13.9500, 14.0400, 13.7801, 13.9000, 68160
2015-08-20, 13.8200, 13.9300, 13.7800, 13.8150, 67654
2015-08-21, 13.7500, 13.9500, 13.5800, 13.6780, 112226
2015-08-24, 12.4100, 13.6200, 11.0100, 13.2700, 153767
2015-08-25, 13.4000, 13.6100, 13.2600, 13.3200, 94880
2015-08-26, 13.5400, 13.5700, 13.3300, 13.5600, 77648
2015-08-27, 13.6400, 13.7000, 13.5600, 13.6600, 84191
2015-08-28, 13.6600, 13.7600, 13.6100, 13.6900, 72588
2015-08-31, 13.6700, 13.7272, 13.6300, 13.7053, 50923
2015-09-01, 13.6500, 13.7196, 13.5700, 13.6701, 103858
2015-09-02, 13.7600, 13.9200, 13.7200, 13.9100, 75068
2015-09-03, 13.8800, 13.9900, 13.8400, 13.9400, 64338
2015-09-04, 13.8400, 13.9300, 13.8400, 13.9100, 28306
2015-09-08, 13.9100, 14.0000, 13.9000, 13.9500, 45819
2015-09-09, 13.9500, 14.0500, 13.8500, 13.8700, 70492
2015-09-10, 13.9100, 13.9700, 13.8800, 13.9200, 86570
2015-09-11, 13.8800, 13.9900, 13.8600, 13.9200, 56330
2015-09-14, 13.8500, 13.8500, 13.6500, 13.6700, 47467
2015-09-15, 13.6700, 13.7100, 13.6000, 13.6100, 90968
2015-09-16, 13.6600, 13.6600, 13.5700, 13.6500, 80400
2015-09-17, 13.6000, 13.7500, 13.5700, 13.6600, 62237
2015-09-18, 13.5900, 13.7514, 13.5900, 13.6918, 27617
2015-09-21, 13.6700, 13.7099, 13.5300, 13.6800, 45710
2015-09-22, 13.5700, 13.5900, 13.5200, 13.5700, 29822
2015-09-23, 13.5200, 13.6200, 13.4900, 13.5500, 38285
2015-09-24, 13.5300, 13.5700, 13.5000, 13.5700, 72816
2015-09-25, 13.6800, 13.6800, 13.5100, 13.5200, 49928
2015-09-28, 13.5200, 13.5200, 13.1700, 13.2700, 43718
2015-09-29, 13.2100, 13.2400, 13.0400, 13.1500, 63656
2015-09-30, 13.1500, 13.1576, 12.8900, 12.9700, 214371
2015-10-01, 12.9600, 12.9600, 12.7500, 12.8400, 99680
2015-10-02, 12.8100, 12.8900, 12.6000, 12.8900, 184201
2015-10-05, 12.9300, 13.0100, 12.8900, 12.9900, 100057
2015-10-06, 12.9600, 13.0300, 12.9300, 13.0300, 82266
2015-10-07, 13.1000, 13.2900, 13.1000, 13.2700, 116755
2015-10-08, 13.1700, 13.5500, 13.1700, 13.5500, 104965
2015-10-09, 13.4700, 13.8800, 13.4700, 13.8600, 175202
2015-10-12, 13.7600, 13.8400, 13.7200, 13.7300, 28245
2015-10-13, 13.6200, 13.9100, 13.6200, 13.7500, 96623
2015-10-14, 13.6200, 13.7000, 13.5100, 13.5400, 91965
2015-10-15, 13.5400, 13.5900, 13.4800, 13.5399, 64495
2015-10-16, 13.5700, 13.6400, 13.5500, 13.6400, 41484
2015-10-19, 13.6700, 13.7100, 13.5900, 13.6100, 82076
2015-10-20, 13.6600, 13.7200, 13.6500, 13.6900, 118472
2015-10-21, 13.6600, 13.8100, 13.6600, 13.7900, 76925
2015-10-22, 13.8000, 13.9000, 13.8000, 13.8600, 49660
2015-10-23, 13.8800, 13.9400, 13.8200, 13.8600, 47277
2015-10-26, 13.9000, 13.9300, 13.8600, 13.8900, 37197
2015-10-27, 13.8800, 13.9200, 13.8400, 13.8800, 76751
2015-10-28, 13.8700, 13.9795, 13.8500, 13.8600, 63673
2015-10-29, 13.8600, 13.9500, 13.8600, 13.9300, 59433
2015-10-30, 13.9700, 14.0300, 13.9000, 14.0100, 53821
2015-11-02, 14.0200, 14.1000, 13.9200, 14.1000, 53582
2015-11-03, 14.0800, 14.0800, 13.9900, 14.0500, 63363
2015-11-04, 14.0100, 14.1100, 14.0000, 14.0600, 56094
2015-11-05, 14.0500, 14.0700, 13.8900, 13.9800, 86415
2015-11-06, 13.8800, 13.9400, 13.8100, 13.8700, 50271
2015-11-09, 13.8700, 13.8700, 13.5400, 13.5800, 101111
2015-11-10, 13.4800, 13.5200, 13.3000, 13.3700, 64118
2015-11-11, 13.4100, 13.4200, 13.2900, 13.3500, 41878
2015-11-12, 13.3000, 13.3400, 13.1200, 13.1300, 81589
2015-11-13, 13.1200, 13.1400, 13.0100, 13.0900, 58038
2015-11-16, 13.0800, 13.1400, 13.0100, 13.1292, 56074
2015-11-17, 13.1000, 13.1000, 13.0000, 13.0100, 75848
2015-11-18, 13.1000, 13.1100, 12.9900, 13.1000, 92761
2015-11-19, 13.0700, 13.0900, 13.0100, 13.0500, 71260
2015-11-20, 13.0400, 13.0499, 12.8600, 12.9100, 77677
2015-11-23, 12.9100, 12.9300, 12.8100, 12.8800, 84055
2015-11-24, 12.9000, 12.9000, 12.7300, 12.8500, 79834
2015-11-25, 12.8400, 12.8400, 12.7800, 12.8300, 43866
2015-11-27, 12.8400, 12.8400, 12.7700, 12.8200, 36736
2015-11-30, 12.7800, 12.8140, 12.7600, 12.8100, 63070
2015-12-01, 12.8500, 12.9700, 12.8200, 12.9100, 78324
2015-12-02, 12.9000, 12.9800, 12.8700, 12.9077, 63370
2015-12-03, 12.8500, 12.9900, 12.8400, 12.9700, 83360
2015-12-04, 12.9700, 12.9800, 12.7800, 12.8400, 80552
2015-12-07, 12.8500, 12.8500, 12.5800, 12.6500, 88491
2015-12-08, 12.4800, 12.5800, 12.4700, 12.5400, 86335
2015-12-09, 12.6500, 12.6690, 12.4300, 12.4800, 115580
2015-12-10, 12.4700, 12.5499, 12.3752, 12.3900, 71250
2015-12-11, 12.3900, 12.3900, 11.9700, 12.0500, 156602
2015-12-14, 11.9200, 11.9200, 11.3900, 11.4700, 359076
2015-12-15, 11.5900, 11.7342, 11.5700, 11.6900, 276542
2015-12-16, 11.7500, 12.0600, 11.6900, 12.0200, 194847
2015-12-17, 12.0400, 12.0800, 11.9200, 12.0300, 224012
2015-12-18, 12.0800, 12.2000, 11.9900, 12.1400, 132283
2015-12-21, 12.1500, 12.3200, 12.1100, 12.1800, 153272
2015-12-22, 12.1800, 12.3000, 12.1500, 12.1900, 110689
2015-12-23, 12.2100, 12.4300, 12.1800, 12.3000, 251454
2015-12-24, 12.3200, 12.4500, 12.3200, 12.3600, 93764
2015-12-28, 12.3800, 12.3800, 12.2500, 12.3000, 80860
2015-12-29, 12.3100, 12.4600, 12.3000, 12.4600, 82933
2015-12-30, 12.4200, 12.4500, 12.3700, 12.3800, 104474
2015-12-31, 12.4200, 12.4600, 12.3500, 12.3800, 107463
2016-01-04, 12.3600, 12.4000, 12.2300, 12.4000, 84764
2016-01-05, 12.4300, 12.4300, 12.2886, 12.3800, 110598
2016-01-06, 12.3300, 12.4100, 12.3200, 12.3700, 94604
2016-01-07, 12.2800, 12.2900, 12.1400, 12.1700, 106422
2016-01-08, 12.2100, 12.2600, 12.0200, 12.0400, 84536
2016-01-11, 12.0500, 12.1000, 12.0050, 12.0500, 91448
2016-01-12, 11.9300, 12.0100, 11.8500, 11.8700, 119961
2016-01-13, 11.9500, 11.9500, 11.7000, 11.7300, 100829
2016-01-14, 11.7300, 11.7300, 11.5700, 11.6100, 130979
2016-01-15, 11.3200, 11.4700, 11.2500, 11.3000, 153924
2016-01-19, 11.4200, 11.4200, 11.1600, 11.2200, 213481
2016-01-20, 11.1700, 11.1700, 10.8800, 11.0500, 122133
2016-01-21, 11.1400, 11.1400, 10.9400, 10.9800, 172884
2016-01-22, 11.1000, 11.2200, 11.1000, 11.2200, 75510
2016-01-25, 11.1700, 11.2200, 11.1000, 11.1500, 37083
2016-01-26, 11.2400, 11.3600, 11.1600, 11.3100, 72525
2016-01-27, 11.2500, 11.3600, 11.2400, 11.2800, 83491
2016-01-28, 11.3300, 11.4400, 11.3300, 11.4400, 123983
2016-01-29, 11.5300, 11.6000, 11.4700, 11.5500, 122221
2016-02-01, 11.5400, 11.5500, 11.4900, 11.5500, 49683
2016-02-02, 11.5000, 11.5000, 11.3800, 11.4600, 70132
2016-02-03, 11.5200, 11.5500, 11.3800, 11.4900, 73363
2016-02-04, 11.4000, 11.4900, 11.3500, 11.4500, 77883
2016-02-05, 11.4400, 11.4400, 11.3400, 11.3500, 37884
2016-02-08, 11.2500, 11.2500, 11.0900, 11.0900, 61918
2016-02-09, 11.0100, 11.1000, 10.9342, 11.0200, 60942
2016-02-10, 10.9400, 11.0800, 10.8400, 10.8400, 160215
2016-02-11, 10.7300, 10.7900, 10.6700, 10.7100, 75240
2016-02-12, 10.7100, 10.8400, 10.7100, 10.8200, 55796
2016-02-16, 10.9300, 10.9900, 10.8200, 10.9700, 191053
2016-02-17, 11.0500, 11.1800, 11.0500, 11.1800, 74433
2016-02-18, 11.2000, 11.2700, 11.1800, 11.2400, 98173
2016-02-19, 11.2200, 11.2980, 11.1700, 11.2800, 41528
2016-02-22, 11.3200, 11.3600, 11.2900, 11.3400, 59505
2016-02-23, 11.3000, 11.4100, 11.3000, 11.4000, 103671
2016-02-24, 11.4000, 11.4800, 11.1700, 11.4700, 135731
2016-02-25, 11.4400, 11.5800, 11.4300, 11.5800, 86414
2016-02-26, 11.6600, 11.7200, 11.5800, 11.6800, 80064
2016-02-29, 11.6800, 11.8200, 11.6000, 11.7900, 108778
2016-03-01, 11.7500, 12.0500, 11.7400, 12.0200, 215440
2016-03-02, 12.0200, 12.0600, 11.9600, 12.0200, 129001
2016-03-03, 11.9600, 12.1100, 11.9600, 12.0900, 82870
2016-03-04, 12.0800, 12.3200, 12.0800, 12.3100, 77402
2016-03-07, 12.2900, 12.4286, 12.2900, 12.3900, 71140
2016-03-08, 12.3900, 12.4000, 12.2700, 12.3300, 87611
2016-03-09, 12.3400, 12.3400, 12.2500, 12.3200, 111589
2016-03-10, 12.3200, 12.4000, 12.2700, 12.3200, 118532
2016-03-11, 12.2350, 12.4250, 12.2350, 12.4150, 86303
2016-03-14, 12.4400, 12.4400, 12.3500, 12.4100, 75973
2016-03-15, 12.3500, 12.3800, 12.3000, 12.3800, 70191
2016-03-16, 12.3400, 12.5800, 12.3300, 12.5500, 64838
2016-03-17, 12.5300, 12.7000, 12.5300, 12.6800, 78327
2016-03-18, 12.6700, 12.8400, 12.6700, 12.7900, 68608
2016-03-21, 12.8400, 13.3000, 12.8400, 12.8800, 120803
2016-03-22, 12.8300, 12.9800, 12.7400, 12.8800, 126002
2016-03-23, 12.9100, 12.9199, 12.8200, 12.8200, 85210
2016-03-24, 12.8000, 12.8000, 12.6500, 12.7200, 82593
2016-03-28, 12.7500, 12.7500, 12.5800, 12.6200, 104121
2016-03-29, 12.5900, 12.6000, 12.4400, 12.5800, 92427
2016-03-30, 12.6000, 12.6800, 12.5601, 12.6400, 93605
2016-03-31, 12.6500, 12.7300, 12.6100, 12.7300, 101948
2016-04-01, 12.6500, 12.7700, 12.6500, 12.7700, 74758
2016-04-04, 12.8000, 12.8600, 12.5500, 12.5699, 72456
2016-04-05, 12.5300, 12.5300, 12.4400, 12.5300, 73364
2016-04-06, 12.5700, 12.6400, 12.4900, 12.5800, 74322
2016-04-07, 12.5400, 12.5600, 12.5000, 12.5400, 67010
2016-04-08, 12.6000, 12.6200, 12.5200, 12.5500, 60553
2016-04-11, 12.5700, 12.6700, 12.5500, 12.6200, 73021
2016-04-12, 12.6400, 12.7400, 12.6000, 12.7400, 67978
2016-04-13, 12.6900, 12.7500, 12.6400, 12.7200, 66910
2016-04-14, 12.7500, 12.7500, 12.6800, 12.7100, 79549
2016-04-15, 12.7300, 12.7690, 12.6200, 12.6900, 95149
2016-04-18, 12.6800, 12.7800, 12.6000, 12.7800, 77331
2016-04-19, 12.7900, 12.9500, 12.7000, 12.9500, 59530
2016-04-20, 12.9200, 13.0400, 12.9091, 13.0300, 121700
2016-04-21, 13.0500, 13.1000, 12.9400, 12.9700, 69245
2016-04-22, 13.0300, 13.1100, 12.9800, 13.1000, 110582
2016-04-25, 13.0700, 13.1100, 13.0200, 13.1000, 65882
2016-04-26, 13.1500, 13.1500, 13.0200, 13.1200, 106375
2016-04-27, 13.1400, 13.2000, 13.1400, 13.2000, 129595
2016-04-28, 13.2300, 13.2900, 13.1300, 13.1900, 85653
2016-04-29, 13.2200, 13.2500, 13.1100, 13.1900, 61094
2016-05-02, 13.2100, 13.2499, 13.1100, 13.1700, 74842
2016-05-03, 13.1500, 13.1700, 13.0700, 13.1500, 62985
2016-05-04, 13.1000, 13.1490, 13.0501, 13.1200, 77305
2016-05-05, 13.1100, 13.1500, 13.0400, 13.1400, 60125
2016-05-06, 13.1000, 13.1200, 13.0500, 13.0700, 83748
2016-05-09, 13.1200, 13.1200, 12.9500, 12.9600, 98172
2016-05-10, 12.9700, 13.1100, 12.9700, 13.0500, 119978
2016-05-11, 13.0300, 13.1100, 13.0100, 13.0400, 171208
2016-05-12, 13.0100, 13.0300, 12.9000, 12.9100, 125660
2016-05-13, 12.9500, 13.0699, 12.9500, 13.0500, 143397
2016-05-16, 13.0700, 13.1100, 13.0600, 13.0600, 11915
2016-05-17, 13.0700, 13.1200, 13.0200, 13.0700, 13327
2016-05-18, 13.0800, 13.1300, 13.0300, 13.0800, 130328
2016-05-19, 13.0600, 13.0700, 12.9200, 12.9600, 104841
2016-05-20, 13.0000, 13.0400, 12.9789, 13.0200, 68102
2016-05-23, 13.0500, 13.1200, 13.0228, 13.1200, 61617
2016-05-24, 13.1800, 13.2700, 13.1400, 13.2500, 67124
2016-05-25, 13.3300, 13.4200, 13.2800, 13.3700, 135809
2016-05-26, 13.4000, 13.4995, 13.3000, 13.3800, 74155
2016-05-27, 13.4100, 13.4600, 13.3000, 13.4100, 67747
2016-05-31, 13.4400, 13.8094, 13.3100, 13.3800, 65674
2016-06-01, 13.3900, 13.5200, 13.3900, 13.5200, 50506
2016-06-02, 13.5400, 13.5600, 13.3500, 13.5300, 135365
2016-06-03, 13.4200, 13.6000, 13.3300, 13.5500, 104930
2016-06-06, 13.6400, 13.7140, 13.6000, 13.6200, 101987
2016-06-07, 13.7100, 13.8900, 13.6100, 13.6700, 63835
2016-06-08, 13.6600, 13.8959, 13.6600, 13.8500, 89502
2016-06-09, 13.8900, 13.8900, 13.8000, 13.8400, 116730
2016-06-10, 13.8200, 13.8400, 13.6900, 13.7400, 105564
2016-06-13, 13.7100, 13.8100, 13.6200, 13.7400, 121618
2016-06-14, 13.6300, 13.6300, 13.5300, 13.5300, 156475
2016-06-15, 13.5600, 13.6000, 13.5200, 13.5400, 59409
2016-06-16, 13.4400, 13.4999, 13.3300, 13.4300, 113714
2016-06-17, 13.4700, 13.5000, 13.4000, 13.5000, 55757
2016-06-20, 13.5400, 13.6100, 13.4300, 13.4300, 80210
2016-06-21, 13.5000, 13.6400, 13.4900, 13.4900, 151354
2016-06-22, 13.4900, 13.5563, 13.4100, 13.5000, 119251
2016-06-23, 13.6200, 13.7000, 13.5900, 13.7000, 56793
2016-06-24, 13.4800, 13.6500, 13.4800, 13.6500, 150284
2016-06-27, 13.6200, 13.6300, 13.3300, 13.3900, 140352
2016-06-28, 13.5200, 13.5500, 13.4000, 13.4000, 64327
2016-06-29, 13.5000, 13.5600, 13.4572, 13.5400, 85760
2016-06-30, 13.5800, 13.6800, 13.5100, 13.6700, 169565
2016-07-01, 13.6600, 13.7000, 13.6150, 13.6200, 76243
2016-07-05, 13.5800, 13.6400, 13.5100, 13.5300, 69793
2016-07-06, 13.5300, 13.6796, 13.5144, 13.6300, 53427
2016-07-07, 13.6900, 13.7800, 13.6500, 13.7000, 182364
2016-07-08, 13.7800, 13.9000, 13.7800, 13.8100, 168747
2016-07-11, 13.8700, 13.9100, 13.8000, 13.8300, 119191
2016-07-12, 13.8400, 13.9701, 13.8388, 13.9500, 192471
2016-07-13, 13.8400, 13.8799, 13.7700, 13.8100, 110355
2016-07-14, 14.2200, 14.2200, 13.7500, 13.8800, 229299
2016-07-15, 13.9700, 13.9700, 13.7700, 13.8300, 174758
2016-07-18, 13.8300, 14.0600, 13.7500, 14.0200, 118570
2016-07-19, 14.0000, 14.0800, 13.9400, 13.9700, 88924
2016-07-20, 14.0400, 14.2100, 14.0000, 14.1000, 131217
2016-07-21, 14.1600, 14.1800, 14.0600, 14.0900, 105754
2016-07-22, 14.1300, 14.2000, 14.1200, 14.1600, 94242
2016-07-25, 14.2000, 14.3000, 14.1300, 14.1700, 96030
2016-07-26, 14.2100, 14.2700, 14.1700, 14.2600, 107284
2016-07-27, 14.3100, 14.3500, 14.2100, 14.2500, 70134
2016-07-28, 14.2800, 14.2800, 14.1800, 14.2500, 91308
2016-07-29, 14.2100, 14.3500, 14.1700, 14.3200, 91333
2016-08-01, 14.3400, 14.4800, 14.0800, 14.1200, 135535
2016-08-02, 14.1200, 14.1900, 13.8300, 13.8400, 153600
2016-08-03, 13.9000, 13.9890, 13.8800, 13.9200, 166353
2016-08-04, 13.9600, 13.9900, 13.8950, 13.9300, 149817
2016-08-05, 13.9800, 14.0200, 13.9500, 13.9500, 82780
2016-08-08, 14.0000, 14.0300, 13.9600, 14.0000, 148032
2016-08-09, 14.0400, 14.1700, 14.0184, 14.1300, 116002
2016-08-10, 14.1000, 14.2200, 14.1000, 14.2200, 74136
2016-08-11, 14.2500, 14.3100, 14.2000, 14.2800, 93628
2016-08-12, 14.3200, 14.4300, 14.3068, 14.4200, 90220
2016-08-15, 14.3100, 14.3299, 14.2500, 14.3000, 69643
2016-08-16, 14.3000, 14.3599, 14.1700, 14.2400, 89048
2016-08-17, 14.3000, 14.3700, 14.2200, 14.2600, 80663
2016-08-18, 14.3100, 14.3900, 14.3100, 14.3800, 43189
2016-08-19, 14.3400, 14.4400, 14.3400, 14.4400, 76645
2016-08-22, 14.4600, 14.4900, 14.3700, 14.3700, 74796
2016-08-23, 14.4300, 14.5000, 14.4300, 14.4400, 60828
2016-08-24, 14.4800, 14.5300, 14.4400, 14.5000, 61560
2016-08-25, 14.5100, 14.5800, 14.5000, 14.5600, 86451
2016-08-26, 14.5500, 14.6500, 14.5200, 14.5300, 124010
2016-08-29, 14.5900, 14.6300, 14.5200, 14.5500, 74963
2016-08-30, 14.5900, 14.5900, 14.5000, 14.5200, 50670
2016-08-31, 14.5900, 14.6400, 14.4600, 14.5200, 81408
2016-09-01, 14.5800, 14.7200, 14.4200, 14.5000, 61007
2016-09-02, 14.5600, 14.5999, 14.4550, 14.5500, 65612
2016-09-06, 14.5100, 14.5600, 14.2600, 14.5100, 62126
2016-09-07, 14.5500, 14.6500, 14.5100, 14.6200, 65319
2016-09-08, 14.6100, 14.6999, 14.5500, 14.6200, 104772
2016-09-09, 14.5900, 14.5900, 14.2500, 14.2700, 117273
2016-09-12, 14.2700, 14.3800, 14.1500, 14.2500, 142618
2016-09-13, 14.1000, 14.2000, 13.9800, 14.0900, 104136
2016-09-14, 13.9500, 14.0100, 13.9105, 13.9700, 85834
2016-09-15, 13.9800, 14.1300, 13.9400, 14.0600, 56780
2016-09-16, 14.0800, 14.0800, 13.9500, 14.0100, 46644
2016-09-19, 14.0600, 14.0600, 13.9400, 13.9400, 60051
2016-09-20, 14.0200, 14.1700, 14.0100, 14.1500, 46771
2016-09-21, 14.2000, 14.3200, 14.1401, 14.3136, 78927
2016-09-22, 14.4200, 14.4500, 14.2500, 14.3600, 104329
2016-09-23, 14.3500, 14.3600, 14.2287, 14.3100, 74010
2016-09-26, 14.2200, 14.2900, 14.1500, 14.1900, 87023
2016-09-27, 14.2000, 14.3000, 14.1300, 14.2500, 67582
2016-09-28, 14.3000, 14.3400, 14.2100, 14.3300, 87243
2016-09-29, 14.3400, 14.4000, 14.2700, 14.3100, 86719
2016-09-30, 14.3800, 14.4100, 14.3200, 14.3800, 72474
2016-10-03, 14.3900, 14.3900, 14.2800, 14.2800, 58949
2016-10-04, 14.2600, 14.3200, 14.1900, 14.2100, 49974
2016-10-05, 14.2700, 14.2700, 14.1800, 14.2000, 50182
2016-10-06, 14.2200, 14.2400, 14.1500, 14.1800, 69401
2016-10-07, 14.2200, 14.2200, 14.1000, 14.1800, 46718
2016-10-10, 14.2200, 14.2400, 14.1800, 14.2300, 57437
2016-10-11, 14.2400, 14.2400, 14.1300, 14.2300, 51053
2016-10-12, 14.2200, 14.2800, 14.1500, 14.1800, 79552
2016-10-13, 14.0400, 14.0799, 13.9200, 13.9200, 39718
2016-10-14, 13.9500, 14.0100, 13.9400, 13.9400, 41901
2016-10-17, 13.9100, 13.9900, 13.7500, 13.7800, 108386
2016-10-18, 13.8900, 13.9600, 13.8000, 13.9100, 71365
2016-10-19, 13.9300, 14.1000, 13.9300, 14.1000, 55710
2016-10-20, 14.0800, 14.2200, 14.0500, 14.1400, 79595
2016-10-21, 14.1400, 14.2400, 14.1400, 14.2400, 60607
2016-10-24, 14.2700, 14.3101, 14.2600, 14.2900, 51250
2016-10-25, 14.3300, 14.3900, 14.2300, 14.3300, 128533
2016-10-26, 14.3200, 14.3900, 14.2500, 14.3500, 65674
2016-10-27, 14.3900, 14.3900, 14.2682, 14.3200, 54431
2016-10-28, 14.3100, 14.3600, 14.2087, 14.2300, 52370
2016-10-31, 14.1700, 14.2800, 14.1300, 14.1700, 52186
2016-11-01, 14.1600, 14.1900, 14.0000, 14.0700, 116412
2016-11-02, 14.0500, 14.0700, 13.7802, 13.8200, 96951
2016-11-03, 13.8300, 13.8900, 13.6100, 13.6300, 148106
2016-11-04, 13.5800, 13.6125, 13.3200, 13.5100, 156605
2016-11-07, 13.6000, 13.7300, 13.6000, 13.6600, 29847
2016-11-08, 13.6200, 13.7100, 13.6200, 13.6600, 9919
2016-11-09, 13.4600, 13.7000, 13.4600, 13.6300, 59554
2016-11-10, 13.4800, 13.4880, 13.1500, 13.2999, 140106
2016-11-11, 13.2400, 13.3400, 13.1200, 13.2800, 83661
2016-11-14, 13.2300, 13.2472, 12.9860, 13.1200, 103932
2016-11-15, 13.0700, 13.3900, 13.0500, 13.3600, 74695
2016-11-16, 13.3900, 13.5300, 13.3660, 13.5000, 59489
2016-11-17, 13.5300, 13.6200, 13.4700, 13.5200, 54624
2016-11-18, 13.5600, 13.6800, 13.5303, 13.6800, 62779
2016-11-21, 13.7200, 13.8200, 13.7000, 13.8100, 78281
2016-11-22, 13.8500, 14.0300, 13.8300, 13.9800, 71577
2016-11-23, 13.9400, 14.0699, 13.9280, 14.0300, 48242
2016-11-25, 14.0800, 14.2000, 14.0800, 14.1010, 34212
2016-11-28, 14.1500, 14.2200, 14.1221, 14.1600, 59716
2016-11-29, 14.1500, 14.1500, 13.9000, 13.9200, 117235
2016-11-30, 13.9600, 14.0700, 13.9300, 13.9400, 84029
2016-12-01, 13.9400, 13.9700, 13.8650, 13.9100, 99930
2016-12-02, 13.8700, 14.1100, 13.8700, 14.1000, 45024
2016-12-05, 14.1000, 14.2100, 14.0600, 14.1700, 63907
2016-12-06, 14.1300, 14.2590, 14.1300, 14.2300, 111639
2016-12-07, 14.2100, 14.4100, 14.2100, 14.3000, 76852
2016-12-08, 14.2900, 14.4500, 14.2900, 14.4100, 55077
2016-12-09, 14.4600, 14.6200, 14.4401, 14.5779, 90191
2016-12-12, 14.5900, 14.6600, 14.4700, 14.5800, 97334
2016-12-13, 14.5000, 14.5200, 14.3400, 14.3500, 113137
2016-12-14, 14.3400, 14.4900, 14.3200, 14.3300, 186931
2016-12-15, 14.2500, 14.5100, 14.2500, 14.3400, 236706
2016-12-16, 14.4300, 14.5000, 14.3726, 14.4700, 112555
2016-12-19, 14.5100, 14.6500, 14.5100, 14.5500, 77699
2016-12-20, 14.6000, 14.6300, 14.4500, 14.5300, 74713
2016-12-21, 14.4700, 14.5800, 14.4200, 14.5100, 57738
2016-12-22, 14.5600, 14.6300, 14.5100, 14.5600, 51102
2016-12-23, 14.6300, 14.6300, 14.5700, 14.6000, 40596
2016-12-27, 14.4400, 14.7100, 14.4400, 14.6400, 89958
2016-12-28, 14.6800, 14.7500, 14.6600, 14.7100, 61543
2016-12-29, 14.7500, 14.8400, 14.6800, 14.8100, 69615
2016-12-30, 14.8000, 14.9900, 14.7700, 14.7700, 96691
2017-01-03, 14.8100, 14.9200, 14.8000, 14.8100, 86649
2017-01-04, 14.8600, 14.9200, 14.8000, 14.8600, 87618
2017-01-05, 14.9700, 14.9700, 14.7700, 14.7800, 85288
2017-01-06, 14.8800, 14.9200, 14.7800, 14.8600, 67669
2017-01-09, 14.8800, 14.9600, 14.8000, 14.8600, 88695
2017-01-10, 14.8900, 14.9900, 14.8800, 14.9500, 57729
2017-01-11, 14.9700, 15.0500, 14.8772, 14.9600, 88852
2017-01-12, 14.8300, 14.9099, 14.8230, 14.8300, 62739
2017-01-13, 14.8600, 14.9400, 14.8600, 14.9200, 46519
2017-01-17, 14.8900, 14.9790, 14.8900, 14.9300, 78509
2017-01-18, 14.9200, 14.9500, 14.8375, 14.8700, 71295
2017-01-19, 14.8800, 14.9700, 14.7800, 14.8800, 118690
2017-01-20, 14.8900, 14.9900, 14.8830, 14.9300, 53289
2017-01-23, 15.0600, 15.0900, 14.9600, 15.0100, 111662
2017-01-24, 15.1500, 15.1500, 15.0300, 15.0600, 111558
2017-01-25, 15.1400, 15.1500, 15.0500, 15.0600, 78144
2017-01-26, 15.1100, 15.1500, 15.0600, 15.1200, 89877
2017-01-27, 15.1700, 15.3500, 15.1600, 15.3200, 94831
2017-01-30, 15.3000, 15.3000, 15.2000, 15.2300, 48701
2017-01-31, 15.2500, 15.2699, 15.1300, 15.2100, 63342
2017-02-01, 15.2400, 15.3000, 15.0400, 15.0400, 105534
2017-02-02, 15.0700, 15.0700, 15.0100, 15.0100, 61138
2017-02-03, 15.0500, 15.1096, 15.0200, 15.0700, 78980
2017-02-06, 15.0500, 15.2500, 15.0500, 15.2000, 82721
2017-02-07, 15.2500, 15.4300, 15.2500, 15.4300, 96489
2017-02-08, 15.4200, 15.4200, 15.3300, 15.4000, 104045
2017-02-09, 15.3500, 15.3700, 15.3000, 15.3000, 71172
2017-02-10, 15.3500, 15.3580, 15.2800, 15.3100, 53607
2017-02-13, 15.3600, 15.4000, 15.3100, 15.3700, 66778
2017-02-14, 15.3600, 15.3600, 15.2400, 15.2500, 63173
2017-02-15, 15.2700, 15.2900, 15.2100, 15.2300, 70997
2017-02-16, 15.2800, 15.2800, 15.1600, 15.1800, 98836
2017-02-17, 15.2000, 15.2190, 15.0900, 15.1000, 67643
2017-02-21, 15.1200, 15.1700, 15.0800, 15.1100, 83589
2017-02-22, 15.1200, 15.2100, 15.1200, 15.2100, 79545
2017-02-23, 15.2800, 15.4000, 15.2439, 15.3800, 106522
2017-02-24, 15.4000, 15.4800, 15.3400, 15.3900, 60202
2017-02-27, 15.4300, 15.4400, 15.2700, 15.3100, 96025
2017-02-28, 15.3600, 15.4800, 15.3400, 15.4800, 51329
2017-03-01, 15.5400, 15.5800, 15.4000, 15.4300, 144239
2017-03-02, 15.4100, 15.4331, 15.3600, 15.4000, 65757
2017-03-03, 15.4100, 15.4500, 15.3600, 15.4500, 52875
2017-03-06, 15.4000, 15.4600, 15.3700, 15.4600, 49268
2017-03-07, 15.4100, 15.4100, 15.3414, 15.3900, 57631
2017-03-08, 15.3500, 15.3500, 14.9500, 14.9500, 134443
2017-03-09, 14.9500, 15.0550, 14.7400, 14.7800, 217026
2017-03-10, 14.8200, 14.8679, 14.5900, 14.7800, 199428
2017-03-13, 14.8200, 14.8700, 14.6700, 14.7300, 124816
2017-03-14, 14.6900, 14.7525, 14.5800, 14.5900, 54155
2017-03-15, 14.5900, 14.8300, 14.5500, 14.8000, 87964
2017-03-16, 14.8200, 14.8400, 14.7000, 14.8000, 81184
2017-03-17, 14.8000, 14.9600, 14.8000, 14.9600, 114757
2017-03-20, 15.0200, 15.0200, 14.9401, 14.9700, 42614
2017-03-21, 15.0200, 15.0500, 14.8000, 14.8800, 93833
2017-03-22, 14.8800, 14.9700, 14.8100, 14.9100, 103221
2017-03-23, 14.9300, 14.9900, 14.8300, 14.8900, 78683
2017-03-24, 14.9300, 14.9800, 14.8900, 14.9500, 61702
2017-03-27, 14.9200, 14.9300, 14.8800, 14.9300, 57297
2017-03-28, 14.9700, 15.0100, 14.9200, 14.9400, 105157
2017-03-29, 14.9800, 15.0800, 14.9639, 15.0800, 63317
2017-03-30, 15.1400, 15.1700, 15.0800, 15.1400, 68588
2017-03-31, 15.1900, 15.3000, 15.1800, 15.2500, 70071
2017-04-03, 15.2900, 15.3599, 15.2500, 15.2900, 38201
2017-04-04, 15.3000, 15.3200, 15.2400, 15.3200, 40380
2017-04-05, 15.3700, 15.3723, 15.3200, 15.3700, 23063
2017-04-06, 15.3700, 15.4500, 15.3100, 15.3200, 44523
2017-04-07, 15.3700, 15.3999, 15.2400, 15.2800, 44706
2017-04-10, 15.3300, 15.5600, 15.3236, 15.5000, 86349
2017-04-11, 15.4300, 15.4700, 15.2000, 15.4700, 41941
2017-04-12, 15.5000, 15.5000, 15.4200, 15.4400, 43400
2017-04-13, 15.4600, 15.4600, 15.2500, 15.3400, 52767
2017-04-17, 15.3600, 15.3700, 15.3100, 15.3400, 51651
2017-04-18, 15.3500, 15.3500, 15.2100, 15.2300, 54984
2017-04-19, 15.3300, 15.3900, 15.3168, 15.3500, 45670
2017-04-20, 15.3600, 15.4400, 15.2900, 15.4400, 54849
2017-04-21, 15.4500, 15.4900, 15.3503, 15.4000, 61642
2017-04-24, 15.5500, 15.6400, 15.3600, 15.4700, 75549
2017-04-25, 15.4800, 15.5800, 15.4600, 15.5800, 69311
2017-04-26, 15.6200, 15.6600, 15.5800, 15.6400, 77112
2017-04-27, 15.6500, 15.7900, 15.6100, 15.6600, 69486
2017-04-28, 15.7100, 15.7100, 15.5300, 15.5900, 68608
2017-05-01, 15.6000, 15.7600, 15.5844, 15.7000, 53445
2017-05-02, 15.7300, 15.9500, 15.5400, 15.9400, 81013
2017-05-03, 15.8600, 16.0400, 15.8500, 15.8800, 58531
2017-05-04, 15.9000, 15.9400, 15.7500, 15.9100, 69334
2017-05-05, 15.9100, 16.0400, 15.9000, 15.9900, 45743
2017-05-08, 16.0100, 16.0100, 15.8500, 15.9300, 46486
2017-05-09, 15.9700, 16.0700, 15.5900, 15.8900, 60428
2017-05-10, 15.9400, 15.9800, 15.8700, 15.9700, 57428
2017-05-11, 16.0100, 16.0500, 15.8400, 15.9100, 49729
2017-05-12, 15.9200, 15.9200, 15.7101, 15.8100, 55372
2017-05-15, 15.8200, 15.9000, 15.8200, 15.8700, 43399
2017-05-16, 15.9000, 16.0200, 15.8900, 16.0200, 54099
2017-05-17, 15.9800, 16.0000, 15.8200, 15.8200, 201953
2017-05-18, 15.8500, 15.8500, 15.7000, 15.8300, 68758
2017-05-19, 15.8500, 15.9200, 15.8000, 15.8900, 54753
2017-05-22, 15.9300, 15.9500, 15.8100, 15.8900, 69839
2017-05-23, 15.9300, 16.0500, 15.8545, 16.0400, 87991
2017-05-24, 15.9800, 16.0300, 15.8900, 15.8900, 157169
2017-05-25, 15.9600, 15.9600, 15.7900, 15.7900, 119910
2017-05-26, 15.7900, 15.8500, 15.7700, 15.8100, 53016
2017-05-30, 15.8400, 15.8700, 15.7700, 15.8200, 51634
2017-05-31, 15.8200, 15.8800, 15.7600, 15.8600, 92098
2017-06-01, 15.9000, 15.9400, 15.8500, 15.8800, 82624
2017-06-02, 15.8800, 15.9000, 15.8300, 15.8500, 81347
2017-06-05, 15.8500, 15.9000, 15.8300, 15.9000, 67997
2017-06-06, 15.8700, 15.8800, 15.8400, 15.8500, 50658
2017-06-07, 15.8900, 15.9200, 15.8500, 15.9200, 99757
2017-06-08, 15.8700, 15.9200, 15.8500, 15.8600, 67962
2017-06-09, 15.9000, 15.9183, 15.8500, 15.8900, 49450
2017-06-12, 15.8100, 15.8700, 15.8083, 15.8500, 71139
2017-06-13, 15.8600, 15.9000, 15.8400, 15.8800, 53276
2017-06-14, 15.7600, 15.7600, 15.6400, 15.6800, 87160
2017-06-15, 15.6400, 15.6500, 15.5700, 15.5700, 66815
2017-06-16, 15.6300, 15.6300, 15.2900, 15.5200, 97952
2017-06-19, 15.5400, 15.5539, 15.4600, 15.4600, 43406
2017-06-20, 15.4900, 15.4999, 15.4100, 15.4600, 36930
2017-06-21, 15.4600, 15.5100, 15.3700, 15.3800, 45545
2017-06-22, 15.4300, 15.4600, 15.3610, 15.4100, 46211
2017-06-23, 15.4300, 15.4300, 15.2600, 15.3600, 69207
2017-06-26, 15.3600, 15.4300, 15.2400, 15.2500, 87705
2017-06-27, 15.2800, 15.3300, 15.1301, 15.1500, 66961
2017-06-28, 15.2000, 15.3700, 15.2000, 15.3700, 43327
2017-06-29, 15.3900, 15.3900, 15.2300, 15.3100, 56595
2017-06-30, 15.3900, 15.4870, 15.3432, 15.4600, 61425
2017-07-03, 15.5100, 15.5500, 15.4300, 15.5500, 31715
2017-07-05, 15.5800, 15.5800, 15.4300, 15.4800, 28706
2017-07-06, 15.4500, 15.4600, 15.3500, 15.3600, 39532
2017-07-07, 15.4200, 15.5000, 15.3950, 15.4600, 62422
2017-07-10, 15.5000, 15.5000, 15.4000, 15.4600, 29250
2017-07-11, 15.4800, 15.5560, 15.4400, 15.5560, 37522
2017-07-12, 15.6000, 15.6500, 15.5400, 15.5400, 49497
2017-07-13, 15.4700, 15.5300, 15.4600, 15.5200, 31375
2017-07-14, 15.5400, 15.5400, 15.4200, 15.4800, 46893
2017-07-17, 15.5000, 15.5600, 15.4500, 15.5100, 61125
2017-07-18, 15.5200, 15.6400, 15.5043, 15.6400, 38585
2017-07-19, 15.6400, 15.6800, 15.6264, 15.6600, 42422
2017-07-20, 15.7000, 15.7100, 15.4900, 15.5800, 76053
2017-07-21, 15.5800, 15.7232, 15.5400, 15.7100, 97763
2017-07-24, 15.7500, 15.7700, 15.6801, 15.7600, 58786
2017-07-25, 15.8000, 15.8000, 15.6513, 15.6513, 73561
2017-07-26, 15.7600, 15.7700, 15.6900, 15.7400, 48684
2017-07-27, 15.8000, 15.8300, 15.7400, 15.7800, 55778
2017-07-28, 15.8100, 15.9100, 15.7600, 15.9100, 69353
2017-07-31, 15.9400, 16.0200, 15.8700, 16.0100, 71682
2017-08-01, 16.0900, 16.1000, 15.8562, 15.9200, 77683
2017-08-02, 15.9900, 15.9900, 15.9000, 15.9500, 29686
2017-08-03, 15.9700, 16.0090, 15.8500, 15.8500, 47596
2017-08-04, 15.9400, 15.9400, 15.7200, 15.7200, 63688
2017-08-07, 15.8500, 15.8500, 15.7700, 15.8400, 39125
2017-08-08, 15.8500, 15.8600, 15.6900, 15.7500, 46572
2017-08-09, 15.7000, 15.8400, 15.7000, 15.8400, 63079
2017-08-10, 15.8000, 15.8000, 15.3700, 15.4100, 99609
2017-08-11, 15.0200, 15.5200, 14.2000, 15.3800, 266173
2017-08-14, 15.4300, 15.5099, 15.4300, 15.4600, 50154
2017-08-15, 15.4300, 15.6060, 15.3900, 15.4500, 72357
2017-08-16, 15.5900, 15.5900, 15.4400, 15.5000, 44064
2017-08-17, 15.5000, 15.6700, 15.4200, 15.4500, 63292
2017-08-18, 15.4500, 15.5000, 15.3800, 15.4700, 30942
2017-08-21, 15.4700, 15.4900, 15.4400, 15.4790, 20070
2017-08-22, 15.4500, 15.6900, 15.4000, 15.4900, 64291
2017-08-23, 15.4900, 15.5400, 15.4455, 15.5100, 44041
2017-08-24, 15.5600, 15.6100, 15.4900, 15.5400, 34340
2017-08-25, 15.5800, 15.5900, 15.5301, 15.5500, 20692
2017-08-28, 15.5800, 15.5900, 15.4500, 15.5500, 46058
2017-08-29, 15.5100, 15.5900, 15.4850, 15.5600, 45853
2017-08-30, 15.5200, 15.5841, 15.5000, 15.5700, 80063
2017-08-31, 15.6100, 15.7020, 15.5100, 15.5700, 63364
2017-09-01, 15.6200, 15.7100, 15.5700, 15.7100, 58675
2017-09-05, 15.6800, 15.6800, 15.5600, 15.6800, 38474
2017-09-06, 15.7000, 15.7800, 15.6500, 15.7400, 34822
2017-09-07, 15.7400, 15.8300, 15.7200, 15.8300, 46307
2017-09-08, 15.8400, 15.8500, 15.7500, 15.7500, 46347
2017-09-11, 15.7800, 15.8800, 15.7300, 15.8000, 36045
2017-09-12, 15.8400, 16.0200, 15.8400, 15.9300, 66932
2017-09-13, 15.9300, 15.9879, 15.9200, 15.9700, 47458
2017-09-14, 15.8900, 15.9400, 15.8700, 15.9400, 50712
2017-09-15, 15.9400, 15.9400, 15.8501, 15.8900, 46845
2017-09-18, 15.8800, 15.9100, 15.7900, 15.7900, 45734
2017-09-19, 15.8900, 15.8900, 15.7900, 15.8100, 51762
2017-09-20, 15.8400, 15.8700, 15.8100, 15.8700, 43430
2017-09-21, 15.9200, 15.9200, 15.8500, 15.8600, 44245
2017-09-22, 15.9800, 16.0400, 15.9300, 15.9600, 52072
2017-09-25, 16.0100, 16.0200, 15.9100, 15.9600, 41977
2017-09-26, 16.0300, 16.0800, 15.9800, 16.0100, 43854
2017-09-27, 16.0400, 16.0800, 15.8400, 15.9400, 82698
2017-09-28, 15.9600, 15.9700, 15.8100, 15.8900, 57463
2017-09-29, 16.0700, 16.0800, 15.8900, 15.9700, 79106
2017-10-02, 15.9800, 15.9800, 15.9200, 15.9600, 31561
2017-10-03, 15.9600, 15.9700, 15.8500, 15.9000, 45135
2017-10-04, 15.9500, 15.9500, 15.8000, 15.8700, 62271
2017-10-05, 15.8600, 15.8900, 15.8100, 15.8400, 44328
2017-10-06, 15.8700, 15.9900, 15.8400, 15.9900, 69220
2017-10-09, 16.0300, 16.0800, 15.9200, 16.0400, 48730
2017-10-10, 16.0400, 16.0900, 16.0300, 16.0300, 44161
2017-10-11, 16.0500, 16.0500, 15.9000, 15.9600, 55619
2017-10-12, 15.9600, 15.9800, 15.8000, 15.9582, 92349
2017-10-13, 15.9900, 15.9900, 15.8900, 15.9300, 47444
2017-10-16, 15.9300, 15.9300, 15.8167, 15.9000, 25861
2017-10-17, 15.9500, 15.9500, 15.7700, 15.8100, 54591
2017-10-18, 15.8400, 15.8400, 15.6500, 15.6900, 48944
2017-10-19, 15.7100, 15.7981, 15.6300, 15.7400, 43010
2017-10-20, 15.8800, 15.8800, 15.7000, 15.8100, 51787
2017-10-23, 15.8400, 15.9200, 15.6900, 15.7000, 40714
2017-10-24, 15.7600, 15.8285, 15.7400, 15.7800, 46886
2017-10-25, 15.7800, 15.8100, 15.5100, 15.5400, 48964
2017-10-26, 15.5800, 15.6300, 15.4900, 15.5400, 33882
2017-10-27, 15.5600, 15.5800, 15.4500, 15.5400, 55060
2017-10-30, 15.4900, 15.6200, 15.4810, 15.5500, 32148
2017-10-31, 15.6500, 15.7100, 15.5801, 15.6600, 63023
2017-11-01, 15.6700, 15.6900, 15.5800, 15.5800, 32272
2017-11-02, 15.5800, 15.5900, 15.4827, 15.4900, 30176
2017-11-03, 15.4600, 15.7100, 15.4300, 15.5100, 47051
2017-11-06, 15.4600, 15.5500, 15.4400, 15.4900, 32568
2017-11-07, 15.5500, 15.6300, 15.4701, 15.5400, 35733
2017-11-08, 15.5200, 15.5700, 15.1100, 15.3300, 59731
2017-11-09, 15.3300, 15.3300, 15.0367, 15.0700, 81468
2017-11-10, 15.0700, 15.1800, 14.9100, 14.9392, 87642
2017-11-13, 14.9000, 14.9740, 14.7800, 14.8300, 86512
2017-11-14, 14.6700, 14.7500, 14.4700, 14.5000, 112177
2017-11-15, 14.3700, 14.4900, 14.3300, 14.4600, 121888
2017-11-16, 14.5400, 14.6900, 14.5300, 14.6300, 100914
2017-11-17, 14.6400, 14.7600, 14.6150, 14.7400, 74111
2017-11-20, 14.8000, 14.8000, 14.7100, 14.7300, 65058
2017-11-21, 14.7400, 14.8199, 14.7400, 14.7400, 91529
2017-11-22, 14.7300, 14.8000, 14.6120, 14.7800, 53718
2017-11-24, 14.8700, 14.8790, 14.8100, 14.8408, 26856
2017-11-27, 14.8200, 14.8394, 14.6900, 14.7200, 67047
2017-11-28, 14.7300, 14.7800, 14.6999, 14.7800, 59330
2017-11-29, 14.7700, 14.7700, 14.6200, 14.6600, 62844
2017-11-30, 14.7100, 14.7393, 14.6100, 14.6300, 104925
2017-12-01, 14.6500, 14.7400, 14.6200, 14.7300, 84800
2017-12-04, 14.7400, 14.7700, 14.6100, 14.7000, 105000
2017-12-05, 14.6600, 14.7500, 14.6600, 14.7500, 61882
2017-12-06, 14.7700, 14.8700, 14.7500, 14.8000, 65114
2017-12-07, 14.8000, 14.8000, 14.6599, 14.7000, 113560
2017-12-08, 14.7500, 14.7500, 14.5900, 14.6400, 126567
2017-12-11, 14.7000, 14.7200, 14.6400, 14.6600, 135877
2017-12-12, 14.6800, 14.6800, 14.5900, 14.6400, 193322
2017-12-13, 14.5200, 14.5800, 14.5100, 14.5800, 97423
2017-12-14, 14.6000, 14.6400, 14.5500, 14.6300, 142206
2017-12-15, 14.7700, 14.7800, 14.6598, 14.7700, 59154
2017-12-18, 14.8150, 14.8200, 14.7500, 14.7600, 77249
2017-12-19, 14.7400, 14.7900, 14.6900, 14.7600, 109119
2017-12-20, 14.8200, 14.8300, 14.7400, 14.8000, 50274
2017-12-21, 14.8150, 14.8800, 14.7800, 14.7900, 66189
2017-12-22, 14.8600, 14.9000, 14.8400, 14.9000, 65236
2017-12-26, 14.8200, 14.9200, 14.8200, 14.9199, 48097
2017-12-27, 14.9700, 15.0040, 14.9200, 14.9400, 54017
2017-12-28, 14.9400, 15.0100, 14.9400, 15.0000, 60194
2017-12-29, 14.9800, 15.1200, 14.9502, 15.1200, 73514
2018-01-02, 14.9300, 14.9500, 14.6100, 14.6200, 280314
2018-01-03, 14.6200, 14.6600, 14.5121, 14.6400, 194272
2018-01-04, 14.7000, 14.7179, 14.6410, 14.7000, 114012
2018-01-05, 14.7400, 14.7900, 14.7200, 14.7400, 103844
2018-01-08, 14.7400, 14.7900, 14.7400, 14.7700, 95513
2018-01-09, 14.8400, 14.9000, 14.7100, 14.7200, 70116
2018-01-10, 14.7300, 14.7300, 14.6600, 14.7000, 70815
2018-01-11, 14.6600, 14.7599, 14.6600, 14.7400, 102880
2018-01-12, 14.7300, 14.7500, 14.6100, 14.7188, 113311
2018-01-16, 14.6900, 14.6900, 14.5050, 14.5200, 168225
2018-01-17, 14.5200, 14.5700, 14.4610, 14.5000, 132968
2018-01-18, 14.5000, 14.5600, 14.4300, 14.4800, 109319
2018-01-19, 14.5000, 14.5400, 14.4700, 14.5300, 51451
2018-01-22, 14.5800, 14.6000, 14.4500, 14.5200, 114321
2018-01-23, 14.5200, 14.6300, 14.5200, 14.6300, 75918
2018-01-24, 14.6500, 14.6800, 14.5900, 14.6600, 64699
2018-01-25, 14.6800, 14.7000, 14.6100, 14.6400, 65841
2018-01-26, 14.6600, 14.7300, 14.6000, 14.6400, 112753
2018-01-29, 14.6400, 14.6597, 14.4900, 14.5400, 99223
2018-01-30, 14.4400, 14.5500, 14.3750, 14.4100, 105265
2018-01-31, 14.4200, 14.4500, 14.3400, 14.4300, 306311
2018-02-01, 14.4500, 14.5300, 14.3900, 14.5300, 76293
2018-02-02, 14.4200, 14.4400, 14.3600, 14.4100, 64644
2018-02-05, 14.4300, 14.4300, 13.9200, 14.0400, 82538
2018-02-06, 14.0000, 14.2400, 14.0000, 14.2200, 119629
2018-02-07, 14.1400, 14.4300, 14.1400, 14.2100, 116658
2018-02-08, 14.2400, 14.2400, 14.1075, 14.1300, 135233
2018-02-09, 14.1700, 14.1700, 13.9242, 14.1100, 202999
2018-02-12, 14.0400, 14.0900, 14.0198, 14.0300, 82499
2018-02-13, 14.0500, 14.1100, 14.0201, 14.0500, 88663
2018-02-14, 14.0500, 14.0800, 14.0070, 14.0400, 59872
2018-02-15, 14.0800, 14.1300, 14.0800, 14.1300, 99768
2018-02-16, 14.0900, 14.2016, 14.0900, 14.1800, 71172
2018-02-20, 14.1900, 14.2200, 14.1500, 14.2000, 70085
2018-02-21, 14.2100, 14.2900, 14.1700, 14.1700, 63520
2018-02-22, 14.2500, 14.3000, 14.1820, 14.2500, 68609
2018-02-23, 14.3400, 14.3400, 14.2200, 14.2500, 108918
2018-02-26, 14.3200, 14.3311, 14.2700, 14.3100, 106517
2018-02-27, 14.3600, 14.3600, 14.2450, 14.2900, 109519
2018-02-28, 14.3000, 14.3253, 14.2600, 14.3100, 78361
2018-03-01, 14.3300, 14.3300, 14.1600, 14.2100, 63091
2018-03-02, 14.1600, 14.1700, 14.1000, 14.1600, 55304
2018-03-05, 14.1000, 14.1880, 14.1000, 14.1800, 40033
2018-03-06, 14.2200, 14.2700, 14.1800, 14.2300, 81093
2018-03-07, 14.2400, 14.2450, 14.1800, 14.2200, 30234
2018-03-08, 14.3000, 14.3000, 14.2100, 14.2900, 26902
2018-03-09, 14.4000, 14.4000, 14.3400, 14.3700, 65522
2018-03-12, 14.5000, 14.5000, 14.3300, 14.3800, 65970
2018-03-13, 14.4300, 14.4300, 14.3100, 14.3400, 48617
2018-03-14, 14.3300, 14.3300, 14.1600, 14.2000, 48495
2018-03-15, 14.2300, 14.2300, 14.1400, 14.1700, 68250
2018-03-16, 14.1600, 14.1900, 14.1200, 14.1700, 61859
2018-03-19, 14.1700, 14.1700, 14.0600, 14.0700, 46375
2018-03-20, 14.1400, 14.1500, 14.0800, 14.1400, 40455
2018-03-21, 14.2400, 14.2400, 14.1400, 14.1600, 63414
2018-03-22, 14.1900, 14.1900, 14.0900, 14.1500, 75141
2018-03-23, 14.2700, 14.2700, 13.9946, 14.0600, 84530
2018-03-26, 14.0600, 14.1500, 14.0600, 14.1500, 72016
2018-03-27, 14.1600, 14.1600, 14.1100, 14.1400, 34947
2018-03-28, 14.2000, 14.2400, 14.1700, 14.1800, 47498
2018-03-29, 14.1900, 14.2100, 14.1500, 14.1800, 71934
2018-04-02, 14.1200, 14.1700, 14.0900, 14.1000, 37129
2018-04-03, 14.1100, 14.1400, 14.0500, 14.1400, 89822
2018-04-04, 14.0200, 14.1399, 14.0200, 14.1200, 50966
2018-04-05, 14.0800, 14.1500, 14.0800, 14.1200, 31382
2018-04-06, 14.1800, 14.1800, 14.1100, 14.1300, 74543
2018-04-09, 14.1800, 14.2000, 14.1400, 14.1800, 57004
2018-04-10, 14.2500, 14.2900, 14.2100, 14.2600, 39880
2018-04-11, 14.3200, 14.3200, 14.2368, 14.2800, 42443
2018-04-12, 14.2800, 14.3400, 14.2510, 14.2900, 55979
2018-04-13, 14.2300, 14.2300, 14.1500, 14.1900, 32673
2018-04-16, 14.2200, 14.3000, 14.2000, 14.2790, 43210
2018-04-17, 14.3300, 14.3300, 14.3000, 14.3100, 19959
2018-04-18, 14.3000, 14.4300, 14.2500, 14.3100, 49108
2018-04-19, 14.3700, 14.3700, 14.2000, 14.2600, 32108
2018-04-20, 14.2600, 14.2600, 14.1500, 14.1600, 69024
2018-04-23, 14.2300, 14.2500, 14.1700, 14.2300, 50394
2018-04-24, 14.2800, 14.2800, 14.1800, 14.1800, 71602
2018-04-25, 14.2300, 14.2300, 14.1200, 14.2000, 44086
2018-04-26, 14.2600, 14.2600, 14.1700, 14.1900, 37935
2018-04-27, 14.2200, 14.2300, 14.1642, 14.2000, 44724
2018-04-30, 14.2500, 14.2700, 14.2235, 14.2600, 29382
2018-05-01, 14.3500, 14.3500, 14.2350, 14.3400, 99220
2018-05-02, 14.3600, 14.3600, 14.2537, 14.3000, 34203
2018-05-03, 14.3400, 14.3400, 14.2700, 14.2900, 30153
2018-05-04, 14.3100, 14.3100, 14.2400, 14.2700, 39443
2018-05-07, 14.2900, 14.3000, 14.2500, 14.2800, 42342
2018-05-08, 14.3500, 14.3500, 14.2700, 14.3100, 33905
2018-05-09, 14.3800, 14.3800, 14.2700, 14.3000, 33328
2018-05-10, 14.3200, 14.3200, 14.2784, 14.3200, 30934
2018-05-11, 14.3100, 14.3300, 14.2600, 14.2900, 33695
2018-05-14, 14.3900, 14.3900, 14.2500, 14.2600, 107352
2018-05-15, 14.1700, 14.1800, 14.0300, 14.0900, 60821
2018-05-16, 14.1000, 14.1500, 14.1000, 14.1500, 42575
2018-05-17, 14.1500, 14.2100, 14.1400, 14.2000, 90465
2018-05-18, 14.2600, 14.2600, 14.1701, 14.2500, 41008
2018-05-21, 14.3000, 14.3000, 14.2300, 14.2700, 69286
2018-05-22, 14.2700, 14.2700, 14.2400, 14.2700, 43528
2018-05-23, 14.2500, 14.2900, 14.1900, 14.2600, 54150
2018-05-24, 14.2900, 14.2900, 14.2000, 14.2700, 74898
2018-05-25, 14.2700, 14.3100, 14.1700, 14.2200, 74705
2018-05-29, 14.2100, 14.2300, 14.1900, 14.2300, 53020
2018-05-30, 14.2800, 14.2900, 14.2000, 14.2900, 67869
2018-05-31, 14.3100, 14.3100, 14.2500, 14.3100, 56092
2018-06-01, 14.3100, 14.3600, 14.2800, 14.2800, 41090
2018-06-04, 14.3700, 14.3700, 14.3000, 14.3400, 78291
2018-06-05, 14.3400, 14.3600, 14.3000, 14.3100, 62348
2018-06-06, 14.3400, 14.3600, 14.3100, 14.3400, 60117
2018-06-07, 14.3300, 14.4300, 14.3300, 14.4100, 54627
2018-06-08, 14.4300, 14.4400, 14.3700, 14.3850, 46596
2018-06-11, 14.4300, 14.4500, 14.3600, 14.3700, 55834
2018-06-12, 14.4200, 14.4500, 14.3700, 14.4500, 50055
2018-06-13, 14.5200, 14.5200, 14.4100, 14.4400, 37435
2018-06-14, 14.4000, 14.4300, 14.3700, 14.4100, 36357
2018-06-15, 14.4300, 14.4300, 14.3100, 14.3700, 80055
2018-06-18, 14.3600, 14.3600, 14.3100, 14.3200, 39707
2018-06-19, 14.3200, 14.3900, 14.3001, 14.3900, 32207
2018-06-20, 14.3900, 14.4300, 14.3500, 14.4200, 31210
2018-06-21, 14.4500, 14.5200, 14.3700, 14.4000, 37658
2018-06-22, 14.4600, 14.4800, 14.3700, 14.4100, 65202
2018-06-25, 14.4100, 14.4143, 14.3400, 14.3500, 34659
2018-06-26, 14.4000, 14.4000, 14.3600, 14.3900, 25698
2018-06-27, 14.4300, 14.4490, 14.3400, 14.4000, 63647
2018-06-28, 14.4000, 14.4000, 14.2700, 14.3400, 40578
2018-06-29, 14.4100, 14.4100, 14.3000, 14.3300, 40498
2018-07-02, 14.3700, 14.3700, 14.2600, 14.2900, 38793
2018-07-03, 14.2900, 14.3200, 14.2500, 14.3000, 58689
2018-07-05, 14.3300, 14.3300, 14.2600, 14.3300, 24784
2018-07-06, 14.3300, 14.3300, 14.2500, 14.2900, 53108
2018-07-09, 14.3200, 14.3900, 14.3000, 14.3100, 177780
2018-07-10, 14.3400, 14.3700, 14.3100, 14.3500, 74616
2018-07-11, 14.3800, 14.3900, 14.3400, 14.3600, 30314
2018-07-12, 14.4000, 14.4100, 14.3300, 14.3400, 35102
2018-07-13, 14.3300, 14.3700, 14.3100, 14.3500, 26353
2018-07-16, 14.2800, 14.2800, 14.2100, 14.2500, 60856
2018-07-17, 14.2500, 14.3100, 14.2200, 14.2300, 59154
2018-07-18, 14.2600, 14.2700, 14.1700, 14.1800, 42990
2018-07-19, 14.2000, 14.2000, 14.1500, 14.1700, 48223
2018-07-20, 14.1700, 14.2500, 14.1600, 14.2500, 49111
2018-07-23, 14.2600, 14.2790, 14.2300, 14.2500, 39997
2018-07-24, 14.3100, 14.3200, 14.2600, 14.3000, 54064
2018-07-25, 14.3200, 14.3200, 14.2800, 14.2800, 20296
2018-07-26, 14.3100, 14.3300, 14.2200, 14.2300, 39619
2018-07-27, 14.2600, 14.2800, 14.1800, 14.2000, 39534
2018-07-30, 14.2400, 14.2700, 14.2103, 14.2500, 23479
2018-07-31, 14.2500, 14.3000, 14.2400, 14.2900, 56290
2018-08-01, 14.2900, 14.4100, 14.2600, 14.4100, 70399
2018-08-02, 14.3700, 14.4100, 14.3200, 14.3300, 48033
2018-08-03, 14.3300, 14.3800, 14.3200, 14.3600, 53310
2018-08-06, 14.3600, 14.3700, 14.3500, 14.3600, 49951
2018-08-07, 14.3600, 14.4400, 14.3600, 14.4400, 55265
2018-08-08, 14.3900, 14.4300, 14.3700, 14.3700, 52396
2018-08-09, 14.3700, 14.4200, 14.3200, 14.3400, 76154
2018-08-10, 14.3000, 14.3200, 14.2800, 14.3000, 52459
2018-08-13, 14.3600, 14.3790, 14.3301, 14.3500, 81978
2018-08-14, 14.4200, 14.4300, 14.3800, 14.4300, 55736
2018-08-15, 14.4200, 14.4600, 14.3800, 14.3800, 92391
2018-08-16, 14.3700, 14.3800, 14.3500, 14.3800, 43514
2018-08-17, 14.4400, 14.4400, 14.3800, 14.4000, 23058
2018-08-20, 14.4600, 14.4700, 14.3600, 14.4000, 59792
2018-08-21, 14.4200, 14.4300, 14.3700, 14.4000, 47868
2018-08-22, 14.4200, 14.4400, 14.3600, 14.4400, 36549
2018-08-23, 14.4300, 14.4300, 14.3600, 14.3800, 49324
2018-08-24, 14.4200, 14.4700, 14.3929, 14.4200, 63183
2018-08-27, 14.4300, 14.4365, 14.3400, 14.3900, 69091
2018-08-28, 14.3800, 14.4100, 14.2900, 14.3700, 49840
2018-08-29, 14.3800, 14.4300, 14.3200, 14.3500, 88799
2018-08-30, 14.3300, 14.3800, 14.3300, 14.3500, 32248
2018-08-31, 14.3600, 14.3800, 14.3300, 14.3700, 58776
2018-09-04, 14.3700, 14.4100, 14.3700, 14.4100, 73632
2018-09-05, 14.4300, 14.4500, 14.3804, 14.4500, 91830
2018-09-06, 14.4400, 14.4400, 14.3200, 14.3800, 75632
2018-09-07, 14.3400, 14.3900, 14.2700, 14.3600, 94926
2018-09-10, 14.3700, 14.4400, 14.3700, 14.4300, 34191
2018-09-11, 14.4400, 14.5100, 14.4100, 14.4100, 82199
2018-09-12, 14.4500, 14.5600, 14.4335, 14.4700, 72784
2018-09-13, 14.3900, 14.4200, 14.3100, 14.3200, 74019
2018-09-14, 14.3300, 14.3300, 14.2800, 14.3000, 44309
2018-09-17, 14.3200, 14.3400, 14.2900, 14.3000, 38262
2018-09-18, 14.3000, 14.3000, 14.2500, 14.2700, 36001
2018-09-19, 14.2900, 14.3100, 14.2400, 14.3000, 51174
2018-09-20, 14.3700, 14.3700, 14.2300, 14.2500, 45882
2018-09-21, 14.2800, 14.2800, 14.2000, 14.2200, 31797
2018-09-24, 14.2000, 14.2000, 14.1400, 14.1400, 31307
2018-09-25, 14.1500, 14.2100, 14.1000, 14.1200, 45572
2018-09-26, 14.1600, 14.1900, 14.1200, 14.1600, 101875
2018-09-27, 14.1900, 14.2000, 14.1200, 14.2000, 61133
2018-09-28, 14.2200, 14.2600, 14.1500, 14.2600, 77369
2018-10-01, 14.3100, 14.3100, 14.2200, 14.2600, 74410
2018-10-02, 14.2600, 14.3100, 14.2100, 14.2800, 53001
2018-10-03, 14.2800, 14.3500, 14.2300, 14.2300, 78963
2018-10-04, 14.2500, 14.2800, 14.0600, 14.1000, 85953
2018-10-05, 14.0600, 14.1400, 13.8800, 13.9400, 105179
2018-10-08, 13.9900, 13.9900, 13.8500, 13.9000, 62456
2018-10-09, 14.0600, 14.0600, 13.9500, 14.0000, 62758
2018-10-10, 14.0200, 14.0200, 13.7600, 13.7800, 75337
2018-10-11, 13.7800, 13.9000, 13.7700, 13.7700, 83662
2018-10-12, 13.8500, 13.9100, 13.8100, 13.8100, 95895
2018-10-15, 13.8600, 13.9100, 13.8100, 13.9100, 50905
2018-10-16, 13.8200, 13.9000, 13.8200, 13.9000, 108710
2018-10-17, 13.9200, 13.9200, 13.8400, 13.8400, 68433
2018-10-18, 13.8300, 13.8500, 13.7500, 13.7700, 98679
2018-10-19, 13.8000, 13.8000, 13.6200, 13.6500, 93516
2018-10-22, 13.6500, 13.6850, 13.6200, 13.6200, 58070
2018-10-23, 13.6200, 13.6200, 13.5000, 13.6000, 58692
2018-10-24, 13.6000, 13.6400, 13.4900, 13.5100, 69783
2018-10-25, 13.5600, 13.5600, 13.4700, 13.5000, 57755
2018-10-26, 13.4500, 13.4500, 13.1400, 13.2600, 137089
2018-10-29, 13.3500, 13.3500, 13.0400, 13.1300, 168448
2018-10-30, 13.1600, 13.2100, 13.1100, 13.2100, 50041
2018-10-31, 13.2800, 13.3000, 13.1400, 13.1400, 81459
2018-11-01, 13.2000, 13.5100, 13.1900, 13.4100, 98525
2018-11-02, 13.4500, 13.4700, 13.4299, 13.4300, 43031
2018-11-05, 13.5100, 13.5400, 13.4600, 13.5400, 47603
2018-11-06, 13.5400, 13.5700, 13.5000, 13.5500, 55643
2018-11-07, 13.5500, 13.5706, 13.4800, 13.4850, 67010
2018-11-08, 13.4900, 13.5600, 13.4700, 13.5600, 41073
2018-11-09, 13.5600, 13.5600, 13.4700, 13.5100, 52811
