2018-01-18, 50.1000, 50.1000, 49.8000, 49.8000, 200
2018-01-19, 49.8000, 49.8000, 49.8000, 49.8000, 1
2018-01-22, 49.8000, 49.8000, 49.8000, 49.8000, 0
2018-01-23, 49.8000, 49.8000, 49.8000, 49.8000, 0
2018-01-24, 49.8000, 49.8000, 49.8000, 49.8000, 0
2018-01-25, 49.8000, 49.8000, 49.8000, 49.8000, 0
2018-01-26, 50.1000, 50.1000, 50.1000, 50.1000, 100
2018-01-29, 50.1000, 50.1000, 50.1000, 50.1000, 0
2018-01-30, 50.1000, 50.1000, 50.1000, 50.1000, 0
2018-01-31, 50.1000, 50.1000, 50.1000, 50.1000, 0
2018-02-01, 50.1000, 50.1000, 50.1000, 50.1000, 0
2018-02-02, 50.1000, 50.1000, 50.1000, 50.1000, 0
2018-02-05, 49.3800, 49.3800, 49.3800, 49.3800, 200
2018-02-06, 49.3800, 49.3800, 49.3800, 49.3800, 0
2018-02-07, 49.3800, 49.3800, 49.3800, 49.3800, 0
2018-02-08, 49.3800, 49.3800, 49.3800, 49.3800, 0
2018-02-09, 49.3800, 49.3800, 49.3800, 49.3800, 0
2018-02-12, 49.3800, 49.3800, 49.3800, 49.3800, 0
2018-02-13, 49.3800, 49.3800, 49.3800, 49.3800, 0
2018-02-14, 49.3800, 49.3800, 49.3800, 49.3800, 0
2018-02-15, 49.3800, 49.3800, 49.3800, 49.3800, 0
2018-02-16, 49.3800, 49.3800, 49.3800, 49.3800, 0
2018-02-20, 49.3800, 49.3800, 49.3800, 49.3800, 0
2018-02-21, 49.3800, 49.3800, 49.3800, 49.3800, 0
2018-02-22, 49.3800, 49.3800, 49.3800, 49.3800, 0
2018-02-23, 49.3800, 49.3800, 49.3800, 49.3800, 0
2018-02-26, 49.3800, 49.3800, 49.3800, 49.3800, 0
2018-02-27, 49.3800, 49.3800, 49.3800, 49.3800, 0
2018-02-28, 49.3800, 49.3800, 49.3800, 49.3800, 0
2018-03-01, 49.3800, 49.3800, 49.3800, 49.3800, 0
2018-03-02, 49.3800, 49.3800, 49.3800, 49.3800, 0
2018-03-05, 49.3800, 49.3800, 49.3800, 49.3800, 0
2018-03-06, 49.3800, 49.3800, 49.3800, 49.3800, 0
2018-03-07, 49.3800, 49.3800, 49.3800, 49.3800, 0
2018-03-08, 49.3800, 49.3800, 49.3800, 49.3800, 0
2018-03-09, 49.3800, 49.3800, 49.3800, 49.3800, 0
2018-03-12, 49.3800, 49.3800, 49.3800, 49.3800, 0
2018-03-13, 49.3800, 49.3800, 49.3800, 49.3800, 0
2018-03-14, 49.3800, 49.3800, 49.3800, 49.3800, 0
2018-03-15, 49.3800, 49.3800, 49.3800, 49.3800, 0
2018-03-16, 49.3800, 49.3800, 49.3800, 49.3800, 0
2018-03-19, 49.3800, 49.3800, 49.3800, 49.3800, 0
2018-03-20, 49.3800, 49.3800, 49.3800, 49.3800, 0
2018-03-21, 49.3800, 49.3800, 49.3800, 49.3800, 0
2018-03-22, 48.0800, 48.0800, 48.0800, 48.0800, 100
2018-03-23, 47.7300, 47.7300, 47.5000, 47.5000, 400
2018-03-26, 47.5000, 47.5000, 47.5000, 47.5000, 0
2018-03-27, 47.5000, 47.5000, 47.5000, 47.5000, 0
2018-03-28, 46.9200, 48.1800, 46.9190, 47.5700, 8818
2018-03-29, 47.5700, 47.5700, 47.5700, 47.5700, 400
2018-04-02, 47.3700, 47.3700, 47.3100, 47.3100, 600
2018-04-03, 47.3100, 47.3100, 47.3100, 47.3100, 43
2018-04-04, 46.7900, 46.7900, 46.7900, 46.7900, 100
2018-04-05, 46.7900, 46.7900, 46.7900, 46.7900, 0
2018-04-06, 46.7900, 46.7900, 46.7900, 46.7900, 0
2018-04-09, 46.7900, 46.7900, 46.7900, 46.7900, 122
2018-04-10, 46.7900, 46.7900, 46.7900, 46.7900, 0
2018-04-11, 46.7900, 46.7900, 46.7900, 46.7900, 0
2018-04-12, 46.7900, 46.7900, 46.7900, 46.7900, 0
2018-04-13, 46.7900, 46.7900, 46.7900, 46.7900, 0
2018-04-16, 46.9700, 46.9700, 46.9700, 46.9700, 500
2018-04-17, 46.2000, 46.2200, 46.1300, 46.1300, 600
2018-04-18, 46.2000, 46.2000, 46.2000, 46.2000, 1000
2018-04-19, 46.2000, 46.2000, 46.2000, 46.2000, 0
2018-04-20, 46.2000, 46.2000, 46.2000, 46.2000, 0
2018-04-23, 46.2600, 46.2700, 46.2600, 46.2700, 350
2018-04-24, 45.6600, 45.6600, 45.6600, 45.6600, 101
2018-04-25, 45.0700, 45.1000, 45.0700, 45.1000, 300
2018-04-26, 45.5892, 45.5900, 45.5892, 45.5900, 200
2018-04-27, 45.8600, 46.0800, 45.8600, 46.0800, 600
2018-04-30, 46.7300, 46.7300, 46.7300, 46.7300, 100
2018-05-01, 46.7300, 46.7300, 46.7300, 46.7300, 99
2018-05-02, 47.5900, 47.5900, 47.5800, 47.5800, 201
2018-05-03, 47.2192, 47.4292, 47.2192, 47.4292, 300
2018-05-04, 47.4292, 47.4292, 47.4292, 47.4292, 24
2018-05-07, 46.4800, 46.4800, 46.4800, 46.4800, 105
2018-05-08, 46.1800, 46.1800, 46.1800, 46.1800, 200
2018-05-09, 46.0400, 46.0600, 46.0400, 46.0600, 300
2018-05-10, 46.0600, 46.0600, 46.0600, 46.0600, 50
2018-05-11, 46.0600, 46.0600, 46.0600, 46.0600, 40
2018-05-14, 45.5000, 45.5000, 45.4000, 45.4000, 825
2018-05-15, 45.4000, 45.4000, 45.4000, 45.4000, 0
2018-05-16, 45.4000, 45.4000, 45.4000, 45.4000, 0
2018-05-17, 45.4000, 45.4000, 45.4000, 45.4000, 0
2018-05-18, 45.4000, 45.4000, 45.4000, 45.4000, 10
2018-05-21, 45.4000, 45.4000, 45.4000, 45.4000, 40
2018-05-22, 45.4000, 45.4000, 45.4000, 45.4000, 0
2018-05-23, 45.4000, 45.4000, 45.4000, 45.4000, 0
2018-05-24, 45.4000, 45.4000, 45.4000, 45.4000, 0
2018-05-25, 45.4000, 45.4000, 45.4000, 45.4000, 0
2018-05-29, 49.1300, 49.5200, 49.1300, 49.5200, 1200
2018-05-30, 49.5200, 49.5200, 49.5200, 49.5200, 0
2018-05-31, 49.5200, 49.5200, 49.5200, 49.5200, 0
2018-06-01, 49.5200, 49.5200, 49.5200, 49.5200, 0
2018-06-04, 49.5200, 49.5200, 49.5200, 49.5200, 0
2018-06-05, 49.5200, 49.5200, 49.5200, 49.5200, 15
2018-06-06, 49.5200, 49.5200, 49.5200, 49.5200, 0
2018-06-07, 49.5200, 49.5200, 49.5200, 49.5200, 0
2018-06-08, 48.1000, 48.1000, 48.1000, 48.1000, 100
2018-06-11, 48.7400, 48.7400, 48.7400, 48.7400, 200
2018-06-12, 48.7600, 48.8200, 48.7600, 48.8200, 650
2018-06-13, 48.8200, 48.8200, 48.8200, 48.8200, 0
2018-06-14, 48.4100, 48.4100, 48.4100, 48.4100, 100
2018-06-15, 47.5700, 47.5700, 47.5700, 47.5700, 100
2018-06-18, 47.4200, 47.4200, 47.2000, 47.3200, 800
2018-06-19, 46.0900, 46.2400, 46.0700, 46.2400, 1400
2018-06-20, 46.6100, 46.6300, 46.6100, 46.6300, 200
2018-06-21, 46.6300, 46.6300, 46.6300, 46.6300, 0
2018-06-22, 47.0700, 47.0700, 47.0500, 47.0500, 300
2018-06-25, 47.7100, 47.7100, 46.7200, 46.7200, 715
2018-06-26, 46.7200, 46.7200, 46.7200, 46.7200, 0
2018-06-27, 46.7200, 46.7200, 46.7200, 46.7200, 0
2018-06-28, 46.7200, 46.7200, 46.7200, 46.7200, 0
2018-06-29, 46.7200, 46.7200, 46.7200, 46.7200, 0
2018-07-02, 45.0000, 45.0000, 45.0000, 45.0000, 300
2018-07-03, 45.0000, 45.0000, 45.0000, 45.0000, 0
2018-07-05, 45.0000, 45.0000, 45.0000, 45.0000, 0
2018-07-06, 44.2100, 44.2700, 44.2100, 44.2700, 1900
2018-07-09, 44.2700, 44.2700, 44.2700, 44.2700, 0
2018-07-10, 44.2700, 44.2700, 44.2700, 44.2700, 0
2018-07-11, 44.2700, 44.2700, 44.2700, 44.2700, 0
2018-07-12, 44.2700, 44.2700, 44.2700, 44.2700, 0
2018-07-13, 44.2700, 44.2700, 44.2700, 44.2700, 0
2018-07-16, 44.2700, 44.2700, 44.2700, 44.2700, 0
2018-07-17, 44.2700, 44.2700, 44.2700, 44.2700, 0
2018-07-18, 44.2700, 44.2700, 44.2700, 44.2700, 0
2018-07-19, 43.8700, 43.8700, 43.8700, 43.8700, 100
2018-07-20, 43.8700, 43.8700, 43.8700, 43.8700, 0
2018-07-23, 43.8700, 43.8700, 43.8700, 43.8700, 0
2018-07-24, 43.8700, 43.8700, 43.8700, 43.8700, 0
2018-07-25, 43.8700, 43.8700, 43.8700, 43.8700, 0
2018-07-26, 43.8700, 43.8700, 43.8700, 43.8700, 0
2018-07-27, 43.8700, 43.8700, 43.8700, 43.8700, 0
2018-07-30, 43.8700, 43.8700, 43.8700, 43.8700, 0
2018-07-31, 43.8700, 43.8700, 43.8700, 43.8700, 0
2018-08-01, 43.8700, 43.8700, 43.8700, 43.8700, 0
2018-08-02, 43.1600, 43.1600, 43.1600, 43.1600, 100
2018-08-03, 43.1600, 43.1600, 43.1600, 43.1600, 0
2018-08-06, 43.1600, 43.1600, 43.1600, 43.1600, 0
2018-08-07, 43.1600, 43.1600, 43.1600, 43.1600, 0
2018-08-08, 43.1600, 43.1600, 43.1600, 43.1600, 0
2018-08-09, 43.1600, 43.1600, 43.1600, 43.1600, 0
2018-08-10, 42.6900, 42.6900, 42.6900, 42.6900, 100
2018-08-13, 42.6900, 42.6900, 42.6900, 42.6900, 51
2018-08-14, 42.6900, 42.6900, 42.6900, 42.6900, 0
2018-08-15, 41.2800, 41.2800, 41.2473, 41.2600, 575
2018-08-16, 41.4500, 41.5900, 41.2100, 41.2100, 1300
2018-08-17, 40.9600, 40.9600, 40.9600, 40.9600, 155
2018-08-20, 40.8700, 40.8700, 40.8700, 40.8700, 400
2018-08-21, 40.8700, 40.8700, 40.8700, 40.8700, 0
2018-08-22, 40.8700, 40.8700, 40.8700, 40.8700, 0
2018-08-23, 40.8700, 40.8700, 40.8700, 40.8700, 0
2018-08-24, 41.0803, 41.0803, 41.0803, 41.0803, 200
2018-08-27, 41.0803, 41.0803, 41.0803, 41.0803, 0
2018-08-28, 41.0803, 41.0803, 41.0803, 41.0803, 0
2018-08-29, 41.0803, 41.0803, 41.0803, 41.0803, 0
2018-08-30, 41.3200, 41.3800, 41.3200, 41.3800, 235
2018-08-31, 41.3800, 41.3800, 41.3800, 41.3800, 0
2018-09-04, 41.3800, 41.3800, 41.3800, 41.3800, 0
2018-09-05, 41.3800, 41.3800, 41.3800, 41.3800, 0
2018-09-06, 41.3800, 41.3800, 41.3800, 41.3800, 0
2018-09-07, 41.9100, 41.9100, 41.9100, 41.9100, 100
2018-09-10, 41.9100, 41.9100, 41.9100, 41.9100, 0
2018-09-11, 41.9100, 41.9100, 41.9100, 41.9100, 0
2018-09-12, 41.9100, 41.9100, 41.9100, 41.9100, 0
2018-09-13, 41.9100, 41.9100, 41.9100, 41.9100, 0
2018-09-14, 42.1900, 42.1900, 42.1900, 42.1900, 100
2018-09-17, 41.7900, 41.7900, 41.7900, 41.7900, 100
2018-09-18, 40.8100, 40.8100, 40.8100, 40.8100, 200
2018-09-19, 40.8100, 40.8100, 40.8100, 40.8100, 0
2018-09-20, 40.8100, 40.8100, 40.8100, 40.8100, 0
2018-09-21, 40.8100, 40.8100, 40.8100, 40.8100, 0
2018-09-24, 40.8100, 40.8100, 40.8100, 40.8100, 45
2018-09-25, 40.8100, 40.8100, 40.8100, 40.8100, 50
2018-09-26, 40.8100, 40.8100, 40.8100, 40.8100, 25
2018-09-27, 39.8900, 39.8900, 39.8432, 39.8432, 400
2018-09-28, 40.5100, 40.5100, 40.5100, 40.5100, 200
2018-10-01, 40.5100, 40.5100, 40.5100, 40.5100, 0
2018-10-02, 40.5100, 40.5100, 40.5100, 40.5100, 0
2018-10-03, 42.6600, 42.6600, 42.6600, 42.6600, 300
2018-10-04, 42.6200, 42.6200, 42.6200, 42.6200, 100
2018-10-05, 43.5800, 43.5800, 43.5800, 43.5800, 100
2018-10-08, 44.4900, 44.4900, 44.4900, 44.4900, 100
2018-10-09, 44.4900, 44.4900, 44.4900, 44.4900, 0
2018-10-10, 44.1500, 44.1500, 44.1500, 44.1500, 100
2018-10-11, 44.4800, 44.4951, 44.4800, 44.4951, 1965
2018-10-12, 45.4200, 45.4200, 45.4200, 45.4200, 100
2018-10-15, 46.5630, 46.5630, 46.5630, 46.5630, 100
2018-10-16, 46.5627, 46.5627, 46.5627, 46.5627, 0
2018-10-17, 46.5627, 46.5627, 46.5627, 46.5627, 0
2018-10-18, 46.5627, 46.5627, 46.5627, 46.5627, 0
2018-10-19, 46.5627, 46.5627, 46.5627, 46.5627, 0
2018-10-22, 47.5212, 47.5212, 47.2900, 47.2900, 350
2018-10-23, 46.7900, 46.7900, 46.7900, 46.7900, 150
2018-10-24, 47.2358, 47.2358, 47.2356, 47.2356, 1717
2018-10-25, 47.5900, 47.5900, 47.3800, 47.3800, 700
2018-10-26, 47.5400, 47.5587, 47.5400, 47.5587, 550
2018-10-29, 47.2800, 47.2800, 46.3073, 46.3073, 858
2018-10-30, 45.2347, 45.5500, 45.2201, 45.4300, 3622
2018-10-31, 45.1800, 45.1800, 44.9950, 45.0050, 600
2018-11-01, 45.9100, 46.0700, 45.9100, 46.0700, 500
2018-11-02, 46.6500, 46.7400, 46.6500, 46.6800, 1309
2018-11-05, 46.6800, 46.6800, 46.6800, 46.6800, 0
2018-11-06, 45.2200, 45.2200, 44.9800, 44.9900, 1002
2018-11-07, 44.9900, 44.9900, 44.9900, 44.9900, 0
2018-11-08, 44.9900, 44.9900, 44.9900, 44.9900, 0
2018-11-09, 44.9900, 44.9900, 44.9900, 44.9900, 0
