2017-11-30, 24.5500, 24.8800, 24.5500, 24.8000, 187245
2017-12-01, 24.9900, 24.9900, 24.7200, 24.7700, 124114
2017-12-04, 25.3000, 25.3000, 24.8650, 24.9740, 39998
2017-12-05, 24.9800, 25.0000, 24.9200, 24.9500, 37939
2017-12-06, 25.0000, 25.0000, 24.9000, 24.9750, 27925
2017-12-07, 25.0000, 25.0500, 24.9400, 24.9900, 33173
2017-12-08, 25.1000, 25.1500, 24.9900, 25.1470, 32048
2017-12-11, 25.0800, 25.1000, 25.0000, 25.0500, 32250
2017-12-12, 25.1400, 25.1400, 24.9600, 25.0500, 37542
2017-12-13, 25.0500, 25.1499, 25.0000, 25.0100, 13002
2017-12-14, 25.0568, 25.1000, 25.0100, 25.0600, 12621
2017-12-15, 25.1000, 25.1600, 25.0500, 25.1600, 31086
2017-12-18, 25.0900, 25.3500, 25.0900, 25.3500, 66917
2017-12-19, 25.2300, 25.3300, 25.0501, 25.2300, 27531
2017-12-20, 25.2510, 25.3000, 25.1800, 25.1804, 12475
2017-12-21, 25.3100, 25.3300, 25.2576, 25.2722, 9270
2017-12-22, 25.1000, 25.2647, 25.0400, 25.1000, 32221
2017-12-26, 25.1200, 25.2500, 25.0100, 25.2500, 35670
2017-12-27, 25.2400, 25.3500, 25.1750, 25.3500, 35554
2017-12-28, 25.3500, 25.3900, 25.2250, 25.3000, 42404
2017-12-29, 25.4000, 25.4000, 25.2500, 25.2875, 33616
2018-01-02, 25.4000, 25.4000, 25.1100, 25.1100, 26377
2018-01-03, 25.3200, 25.4000, 25.1999, 25.3500, 39112
2018-01-04, 25.3700, 25.4500, 25.3460, 25.4499, 16743
2018-01-05, 25.3710, 25.5900, 25.3710, 25.4600, 16017
2018-01-08, 25.3800, 25.6229, 25.3000, 25.4500, 27919
2018-01-09, 25.5010, 25.5010, 25.2500, 25.3900, 25068
2018-01-10, 25.4347, 25.5800, 25.2500, 25.3100, 27340
2018-01-11, 25.3600, 25.3600, 25.3250, 25.3500, 11574
2018-01-12, 25.3500, 25.3500, 25.1910, 25.3500, 33174
2018-01-16, 25.3500, 25.3500, 25.1400, 25.1800, 37682
2018-01-17, 25.3500, 25.3501, 25.2000, 25.3500, 15826
2018-01-18, 25.3000, 25.3001, 25.1400, 25.1500, 23980
2018-01-19, 25.3015, 25.3015, 25.1800, 25.1800, 9878
2018-01-22, 25.1910, 25.2800, 25.1500, 25.1600, 9850
2018-01-23, 25.2098, 25.3290, 25.1800, 25.1800, 18400
2018-01-24, 25.2900, 25.2900, 25.2000, 25.2500, 12707
2018-01-25, 25.2946, 25.3300, 25.2000, 25.2001, 7355
2018-01-26, 25.2000, 25.2500, 25.1800, 25.1800, 11160
2018-01-29, 25.1500, 25.1500, 24.7500, 24.9400, 44766
2018-01-30, 24.9100, 24.9700, 24.8200, 24.9700, 16361
2018-01-31, 24.7400, 24.7800, 24.5500, 24.7800, 18530
2018-02-01, 24.4600, 24.8500, 24.3400, 24.7501, 26660
2018-02-02, 24.6200, 24.6200, 24.3400, 24.3500, 8675
2018-02-05, 24.3600, 24.6900, 24.3600, 24.6000, 4979
2018-02-06, 24.7000, 24.8300, 24.6000, 24.6500, 4871
2018-02-07, 24.7000, 24.7000, 24.6500, 24.6500, 10360
2018-02-08, 24.6100, 24.6719, 24.1200, 24.3700, 14560
2018-02-09, 24.4000, 24.4000, 24.3201, 24.3300, 6570
2018-02-12, 24.5000, 24.6900, 24.1600, 24.3500, 10463
2018-02-13, 24.4000, 24.4000, 24.1100, 24.4000, 3636
2018-02-14, 24.2914, 24.4000, 24.2215, 24.4000, 13907
2018-02-15, 24.3000, 24.3074, 24.2010, 24.3000, 21965
2018-02-16, 24.3000, 24.3000, 24.2078, 24.3000, 5281
2018-02-20, 24.1152, 24.4720, 24.1152, 24.2200, 26863
2018-02-21, 24.2900, 24.6700, 24.2200, 24.3000, 12782
2018-02-22, 24.3300, 24.6000, 24.2500, 24.4500, 27338
2018-02-23, 24.6000, 24.7500, 24.4000, 24.7500, 24437
2018-02-26, 24.8000, 24.9900, 24.6670, 24.9900, 16030
2018-02-27, 24.9900, 24.9900, 24.5442, 24.8400, 13091
2018-02-28, 24.6421, 24.9900, 24.6421, 24.9200, 25808
2018-03-01, 24.9183, 24.9183, 24.8420, 24.8650, 3540
2018-03-02, 24.6750, 24.8993, 24.6750, 24.8690, 5585
2018-03-05, 24.7400, 24.9504, 24.6500, 24.9000, 26799
2018-03-06, 24.9506, 24.9506, 24.7000, 24.8500, 20036
2018-03-07, 24.8086, 24.8500, 24.7000, 24.8000, 9100
2018-03-08, 24.9100, 24.9200, 24.6610, 24.8000, 9065
2018-03-09, 24.7000, 24.7300, 24.4300, 24.5200, 4810
2018-03-12, 24.5443, 24.7500, 24.5443, 24.7500, 12175
2018-03-13, 24.5830, 24.7400, 24.5830, 24.7400, 1472
2018-03-14, 24.9458, 24.9458, 24.7090, 24.8500, 8540
2018-03-15, 24.9400, 24.9700, 24.6508, 24.9400, 15400
2018-03-16, 24.8620, 24.9900, 24.7294, 24.9900, 12138
2018-03-19, 24.9527, 24.9900, 24.8500, 24.9403, 11532
2018-03-20, 24.9857, 25.0000, 24.8501, 25.0000, 10148
2018-03-21, 25.0200, 25.1000, 24.9450, 25.1000, 8480
2018-03-22, 25.0204, 25.1100, 25.0204, 25.0500, 4837
2018-03-23, 25.0650, 25.0650, 24.8020, 25.0000, 8229
2018-03-26, 25.0100, 25.1700, 24.9010, 25.1500, 8680
2018-03-27, 25.1700, 25.1900, 24.9000, 24.9000, 22038
2018-03-28, 24.9500, 24.9800, 24.7700, 24.8400, 15611
2018-03-29, 25.0200, 25.0200, 24.7900, 24.8380, 35236
2018-04-02, 24.8200, 24.9300, 24.7900, 24.8100, 22209
2018-04-03, 24.8110, 24.8500, 24.7000, 24.7000, 5575
2018-04-04, 24.7500, 24.8300, 24.4900, 24.6500, 18045
2018-04-05, 24.6600, 24.9000, 24.6300, 24.6300, 13217
2018-04-06, 24.7700, 24.7700, 24.6730, 24.7100, 6024
2018-04-09, 24.7700, 24.7850, 24.7500, 24.7500, 4602
2018-04-10, 24.8490, 24.9400, 24.7500, 24.7500, 9926
2018-04-11, 24.7500, 24.9500, 24.7500, 24.9500, 4098
2018-04-12, 24.9500, 24.9700, 24.9010, 24.9250, 4243
2018-04-13, 24.9500, 24.9500, 24.9299, 24.9299, 1237
2018-04-16, 24.9900, 24.9900, 24.8500, 24.9320, 6950
2018-04-17, 24.9900, 25.0499, 24.9618, 25.0000, 5404
2018-04-18, 25.0000, 25.0000, 24.8800, 24.8800, 7463
2018-04-19, 24.9898, 24.9900, 24.8500, 24.8798, 18605
2018-04-20, 24.8200, 24.9550, 24.7500, 24.9396, 10100
2018-04-23, 24.9400, 24.9499, 24.6500, 24.6500, 8600
2018-04-24, 24.8000, 24.8500, 24.7700, 24.8000, 8468
2018-04-25, 24.7990, 24.9500, 24.7600, 24.7634, 7442
2018-04-26, 24.8900, 24.9000, 24.8180, 24.9000, 11590
2018-04-27, 24.9560, 24.9800, 24.8100, 24.9400, 12737
2018-04-30, 24.7400, 24.7400, 24.2255, 24.5000, 16403
2018-05-01, 24.6800, 24.7120, 24.4522, 24.6500, 4570
2018-05-02, 24.6600, 24.7900, 24.5671, 24.7900, 11612
2018-05-03, 24.7700, 24.7900, 24.7500, 24.7500, 5000
2018-05-04, 24.7800, 24.8508, 24.7309, 24.8500, 8793
2018-05-07, 24.9300, 24.9400, 24.7500, 24.8337, 5677
2018-05-08, 24.8450, 24.8890, 24.7690, 24.8410, 4000
2018-05-09, 24.7999, 24.8000, 24.7700, 24.7900, 3013
2018-05-10, 24.7350, 24.8000, 24.7270, 24.8000, 4279
2018-05-11, 24.6101, 24.9900, 24.6101, 24.9500, 5705
2018-05-14, 24.9000, 24.9400, 24.5800, 24.6300, 3060
2018-05-15, 24.6500, 24.9000, 24.5800, 24.5800, 3290
2018-05-16, 24.6400, 24.9007, 24.6400, 24.9000, 7788
2018-05-17, 24.8000, 24.9000, 24.8000, 24.9000, 7778
2018-05-18, 24.8658, 25.0100, 24.8500, 25.0100, 6219
2018-05-21, 24.9165, 24.9500, 24.9000, 24.9500, 2305
2018-05-22, 24.9990, 25.0300, 24.8700, 24.8700, 5605
2018-05-23, 24.8700, 24.8788, 24.5800, 24.8788, 8311
2018-05-24, 24.8456, 24.9500, 24.7400, 24.9500, 10045
2018-05-25, 24.9500, 24.9500, 24.9500, 24.9500, 400
2018-05-29, 24.7600, 24.9400, 24.7100, 24.7300, 3750
2018-05-30, 24.8400, 24.9000, 24.6500, 24.9000, 16199
2018-05-31, 24.8900, 24.9900, 24.5900, 24.6500, 18639
2018-06-01, 24.7600, 24.7700, 24.6469, 24.7000, 3885
2018-06-04, 24.8108, 24.8500, 24.7170, 24.7750, 3600
2018-06-05, 24.8400, 24.8400, 24.8400, 24.8400, 230
2018-06-06, 24.8810, 24.8810, 24.7154, 24.8800, 2470
2018-06-07, 24.7000, 24.8600, 24.7000, 24.8470, 3300
2018-06-08, 24.8400, 24.8400, 24.7400, 24.7400, 1700
2018-06-11, 24.7210, 24.8900, 24.7210, 24.8900, 4380
2018-06-12, 24.8900, 24.9000, 24.8300, 24.9000, 5195
2018-06-13, 24.8905, 24.8999, 24.8800, 24.8999, 2000
2018-06-14, 24.7310, 24.9000, 24.7300, 24.8500, 5176
2018-06-15, 24.9000, 24.9000, 24.9000, 24.9000, 690
2018-06-18, 24.8500, 24.8607, 24.8390, 24.8598, 5987
2018-06-19, 24.8999, 24.8999, 24.7300, 24.7300, 8862
2018-06-20, 24.7600, 24.8988, 24.7600, 24.8555, 1940
2018-06-21, 24.8400, 24.8400, 24.7300, 24.8000, 10774
2018-06-22, 24.8000, 24.8530, 24.7900, 24.8500, 14370
2018-06-25, 24.9000, 24.9599, 24.9000, 24.9599, 1033
2018-06-26, 24.7710, 24.9030, 24.7700, 24.7900, 5405
2018-06-27, 24.8348, 24.9000, 24.8348, 24.9000, 1100
2018-06-28, 24.9500, 24.9900, 24.8423, 24.8423, 2750
2018-06-29, 24.8548, 24.9699, 24.8100, 24.8600, 5750
2018-07-02, 24.9001, 24.9053, 24.8776, 24.9000, 2027
2018-07-03, 24.8201, 24.9799, 24.8201, 24.9799, 3364
2018-07-05, 24.9800, 24.9900, 24.9352, 24.9660, 2655
2018-07-06, 24.9899, 24.9900, 24.9000, 24.9690, 1185
2018-07-09, 24.9100, 25.0000, 24.9100, 24.9870, 4715
2018-07-10, 24.9950, 25.0000, 24.9100, 24.9100, 1710
2018-07-11, 25.0000, 25.0100, 24.9601, 25.0100, 14165
2018-07-12, 25.0100, 25.0500, 25.0000, 25.0200, 9750
2018-07-13, 25.0500, 25.0990, 25.0100, 25.0500, 5405
2018-07-16, 25.0495, 25.0495, 25.0100, 25.0100, 640
2018-07-17, 25.1000, 25.1000, 25.0401, 25.0660, 8970
2018-07-18, 25.0973, 25.1500, 25.0773, 25.1500, 10030
2018-07-19, 25.1148, 25.1900, 25.1148, 25.1900, 3800
2018-07-20, 25.1900, 25.2300, 25.1775, 25.2300, 3545
2018-07-23, 25.2084, 25.2200, 25.0300, 25.0600, 7090
2018-07-24, 25.1548, 25.2000, 25.1486, 25.2000, 2595
2018-07-25, 25.1060, 25.2500, 25.1060, 25.2500, 3800
2018-07-26, 25.2700, 25.3200, 25.2700, 25.2700, 4045
2018-07-27, 25.3000, 25.4560, 25.2500, 25.2500, 5900
2018-07-30, 25.1200, 25.3000, 25.0600, 25.2700, 7100
2018-07-31, 24.9600, 24.9600, 24.6600, 24.8100, 22511
2018-08-01, 24.8390, 24.9500, 24.8000, 24.9400, 7778
2018-08-02, 24.9500, 24.9800, 24.9050, 24.9800, 4410
2018-08-03, 24.9500, 25.0200, 24.9500, 24.9501, 6130
2018-08-06, 24.9600, 25.0200, 24.9500, 24.9780, 700
2018-08-07, 25.0100, 25.0100, 24.9000, 24.9500, 12550
2018-08-08, 24.9379, 24.9860, 24.9379, 24.9500, 2807
2018-08-09, 24.9500, 24.9500, 24.9500, 24.9500, 0
2018-08-10, 24.9811, 24.9811, 24.9500, 24.9590, 3293
2018-08-13, 24.9800, 24.9800, 24.9570, 24.9570, 2010
2018-08-14, 24.9799, 24.9800, 24.9799, 24.9800, 1328
2018-08-15, 25.0000, 25.0100, 24.9500, 25.0100, 6659
2018-08-16, 24.9924, 25.0100, 24.9699, 24.9985, 1318
2018-08-17, 25.0100, 25.1487, 25.0072, 25.1257, 4440
2018-08-20, 25.1500, 25.2000, 24.9600, 25.0000, 9850
2018-08-21, 25.1650, 25.2300, 25.1250, 25.2173, 3000
2018-08-22, 25.0401, 25.4400, 25.0401, 25.2700, 9924
2018-08-23, 25.1768, 25.2500, 25.1768, 25.2500, 6470
2018-08-24, 25.2396, 25.2396, 25.2196, 25.2196, 1410
2018-08-27, 25.0900, 25.2500, 25.0900, 25.1100, 18922
2018-08-28, 25.1200, 25.4095, 25.0800, 25.4095, 6203
2018-08-29, 25.3763, 25.4064, 25.3763, 25.4064, 415
2018-08-30, 25.4064, 25.4064, 25.4064, 25.4064, 0
2018-08-31, 25.3751, 25.4000, 25.2500, 25.3985, 5499
2018-09-04, 25.2801, 25.3640, 25.2801, 25.3640, 1600
2018-09-05, 25.3655, 25.4000, 25.2500, 25.2500, 3000
2018-09-06, 25.4000, 25.5773, 25.2500, 25.5499, 9320
2018-09-07, 25.2610, 25.4165, 25.2610, 25.4165, 500
2018-09-10, 25.3500, 25.3500, 25.2500, 25.2500, 5125
2018-09-11, 25.2850, 25.4106, 25.2500, 25.2500, 4700
2018-09-12, 25.3718, 25.3718, 25.2510, 25.2510, 1400
2018-09-13, 25.4485, 25.4485, 25.0700, 25.0800, 10820
2018-09-14, 25.1200, 25.1989, 25.0900, 25.1498, 7200
2018-09-17, 25.1000, 25.3195, 25.1000, 25.1522, 4264
2018-09-18, 25.1500, 25.3700, 25.1000, 25.3600, 7195
2018-09-19, 25.1900, 25.3500, 25.1800, 25.3199, 4100
2018-09-20, 25.3001, 25.3307, 25.2999, 25.3000, 2015
2018-09-21, 25.1800, 25.3700, 25.1800, 25.3699, 5880
2018-09-24, 25.3800, 25.3800, 25.3000, 25.3000, 1800
2018-09-25, 25.3348, 25.3348, 25.3348, 25.3348, 200
2018-09-26, 25.2838, 25.4500, 25.2838, 25.4307, 4880
2018-09-27, 25.4063, 25.4063, 25.3379, 25.3500, 3580
2018-09-28, 25.3655, 25.5000, 25.3000, 25.3684, 4920
2018-10-01, 25.5100, 25.5100, 25.3388, 25.5100, 2640
2018-10-02, 25.3300, 25.3300, 25.2276, 25.2276, 8455
2018-10-03, 25.3500, 25.3500, 25.2001, 25.2001, 5600
2018-10-04, 25.1000, 25.4600, 25.0100, 25.1000, 19582
2018-10-05, 25.1850, 25.1850, 25.0500, 25.0875, 1195
2018-10-08, 25.2550, 25.2810, 25.2000, 25.2800, 3200
2018-10-09, 25.4300, 25.4500, 25.1100, 25.1200, 5900
2018-10-10, 25.1322, 25.1430, 25.0200, 25.0730, 1900
2018-10-11, 25.1550, 25.2500, 25.0100, 25.1000, 13000
2018-10-12, 25.0200, 25.2400, 25.0200, 25.1753, 2660
2018-10-15, 25.2980, 25.3000, 25.1670, 25.1868, 6000
2018-10-16, 25.2500, 25.2785, 25.1110, 25.2000, 6550
2018-10-17, 25.2000, 25.3699, 25.1200, 25.1200, 13512
2018-10-18, 25.2486, 25.2500, 25.2486, 25.2500, 775
2018-10-19, 25.1890, 25.1983, 25.1300, 25.1444, 2850
2018-10-22, 25.2900, 25.2900, 25.1000, 25.1264, 3175
2018-10-23, 25.2100, 25.2100, 25.2100, 25.2100, 600
2018-10-24, 25.2208, 25.2400, 25.1000, 25.1000, 2900
2018-10-25, 25.1990, 25.2000, 25.1900, 25.2000, 1300
2018-10-26, 25.2000, 25.2000, 25.2000, 25.2000, 0
2018-10-29, 25.2399, 25.2400, 25.1337, 25.2400, 4100
2018-10-30, 25.1600, 25.2400, 25.1000, 25.2154, 3505
2018-10-31, 25.0000, 25.1300, 25.0000, 25.0100, 20604
2018-11-01, 25.0500, 25.1000, 25.0500, 25.0700, 8116
2018-11-02, 25.0851, 25.3000, 25.0000, 25.1474, 11645
2018-11-05, 25.1500, 25.2759, 25.0000, 25.0600, 14838
2018-11-06, 25.1100, 25.2300, 25.1100, 25.1501, 3225
2018-11-07, 25.3569, 25.3569, 25.0500, 25.0880, 10105
2018-11-08, 25.1500, 25.1551, 25.0501, 25.0501, 6375
2018-11-09, 25.0300, 25.1699, 25.0200, 25.0500, 7660
