2015-07-09, 24.9500, 24.9500, 24.8299, 24.8300, 6501
2015-07-10, 25.1300, 25.2400, 25.1000, 25.2400, 7338
2015-07-13, 25.4000, 25.4000, 25.3999, 25.3999, 1316
2015-07-14, 25.5000, 25.5000, 25.4909, 25.4909, 200
2015-07-15, 25.5000, 25.5000, 25.4401, 25.4401, 610
2015-07-16, 25.6500, 25.6500, 25.6500, 25.6500, 610
2015-07-17, 25.6200, 25.6800, 25.6200, 25.6800, 2450
2015-07-20, 25.7300, 25.7400, 25.7200, 25.7400, 4031
2015-07-21, 25.6700, 25.6800, 25.5878, 25.6200, 7667
2015-07-22, 25.5000, 25.5000, 25.5000, 25.5000, 180
2015-07-23, 25.6000, 25.6000, 25.6000, 25.6000, 200
2015-07-24, 25.4100, 25.4100, 25.2760, 25.3100, 3749
2015-07-27, 25.1500, 25.1500, 25.0836, 25.0899, 2442
2015-07-28, 25.2499, 25.4100, 25.2499, 25.4000, 43710
2015-07-29, 25.4500, 25.5500, 25.4313, 25.5199, 84000
2015-07-30, 25.4737, 25.4900, 25.4737, 25.4807, 1275
2015-07-31, 25.7400, 25.7400, 25.5597, 25.5700, 3100
2015-08-03, 25.6100, 25.6500, 25.5000, 25.5401, 89936
2015-08-04, 25.6100, 25.6600, 25.6100, 25.6500, 600
2015-08-05, 25.6500, 25.6500, 25.6500, 25.6500, 0
2015-08-06, 25.7200, 25.7200, 25.5500, 25.5500, 400
2015-08-07, 25.4660, 25.4940, 25.4610, 25.4610, 2305
2015-08-10, 25.7999, 25.9000, 25.7999, 25.8900, 34854
2015-08-11, 25.5100, 25.5100, 25.5100, 25.5100, 346
2015-08-12, 25.2100, 25.3700, 25.2100, 25.3578, 2400
2015-08-13, 25.4400, 25.5400, 25.4400, 25.5100, 2500
2015-08-14, 25.5200, 25.5200, 25.5200, 25.5200, 328
2015-08-17, 25.4400, 25.6200, 25.4400, 25.6199, 4985
2015-08-18, 25.5300, 25.5600, 25.5100, 25.5200, 3263
2015-08-19, 25.1970, 25.2700, 25.1970, 25.2495, 3170
2015-08-20, 24.6640, 24.6640, 24.6640, 24.6640, 100
2015-08-21, 24.3132, 24.3160, 24.0700, 24.0700, 915
2015-08-24, 23.7299, 23.7300, 23.1600, 23.4100, 13985
2015-08-25, 23.9400, 23.9800, 23.3896, 23.3896, 10237
2015-08-26, 23.6900, 23.6900, 23.6820, 23.6820, 329
2015-08-27, 24.2500, 24.3200, 24.1100, 24.3090, 2534
2015-08-28, 24.3000, 24.3000, 24.2999, 24.3000, 2310
2015-08-31, 24.3000, 24.3000, 24.3000, 24.3000, 0
2015-09-01, 23.6300, 23.6300, 23.3300, 23.3680, 13861
2015-09-02, 23.8500, 23.8500, 23.6497, 23.6497, 2417
2015-09-03, 23.8300, 23.8300, 23.8300, 23.8300, 840
2015-09-04, 23.2800, 23.2800, 23.2800, 23.2800, 771
2015-09-08, 23.2800, 23.2800, 23.2800, 23.2800, 0
2015-09-09, 23.7700, 23.7800, 23.6400, 23.6400, 10902
2015-09-10, 23.6400, 23.6400, 23.6400, 23.6400, 0
2015-09-11, 23.6900, 23.7900, 23.6400, 23.7700, 2702
2015-09-14, 23.7700, 23.7700, 23.7700, 23.7700, 0
2015-09-15, 23.9200, 23.9200, 23.9200, 23.9200, 750
2015-09-16, 24.1465, 24.1500, 24.1465, 24.1500, 516
2015-09-17, 24.1900, 24.2250, 24.1898, 24.2250, 5653
2015-09-18, 23.8290, 23.8290, 23.7600, 23.7800, 13131
2015-09-21, 23.7800, 23.7800, 23.7800, 23.7800, 0
2015-09-22, 23.2700, 23.2700, 23.2700, 23.2700, 750
2015-09-23, 23.3700, 23.3700, 23.3000, 23.3200, 24275
2015-09-24, 23.3200, 23.3200, 23.3200, 23.3200, 113
2015-09-25, 23.5100, 23.5500, 23.3400, 23.3400, 3125
2015-09-28, 23.2600, 23.2600, 22.9100, 22.9500, 1200
2015-09-29, 22.8550, 22.8684, 22.8550, 22.8684, 900
2015-09-30, 23.1999, 23.3400, 23.1999, 23.3400, 597
2015-10-01, 23.3099, 23.3100, 23.3097, 23.3097, 2000
2015-10-02, 23.3097, 23.3097, 23.3097, 23.3097, 0
2015-10-05, 24.0900, 24.0900, 24.0900, 24.0900, 177
2015-10-06, 24.0900, 24.0900, 24.0900, 24.0900, 0
2015-10-07, 24.2200, 24.2200, 24.0300, 24.1599, 3400
2015-10-08, 24.1200, 24.1200, 24.1200, 24.1200, 500
2015-10-09, 24.4200, 24.4200, 24.3300, 24.3600, 980
2015-10-12, 24.3600, 24.3600, 24.3600, 24.3600, 0
2015-10-13, 24.3600, 24.3600, 24.3600, 24.3600, 0
2015-10-14, 24.3600, 24.3600, 24.3600, 24.3600, 0
2015-10-15, 24.5151, 24.5151, 24.5151, 24.5151, 1200
2015-10-16, 24.5000, 24.5000, 24.5000, 24.5000, 200
2015-10-19, 24.5000, 24.5000, 24.5000, 24.5000, 0
2015-10-20, 24.4601, 24.4800, 24.4201, 24.4201, 300
2015-10-21, 24.4796, 24.5400, 24.4796, 24.4955, 1625
2015-10-22, 24.6599, 24.6600, 24.6599, 24.6600, 1275
2015-10-23, 24.8500, 24.8700, 24.8000, 24.8400, 2700
2015-10-26, 24.8582, 24.8582, 24.8448, 24.8448, 1234
2015-10-27, 24.7090, 24.7090, 24.6900, 24.6900, 1225
2015-10-28, 24.9500, 24.9500, 24.9500, 24.9500, 100
2015-10-29, 24.9500, 24.9500, 24.9500, 24.9500, 0
2015-10-30, 24.9200, 24.9200, 24.9000, 24.9000, 609
2015-11-02, 25.0000, 25.1200, 25.0000, 25.1200, 39650
2015-11-03, 25.0790, 25.1500, 25.0790, 25.1500, 630
2015-11-04, 25.1300, 25.1400, 25.0300, 25.0600, 800
2015-11-05, 25.0600, 25.0600, 25.0600, 25.0600, 0
2015-11-06, 25.0600, 25.0600, 25.0600, 25.0600, 0
2015-11-09, 25.0600, 25.0600, 25.0600, 25.0600, 24
2015-11-10, 24.8399, 24.8400, 24.8366, 24.8400, 2100
2015-11-11, 24.8400, 24.8400, 24.8400, 24.8400, 0
2015-11-12, 24.7400, 24.8100, 24.7200, 24.7200, 9392
2015-11-13, 24.5400, 24.5400, 24.4570, 24.4570, 2868
2015-11-16, 24.6100, 24.6100, 24.6038, 24.6038, 1000
2015-11-17, 24.8600, 24.8600, 24.8600, 24.8600, 724
2015-11-18, 24.8799, 24.9200, 24.8799, 24.8800, 2000
2015-11-19, 25.1900, 25.1900, 25.1600, 25.1600, 2930
2015-11-20, 25.1600, 25.1600, 25.1600, 25.1600, 0
2015-11-23, 25.2600, 25.2800, 25.2014, 25.2100, 4306
2015-11-24, 25.2800, 25.2800, 25.2749, 25.2749, 1256
2015-11-25, 25.3000, 25.3434, 25.3000, 25.3434, 1903
2015-11-27, 25.3434, 25.3434, 25.3434, 25.3434, 12
2015-11-30, 25.3434, 25.3434, 25.3434, 25.3434, 36
2015-12-01, 25.3930, 25.4700, 25.3930, 25.4700, 5520
2015-12-02, 25.4600, 25.4600, 25.2600, 25.2700, 2935
2015-12-03, 25.3000, 25.3000, 25.0100, 25.0200, 889
2015-12-04, 25.1300, 25.3000, 25.1299, 25.2894, 8285
2015-12-07, 25.2190, 25.2200, 25.1700, 25.2100, 1136
2015-12-08, 24.9500, 24.9800, 24.9500, 24.9800, 516
2015-12-09, 24.9800, 24.9800, 24.9800, 24.9800, 16
2015-12-10, 24.8774, 24.8774, 24.8774, 24.8774, 234
2015-12-11, 24.4400, 24.4400, 24.4400, 24.4400, 500
2015-12-14, 24.3499, 24.5600, 24.3490, 24.5600, 4556
2015-12-15, 24.6600, 24.6600, 24.6600, 24.6600, 1088
2015-12-16, 24.7699, 25.0300, 24.7400, 24.9200, 3300
2015-12-17, 24.7400, 24.7400, 24.7400, 24.7400, 240
2015-12-18, 24.7400, 24.7400, 24.7400, 24.7400, 56
2015-12-21, 24.3900, 24.4400, 24.3900, 24.4400, 1746
2015-12-22, 24.5500, 24.5600, 24.5241, 24.5500, 1068
2015-12-23, 24.8900, 24.8900, 24.8900, 24.8900, 804
2015-12-24, 24.8300, 24.9200, 24.8300, 24.8900, 3600
2015-12-28, 24.8100, 24.8100, 24.8100, 24.8100, 110
2015-12-29, 25.1299, 25.1400, 25.0901, 25.1400, 1462
2015-12-30, 25.0320, 25.0500, 25.0100, 25.0127, 29963
2015-12-31, 24.8400, 24.8400, 24.8332, 24.8332, 1000
2016-01-04, 24.1500, 24.3800, 24.1500, 24.3800, 2735
2016-01-05, 24.4800, 24.4800, 24.2990, 24.4300, 2641
2016-01-06, 24.0800, 24.0800, 24.0800, 24.0800, 600
2016-01-07, 23.8300, 23.8300, 23.7400, 23.7400, 1839
2016-01-08, 23.7200, 23.7200, 23.3000, 23.3000, 6444
2016-01-11, 23.3000, 23.3000, 23.3000, 23.3000, 0
2016-01-12, 23.2661, 23.2699, 23.2661, 23.2699, 1411
2016-01-13, 23.0990, 23.0990, 23.0990, 23.0990, 334
2016-01-14, 23.3020, 23.3020, 23.2897, 23.2897, 743
2016-01-15, 22.7734, 22.7734, 22.7590, 22.7699, 3162
2016-01-19, 22.9800, 23.0100, 22.7573, 22.8800, 12025
2016-01-20, 22.3940, 22.5900, 22.3840, 22.5889, 1703
2016-01-21, 22.4100, 22.4100, 22.4100, 22.4100, 514
2016-01-22, 22.9700, 23.1156, 22.9700, 23.1156, 9429
2016-01-25, 23.0252, 23.0700, 23.0141, 23.0300, 1951
2016-01-26, 23.0300, 23.2490, 23.0300, 23.2290, 4413
2016-01-27, 23.0400, 23.1000, 23.0399, 23.0900, 1900
2016-01-28, 23.1600, 23.2200, 23.1600, 23.2190, 6861
2016-01-29, 23.4000, 23.6490, 23.3700, 23.6490, 3173
2016-02-01, 23.7510, 23.7510, 23.7300, 23.7300, 1435
2016-02-02, 23.3500, 23.3700, 23.2900, 23.2900, 1850
2016-02-03, 23.5200, 23.5200, 23.1900, 23.5000, 18933
2016-02-04, 23.4300, 23.5100, 23.3300, 23.3300, 5305
2016-02-05, 23.0473, 23.0500, 23.0100, 23.0100, 2507
2016-02-08, 22.7140, 22.7300, 22.5932, 22.7300, 1902
2016-02-09, 22.7300, 22.7300, 22.7300, 22.7300, 0
2016-02-10, 22.7300, 22.7300, 22.7300, 22.7300, 0
2016-02-11, 22.0900, 22.2500, 22.0900, 22.1500, 3510
2016-02-12, 22.2900, 22.2900, 22.2900, 22.2900, 282
2016-02-16, 22.9400, 23.0400, 22.9400, 23.0336, 3482
2016-02-17, 23.5000, 23.5100, 23.4910, 23.4910, 6042
2016-02-18, 23.5800, 23.5900, 23.5400, 23.5400, 3832
2016-02-19, 23.4590, 23.4600, 23.4090, 23.4100, 1400
2016-02-22, 23.8100, 23.8100, 23.8100, 23.8100, 2064
2016-02-23, 23.7900, 23.7900, 23.5400, 23.5600, 10255
2016-02-24, 23.5000, 23.5690, 23.5000, 23.5690, 307
2016-02-25, 23.7500, 23.8500, 23.7500, 23.8100, 23594
2016-02-26, 23.8100, 23.8100, 23.8100, 23.8100, 0
2016-02-29, 23.8100, 23.8100, 23.8100, 23.8100, 0
2016-03-01, 24.1600, 24.1600, 24.0600, 24.1400, 30822
2016-03-02, 24.0990, 24.1500, 24.0803, 24.1100, 12531
2016-03-03, 24.2300, 24.2800, 24.2270, 24.2800, 5101
2016-03-04, 24.5413, 24.5413, 24.4490, 24.4490, 2437
2016-03-07, 24.3300, 24.5300, 24.3212, 24.4100, 35999
2016-03-08, 24.1400, 24.3790, 24.1400, 24.3223, 16860
2016-03-09, 24.3400, 24.3400, 24.2900, 24.3200, 3433
2016-03-10, 24.3200, 24.3200, 24.3200, 24.3200, 0
2016-03-11, 24.7600, 24.7900, 24.7500, 24.7800, 7625
2016-03-14, 24.8500, 24.8800, 24.7800, 24.8800, 3454
2016-03-15, 24.6100, 24.6192, 24.5900, 24.6192, 440
2016-03-16, 24.6192, 24.6192, 24.6192, 24.6192, 30
2016-03-17, 25.0700, 25.0700, 24.9600, 24.9900, 18470
2016-03-18, 24.9960, 25.1000, 24.9900, 25.0350, 26042
2016-03-21, 25.0900, 25.0900, 25.0000, 25.0600, 4140
2016-03-22, 25.1100, 25.1590, 25.1000, 25.1458, 30580
2016-03-23, 24.9590, 25.0000, 24.9001, 24.9001, 4376
2016-03-24, 24.7400, 24.7800, 24.7400, 24.7800, 1327
2016-03-28, 26.0000, 26.0000, 24.8900, 25.0447, 8481
2016-03-29, 24.9899, 25.4400, 24.9899, 25.3500, 6200
2016-03-30, 25.5190, 25.6200, 25.5190, 25.6100, 3722
2016-03-31, 25.6100, 25.6100, 25.6100, 25.6100, 0
2016-04-01, 24.8800, 25.1400, 24.8700, 25.1400, 1581
2016-04-04, 25.1282, 25.1282, 25.0500, 25.0500, 3002
2016-04-05, 24.7100, 24.7400, 24.7100, 24.7400, 900
2016-04-06, 24.9600, 25.0500, 24.9299, 25.0500, 4413
2016-04-07, 24.8485, 24.8485, 24.7750, 24.7750, 595
2016-04-08, 25.1800, 25.1800, 25.1199, 25.1774, 8231
2016-04-11, 25.2500, 25.3300, 25.2200, 25.2290, 1143
2016-04-12, 25.2990, 25.3250, 25.2990, 25.3250, 1700
2016-04-13, 25.6500, 25.7400, 25.6200, 25.7400, 3203
2016-04-14, 25.7600, 25.7600, 25.7299, 25.7300, 2628
2016-04-15, 25.6450, 25.6700, 25.6254, 25.6597, 3444
2016-04-18, 25.7700, 25.8590, 25.7700, 25.8537, 2972
2016-04-19, 26.1100, 26.1300, 26.0200, 26.1100, 6647
2016-04-20, 26.1200, 26.1800, 26.0840, 26.0840, 3228
2016-04-21, 25.9600, 25.9600, 25.8486, 25.8486, 3726
2016-04-22, 25.8200, 25.8200, 25.7900, 25.7900, 746
2016-04-25, 25.6300, 25.6985, 25.6286, 25.6652, 2293
2016-04-26, 25.7500, 25.7990, 25.7243, 25.7783, 7581
2016-04-27, 25.7600, 25.8301, 25.7600, 25.8301, 2018
2016-04-28, 25.6000, 25.6000, 25.4500, 25.4500, 1580
2016-04-29, 25.4000, 25.4000, 25.2700, 25.3700, 10681
2016-05-02, 25.5900, 25.7068, 25.5900, 25.6900, 2184
2016-05-03, 25.5000, 25.5000, 25.3900, 25.4300, 5840
2016-05-04, 25.1890, 25.2500, 25.1810, 25.2300, 3567
2016-05-05, 25.2400, 25.2400, 25.1700, 25.2090, 8438
2016-05-06, 25.1300, 25.3223, 25.1300, 25.3100, 1515
2016-05-09, 25.4800, 25.4800, 25.3000, 25.3000, 8481
2016-05-10, 25.5900, 25.7100, 25.5900, 25.7100, 5368
2016-05-11, 25.7000, 25.7300, 25.6100, 25.6200, 4293
2016-05-12, 25.6200, 25.6200, 25.6200, 25.6200, 105
2016-05-13, 25.5300, 25.5425, 25.3885, 25.4200, 5192
2016-05-16, 25.5200, 25.6900, 25.5200, 25.6700, 2042
2016-05-17, 25.6500, 25.6500, 25.4600, 25.4700, 4362
2016-05-18, 25.4200, 25.4200, 25.3500, 25.3500, 459
2016-05-19, 25.2900, 25.2900, 25.1730, 25.2399, 2540
2016-05-20, 25.5400, 25.5400, 25.5100, 25.5300, 4300
2016-05-23, 25.5300, 25.5600, 25.5000, 25.5131, 29710
2016-05-24, 25.7299, 25.8200, 25.7299, 25.8200, 23576
2016-05-25, 25.8600, 25.9500, 25.8300, 25.9250, 108886
2016-05-26, 25.9400, 25.9800, 25.9000, 25.9400, 55320
2016-05-27, 25.9600, 26.0000, 25.9600, 25.9600, 31678
2016-05-31, 26.1100, 26.1100, 26.0000, 26.0000, 1947
2016-06-01, 25.9984, 25.9984, 25.9984, 25.9984, 200
2016-06-02, 25.9700, 26.0000, 25.9330, 25.9600, 1667
2016-06-03, 26.1552, 26.1552, 26.1480, 26.1480, 324
2016-06-06, 26.2600, 26.3700, 26.2600, 26.3600, 4955
2016-06-07, 26.4700, 26.5000, 26.4300, 26.4300, 10840
2016-06-08, 26.5200, 26.5600, 26.5200, 26.5567, 3387
2016-06-09, 26.3300, 26.3799, 26.2600, 26.3300, 8017
2016-06-10, 25.9800, 25.9900, 25.8102, 25.8300, 49191
2016-06-13, 25.5700, 25.6099, 25.4900, 25.4900, 1410
2016-06-14, 25.3300, 25.3300, 25.2020, 25.3200, 3803
2016-06-15, 25.5385, 25.5700, 25.4599, 25.4692, 7917
2016-06-16, 25.1113, 25.3600, 25.1113, 25.3600, 4087
2016-06-17, 25.3343, 25.4100, 25.3343, 25.4100, 500
2016-06-20, 25.9800, 25.9800, 25.8800, 25.8800, 1141
2016-06-21, 26.0400, 26.1500, 26.0200, 26.0200, 8252
2016-06-22, 26.0600, 26.0600, 25.9490, 25.9500, 3195
2016-06-23, 26.2900, 26.3400, 26.2900, 26.3399, 4400
2016-06-24, 25.3801, 25.3801, 25.3700, 25.3700, 2000
2016-06-27, 24.9800, 24.9800, 24.8100, 24.8100, 1061
2016-06-28, 25.0190, 25.1600, 25.0190, 25.1600, 626
2016-06-29, 25.6100, 25.6100, 25.6055, 25.6055, 586
2016-06-30, 25.7199, 25.7504, 25.7199, 25.7504, 1284
2016-07-01, 25.9300, 25.9300, 25.8937, 25.8937, 2739
2016-07-05, 25.7100, 25.7100, 25.6300, 25.6300, 850
2016-07-06, 25.4390, 25.6258, 25.4390, 25.5975, 21935
2016-07-07, 25.7800, 25.7800, 25.6000, 25.6800, 3292
2016-07-08, 25.9952, 25.9952, 25.9952, 25.9952, 330
2016-07-11, 26.2799, 26.3700, 26.2783, 26.3450, 4245
2016-07-12, 26.4900, 26.5180, 26.4900, 26.5180, 437
2016-07-13, 26.4100, 26.4500, 26.4000, 26.4445, 2758
2016-07-14, 26.5300, 26.5300, 26.4860, 26.5200, 700
2016-07-15, 26.3001, 26.3597, 26.3000, 26.3061, 6367
2016-07-18, 26.3799, 26.3900, 26.3590, 26.3652, 1755
2016-07-19, 26.3300, 26.3300, 26.3190, 26.3200, 2570
2016-07-20, 26.4800, 26.6396, 26.4800, 26.6200, 18959
2016-07-21, 26.4600, 26.5400, 26.4000, 26.4499, 166878
2016-07-22, 26.4299, 26.5200, 26.4299, 26.5100, 302639
2016-07-25, 26.5900, 26.5900, 26.4601, 26.4601, 38200
2016-07-26, 26.6000, 26.6299, 26.5300, 26.6000, 8053
2016-07-27, 26.6700, 26.6999, 26.5650, 26.6600, 11902
2016-07-28, 26.5700, 26.6964, 26.5380, 26.6700, 60372
2016-07-29, 26.8400, 26.9300, 26.7773, 26.9100, 10741
2016-08-01, 26.8600, 26.9300, 26.8000, 26.8000, 5935
2016-08-02, 26.7199, 26.7199, 26.5660, 26.6800, 31120
2016-08-03, 26.5600, 26.6500, 26.5500, 26.6400, 19485
2016-08-04, 26.6900, 26.7399, 26.6800, 26.7200, 10855
2016-08-05, 26.7800, 26.8500, 26.7700, 26.8200, 6264
2016-08-08, 26.7899, 26.8100, 26.7400, 26.7700, 11080
2016-08-09, 26.9799, 26.9900, 26.9400, 26.9400, 8304
2016-08-10, 27.0900, 27.1200, 27.0100, 27.0300, 5140
2016-08-11, 27.1800, 27.2590, 27.1800, 27.2200, 11743
2016-08-12, 27.3090, 27.3090, 27.2400, 27.2400, 7916
2016-08-15, 27.3400, 27.4000, 27.3300, 27.3400, 3998
2016-08-16, 27.2500, 27.2800, 27.2000, 27.2000, 25408
2016-08-17, 27.0450, 27.1800, 27.0450, 27.1800, 26130
2016-08-18, 27.1600, 27.1900, 27.1423, 27.1900, 22001
2016-08-19, 27.0100, 27.0990, 27.0000, 27.0800, 4490
2016-08-22, 27.1890, 27.2100, 27.1200, 27.1800, 13132
2016-08-23, 27.3500, 27.3900, 27.2800, 27.2800, 22257
2016-08-24, 27.3175, 27.3175, 27.1800, 27.1800, 134032
2016-08-25, 27.0700, 27.1700, 27.0700, 27.0800, 21689
2016-08-26, 27.1200, 27.2500, 26.9000, 26.9690, 7691
2016-08-29, 26.8900, 26.9899, 26.8900, 26.9300, 25682
2016-08-30, 26.8790, 26.8900, 26.8500, 26.8700, 16839
2016-08-31, 26.8400, 26.8400, 26.7550, 26.7900, 7987
2016-09-01, 26.8300, 26.9490, 26.8300, 26.9200, 4865
2016-09-02, 27.1099, 27.1099, 27.0299, 27.0700, 10787
2016-09-06, 27.1700, 27.2850, 27.1700, 27.2700, 9472
2016-09-07, 27.4100, 27.4100, 27.3280, 27.3390, 3598
2016-09-08, 27.2700, 27.2900, 27.1900, 27.2099, 5064
2016-09-09, 26.7700, 26.7890, 26.6300, 26.6300, 8650
2016-09-12, 26.5900, 26.8599, 26.5700, 26.8400, 7850
2016-09-13, 26.5650, 26.5650, 26.4500, 26.5000, 4719
2016-09-14, 26.4600, 26.5500, 26.3800, 26.4500, 4436
2016-09-15, 26.5900, 26.7470, 26.5900, 26.7470, 2943
2016-09-16, 26.5090, 26.5190, 26.4400, 26.4800, 11360
2016-09-19, 26.7100, 26.7322, 26.5900, 26.5900, 4233
2016-09-20, 26.8600, 26.8700, 26.7700, 26.7900, 6550
2016-09-21, 27.0785, 27.2400, 26.9600, 27.2400, 5096
2016-09-22, 27.5100, 27.5500, 27.4390, 27.4800, 10521
2016-09-23, 27.3400, 27.3590, 27.3160, 27.3160, 22262
2016-09-26, 27.1300, 27.1500, 27.1100, 27.1100, 2600
2016-09-27, 27.3490, 27.3500, 27.3100, 27.3500, 1642
2016-09-28, 27.4799, 27.5400, 27.3599, 27.5299, 6321
2016-09-29, 27.4100, 27.4500, 27.2390, 27.2994, 23000
2016-09-30, 27.2700, 27.4600, 27.2700, 27.4300, 11604
2016-10-03, 27.4000, 27.4400, 27.3800, 27.4300, 6055
2016-10-04, 27.4200, 27.4700, 27.2548, 27.3100, 22999
2016-10-05, 27.3890, 27.3999, 27.3500, 27.3899, 7532
2016-10-06, 27.2100, 27.3100, 27.2000, 27.3100, 34022
2016-10-07, 27.3500, 27.3500, 27.0100, 27.1625, 10806
2016-10-10, 27.2799, 27.2899, 27.1900, 27.2200, 1308
2016-10-11, 27.0968, 27.0968, 26.8000, 26.8400, 19303
2016-10-12, 26.8077, 26.8200, 26.7200, 26.8000, 3380
2016-10-13, 26.5800, 26.7400, 26.5800, 26.7400, 3264
2016-10-14, 26.7900, 26.8450, 26.7100, 26.7100, 6874
2016-10-17, 26.6567, 26.6600, 26.6000, 26.6200, 5449
2016-10-18, 26.8400, 26.9100, 26.8400, 26.8800, 4005
2016-10-19, 26.9370, 26.9950, 26.9370, 26.9878, 3147
2016-10-20, 27.0000, 27.0199, 26.8979, 26.9700, 10072
2016-10-21, 26.9650, 26.9700, 26.9650, 26.9700, 791
2016-10-24, 26.9800, 26.9800, 26.9300, 26.9800, 1142
2016-10-25, 26.9000, 26.9200, 26.8850, 26.8900, 10689
2016-10-26, 26.8399, 26.8900, 26.8060, 26.8200, 13613
2016-10-27, 26.9800, 26.9800, 26.7200, 26.7400, 8924
2016-10-28, 26.8300, 26.8300, 26.7000, 26.7600, 11229
2016-10-31, 26.8500, 26.8500, 26.7000, 26.7594, 8393
2016-11-01, 26.7968, 26.7968, 26.5500, 26.6400, 73295
2016-11-02, 26.6200, 26.6450, 26.4800, 26.4800, 30170
2016-11-03, 26.5388, 26.5400, 26.4017, 26.4017, 8282
2016-11-04, 26.3900, 26.4900, 26.3200, 26.3200, 17577
2016-11-07, 26.5800, 26.6350, 26.5200, 26.6300, 10213
2016-11-08, 26.5390, 26.7191, 26.5390, 26.6500, 13548
2016-11-09, 26.6800, 26.7800, 26.4300, 26.7300, 9456
2016-11-10, 26.5700, 26.7800, 26.4976, 26.6400, 17063
2016-11-11, 26.5200, 26.5200, 26.3581, 26.4010, 2991
2016-11-14, 26.3400, 26.3400, 26.2852, 26.3157, 10287
2016-11-15, 26.3100, 26.4800, 26.3100, 26.4800, 34515
2016-11-16, 26.1500, 26.3680, 26.1500, 26.3500, 7062
2016-11-17, 26.4500, 26.5700, 26.4400, 26.5700, 15368
2016-11-18, 26.3660, 26.3700, 26.2900, 26.3000, 12500
2016-11-21, 26.3999, 26.4300, 26.3500, 26.4299, 9772
2016-11-22, 26.5900, 26.5900, 26.3400, 26.4400, 83555
2016-11-23, 26.3800, 26.4600, 26.3400, 26.4600, 14604
2016-11-25, 26.4100, 26.4500, 26.4000, 26.4500, 9670
2016-11-28, 26.4070, 26.4428, 26.3657, 26.3900, 3403
2016-11-29, 26.4400, 26.5300, 26.3890, 26.4800, 16817
2016-11-30, 26.6100, 26.6100, 26.3990, 26.3990, 4643
2016-12-01, 26.2790, 26.2790, 26.1110, 26.1110, 2202
2016-12-02, 26.1000, 26.1700, 26.0600, 26.1300, 10408
2016-12-05, 26.2699, 26.3805, 26.2500, 26.3324, 17125
2016-12-06, 26.2160, 26.3500, 26.2160, 26.3500, 11882
2016-12-07, 26.3468, 26.6700, 26.3468, 26.6700, 4200
2016-12-08, 26.5100, 26.7200, 26.5100, 26.6900, 24425
2016-12-09, 26.7190, 26.7500, 26.6701, 26.7500, 13341
2016-12-12, 26.8000, 26.8000, 26.6001, 26.6100, 11167
2016-12-13, 26.9200, 26.9654, 26.9200, 26.9200, 6502
2016-12-14, 26.8400, 26.8590, 26.5854, 26.5890, 7774
2016-12-15, 26.5100, 26.6000, 26.5000, 26.5800, 18371
2016-12-16, 26.5400, 26.5500, 26.4660, 26.4660, 1730
2016-12-19, 26.6299, 26.6400, 26.5790, 26.5900, 12179
2016-12-20, 26.6400, 26.6800, 26.6100, 26.6500, 12392
2016-12-21, 27.0000, 27.0000, 26.5630, 26.6100, 25955
2016-12-22, 26.5300, 26.5900, 26.5200, 26.5400, 21916
2016-12-23, 26.5510, 26.5868, 26.5510, 26.5698, 1504
2016-12-27, 26.3800, 26.6600, 26.3800, 26.4900, 17121
2016-12-28, 26.5000, 26.5100, 26.4100, 26.4100, 8655
2016-12-29, 26.4600, 26.4600, 26.3765, 26.3900, 11130
2016-12-30, 26.4190, 26.4190, 26.3636, 26.3636, 2704
2017-01-03, 26.4700, 26.4900, 26.4427, 26.4647, 2545
2017-01-04, 26.7200, 26.8579, 26.7200, 26.8579, 22351
2017-01-05, 26.9010, 26.9650, 26.9010, 26.9529, 5675
2017-01-06, 26.9500, 26.9770, 26.9500, 26.9683, 1427
2017-01-09, 26.9400, 26.9695, 26.9393, 26.9393, 921
2017-01-10, 27.0000, 27.0100, 26.9999, 27.0100, 1486
2017-01-11, 26.9352, 27.0759, 26.9352, 27.0759, 1109
2017-01-12, 27.0759, 27.0759, 27.0759, 27.0759, 0
2017-01-13, 27.1432, 27.1727, 27.1400, 27.1727, 1116
2017-01-17, 27.0600, 27.0800, 27.0000, 27.0300, 7550
2017-01-18, 27.0290, 27.0317, 26.9600, 26.9636, 2998
2017-01-19, 27.0600, 27.0600, 26.9200, 27.0000, 10654
2017-01-20, 27.1200, 27.1300, 26.9900, 27.0800, 10601
2017-01-23, 27.1700, 27.1700, 27.0300, 27.1000, 7333
2017-01-24, 27.2200, 27.2800, 27.1699, 27.2732, 10844
2017-01-25, 27.4600, 27.4600, 27.4403, 27.4403, 1800
2017-01-26, 27.5100, 27.5800, 27.5000, 27.5200, 8250
2017-01-27, 27.4600, 27.4699, 27.4000, 27.4400, 10734
2017-01-30, 27.2000, 27.3200, 27.2000, 27.3005, 5738
2017-01-31, 27.3401, 27.4300, 27.3135, 27.4300, 3675
2017-02-01, 27.4900, 27.5300, 27.4200, 27.4200, 8620
2017-02-02, 27.5100, 27.5500, 27.4983, 27.5300, 4524
2017-02-03, 27.5300, 27.6567, 27.5300, 27.6225, 11799
2017-02-06, 27.4585, 27.5100, 27.4490, 27.5100, 7120
2017-02-07, 27.5390, 27.5390, 27.5101, 27.5150, 1120
2017-02-08, 27.5490, 27.5901, 27.5490, 27.5900, 1708
2017-02-09, 27.5100, 27.7000, 27.5100, 27.6800, 163739
2017-02-10, 27.7500, 27.8400, 27.7500, 27.8300, 3617
2017-02-13, 27.9500, 27.9810, 27.9001, 27.9500, 24109
2017-02-14, 27.9700, 27.9700, 27.8500, 27.9107, 5105
2017-02-15, 27.6900, 27.9266, 27.6900, 27.9100, 40237
2017-02-16, 27.9401, 27.9700, 27.8700, 27.9700, 7539
2017-02-17, 27.8500, 27.9700, 27.8500, 27.9700, 5037
2017-02-21, 28.0000, 28.1500, 28.0000, 28.1500, 19324
2017-02-22, 28.0900, 28.1400, 28.0779, 28.1100, 4865
2017-02-23, 28.2500, 28.2500, 28.1100, 28.1390, 4399
2017-02-24, 28.0099, 28.0499, 27.9907, 28.0401, 5470
2017-02-27, 28.0600, 28.1200, 28.0600, 28.1200, 12551
2017-02-28, 28.0900, 28.1100, 27.9001, 27.9300, 35342
2017-03-01, 28.1400, 28.3790, 28.1400, 28.3700, 5584
2017-03-02, 28.1900, 28.2190, 28.1500, 28.1600, 1800
2017-03-03, 28.1400, 28.2050, 28.1036, 28.2000, 6779
2017-03-06, 28.0700, 28.1400, 28.0550, 28.1400, 2664
2017-03-07, 28.0800, 28.1100, 28.0700, 28.1002, 1358
2017-03-08, 28.0201, 28.1000, 27.9900, 27.9900, 19446
2017-03-09, 28.0300, 28.0410, 27.9800, 28.0050, 933
2017-03-10, 28.1900, 28.2700, 28.1600, 28.2500, 3483
2017-03-13, 28.3590, 28.3800, 28.3237, 28.3504, 5451
2017-03-14, 28.2600, 28.2600, 28.2200, 28.2600, 3426
2017-03-15, 28.2990, 28.5000, 28.2956, 28.4898, 12904
2017-03-16, 28.6300, 28.6300, 28.5402, 28.5402, 1642
2017-03-17, 28.6641, 28.7300, 28.6641, 28.6857, 2783
2017-03-20, 28.6501, 28.6656, 28.5801, 28.6301, 4884
2017-03-21, 28.8100, 28.8100, 28.4400, 28.4732, 4019
2017-03-22, 28.3442, 28.4800, 28.3442, 28.4690, 8108
2017-03-23, 28.5776, 28.6128, 28.5332, 28.5332, 3322
2017-03-24, 28.7490, 28.7490, 28.6496, 28.7000, 3184
2017-03-27, 28.6200, 28.7300, 28.5250, 28.7100, 3474
2017-03-28, 28.7558, 28.8800, 28.7300, 28.8401, 16274
2017-03-29, 28.8073, 28.8800, 28.8073, 28.8798, 3616
2017-03-30, 28.7600, 28.8400, 28.7500, 28.7600, 13166
2017-03-31, 28.7268, 28.7268, 28.6700, 28.6700, 3367
2017-04-03, 28.7400, 28.7400, 28.6399, 28.6917, 29496
2017-04-04, 28.5800, 28.6300, 28.5800, 28.6047, 11782
2017-04-05, 28.6500, 28.6900, 28.5000, 28.5000, 57852
2017-04-06, 28.4671, 28.4800, 28.3600, 28.3600, 32790
2017-04-07, 28.5150, 28.5300, 28.4800, 28.4800, 9142
2017-04-10, 28.4699, 28.5450, 28.4699, 28.5000, 7334
2017-04-11, 28.5300, 28.5900, 28.4543, 28.5900, 6632
2017-04-12, 28.5100, 28.5200, 28.4280, 28.4800, 4565
2017-04-13, 28.4292, 28.4900, 28.3500, 28.3500, 31024
2017-04-17, 28.4701, 28.5900, 28.4701, 28.5900, 4818
2017-04-18, 28.5000, 28.5200, 28.4279, 28.5000, 13309
2017-04-19, 28.6500, 28.6500, 28.5000, 28.5300, 11899
2017-04-20, 28.6900, 28.7600, 28.6900, 28.7100, 4350
2017-04-21, 28.6900, 28.7100, 28.6400, 28.6800, 12846
2017-04-24, 29.1300, 29.1602, 29.0872, 29.1400, 62301
2017-04-25, 29.3047, 29.3600, 29.3047, 29.3600, 8464
2017-04-26, 29.3747, 29.4151, 29.3741, 29.3741, 2784
2017-04-27, 29.4300, 29.5099, 29.4300, 29.4800, 7330
2017-04-28, 29.4831, 29.4831, 29.4396, 29.4396, 2366
2017-05-01, 29.6600, 29.6600, 29.5250, 29.5469, 2438
2017-05-02, 29.5700, 29.6900, 29.5700, 29.6900, 8221
2017-05-03, 29.6000, 29.6100, 29.5200, 29.5700, 7745
2017-05-04, 29.6500, 29.7628, 29.6500, 29.7600, 11906
2017-05-05, 29.8000, 29.9500, 29.8000, 29.9500, 8143
2017-05-08, 29.8990, 29.9053, 29.8600, 29.8700, 8657
2017-05-09, 29.9000, 29.9000, 29.8400, 29.8400, 8016
2017-05-10, 29.9075, 29.9190, 29.8700, 29.9133, 5424
2017-05-11, 29.7600, 29.8350, 29.7600, 29.8224, 2490
2017-05-12, 29.8398, 29.8746, 29.8398, 29.8600, 4950
2017-05-15, 30.0100, 30.0399, 30.0100, 30.0100, 20244
2017-05-16, 30.1290, 30.1400, 30.0800, 30.1179, 7308
2017-05-17, 30.0290, 30.0300, 29.8074, 29.8074, 26117
2017-05-18, 29.7800, 29.9100, 29.7800, 29.9000, 9090
2017-05-19, 29.9300, 30.1799, 29.9300, 30.1560, 3636
2017-05-22, 30.2200, 30.2526, 30.2100, 30.2300, 4657
2017-05-23, 30.2510, 30.3004, 30.2510, 30.2800, 36223
2017-05-24, 30.2200, 30.3000, 30.2100, 30.3000, 1492
2017-05-25, 30.3500, 30.3600, 30.3200, 30.3517, 10853
2017-05-26, 30.2300, 30.3200, 30.2300, 30.3200, 12806
2017-05-30, 30.2200, 30.3800, 30.2200, 30.3800, 23095
2017-05-31, 30.3900, 30.4300, 30.3600, 30.4300, 12382
2017-06-01, 30.5800, 30.6700, 30.5800, 30.6700, 10380
2017-06-02, 30.8468, 30.9800, 30.8468, 30.9500, 4505
2017-06-05, 30.9100, 30.9700, 30.8990, 30.9300, 14925
2017-06-06, 30.7900, 30.8304, 30.7800, 30.8000, 12804
2017-06-07, 30.8065, 30.8200, 30.7499, 30.8000, 8741
2017-06-08, 30.6626, 30.7200, 30.6626, 30.7158, 6779
2017-06-09, 30.6500, 30.6600, 30.3508, 30.5000, 26967
2017-06-12, 30.3400, 30.4150, 30.3400, 30.3832, 7045
2017-06-13, 30.5700, 30.6800, 30.5700, 30.6300, 21432
2017-06-14, 30.7601, 30.7601, 30.5700, 30.6300, 2709
2017-06-15, 30.3300, 30.4150, 30.2900, 30.4079, 5608
2017-06-16, 30.5035, 30.5300, 30.4600, 30.5299, 17072
2017-06-19, 30.6900, 30.7413, 30.6900, 30.7390, 5796
2017-06-20, 30.7400, 30.7400, 30.6350, 30.6500, 6090
2017-06-21, 30.6800, 30.6800, 30.6100, 30.6300, 10048
2017-06-22, 30.6800, 30.7200, 30.6799, 30.7000, 6120
2017-06-23, 30.6200, 30.7300, 30.6200, 30.7117, 3906
2017-06-26, 30.8700, 30.9000, 30.7100, 30.7100, 2753
2017-06-27, 30.6332, 30.6800, 30.5500, 30.5600, 14097
2017-06-28, 30.6464, 30.7290, 30.6464, 30.7290, 2250
2017-06-29, 30.5100, 30.5100, 30.3390, 30.4199, 4014
2017-06-30, 30.4800, 30.5300, 30.4599, 30.5214, 9654
2017-07-03, 30.4900, 30.4931, 30.4283, 30.4283, 688
2017-07-05, 30.3300, 30.4190, 30.2900, 30.4190, 4736
2017-07-06, 30.2690, 30.2700, 30.1400, 30.1700, 96590
2017-07-07, 30.2900, 30.3050, 30.2900, 30.3000, 2866
2017-07-10, 30.2800, 30.3790, 30.2800, 30.3790, 3202
2017-07-11, 30.3100, 30.4214, 30.3100, 30.4036, 7517
2017-07-12, 30.6504, 30.7299, 30.6504, 30.7000, 11545
2017-07-13, 30.7800, 30.7990, 30.7500, 30.7990, 618
2017-07-14, 30.9200, 30.9900, 30.8798, 30.9900, 10079
2017-07-17, 30.9390, 30.9900, 30.9304, 30.9400, 11636
2017-07-18, 30.9650, 31.0300, 30.9501, 31.0300, 6750
2017-07-19, 31.1000, 31.1800, 31.0999, 31.1647, 16763
2017-07-20, 31.2100, 31.2400, 31.1800, 31.2269, 7692
2017-07-21, 31.0900, 31.1700, 31.0900, 31.1699, 4971
2017-07-24, 31.0600, 31.1400, 31.0300, 31.1200, 27317
2017-07-25, 31.1100, 31.1300, 31.0750, 31.0800, 8820
2017-07-26, 31.1300, 31.2100, 31.0200, 31.1700, 17480
2017-07-27, 31.1900, 31.1900, 31.0000, 31.1100, 23654
2017-07-28, 31.0500, 31.1000, 31.0100, 31.1000, 7279
2017-07-31, 31.0550, 31.1200, 31.0550, 31.1100, 23328
2017-08-01, 31.2290, 31.2300, 31.1728, 31.1868, 13183
2017-08-02, 31.1900, 31.2000, 31.1290, 31.1943, 41070
2017-08-03, 31.1500, 31.2000, 31.1200, 31.1600, 53931
2017-08-04, 31.1900, 31.2300, 31.1300, 31.1900, 23683
2017-08-07, 31.1400, 31.2000, 31.1300, 31.2000, 20347
2017-08-08, 31.1300, 31.2200, 31.0700, 31.0700, 15433
2017-08-09, 30.9400, 31.0100, 30.8700, 31.0097, 11466
2017-08-10, 30.8300, 30.8300, 30.6300, 30.6700, 6056
2017-08-11, 30.7200, 30.7500, 30.6800, 30.7400, 9790
2017-08-14, 30.9100, 30.9800, 30.9100, 30.9600, 21178
2017-08-15, 30.8200, 30.8799, 30.8200, 30.8799, 9312
2017-08-16, 30.9500, 31.0500, 30.9398, 31.0500, 30991
2017-08-17, 30.9900, 30.9900, 30.6700, 30.7000, 60291
2017-08-18, 30.7500, 30.8440, 30.7100, 30.7600, 34530
2017-08-21, 30.7300, 30.7800, 30.7200, 30.7800, 25367
2017-08-22, 30.9800, 31.0250, 30.9580, 31.0200, 12633
2017-08-23, 30.9400, 30.9599, 30.8800, 30.9300, 13112
2017-08-24, 30.8300, 30.9200, 30.8300, 30.8530, 11669
2017-08-25, 30.9569, 31.0300, 30.9400, 31.0050, 9755
2017-08-28, 30.9900, 31.0280, 30.9510, 31.0000, 11551
2017-08-29, 30.7900, 31.0000, 30.7900, 30.9800, 20017
2017-08-30, 30.9000, 31.0200, 30.9000, 31.0200, 24087
2017-08-31, 31.1600, 31.3200, 31.1500, 31.2701, 11605
2017-09-01, 31.4100, 31.4100, 31.3101, 31.3300, 7918
2017-09-05, 31.2000, 31.2200, 31.0250, 31.0900, 18482
2017-09-06, 31.2300, 31.2990, 31.2200, 31.2501, 12616
2017-09-07, 31.4300, 31.5100, 31.4200, 31.4875, 14209
2017-09-08, 31.5400, 31.6000, 31.5200, 31.5200, 14888
2017-09-11, 31.7900, 31.8034, 31.7400, 31.7600, 29948
2017-09-12, 31.8100, 31.8600, 31.7900, 31.8500, 17333
2017-09-13, 31.8200, 31.8200, 31.7200, 31.7600, 5603
2017-09-14, 31.7100, 31.7936, 31.6900, 31.7900, 7698
2017-09-15, 31.7589, 31.8000, 31.7500, 31.7800, 30676
2017-09-18, 31.8690, 31.8990, 31.8068, 31.8800, 3837
2017-09-19, 31.8999, 31.9016, 31.8400, 31.8900, 13801
2017-09-20, 31.9300, 31.9300, 31.7166, 31.8200, 4119
2017-09-21, 31.7300, 31.7300, 31.6200, 31.6794, 3625
2017-09-22, 31.7300, 31.7825, 31.7200, 31.7825, 6723
2017-09-25, 31.7101, 31.7400, 31.6100, 31.7100, 10882
2017-09-26, 31.6400, 31.6480, 31.5600, 31.5900, 6960
2017-09-27, 31.5732, 31.7150, 31.5732, 31.7150, 5493
2017-09-28, 31.7100, 31.7707, 31.6900, 31.7452, 11502
2017-09-29, 31.8290, 31.9000, 31.8290, 31.9000, 9836
2017-10-02, 31.7700, 31.9490, 31.7700, 31.9490, 1750
2017-10-03, 31.9868, 32.0400, 31.9823, 32.0400, 9661
2017-10-04, 32.0650, 32.0800, 32.0580, 32.0790, 8161
2017-10-05, 32.0479, 32.1000, 32.0233, 32.0900, 14521
2017-10-06, 31.9600, 31.9800, 31.9400, 31.9800, 2487
2017-10-09, 32.0200, 32.0290, 31.9750, 31.9750, 5241
2017-10-10, 32.1900, 32.2300, 32.1770, 32.2050, 4664
2017-10-11, 32.2400, 32.3300, 32.2323, 32.3200, 9304
2017-10-12, 32.3171, 32.3790, 32.3171, 32.3700, 1583
2017-10-13, 32.5000, 32.5500, 32.5000, 32.5200, 4467
2017-10-16, 32.5200, 32.5200, 32.4872, 32.4900, 132441
2017-10-17, 32.3306, 32.4200, 32.3260, 32.3400, 24510
2017-10-18, 32.3300, 32.3900, 32.3200, 32.3600, 12850
2017-10-19, 32.2400, 32.3400, 32.2400, 32.3399, 22966
2017-10-20, 32.4000, 32.4300, 32.3900, 32.4300, 2921
2017-10-23, 32.5090, 32.5090, 32.3950, 32.3979, 10701
2017-10-24, 32.4800, 32.5401, 32.4750, 32.5290, 4713
2017-10-25, 32.4500, 32.4500, 32.2600, 32.3600, 50671
2017-10-26, 32.4400, 32.4500, 32.3883, 32.4300, 26613
2017-10-27, 32.4290, 32.5600, 32.4290, 32.5600, 1570
2017-10-30, 32.5500, 32.5700, 32.5100, 32.5700, 42391
2017-10-31, 32.6600, 32.7200, 32.6499, 32.7000, 10617
2017-11-01, 32.8200, 32.8200, 32.6500, 32.6885, 10122
2017-11-02, 32.5900, 32.6700, 32.5780, 32.6624, 59985
2017-11-03, 32.6500, 32.7200, 32.6400, 32.7200, 6872
2017-11-06, 32.7121, 32.8900, 32.7100, 32.7874, 25391
2017-11-07, 32.8000, 32.8350, 32.7200, 32.8000, 8459
2017-11-08, 32.8300, 32.9459, 32.8300, 32.9200, 3924
2017-11-09, 32.6200, 32.6690, 32.4700, 32.6690, 8832
2017-11-10, 32.5600, 32.6000, 32.5300, 32.5900, 8589
2017-11-13, 32.4700, 32.5350, 32.4500, 32.4943, 4217
2017-11-14, 32.4200, 32.5268, 32.4200, 32.5090, 5864
2017-11-15, 32.2300, 32.3300, 32.2257, 32.2900, 14221
2017-11-16, 32.6990, 32.8200, 32.6801, 32.7797, 5990
2017-11-17, 32.6990, 32.7500, 32.6990, 32.7500, 4043
2017-11-20, 32.8201, 32.9000, 32.8201, 32.8700, 4580
2017-11-21, 33.0979, 33.1090, 33.0600, 33.0760, 3265
2017-11-22, 33.1068, 33.1100, 33.0188, 33.0978, 1613
2017-11-24, 33.2500, 33.2790, 33.2500, 33.2550, 2154
2017-11-27, 33.2100, 33.2100, 33.1300, 33.1500, 1872
2017-11-28, 33.1690, 33.3218, 33.1601, 33.3218, 21753
2017-11-29, 33.3200, 33.3200, 33.1228, 33.1400, 3980
2017-11-30, 33.2500, 33.3290, 33.2500, 33.2900, 4897
2017-12-01, 33.2100, 33.2100, 33.0900, 33.1021, 5443
2017-12-04, 33.1600, 33.1600, 32.9900, 32.9900, 32621
2017-12-05, 32.9200, 32.9815, 32.8400, 32.8496, 7579
2017-12-06, 32.7700, 32.8600, 32.7700, 32.8600, 10679
2017-12-07, 32.8200, 33.0100, 32.8200, 32.9890, 3538
2017-12-08, 33.0700, 33.1300, 33.0700, 33.1300, 28414
2017-12-11, 33.1200, 33.1928, 33.1200, 33.1928, 3469
2017-12-12, 33.1200, 33.2090, 33.1200, 33.1900, 4808
2017-12-13, 33.2500, 33.3000, 33.2100, 33.2800, 8849
2017-12-14, 33.2500, 33.2800, 33.1414, 33.1414, 6427
2017-12-15, 33.2248, 33.3400, 33.2248, 33.3100, 2212
2017-12-18, 33.6450, 33.6500, 33.6400, 33.6500, 976
2017-12-19, 33.5300, 33.5500, 33.4700, 33.5200, 38239
2017-12-20, 33.5500, 33.5500, 33.4601, 33.4830, 5997
2017-12-21, 33.5500, 33.6100, 33.5500, 33.5500, 5296
2017-12-22, 33.5390, 33.5690, 33.5200, 33.5601, 1940
2017-12-26, 33.3934, 33.4586, 33.3200, 33.3600, 16138
2017-12-27, 33.4700, 33.5200, 33.4400, 33.4500, 15301
2017-12-28, 33.5001, 33.5001, 33.4551, 33.4999, 18075
2017-12-29, 33.5400, 33.5400, 33.4700, 33.4700, 11455
2018-01-02, 33.4900, 33.6500, 33.4900, 33.6500, 5576
2018-01-03, 33.7871, 33.9900, 33.7871, 33.9890, 19499
2018-01-04, 34.1700, 34.2700, 34.1700, 34.2600, 9907
2018-01-05, 34.3050, 34.4232, 34.3000, 34.4232, 22467
2018-01-08, 34.4099, 34.4900, 34.4099, 34.4900, 5252
2018-01-09, 34.4700, 34.5200, 34.4018, 34.4900, 4387
2018-01-10, 34.4200, 34.4300, 34.3498, 34.3501, 14427
2018-01-11, 34.4150, 34.5490, 34.4050, 34.5403, 6287
2018-01-12, 34.6110, 34.8200, 34.6110, 34.8100, 6317
2018-01-16, 34.9790, 34.9800, 34.6985, 34.7400, 10897
2018-01-17, 34.8896, 35.1090, 34.8896, 35.0300, 13213
2018-01-18, 34.9100, 34.9600, 34.8368, 34.9100, 8437
2018-01-19, 35.0900, 35.1100, 35.0200, 35.1050, 7872
2018-01-22, 35.1100, 35.2790, 35.1100, 35.2790, 1093
2018-01-23, 35.4300, 35.4300, 35.3600, 35.4100, 9852
2018-01-24, 35.5500, 35.5999, 35.3200, 35.4660, 41655
2018-01-25, 35.4790, 35.5100, 35.2700, 35.3353, 11413
2018-01-26, 35.5800, 35.7300, 35.5800, 35.7155, 5159
2018-01-29, 35.5900, 35.6200, 35.5000, 35.5500, 2899
2018-01-30, 35.3000, 35.3000, 35.2090, 35.2500, 3084
2018-01-31, 35.2500, 35.3100, 35.0901, 35.1626, 43657
2018-02-01, 35.0300, 35.2850, 35.0300, 35.1800, 7876
2018-02-02, 34.8600, 34.8600, 34.4800, 34.5037, 18394
2018-02-05, 33.9500, 34.1650, 32.9900, 32.9900, 19788
2018-02-06, 32.7500, 33.7399, 32.6500, 33.6800, 16519
2018-02-07, 33.4700, 33.7400, 33.4658, 33.5401, 4323
2018-02-08, 33.4300, 33.4300, 32.4100, 32.4100, 16692
2018-02-09, 32.7900, 32.8200, 32.0200, 32.7900, 19790
2018-02-12, 33.0814, 33.2900, 33.0814, 33.2900, 2394
2018-02-13, 33.0300, 33.2059, 33.0100, 33.2000, 12916
2018-02-14, 33.0890, 33.7700, 33.0890, 33.7700, 4409
2018-02-15, 34.0078, 34.0998, 33.7600, 34.0998, 2650
2018-02-16, 34.3500, 34.5290, 34.3500, 34.4400, 3567
2018-02-20, 34.3200, 34.4000, 34.1123, 34.1500, 7482
2018-02-21, 34.3400, 34.5100, 34.1280, 34.1280, 4432
2018-02-22, 34.1700, 34.3800, 34.0600, 34.1600, 24160
2018-02-23, 34.2700, 34.4872, 34.2481, 34.4872, 6743
2018-02-26, 34.5800, 34.8100, 34.5490, 34.8100, 3962
2018-02-27, 34.6203, 34.6203, 34.4680, 34.4680, 2126
2018-02-28, 34.4700, 34.4700, 34.1400, 34.1850, 20569
2018-03-01, 33.8500, 33.8500, 33.3250, 33.4700, 16880
2018-03-02, 33.3590, 33.7300, 33.3590, 33.6200, 11334
2018-03-05, 33.5522, 33.9598, 33.4950, 33.9590, 7269
2018-03-06, 34.2200, 34.2200, 34.0950, 34.1700, 5818
2018-03-07, 34.0900, 34.2190, 33.9898, 34.2190, 7176
2018-03-08, 34.3390, 34.3700, 34.2129, 34.3300, 6683
2018-03-09, 34.4000, 34.6700, 34.4000, 34.6500, 12361
2018-03-12, 34.6800, 34.7690, 34.6000, 34.7690, 72597
2018-03-13, 34.9000, 34.9000, 34.5550, 34.5590, 4783
2018-03-14, 34.6690, 34.6899, 34.5700, 34.6499, 13075
2018-03-15, 34.7800, 34.8620, 34.6700, 34.6815, 5571
2018-03-16, 34.7226, 34.7226, 34.6451, 34.7000, 26099
2018-03-19, 34.4600, 34.5099, 34.0950, 34.2932, 15259
2018-03-20, 34.3200, 34.3690, 34.2714, 34.3499, 5126
2018-03-21, 34.2900, 34.3690, 34.2900, 34.3379, 5073
2018-03-22, 34.1500, 34.2100, 33.7300, 33.7600, 25187
2018-03-23, 33.6000, 33.7160, 33.1700, 33.1900, 29843
2018-03-26, 33.6500, 33.8200, 33.4200, 33.8100, 27139
2018-03-27, 34.0300, 34.0754, 33.5400, 33.5400, 23020
2018-03-28, 33.7100, 33.7696, 33.6032, 33.7087, 14932
2018-03-29, 33.9300, 34.2590, 33.8900, 34.1600, 30012
2018-04-02, 33.9200, 33.9700, 33.3300, 33.4600, 15436
2018-04-03, 33.6300, 33.8148, 33.6300, 33.8148, 1167
2018-04-04, 33.4300, 33.9100, 33.4300, 33.8950, 6684
2018-04-05, 34.1900, 34.3090, 34.1526, 34.3090, 20463
2018-04-06, 34.1399, 34.1399, 33.7300, 33.7670, 5674
2018-04-09, 34.0483, 34.2900, 34.0400, 34.2399, 13972
2018-04-10, 34.2200, 34.3300, 34.2200, 34.3033, 5555
2018-04-11, 34.1600, 34.2800, 34.1375, 34.1500, 2923
2018-04-12, 34.1790, 34.2500, 34.1790, 34.1937, 9442
2018-04-13, 34.3000, 34.3000, 34.0790, 34.1288, 8977
2018-04-16, 34.4200, 34.4390, 34.3400, 34.3600, 5374
2018-04-17, 34.6100, 34.7490, 34.6100, 34.7400, 6003
2018-04-18, 34.9490, 34.9500, 34.9000, 34.9099, 13849
2018-04-19, 34.7700, 34.7700, 34.5590, 34.6500, 13407
2018-04-20, 34.5190, 34.5290, 34.3900, 34.3990, 11821
2018-04-23, 34.3600, 34.4072, 34.2990, 34.3550, 11229
2018-04-24, 34.3300, 34.3400, 34.0142, 34.0142, 10196
2018-04-25, 33.9200, 34.0050, 33.7999, 33.9590, 11091
2018-04-26, 34.1890, 34.2417, 34.1802, 34.2417, 1508
2018-04-27, 34.2600, 34.3200, 34.2500, 34.3087, 9912
2018-04-30, 34.3290, 34.3290, 34.1300, 34.1300, 17747
2018-05-01, 33.9021, 34.0190, 33.8600, 34.0090, 18300
2018-05-02, 34.0500, 34.0800, 34.0200, 34.0390, 5490
2018-05-03, 33.9150, 34.0201, 33.6900, 34.0100, 11913
2018-05-04, 33.7800, 34.2310, 33.7800, 34.2310, 6112
2018-05-07, 34.2300, 34.3300, 34.2188, 34.2498, 14192
2018-05-08, 34.2100, 34.3250, 34.1812, 34.3000, 6747
2018-05-09, 34.1926, 34.3502, 34.1926, 34.3215, 3420
2018-05-10, 34.5011, 34.5650, 34.5011, 34.5400, 3407
2018-05-11, 34.6300, 34.6600, 34.6300, 34.6500, 2406
2018-05-14, 34.8398, 34.8600, 34.7100, 34.7500, 6686
2018-05-15, 34.5100, 34.5183, 34.3810, 34.4500, 4626
2018-05-16, 34.5683, 34.6540, 34.5683, 34.6540, 2116
2018-05-17, 34.6800, 34.7800, 34.6800, 34.6890, 5953
2018-05-18, 34.6900, 34.7300, 34.6400, 34.6890, 2725
2018-05-21, 34.8899, 34.9100, 34.8500, 34.8680, 6105
2018-05-22, 34.8700, 34.8800, 34.7801, 34.7801, 4287
2018-05-23, 34.6228, 34.6990, 34.5380, 34.6990, 5245
2018-05-24, 34.6800, 34.6800, 34.4800, 34.6473, 15487
2018-05-25, 34.6400, 34.6900, 34.5800, 34.5881, 6421
2018-05-29, 34.3802, 34.3802, 34.0949, 34.2008, 8674
2018-05-30, 34.4500, 34.6400, 34.4500, 34.6300, 7258
2018-05-31, 34.5090, 34.5100, 34.3616, 34.4000, 9173
2018-06-01, 34.5990, 34.6700, 34.5400, 34.6690, 6992
2018-06-04, 34.8500, 34.8500, 34.7800, 34.7868, 1651
2018-06-05, 34.8898, 34.8898, 34.8000, 34.8800, 21489
2018-06-06, 34.9000, 35.0600, 34.9000, 35.0600, 4293
2018-06-07, 35.1000, 35.1000, 34.8600, 34.9690, 26358
2018-06-08, 34.9400, 35.0644, 34.9300, 35.0498, 15320
2018-06-11, 35.1600, 35.2300, 35.1500, 35.2150, 12988
2018-06-12, 35.1700, 35.2000, 35.1000, 35.1445, 11816
2018-06-13, 35.2000, 35.2390, 35.1567, 35.1567, 3664
2018-06-14, 35.1397, 35.2000, 35.1000, 35.1121, 5506
2018-06-15, 34.9300, 34.9380, 34.8000, 34.9380, 6939
2018-06-18, 34.6600, 34.7416, 34.6351, 34.7290, 6181
2018-06-19, 34.2900, 34.3100, 34.1999, 34.3000, 2964
2018-06-20, 34.4800, 34.5100, 34.3700, 34.4420, 16632
2018-06-21, 34.3190, 34.3690, 34.2340, 34.2340, 6603
2018-06-22, 34.4800, 34.5700, 34.4800, 34.5700, 1940
2018-06-25, 34.1900, 34.1900, 33.7588, 33.8800, 33307
2018-06-26, 34.0190, 34.0683, 33.8900, 34.0001, 14657
2018-06-27, 34.0690, 34.1301, 33.9600, 33.9600, 6216
2018-06-28, 33.5700, 33.7301, 33.5000, 33.6800, 9189
2018-06-29, 33.9000, 33.9700, 33.8698, 33.8698, 181883
2018-07-02, 33.3400, 33.4798, 33.3300, 33.4798, 5392
2018-07-03, 33.6900, 33.7000, 33.5150, 33.5150, 28021
2018-07-05, 33.6800, 33.7300, 33.6000, 33.7300, 3299
2018-07-06, 33.7800, 33.9800, 33.7800, 33.9708, 19351
2018-07-09, 34.1600, 34.2690, 34.1400, 34.2690, 6639
2018-07-10, 34.2500, 34.2700, 34.2390, 34.2700, 3040
2018-07-11, 33.9800, 33.9800, 33.7800, 33.8490, 4570
2018-07-12, 33.9700, 34.0800, 33.9700, 34.0401, 1922
2018-07-13, 34.2200, 34.2900, 34.2200, 34.2500, 2695
2018-07-16, 34.3300, 34.3300, 34.2500, 34.2500, 4953
2018-07-17, 34.3200, 34.4490, 34.3200, 34.4299, 4012
2018-07-18, 34.4130, 34.4471, 34.4100, 34.4471, 2085
2018-07-19, 34.1900, 34.3600, 34.1900, 34.3490, 4243
2018-07-20, 34.2400, 34.4469, 34.2400, 34.4364, 11971
2018-07-23, 34.3499, 34.4099, 34.3499, 34.4000, 1559
2018-07-24, 34.6580, 34.6580, 34.4497, 34.4497, 1242
2018-07-25, 34.5320, 34.7500, 34.4869, 34.7500, 2614
2018-07-26, 34.8000, 34.8600, 34.7904, 34.8400, 7279
2018-07-27, 34.9100, 34.9100, 34.6400, 34.7200, 4889
2018-07-30, 34.5999, 34.5999, 34.4500, 34.4954, 1349
2018-07-31, 34.4400, 34.5780, 34.4300, 34.5300, 179463
2018-08-01, 34.5390, 34.5600, 34.3750, 34.4030, 3965
2018-08-02, 34.3000, 34.4486, 34.2968, 34.4486, 4178
2018-08-03, 34.3700, 34.4900, 34.3700, 34.4899, 2389
2018-08-06, 34.4090, 34.4300, 34.3500, 34.4090, 10030
2018-08-07, 34.5190, 34.5300, 34.4850, 34.4850, 7688
2018-08-08, 34.4299, 34.4900, 34.4000, 34.4900, 4593
2018-08-09, 34.4808, 34.4808, 34.3798, 34.3798, 7394
2018-08-10, 33.9500, 33.9900, 33.8900, 33.9190, 3888
2018-08-13, 33.8699, 33.8699, 33.6702, 33.7500, 3226
2018-08-14, 33.8500, 33.9100, 33.8500, 33.9100, 8253
2018-08-15, 33.5200, 33.5200, 33.3192, 33.4500, 160584
2018-08-16, 33.5996, 33.7000, 33.5996, 33.6300, 17410
2018-08-17, 33.6700, 33.9099, 33.6700, 33.8775, 29180
2018-08-20, 33.9000, 34.0262, 33.7800, 34.0200, 5377
2018-08-21, 34.1600, 34.2400, 34.0990, 34.1506, 4001
2018-08-22, 34.2203, 34.3490, 34.2203, 34.3200, 19266
2018-08-23, 34.1400, 34.2500, 34.1400, 34.1699, 10880
2018-08-24, 34.2900, 34.4400, 34.2900, 34.3810, 4452
2018-08-27, 34.6500, 34.7790, 34.6403, 34.7577, 10893
2018-08-28, 34.8500, 34.8500, 34.7300, 34.7700, 5725
2018-08-29, 34.7900, 34.9900, 34.7900, 34.9600, 29100
2018-08-30, 34.7890, 34.8200, 34.6853, 34.6853, 4386
2018-08-31, 34.6600, 34.7300, 34.6000, 34.7300, 6523
2018-09-04, 34.4100, 34.4390, 34.3442, 34.3828, 12342
2018-09-05, 34.2600, 34.2600, 34.1242, 34.2000, 9720
2018-09-06, 34.1200, 34.1200, 34.0650, 34.1074, 2996
2018-09-07, 33.8890, 34.0000, 33.8690, 33.9051, 4362
2018-09-10, 34.0800, 34.1000, 34.0381, 34.0500, 3293
2018-09-11, 34.0000, 34.1400, 33.9800, 34.1300, 9632
2018-09-12, 34.0900, 34.2400, 34.0900, 34.2027, 3312
2018-09-13, 34.4300, 34.4980, 34.3601, 34.3780, 6116
2018-09-14, 34.5700, 34.5899, 34.4900, 34.5600, 8777
2018-09-17, 34.6600, 34.6600, 34.4890, 34.4890, 8342
2018-09-18, 34.7501, 34.9100, 34.7401, 34.9100, 10782
2018-09-19, 34.8721, 34.9100, 34.8721, 34.8892, 824
2018-09-20, 35.0204, 35.1000, 35.0150, 35.1000, 2111
2018-09-21, 35.0900, 35.1200, 35.0250, 35.0250, 5571
2018-09-24, 35.0300, 35.0300, 34.9000, 34.9350, 4857
2018-09-25, 35.1090, 35.1200, 35.0300, 35.0315, 1938
2018-09-26, 35.1898, 35.2697, 35.1009, 35.1009, 7095
2018-09-27, 35.0901, 35.1250, 35.0068, 35.0068, 7284
2018-09-28, 34.8600, 34.9700, 34.8600, 34.9076, 14307
2018-10-01, 35.1300, 35.1300, 35.0101, 35.0101, 8276
2018-10-02, 34.8500, 34.9600, 34.8500, 34.8750, 3384
2018-10-03, 34.9400, 34.9804, 34.8400, 34.8604, 8417
2018-10-04, 34.3600, 34.4070, 34.1600, 34.3500, 24600
2018-10-05, 34.2100, 34.2166, 33.9450, 34.0900, 6148
2018-10-08, 33.7700, 33.8400, 33.6632, 33.8385, 4192
2018-10-09, 33.4800, 33.6355, 33.4800, 33.6000, 3471
2018-10-10, 33.2600, 33.2600, 32.5200, 32.5200, 39500
2018-10-11, 32.4919, 32.6800, 31.8700, 32.1497, 22825
2018-10-12, 32.4300, 32.4867, 32.0799, 32.4500, 16687
2018-10-15, 32.3299, 32.3968, 32.2608, 32.3453, 12975
2018-10-16, 32.6600, 32.9601, 32.6600, 32.9200, 24813
2018-10-17, 32.9400, 32.9400, 32.7000, 32.8300, 5098
2018-10-18, 32.5701, 32.6698, 32.1900, 32.2440, 21865
2018-10-19, 32.2742, 32.2742, 32.1700, 32.2400, 3359
2018-10-22, 32.1000, 32.1796, 32.0401, 32.1230, 4761
2018-10-23, 31.4500, 31.8397, 31.4500, 31.8090, 4929
2018-10-24, 31.6199, 31.6200, 30.8000, 30.8000, 11414
2018-10-25, 31.0999, 31.3280, 31.0700, 31.1600, 20814
2018-10-26, 30.7601, 31.0465, 30.7213, 30.8500, 12118
2018-10-29, 31.0900, 31.0900, 30.7697, 30.7697, 1404
2018-10-30, 30.9001, 30.9450, 30.8200, 30.9450, 6433
2018-10-31, 31.4500, 31.6586, 31.4500, 31.6586, 7066
2018-11-01, 31.8100, 31.9393, 31.7500, 31.9393, 5363
2018-11-02, 32.3300, 32.4000, 31.9662, 32.1199, 3289
2018-11-05, 32.0200, 32.0300, 31.9100, 31.9500, 4641
2018-11-06, 32.1100, 32.1100, 31.9500, 32.0020, 23859
2018-11-07, 32.3000, 32.5470, 32.2900, 32.5467, 15180
2018-11-08, 32.4100, 32.4200, 32.2400, 32.3000, 14482
2018-11-09, 31.9496, 32.0101, 31.8756, 31.9199, 6209
