2013-01-29, 15.1600, 15.4900, 14.9100, 15.0000, 890155
2013-01-30, 15.0000, 15.1800, 14.7479, 14.9000, 348025
2013-01-31, 14.9000, 14.9900, 14.4900, 14.6300, 50253
2013-02-01, 14.9900, 15.2300, 14.0000, 15.0000, 106801
2013-02-04, 15.0200, 15.1000, 14.9900, 15.0000, 33714
2013-02-05, 15.0000, 15.5000, 14.9500, 15.0000, 5806
2013-02-06, 14.2100, 15.0000, 14.2100, 14.9700, 13955
2013-02-07, 15.0500, 15.0500, 14.5500, 14.7500, 22750
2013-02-08, 14.5001, 15.1000, 14.5000, 15.0500, 27963
2013-02-11, 14.9900, 15.1000, 14.9240, 15.0600, 44253
2013-02-12, 15.4800, 15.4800, 14.9900, 15.0700, 20699
2013-02-13, 15.0700, 15.0700, 15.0000, 15.0600, 19392
2013-02-14, 15.0287, 15.0700, 15.0287, 15.0700, 10468
2013-02-15, 15.0600, 15.0700, 14.7900, 14.7900, 18882
2013-02-19, 15.0400, 15.1900, 14.9100, 15.1000, 31990
2013-02-20, 15.3800, 15.3800, 14.9100, 14.9100, 12803
2013-02-21, 14.9300, 14.9800, 14.7100, 14.9000, 9750
2013-02-22, 14.9000, 15.1000, 14.7500, 15.1000, 17039
2013-02-25, 14.7500, 15.1000, 14.7500, 14.9000, 5658
2013-02-26, 14.9900, 15.3699, 14.8000, 14.8600, 66157
2013-02-27, 14.7700, 15.0000, 14.7500, 14.8300, 17691
2013-02-28, 15.0000, 15.0700, 14.7500, 15.0700, 13660
2013-03-01, 14.9000, 15.2700, 14.9000, 15.2500, 9862
2013-03-04, 15.0800, 15.3000, 14.9000, 14.9100, 9702
2013-03-05, 15.1788, 15.3700, 15.0500, 15.3000, 80661
2013-03-06, 15.2500, 15.3000, 15.1100, 15.2000, 122114
2013-03-07, 15.3500, 15.3800, 15.2000, 15.3700, 53718
2013-03-08, 15.3700, 15.4000, 15.3500, 15.4000, 21173
2013-03-11, 15.4300, 15.4300, 15.2501, 15.3700, 8949
2013-03-12, 15.4400, 15.4400, 15.3200, 15.3500, 5645
2013-03-13, 15.3400, 15.4499, 15.2500, 15.2700, 20582
2013-03-14, 15.1600, 15.4400, 15.1600, 15.4400, 15236
2013-03-15, 15.3500, 15.4000, 15.2500, 15.2500, 16597
2013-03-18, 15.2500, 15.2750, 15.1500, 15.2500, 9269
2013-03-19, 15.2900, 15.4000, 15.2500, 15.3100, 6111
2013-03-20, 15.4000, 15.4000, 15.1700, 15.3400, 14315
2013-03-21, 15.2600, 15.5400, 15.1400, 15.2510, 26406
2013-03-22, 15.4200, 15.4200, 15.2500, 15.2800, 4848
2013-03-25, 15.3900, 15.4100, 15.2010, 15.4100, 2800
2013-03-26, 15.3700, 15.3700, 15.0900, 15.2500, 4300
2013-03-27, 15.3800, 15.3800, 14.9300, 15.0000, 8285
2013-03-28, 15.0300, 15.8300, 14.9800, 15.5200, 37174
2013-04-01, 15.6100, 15.8300, 15.2200, 15.7900, 31653
2013-04-02, 15.7400, 15.9500, 15.6000, 15.8500, 25875
2013-04-03, 15.9800, 16.2000, 15.7500, 15.7500, 157112
2013-04-04, 15.8600, 15.9900, 15.6000, 15.8500, 3384
2013-04-05, 15.6250, 16.7700, 15.6000, 16.1800, 21796
2013-04-08, 16.0460, 16.1500, 15.7600, 16.0900, 3874
2013-04-09, 16.0499, 16.5654, 15.9000, 16.0000, 15710
2013-04-10, 16.2500, 16.6900, 16.2500, 16.6300, 57181
2013-04-11, 16.6000, 17.0580, 16.6000, 16.7300, 34363
2013-04-12, 16.8000, 17.5100, 16.8000, 17.0000, 21090
2013-04-15, 17.0900, 18.7390, 17.0900, 17.4700, 80085
2013-04-16, 18.2400, 18.2400, 17.5200, 17.6300, 53240
2013-04-17, 17.5700, 18.0100, 17.5200, 17.6800, 50102
2013-04-18, 17.6100, 17.6100, 17.1000, 17.4800, 19596
2013-04-19, 17.6800, 17.6800, 16.8000, 16.8900, 25760
2013-04-22, 16.8800, 17.4100, 16.5900, 17.2000, 24824
2013-04-23, 17.2300, 17.2500, 16.6500, 17.1300, 14662
2013-04-24, 16.9901, 17.2200, 16.7801, 16.8900, 19465
2013-04-25, 17.0400, 17.7000, 16.6400, 16.9900, 48096
2013-04-26, 17.0000, 17.2200, 16.5800, 16.9600, 14739
2013-04-29, 17.0000, 17.0099, 15.8400, 16.2000, 45412
2013-04-30, 16.1100, 16.6000, 15.8600, 16.5000, 24426
2013-05-01, 16.5250, 16.6900, 15.7400, 15.8500, 116710
2013-05-02, 15.9400, 16.4300, 15.8501, 16.0000, 19235
2013-05-03, 16.2899, 16.2899, 15.2200, 15.9900, 83886
2013-05-06, 16.0000, 16.1700, 15.4500, 15.7500, 7779
2013-05-07, 16.0000, 16.1000, 15.8200, 15.9500, 12097
2013-05-08, 16.0000, 16.1499, 15.9200, 15.9900, 23678
2013-05-09, 16.0000, 16.2300, 15.9100, 16.0000, 83875
2013-05-10, 16.1800, 16.5000, 16.1506, 16.2500, 23250
2013-05-13, 16.2600, 16.7000, 16.2500, 16.3400, 10790
2013-05-14, 16.5500, 16.7900, 15.9000, 16.4100, 25758
2013-05-15, 16.6100, 16.7000, 15.9100, 16.7000, 25999
2013-05-16, 16.7500, 16.7500, 16.2000, 16.5700, 18769
2013-05-17, 16.7500, 16.8000, 16.5990, 16.7900, 16944
2013-05-20, 16.7500, 17.1400, 16.2700, 16.8000, 13336
2013-05-21, 16.7500, 17.1200, 16.7500, 16.9700, 8619
2013-05-22, 17.0247, 17.2500, 16.9999, 17.1800, 15392
2013-05-23, 17.0000, 17.1980, 16.9500, 16.9800, 9506
2013-05-24, 16.9000, 17.0900, 16.7500, 16.9800, 5228
2013-05-28, 17.1000, 17.1000, 16.3000, 16.3600, 25706
2013-05-29, 16.3700, 16.3700, 15.7300, 15.8800, 25281
2013-05-30, 15.9300, 16.2500, 15.9300, 16.0000, 28948
2013-05-31, 16.0000, 16.0000, 15.0000, 15.2900, 20521
2013-06-03, 15.4200, 15.9900, 15.4200, 15.7500, 34097
2013-06-04, 15.8000, 16.0000, 15.7200, 15.7300, 23864
2013-06-05, 15.8500, 16.3000, 15.8500, 15.9000, 74366
2013-06-06, 15.9900, 16.2490, 15.9500, 15.9600, 22863
2013-06-07, 16.0000, 17.2200, 15.7500, 16.5000, 59725
2013-06-10, 16.6800, 16.6800, 15.9000, 16.2800, 39397
2013-06-11, 16.3600, 16.4521, 15.8000, 16.0000, 22010
2013-06-12, 16.5000, 16.5500, 16.0000, 16.3300, 27219
2013-06-13, 16.4300, 16.6500, 16.0800, 16.4300, 14007
2013-06-14, 16.6800, 16.9500, 16.4500, 16.7000, 43130
2013-06-17, 16.7600, 17.1300, 16.7500, 16.7600, 33584
2013-06-18, 16.6100, 17.2599, 16.5400, 17.0900, 23066
2013-06-19, 17.2100, 17.2100, 16.6000, 16.8600, 7581
2013-06-20, 16.6101, 16.7250, 16.3100, 16.3100, 9845
2013-06-21, 16.3100, 18.1561, 16.3001, 16.4900, 27009
2013-06-24, 16.5100, 17.0000, 16.3690, 16.5400, 22730
2013-06-25, 16.6500, 17.0000, 16.3500, 16.9600, 23260
2013-06-26, 17.1500, 17.4100, 16.7500, 16.7600, 19813
2013-06-27, 16.9500, 17.0000, 16.5500, 16.5600, 11672
2013-06-28, 16.6600, 17.0450, 16.6600, 16.9300, 27826
2013-07-01, 16.9600, 17.4500, 16.6050, 16.7900, 30298
2013-07-02, 16.8000, 16.8000, 16.2500, 16.5500, 15862
2013-07-03, 16.5499, 16.5500, 16.3110, 16.4100, 2288
2013-07-05, 16.3500, 16.3500, 16.0000, 16.1000, 23866
2013-07-08, 16.2300, 16.4075, 16.0000, 16.3400, 21830
2013-07-09, 16.5200, 16.5200, 15.9200, 16.3500, 27598
2013-07-10, 16.4300, 16.5000, 16.0000, 16.1000, 23161
2013-07-11, 16.2800, 16.6750, 16.0500, 16.0500, 22788
2013-07-12, 16.0700, 16.9175, 15.9900, 16.4800, 15333
2013-07-15, 16.5300, 16.6800, 16.1800, 16.4300, 53126
2013-07-16, 16.4000, 16.4100, 16.1500, 16.3800, 25041
2013-07-17, 16.4000, 16.4400, 16.1000, 16.2500, 26677
2013-07-18, 16.4400, 16.5000, 16.2000, 16.2000, 16938
2013-07-19, 16.4100, 16.4900, 16.0000, 16.0000, 14904
2013-07-22, 16.0100, 16.4100, 15.9700, 15.9700, 29555
2013-07-23, 16.0000, 16.1800, 15.7800, 16.1800, 28056
2013-07-24, 16.1600, 16.4000, 15.9500, 16.3800, 20002
2013-07-25, 16.2200, 16.2200, 15.8200, 15.8700, 24171
2013-07-26, 15.8900, 16.1000, 15.7600, 16.1000, 19697
2013-07-29, 16.0100, 16.3900, 15.8200, 15.9000, 24322
2013-07-30, 16.0100, 16.0700, 15.8700, 15.9600, 11830
2013-07-31, 16.0300, 16.0800, 15.8462, 15.8500, 18270
2013-08-01, 15.9700, 16.1790, 15.7100, 15.7100, 24555
2013-08-02, 15.7800, 15.8500, 15.7100, 15.7100, 28918
2013-08-05, 15.8100, 16.0400, 15.6300, 15.6300, 24340
2013-08-06, 15.6700, 15.8500, 15.5300, 15.7100, 39228
2013-08-07, 15.6800, 16.1350, 15.6800, 16.1000, 16273
2013-08-08, 16.1450, 16.6000, 16.1400, 16.6000, 23094
2013-08-09, 16.6000, 16.9400, 16.1800, 16.1800, 16051
2013-08-12, 16.3000, 16.7900, 16.2768, 16.5500, 19597
2013-08-13, 16.7900, 16.8920, 16.3100, 16.7500, 53872
2013-08-14, 16.8400, 17.0200, 16.3150, 17.0200, 58221
2013-08-15, 16.6950, 16.9399, 16.4610, 16.8000, 43426
2013-08-16, 16.6600, 16.7500, 16.3901, 16.5000, 19222
2013-08-19, 16.3900, 17.1000, 16.3900, 16.7400, 27577
2013-08-20, 17.0000, 17.0000, 16.5100, 16.5400, 28484
2013-08-21, 16.6500, 17.0000, 16.5400, 16.5400, 27934
2013-08-22, 16.6400, 16.9399, 16.5500, 16.7400, 12565
2013-08-23, 16.6000, 16.8899, 16.6000, 16.6200, 3835
2013-08-26, 16.6800, 16.7000, 16.5600, 16.6100, 9274
2013-08-27, 16.6200, 16.7000, 16.3900, 16.6900, 16142
2013-08-28, 16.5600, 16.5999, 16.2600, 16.2600, 8536
2013-08-29, 16.3100, 16.9790, 16.2500, 16.5300, 3827
2013-08-30, 16.6500, 16.7000, 16.5100, 16.5100, 5651
2013-09-03, 16.7000, 16.7000, 16.2600, 16.6800, 8667
2013-09-04, 16.5500, 16.6958, 16.2500, 16.4000, 8411
2013-09-05, 16.4400, 16.7000, 16.3000, 16.6900, 19443
2013-09-06, 16.4600, 16.7000, 16.4500, 16.4900, 14336
2013-09-09, 16.5000, 16.5000, 16.1000, 16.2000, 19459
2013-09-10, 16.2500, 16.5000, 16.2000, 16.5000, 28557
2013-09-11, 16.5000, 16.6200, 16.3000, 16.6200, 14899
2013-09-12, 16.5100, 16.6900, 16.3000, 16.4400, 5014
2013-09-13, 17.0000, 17.0000, 16.2000, 16.2100, 16822
2013-09-16, 16.2200, 16.3899, 16.1000, 16.1600, 11085
2013-09-17, 16.2000, 16.3800, 15.9800, 16.0000, 27938
2013-09-18, 16.1000, 16.1350, 15.9900, 16.0000, 22824
2013-09-19, 16.0000, 16.0900, 15.9500, 15.9500, 33784
2013-09-20, 15.8800, 16.0500, 15.8800, 15.8800, 6581
2013-09-23, 16.0000, 16.0000, 15.7807, 15.9900, 21659
2013-09-24, 16.0000, 16.1900, 15.9200, 15.9200, 31824
2013-09-25, 16.0000, 16.2353, 15.9500, 15.9500, 19755
2013-09-26, 16.0000, 16.1399, 15.9200, 15.9200, 27820
2013-09-27, 15.9000, 15.9000, 15.2800, 15.3400, 124906
2013-09-30, 15.3400, 15.7100, 14.9900, 15.2600, 64312
2013-10-01, 15.9500, 16.0600, 15.4800, 15.9900, 24954
2013-10-02, 16.0500, 16.3500, 16.0500, 16.1900, 15952
2013-10-03, 16.2700, 16.2700, 16.0601, 16.2200, 7390
2013-10-04, 16.2700, 16.3600, 15.7700, 16.0600, 14302
2013-10-07, 16.1500, 16.3299, 15.9400, 16.1100, 22678
2013-10-08, 16.3200, 16.3200, 16.0000, 16.1490, 11635
2013-10-09, 16.2200, 16.2300, 16.0100, 16.0300, 5542
2013-10-10, 16.1100, 16.3199, 16.1100, 16.3100, 12865
2013-10-11, 16.3300, 16.3300, 16.0200, 16.2100, 13291
2013-10-14, 16.2600, 16.3000, 15.9700, 16.3000, 12860
2013-10-15, 16.3000, 16.3000, 16.1800, 16.2600, 11197
2013-10-16, 16.2600, 16.2600, 16.1700, 16.2100, 3917
2013-10-17, 16.2500, 16.4000, 16.1601, 16.3900, 15666
2013-10-18, 16.4000, 16.4000, 16.0100, 16.3100, 26782
2013-10-21, 16.3000, 16.3000, 16.0291, 16.2900, 9199
2013-10-22, 16.3000, 16.3400, 16.2701, 16.2900, 6830
2013-10-23, 16.3700, 16.4300, 16.1825, 16.3000, 16229
2013-10-24, 16.4300, 16.9440, 16.4000, 16.6500, 39256
2013-10-25, 16.6500, 16.8000, 16.4500, 16.5600, 28309
2013-10-28, 16.6400, 16.9000, 16.5100, 16.5800, 40508
2013-10-29, 16.6000, 16.9000, 16.4147, 16.8500, 37724
2013-10-30, 16.7300, 16.8400, 16.4000, 16.8000, 20471
2013-10-31, 16.6100, 16.7999, 16.1700, 16.2000, 39395
2013-11-01, 16.3100, 16.8780, 16.1800, 16.1800, 15096
2013-11-04, 16.3000, 16.5020, 16.1500, 16.2700, 16998
2013-11-05, 16.3800, 16.8200, 16.2000, 16.2400, 21257
2013-11-06, 16.2500, 16.2700, 15.9200, 16.0000, 33211
2013-11-07, 15.9100, 16.0800, 15.9100, 16.0000, 28617
2013-11-08, 16.0000, 16.1100, 15.9501, 16.1100, 13697
2013-11-11, 16.1000, 16.1800, 15.9500, 16.0700, 24457
2013-11-12, 16.0200, 16.0200, 15.8700, 15.9100, 16811
2013-11-13, 16.1740, 16.2115, 15.9100, 16.0600, 8628
2013-11-14, 16.2100, 16.3299, 16.0101, 16.1000, 23488
2013-11-15, 16.2500, 16.4500, 16.1300, 16.2000, 18200
2013-11-18, 16.2800, 16.5399, 16.1000, 16.1000, 17886
2013-11-19, 16.2000, 16.4100, 16.0500, 16.1300, 11855
2013-11-20, 16.0900, 16.3799, 16.0900, 16.1500, 7561
2013-11-21, 16.2000, 16.2953, 16.1000, 16.1000, 14703
2013-11-22, 16.1047, 16.2599, 16.0900, 16.1700, 45643
2013-11-25, 16.2500, 16.3000, 16.1500, 16.2700, 18266
2013-11-26, 16.2200, 16.4100, 16.2200, 16.4100, 25274
2013-11-27, 16.3200, 16.4100, 16.2700, 16.3900, 10457
2013-11-29, 16.4100, 16.4100, 16.3500, 16.3900, 7500
2013-12-02, 16.4000, 16.4900, 16.1001, 16.3000, 36099
2013-12-03, 16.2000, 16.3300, 16.0700, 16.3300, 10701
2013-12-04, 16.4200, 16.4200, 16.0000, 16.3000, 48191
2013-12-05, 16.3000, 16.3800, 16.0400, 16.0900, 12093
2013-12-06, 16.1200, 16.2496, 16.1200, 16.1900, 16184
2013-12-09, 16.2700, 16.4800, 16.2500, 16.4500, 47784
2013-12-10, 16.4700, 16.5890, 16.0700, 16.3119, 29250
2013-12-11, 16.3200, 16.4390, 16.1500, 16.3200, 19409
2013-12-12, 16.0200, 16.2900, 16.0200, 16.2000, 31163
2013-12-13, 16.0110, 16.1800, 16.0000, 16.0000, 17470
2013-12-16, 16.0600, 16.1700, 16.0600, 16.0900, 14693
2013-12-17, 16.1700, 16.2000, 16.1000, 16.1700, 16629
2013-12-18, 16.2000, 16.3900, 16.1447, 16.2800, 12508
2013-12-19, 16.3637, 16.5000, 16.3000, 16.3700, 14164
2013-12-20, 16.4999, 17.1000, 16.3999, 17.0000, 62050
2013-12-23, 17.0000, 17.3953, 16.3000, 16.9600, 20750
2013-12-24, 16.9500, 16.9853, 16.5037, 16.7200, 3433
2013-12-26, 16.8300, 16.9800, 16.3100, 16.6300, 43986
2013-12-27, 16.6420, 16.6500, 16.1601, 16.3000, 56599
2013-12-30, 16.0900, 16.2400, 15.9800, 16.1100, 103805
2013-12-31, 16.2000, 16.2000, 15.9700, 16.2000, 50528
2014-01-02, 16.1500, 16.1700, 16.0100, 16.0900, 42503
2014-01-03, 16.0200, 16.0800, 15.5600, 16.0600, 57534
2014-01-06, 16.0000, 16.0700, 15.8313, 16.0300, 28702
2014-01-07, 16.0500, 16.1300, 15.9100, 16.0200, 29208
2014-01-08, 15.3600, 15.7800, 14.1500, 15.0200, 391574
2014-01-09, 14.5400, 14.7200, 14.0000, 14.7200, 69971
2014-01-10, 14.7500, 14.7500, 14.5501, 14.6600, 39135
2014-01-13, 14.5100, 14.6099, 14.5000, 14.5000, 33921
2014-01-14, 14.5000, 14.7200, 14.5000, 14.5500, 33275
2014-01-15, 14.6000, 14.7560, 14.6000, 14.6000, 17600
2014-01-16, 14.6600, 14.7500, 14.6040, 14.6900, 10345
2014-01-17, 14.6947, 14.8899, 14.6200, 14.8500, 8258
2014-01-21, 14.9000, 14.9500, 14.7300, 14.8600, 33614
2014-01-22, 14.8000, 14.8500, 14.5100, 14.5400, 28790
2014-01-23, 14.5000, 14.5000, 14.2400, 14.4500, 29864
2014-01-24, 14.2500, 14.3900, 14.0500, 14.2500, 14241
2014-01-27, 14.2700, 14.3800, 14.0301, 14.1000, 25091
2014-01-28, 14.1000, 14.2300, 13.8301, 13.9700, 18600
2014-01-29, 13.9600, 13.9700, 13.1001, 13.3800, 52262
2014-01-30, 13.5000, 13.8899, 13.3800, 13.4080, 15296
2014-01-31, 13.2800, 13.5000, 13.1100, 13.4700, 18754
2014-02-03, 13.3900, 13.8600, 13.3400, 13.8200, 34786
2014-02-04, 13.8000, 14.0200, 13.6001, 13.7100, 13496
2014-02-05, 13.7600, 13.7790, 13.1000, 13.3600, 32616
2014-02-06, 13.3600, 13.6100, 13.3500, 13.5404, 11754
2014-02-07, 13.5000, 13.7000, 13.3500, 13.7000, 21046
2014-02-10, 13.5900, 14.1300, 13.3600, 13.7400, 17143
2014-02-11, 13.7400, 14.1200, 13.6500, 13.7400, 20330
2014-02-12, 13.6900, 13.7900, 13.5100, 13.6500, 13581
2014-02-13, 13.6100, 13.7000, 13.5100, 13.6200, 4648
2014-02-14, 13.7100, 13.8400, 13.4800, 13.6000, 6240
2014-02-18, 13.7700, 13.8200, 13.4700, 13.5800, 19456
2014-02-19, 13.5800, 13.6073, 13.3000, 13.5000, 11636
2014-02-20, 13.4400, 13.4400, 12.5600, 12.9600, 27177
2014-02-21, 12.9700, 13.1300, 12.5200, 12.6400, 36037
2014-02-24, 12.7400, 12.9100, 11.8500, 11.9500, 54111
2014-02-25, 11.9000, 12.3200, 11.7500, 12.1700, 32809
2014-02-26, 12.2000, 12.9635, 12.1500, 12.9600, 24810
2014-02-27, 12.8000, 12.9260, 11.7900, 12.8200, 31358
2014-02-28, 12.9500, 12.9500, 12.7500, 12.8000, 7060
2014-03-03, 12.7500, 13.4000, 12.7500, 13.1454, 52206
2014-03-04, 13.2800, 13.7699, 12.5920, 12.8700, 93987
2014-03-05, 13.1800, 13.4090, 12.8501, 13.2400, 13063
2014-03-06, 13.3900, 13.6000, 12.9701, 13.0000, 12747
2014-03-07, 13.0500, 13.3000, 13.0500, 13.2500, 11906
2014-03-10, 13.3400, 13.4740, 13.0800, 13.2300, 10533
2014-03-11, 13.3900, 13.8453, 13.2110, 13.3500, 28375
2014-03-12, 13.4700, 13.6100, 13.0500, 13.0500, 8749
2014-03-13, 12.9800, 13.2600, 12.9800, 13.2600, 7272
2014-03-14, 13.2200, 14.5000, 12.7200, 13.2100, 32439
2014-03-17, 13.6000, 14.3700, 13.0601, 13.1500, 12632
2014-03-18, 13.5261, 13.5261, 13.1300, 13.2200, 6375
2014-03-19, 13.1000, 13.6500, 13.0501, 13.4600, 9050
2014-03-20, 13.5700, 14.0900, 13.4600, 13.8900, 14732
2014-03-21, 14.0400, 14.1500, 13.6000, 13.9000, 12473
2014-03-24, 14.1163, 14.1200, 13.2700, 13.7500, 12319
2014-03-25, 13.6300, 14.0200, 13.6300, 14.0200, 6088
2014-03-26, 13.9000, 13.9300, 13.3400, 13.5500, 13981
2014-03-27, 13.4101, 13.7299, 13.4101, 13.5800, 4885
2014-03-28, 13.5800, 13.8099, 13.4037, 13.5800, 6163
2014-03-31, 13.7500, 14.1400, 13.7500, 14.1400, 16467
2014-04-01, 13.9900, 14.5000, 13.7300, 14.3500, 24483
2014-04-02, 14.3000, 14.5000, 13.9000, 14.5000, 19365
2014-04-03, 13.9247, 14.3900, 13.9247, 14.0900, 7231
2014-04-04, 13.9500, 14.0000, 13.4700, 13.6200, 4821
2014-04-07, 13.4100, 13.4400, 13.0900, 13.3100, 16709
2014-04-08, 13.2600, 13.4353, 12.8800, 12.9800, 19002
2014-04-09, 12.8700, 13.1400, 12.3600, 13.0500, 29282
2014-04-10, 13.0000, 13.2552, 12.7901, 13.0000, 13709
2014-04-11, 12.5600, 13.0300, 12.5600, 13.0300, 5274
2014-04-14, 12.9500, 13.0000, 12.8234, 12.9900, 9581
2014-04-15, 13.0000, 13.4490, 13.0000, 13.0500, 16679
2014-04-16, 13.1200, 13.2014, 12.4801, 13.0500, 11845
2014-04-17, 13.1000, 13.1899, 12.8500, 12.8500, 7057
2014-04-21, 12.6600, 13.1700, 12.5800, 12.7300, 25213
2014-04-22, 12.8000, 12.8499, 12.5300, 12.6400, 14181
2014-04-23, 12.5300, 12.6000, 12.1700, 12.3200, 28067
2014-04-24, 12.3500, 12.5700, 12.1500, 12.2600, 40978
2014-04-25, 12.2000, 12.3799, 12.0501, 12.3200, 17431
2014-04-28, 12.3400, 12.3400, 12.1400, 12.2900, 15543
2014-04-29, 12.3300, 12.3300, 12.1200, 12.2200, 12870
2014-04-30, 12.1600, 12.2100, 12.0300, 12.1300, 7207
2014-05-01, 12.0800, 12.5100, 11.8100, 12.0300, 77881
2014-05-02, 12.0000, 12.4100, 12.0000, 12.4100, 16269
2014-05-05, 12.5400, 12.8500, 12.0447, 12.5500, 43259
2014-05-06, 12.6353, 12.6353, 12.0400, 12.0600, 17127
2014-05-07, 12.1600, 12.5600, 11.7700, 11.8600, 65223
2014-05-08, 11.8900, 12.0700, 11.6701, 11.7200, 28921
2014-05-09, 11.7800, 11.7800, 11.2800, 11.5400, 38764
2014-05-12, 11.6700, 12.1899, 11.5900, 11.5900, 21396
2014-05-13, 11.7300, 11.9300, 11.5900, 11.8200, 14703
2014-05-14, 11.8100, 11.9299, 11.5501, 11.7000, 24273
2014-05-15, 11.6499, 11.6999, 11.4700, 11.5700, 18703
2014-05-16, 11.5800, 11.6490, 11.2500, 11.3400, 24939
2014-05-19, 11.2300, 11.4899, 11.0700, 11.3700, 21655
2014-05-20, 11.4000, 11.4900, 10.9700, 11.2000, 30350
2014-05-21, 11.1500, 11.2404, 10.9200, 11.0200, 26143
2014-05-22, 11.0100, 11.2600, 11.0100, 11.2100, 17122
2014-05-23, 11.2500, 11.8699, 11.2500, 11.6400, 8604
2014-05-27, 11.6500, 11.6500, 11.0300, 11.2000, 22006
2014-05-28, 11.1900, 11.6200, 11.1900, 11.5200, 9358
2014-05-29, 11.3500, 11.8000, 11.1000, 11.3600, 44771
2014-05-30, 11.3900, 11.4850, 11.1800, 11.1800, 9072
2014-06-02, 11.7100, 11.7100, 11.0900, 11.1600, 14021
2014-06-03, 10.7800, 11.6953, 10.7800, 11.1300, 31448
2014-06-04, 11.2100, 11.5600, 11.1000, 11.1500, 23631
2014-06-05, 11.2200, 11.8000, 11.0101, 11.4600, 22695
2014-06-06, 11.5100, 11.5100, 11.2100, 11.2100, 14035
2014-06-09, 11.2000, 11.3100, 11.2000, 11.2200, 13119
2014-06-10, 11.2500, 11.2670, 11.2000, 11.2100, 11285
2014-06-11, 11.2600, 11.3980, 11.2000, 11.2500, 14662
2014-06-12, 11.3100, 11.3747, 11.2100, 11.3000, 29978
2014-06-13, 11.2500, 11.7499, 11.2500, 11.6700, 19910
2014-06-16, 11.7400, 12.0000, 11.6750, 11.8500, 11239
2014-06-17, 11.8400, 12.6300, 11.8400, 12.4100, 19986
2014-06-18, 12.4300, 13.3200, 12.4300, 12.5700, 38160
2014-06-19, 12.5200, 12.9500, 12.5200, 12.5700, 11513
2014-06-20, 12.6200, 12.8700, 12.5500, 12.8700, 9007
2014-06-23, 12.7900, 12.9200, 12.6100, 12.6200, 9555
2014-06-24, 12.7700, 13.4700, 12.6600, 12.9100, 18825
2014-06-25, 12.8501, 12.8700, 12.6300, 12.6420, 2738
2014-06-26, 12.7800, 13.0000, 12.3500, 12.4900, 13035
2014-06-27, 12.9200, 12.9200, 12.4700, 12.7200, 6099
2014-06-30, 12.7900, 13.1000, 12.7200, 12.9900, 22589
2014-07-01, 12.9400, 13.3400, 12.9400, 13.1900, 19579
2014-07-02, 13.1200, 13.3500, 12.9700, 13.3000, 10316
2014-07-03, 13.3500, 13.3500, 13.1600, 13.3200, 3485
2014-07-07, 13.3500, 13.3500, 13.0000, 13.2000, 15128
2014-07-08, 13.1300, 13.3100, 12.6800, 13.0315, 21507
2014-07-09, 13.2024, 13.2182, 12.9600, 12.9800, 7073
2014-07-10, 12.9500, 13.3200, 12.9500, 13.2800, 14566
2014-07-11, 13.2500, 13.2500, 12.9860, 13.0000, 14267
2014-07-14, 13.1100, 13.1575, 12.7600, 12.9900, 10015
2014-07-15, 13.0500, 13.0500, 12.5000, 12.7900, 15166
2014-07-16, 12.9200, 12.9200, 12.2800, 12.5800, 18124
2014-07-17, 12.4700, 13.0199, 11.9500, 12.1800, 41406
2014-07-18, 12.0800, 13.1599, 11.5660, 12.0000, 79336
2014-07-21, 12.1200, 12.1200, 11.6800, 11.8800, 32986
2014-07-22, 11.9600, 12.3500, 11.9600, 12.2300, 23401
2014-07-23, 12.3700, 12.5000, 12.1700, 12.3700, 19918
2014-07-24, 12.5900, 12.5900, 12.0900, 12.2800, 19775
2014-07-25, 12.0000, 12.3800, 12.0000, 12.1700, 18928
2014-07-28, 12.3500, 12.3500, 11.9520, 12.2300, 20418
2014-07-29, 12.1500, 12.3000, 11.9900, 12.3000, 24255
2014-07-30, 12.1400, 12.2800, 11.9900, 12.0000, 26190
2014-07-31, 12.2700, 12.3000, 12.1000, 12.1000, 46556
2014-08-01, 12.2100, 12.3300, 12.0000, 12.2200, 38874
2014-08-04, 12.3500, 12.3500, 12.0688, 12.1000, 28000
2014-08-05, 12.5000, 12.8500, 12.3000, 12.5100, 40865
2014-08-06, 12.5600, 12.7300, 12.2410, 12.5900, 18972
2014-08-07, 12.4000, 12.5000, 12.4000, 12.4500, 5148
2014-08-08, 12.4800, 12.5500, 12.2500, 12.4400, 13918
2014-08-11, 12.4180, 12.7700, 12.4180, 12.5400, 18052
2014-08-12, 12.6000, 12.7356, 12.4500, 12.5300, 17404
2014-08-13, 12.5500, 12.7900, 12.5500, 12.7900, 24552
2014-08-14, 12.8000, 12.8290, 12.5500, 12.5500, 25767
2014-08-15, 12.7700, 12.7700, 12.5000, 12.7100, 25374
2014-08-18, 12.7000, 12.7260, 12.2200, 12.4200, 22210
2014-08-19, 12.5100, 12.5100, 12.3194, 12.5000, 9107
2014-08-20, 12.4100, 12.4900, 12.1910, 12.4400, 13411
2014-08-21, 12.3400, 12.4763, 12.2500, 12.3700, 17151
2014-08-22, 12.3410, 12.4200, 12.2100, 12.2800, 11384
2014-08-25, 12.3600, 12.3600, 12.2500, 12.2500, 10810
2014-08-26, 12.2100, 12.3700, 12.2000, 12.2600, 10137
2014-08-27, 12.2800, 12.4800, 12.2500, 12.3200, 12586
2014-08-28, 12.3600, 12.4900, 12.0300, 12.4200, 19770
2014-08-29, 12.3300, 12.4100, 12.1800, 12.3600, 8610
2014-09-02, 12.3000, 12.5900, 12.3000, 12.5800, 13908
2014-09-03, 12.6300, 12.7199, 12.3460, 12.3700, 6821
2014-09-04, 12.6200, 12.6600, 12.3800, 12.3800, 14816
2014-09-05, 12.3700, 12.6000, 12.3000, 12.3600, 20875
2014-09-08, 12.4500, 12.6500, 12.4500, 12.5600, 27359
2014-09-09, 12.6800, 13.2400, 12.6800, 13.0500, 44727
2014-09-10, 13.0300, 13.3900, 13.0000, 13.0000, 22715
2014-09-11, 13.2600, 13.8000, 13.0000, 13.3100, 27527
2014-09-12, 13.4000, 13.8700, 13.3018, 13.3700, 32458
2014-09-15, 13.4800, 13.4800, 13.1000, 13.1300, 11743
2014-09-16, 13.2200, 13.4099, 13.0001, 13.1700, 9183
2014-09-17, 13.2300, 13.5300, 13.1000, 13.3100, 9115
2014-09-18, 13.3500, 13.5299, 13.3500, 13.3600, 13679
2014-09-19, 13.4400, 13.4700, 12.6100, 12.6100, 24161
2014-09-22, 12.6100, 12.8999, 12.6000, 12.7500, 14822
2014-09-23, 12.8900, 12.8900, 12.7500, 12.7900, 8202
2014-09-24, 12.0200, 12.1600, 11.5600, 11.6700, 400778
2014-09-25, 11.7000, 11.8900, 11.6000, 11.7900, 59872
2014-09-26, 11.8500, 11.8900, 11.6501, 11.8900, 60708
2014-09-29, 11.9500, 11.9500, 11.8000, 11.8700, 67948
2014-09-30, 11.8700, 12.0600, 11.8000, 12.0100, 43040
2014-10-01, 11.9500, 12.0500, 11.7500, 11.8900, 62782
2014-10-02, 11.8200, 12.1900, 11.8000, 12.1600, 70259
2014-10-03, 12.2300, 12.2300, 12.0750, 12.1000, 60857
2014-10-06, 12.2100, 12.2100, 11.8400, 11.9400, 17781
2014-10-07, 11.9500, 12.0000, 11.6601, 11.7000, 15940
2014-10-08, 11.6600, 11.9500, 11.2500, 11.9200, 30822
2014-10-09, 11.8500, 11.8500, 11.6901, 11.7200, 6024
2014-10-10, 11.7700, 11.9790, 11.3500, 11.3500, 28770
2014-10-13, 11.2400, 11.6890, 11.2400, 11.3100, 9453
2014-10-14, 11.3600, 11.7600, 11.3000, 11.5900, 21945
2014-10-15, 11.5100, 11.7600, 11.3000, 11.3100, 28035
2014-10-16, 11.2200, 11.7700, 10.8700, 10.9300, 73483
2014-10-17, 11.0600, 11.1700, 10.9100, 10.9200, 49883
2014-10-20, 10.8500, 11.6800, 10.8500, 11.6800, 52362
2014-10-21, 11.5600, 12.0700, 11.5141, 12.0000, 22750
2014-10-22, 12.1100, 12.1100, 11.6600, 12.0000, 23187
2014-10-23, 12.0000, 12.1862, 11.9700, 12.0100, 40790
2014-10-24, 11.9900, 11.9900, 11.8200, 11.8200, 2224
2014-10-27, 11.8200, 12.2700, 11.8000, 11.9700, 25456
2014-10-28, 12.1100, 12.2500, 11.8000, 12.0200, 53247
2014-10-29, 11.9900, 12.0999, 11.8100, 11.8300, 11355
2014-10-30, 11.9000, 12.1462, 11.9000, 11.9800, 13850
2014-10-31, 12.1000, 12.1000, 11.2100, 11.2100, 16562
2014-11-03, 11.4000, 11.9700, 11.4000, 11.6900, 15039
2014-11-04, 11.5700, 11.7442, 11.4000, 11.4100, 10301
2014-11-05, 11.5400, 11.7299, 11.3001, 11.3700, 18828
2014-11-06, 11.4300, 11.6350, 11.1100, 11.2900, 52676
2014-11-07, 11.3800, 11.5790, 10.9200, 10.9200, 42485
2014-11-10, 11.0200, 11.2900, 10.8150, 10.8900, 36162
2014-11-11, 10.8737, 11.1300, 10.7500, 10.8100, 41178
2014-11-12, 10.7900, 10.9300, 10.6950, 10.8700, 26253
2014-11-13, 10.8000, 10.8300, 10.2100, 10.8000, 45001
2014-11-14, 10.8400, 10.9199, 10.3300, 10.6900, 27693
2014-11-17, 10.7000, 10.7300, 10.3000, 10.6700, 8933
2014-11-18, 10.7200, 10.8000, 10.5900, 10.7400, 10545
2014-11-19, 10.6500, 10.8000, 10.5900, 10.6500, 37697
2014-11-20, 10.6200, 10.6700, 10.6000, 10.6200, 16574
2014-11-21, 10.6500, 10.7760, 10.4700, 10.6300, 52072
2014-11-24, 10.5700, 10.8000, 10.5400, 10.5700, 38438
2014-11-25, 10.5101, 10.7600, 10.5100, 10.7000, 24494
2014-11-26, 10.6700, 11.3100, 10.5300, 10.9200, 13502
2014-11-28, 10.8184, 11.0075, 10.6600, 10.7400, 4405
2014-12-01, 10.6700, 10.7900, 10.5600, 10.5700, 18014
2014-12-02, 10.5900, 10.6890, 10.3000, 10.5600, 24753
2014-12-03, 10.5600, 10.5600, 10.2700, 10.3000, 21506
2014-12-04, 10.2100, 10.6500, 10.2100, 10.3300, 37518
2014-12-05, 10.4399, 10.4399, 9.8709, 10.0100, 62747
2014-12-08, 9.9900, 10.0800, 9.7600, 9.7700, 82651
2014-12-09, 9.7000, 10.0000, 9.3750, 9.5800, 53366
2014-12-10, 9.6500, 10.0850, 9.3300, 9.3500, 39965
2014-12-11, 9.4200, 9.4200, 9.0700, 9.1200, 61620
2014-12-12, 9.1000, 9.3400, 9.0500, 9.0900, 71325
2014-12-15, 9.1200, 9.1870, 8.8900, 9.0400, 70776
2014-12-16, 9.0100, 9.1741, 8.9801, 9.0600, 84783
2014-12-17, 9.0000, 9.3400, 9.0000, 9.3400, 29074
2014-12-18, 9.3400, 9.6900, 9.2500, 9.4200, 33466
2014-12-19, 9.5100, 9.9200, 9.2200, 9.2200, 74682
2014-12-22, 9.3000, 10.2200, 9.2701, 10.0000, 49368
2014-12-23, 10.0500, 10.0500, 9.6717, 9.8100, 69319
2014-12-24, 9.8300, 9.9300, 9.8000, 9.8200, 59501
2014-12-26, 9.9700, 10.7500, 9.9000, 10.7500, 129115
2014-12-29, 10.7500, 11.1399, 10.5000, 11.0050, 76559
2014-12-30, 10.8200, 11.0600, 10.5000, 10.5100, 48265
2014-12-31, 10.5100, 10.7000, 10.5000, 10.7000, 51536
2015-01-02, 10.7400, 10.8292, 10.2600, 10.4100, 34942
2015-01-05, 10.3800, 10.3801, 9.9500, 10.1000, 99366
2015-01-06, 10.1000, 10.2501, 10.1000, 10.2000, 16763
2015-01-07, 10.3300, 10.4800, 10.2800, 10.4400, 10781
2015-01-08, 10.4800, 10.7500, 10.4201, 10.5900, 24033
2015-01-09, 10.7000, 10.7000, 10.4200, 10.5000, 19261
2015-01-12, 10.5000, 10.5000, 10.3300, 10.3300, 13445
2015-01-13, 10.2600, 10.7400, 10.0500, 10.6500, 100166
2015-01-14, 10.5900, 10.8600, 10.5400, 10.8400, 38553
2015-01-15, 10.8800, 10.8800, 10.5919, 10.6000, 22914
2015-01-16, 10.5900, 10.7400, 10.5000, 10.6100, 8820
2015-01-20, 10.7500, 10.9200, 10.6000, 10.6000, 25231
2015-01-21, 10.6500, 10.6500, 10.1800, 10.4000, 21748
2015-01-22, 10.6400, 10.9220, 10.3100, 10.4700, 64714
2015-01-23, 10.5900, 10.9500, 10.4500, 10.6200, 73959
2015-01-26, 10.7400, 11.1700, 10.7092, 10.8300, 51167
2015-01-27, 10.7800, 10.9700, 10.7700, 10.8900, 10935
2015-01-28, 10.8310, 10.9800, 10.7900, 10.8001, 20423
2015-01-29, 10.8200, 11.0000, 10.5700, 10.6800, 17481
2015-01-30, 10.5600, 10.7255, 10.3900, 10.4500, 55233
2015-02-02, 10.4500, 10.7100, 10.2600, 10.5600, 45532
2015-02-03, 10.6900, 10.7900, 10.5200, 10.5900, 14136
2015-02-04, 10.5900, 10.8000, 10.5900, 10.6800, 20543
2015-02-05, 10.6800, 10.7500, 10.5900, 10.6000, 14910
2015-02-06, 10.6200, 10.8500, 10.6200, 10.6600, 40331
2015-02-09, 10.6400, 10.9199, 10.6000, 10.6000, 12074
2015-02-10, 10.6600, 10.7040, 10.4200, 10.5900, 21950
2015-02-11, 10.5600, 10.7900, 10.5100, 10.5500, 46490
2015-02-12, 10.6500, 10.6500, 10.5000, 10.5000, 61124
2015-02-13, 10.5500, 10.7500, 10.5000, 10.6800, 59526
2015-02-17, 10.6800, 10.7900, 10.5700, 10.5700, 61200
2015-02-18, 10.5800, 10.6765, 10.5800, 10.6300, 20253
2015-02-19, 10.6300, 10.6876, 10.5700, 10.5700, 23356
2015-02-20, 10.5700, 10.7000, 10.5100, 10.6000, 67346
2015-02-23, 10.6300, 10.9190, 10.5500, 10.8600, 41158
2015-02-24, 10.9100, 11.1390, 10.6700, 10.8700, 68846
2015-02-25, 10.9564, 11.4600, 10.9564, 11.4600, 34872
2015-02-26, 11.5000, 11.6800, 11.3200, 11.4800, 33735
2015-02-27, 11.6100, 12.1000, 11.5500, 11.9100, 49897
2015-03-02, 11.8700, 11.9200, 11.6100, 11.7400, 27838
2015-03-03, 11.7400, 11.7780, 11.5000, 11.5100, 26173
2015-03-04, 11.5000, 11.5700, 11.0200, 11.2000, 32268
2015-03-05, 11.1900, 11.7600, 11.1000, 11.2600, 37431
2015-03-06, 11.1700, 11.4500, 10.9903, 11.2200, 45489
2015-03-09, 11.2500, 11.4000, 11.1923, 11.2600, 13429
2015-03-10, 11.2300, 11.3500, 10.9100, 10.9300, 12423
2015-03-11, 10.9400, 11.1400, 10.7400, 11.1400, 10295
2015-03-12, 11.0100, 11.2800, 10.9950, 11.1600, 16613
2015-03-13, 11.2702, 11.3400, 11.1500, 11.3400, 10226
2015-03-16, 11.2900, 11.3500, 11.2400, 11.3100, 10406
2015-03-17, 11.2900, 11.4200, 11.2000, 11.3700, 12979
2015-03-18, 11.3800, 11.6952, 11.2005, 11.4500, 22441
2015-03-19, 11.4200, 11.6800, 11.3330, 11.5500, 21277
2015-03-20, 11.7299, 11.7500, 11.6000, 11.7500, 17181
2015-03-23, 11.6300, 12.2300, 11.6300, 12.0900, 48918
2015-03-24, 12.0900, 12.2600, 12.0900, 12.2000, 32265
2015-03-25, 12.2000, 12.2799, 11.8500, 11.8900, 31102
2015-03-26, 11.8500, 12.0800, 11.8500, 12.0200, 21592
2015-03-27, 11.9800, 12.0600, 11.9800, 11.9800, 9638
2015-03-30, 12.2300, 12.2800, 11.9800, 12.0100, 21298
2015-03-31, 12.1000, 12.2200, 12.0080, 12.0500, 19217
2015-04-01, 12.0400, 12.2900, 12.0400, 12.1900, 15678
2015-04-02, 12.2400, 12.2900, 12.0000, 12.1000, 22044
2015-04-06, 12.1000, 12.2700, 12.0000, 12.1300, 21906
2015-04-07, 12.0400, 12.1800, 12.0300, 12.0600, 13296
2015-04-08, 12.1330, 12.1330, 12.0100, 12.1100, 16322
2015-04-09, 12.0700, 12.2800, 12.0700, 12.2300, 34147
2015-04-10, 12.2200, 12.2200, 12.0617, 12.1600, 22780
2015-04-13, 12.2400, 12.2400, 12.0100, 12.1600, 24435
2015-04-14, 12.2000, 12.2500, 12.1000, 12.1900, 12431
2015-04-15, 12.2500, 12.3000, 12.1800, 12.2910, 85863
2015-04-16, 12.2900, 12.3900, 12.1700, 12.2700, 21859
2015-04-17, 12.2800, 12.3500, 12.1700, 12.1968, 13656
2015-04-20, 12.2500, 12.3800, 12.2500, 12.3000, 25415
2015-04-21, 12.3000, 12.3269, 12.2200, 12.3000, 14477
2015-04-22, 12.2900, 12.3200, 12.2155, 12.2400, 14237
2015-04-23, 12.3100, 12.3874, 12.2696, 12.3000, 17973
2015-04-24, 12.2600, 12.3500, 12.2500, 12.2800, 11025
2015-04-27, 12.3400, 12.3400, 12.2000, 12.2200, 13957
2015-04-28, 12.2000, 12.2663, 12.1300, 12.2000, 13036
2015-04-29, 12.2500, 12.2500, 12.0600, 12.2300, 15247
2015-04-30, 12.2300, 12.2500, 12.0203, 12.1200, 17127
2015-05-01, 12.1400, 12.1800, 12.0110, 12.0600, 11610
2015-05-04, 12.0400, 12.2500, 12.0050, 12.0800, 8947
2015-05-05, 12.1300, 12.1900, 11.9900, 12.1900, 17145
2015-05-06, 12.0300, 12.1800, 11.9800, 11.9800, 25037
2015-05-07, 12.0300, 12.1690, 11.7600, 11.8300, 25500
2015-05-08, 11.8000, 12.0800, 11.8000, 12.0000, 10856
2015-05-11, 11.9500, 12.1100, 11.8900, 11.8900, 13552
2015-05-12, 11.8500, 11.9800, 11.8100, 11.8100, 15323
2015-05-13, 11.0500, 11.2300, 11.0450, 11.1500, 400970
2015-05-14, 11.2400, 11.3700, 11.0800, 11.3700, 94288
2015-05-15, 11.3000, 11.3600, 11.0500, 11.2400, 67522
2015-05-18, 11.3000, 11.6700, 11.2100, 11.4000, 190317
2015-05-19, 11.4300, 11.4900, 11.2001, 11.3000, 72016
2015-05-20, 11.3300, 11.3400, 11.0000, 11.0000, 69189
2015-05-21, 11.0000, 11.1800, 11.0000, 11.0000, 43442
2015-05-22, 11.0000, 11.4000, 11.0000, 11.0600, 82752
2015-05-26, 11.0700, 11.1497, 11.0000, 11.0000, 27528
2015-05-27, 11.0300, 11.2200, 11.0000, 11.1400, 22994
2015-05-28, 11.1300, 11.1600, 11.0000, 11.1400, 57445
2015-05-29, 11.1400, 11.2400, 11.0100, 11.1800, 57939
2015-06-01, 11.1800, 11.2399, 11.0700, 11.1100, 16623
2015-06-02, 11.1500, 11.1500, 11.0000, 11.0000, 20082
2015-06-03, 11.0200, 11.1400, 11.0000, 11.1300, 57623
2015-06-04, 11.1000, 11.1900, 11.0100, 11.1900, 13696
2015-06-05, 11.1900, 11.2800, 10.8000, 11.2800, 97440
2015-06-08, 11.1900, 11.3200, 11.1750, 11.1750, 13582
2015-06-09, 11.1900, 11.3000, 11.1900, 11.2900, 16413
2015-06-10, 11.2200, 11.2300, 11.0000, 11.0100, 20547
2015-06-11, 11.0700, 11.0965, 10.9500, 11.0100, 50662
2015-06-12, 11.0100, 11.0400, 10.9300, 11.0100, 88253
2015-06-15, 11.0000, 11.1700, 10.9800, 11.0900, 22344
2015-06-16, 11.1800, 11.1800, 10.9784, 11.0100, 31156
2015-06-17, 11.0300, 11.1400, 10.9600, 10.9600, 48933
2015-06-18, 10.9700, 11.1200, 10.8400, 10.9000, 16196
2015-06-19, 10.8800, 10.9099, 10.7600, 10.8500, 54546
2015-06-22, 10.7900, 11.0242, 10.7900, 10.9600, 19976
2015-06-23, 10.9300, 10.9700, 10.8000, 10.8000, 15085
2015-06-24, 10.7600, 10.8205, 10.7600, 10.7600, 20254
2015-06-25, 10.7500, 10.7500, 10.4700, 10.5000, 35797
2015-06-26, 10.5300, 10.5800, 10.5000, 10.5800, 22381
2015-06-29, 10.5600, 10.5600, 10.2500, 10.3100, 45171
2015-06-30, 10.4200, 10.4200, 10.2600, 10.3400, 50562
2015-07-01, 10.3411, 10.4100, 10.2600, 10.3300, 52524
2015-07-02, 10.3000, 10.4800, 10.3000, 10.4600, 24898
2015-07-06, 10.4600, 10.6000, 10.3500, 10.6000, 21148
2015-07-07, 10.6000, 10.6000, 10.4800, 10.5600, 25158
2015-07-08, 10.5500, 10.5500, 10.3700, 10.4900, 28559
2015-07-09, 10.5400, 10.8800, 10.5300, 10.8500, 17888
2015-07-10, 10.8899, 11.0400, 10.8899, 10.9900, 6214
2015-07-13, 10.9900, 11.1000, 10.8400, 10.9800, 14903
2015-07-14, 10.9400, 10.9400, 10.6800, 10.7600, 18041
2015-07-15, 10.7500, 10.7800, 10.7000, 10.7200, 6326
2015-07-16, 10.7200, 10.7700, 10.7000, 10.7500, 10737
2015-07-17, 10.7500, 10.9200, 10.7500, 10.8800, 9035
2015-07-20, 10.8900, 10.8900, 10.8000, 10.8700, 9695
2015-07-21, 10.8200, 10.9000, 10.8001, 10.8400, 19838
2015-07-22, 10.7800, 10.8400, 10.7000, 10.7500, 8299
2015-07-23, 10.6801, 10.7300, 10.3300, 10.3300, 38621
2015-07-24, 10.2600, 10.4700, 9.9600, 10.0100, 66874
2015-07-27, 10.0100, 10.0100, 9.6200, 9.7500, 33795
2015-07-28, 9.7300, 9.7800, 9.5016, 9.5300, 59881
2015-07-29, 9.5500, 9.7900, 9.3200, 9.6100, 31628
2015-07-30, 9.5700, 9.8500, 9.5700, 9.7600, 17714
2015-07-31, 9.8300, 10.1200, 9.8300, 10.0300, 24917
2015-08-03, 9.9900, 10.1200, 9.6690, 9.9700, 12608
2015-08-04, 10.0400, 10.2062, 9.7500, 9.8400, 30192
2015-08-05, 9.9960, 10.1100, 9.9000, 10.0600, 34843
2015-08-06, 10.0700, 10.2100, 9.7500, 9.9500, 23452
2015-08-07, 9.9600, 9.9600, 9.7600, 9.9400, 9598
2015-08-10, 9.9200, 9.9400, 9.7600, 9.9300, 17721
2015-08-11, 9.9300, 10.1192, 9.7900, 9.9000, 11199
2015-08-12, 9.8700, 9.9600, 9.6000, 9.6800, 28070
2015-08-13, 9.7000, 9.7000, 9.6100, 9.6500, 16166
2015-08-14, 9.6400, 9.6600, 9.4200, 9.6100, 45001
2015-08-17, 9.6000, 9.7300, 9.5200, 9.5500, 14104
2015-08-18, 9.4800, 9.7000, 9.3100, 9.3950, 139848
2015-08-19, 9.4600, 9.4700, 9.2400, 9.3500, 45435
2015-08-20, 9.2900, 9.6099, 9.2900, 9.5700, 22777
2015-08-21, 9.3400, 9.5900, 9.3000, 9.5000, 25727
2015-08-24, 9.2900, 9.4300, 9.0100, 9.0100, 59905
2015-08-25, 9.2900, 9.6500, 9.1500, 9.2000, 26558
2015-08-26, 9.3000, 9.6400, 8.9600, 9.5550, 32225
2015-08-27, 9.1400, 9.6000, 9.1100, 9.3400, 51876
2015-08-28, 9.3000, 9.3900, 9.0100, 9.1600, 84858
2015-08-31, 9.2000, 9.3600, 9.0600, 9.1300, 51529
2015-09-01, 9.0400, 9.2000, 9.0000, 9.0800, 62174
2015-09-02, 9.0200, 9.3600, 9.0200, 9.1300, 29608
2015-09-03, 9.1900, 9.2890, 9.0400, 9.0400, 11865
2015-09-04, 9.0000, 9.1700, 9.0000, 9.0900, 14012
2015-09-08, 9.1500, 9.3499, 9.0500, 9.2400, 41640
2015-09-09, 9.3000, 9.4000, 9.1101, 9.3200, 20905
2015-09-10, 9.2900, 9.4000, 9.1500, 9.1500, 12816
2015-09-11, 9.1300, 9.3200, 9.1000, 9.1400, 6200
2015-09-14, 9.0800, 9.1600, 9.0300, 9.0300, 12724
2015-09-15, 9.1000, 9.1500, 9.0700, 9.0700, 15955
2015-09-16, 9.0700, 9.3200, 9.0108, 9.2600, 38163
2015-09-17, 9.2400, 9.3000, 9.1800, 9.2100, 7696
2015-09-18, 9.1400, 9.5000, 9.1400, 9.4800, 42812
2015-09-21, 9.4500, 9.4900, 9.2800, 9.2800, 16991
2015-09-22, 9.2500, 9.4800, 9.2301, 9.3100, 12790
2015-09-23, 9.3860, 9.4497, 9.2800, 9.3000, 31359
2015-09-24, 9.2500, 9.3250, 9.2100, 9.3200, 13730
2015-09-25, 9.3800, 9.3800, 9.2800, 9.2900, 17170
2015-09-28, 9.3000, 9.3000, 9.0100, 9.0400, 29262
2015-09-29, 9.0400, 9.1000, 9.0101, 9.0700, 11976
2015-09-30, 9.1800, 9.2600, 9.1403, 9.1800, 10273
2015-10-01, 9.2000, 9.3200, 9.0201, 9.3200, 23094
2015-10-02, 9.2100, 9.2700, 9.1100, 9.1100, 18377
2015-10-05, 9.2000, 9.2900, 9.1301, 9.2300, 33436
2015-10-06, 9.2400, 9.2400, 9.1012, 9.1800, 17569
2015-10-07, 9.2300, 9.2700, 9.1100, 9.1600, 13684
2015-10-08, 9.1650, 9.3200, 9.1600, 9.2800, 22725
2015-10-09, 9.3000, 9.3000, 9.1600, 9.3000, 8545
2015-10-12, 9.3900, 9.3900, 9.1600, 9.3500, 19788
2015-10-13, 9.3100, 9.3900, 9.2500, 9.3400, 10466
2015-10-14, 9.3400, 9.3420, 9.2501, 9.3300, 5703
2015-10-15, 9.2500, 9.3400, 9.1200, 9.3000, 42878
2015-10-16, 9.3590, 9.5100, 9.2700, 9.4900, 53468
2015-10-19, 9.5000, 9.5600, 9.2200, 9.4900, 52198
2015-10-20, 9.4900, 9.7100, 9.4762, 9.5350, 16700
2015-10-21, 9.6800, 9.6999, 9.5000, 9.5250, 8808
2015-10-22, 9.5100, 9.6100, 9.3901, 9.5900, 10993
2015-10-23, 9.5900, 9.5900, 9.4213, 9.4400, 9260
2015-10-26, 9.4000, 9.5200, 9.3400, 9.4000, 12989
2015-10-27, 9.3500, 9.4600, 9.2700, 9.3500, 34889
2015-10-28, 9.4200, 9.4200, 9.0700, 9.1700, 31845
2015-10-29, 9.3600, 9.3600, 9.1210, 9.2000, 12661
2015-10-30, 9.2500, 9.4100, 9.1500, 9.2000, 15177
2015-11-02, 9.2400, 9.4200, 9.1756, 9.2200, 16690
2015-11-03, 9.2200, 9.3500, 9.2200, 9.2600, 20202
2015-11-04, 9.3000, 9.5600, 9.2500, 9.4100, 55948
2015-11-05, 9.4500, 9.6101, 9.4500, 9.5200, 41390
2015-11-06, 9.5300, 9.5300, 9.4000, 9.4500, 21665
2015-11-09, 9.4200, 9.4200, 9.1600, 9.1800, 21835
2015-11-10, 9.3080, 9.3080, 9.1700, 9.2450, 14431
2015-11-11, 9.3000, 9.3100, 9.0600, 9.2400, 36488
2015-11-12, 9.1800, 9.3490, 9.1500, 9.2800, 23064
2015-11-13, 9.1800, 9.2400, 9.0200, 9.0500, 25978
2015-11-16, 9.0700, 9.0900, 8.9999, 9.0700, 40934
2015-11-17, 9.0900, 9.0900, 9.0000, 9.0500, 20705
2015-11-18, 9.0500, 9.0800, 9.0300, 9.0400, 14928
2015-11-19, 9.0700, 9.1300, 9.0600, 9.1300, 15572
2015-11-20, 9.1500, 9.2100, 9.1300, 9.1600, 41465
2015-11-23, 9.1500, 9.1800, 9.1200, 9.1600, 16260
2015-11-24, 9.1100, 9.2100, 9.1000, 9.2100, 8257
2015-11-25, 9.1600, 9.2300, 9.1010, 9.2300, 19646
2015-11-27, 9.1800, 9.3800, 9.1800, 9.3300, 9007
2015-11-30, 9.3000, 9.4200, 9.2400, 9.4100, 29132
2015-12-01, 9.3500, 9.3800, 9.2700, 9.2700, 20957
2015-12-02, 9.2600, 9.2600, 9.2100, 9.2300, 16215
2015-12-03, 9.2300, 9.3000, 9.1715, 9.2500, 19121
2015-12-04, 9.2500, 9.2500, 9.2100, 9.2200, 14911
2015-12-07, 9.2195, 9.2373, 9.1300, 9.1600, 15252
2015-12-08, 9.1300, 9.2000, 8.9300, 9.0000, 29588
2015-12-09, 9.0000, 9.1700, 9.0000, 9.1100, 19083
2015-12-10, 9.1800, 9.2000, 9.1000, 9.1300, 13161
2015-12-11, 8.5100, 8.7000, 8.3800, 8.5600, 360966
2015-12-14, 8.5000, 8.6000, 8.2000, 8.4900, 136126
2015-12-15, 8.5500, 8.5900, 8.3101, 8.5800, 96970
2015-12-16, 8.5800, 8.6300, 8.3000, 8.6300, 65575
2015-12-17, 8.6400, 8.6400, 8.3100, 8.3850, 40715
2015-12-18, 8.3500, 8.3800, 8.2000, 8.3000, 65083
2015-12-21, 8.4260, 8.4260, 8.2000, 8.2500, 32257
2015-12-22, 8.2500, 8.5000, 8.2499, 8.3100, 49114
2015-12-23, 8.3800, 8.4800, 8.3100, 8.4600, 55529
2015-12-24, 8.4200, 8.4622, 8.3600, 8.4622, 17734
2015-12-28, 8.4700, 8.7000, 8.3500, 8.6000, 124100
2015-12-29, 8.5000, 8.7000, 8.5000, 8.6100, 36355
2015-12-30, 8.5500, 8.6800, 8.5000, 8.5200, 36420
2015-12-31, 8.5500, 8.7500, 8.5000, 8.6500, 107548
2016-01-04, 8.5800, 8.7400, 8.5700, 8.5800, 27089
2016-01-05, 8.6400, 8.7100, 8.5700, 8.6600, 16457
2016-01-06, 8.5700, 8.6895, 8.5590, 8.5900, 25409
2016-01-07, 8.5000, 8.5800, 8.3700, 8.3700, 61241
2016-01-08, 8.3600, 8.4500, 8.3200, 8.3200, 27526
2016-01-11, 8.3300, 8.3800, 8.0810, 8.2000, 43114
2016-01-12, 8.2200, 8.3500, 8.1000, 8.1000, 39005
2016-01-13, 8.1000, 8.1600, 7.8500, 7.8900, 58086
2016-01-14, 7.9500, 7.9500, 7.6100, 7.8600, 51506
2016-01-15, 7.7700, 7.8600, 7.5300, 7.6000, 42503
2016-01-19, 7.7000, 7.7200, 7.4120, 7.4700, 70277
2016-01-20, 7.3900, 7.3900, 6.7200, 7.1500, 71341
2016-01-21, 7.3000, 7.4200, 7.0100, 7.0150, 47301
2016-01-22, 7.1100, 7.4800, 7.0500, 7.4400, 33016
2016-01-25, 7.4500, 7.5000, 7.2700, 7.4600, 45564
2016-01-26, 7.4500, 7.6700, 7.4300, 7.5700, 10887
2016-01-27, 7.5800, 7.7600, 7.4971, 7.6500, 21143
2016-01-28, 7.7200, 7.7200, 7.4603, 7.5700, 35951
2016-01-29, 7.6000, 7.7100, 7.3901, 7.4200, 27587
2016-02-01, 7.4300, 7.7500, 7.2780, 7.7500, 39316
2016-02-02, 7.7600, 7.8800, 7.6003, 7.7400, 27247
2016-02-03, 7.7500, 8.0300, 7.7200, 7.9800, 37326
2016-02-04, 8.0000, 8.2600, 8.0000, 8.1600, 15891
2016-02-05, 8.1800, 8.2900, 8.0200, 8.1900, 28730
2016-02-08, 8.1800, 8.2100, 7.8350, 7.9600, 28829
2016-02-09, 8.1800, 8.1900, 7.7800, 7.8300, 20800
2016-02-10, 7.7200, 7.8500, 7.6500, 7.6700, 25083
2016-02-11, 7.6100, 7.7200, 7.5000, 7.7200, 17149
2016-02-12, 7.7000, 7.8800, 7.7000, 7.7900, 10875
2016-02-16, 7.8500, 7.8900, 7.7780, 7.8550, 8535
2016-02-17, 7.8500, 7.9800, 7.8500, 7.8800, 10497
2016-02-18, 7.8275, 8.1000, 7.8100, 8.0500, 6528
2016-02-19, 8.0500, 8.4000, 8.0500, 8.3300, 45882
2016-02-22, 8.3500, 8.4000, 8.2647, 8.3900, 25347
2016-02-23, 8.4000, 8.4000, 8.0900, 8.2400, 18996
2016-02-24, 8.2500, 8.4800, 8.1400, 8.4800, 60584
2016-02-25, 8.4400, 8.4900, 8.2800, 8.4900, 66091
2016-02-26, 8.4800, 8.5000, 8.3450, 8.3700, 36200
2016-02-29, 8.4500, 8.5000, 8.3112, 8.5000, 12108
2016-03-01, 8.5000, 8.6000, 8.3701, 8.6000, 41571
2016-03-02, 8.5300, 8.6200, 8.5200, 8.6100, 38387
2016-03-03, 8.6000, 8.7900, 8.5100, 8.6500, 61591
2016-03-04, 8.6840, 8.7200, 8.6000, 8.6100, 31244
2016-03-07, 8.6000, 8.7000, 8.6000, 8.6900, 27571
2016-03-08, 8.6800, 8.7500, 8.6500, 8.7100, 28141
2016-03-09, 8.7900, 8.9000, 8.6600, 8.8100, 61003
2016-03-10, 8.8200, 8.9000, 8.6834, 8.8200, 57757
2016-03-11, 8.9400, 9.0000, 8.8000, 8.9300, 101748
2016-03-14, 8.9300, 9.0400, 8.9000, 9.0200, 44861
2016-03-15, 8.9900, 9.0400, 8.9500, 9.0100, 51619
2016-03-16, 9.0000, 9.2400, 9.0000, 9.2400, 92774
2016-03-17, 9.2300, 9.4200, 9.1600, 9.4100, 55972
2016-03-18, 9.4200, 9.4800, 9.3200, 9.4700, 73230
2016-03-21, 9.4800, 9.6800, 9.4800, 9.6800, 61390
2016-03-22, 9.6300, 9.9900, 9.6000, 9.9400, 76025
2016-03-23, 9.9100, 10.0000, 9.7000, 9.7600, 47964
2016-03-24, 9.7900, 9.8200, 9.5780, 9.8200, 37450
2016-03-28, 9.8300, 9.9000, 9.5350, 9.6900, 45958
2016-03-29, 9.7500, 9.9658, 9.6500, 9.8900, 40203
2016-03-30, 9.9500, 9.9500, 9.7400, 9.7900, 26130
2016-03-31, 9.8500, 10.1600, 9.7800, 10.0700, 57266
2016-04-01, 10.1300, 10.1300, 9.8700, 9.9300, 16767
2016-04-04, 10.0100, 10.0100, 9.8100, 9.8600, 9641
2016-04-05, 9.8500, 9.8500, 9.6700, 9.7100, 18628
2016-04-06, 9.6700, 9.8600, 9.6200, 9.7400, 44359
2016-04-07, 9.7800, 9.9996, 9.6112, 9.9800, 17822
2016-04-08, 10.1100, 10.1458, 9.8400, 9.9900, 42272
2016-04-11, 9.9900, 10.1000, 9.9000, 10.0800, 24521
2016-04-12, 9.9368, 10.0900, 9.9368, 10.0300, 24670
2016-04-13, 10.1400, 10.1400, 9.9700, 10.0600, 20605
2016-04-14, 10.0500, 10.1600, 9.9100, 10.1000, 21916
2016-04-15, 10.1400, 10.2800, 10.0300, 10.0300, 45491
2016-04-18, 10.1400, 10.3600, 10.1400, 10.3100, 27065
2016-04-19, 10.3500, 10.3600, 10.2700, 10.3400, 39896
2016-04-20, 10.3000, 10.3600, 10.1700, 10.2200, 34963
2016-04-21, 10.3100, 10.3600, 10.1300, 10.2600, 40692
2016-04-22, 10.2900, 10.3300, 10.2200, 10.3000, 15932
2016-04-25, 10.3000, 10.3000, 10.0600, 10.2800, 25310
2016-04-26, 10.2700, 10.3800, 10.2400, 10.3600, 35452
2016-04-27, 10.3800, 10.5800, 10.3300, 10.5700, 93165
2016-04-28, 10.5300, 10.6100, 10.4900, 10.4900, 34099
2016-04-29, 10.5000, 10.6078, 10.3600, 10.3700, 19640
2016-05-02, 10.4100, 10.5064, 10.2200, 10.3800, 22596
2016-05-03, 10.5000, 10.5000, 10.1700, 10.2200, 25371
2016-05-04, 10.2800, 10.3500, 9.8500, 10.0000, 53596
2016-05-05, 10.0300, 10.3000, 9.9000, 10.2900, 37588
2016-05-06, 10.2500, 10.6100, 10.2000, 10.6100, 36891
2016-05-09, 10.6000, 10.6100, 10.5600, 10.6100, 57240
2016-05-10, 10.6100, 10.6100, 10.5100, 10.5500, 18662
2016-05-11, 10.5900, 10.6100, 10.5000, 10.5600, 22319
2016-05-12, 10.6000, 10.7850, 10.5300, 10.6600, 64119
2016-05-13, 10.6500, 10.8100, 10.6000, 10.6800, 56021
2016-05-16, 10.7900, 10.9300, 10.7300, 10.8700, 53116
2016-05-17, 10.8900, 10.9300, 10.7500, 10.7800, 33127
2016-05-18, 10.7600, 10.8195, 10.4600, 10.4600, 23591
2016-05-19, 10.5400, 10.5400, 9.9500, 10.1000, 64368
2016-05-20, 10.1700, 10.2500, 10.0600, 10.2400, 26880
2016-05-23, 10.2300, 10.2400, 10.1500, 10.2400, 9783
2016-05-24, 10.2100, 10.3300, 10.1800, 10.2300, 22902
2016-05-25, 10.2300, 10.3500, 9.9701, 10.0300, 35991
2016-05-26, 10.0100, 10.1900, 10.0100, 10.1100, 11293
2016-05-27, 10.2265, 10.2265, 10.0300, 10.1300, 14847
2016-05-31, 10.2100, 10.3400, 10.1901, 10.2300, 10144
2016-06-01, 10.2500, 10.3300, 10.1700, 10.2100, 13348
2016-06-02, 10.2500, 10.2900, 10.0600, 10.1600, 25525
2016-06-03, 10.1800, 10.3700, 10.1800, 10.3700, 27200
2016-06-06, 10.3300, 10.7400, 10.3300, 10.5400, 52177
2016-06-07, 10.5400, 10.7700, 10.4600, 10.5200, 20595
2016-06-08, 10.6200, 10.7400, 10.5700, 10.7000, 16910
2016-06-09, 10.6700, 10.7400, 10.6000, 10.6600, 13107
2016-06-10, 10.5101, 10.9100, 10.5101, 10.8400, 63849
2016-06-13, 10.8100, 10.9400, 10.4600, 10.4700, 24680
2016-06-14, 10.4583, 10.4700, 10.2900, 10.3100, 15019
2016-06-15, 10.3100, 10.3400, 10.2200, 10.2800, 15633
2016-06-16, 10.3000, 10.3400, 10.0700, 10.3300, 20443
2016-06-17, 10.2800, 10.3900, 10.1800, 10.2200, 18302
2016-06-20, 10.2700, 10.4600, 10.0930, 10.3900, 15206
2016-06-21, 10.3700, 10.4799, 10.2000, 10.2600, 11057
2016-06-22, 10.3500, 10.4500, 10.2600, 10.3900, 13902
2016-06-23, 10.3900, 10.5600, 10.3215, 10.5200, 19006
2016-06-24, 10.4800, 10.7600, 10.1200, 10.7100, 52452
2016-06-27, 10.7300, 10.7300, 10.3700, 10.4900, 25576
2016-06-28, 10.5000, 10.7300, 10.4100, 10.7100, 14843
2016-06-29, 10.8200, 10.9000, 10.6200, 10.8700, 27466
2016-06-30, 10.9000, 11.1000, 10.8200, 11.0600, 45622
2016-07-01, 11.1000, 11.4600, 11.1000, 11.3000, 58839
2016-07-05, 11.3700, 11.4800, 11.3000, 11.4200, 37426
2016-07-06, 11.4500, 11.4800, 11.3100, 11.3500, 45105
2016-07-07, 11.3600, 11.3600, 11.1000, 11.2300, 24149
2016-07-08, 11.2400, 11.3000, 11.2400, 11.2700, 32079
2016-07-11, 11.2500, 11.2500, 10.8940, 11.1000, 58270
2016-07-12, 11.1000, 11.2200, 11.0300, 11.0900, 26790
2016-07-13, 11.1600, 11.2500, 11.0200, 11.0900, 41646
2016-07-14, 11.1000, 11.2076, 11.0000, 11.0100, 14599
2016-07-15, 11.0100, 11.2300, 10.9900, 11.0900, 34810
2016-07-18, 11.1500, 11.2800, 11.0936, 11.2700, 35756
2016-07-19, 11.2500, 11.4000, 11.2500, 11.3700, 31273
2016-07-20, 11.3700, 11.3700, 11.1301, 11.2200, 18962
2016-07-21, 11.2200, 11.2700, 11.1000, 11.1200, 11003
2016-07-22, 11.1500, 11.2500, 11.1200, 11.2200, 10262
2016-07-25, 11.2400, 11.2800, 11.1800, 11.2400, 18448
2016-07-26, 11.2500, 11.2500, 11.1300, 11.1800, 25124
2016-07-27, 11.1200, 11.2500, 11.0500, 11.1300, 12075
2016-07-28, 11.1600, 11.2300, 11.1300, 11.2100, 19723
2016-07-29, 11.2200, 11.5000, 11.0600, 11.4800, 41898
2016-08-01, 11.4000, 11.4800, 11.3000, 11.4600, 29980
2016-08-02, 11.4800, 11.4800, 11.3000, 11.3300, 28837
2016-08-03, 11.3000, 11.4700, 11.3000, 11.4200, 18532
2016-08-04, 11.4800, 11.4800, 11.3600, 11.3600, 8498
2016-08-05, 11.3600, 11.4600, 11.3434, 11.3800, 11256
2016-08-08, 11.3800, 11.4696, 11.3800, 11.3800, 9019
2016-08-09, 11.4000, 11.4600, 11.3700, 11.4200, 23478
2016-08-10, 11.4300, 11.4300, 11.1496, 11.2800, 24833
2016-08-11, 11.3300, 11.4900, 11.2663, 11.4600, 31073
2016-08-12, 11.4800, 11.5990, 11.4600, 11.4700, 51148
2016-08-15, 11.4200, 11.4500, 11.1800, 11.2300, 38129
2016-08-16, 11.2200, 11.3700, 11.0100, 11.0600, 38248
2016-08-17, 11.1000, 11.7500, 11.0550, 11.4700, 33897
2016-08-18, 11.4100, 11.6200, 11.2700, 11.3100, 17528
2016-08-19, 11.2000, 11.3600, 11.2000, 11.2100, 23980
2016-08-22, 11.1300, 11.1900, 10.8300, 11.0800, 172454
2016-08-23, 11.0900, 11.2200, 11.0900, 11.2200, 12307
2016-08-24, 11.2000, 11.3400, 11.0900, 11.1100, 20409
2016-08-25, 11.1700, 11.2800, 11.0500, 11.2800, 20644
2016-08-26, 11.2000, 11.3500, 11.1800, 11.2100, 21491
2016-08-29, 11.3400, 11.8100, 11.2600, 11.7400, 90482
2016-08-30, 11.7900, 11.8000, 11.7000, 11.7800, 31247
2016-08-31, 11.7500, 11.8199, 11.6300, 11.7100, 31860
2016-09-01, 11.6700, 11.6800, 11.5100, 11.6000, 18679
2016-09-02, 11.5800, 11.7499, 11.5800, 11.7300, 21432
2016-09-06, 11.7800, 12.0000, 11.7400, 11.8800, 37892
2016-09-07, 11.9200, 11.9900, 11.8600, 11.8900, 22233
2016-09-08, 11.9048, 11.9600, 11.7200, 11.7300, 16697
2016-09-09, 11.7200, 11.7500, 11.2700, 11.2700, 45663
2016-09-12, 11.2500, 11.6000, 11.1750, 11.5300, 33987
2016-09-13, 11.3800, 11.4600, 11.1600, 11.2100, 35199
2016-09-14, 11.1900, 11.3900, 11.1600, 11.1800, 17401
2016-09-15, 11.1944, 11.2500, 11.1100, 11.1900, 20531
2016-09-16, 11.1700, 11.2900, 11.0700, 11.1100, 45798
2016-09-19, 11.1600, 11.2900, 11.0800, 11.2900, 16771
2016-09-20, 11.2258, 11.4700, 11.1800, 11.3000, 19030
2016-09-21, 11.3700, 11.4275, 10.9500, 11.2500, 19135
2016-09-22, 11.2000, 11.4800, 11.2000, 11.3000, 28192
2016-09-23, 11.3000, 11.3999, 11.2200, 11.3300, 13266
2016-09-26, 11.3300, 11.4000, 11.0100, 11.1300, 60465
2016-09-27, 11.1900, 11.2000, 10.9500, 10.9700, 49222
2016-09-28, 11.0000, 11.0899, 10.7900, 10.8000, 96501
2016-09-29, 10.8000, 10.8090, 10.5400, 10.6300, 56161
2016-09-30, 10.7400, 10.8936, 10.5700, 10.5900, 26412
2016-10-03, 10.5000, 10.6216, 10.2501, 10.3500, 58020
2016-10-04, 10.3300, 10.3999, 9.9700, 10.0000, 70124
2016-10-05, 10.0000, 10.1850, 9.8500, 9.8800, 37934
2016-10-06, 9.8800, 10.1800, 9.5100, 10.1300, 84791
2016-10-07, 10.1200, 10.2800, 10.0300, 10.1200, 17337
2016-10-10, 10.1200, 10.4900, 10.1200, 10.4100, 30130
2016-10-11, 10.3600, 10.3950, 10.2000, 10.3300, 28750
2016-10-12, 10.4100, 10.5599, 10.2700, 10.3900, 20211
2016-10-13, 10.3900, 10.4400, 10.3300, 10.4000, 10169
2016-10-14, 10.4100, 10.4200, 10.1900, 10.2500, 16723
2016-10-17, 10.2000, 10.3900, 10.1647, 10.3600, 22161
2016-10-18, 10.4300, 10.7400, 10.3658, 10.6400, 32603
2016-10-19, 10.6300, 10.7000, 10.4900, 10.6800, 13331
2016-10-20, 10.7500, 10.8000, 10.7199, 10.7700, 24880
2016-10-21, 10.7900, 10.9200, 10.7400, 10.9200, 17283
2016-10-24, 10.8400, 10.8814, 10.6400, 10.6750, 19011
2016-10-25, 10.6200, 10.6800, 10.5900, 10.6700, 17625
2016-10-26, 10.6600, 10.6620, 10.4014, 10.4800, 15082
2016-10-27, 10.5000, 10.5200, 10.2300, 10.2500, 11670
2016-10-28, 10.5000, 10.5000, 10.2400, 10.3300, 10332
2016-10-31, 10.4000, 10.4800, 10.2570, 10.4800, 8664
2016-11-01, 10.4200, 10.6486, 10.2500, 10.3000, 21149
2016-11-02, 10.3600, 10.4900, 10.2600, 10.3000, 15273
2016-11-03, 10.2400, 10.3716, 10.2300, 10.2700, 14415
2016-11-04, 10.2600, 10.2600, 10.1500, 10.1500, 27180
2016-11-07, 10.1600, 10.5100, 10.0800, 10.1300, 36210
2016-11-08, 10.1700, 10.1700, 9.7000, 9.7800, 44589
2016-11-09, 9.8000, 10.4340, 9.7107, 10.1800, 22956
2016-11-10, 10.2300, 10.4400, 10.1500, 10.3500, 8545
2016-11-11, 10.3500, 10.4500, 10.3300, 10.3700, 14045
2016-11-14, 10.3500, 10.6500, 10.3414, 10.6000, 17628
2016-11-15, 10.6000, 10.8400, 10.4900, 10.6500, 36087
2016-11-16, 10.6400, 10.9390, 10.5600, 10.9300, 19194
2016-11-17, 10.9000, 11.0600, 10.8705, 11.0400, 27065
2016-11-18, 11.0000, 11.2001, 10.8900, 11.0200, 45804
2016-11-21, 11.0500, 11.1900, 10.8595, 10.9300, 8786
2016-11-22, 11.0200, 11.0965, 10.8118, 11.0800, 22508
2016-11-23, 11.0400, 11.1248, 10.9300, 11.0700, 31899
2016-11-25, 11.0900, 11.4000, 11.0800, 11.1400, 56183
2016-11-28, 11.1000, 11.1650, 11.0500, 11.1000, 35631
2016-11-29, 11.0300, 11.1100, 11.0300, 11.0400, 18782
2016-11-30, 11.0700, 11.0700, 10.7600, 10.9100, 31837
2016-12-01, 10.8700, 10.9000, 10.7600, 10.7800, 13940
2016-12-02, 10.7500, 10.7500, 10.6800, 10.7200, 36765
2016-12-05, 10.7500, 10.9100, 10.5500, 10.7400, 36582
2016-12-06, 10.7500, 10.8800, 10.6100, 10.8300, 17245
2016-12-07, 10.7500, 10.9550, 10.7500, 10.8600, 19267
2016-12-08, 10.9000, 11.0900, 10.7900, 10.9000, 18397
2016-12-09, 10.8800, 11.0100, 10.8800, 10.9800, 21365
2016-12-12, 10.9900, 11.0200, 10.7900, 10.9000, 25631
2016-12-13, 10.9000, 10.9300, 10.7900, 10.8100, 27023
2016-12-14, 10.8200, 10.8700, 10.7500, 10.7900, 13463
2016-12-15, 10.7800, 10.7860, 10.5116, 10.5300, 32942
2016-12-16, 10.6300, 11.1200, 10.3500, 10.8200, 84328
2016-12-19, 10.8300, 11.0630, 10.8300, 11.0400, 14092
2016-12-20, 10.9810, 10.9900, 10.8200, 10.8700, 15190
2016-12-21, 10.8200, 11.1400, 10.8200, 10.9100, 13406
2016-12-22, 10.8800, 11.0700, 10.8800, 11.0600, 15086
2016-12-23, 10.9800, 10.9800, 10.9101, 10.9400, 11588
2016-12-27, 10.9000, 11.1300, 10.8000, 10.9200, 36602
2016-12-28, 10.9000, 11.0800, 10.9000, 11.0700, 14493
2016-12-29, 10.9900, 11.2000, 10.8718, 11.1000, 16251
2016-12-30, 11.1300, 11.2400, 11.1001, 11.2400, 10488
2017-01-03, 11.3300, 11.3500, 11.1900, 11.2500, 14728
2017-01-04, 11.1600, 11.3700, 11.1600, 11.2900, 17341
2017-01-05, 11.3000, 11.3500, 11.0045, 11.0600, 12103
2017-01-06, 11.0400, 11.2900, 10.8500, 11.2800, 32622
2017-01-09, 11.2500, 11.2500, 10.9700, 11.1600, 19598
2017-01-10, 11.1600, 11.1700, 10.9800, 11.1500, 18974
2017-01-11, 11.1175, 11.5000, 11.0600, 11.4300, 37016
2017-01-12, 11.4400, 11.5600, 11.2304, 11.5500, 33918
2017-01-13, 11.5727, 11.9300, 11.5558, 11.9000, 50948
2017-01-17, 11.8600, 12.0700, 11.7800, 12.0200, 68257
2017-01-18, 12.0900, 12.0900, 11.8800, 12.0300, 28877
2017-01-19, 12.0100, 12.0300, 11.9229, 11.9800, 22054
2017-01-20, 11.9700, 12.0800, 11.9425, 11.9800, 13596
2017-01-23, 12.0200, 12.0890, 11.8300, 11.9800, 26591
2017-01-24, 11.9700, 12.0300, 11.8529, 11.9500, 24713
2017-01-25, 12.0000, 12.0800, 11.9600, 11.9700, 11988
2017-01-26, 12.0100, 12.0900, 12.0001, 12.0300, 14990
2017-01-27, 12.0700, 12.1000, 11.8200, 11.9500, 34352
2017-01-30, 11.8400, 12.0100, 11.8000, 11.9400, 18201
2017-01-31, 11.9500, 12.0800, 11.9256, 12.0600, 11126
2017-02-01, 12.1000, 12.2800, 12.0820, 12.2600, 38830
2017-02-02, 12.2800, 12.2800, 12.1700, 12.2300, 37750
2017-02-03, 12.2800, 12.3400, 12.1700, 12.2200, 24608
2017-02-06, 12.2200, 12.3200, 12.0600, 12.1800, 25347
2017-02-07, 12.1900, 12.3200, 12.1024, 12.2550, 17135
2017-02-08, 12.2600, 12.2650, 12.1200, 12.2300, 7290
2017-02-09, 12.3000, 12.7200, 12.1400, 12.5500, 41722
2017-02-10, 12.4700, 12.5700, 12.3400, 12.5100, 22891
2017-02-13, 12.5700, 12.8700, 12.4500, 12.6400, 41469
2017-02-14, 12.6700, 12.7030, 12.5600, 12.6700, 28899
2017-02-15, 12.6700, 12.6900, 12.1900, 12.2200, 42579
2017-02-16, 12.2000, 12.5200, 12.1580, 12.4900, 19072
2017-02-17, 12.3900, 12.5000, 12.2012, 12.2500, 28058
2017-02-21, 12.1700, 12.6200, 12.0600, 12.4900, 48724
2017-02-22, 12.5700, 12.7500, 12.5000, 12.7500, 29323
2017-02-23, 12.8300, 12.8300, 12.6200, 12.6600, 45830
2017-02-24, 12.8000, 12.8807, 12.5710, 12.8100, 39969
2017-02-27, 12.7000, 12.8600, 12.5600, 12.6500, 72570
2017-02-28, 12.7100, 12.8900, 12.6310, 12.8000, 95468
2017-03-01, 12.8600, 12.8600, 12.5500, 12.7600, 64158
2017-03-02, 12.7800, 12.8500, 12.5800, 12.5800, 24652
2017-03-03, 12.6700, 12.7000, 12.1000, 12.2300, 31384
2017-03-06, 12.1100, 12.1278, 11.8401, 11.9200, 82143
2017-03-07, 11.8000, 11.9400, 11.7200, 11.7500, 40876
2017-03-08, 11.2300, 11.2400, 10.9500, 11.0000, 549585
2017-03-09, 11.0000, 11.1300, 11.0000, 11.0300, 113614
2017-03-10, 11.0500, 11.1689, 11.0000, 11.0000, 106273
2017-03-13, 11.0800, 11.1800, 10.9500, 11.0100, 177282
2017-03-14, 11.0500, 11.0900, 10.9800, 11.0000, 88524
2017-03-15, 11.0500, 11.1500, 11.0100, 11.0500, 100671
2017-03-16, 11.0000, 11.1800, 11.0000, 11.1500, 86046
2017-03-17, 11.1500, 11.3600, 11.1500, 11.3100, 2067
2017-03-20, 11.3100, 11.3100, 11.1500, 11.2000, 379
2017-03-21, 11.2600, 11.2750, 11.0100, 11.1100, 41630
2017-03-22, 11.1000, 11.1000, 10.8277, 10.9600, 98720
2017-03-23, 10.9400, 11.3100, 10.9400, 11.2600, 37903
2017-03-24, 11.2600, 11.2600, 11.1000, 11.1200, 23968
2017-03-27, 11.1600, 11.1600, 10.9200, 11.0200, 25679
2017-03-28, 11.0100, 11.0400, 10.9100, 10.9200, 64448
2017-03-29, 10.9200, 11.0850, 10.9200, 11.0700, 49642
2017-03-30, 11.0200, 11.0800, 11.0100, 11.0600, 30489
2017-03-31, 11.1900, 11.1900, 11.0300, 11.1000, 54818
2017-04-03, 11.1600, 11.1900, 11.0700, 11.1700, 38776
2017-04-04, 11.1500, 11.3400, 11.1300, 11.2200, 42313
2017-04-05, 11.2100, 11.2100, 10.9100, 11.0600, 54943
2017-04-06, 11.0900, 11.1650, 11.0000, 11.1500, 63977
2017-04-07, 11.1000, 11.2000, 11.1000, 11.1300, 14749
2017-04-10, 11.1744, 11.1744, 11.0778, 11.1100, 15676
2017-04-11, 11.1100, 11.1800, 11.0600, 11.1300, 115187
2017-04-12, 11.1111, 11.2900, 11.1111, 11.2300, 37934
2017-04-13, 11.2900, 11.3000, 11.2000, 11.2700, 37438
2017-04-17, 11.3000, 11.3400, 11.2500, 11.2999, 43843
2017-04-18, 11.3000, 11.3400, 11.2101, 11.3000, 59851
2017-04-19, 11.2300, 11.3500, 11.2300, 11.2900, 32799
2017-04-20, 11.3400, 11.3500, 11.0000, 11.1200, 79064
2017-04-21, 11.1700, 11.2500, 11.1150, 11.2200, 24758
2017-04-24, 11.2500, 11.2500, 11.0100, 11.0300, 35359
2017-04-25, 11.0900, 11.2100, 11.0200, 11.1700, 35903
2017-04-26, 11.2300, 11.2500, 11.1100, 11.1400, 38480
2017-04-27, 11.1200, 11.3000, 11.1100, 11.2600, 34152
2017-04-28, 11.3200, 11.3200, 11.1100, 11.1300, 23663
2017-05-01, 11.2100, 11.2100, 11.0600, 11.1800, 26794
2017-05-02, 11.1800, 11.2222, 11.1300, 11.1500, 27134
2017-05-03, 11.1500, 11.1500, 11.0200, 11.0400, 24518
2017-05-04, 11.0200, 11.0500, 10.8100, 10.8800, 47164
2017-05-05, 10.9200, 11.1100, 10.8100, 11.0900, 38294
2017-05-08, 10.9800, 11.0500, 10.9100, 10.9900, 28761
2017-05-09, 10.9800, 10.9800, 10.7700, 10.7900, 41828
2017-05-10, 10.8500, 11.0640, 10.8500, 10.9400, 44377
2017-05-11, 10.9500, 11.1010, 10.8900, 11.0700, 44783
2017-05-12, 11.0600, 11.0600, 10.9000, 10.9300, 47397
2017-05-15, 10.9300, 11.1200, 10.9000, 11.0800, 34009
2017-05-16, 11.0300, 11.1000, 10.8900, 11.1000, 31176
2017-05-17, 11.0100, 11.0880, 10.8400, 10.9300, 27617
2017-05-18, 10.9500, 11.1000, 10.8864, 11.0700, 31547
2017-05-19, 11.1000, 11.2400, 11.0604, 11.1600, 26880
2017-05-22, 11.1500, 11.3000, 11.1500, 11.2900, 43590
2017-05-23, 11.3000, 11.3000, 11.1800, 11.2600, 41219
2017-05-24, 11.2469, 11.3100, 11.2198, 11.2900, 27949
2017-05-25, 11.3000, 11.3490, 11.2200, 11.2700, 33478
2017-05-26, 11.2600, 11.3000, 11.0650, 11.2200, 37389
2017-05-30, 11.3400, 11.3400, 11.1800, 11.2700, 27611
2017-05-31, 11.3300, 11.3300, 11.1380, 11.2200, 20941
2017-06-01, 11.2000, 11.3200, 11.1600, 11.2700, 18598
2017-06-02, 11.2600, 11.3500, 11.2600, 11.2800, 19466
2017-06-05, 11.3500, 11.3500, 11.1600, 11.3100, 29598
2017-06-06, 11.2500, 11.3502, 11.2500, 11.2700, 28616
2017-06-07, 11.3400, 11.3500, 11.2910, 11.3000, 15798
2017-06-08, 11.3500, 11.3500, 11.2621, 11.3100, 20510
2017-06-09, 11.2900, 11.3000, 11.1000, 11.1500, 43312
2017-06-12, 11.2000, 11.3500, 11.1500, 11.3500, 25425
2017-06-13, 11.3500, 11.3500, 11.2100, 11.3400, 22736
2017-06-14, 11.3500, 11.4000, 11.2700, 11.3400, 47493
2017-06-15, 11.3500, 11.3985, 11.2500, 11.3500, 47443
2017-06-16, 11.3700, 11.3900, 11.2500, 11.2700, 55952
2017-06-19, 11.1000, 11.2990, 11.1000, 11.1900, 30938
2017-06-20, 11.1500, 11.3590, 11.1500, 11.2900, 37927
2017-06-21, 11.2900, 11.3500, 11.2100, 11.2500, 27299
2017-06-22, 11.2900, 11.4000, 11.2200, 11.3800, 44448
2017-06-23, 11.3700, 11.3900, 11.3440, 11.3900, 55253
2017-06-26, 11.3900, 11.5500, 11.3900, 11.5486, 58293
2017-06-27, 11.5500, 11.5800, 11.3300, 11.4100, 41601
2017-06-28, 11.4300, 11.5800, 11.2700, 11.2800, 54129
2017-06-29, 11.3100, 11.5200, 11.2600, 11.5200, 54816
2017-06-30, 11.5200, 11.7790, 11.4600, 11.6700, 62943
2017-07-03, 11.8100, 11.9844, 11.6801, 11.8400, 41316
2017-07-05, 11.8800, 11.8800, 11.5500, 11.6500, 42190
2017-07-06, 11.6800, 11.6800, 11.3500, 11.3800, 39470
2017-07-07, 11.4000, 11.5300, 11.2637, 11.5300, 22838
2017-07-10, 11.5200, 11.7400, 11.3000, 11.4300, 45055
2017-07-11, 11.4500, 11.5638, 11.3250, 11.4200, 35594
2017-07-12, 11.4900, 11.6644, 11.4500, 11.5000, 31056
2017-07-13, 11.5000, 11.5939, 11.4500, 11.5700, 24419
2017-07-14, 11.5300, 11.6100, 11.5000, 11.5200, 34012
2017-07-17, 11.5700, 11.7000, 11.5670, 11.6800, 21583
2017-07-18, 11.7000, 11.8650, 11.6660, 11.7800, 44007
2017-07-19, 11.7900, 11.7900, 11.7000, 11.7200, 39695
2017-07-20, 11.7400, 11.7799, 11.6300, 11.7200, 43052
2017-07-21, 11.7500, 11.7500, 11.6600, 11.7000, 25889
2017-07-24, 11.7600, 11.8087, 11.6800, 11.7300, 87590
2017-07-25, 11.7900, 11.7900, 11.6800, 11.6800, 46344
2017-07-26, 11.6900, 11.9900, 11.6900, 11.9900, 67295
2017-07-27, 11.9600, 12.1400, 11.8500, 12.0100, 49836
2017-07-28, 11.9400, 12.1300, 11.9100, 11.9900, 24312
2017-07-31, 12.0500, 12.1000, 11.9100, 12.0900, 34207
2017-08-01, 12.1000, 12.1000, 11.9218, 12.0500, 97509
2017-08-02, 12.0200, 12.0490, 11.9400, 11.9900, 12902
2017-08-03, 11.9800, 12.0700, 11.8800, 11.8800, 25454
2017-08-04, 11.8800, 11.9000, 11.7504, 11.9000, 41228
2017-08-07, 13.0000, 14.0900, 12.5310, 12.8500, 529500
2017-08-08, 13.0000, 13.1000, 12.6500, 12.8000, 247189
2017-08-09, 13.9900, 13.9900, 12.6900, 13.1600, 232778
2017-08-10, 13.3000, 13.8900, 13.0000, 13.2500, 169052
2017-08-11, 13.5000, 13.6421, 13.2100, 13.5500, 144368
2017-08-14, 13.7000, 13.8100, 13.5200, 13.8100, 167358
2017-08-15, 13.8100, 13.8500, 13.5000, 13.6000, 95175
2017-08-16, 13.6500, 13.7500, 13.5600, 13.6800, 79025
2017-08-17, 13.7000, 13.7900, 13.4500, 13.4700, 77627
2017-08-18, 13.4700, 13.7100, 13.2600, 13.5900, 105181
2017-08-21, 13.5900, 13.6000, 13.2200, 13.4000, 70984
2017-08-22, 13.4600, 13.5300, 13.2543, 13.3300, 36789
2017-08-23, 13.2900, 13.4800, 13.2505, 13.3900, 74816
2017-08-24, 13.4100, 13.5000, 13.3143, 13.4800, 38253
2017-08-25, 13.4800, 13.5500, 13.4700, 13.5000, 54227
2017-08-28, 13.4800, 13.6500, 13.3300, 13.6000, 42744
2017-08-29, 13.6200, 13.8199, 13.3400, 13.5900, 60055
2017-08-30, 13.6300, 13.9400, 13.6000, 13.8100, 67664
2017-08-31, 13.8500, 13.9900, 13.8500, 13.9200, 58540
2017-09-01, 13.9400, 13.9400, 13.3200, 13.5400, 95025
2017-09-05, 13.5400, 13.5600, 13.0200, 13.0700, 120669
2017-09-06, 13.0200, 13.2150, 13.0200, 13.0500, 65162
2017-09-07, 13.0500, 13.2800, 12.8100, 12.8400, 79508
2017-09-08, 12.2800, 12.5000, 12.1000, 12.4000, 906188
2017-09-11, 12.5000, 12.8000, 12.4450, 12.7800, 219102
2017-09-12, 12.7000, 12.7900, 12.4956, 12.6500, 297461
2017-09-13, 12.6900, 12.7800, 12.6384, 12.7500, 111529
2017-09-14, 12.7000, 12.7700, 12.6647, 12.7600, 117878
2017-09-15, 12.7800, 12.8000, 12.6700, 12.7900, 146946
2017-09-18, 12.8000, 13.4600, 12.8000, 13.3400, 183213
2017-09-19, 13.3500, 13.5900, 13.2310, 13.5500, 123271
2017-09-20, 13.5800, 13.6200, 13.2200, 13.3000, 76304
2017-09-21, 13.2800, 13.4100, 13.0900, 13.2400, 86808
2017-09-22, 13.2500, 13.5000, 13.1550, 13.3400, 88446
2017-09-25, 13.3700, 13.5300, 13.2500, 13.3600, 67416
2017-09-26, 13.3700, 13.4523, 13.3200, 13.4200, 53657
2017-09-27, 13.4200, 13.5800, 13.3601, 13.5600, 83929
2017-09-28, 13.6000, 13.6900, 13.5000, 13.6900, 47251
2017-09-29, 13.7500, 13.8000, 13.5000, 13.6200, 49993
2017-10-02, 13.6000, 13.7100, 13.5800, 13.5900, 34051
2017-10-03, 13.5400, 13.5999, 13.4500, 13.5700, 35189
2017-10-04, 13.6000, 13.6600, 13.4600, 13.5700, 30526
2017-10-05, 13.6200, 13.6900, 13.5500, 13.6200, 43459
2017-10-06, 13.6200, 13.7000, 13.5280, 13.6900, 158581
2017-10-09, 13.7300, 13.7800, 13.6000, 13.6100, 83280
2017-10-10, 13.6300, 13.7300, 13.5800, 13.6300, 129725
2017-10-11, 13.6380, 13.7500, 13.6380, 13.6800, 41521
2017-10-12, 13.7500, 13.8300, 13.6500, 13.7000, 71956
2017-10-13, 13.7800, 13.8000, 13.5500, 13.7700, 45809
2017-10-16, 13.8400, 13.9900, 13.7780, 13.9900, 39831
2017-10-17, 13.9900, 14.1500, 13.8508, 14.0900, 55041
2017-10-18, 14.1000, 14.2900, 14.0500, 14.0900, 94199
2017-10-19, 14.0500, 14.0843, 13.6900, 13.8600, 90608
2017-10-20, 13.8900, 13.9280, 13.6600, 13.7100, 23759
2017-10-23, 13.7000, 13.8300, 13.5000, 13.7100, 42408
2017-10-24, 13.7200, 13.7301, 13.4300, 13.4500, 39124
2017-10-25, 13.4600, 13.5187, 13.1000, 13.2400, 58597
2017-10-26, 13.3100, 13.3800, 13.1191, 13.2700, 73999
2017-10-27, 13.2800, 13.3919, 13.2600, 13.2900, 25994
2017-10-30, 13.3800, 13.5569, 13.2401, 13.3300, 89782
2017-10-31, 13.4600, 13.4600, 13.0101, 13.2300, 59724
2017-11-01, 13.2100, 13.2718, 13.0200, 13.1000, 36287
2017-11-02, 13.0900, 13.8000, 13.0900, 13.7500, 97943
2017-11-03, 13.7500, 13.7873, 13.6000, 13.6400, 26664
2017-11-06, 13.7300, 13.7900, 13.5900, 13.7700, 28538
2017-11-07, 13.9000, 13.9400, 13.6500, 13.9200, 36242
2017-11-08, 13.9500, 13.9500, 13.5100, 13.7000, 142775
2017-11-09, 13.5900, 13.9000, 13.5900, 13.7600, 34562
2017-11-10, 13.7700, 13.7720, 13.6850, 13.7100, 31112
2017-11-13, 13.7100, 13.7800, 13.6800, 13.7200, 58353
2017-11-14, 13.7200, 13.9800, 13.6000, 13.7700, 65476
2017-11-15, 13.8400, 13.8400, 13.7000, 13.7700, 51337
2017-11-16, 13.8500, 13.8500, 13.6500, 13.7300, 47089
2017-11-17, 13.6500, 13.6500, 13.3610, 13.4400, 57985
2017-11-20, 13.4500, 13.4500, 13.2933, 13.3800, 40844
2017-11-21, 13.5000, 13.5382, 13.3900, 13.5000, 37329
2017-11-22, 13.4900, 13.5300, 13.4000, 13.4500, 35343
2017-11-24, 13.5000, 13.5500, 13.4000, 13.4100, 39081
2017-11-27, 13.4100, 13.7400, 13.4100, 13.6000, 49685
2017-11-28, 13.6100, 13.7400, 13.5200, 13.6400, 37838
2017-11-29, 13.6500, 13.6545, 13.4597, 13.4600, 26190
2017-11-30, 13.5200, 13.5558, 13.3601, 13.4000, 38251
2017-12-01, 13.4000, 13.6150, 13.2450, 13.5000, 49896
2017-12-04, 13.5200, 13.6400, 13.4200, 13.4700, 38519
2017-12-05, 13.4600, 13.5500, 13.3400, 13.4300, 31135
2017-12-06, 13.4300, 13.4500, 13.2100, 13.4000, 52551
2017-12-07, 13.4000, 13.5300, 13.3300, 13.4000, 23282
2017-12-08, 13.4100, 13.5000, 13.3600, 13.4900, 26309
2017-12-11, 13.4600, 13.4800, 13.3300, 13.4500, 27022
2017-12-12, 13.4400, 13.5800, 13.3901, 13.5800, 45585
2017-12-13, 13.5000, 13.5700, 13.3300, 13.3300, 38295
2017-12-14, 13.4000, 13.4650, 13.2100, 13.2100, 68585
2017-12-15, 13.2900, 13.2950, 13.0700, 13.1100, 110122
2017-12-18, 13.1100, 13.3400, 13.0100, 13.0100, 57979
2017-12-19, 13.0000, 13.2600, 12.9800, 12.9800, 79491
2017-12-20, 13.0600, 13.1900, 12.9742, 13.0700, 52037
2017-12-21, 13.1400, 13.3486, 13.1340, 13.2000, 30912
2017-12-22, 13.2100, 13.3300, 13.0335, 13.2700, 27595
2017-12-26, 13.3000, 13.5200, 13.2610, 13.5200, 29763
2017-12-27, 13.5400, 13.5650, 13.3400, 13.4400, 32888
2017-12-28, 13.5100, 13.5500, 13.4100, 13.4500, 13941
2017-12-29, 13.5100, 13.5460, 13.3739, 13.4300, 21215
2018-01-02, 13.4300, 13.6700, 13.3900, 13.5900, 53332
2018-01-03, 13.6100, 13.7940, 13.4800, 13.5800, 57189
2018-01-04, 13.5500, 13.6800, 13.4900, 13.5900, 47202
2018-01-05, 13.5900, 13.6090, 13.5100, 13.5700, 30104
2018-01-08, 13.5800, 13.8000, 13.5330, 13.7700, 45022
2018-01-09, 13.9000, 13.9500, 13.8000, 13.9000, 68043
2018-01-10, 13.9000, 13.9000, 13.6425, 13.7700, 53705
2018-01-11, 13.7800, 13.9270, 13.5500, 13.5600, 63431
2018-01-12, 13.6000, 13.6000, 13.3600, 13.3900, 57457
2018-01-16, 13.4400, 13.6000, 13.3600, 13.3600, 43451
2018-01-17, 13.3500, 13.4300, 13.1000, 13.1200, 74025
2018-01-18, 13.2000, 13.3200, 13.0300, 13.2200, 74968
2018-01-19, 13.1900, 13.1900, 12.9800, 12.9800, 54842
2018-01-22, 12.9800, 13.0799, 12.9600, 12.9800, 45526
2018-01-23, 12.9200, 13.1900, 12.9200, 13.1100, 56404
2018-01-24, 13.1500, 13.4400, 13.1500, 13.4100, 82389
2018-01-25, 13.4100, 13.4500, 13.2200, 13.2800, 39934
2018-01-26, 13.2800, 13.3002, 12.9900, 13.0700, 75888
2018-01-29, 13.0300, 13.1000, 12.9200, 12.9500, 104483
2018-01-30, 12.9000, 12.9056, 12.1800, 12.2900, 191662
2018-01-31, 12.3600, 12.8300, 12.3500, 12.7300, 73477
2018-02-01, 12.7200, 12.8968, 12.3000, 12.3300, 49740
2018-02-02, 12.2500, 12.2500, 12.1300, 12.1600, 69404
2018-02-05, 12.1300, 12.5000, 11.8900, 11.8900, 166453
2018-02-06, 11.8800, 12.2500, 11.8800, 11.9800, 150207
2018-02-07, 12.0100, 12.2000, 11.8800, 11.9000, 109256
2018-02-08, 11.9600, 12.1800, 11.7000, 11.7400, 142589
2018-02-09, 11.7500, 12.1800, 11.7300, 12.1000, 103264
2018-02-12, 12.2000, 12.2899, 12.0400, 12.1800, 68924
2018-02-13, 12.1900, 12.2500, 12.1073, 12.1900, 31498
2018-02-14, 12.1600, 12.3200, 12.0140, 12.2200, 55634
2018-02-15, 12.2500, 12.2500, 12.0489, 12.1600, 48767
2018-02-16, 12.1400, 12.5900, 12.1400, 12.5100, 66941
2018-02-20, 12.5200, 12.6130, 12.2500, 12.3600, 138603
2018-02-21, 12.7500, 12.7500, 12.1100, 12.3900, 123475
2018-02-22, 12.2800, 12.4500, 12.1800, 12.2900, 72211
2018-02-23, 12.2500, 12.9400, 12.2000, 12.7900, 94504
2018-02-26, 12.7600, 12.9900, 12.7500, 12.9800, 50014
2018-02-27, 12.9300, 12.9800, 12.5400, 12.5900, 100670
2018-02-28, 12.6800, 12.8700, 12.3700, 12.4600, 93426
2018-03-01, 12.4500, 12.8500, 12.2800, 12.3900, 57496
2018-03-02, 12.3600, 12.5320, 12.1810, 12.4700, 32874
2018-03-05, 12.3900, 12.6908, 12.3900, 12.4300, 41616
2018-03-06, 12.4300, 12.7291, 12.2400, 12.6400, 58359
2018-03-07, 12.5700, 12.9300, 12.5700, 12.9000, 34137
2018-03-08, 12.8200, 13.2200, 12.8200, 13.1400, 81078
2018-03-09, 13.0700, 13.0700, 12.9200, 13.0200, 131390
2018-03-12, 13.1200, 13.2500, 13.0300, 13.1100, 68114
2018-03-13, 12.9900, 13.1700, 12.9900, 13.1100, 49494
2018-03-14, 12.9600, 13.2000, 12.9600, 13.0900, 33061
2018-03-15, 13.0300, 13.0975, 12.8800, 12.9600, 34116
2018-03-16, 12.8700, 13.0200, 12.8300, 12.9600, 37615
2018-03-19, 12.9400, 12.9600, 12.7300, 12.8800, 31808
2018-03-20, 12.8800, 13.0300, 12.8000, 12.8700, 33191
2018-03-21, 12.8200, 13.1204, 12.8200, 13.0300, 45671
2018-03-22, 12.9000, 13.2200, 12.8900, 12.8900, 76600
2018-03-23, 12.8800, 13.0400, 12.6100, 12.7800, 75469
2018-03-26, 12.7500, 12.9200, 12.6000, 12.7000, 108065
2018-03-27, 12.0100, 12.2800, 11.7000, 12.1600, 880645
2018-03-28, 12.1600, 12.2000, 12.0700, 12.0800, 132797
2018-03-29, 12.1400, 12.2500, 12.0700, 12.0800, 170702
2018-04-02, 12.0500, 12.3910, 12.0500, 12.1800, 142700
2018-04-03, 12.2700, 12.3200, 12.2000, 12.2600, 285502
2018-04-04, 12.1400, 12.3100, 12.1400, 12.2900, 122548
2018-04-05, 12.3000, 12.4800, 12.2158, 12.4800, 110581
2018-04-06, 12.4100, 12.8100, 12.4100, 12.7800, 76814
2018-04-09, 12.8000, 13.1200, 12.7100, 12.8700, 68472
2018-04-10, 12.9700, 12.9700, 12.6500, 12.6600, 36644
2018-04-11, 12.6400, 12.7277, 12.5500, 12.6700, 35854
2018-04-12, 12.7100, 12.7100, 12.3300, 12.4100, 72327
2018-04-13, 12.4900, 12.6300, 12.3600, 12.5900, 107972
2018-04-16, 12.6300, 12.7890, 12.5000, 12.5200, 60767
2018-04-17, 12.5100, 12.8100, 12.5000, 12.7500, 67001
2018-04-18, 12.8500, 12.8500, 12.6900, 12.7600, 42952
2018-04-19, 12.6100, 12.7070, 12.4100, 12.5300, 28143
2018-04-20, 12.6000, 12.6550, 12.3500, 12.4100, 27842
2018-04-23, 12.4200, 12.4900, 12.1600, 12.4000, 59798
2018-04-24, 12.4400, 12.5000, 12.1800, 12.2400, 57549
2018-04-25, 12.2000, 12.3699, 12.2000, 12.2600, 33373
2018-04-26, 12.2900, 12.4400, 12.2650, 12.3300, 60174
2018-04-27, 12.3200, 12.6800, 12.3200, 12.6700, 47431
2018-04-30, 12.7000, 12.7700, 12.5800, 12.6000, 24124
2018-05-01, 12.5900, 12.6400, 12.4500, 12.6000, 32723
2018-05-02, 12.6100, 12.7000, 12.4300, 12.5400, 39332
2018-05-03, 12.5000, 12.6167, 12.4650, 12.5000, 24701
2018-05-04, 12.5000, 12.6300, 12.5000, 12.5800, 25113
2018-05-07, 12.5800, 12.7500, 12.5500, 12.5800, 42593
2018-05-08, 12.6200, 12.7600, 12.4700, 12.6900, 47858
2018-05-09, 12.3500, 12.6900, 12.3100, 12.6500, 38022
2018-05-10, 12.7400, 12.8400, 12.6000, 12.7800, 82685
2018-05-11, 12.7800, 12.9500, 12.7000, 12.7800, 58963
2018-05-14, 12.7700, 12.7800, 12.5200, 12.6300, 55399
2018-05-15, 12.6200, 13.1500, 12.5000, 13.0900, 165501
2018-05-16, 13.1000, 13.1250, 12.6500, 12.6900, 55751
2018-05-17, 12.8200, 12.8900, 12.7100, 12.7800, 38770
2018-05-18, 12.8500, 12.9800, 12.7000, 12.7200, 39247
2018-05-21, 12.8000, 12.9000, 12.7000, 12.7800, 115704
2018-05-22, 12.7800, 12.7800, 12.6500, 12.6800, 68824
2018-05-23, 12.7100, 12.7900, 12.7100, 12.7700, 49392
2018-05-24, 12.7800, 12.7800, 12.7300, 12.7400, 59823
2018-05-25, 12.7300, 12.7800, 12.6950, 12.7600, 47524
2018-05-29, 12.7700, 12.9800, 12.7491, 12.9300, 89895
2018-05-30, 12.9500, 13.0100, 12.9000, 12.9600, 73619
2018-05-31, 12.9600, 13.0000, 12.7500, 12.7600, 44697
2018-06-01, 12.8000, 12.9000, 12.7150, 12.7600, 60412
2018-06-04, 12.6900, 12.8200, 12.6900, 12.7500, 71408
2018-06-05, 12.7600, 12.8900, 12.7400, 12.8700, 49457
2018-06-06, 12.8500, 12.9000, 12.8200, 12.8600, 42043
2018-06-07, 12.8700, 12.9000, 12.8000, 12.8400, 38374
2018-06-08, 12.8400, 12.8700, 12.6000, 12.7200, 62480
2018-06-11, 12.7600, 12.8000, 12.5100, 12.6800, 158718
2018-06-12, 12.6200, 12.7711, 12.5700, 12.7500, 39920
2018-06-13, 12.7700, 12.8000, 12.5300, 12.6900, 321840
2018-06-14, 12.6500, 12.7700, 12.5600, 12.7500, 177707
2018-06-15, 12.7500, 12.8500, 12.6300, 12.7300, 108308
2018-06-18, 12.7500, 12.7900, 12.5000, 12.7600, 101821
2018-06-19, 12.7200, 12.8200, 12.6600, 12.7700, 163887
2018-06-20, 12.7700, 12.8400, 12.6900, 12.7500, 123614
2018-06-21, 12.7200, 12.7800, 12.4000, 12.4900, 221413
2018-06-22, 12.5000, 12.7500, 12.3600, 12.7300, 1461987
2018-06-25, 12.5700, 12.7500, 12.5300, 12.6600, 113596
2018-06-26, 12.6900, 12.8100, 12.6200, 12.7500, 129463
2018-06-27, 12.7200, 12.7500, 12.6200, 12.6800, 70290
2018-06-28, 12.6100, 12.7300, 12.6100, 12.6800, 60470
2018-06-29, 12.6500, 12.7200, 12.5600, 12.6700, 50808
2018-07-02, 12.6400, 12.6600, 12.4100, 12.5300, 48393
2018-07-03, 12.5000, 12.7500, 12.4000, 12.6300, 64507
2018-07-05, 12.5900, 12.6900, 12.4400, 12.6700, 59604
2018-07-06, 12.7300, 12.7300, 12.5400, 12.6000, 68367
2018-07-09, 12.6000, 12.6300, 12.4400, 12.4600, 63843
2018-07-10, 12.4300, 12.4600, 12.2100, 12.3900, 78400
2018-07-11, 12.3500, 12.3500, 12.1200, 12.1600, 130784
2018-07-12, 12.1600, 12.2100, 12.0300, 12.1200, 85147
2018-07-13, 12.1700, 12.2900, 12.0300, 12.0350, 45006
2018-07-16, 12.0700, 12.0850, 11.5500, 11.8900, 188760
2018-07-17, 11.9100, 12.0000, 11.7600, 11.7900, 91988
2018-07-18, 11.7700, 11.7700, 11.4000, 11.5400, 252839
2018-07-19, 11.5000, 11.7700, 11.4900, 11.6800, 126986
2018-07-20, 11.6200, 11.7100, 11.4300, 11.4800, 201864
2018-07-23, 11.5200, 11.5600, 11.3600, 11.4900, 147169
2018-07-24, 11.5800, 11.7700, 11.5000, 11.6100, 80556
2018-07-25, 11.6100, 11.7300, 11.6000, 11.6500, 64185
2018-07-26, 11.7400, 11.8900, 11.6400, 11.6900, 90113
2018-07-27, 11.7400, 12.2600, 11.5600, 11.5900, 118865
2018-07-30, 11.6100, 11.8600, 11.5900, 11.7100, 83014
2018-07-31, 11.7800, 11.9999, 11.7800, 11.8800, 78643
2018-08-01, 11.8800, 11.8800, 11.6910, 11.8100, 55537
2018-08-02, 11.8000, 11.9500, 11.8000, 11.8800, 103385
2018-08-03, 11.8700, 11.9700, 11.7350, 11.8100, 101761
2018-08-06, 12.2000, 13.1300, 12.1715, 12.9000, 576444
2018-08-07, 13.0300, 13.0300, 12.7010, 12.9100, 245651
2018-08-08, 12.9000, 12.9500, 12.7700, 12.8100, 137956
2018-08-09, 12.8200, 12.8735, 12.3500, 12.4000, 251282
2018-08-10, 12.3700, 12.5700, 12.3400, 12.5200, 86285
2018-08-13, 12.7200, 12.9100, 12.6500, 12.8900, 121646
2018-08-14, 12.9500, 13.0500, 12.9000, 13.0400, 118585
2018-08-15, 13.0500, 13.3000, 12.8700, 12.9400, 149007
2018-08-16, 12.9900, 13.1300, 12.8600, 13.1100, 78986
2018-08-17, 13.1300, 13.2500, 13.0708, 13.2200, 74894
2018-08-20, 13.2200, 13.2733, 13.1400, 13.1900, 75118
2018-08-21, 13.1700, 13.3900, 13.1600, 13.3800, 90285
2018-08-22, 13.3900, 13.3900, 13.1500, 13.2300, 105522
2018-08-23, 13.2300, 13.3800, 13.1800, 13.2700, 104146
2018-08-24, 13.3000, 13.3900, 13.2400, 13.2800, 72362
2018-08-27, 13.3500, 13.3500, 13.2000, 13.3100, 75195
2018-08-28, 13.3100, 13.4800, 13.3000, 13.4500, 65378
2018-08-29, 13.4600, 13.5000, 13.3400, 13.4300, 62915
2018-08-30, 13.4300, 13.5900, 13.3900, 13.5500, 61276
2018-08-31, 13.5500, 13.8000, 13.4900, 13.7000, 71571
2018-09-04, 13.6800, 13.6900, 13.2200, 13.2600, 138091
2018-09-05, 13.2600, 13.2825, 13.1000, 13.1600, 60236
2018-09-06, 13.1900, 13.2800, 13.1300, 13.2100, 34032
2018-09-07, 13.2200, 13.2500, 13.0400, 13.1600, 272209
2018-09-10, 13.1800, 13.2600, 13.0000, 13.1000, 124997
2018-09-11, 13.1000, 13.1600, 12.9500, 13.0000, 67186
2018-09-12, 12.9700, 13.0000, 12.7500, 12.9700, 87037
2018-09-13, 12.9200, 12.9300, 12.5200, 12.6000, 102636
2018-09-14, 12.6000, 12.6400, 12.3500, 12.5800, 106723
2018-09-17, 12.5800, 12.7800, 12.5800, 12.6800, 60990
2018-09-18, 12.6900, 12.7700, 12.6600, 12.7000, 60417
2018-09-19, 12.7000, 12.7400, 12.4300, 12.4900, 118145
2018-09-20, 12.5000, 12.5650, 12.4100, 12.5000, 53008
2018-09-21, 12.4800, 12.6700, 12.3400, 12.4500, 140896
2018-09-24, 12.4500, 12.5000, 12.1500, 12.3700, 84205
2018-09-25, 12.4000, 12.4660, 12.3200, 12.3700, 45612
2018-09-26, 12.4000, 12.4352, 12.1500, 12.1700, 67174
2018-09-27, 12.1500, 12.4600, 12.1500, 12.3200, 62362
2018-09-28, 12.3300, 12.4900, 12.2200, 12.3400, 69169
2018-10-01, 12.3500, 12.4350, 12.2600, 12.3100, 56255
2018-10-02, 12.2500, 12.3500, 12.1350, 12.2700, 79403
2018-10-03, 12.2800, 12.3900, 12.1900, 12.3000, 50178
2018-10-04, 12.2700, 12.3000, 12.1000, 12.1500, 69127
2018-10-05, 12.1700, 12.1900, 12.0200, 12.0300, 66879
2018-10-08, 12.0700, 12.1500, 11.9400, 11.9700, 86799
2018-10-09, 11.9700, 12.2500, 11.9700, 12.2300, 52378
2018-10-10, 12.2400, 12.3900, 12.0901, 12.1000, 71584
2018-10-11, 12.0800, 12.1800, 11.9000, 11.9100, 70559
2018-10-12, 11.9900, 11.9900, 11.9000, 11.9400, 114657
2018-10-15, 11.9600, 12.0900, 11.9100, 12.0300, 61074
2018-10-16, 11.9800, 12.3700, 11.9700, 12.2800, 60155
2018-10-17, 12.1600, 12.3600, 12.1600, 12.2500, 39366
2018-10-18, 12.2200, 12.2200, 11.9500, 12.0900, 46788
2018-10-19, 12.0900, 12.2550, 12.0400, 12.0700, 51763
2018-10-22, 12.0700, 12.4000, 12.0700, 12.3700, 47027
2018-10-23, 12.2700, 12.3800, 12.0500, 12.3600, 53118
2018-10-24, 12.3500, 12.5700, 12.3500, 12.4600, 67021
2018-10-25, 12.4800, 12.7600, 12.4100, 12.7100, 44348
2018-10-26, 12.5800, 12.6600, 12.2947, 12.5100, 48112
2018-10-29, 12.5800, 12.6500, 12.4100, 12.5000, 59321
2018-10-30, 12.4700, 12.8700, 12.4700, 12.6100, 53091
2018-10-31, 12.7000, 12.7400, 12.4000, 12.5100, 58887
2018-11-01, 12.5600, 12.6700, 12.4500, 12.5900, 52375
2018-11-02, 12.6000, 12.6480, 12.2500, 12.4200, 62406
2018-11-05, 12.4500, 12.7863, 12.3700, 12.5900, 94752
2018-11-06, 12.6400, 12.7400, 12.4590, 12.7100, 41455
2018-11-07, 12.7800, 12.9000, 12.6800, 12.8200, 41509
2018-11-08, 12.7500, 13.2000, 12.7500, 13.0300, 74250
2018-11-09, 13.3500, 13.3500, 12.7100, 13.1000, 76945
