2014-12-11, 24.7500, 25.4400, 22.3100, 23.4300, 46538539
2014-12-12, 24.1000, 25.5500, 23.3400, 24.6900, 12908378
2014-12-15, 26.1900, 27.7900, 24.7700, 24.9700, 9919707
2014-12-16, 25.6900, 26.4500, 24.4000, 26.0000, 5321617
2014-12-17, 26.4000, 27.9800, 26.1600, 27.9000, 9229156
2014-12-18, 29.0000, 29.2900, 26.5700, 26.9400, 7799525
2014-12-19, 27.1800, 27.4500, 24.0900, 25.2100, 8437931
2014-12-22, 25.9000, 26.0000, 24.0000, 24.0600, 3382517
2014-12-23, 23.7700, 24.4100, 22.3200, 23.0800, 3887218
2014-12-24, 23.5000, 25.5000, 22.6700, 25.3200, 2662789
2014-12-26, 25.4500, 26.1500, 25.4000, 25.7400, 2599799
2014-12-29, 25.8300, 25.8800, 24.5300, 24.9800, 2011293
2014-12-30, 25.2300, 26.5000, 24.3000, 25.8300, 2437678
2014-12-31, 26.0000, 26.2000, 25.1100, 25.3000, 1443153
2015-01-02, 25.4200, 25.7800, 24.4000, 24.9300, 881830
2015-01-05, 24.6300, 24.7700, 23.2800, 24.0000, 2838677
2015-01-06, 24.1500, 24.1700, 22.4000, 22.8900, 3227794
2015-01-07, 23.2700, 24.0000, 22.5500, 22.8800, 4169753
2015-01-08, 23.1100, 23.7800, 22.9500, 23.1600, 3581506
2015-01-09, 23.3500, 23.7600, 22.7000, 23.0100, 2108206
2015-01-12, 22.5600, 22.6700, 20.6800, 21.0100, 4213413
2015-01-13, 21.0300, 21.8000, 19.1500, 21.1300, 4730926
2015-01-14, 20.9900, 21.5600, 19.5000, 21.0600, 3839339
2015-01-15, 22.4100, 22.9900, 21.5800, 22.0900, 3429891
2015-01-16, 22.0900, 22.2700, 21.6300, 22.0900, 1201293
2015-01-20, 22.1000, 22.2300, 21.5100, 22.0700, 1783074
2015-01-21, 22.0300, 22.0500, 20.1500, 20.1700, 3355242
2015-01-22, 20.2200, 20.7600, 19.3300, 19.4900, 3427703
2015-01-23, 19.2600, 19.4400, 18.6300, 19.0800, 3467985
2015-01-26, 19.0800, 20.0830, 19.0000, 19.9900, 2000704
2015-01-27, 19.7300, 20.6800, 19.6300, 20.5900, 1661058
2015-01-28, 20.8000, 20.8400, 19.9300, 20.0800, 1993098
2015-01-29, 19.9400, 19.9780, 18.8900, 19.4400, 2391391
2015-01-30, 19.2400, 19.3840, 18.7000, 18.7700, 2589469
2015-02-02, 18.7700, 19.7500, 18.3000, 19.2600, 1492465
2015-02-03, 20.8100, 20.8100, 19.6400, 20.2900, 2978392
2015-02-04, 20.1300, 20.5500, 19.8600, 20.0600, 1483712
2015-02-05, 20.3400, 20.7200, 19.9000, 20.2800, 1070136
2015-02-06, 20.6100, 20.8800, 20.1800, 20.4300, 1071657
2015-02-09, 20.3900, 21.8500, 20.3900, 21.6000, 2009297
2015-02-10, 21.6000, 21.7800, 20.8500, 21.2600, 1170680
2015-02-11, 21.2300, 22.8000, 21.2000, 22.1500, 1994123
2015-02-12, 22.3000, 22.3000, 21.0500, 21.4700, 1548965
2015-02-13, 21.5000, 22.0550, 21.1200, 21.9500, 1279542
2015-02-17, 22.0800, 22.6800, 22.0000, 22.5000, 954036
2015-02-18, 22.6200, 23.4400, 22.5400, 22.6800, 1870622
2015-02-19, 22.6900, 22.8700, 21.8300, 22.0400, 2245327
2015-02-20, 22.0000, 23.0400, 22.0000, 22.8900, 1556562
2015-02-23, 22.9000, 24.5000, 22.8300, 23.7600, 3655858
2015-02-24, 23.8200, 24.4500, 22.4200, 23.6500, 4847505
2015-02-25, 21.1000, 21.3400, 19.5000, 20.5100, 15137931
2015-02-26, 20.4500, 21.3800, 20.1900, 21.2900, 4398730
2015-02-27, 21.3900, 21.7494, 20.0900, 20.3700, 3010711
2015-03-02, 20.5400, 21.1700, 19.8000, 20.0000, 2536534
2015-03-03, 20.0600, 20.3000, 19.6600, 20.0300, 1918057
2015-03-04, 19.7300, 20.1100, 19.2800, 20.0800, 1758980
2015-03-05, 20.0600, 20.1900, 19.6500, 19.8600, 1369902
2015-03-06, 19.7800, 20.3400, 19.7700, 20.0200, 1631900
2015-03-09, 20.1200, 20.1300, 19.3000, 19.8400, 2745854
2015-03-10, 19.5100, 19.6080, 19.0500, 19.5200, 1221248
2015-03-11, 19.3500, 19.6200, 19.1000, 19.5500, 1425112
2015-03-12, 19.4100, 19.5900, 19.2200, 19.5300, 1580290
2015-03-13, 19.3300, 19.5100, 19.0100, 19.0700, 1905767
2015-03-16, 19.0200, 19.2800, 18.6000, 19.2500, 2267167
2015-03-17, 18.9100, 19.2600, 18.8000, 19.2000, 1572359
2015-03-18, 19.0600, 19.3500, 18.6900, 19.1700, 2310450
2015-03-19, 19.1700, 20.1000, 19.1500, 19.9200, 1800484
2015-03-20, 19.8400, 20.2000, 19.8100, 20.0900, 4001772
2015-03-23, 20.1000, 20.9100, 19.8700, 20.8200, 1803377
2015-03-24, 20.9200, 21.1500, 20.2500, 20.3100, 1594081
2015-03-25, 20.3600, 20.5000, 19.5100, 19.7300, 2306253
2015-03-26, 19.7200, 19.7800, 19.4500, 19.4900, 1638647
2015-03-27, 19.4400, 19.7300, 19.2500, 19.5500, 1800021
2015-03-30, 19.6100, 19.8300, 19.3000, 19.3600, 1877559
2015-03-31, 19.2000, 19.9800, 19.0500, 19.6500, 4459868
2015-04-01, 19.6200, 19.7000, 19.0150, 19.0900, 1613634
2015-04-02, 19.1100, 19.4800, 19.0300, 19.2600, 915332
2015-04-06, 19.1600, 19.5400, 19.1000, 19.4000, 913875
2015-04-07, 19.3700, 19.4200, 19.1100, 19.1600, 1203474
2015-04-08, 19.1600, 19.4600, 19.0252, 19.0600, 1122763
2015-04-09, 19.0800, 19.1308, 18.3800, 18.4000, 3156090
2015-04-10, 18.5300, 18.6900, 17.9800, 18.1900, 2731999
2015-04-13, 18.3100, 18.3100, 17.6100, 18.0400, 2270988
2015-04-14, 18.5100, 18.9900, 18.4000, 18.8000, 3515220
2015-04-15, 18.8300, 19.4500, 18.6200, 19.3900, 3574134
2015-04-16, 19.5000, 19.7400, 19.2700, 19.5100, 1836619
2015-04-17, 19.4200, 19.5000, 19.0300, 19.2200, 1972197
2015-04-20, 19.2800, 19.5000, 18.9700, 19.3900, 1332529
2015-04-21, 19.6000, 19.8500, 19.2600, 19.3500, 1077258
2015-04-22, 19.3300, 19.4200, 18.9300, 19.0100, 722969
2015-04-23, 19.0100, 19.0150, 18.5200, 18.8300, 1464877
2015-04-24, 19.0000, 19.0200, 18.1600, 18.2700, 1588154
2015-04-27, 18.3500, 18.4900, 17.9900, 18.0500, 1538505
2015-04-28, 18.0900, 18.2500, 17.8100, 18.0200, 1145175
2015-04-29, 18.0000, 18.0600, 17.2000, 17.6700, 1819167
2015-04-30, 17.6700, 17.9200, 17.2600, 17.4500, 1857887
2015-05-01, 17.4800, 17.9300, 17.1600, 17.8700, 1523081
2015-05-04, 17.9000, 18.6400, 17.7400, 18.4900, 3392687
2015-05-05, 18.4700, 18.4700, 17.1600, 17.5800, 4986554
2015-05-06, 18.2900, 19.0900, 17.8100, 18.3100, 9626989
2015-05-07, 18.4300, 18.6200, 17.0700, 17.3000, 4841321
2015-05-08, 17.4500, 17.6600, 16.1700, 16.2300, 5489117
2015-05-11, 16.2700, 17.2500, 16.2064, 16.8400, 3754163
2015-05-12, 16.8000, 17.1900, 16.8000, 17.1600, 1546910
2015-05-13, 17.2200, 17.3600, 16.8300, 17.0500, 2076674
2015-05-14, 16.9700, 17.2300, 16.8600, 17.1100, 1506739
2015-05-15, 17.0500, 17.2400, 16.7300, 17.2100, 1587693
2015-05-18, 17.2400, 17.4500, 16.9400, 17.3600, 1710024
2015-05-19, 17.4500, 17.7800, 17.3900, 17.6200, 2779919
2015-05-20, 18.3000, 18.3200, 17.3656, 17.6600, 4615261
2015-05-21, 17.6900, 17.9200, 17.3600, 17.9000, 1925161
2015-05-22, 17.8600, 18.4900, 17.8200, 18.4300, 4509899
2015-05-26, 18.6300, 18.8300, 18.1500, 18.4600, 3224351
2015-05-27, 18.6000, 19.0500, 18.4000, 19.0000, 3670012
2015-05-28, 19.0000, 19.0800, 18.6800, 19.0000, 1839414
2015-05-29, 18.9700, 19.3600, 18.8000, 19.2100, 2797505
2015-06-01, 19.2900, 19.4800, 18.7000, 19.0800, 3594656
2015-06-02, 19.0100, 19.1200, 18.8075, 18.9800, 4054073
2015-06-03, 19.0000, 19.4300, 18.9300, 19.3300, 5363223
2015-06-04, 19.2700, 19.2700, 18.0000, 18.3200, 6720170
2015-06-05, 18.3000, 18.7200, 18.2200, 18.7200, 2552037
2015-06-08, 18.9000, 18.9000, 17.2700, 17.4600, 9218096
2015-06-09, 17.0000, 17.4200, 16.4300, 16.9700, 20203217
2015-06-10, 17.5200, 17.5200, 17.2000, 17.4200, 7541736
2015-06-11, 17.3700, 17.4200, 17.1000, 17.3900, 3612322
2015-06-12, 17.2800, 17.4300, 17.0000, 17.2800, 3317958
2015-06-15, 17.1100, 17.2700, 16.8100, 17.0700, 3226433
2015-06-16, 16.9500, 17.2400, 16.6300, 17.2400, 3497304
2015-06-17, 17.3100, 17.5100, 17.1700, 17.4500, 5576591
2015-06-18, 17.0100, 17.1600, 16.7600, 17.0700, 7167224
2015-06-19, 17.0200, 17.4500, 17.0000, 17.3000, 4310367
2015-06-22, 17.1600, 17.1800, 16.6200, 16.8600, 4095223
2015-06-23, 16.8600, 16.9400, 16.3800, 16.5500, 3998815
2015-06-24, 16.4100, 16.6100, 16.1600, 16.2600, 2787529
2015-06-25, 16.2400, 16.2900, 15.6400, 16.0600, 4560692
2015-06-26, 15.9900, 16.0600, 15.1700, 15.2500, 4953608
2015-06-29, 15.1000, 15.1000, 14.3600, 14.5400, 5862758
2015-06-30, 14.5800, 14.9100, 14.5300, 14.7500, 4459029
2015-07-01, 14.8000, 14.9600, 14.4600, 14.5700, 4612726
2015-07-02, 14.5200, 14.5800, 13.6300, 13.9500, 6515375
2015-07-06, 13.5700, 15.0000, 13.5000, 14.7500, 9811311
2015-07-07, 14.5800, 14.5900, 13.8400, 14.3000, 6754987
2015-07-08, 14.0900, 14.4200, 14.0500, 14.1300, 3314382
2015-07-09, 14.4600, 14.6800, 14.1800, 14.2000, 2273700
2015-07-10, 14.3300, 14.3500, 13.9800, 14.0500, 3444697
2015-07-13, 14.1200, 14.3400, 14.0100, 14.2700, 3370908
2015-07-14, 14.2300, 14.4199, 14.1100, 14.2600, 1883022
2015-07-15, 14.2900, 14.3500, 14.1400, 14.3000, 2191479
2015-07-16, 14.5000, 15.0000, 14.3700, 14.7500, 5913717
2015-07-17, 14.9200, 14.9750, 14.4700, 14.9500, 4279558
2015-07-20, 14.9400, 14.9700, 14.5000, 14.6200, 2935653
2015-07-21, 14.7200, 15.1100, 14.5000, 15.0100, 2886907
2015-07-22, 14.8700, 14.9200, 14.4900, 14.9000, 2200126
2015-07-23, 14.9200, 15.0500, 14.7700, 14.8300, 2080765
2015-07-24, 14.8800, 15.1400, 14.4300, 14.6000, 2976861
2015-07-27, 14.4100, 14.5900, 14.0700, 14.3500, 2981477
2015-07-28, 14.3300, 14.8700, 14.1800, 14.8100, 4220869
2015-07-29, 14.7900, 14.7900, 14.4500, 14.5800, 1793388
2015-07-30, 14.5000, 14.6400, 14.4100, 14.5300, 1326880
2015-07-31, 14.8600, 14.9000, 14.4900, 14.5100, 2813424
2015-08-03, 14.5200, 14.7900, 14.1800, 14.3400, 3711532
2015-08-04, 13.9100, 14.0000, 13.1750, 13.8300, 11686337
2015-08-05, 14.6600, 14.9500, 13.8300, 14.4000, 12104035
2015-08-06, 14.0400, 14.1500, 13.3900, 14.0300, 11328656
2015-08-07, 14.0200, 14.1300, 13.7550, 13.9200, 2952965
2015-08-10, 14.0000, 14.4400, 13.8700, 14.3700, 8067148
2015-08-11, 14.1100, 14.2500, 13.9100, 14.0100, 4175682
2015-08-12, 13.5500, 14.0600, 13.4300, 14.0300, 4954946
2015-08-13, 14.0600, 14.0700, 13.8200, 13.9600, 2880287
2015-08-14, 13.9100, 13.9300, 13.5100, 13.7000, 2898636
2015-08-17, 13.6200, 13.7000, 13.5000, 13.6500, 4107906
2015-08-18, 13.5600, 13.5700, 13.1500, 13.3000, 5099403
2015-08-19, 13.1900, 13.1900, 12.7000, 12.7400, 7833719
2015-08-20, 12.5500, 12.6500, 12.1850, 12.2900, 7335058
2015-08-21, 12.2100, 12.4500, 12.0300, 12.1400, 6837544
2015-08-24, 10.5300, 12.0800, 10.2800, 11.6700, 4954916
2015-08-25, 12.0000, 12.1600, 11.8100, 12.0000, 4711223
2015-08-26, 12.1900, 12.2300, 11.7400, 12.1700, 5066837
2015-08-27, 12.1700, 12.4900, 12.1400, 12.3800, 2901049
2015-08-28, 12.4000, 12.9200, 12.2800, 12.7700, 4359389
2015-08-31, 12.7800, 12.8300, 12.4150, 12.5500, 1890268
2015-09-01, 12.2600, 12.2900, 11.9500, 12.1400, 5530268
2015-09-02, 12.4800, 12.5400, 12.0500, 12.2100, 9908001
2015-09-03, 12.2500, 12.4100, 12.1500, 12.3900, 7321825
2015-09-04, 12.1900, 12.5100, 11.8500, 12.0100, 4106621
2015-09-08, 12.1000, 12.5400, 12.0400, 12.4000, 4547678
2015-09-09, 12.4300, 12.5100, 12.3000, 12.3500, 2808727
2015-09-10, 12.2900, 12.5500, 12.2400, 12.4700, 2485197
2015-09-11, 12.4000, 12.6000, 12.3300, 12.5800, 2296590
2015-09-14, 12.5100, 12.9800, 12.4500, 12.9000, 2569983
2015-09-15, 12.9000, 13.3000, 12.8700, 13.1400, 3430642
2015-09-16, 13.1000, 13.1850, 12.9300, 13.0500, 3338887
2015-09-17, 13.0200, 13.7950, 12.9400, 13.6000, 4959884
2015-09-18, 13.4800, 13.9800, 13.2800, 13.7000, 19882049
2015-09-21, 13.8000, 13.8650, 13.5200, 13.7600, 3148491
2015-09-22, 13.5300, 13.7100, 13.3600, 13.6800, 2372512
2015-09-23, 13.6800, 13.7000, 13.1200, 13.1900, 2996962
2015-09-24, 13.1300, 13.4100, 12.9400, 13.3700, 2034173
2015-09-25, 13.4600, 13.4900, 13.0000, 13.2600, 3832346
2015-09-28, 13.0000, 13.2100, 12.9400, 13.0600, 4605626
2015-09-29, 13.0400, 13.4850, 12.9000, 13.4600, 3932532
2015-09-30, 13.5800, 13.6200, 13.1000, 13.2300, 5065252
2015-10-01, 13.2600, 13.3050, 13.0500, 13.1600, 3716645
2015-10-02, 12.9400, 13.2600, 12.4600, 13.2500, 4783540
2015-10-05, 13.3200, 14.0400, 13.1500, 13.8200, 6225636
2015-10-06, 13.8900, 14.2000, 13.4800, 14.1000, 4491630
2015-10-07, 14.1500, 14.4500, 14.0550, 14.3800, 3059679
2015-10-08, 14.3900, 14.9900, 14.2900, 14.8600, 3634921
2015-10-09, 14.7900, 14.8600, 14.5200, 14.7000, 1577464
2015-10-12, 14.7200, 14.7400, 14.2500, 14.3000, 1269177
2015-10-13, 14.2300, 14.5300, 14.1100, 14.2800, 1431087
2015-10-14, 14.3300, 14.5000, 14.0800, 14.4600, 1640909
2015-10-15, 14.4600, 14.9500, 14.4500, 14.9500, 1716924
2015-10-16, 14.8600, 14.8600, 14.0900, 14.3600, 5731406
2015-10-19, 14.3700, 14.5200, 14.2100, 14.3500, 1358170
2015-10-20, 14.3400, 14.4600, 14.1000, 14.3300, 2036455
2015-10-21, 14.3800, 14.4600, 14.1400, 14.3900, 1684401
2015-10-22, 14.4500, 14.5100, 14.1500, 14.3800, 1520542
2015-10-23, 14.4400, 14.4800, 14.2500, 14.3700, 1558076
2015-10-26, 14.3800, 14.4700, 14.1550, 14.2800, 1650331
2015-10-27, 14.1500, 14.1500, 13.2100, 13.4700, 4196051
2015-10-28, 13.5300, 14.1900, 13.4000, 14.0000, 3286950
2015-10-29, 13.7500, 13.8000, 13.0100, 13.6200, 5401806
2015-10-30, 14.8900, 14.9700, 13.6200, 14.1800, 13848604
2015-11-02, 14.2000, 14.8900, 14.1090, 14.6100, 6235144
2015-11-03, 14.5300, 15.0000, 14.2600, 14.7900, 4873069
2015-11-04, 14.5500, 14.8500, 14.5000, 14.6200, 3185233
2015-11-05, 14.5000, 14.6050, 13.9500, 14.1900, 3869571
2015-11-06, 14.2500, 14.7800, 14.1800, 14.7000, 2448115
2015-11-09, 14.7000, 14.9000, 14.2200, 14.5700, 2275189
2015-11-10, 14.4900, 14.4900, 13.9700, 14.1900, 2003196
2015-11-11, 14.0100, 14.1500, 13.6200, 13.6400, 2763676
2015-11-12, 13.6000, 13.6500, 13.2100, 13.3200, 2952610
2015-11-13, 13.2200, 13.4000, 12.7000, 12.7200, 5447534
2015-11-16, 12.6800, 12.7700, 12.4150, 12.6100, 3594355
2015-11-17, 12.8000, 13.0900, 12.7199, 12.8100, 4233660
2015-11-18, 13.0200, 13.1900, 12.5000, 12.7900, 4474032
2015-11-19, 12.7500, 12.9200, 12.6200, 12.8400, 1464175
2015-11-20, 12.8700, 12.9000, 12.5200, 12.6300, 1701510
2015-11-23, 12.6300, 13.0500, 12.2600, 12.3600, 2920929
2015-11-24, 12.1000, 12.3100, 11.7800, 12.2000, 4898898
2015-11-25, 12.2000, 12.6300, 12.1600, 12.5800, 3169768
2015-11-27, 12.6400, 12.6500, 12.2900, 12.4700, 1443630
2015-11-30, 12.4400, 12.5000, 11.9800, 12.0200, 5087357
2015-12-01, 12.2200, 12.7300, 11.9800, 12.0900, 8232109
2015-12-02, 12.4000, 12.6900, 12.2500, 12.5600, 9222001
2015-12-03, 12.5900, 12.8500, 12.3200, 12.8200, 5909506
2015-12-04, 12.8000, 12.9600, 12.2300, 12.8700, 6365741
2015-12-07, 12.8400, 13.5200, 12.7499, 13.4500, 11914904
2015-12-08, 13.3400, 13.8400, 13.0200, 13.7300, 15776583
2015-12-09, 13.7900, 14.1500, 13.7800, 14.0400, 12622253
2015-12-10, 14.0000, 14.4000, 13.9600, 14.1600, 5260503
2015-12-11, 14.0000, 14.0200, 13.5500, 13.6500, 7039902
2015-12-14, 13.7300, 13.8400, 12.7400, 12.8400, 8078823
2015-12-15, 12.8700, 12.9400, 12.2400, 12.4600, 7562979
2015-12-16, 12.5000, 12.5700, 12.1400, 12.4100, 6098687
2015-12-17, 12.4600, 12.5899, 12.0300, 12.1600, 6302699
2015-12-18, 12.0000, 12.0600, 11.2200, 11.4800, 12738276
2015-12-21, 11.4700, 11.5700, 11.2000, 11.4500, 5473957
2015-12-22, 11.4700, 11.5500, 11.2500, 11.3600, 2534124
2015-12-23, 11.4800, 11.5100, 11.2500, 11.5000, 3745657
2015-12-24, 11.3900, 11.4800, 11.3000, 11.4000, 1482686
2015-12-28, 11.4000, 11.4000, 10.8300, 11.0200, 3364815
2015-12-29, 11.0800, 11.1300, 10.8700, 11.0000, 3207867
2015-12-30, 10.9800, 11.1500, 10.7700, 10.8300, 2285332
2015-12-31, 10.8400, 11.1500, 10.8300, 11.0500, 3149919
2016-01-04, 10.7700, 11.0900, 10.6000, 11.0800, 3248482
2016-01-05, 11.1200, 11.2500, 10.7000, 10.7200, 2959344
2016-01-06, 10.5500, 10.5700, 10.1100, 10.1200, 5716997
2016-01-07, 9.9600, 9.9900, 9.3000, 9.5100, 5230967
2016-01-08, 9.5600, 9.9101, 9.4100, 9.4900, 3430765
2016-01-11, 9.5300, 9.5800, 9.1150, 9.2400, 4302252
2016-01-12, 9.3200, 9.5050, 9.2100, 9.4700, 4551219
2016-01-13, 9.4900, 9.6800, 8.7700, 8.8600, 6567103
2016-01-14, 8.8500, 8.8796, 7.7550, 8.0200, 35091836
2016-01-15, 7.8100, 8.0200, 7.4600, 7.7300, 9114965
2016-01-19, 7.8000, 7.9400, 7.0500, 7.3400, 7897822
2016-01-20, 7.2000, 8.1100, 6.6800, 7.9200, 10845500
2016-01-21, 8.0000, 8.3800, 7.6600, 8.2200, 5529587
2016-01-22, 8.3400, 8.6200, 8.2400, 8.4600, 4452926
2016-01-25, 8.4500, 8.4600, 7.9500, 7.9900, 4172103
2016-01-26, 8.0400, 8.2750, 7.7600, 8.0700, 2254933
2016-01-27, 7.8600, 8.0300, 7.4600, 7.7100, 7249485
2016-01-28, 7.9000, 8.0300, 7.2700, 7.3900, 3045694
2016-01-29, 7.3700, 7.4900, 7.1050, 7.3800, 5928538
2016-02-01, 7.3400, 7.6850, 6.9900, 7.6100, 8085547
2016-02-02, 7.5300, 7.5300, 6.7600, 7.0400, 5334654
2016-02-03, 7.0700, 7.6900, 6.7900, 7.6800, 5466075
2016-02-04, 7.6900, 7.9800, 7.3900, 7.5900, 5035061
2016-02-05, 7.4700, 7.5000, 6.8300, 7.0000, 7024030
2016-02-08, 6.8000, 6.9000, 6.5800, 6.6100, 9982466
2016-02-09, 6.4300, 6.7000, 6.3400, 6.5700, 6483735
2016-02-10, 6.6000, 6.8000, 6.4400, 6.5100, 7130483
2016-02-11, 7.1900, 7.5600, 6.4201, 6.8800, 17445161
2016-02-12, 7.0000, 7.3000, 6.6100, 7.0400, 15043656
2016-02-16, 7.1800, 8.0700, 7.1000, 7.8700, 12943617
2016-02-17, 7.9300, 8.4600, 7.9000, 8.2500, 10671685
2016-02-18, 8.2600, 8.7400, 8.0490, 8.7000, 7826499
2016-02-19, 8.6400, 8.9500, 8.5800, 8.8800, 9517431
2016-02-22, 9.0000, 9.3100, 8.9400, 9.2800, 6913655
2016-02-23, 9.2800, 9.3000, 8.5600, 8.8400, 10460888
2016-02-24, 8.6000, 8.6600, 8.1100, 8.4600, 8947334
2016-02-25, 8.0700, 8.6600, 8.0200, 8.4500, 5503999
2016-02-26, 8.5700, 8.7700, 8.2400, 8.4100, 6244078
2016-02-29, 8.4200, 8.9400, 8.3600, 8.7300, 4186191
2016-03-01, 8.7700, 8.9300, 8.4600, 8.7500, 4706233
2016-03-02, 8.7500, 9.1600, 8.6800, 9.1600, 5873539
2016-03-03, 9.2600, 9.6800, 9.0400, 9.5600, 6862001
2016-03-04, 9.6500, 9.8000, 8.9100, 8.9800, 8849888
2016-03-07, 8.9800, 9.4500, 8.9400, 9.4000, 5413586
2016-03-08, 9.3600, 9.3799, 8.8650, 9.0000, 4649494
2016-03-09, 9.0000, 9.1100, 8.6500, 8.9100, 4562689
2016-03-10, 9.2400, 9.3400, 8.7400, 9.0100, 5958943
2016-03-11, 9.0700, 9.2100, 8.9100, 9.1700, 3863980
2016-03-14, 9.1100, 9.3600, 8.9900, 9.0500, 2748122
2016-03-15, 8.9800, 9.0200, 8.4900, 8.5300, 4152271
2016-03-16, 8.4500, 8.4700, 7.9950, 8.4100, 6813457
2016-03-17, 8.4500, 8.4800, 8.1200, 8.4000, 3764721
2016-03-18, 8.4900, 9.0050, 8.4700, 8.7000, 5367236
2016-03-21, 8.6700, 9.0000, 8.4400, 8.8000, 3133963
2016-03-22, 8.7000, 8.7600, 8.4200, 8.4500, 2458610
2016-03-23, 8.4100, 8.4800, 7.9900, 8.2300, 7926868
2016-03-24, 8.0700, 8.3400, 8.0100, 8.3200, 3519057
2016-03-28, 8.3200, 8.3500, 7.5000, 7.7300, 7811266
2016-03-29, 7.6800, 8.0800, 7.5000, 8.0700, 4019996
2016-03-30, 8.1400, 8.3300, 8.0000, 8.1100, 4749656
2016-03-31, 8.1300, 8.3900, 8.0300, 8.3000, 3616705
2016-04-01, 8.2000, 8.2500, 7.9100, 8.0400, 5837348
2016-04-04, 8.0300, 8.4000, 8.0200, 8.1700, 4157631
2016-04-05, 8.0900, 8.0900, 7.7600, 8.0000, 3848037
2016-04-06, 8.0100, 8.3600, 7.9100, 8.2400, 3438767
2016-04-07, 8.1800, 8.2500, 7.7400, 7.8600, 5188508
2016-04-08, 7.9600, 7.9700, 7.7500, 7.9400, 3336256
2016-04-11, 7.9700, 8.0900, 7.6400, 7.6900, 4408271
2016-04-12, 7.7400, 7.7400, 7.1250, 7.6100, 10791354
2016-04-13, 7.6200, 7.6900, 7.4100, 7.5600, 5041234
2016-04-14, 7.5700, 7.6300, 7.1200, 7.4400, 12417862
2016-04-15, 7.3600, 7.4000, 7.1900, 7.3100, 4548913
2016-04-18, 7.3000, 7.6100, 7.2200, 7.5300, 4324362
2016-04-19, 7.5700, 8.2500, 7.5500, 8.0300, 9525183
2016-04-20, 8.0600, 8.4100, 8.0500, 8.2800, 7120559
2016-04-21, 7.9200, 7.9800, 7.4100, 7.7400, 7358604
2016-04-22, 7.7300, 7.9600, 7.5500, 7.6400, 4324292
2016-04-25, 7.6300, 7.6950, 7.3400, 7.3900, 4765493
2016-04-26, 7.4400, 7.5700, 7.3400, 7.5200, 3414868
2016-04-27, 7.6500, 8.2300, 7.4400, 8.1200, 6846489
2016-04-28, 8.1000, 8.4100, 8.0100, 8.0900, 3869730
2016-04-29, 8.0800, 8.1900, 7.8300, 7.9000, 3987250
2016-05-02, 7.9500, 8.0100, 7.7100, 7.9300, 4445309
2016-05-03, 7.3800, 7.4000, 7.0300, 7.1100, 15919666
2016-05-04, 7.0500, 7.0900, 6.8000, 6.9200, 8651643
2016-05-05, 6.8500, 6.9200, 6.5200, 6.8500, 12986447
2016-05-06, 6.7700, 7.1400, 6.7081, 7.1000, 13796149
2016-05-09, 5.4200, 5.6300, 4.5400, 4.6200, 96011841
2016-05-10, 4.5200, 4.5800, 3.9800, 4.1000, 93050189
2016-05-11, 4.0800, 4.2400, 3.9500, 4.0800, 52774592
2016-05-12, 4.1200, 4.2900, 3.6700, 3.7600, 49401406
2016-05-13, 3.6700, 3.7400, 3.5000, 3.5100, 44945392
2016-05-16, 3.6500, 4.0200, 3.5900, 3.9400, 56708260
2016-05-17, 3.4800, 3.7300, 3.4400, 3.6000, 51064932
2016-05-18, 3.6900, 4.1100, 3.6092, 3.9900, 40354496
2016-05-19, 3.9300, 4.1900, 3.6250, 3.7000, 36713540
2016-05-20, 3.7100, 4.0200, 3.7100, 3.9900, 28375419
2016-05-23, 4.3000, 4.5800, 4.1900, 4.3200, 37710342
2016-05-24, 4.4500, 4.5800, 4.3500, 4.4300, 18163029
2016-05-25, 4.4400, 4.5000, 4.2600, 4.4500, 12514416
2016-05-26, 4.3700, 4.4000, 4.2500, 4.3700, 10490869
2016-05-27, 4.6800, 5.1000, 4.6400, 4.8100, 32359662
2016-05-31, 4.7800, 4.8700, 4.6100, 4.7600, 15637403
2016-06-01, 4.7200, 5.0500, 4.6500, 4.9800, 18658100
2016-06-02, 4.9500, 5.0700, 4.8500, 5.0600, 10312540
2016-06-03, 5.0200, 5.0200, 4.6000, 4.6200, 18855638
2016-06-06, 4.8100, 4.8500, 4.6810, 4.7400, 11276304
2016-06-07, 4.7200, 4.7700, 4.3400, 4.3900, 23789301
2016-06-08, 4.6700, 4.6900, 4.2000, 4.4200, 22555301
2016-06-09, 4.6400, 4.6400, 4.2800, 4.4700, 18317534
2016-06-10, 4.4400, 4.4900, 4.2000, 4.2600, 11632995
2016-06-13, 4.2600, 4.4800, 4.1300, 4.4400, 11856652
2016-06-14, 4.3700, 4.5800, 4.1800, 4.4200, 18835991
2016-06-15, 4.4500, 4.7200, 4.4200, 4.6500, 12474154
2016-06-16, 4.6300, 5.0300, 4.6100, 4.9600, 22705209
2016-06-17, 4.9000, 4.9300, 4.7805, 4.8700, 12957514
2016-06-20, 4.9900, 5.1400, 4.8800, 5.0000, 18836964
2016-06-21, 4.9500, 5.0285, 4.8200, 4.9200, 10194387
2016-06-22, 5.0000, 5.0000, 4.8150, 4.8400, 7429567
2016-06-23, 4.9000, 4.9800, 4.8500, 4.9800, 9699063
2016-06-24, 4.7000, 4.8800, 4.5800, 4.6900, 43353412
2016-06-27, 4.5900, 4.6000, 4.2600, 4.3000, 12253982
2016-06-28, 4.4600, 4.6250, 4.3900, 4.6100, 16752508
2016-06-29, 4.7100, 4.7100, 4.5000, 4.5400, 12768869
2016-06-30, 4.5500, 4.5750, 4.2600, 4.3000, 12487584
2016-07-01, 4.3700, 4.4900, 4.3200, 4.3800, 7786264
2016-07-05, 4.3800, 4.3900, 4.0500, 4.1700, 17304036
2016-07-06, 4.0700, 4.2400, 4.0300, 4.2000, 11377149
2016-07-07, 4.2800, 4.3500, 4.1500, 4.2500, 10333085
2016-07-08, 4.2900, 4.3800, 4.2600, 4.3200, 8592790
2016-07-11, 4.4000, 4.4400, 4.2700, 4.3700, 5655831
2016-07-12, 4.3800, 4.4101, 4.0900, 4.1000, 15701577
2016-07-13, 4.1600, 4.2800, 4.1500, 4.2500, 7064619
2016-07-14, 4.3000, 4.5200, 4.2100, 4.5100, 11423466
2016-07-15, 4.5000, 4.5700, 4.4300, 4.4900, 7187499
2016-07-18, 4.5600, 4.6700, 4.4700, 4.6000, 11441800
2016-07-19, 4.6000, 4.6200, 4.4600, 4.6000, 7255620
2016-07-20, 4.6200, 4.6800, 4.4900, 4.6100, 6547866
2016-07-21, 4.6100, 4.6500, 4.5500, 4.5900, 11735606
2016-07-22, 4.5500, 4.5881, 4.4000, 4.4100, 9071104
2016-07-25, 4.3900, 4.4100, 4.3000, 4.3400, 6932574
2016-07-26, 4.3700, 4.6500, 4.3100, 4.6400, 6715565
2016-07-27, 4.5800, 4.7000, 4.5100, 4.6500, 4856666
2016-07-28, 4.6200, 4.7800, 4.5900, 4.6000, 3799400
2016-07-29, 4.5800, 4.6200, 4.5300, 4.6200, 4524048
2016-08-01, 4.6000, 4.6400, 4.5550, 4.5900, 3837935
2016-08-02, 4.5600, 4.5900, 4.4000, 4.4700, 5361872
2016-08-03, 4.4600, 4.6500, 4.4300, 4.6400, 4332495
2016-08-04, 4.6500, 4.7800, 4.5300, 4.6000, 7125631
2016-08-05, 4.6300, 4.7900, 4.6000, 4.7500, 7288743
2016-08-08, 4.7800, 4.9300, 4.7100, 4.7900, 15205156
2016-08-09, 4.5800, 4.9900, 4.3000, 4.7900, 25031701
2016-08-10, 4.8400, 4.9400, 4.6500, 4.9100, 15475331
2016-08-11, 4.9000, 5.6000, 4.8200, 5.4600, 26357367
2016-08-12, 5.4100, 5.4900, 5.2975, 5.4000, 10555320
2016-08-15, 5.4100, 5.9100, 5.4100, 5.8200, 13529485
2016-08-16, 5.7500, 5.8350, 5.5400, 5.6300, 13015547
2016-08-17, 5.6100, 5.7390, 5.3300, 5.5300, 9314762
2016-08-18, 5.5000, 5.6700, 5.4000, 5.5900, 7718792
2016-08-19, 5.5800, 5.6000, 5.4300, 5.4900, 8653330
2016-08-22, 5.4500, 5.5500, 5.3100, 5.3900, 7137073
2016-08-23, 5.3300, 5.4100, 5.1500, 5.2400, 8182118
2016-08-24, 5.2400, 5.6300, 5.2400, 5.4400, 9009100
2016-08-25, 5.4500, 5.6400, 5.4100, 5.5200, 9104411
2016-08-26, 5.5300, 5.6500, 5.3500, 5.4000, 6768631
2016-08-29, 5.4000, 5.5850, 5.3900, 5.5600, 4266808
2016-08-30, 5.6000, 5.6300, 5.4550, 5.5000, 5462440
2016-08-31, 5.4800, 5.5450, 5.3500, 5.4100, 4000801
2016-09-01, 5.4300, 5.5100, 5.2500, 5.3000, 4641127
2016-09-02, 5.3800, 5.4500, 5.2900, 5.4000, 3925148
2016-09-06, 5.4300, 5.5400, 5.3500, 5.3500, 5533454
2016-09-07, 5.3300, 5.4400, 5.2900, 5.4100, 4992377
2016-09-08, 5.3300, 5.4800, 5.3000, 5.4700, 5205192
2016-09-09, 5.3900, 5.5300, 5.3600, 5.3600, 6111545
2016-09-12, 5.3100, 5.5900, 5.3100, 5.5900, 5902609
2016-09-13, 5.5200, 5.8500, 5.4800, 5.7500, 10112552
2016-09-14, 5.8200, 5.9250, 5.6500, 5.7500, 7716973
2016-09-15, 5.7500, 6.2537, 5.7400, 6.1700, 16866568
2016-09-16, 6.1700, 6.4500, 6.1700, 6.4300, 14531456
2016-09-19, 6.5000, 6.5800, 6.0800, 6.1900, 15200960
2016-09-20, 6.2100, 6.2299, 5.9300, 6.1000, 6072236
2016-09-21, 6.0600, 6.2000, 6.0200, 6.1100, 3717217
2016-09-22, 6.1000, 6.1900, 6.0600, 6.1100, 4563899
2016-09-23, 6.1100, 6.4100, 6.0900, 6.2800, 7713868
2016-09-26, 6.2800, 6.3700, 6.0700, 6.1100, 5045048
2016-09-27, 6.1500, 6.2700, 6.1100, 6.2300, 4126475
2016-09-28, 6.2100, 6.2790, 6.0000, 6.2400, 5242935
2016-09-29, 6.2400, 6.2800, 6.0300, 6.0800, 4506711
2016-09-30, 6.1300, 6.2550, 6.0300, 6.1800, 4977521
2016-10-03, 6.1200, 6.2200, 6.0800, 6.1600, 3067416
2016-10-04, 6.1600, 6.2500, 6.0700, 6.1600, 4106831
2016-10-05, 6.1800, 6.2500, 6.1350, 6.1700, 2955845
2016-10-06, 6.1400, 6.1600, 6.0300, 6.0500, 6941901
2016-10-07, 6.0300, 6.1200, 5.8650, 5.9500, 6204714
2016-10-10, 5.9800, 6.0700, 5.9700, 6.0400, 4160452
2016-10-11, 5.8200, 5.9000, 5.7200, 5.7900, 8288301
2016-10-12, 5.7700, 5.7700, 5.4900, 5.5400, 11553400
2016-10-13, 5.4800, 5.6100, 5.3700, 5.5000, 5539719
2016-10-14, 5.5700, 5.7400, 5.3600, 5.3800, 8431597
2016-10-17, 5.3800, 5.3900, 4.8400, 4.9900, 18190182
2016-10-18, 4.9600, 5.0000, 4.8100, 4.9100, 7419605
2016-10-19, 4.9100, 5.1400, 4.8200, 5.0700, 8646597
2016-10-20, 5.0500, 5.0500, 4.8540, 4.8600, 4354282
2016-10-21, 4.8100, 4.9650, 4.7800, 4.8500, 6446266
2016-10-24, 4.9200, 5.0500, 4.8100, 4.8700, 6540321
2016-10-25, 4.8500, 4.9900, 4.8200, 4.9000, 6226020
2016-10-26, 4.8700, 4.9900, 4.7400, 4.7600, 6448590
2016-10-27, 4.8000, 4.8800, 4.6800, 4.7500, 3498461
2016-10-28, 4.9000, 4.9300, 4.6900, 4.7000, 7750069
2016-10-31, 4.7400, 4.9450, 4.6400, 4.9300, 10406687
2016-11-01, 4.9200, 4.9500, 4.7500, 4.8600, 11723590
2016-11-02, 4.8300, 4.8900, 4.7200, 4.8100, 7421016
2016-11-03, 5.0700, 5.1700, 4.9050, 5.0900, 11155872
2016-11-04, 5.0900, 5.2100, 4.9900, 5.1300, 10293636
2016-11-07, 5.9800, 6.1800, 5.6700, 5.9100, 28207649
2016-11-08, 5.8500, 5.8700, 5.6700, 5.7600, 14542633
2016-11-09, 5.5400, 5.7600, 5.3000, 5.6100, 17491489
2016-11-10, 5.6000, 5.9800, 5.5400, 5.8900, 12407655
2016-11-11, 5.8900, 6.1800, 5.7100, 6.1400, 11922405
2016-11-14, 6.1800, 6.4600, 6.1200, 6.3100, 12352568
2016-11-15, 6.3600, 6.5600, 6.1389, 6.5200, 12991717
2016-11-16, 6.4800, 6.5060, 6.2700, 6.3800, 11789067
2016-11-17, 6.2700, 6.2800, 5.9200, 6.0600, 14713277
2016-11-18, 6.1000, 6.1900, 5.9500, 5.9800, 11020713
2016-11-21, 6.0200, 6.2200, 5.9300, 6.1400, 15064432
2016-11-22, 6.2800, 6.2900, 5.8350, 5.9600, 10092708
2016-11-23, 5.8900, 5.9600, 5.7100, 5.9400, 8896696
2016-11-25, 5.9200, 5.9700, 5.7000, 5.9400, 2655233
2016-11-28, 5.9400, 5.9400, 5.7500, 5.7900, 9380532
2016-11-29, 5.7800, 5.7900, 5.5400, 5.6200, 11506285
2016-11-30, 5.6000, 5.7100, 5.5000, 5.6600, 13139809
2016-12-01, 5.6500, 5.7400, 5.2800, 5.3300, 19702400
2016-12-02, 5.2900, 5.3898, 5.1300, 5.1500, 10523150
2016-12-05, 5.2100, 5.4000, 5.2100, 5.2800, 10568763
2016-12-06, 5.3400, 5.6850, 5.2600, 5.6800, 8658064
2016-12-07, 5.6100, 5.8800, 5.5200, 5.8600, 5874143
2016-12-08, 5.8700, 5.9500, 5.6000, 5.6300, 8173539
2016-12-09, 5.6600, 5.7500, 5.4907, 5.5300, 8233834
2016-12-12, 5.5000, 5.5750, 5.3350, 5.3400, 9521312
2016-12-13, 5.3900, 5.4600, 5.3100, 5.4100, 9530038
2016-12-14, 5.4000, 5.4550, 5.1900, 5.2000, 9876367
2016-12-15, 5.2500, 5.3550, 5.0300, 5.1200, 14031390
2016-12-16, 5.3300, 5.4100, 5.1600, 5.3300, 9963725
2016-12-19, 5.3300, 5.3500, 5.1200, 5.1700, 7702691
2016-12-20, 5.1900, 5.3000, 5.1800, 5.2100, 3101583
2016-12-21, 5.1900, 5.2600, 5.1600, 5.2000, 2647497
2016-12-22, 5.2000, 5.3000, 5.1700, 5.2600, 3639943
2016-12-23, 5.2400, 5.3700, 5.2100, 5.2100, 3060579
2016-12-27, 5.3200, 5.5300, 5.1900, 5.4700, 4384248
2016-12-28, 5.4700, 5.5100, 5.1850, 5.2100, 2431510
2016-12-29, 5.2000, 5.2700, 5.1500, 5.1700, 2390641
2016-12-30, 5.1700, 5.2900, 5.1400, 5.2500, 3540973
2017-01-03, 5.2700, 5.5500, 5.2500, 5.4200, 4208053
2017-01-04, 5.4700, 5.7800, 5.4000, 5.7400, 6765837
2017-01-05, 5.6800, 5.7100, 5.5400, 5.6500, 2892398
2017-01-06, 5.6700, 5.8150, 5.6100, 5.6300, 3330450
2017-01-09, 5.5800, 5.7250, 5.5301, 5.6600, 2568663
2017-01-10, 5.6700, 5.8199, 5.6300, 5.7500, 4376446
2017-01-11, 5.6700, 5.7400, 5.5800, 5.6800, 2755679
2017-01-12, 5.6300, 5.6800, 5.4300, 5.6000, 3124139
2017-01-13, 5.6400, 5.8000, 5.5900, 5.6100, 2442415
2017-01-17, 5.6000, 5.6000, 5.4300, 5.4900, 2348155
2017-01-18, 5.4900, 5.5500, 5.4100, 5.4900, 3605200
2017-01-19, 5.4900, 5.8300, 5.4900, 5.7800, 7991794
2017-01-20, 5.7700, 5.9200, 5.6700, 5.7500, 8883505
2017-01-23, 5.7000, 6.0400, 5.6700, 5.8900, 11272093
2017-01-24, 5.8900, 5.9600, 5.6100, 5.9000, 10481936
2017-01-25, 6.0600, 6.2900, 5.9800, 6.1000, 10822664
2017-01-26, 6.1000, 6.2099, 5.9250, 6.1200, 11035023
2017-01-27, 6.1200, 6.1800, 6.0100, 6.1400, 4854612
2017-01-30, 6.0900, 6.1384, 5.8700, 6.0500, 4589577
2017-01-31, 6.0500, 6.2300, 5.9600, 6.1700, 5168921
2017-02-01, 6.2300, 6.3700, 6.1700, 6.3200, 5524382
2017-02-02, 6.2400, 6.3800, 6.2000, 6.2300, 4604937
2017-02-03, 6.2200, 6.3500, 6.2200, 6.3400, 4363364
2017-02-06, 6.2800, 6.4150, 6.2000, 6.2400, 7512420
2017-02-07, 6.2700, 6.3350, 6.1900, 6.3100, 4116654
2017-02-08, 6.3200, 6.3200, 6.1500, 6.2000, 3628262
2017-02-09, 6.2000, 6.4900, 6.2000, 6.4500, 5770115
2017-02-10, 6.4600, 6.7200, 6.4000, 6.6800, 8582915
2017-02-13, 6.6900, 6.7850, 6.5700, 6.6800, 6670377
2017-02-14, 6.6900, 6.6900, 6.4900, 6.6000, 11031313
2017-02-15, 6.1100, 6.3400, 6.0100, 6.2900, 19520638
2017-02-16, 6.1400, 6.2250, 5.7400, 5.7800, 18254128
2017-02-17, 5.8200, 5.8800, 5.6000, 5.6300, 9564334
2017-02-21, 5.6200, 5.8050, 5.6200, 5.6800, 8516486
2017-02-22, 5.6800, 5.7390, 5.6050, 5.6400, 4084865
2017-02-23, 5.6600, 5.6900, 5.4100, 5.5600, 5405586
2017-02-24, 5.4700, 5.5100, 5.3600, 5.4500, 6940300
2017-02-27, 5.4500, 5.7200, 5.4200, 5.5800, 7092555
2017-02-28, 5.5400, 5.6100, 5.3300, 5.3400, 7267801
2017-03-01, 5.4500, 5.5100, 5.1700, 5.2900, 7643601
2017-03-02, 5.2600, 5.4700, 5.2400, 5.2500, 8539694
2017-03-03, 5.2300, 5.2600, 5.0300, 5.1300, 6612514
2017-03-06, 5.1300, 5.1300, 4.9900, 5.0500, 6074986
2017-03-07, 5.0800, 5.2500, 5.0300, 5.0600, 7094185
2017-03-08, 5.0800, 5.4500, 5.0800, 5.3100, 11297196
2017-03-09, 5.3500, 5.4400, 5.2600, 5.3700, 7457648
2017-03-10, 5.3300, 5.4000, 5.2700, 5.3100, 3873005
2017-03-13, 5.3100, 5.4100, 5.2400, 5.2600, 4240198
2017-03-14, 5.2700, 5.2700, 5.1500, 5.2600, 3813002
2017-03-15, 5.3000, 5.3800, 5.1800, 5.3500, 3528317
2017-03-16, 5.5000, 5.6200, 5.4500, 5.4900, 5367235
2017-03-17, 5.4900, 5.5400, 5.3600, 5.3600, 3743950
2017-03-20, 5.3700, 5.4700, 5.3300, 5.3900, 3290941
2017-03-21, 5.3900, 5.4300, 5.0700, 5.2200, 9673082
2017-03-22, 5.3400, 5.3400, 5.1200, 5.2100, 5153653
2017-03-23, 5.2200, 5.3300, 5.1800, 5.2000, 3133674
2017-03-24, 5.2100, 5.3390, 5.2000, 5.2000, 2809223
2017-03-27, 5.1200, 5.2750, 5.0800, 5.2600, 3845433
2017-03-28, 5.2300, 5.4600, 5.2300, 5.4500, 4038762
2017-03-29, 5.4500, 5.5000, 5.3700, 5.4500, 3260529
2017-03-30, 5.4400, 5.5000, 5.3100, 5.4700, 7556071
2017-03-31, 5.4700, 5.5100, 5.3400, 5.4900, 5587291
2017-04-03, 5.4700, 5.4800, 5.2550, 5.2900, 4763898
2017-04-04, 5.2900, 5.3100, 5.1800, 5.2300, 3736505
2017-04-05, 5.2600, 5.3900, 5.1700, 5.2400, 4476624
2017-04-06, 5.2500, 5.3500, 5.2300, 5.3400, 3066593
2017-04-07, 5.3400, 5.3950, 5.2450, 5.3500, 4056828
2017-04-10, 5.3500, 5.4500, 5.3000, 5.3700, 3850044
2017-04-11, 5.3400, 5.5900, 5.3400, 5.5500, 6835597
2017-04-12, 5.6400, 5.6500, 5.5000, 5.5200, 6471154
2017-04-13, 5.5100, 5.5300, 5.4300, 5.4600, 3931452
2017-04-17, 5.4200, 5.4650, 5.3600, 5.4600, 3210766
2017-04-18, 5.4400, 5.6900, 5.4150, 5.6500, 9133566
2017-04-19, 5.6500, 5.7800, 5.6500, 5.7200, 10071090
2017-04-20, 5.7500, 5.8400, 5.7200, 5.8000, 8918059
2017-04-21, 5.7700, 5.8150, 5.6900, 5.7200, 4377745
2017-04-24, 5.9000, 5.9600, 5.8100, 5.8500, 6505513
2017-04-25, 5.9100, 5.9700, 5.8100, 5.9000, 4280944
2017-04-26, 5.9000, 6.0550, 5.8750, 6.0300, 6106258
2017-04-27, 6.0300, 6.0500, 5.9350, 5.9900, 3590020
2017-04-28, 5.9600, 5.9800, 5.8500, 5.8500, 3047530
2017-05-01, 6.0100, 6.0500, 5.8800, 5.9900, 7326267
2017-05-02, 6.0000, 6.0000, 5.8200, 5.8500, 5971558
2017-05-03, 5.8300, 6.0800, 5.7000, 6.0400, 9145013
2017-05-04, 6.0300, 6.1650, 6.0000, 6.0900, 11566000
2017-05-05, 5.8700, 5.9500, 5.6100, 5.7500, 8857670
2017-05-08, 5.7500, 5.7500, 5.4900, 5.6000, 8693761
2017-05-09, 5.5000, 5.9300, 5.4950, 5.8900, 6038877
2017-05-10, 5.8500, 6.0300, 5.8100, 5.9400, 6987636
2017-05-11, 5.9300, 5.9600, 5.7700, 5.9100, 4011584
2017-05-12, 5.8900, 5.9450, 5.8100, 5.8300, 2775671
2017-05-15, 5.8300, 5.9350, 5.8000, 5.8400, 2835376
2017-05-16, 5.8700, 5.9900, 5.8200, 5.8500, 4147675
2017-05-17, 5.7500, 5.8100, 5.5300, 5.6000, 8806401
2017-05-18, 5.6000, 5.6800, 5.5200, 5.5500, 3874747
2017-05-19, 5.5500, 5.7500, 5.5500, 5.6600, 3930611
2017-05-22, 5.7000, 6.0000, 5.7000, 5.9000, 4909303
2017-05-23, 5.9100, 5.9400, 5.8600, 5.8900, 1766233
2017-05-24, 5.9000, 5.9500, 5.8100, 5.8500, 2494129
2017-05-25, 5.8900, 5.9000, 5.7200, 5.7200, 2412825
2017-05-26, 5.7100, 5.7800, 5.4200, 5.5900, 7187353
2017-05-30, 5.5600, 5.6750, 5.4700, 5.4800, 4352439
2017-05-31, 5.5100, 5.5500, 5.3200, 5.5000, 8348305
2017-06-01, 5.4700, 5.8000, 5.4650, 5.7000, 6898464
2017-06-02, 5.6900, 5.7400, 5.5300, 5.6000, 4586827
2017-06-05, 5.6000, 5.7500, 5.5700, 5.7100, 3211307
2017-06-06, 5.6200, 5.7200, 5.5600, 5.6600, 3669144
2017-06-07, 5.6600, 5.7400, 5.6300, 5.6900, 2745118
2017-06-08, 5.6900, 5.8600, 5.6900, 5.7700, 5188016
2017-06-09, 5.7800, 5.8400, 5.6700, 5.7800, 3693641
2017-06-12, 5.7600, 5.8100, 5.6200, 5.6200, 3843085
2017-06-13, 5.6200, 5.8650, 5.5900, 5.8000, 8149950
2017-06-14, 5.7900, 5.8100, 5.6700, 5.7000, 3720217
2017-06-15, 5.5800, 5.7000, 5.5700, 5.6500, 3949979
2017-06-16, 5.5800, 5.7500, 5.5700, 5.6100, 4408737
2017-06-19, 5.6300, 5.8400, 5.6300, 5.7800, 8832901
2017-06-20, 5.8200, 5.8200, 5.6400, 5.6500, 2402223
2017-06-21, 5.6900, 5.7000, 5.4900, 5.5300, 4186610
2017-06-22, 5.5200, 5.7000, 5.5200, 5.7000, 3230687
2017-06-23, 5.7100, 5.7500, 5.6300, 5.6700, 8619714
2017-06-26, 5.6400, 5.7400, 5.6090, 5.7200, 5491849
2017-06-27, 5.7400, 5.8200, 5.5400, 5.5600, 5617356
2017-06-28, 5.5800, 5.6900, 5.5400, 5.6200, 8328802
2017-06-29, 5.6800, 5.7000, 5.5200, 5.6000, 3043441
2017-06-30, 5.6200, 5.6400, 5.5100, 5.5100, 3355947
2017-07-03, 5.5100, 5.6600, 5.5100, 5.6000, 1417793
2017-07-05, 5.6000, 5.6900, 5.5200, 5.5700, 2226886
2017-07-06, 5.4800, 5.5300, 5.2700, 5.3700, 4535955
2017-07-07, 5.3700, 5.4300, 5.3300, 5.4300, 2462383
2017-07-10, 5.4200, 5.4400, 5.2700, 5.3400, 5526817
2017-07-11, 5.3700, 5.4400, 5.3300, 5.3700, 3729741
2017-07-12, 5.4100, 5.4600, 5.3700, 5.3900, 2860551
2017-07-13, 5.3600, 5.4600, 5.3100, 5.4100, 6110906
2017-07-14, 5.3400, 5.4900, 5.3200, 5.3900, 3880409
2017-07-17, 5.3800, 5.4400, 5.1700, 5.3000, 6688331
2017-07-18, 5.3000, 5.3900, 5.1900, 5.2900, 5337555
2017-07-19, 5.2900, 5.2900, 5.1400, 5.2000, 4401424
2017-07-20, 5.2000, 5.2400, 5.1500, 5.2000, 2482511
2017-07-21, 5.2200, 5.2700, 5.1200, 5.1900, 3697860
2017-07-24, 5.1900, 5.2000, 5.0600, 5.0800, 4722500
2017-07-25, 5.1200, 5.2000, 5.1000, 5.1400, 2667536
2017-07-26, 5.1400, 5.2700, 5.0500, 5.2100, 5081151
2017-07-27, 5.2300, 5.2300, 5.0200, 5.1900, 9851930
2017-07-28, 5.1900, 5.3000, 5.1500, 5.2200, 7174449
2017-07-31, 5.2300, 5.2800, 5.0700, 5.0700, 2661367
2017-08-01, 5.1000, 5.1300, 5.0200, 5.0900, 5638642
2017-08-02, 5.0900, 5.0900, 4.9200, 4.9600, 5691367
2017-08-03, 5.1200, 5.2900, 5.0500, 5.0900, 5979538
2017-08-04, 5.1300, 5.2500, 5.1000, 5.2100, 4351109
2017-08-07, 5.2100, 5.6400, 5.1300, 5.4600, 12487822
2017-08-08, 5.8500, 6.4700, 5.7800, 6.4500, 33539182
2017-08-09, 6.1900, 6.2700, 5.9600, 6.0800, 17682428
2017-08-10, 6.0800, 6.1200, 5.8600, 5.9000, 10487062
2017-08-11, 5.9000, 6.0100, 5.7150, 5.8000, 6849285
2017-08-14, 5.8800, 5.9100, 5.7400, 5.8100, 5372355
2017-08-15, 5.8400, 5.9100, 5.7800, 5.8300, 4008660
2017-08-16, 5.9100, 6.0100, 5.8900, 5.9300, 5279252
2017-08-17, 5.9500, 5.9650, 5.8100, 5.8300, 3723397
2017-08-18, 5.7800, 5.9900, 5.7600, 5.9600, 12698049
2017-08-21, 6.0000, 6.2200, 5.9700, 6.0500, 8416829
2017-08-22, 6.0500, 6.1150, 5.9700, 6.0000, 3327082
2017-08-23, 5.9600, 6.1100, 5.8800, 6.0400, 4316860
2017-08-24, 6.0800, 6.4000, 6.0800, 6.2000, 7439597
2017-08-25, 6.2100, 6.2900, 6.1000, 6.1500, 2845822
2017-08-28, 6.1500, 6.2100, 6.0300, 6.1000, 9333342
2017-08-29, 6.0200, 6.1500, 5.9900, 6.1300, 2188781
2017-08-30, 6.1300, 6.2350, 6.1000, 6.1400, 4305616
2017-08-31, 6.1500, 6.2300, 6.1200, 6.1900, 2430516
2017-09-01, 6.1800, 6.3100, 6.1600, 6.3100, 2537001
2017-09-05, 6.2900, 6.3400, 6.1200, 6.1700, 8455865
2017-09-06, 6.1900, 6.2650, 6.1200, 6.1400, 3280383
2017-09-07, 6.1200, 6.1600, 5.9900, 5.9900, 3557795
2017-09-08, 6.0100, 6.0700, 5.8050, 5.8600, 5334799
2017-09-11, 5.9000, 6.2400, 5.9000, 6.2000, 6369793
2017-09-12, 6.2300, 6.3600, 6.1350, 6.2900, 6516298
2017-09-13, 6.3100, 6.4700, 6.1800, 6.2800, 7125155
2017-09-14, 6.3000, 6.3050, 6.0500, 6.0700, 3234248
2017-09-15, 6.1100, 6.2000, 6.0300, 6.1800, 6144718
2017-09-18, 6.1800, 6.2700, 6.0800, 6.1400, 11491672
2017-09-19, 6.1500, 6.1700, 5.9700, 5.9900, 2506491
2017-09-20, 5.9900, 6.0800, 5.9600, 6.0600, 2669455
2017-09-21, 6.0600, 6.1750, 6.0400, 6.1000, 2518568
2017-09-22, 6.0700, 6.1400, 6.0500, 6.0600, 2862211
2017-09-25, 6.0800, 6.1700, 5.9500, 5.9700, 2669367
2017-09-26, 5.9700, 6.1050, 5.9550, 5.9700, 8202498
2017-09-27, 6.0100, 6.2100, 5.9800, 6.1900, 3376853
2017-09-28, 6.1800, 6.3000, 6.1200, 6.2400, 2808025
2017-09-29, 6.2300, 6.3300, 6.0600, 6.0900, 2860769
2017-10-02, 6.1000, 6.2700, 6.1000, 6.2700, 3239984
2017-10-03, 6.2600, 6.4500, 6.2500, 6.4200, 4480967
2017-10-04, 6.4200, 6.5500, 6.3400, 6.4100, 8652231
2017-10-05, 6.4700, 6.5600, 6.3000, 6.4200, 8285579
2017-10-06, 6.4500, 6.4780, 6.3600, 6.3900, 2583501
2017-10-09, 6.3900, 6.4700, 6.3150, 6.4000, 4213753
2017-10-10, 6.4000, 6.5400, 6.3000, 6.3900, 14716597
2017-10-11, 6.3900, 6.4150, 6.3300, 6.4000, 5167867
2017-10-12, 6.3900, 6.4000, 6.2300, 6.3500, 3734931
2017-10-13, 6.3700, 6.5200, 6.3500, 6.4600, 11259830
2017-10-16, 6.5200, 6.5250, 6.3000, 6.3200, 10846217
2017-10-17, 6.3400, 6.3750, 6.2300, 6.2400, 7183061
2017-10-18, 6.2500, 6.3600, 6.0900, 6.1100, 5336052
2017-10-19, 6.0500, 6.1200, 5.9100, 5.9800, 13612508
2017-10-20, 6.1100, 6.1500, 5.9300, 6.0000, 6618241
2017-10-23, 6.0100, 6.1100, 5.6800, 5.6900, 6588000
2017-10-24, 5.7100, 5.8150, 5.4900, 5.5800, 13494519
2017-10-25, 5.6000, 5.8100, 5.5500, 5.7400, 8190528
2017-10-26, 5.7500, 5.8500, 5.6200, 5.7500, 4595569
2017-10-27, 5.7500, 5.8500, 5.6100, 5.8100, 5251249
2017-10-30, 5.7800, 5.8850, 5.6550, 5.6900, 3277204
2017-10-31, 5.6800, 5.7500, 5.6650, 5.6900, 4021874
2017-11-01, 5.7800, 5.8500, 5.5700, 5.6400, 4372220
2017-11-02, 5.6200, 5.6700, 5.5100, 5.6200, 4364122
2017-11-03, 5.5900, 5.6900, 5.5500, 5.6300, 2757339
2017-11-06, 5.6300, 5.8600, 5.6000, 5.8500, 5828800
2017-11-07, 5.9500, 5.9500, 5.4400, 5.4600, 16857340
2017-11-08, 4.2000, 4.6750, 4.2000, 4.5900, 30910781
2017-11-09, 4.6000, 4.6000, 4.2000, 4.2900, 17336524
2017-11-10, 4.3700, 4.5900, 4.2600, 4.3000, 18226524
2017-11-13, 4.3000, 4.3500, 4.1600, 4.2500, 11841764
2017-11-14, 4.2400, 4.2600, 4.1400, 4.1700, 4995951
2017-11-15, 4.1500, 4.1700, 4.0500, 4.1200, 4943505
2017-11-16, 4.2900, 4.4300, 4.2000, 4.2700, 7810727
2017-11-17, 4.3000, 4.3600, 4.2400, 4.3000, 4464898
2017-11-20, 4.3100, 4.3800, 4.2300, 4.2600, 10394928
2017-11-21, 4.2400, 4.3600, 4.2000, 4.3100, 4163129
2017-11-22, 4.3000, 4.3700, 4.2600, 4.2800, 3277361
2017-11-24, 4.3300, 4.3500, 4.2400, 4.2600, 1279227
2017-11-27, 4.2600, 4.2600, 4.1500, 4.2200, 12933790
2017-11-28, 4.2400, 4.3600, 4.1300, 4.3600, 9795446
2017-11-29, 4.3400, 4.6600, 4.3328, 4.5100, 15912289
2017-11-30, 4.5700, 4.5800, 4.3500, 4.3700, 10642613
2017-12-01, 4.3500, 4.3800, 4.1800, 4.3000, 8964069
2017-12-04, 4.3900, 4.4550, 4.2700, 4.3700, 7001128
2017-12-05, 4.3700, 4.3900, 4.2500, 4.2500, 5586483
2017-12-06, 4.2300, 4.2800, 4.1600, 4.2500, 5395751
2017-12-07, 3.5500, 3.9400, 3.2900, 3.5900, 47954576
2017-12-08, 3.7400, 3.7400, 3.4600, 3.5100, 20153648
2017-12-11, 3.5400, 3.9700, 3.4000, 3.8900, 54735253
2017-12-12, 3.9300, 4.4200, 3.9300, 4.2100, 28711039
2017-12-13, 4.2200, 4.2500, 3.7700, 4.0200, 14917453
2017-12-14, 3.9600, 4.1400, 3.9300, 3.9900, 6406522
2017-12-15, 4.0000, 4.1000, 3.9000, 4.0300, 11133400
2017-12-18, 4.1000, 4.2000, 4.0550, 4.1400, 10423229
2017-12-19, 4.1100, 4.1900, 4.0300, 4.0500, 10174627
2017-12-20, 4.0900, 4.1360, 4.0100, 4.0900, 7360338
2017-12-21, 4.0900, 4.1700, 4.0800, 4.1100, 4497441
2017-12-22, 4.0900, 4.1450, 4.0400, 4.1100, 3050440
2017-12-26, 4.1100, 4.2750, 4.0900, 4.2100, 3942250
2017-12-27, 4.2100, 4.2800, 4.1000, 4.1200, 7420261
2017-12-28, 4.1500, 4.1900, 4.0834, 4.1800, 4410879
2017-12-29, 4.1900, 4.2000, 4.1000, 4.1300, 2947665
2018-01-02, 4.1400, 4.3300, 4.1350, 4.2900, 9846694
2018-01-03, 4.2800, 4.3700, 4.1800, 4.1900, 8687290
2018-01-04, 4.2500, 4.2800, 4.0700, 4.1000, 11951155
2018-01-05, 4.1100, 4.1600, 4.0500, 4.0700, 6582007
2018-01-08, 4.1100, 4.1700, 4.0300, 4.1000, 5771219
2018-01-09, 4.0700, 4.1000, 3.9100, 3.9900, 5964971
2018-01-10, 3.9600, 4.3200, 3.8900, 4.1800, 18655947
2018-01-11, 4.2700, 4.3600, 4.1700, 4.3300, 8452085
2018-01-12, 4.3400, 4.3565, 4.2100, 4.2700, 6064091
2018-01-16, 4.3000, 4.3300, 4.0700, 4.1200, 7447216
2018-01-17, 4.1400, 4.1600, 4.0800, 4.1400, 3237427
2018-01-18, 4.1400, 4.1500, 4.0700, 4.1500, 3644084
2018-01-19, 4.1000, 4.1300, 4.0100, 4.0200, 8533872
2018-01-22, 4.0000, 4.0750, 4.0000, 4.0600, 7080767
2018-01-23, 4.0500, 4.2200, 4.0300, 4.2100, 3881223
2018-01-24, 4.2100, 4.2150, 4.0700, 4.1000, 3950803
2018-01-25, 4.0800, 4.1000, 4.0100, 4.0800, 2678974
2018-01-26, 4.1100, 4.1400, 4.0150, 4.0800, 17287337
2018-01-29, 4.0700, 4.0800, 4.0000, 4.0100, 10600005
2018-01-30, 4.0100, 4.0200, 3.8300, 3.8400, 9894341
2018-01-31, 3.9000, 3.9700, 3.6500, 3.6600, 10447008
2018-02-01, 3.6600, 3.8600, 3.6000, 3.8200, 10487671
2018-02-02, 3.7700, 3.8250, 3.6400, 3.6600, 5283229
2018-02-05, 3.6400, 3.7500, 3.5800, 3.6200, 10353511
2018-02-06, 3.5200, 3.6800, 3.5100, 3.6700, 7571121
2018-02-07, 3.6400, 3.8300, 3.6400, 3.8000, 5546674
2018-02-08, 3.8300, 3.8400, 3.6700, 3.7000, 10257280
2018-02-09, 3.7400, 3.7400, 3.5700, 3.7000, 6875511
2018-02-12, 3.6900, 3.8200, 3.5700, 3.7500, 8972890
2018-02-13, 3.7300, 3.8600, 3.6900, 3.7500, 8937909
2018-02-14, 3.7300, 3.9600, 3.7000, 3.9400, 6226167
2018-02-15, 3.9600, 3.9770, 3.8600, 3.9400, 5666514
2018-02-16, 3.9000, 4.0000, 3.8999, 3.9500, 2046277
2018-02-20, 3.9700, 4.1400, 3.9500, 4.1300, 9379853
2018-02-21, 3.6200, 4.0000, 3.6000, 3.9000, 12486255
2018-02-22, 3.9200, 3.9200, 3.7400, 3.7500, 6831896
2018-02-23, 3.7200, 3.7200, 3.3400, 3.3500, 14748926
2018-02-26, 3.3900, 3.4400, 3.2500, 3.2700, 10756290
2018-02-27, 3.2700, 3.3400, 3.2000, 3.2000, 6964010
2018-02-28, 3.2000, 3.2500, 3.0900, 3.1500, 9844281
2018-03-01, 3.1400, 3.8450, 3.1400, 3.6500, 30767598
2018-03-02, 3.6000, 3.8400, 3.5200, 3.7900, 17352354
2018-03-05, 3.8300, 3.8800, 3.7800, 3.8300, 6886665
2018-03-06, 3.8700, 3.9500, 3.8300, 3.9100, 5684095
2018-03-07, 3.8600, 3.9700, 3.8100, 3.8700, 3638159
2018-03-08, 3.8800, 3.9300, 3.8300, 3.9000, 2525895
2018-03-09, 3.9400, 4.0052, 3.8850, 3.9500, 2750251
2018-03-12, 3.9500, 4.0400, 3.9300, 3.9900, 2336946
2018-03-13, 4.0200, 4.0400, 3.7700, 3.8000, 5804712
2018-03-14, 3.8100, 3.8850, 3.7800, 3.7800, 2448920
2018-03-15, 3.8100, 3.8800, 3.7200, 3.7800, 5940201
2018-03-16, 3.7900, 3.9100, 3.7500, 3.9000, 3279010
2018-03-19, 3.9000, 3.9400, 3.7800, 3.9000, 5855927
2018-03-20, 3.9200, 3.9200, 3.7500, 3.7700, 3465071
2018-03-21, 3.7600, 3.7750, 3.6500, 3.6800, 6038315
2018-03-22, 3.6500, 3.7000, 3.6100, 3.6200, 3445301
2018-03-23, 3.6300, 3.6700, 3.5200, 3.5600, 4041430
2018-03-26, 3.6300, 3.6700, 3.5500, 3.6500, 3899184
2018-03-27, 3.6400, 3.7800, 3.5650, 3.6100, 6294675
2018-03-28, 3.6000, 3.6010, 3.4500, 3.5100, 3796308
2018-03-29, 3.5100, 3.5500, 3.4300, 3.5000, 2636089
2018-04-02, 3.5000, 3.5000, 3.3200, 3.3500, 3808474
2018-04-03, 3.3600, 3.4100, 3.2800, 3.3600, 3016507
2018-04-04, 3.2900, 3.4900, 3.2800, 3.4700, 5164916
2018-04-05, 3.4900, 3.4900, 3.4000, 3.4500, 2867082
2018-04-06, 3.4100, 3.4500, 3.3500, 3.4100, 2355318
2018-04-09, 3.4100, 3.4500, 3.3100, 3.3400, 10539979
2018-04-10, 3.3700, 3.4000, 3.2900, 3.3000, 2762442
2018-04-11, 3.2700, 3.3600, 3.2200, 3.2400, 5914099
2018-04-12, 3.2400, 3.3400, 3.2400, 3.3100, 2882251
2018-04-13, 3.3100, 3.3800, 3.2600, 3.3100, 3970945
2018-04-16, 3.3100, 3.4600, 3.2600, 3.3500, 6814756
2018-04-17, 3.3600, 3.4800, 3.3600, 3.3900, 3931526
2018-04-18, 3.4000, 3.4900, 3.3800, 3.4300, 2934471
2018-04-19, 3.4200, 3.5000, 3.3600, 3.4000, 2691242
2018-04-20, 3.3800, 3.4101, 3.2950, 3.3100, 2207704
2018-04-23, 3.3200, 3.3350, 3.2300, 3.2700, 2315856
2018-04-24, 3.2700, 3.3700, 3.2200, 3.2600, 3980007
2018-04-25, 3.2700, 3.2850, 2.6900, 2.7700, 18904562
2018-04-26, 2.7800, 3.0000, 2.7000, 2.8600, 8088503
2018-04-27, 2.8600, 2.9300, 2.6800, 2.7000, 8313015
2018-04-30, 2.7600, 2.7600, 2.6300, 2.6900, 5627955
2018-05-01, 2.6700, 2.7100, 2.5700, 2.6700, 4900077
2018-05-02, 2.6400, 2.7300, 2.6200, 2.6500, 4108617
2018-05-03, 2.6600, 2.7400, 2.6150, 2.7100, 3114808
2018-05-04, 2.7000, 2.7100, 2.6250, 2.6500, 2631134
2018-05-07, 2.6600, 2.7500, 2.6300, 2.7300, 3226468
2018-05-08, 2.7500, 2.8500, 2.7200, 2.8200, 4640953
2018-05-09, 3.0000, 3.6400, 2.9900, 3.4000, 28119326
2018-05-10, 3.4400, 3.5400, 3.3700, 3.4800, 7119110
2018-05-11, 3.4800, 3.5400, 3.2700, 3.3200, 6658507
2018-05-14, 3.3000, 3.3400, 3.2300, 3.3200, 3655289
2018-05-15, 3.2900, 3.3400, 3.2400, 3.3200, 3097419
2018-05-16, 3.3300, 3.4200, 3.3100, 3.4200, 3982662
2018-05-17, 3.4200, 3.4500, 3.3800, 3.4100, 2352572
2018-05-18, 3.4300, 3.4375, 3.3600, 3.4100, 2688607
2018-05-21, 3.4000, 3.4800, 3.3850, 3.4500, 6221671
2018-05-22, 3.4400, 3.4500, 3.3850, 3.3900, 2088693
2018-05-23, 3.3800, 3.3800, 3.2650, 3.2800, 2969228
2018-05-24, 3.2700, 3.3300, 3.2450, 3.2600, 2326968
2018-05-25, 3.2600, 3.3800, 3.2300, 3.3700, 1995329
2018-05-29, 3.3200, 3.4200, 3.2950, 3.3200, 4175829
2018-05-30, 3.3100, 3.3800, 3.2800, 3.3300, 2904621
2018-05-31, 3.3200, 3.3700, 3.2750, 3.2900, 2463717
2018-06-01, 3.3300, 3.3500, 3.2700, 3.3000, 2630186
2018-06-04, 3.3100, 3.4450, 3.2950, 3.4200, 2337492
2018-06-05, 3.4300, 3.5300, 3.4100, 3.5200, 2822724
2018-06-06, 3.5300, 3.5700, 3.4700, 3.5300, 2337790
2018-06-07, 3.5400, 3.5600, 3.4700, 3.5100, 1793945
2018-06-08, 3.5000, 3.7100, 3.4800, 3.6700, 2675619
2018-06-11, 3.6800, 3.8400, 3.6400, 3.7200, 3364175
2018-06-12, 3.7200, 3.8150, 3.6700, 3.7400, 1781110
2018-06-13, 3.7300, 3.8100, 3.6775, 3.7900, 2927625
2018-06-14, 3.7600, 3.8200, 3.7300, 3.8200, 3158320
2018-06-15, 3.8300, 3.9100, 3.7800, 3.9100, 3841917
2018-06-18, 3.9000, 3.9800, 3.8200, 3.9800, 3564677
2018-06-19, 3.9300, 4.0000, 3.7300, 4.0000, 4965161
2018-06-20, 4.0000, 4.0300, 3.9400, 3.9900, 3315387
2018-06-21, 3.9900, 4.1200, 3.9300, 3.9700, 4542682
2018-06-22, 3.9700, 4.0400, 3.9100, 3.9200, 7563722
2018-06-25, 3.8800, 3.9000, 3.7500, 3.8500, 2171832
2018-06-26, 3.8600, 3.9100, 3.7400, 3.9100, 1957061
2018-06-27, 3.9300, 3.9300, 3.7600, 3.7800, 2237225
2018-06-28, 3.7800, 3.7900, 3.7000, 3.7600, 2605689
2018-06-29, 3.8000, 3.8200, 3.7200, 3.7900, 3273710
2018-07-02, 3.7400, 3.8700, 3.6700, 3.7500, 3841867
2018-07-03, 3.7500, 3.8300, 3.7350, 3.7400, 1035024
2018-07-05, 3.8000, 3.9800, 3.7400, 3.9700, 4897127
2018-07-06, 3.9600, 4.1600, 3.9300, 4.1200, 3903507
2018-07-09, 4.1600, 4.5000, 4.1400, 4.4400, 10428982
2018-07-10, 4.4300, 4.4900, 4.3200, 4.4600, 4357708
2018-07-11, 4.4300, 4.4800, 4.3750, 4.4600, 2153545
2018-07-12, 4.4800, 4.5000, 4.4100, 4.4600, 3954416
2018-07-13, 4.4500, 4.4900, 4.2010, 4.4600, 3474036
2018-07-16, 4.4500, 4.5500, 4.3900, 4.4500, 4983484
2018-07-17, 4.4700, 4.4900, 4.3400, 4.3600, 2769027
2018-07-18, 4.3700, 4.4350, 4.2900, 4.4000, 3999022
2018-07-19, 4.1300, 4.3600, 4.0900, 4.3400, 4208410
2018-07-20, 4.3500, 4.3800, 4.2800, 4.3000, 3667547
2018-07-23, 4.3000, 4.5000, 4.2600, 4.4800, 4112767
2018-07-24, 4.5000, 4.5500, 4.3400, 4.3600, 5001385
2018-07-25, 4.3500, 4.3900, 4.1950, 4.2700, 2891727
2018-07-26, 4.2800, 4.4100, 4.2450, 4.2700, 3320159
2018-07-27, 4.2800, 4.3200, 4.0100, 4.0400, 5090410
2018-07-30, 4.0300, 4.1250, 3.9300, 3.9400, 5497769
2018-07-31, 3.9700, 4.1500, 3.9300, 4.1200, 8980019
2018-08-01, 4.1300, 4.1300, 3.8800, 3.9300, 7735643
2018-08-02, 3.8800, 4.0050, 3.8600, 3.9200, 4246962
2018-08-03, 3.9400, 4.0800, 3.8400, 3.9300, 4179116
2018-08-06, 3.9400, 4.0300, 3.8725, 3.9600, 9413923
2018-08-07, 3.9900, 4.1300, 3.9400, 4.0900, 7563160
2018-08-08, 4.0700, 4.1000, 3.6600, 3.6800, 5038198
2018-08-09, 3.6600, 3.6900, 3.4600, 3.6800, 4555975
2018-08-10, 3.6700, 3.7000, 3.5800, 3.6900, 3136651
2018-08-13, 3.7000, 3.7700, 3.6550, 3.7600, 3990843
2018-08-14, 3.7500, 3.8400, 3.7100, 3.8100, 1886378
2018-08-15, 3.8000, 3.8700, 3.7200, 3.8100, 4090291
2018-08-16, 3.8500, 3.9000, 3.8000, 3.8300, 4185973
2018-08-17, 3.7900, 3.8500, 3.7100, 3.7900, 1816588
2018-08-20, 3.8000, 3.9000, 3.7900, 3.8600, 2373997
2018-08-21, 3.8800, 3.9400, 3.8700, 3.9000, 2705537
2018-08-22, 3.9100, 3.9300, 3.8600, 3.9100, 1197293
2018-08-23, 3.8800, 3.9750, 3.8684, 3.9000, 3370268
2018-08-24, 3.9000, 3.9300, 3.8300, 3.8400, 2631614
2018-08-27, 3.8400, 3.9300, 3.8400, 3.9100, 2173924
2018-08-28, 3.9300, 3.9300, 3.7900, 3.8300, 1647698
2018-08-29, 3.8300, 3.8300, 3.6500, 3.6700, 5147133
2018-08-30, 3.6400, 3.6900, 3.5700, 3.6300, 1883829
2018-08-31, 3.6100, 3.6500, 3.5349, 3.6100, 1666080
2018-09-04, 3.6100, 3.7300, 3.5400, 3.7200, 3661529
2018-09-05, 3.7200, 3.7900, 3.6500, 3.7300, 1417911
2018-09-06, 3.7100, 3.7600, 3.6100, 3.6400, 1423121
2018-09-07, 3.6500, 3.7000, 3.6000, 3.6000, 1905429
2018-09-10, 3.6100, 3.6600, 3.4600, 3.4700, 1982318
2018-09-11, 3.4600, 3.5100, 3.3800, 3.3900, 3487746
2018-09-12, 3.4000, 3.4400, 3.2550, 3.3800, 3372169
2018-09-13, 3.3800, 3.4750, 3.3600, 3.3900, 1269417
2018-09-14, 3.3900, 3.4700, 3.3200, 3.3800, 2385470
2018-09-17, 3.3900, 3.4500, 3.3600, 3.3800, 4922647
2018-09-18, 3.3800, 3.4670, 3.3800, 3.4100, 1130225
2018-09-19, 3.4300, 3.6200, 3.4300, 3.6100, 2840285
2018-09-20, 3.6100, 3.6500, 3.4800, 3.6100, 2712166
2018-09-21, 3.6000, 3.6400, 3.5400, 3.5700, 8169005
2018-09-24, 3.5700, 3.6800, 3.5700, 3.6300, 2147770
2018-09-25, 3.6400, 3.7050, 3.5800, 3.6700, 3085724
2018-09-26, 3.6700, 3.6950, 3.6200, 3.6300, 2819719
2018-09-27, 3.6500, 3.8400, 3.6300, 3.8400, 3427524
2018-09-28, 3.8700, 3.9300, 3.7700, 3.8800, 3705694
2018-10-01, 3.8700, 4.0200, 3.7700, 3.9300, 3090503
2018-10-02, 3.9400, 3.9900, 3.8700, 3.8900, 3889372
2018-10-03, 3.9100, 4.0300, 3.8700, 3.9700, 2208779
2018-10-04, 3.9800, 4.0000, 3.9000, 3.9100, 2653580
2018-10-05, 3.9100, 3.9150, 3.8300, 3.8700, 1880701
2018-10-08, 3.8800, 3.8800, 3.7200, 3.7900, 2854796
2018-10-09, 3.7700, 3.8750, 3.7700, 3.8100, 2707833
2018-10-10, 3.8100, 3.8400, 3.5100, 3.7000, 3982951
2018-10-11, 3.6800, 3.6800, 3.3450, 3.4000, 3950059
2018-10-12, 3.4900, 3.4900, 3.3250, 3.3900, 2529366
2018-10-15, 3.3700, 3.4600, 3.2800, 3.4100, 3424864
2018-10-16, 3.4500, 3.6100, 3.4100, 3.6000, 2068366
2018-10-17, 3.5700, 3.6200, 3.4700, 3.6000, 1501833
2018-10-18, 3.6000, 3.6200, 3.5400, 3.5800, 2161113
2018-10-19, 3.5600, 3.6800, 3.5100, 3.6300, 1620606
2018-10-22, 3.6300, 3.6700, 3.4300, 3.4800, 1873526
2018-10-23, 3.4300, 3.4800, 3.3600, 3.4400, 1743747
2018-10-24, 3.4200, 3.4200, 3.1800, 3.1900, 2573334
2018-10-25, 3.2100, 3.2700, 3.1700, 3.2400, 2434500
2018-10-26, 3.2100, 3.2200, 3.0200, 3.1300, 2884499
2018-10-29, 3.1800, 3.2300, 2.9800, 3.0200, 4029526
2018-10-30, 3.0500, 3.1400, 2.9700, 3.1300, 4116199
2018-10-31, 3.1800, 3.2500, 3.1600, 3.2300, 2616584
2018-11-01, 3.2600, 3.4534, 3.2100, 3.4200, 2009904
2018-11-02, 3.4500, 3.5500, 3.4250, 3.5300, 1764311
2018-11-05, 3.5400, 3.5700, 3.3900, 3.4800, 2753416
2018-11-06, 3.4700, 3.6800, 3.4100, 3.6400, 4635381
2018-11-07, 3.7800, 3.8350, 3.5300, 3.6800, 3147896
2018-11-08, 3.6700, 3.7300, 3.6200, 3.6400, 2451798
2018-11-09, 3.6100, 3.6300, 3.4250, 3.4600, 2300237
