2017-09-06, 25.0800, 25.0800, 25.0800, 25.0800, 107
2017-09-07, 25.0000, 25.0072, 25.0000, 25.0072, 1007
2017-09-08, 25.0100, 25.0100, 25.0100, 25.0100, 345
2017-09-11, 25.2540, 25.2540, 25.2540, 25.2540, 500
2017-09-12, 25.3899, 25.3900, 25.3899, 25.3900, 15635
2017-09-13, 25.3500, 25.4500, 25.3500, 25.4500, 3771
2017-09-14, 25.4500, 25.4500, 25.4500, 25.4500, 26
2017-09-15, 25.4799, 25.4800, 25.4799, 25.4800, 506
2017-09-18, 25.6200, 25.6200, 25.5680, 25.5900, 6929
2017-09-19, 25.5700, 25.6200, 25.5700, 25.6100, 1663
2017-09-20, 25.5700, 25.6100, 25.5700, 25.6090, 8293
2017-09-21, 25.6300, 25.6300, 25.5800, 25.5800, 3768
2017-09-22, 25.5743, 25.5743, 25.5743, 25.5743, 196
2017-09-25, 25.6500, 25.6500, 25.5500, 25.6400, 9067
2017-09-26, 25.6600, 25.6899, 25.5900, 25.5900, 26475
2017-09-27, 25.6500, 25.6999, 25.5800, 25.6999, 1765
2017-09-28, 25.7100, 25.7100, 25.7100, 25.7100, 376
2017-09-29, 25.7100, 25.7100, 25.7100, 25.7100, 77
2017-10-02, 25.8400, 25.9149, 25.8400, 25.9149, 500
2017-10-03, 25.9149, 25.9149, 25.9149, 25.9149, 0
2017-10-04, 26.0200, 26.0900, 25.9800, 26.0792, 1353
2017-10-05, 26.0400, 26.0400, 26.0400, 26.0400, 385
2017-10-06, 26.0900, 26.0900, 26.0700, 26.0700, 750
2017-10-09, 26.0700, 26.0700, 26.0700, 26.0700, 3
2017-10-10, 26.1000, 26.1000, 26.1000, 26.1000, 232
2017-10-11, 26.1400, 26.1400, 26.1400, 26.1400, 311
2017-10-12, 26.1290, 26.1290, 26.1290, 26.1290, 384
2017-10-13, 26.1600, 26.1600, 26.1600, 26.1600, 1000
2017-10-16, 26.2000, 26.2000, 26.1391, 26.1800, 3626
2017-10-17, 26.1500, 26.1500, 26.1500, 26.1500, 144
2017-10-18, 26.2500, 26.2800, 26.2500, 26.2775, 2506
2017-10-19, 26.2775, 26.2775, 26.2775, 26.2775, 0
2017-10-20, 26.3990, 26.4290, 26.3990, 26.4157, 653
2017-10-23, 26.4697, 26.4697, 26.3550, 26.3800, 18681
2017-10-24, 26.4400, 26.4400, 26.4400, 26.4400, 371
2017-10-25, 26.4000, 26.4000, 26.2800, 26.2800, 693
2017-10-26, 26.3800, 26.4100, 26.3400, 26.3580, 4772
2017-10-27, 26.3400, 26.3900, 26.3400, 26.3650, 4948
2017-10-30, 26.3100, 26.3100, 26.2400, 26.2800, 17182
2017-10-31, 26.2800, 26.3300, 26.2700, 26.3190, 10861
2017-11-01, 26.2600, 26.3200, 26.2600, 26.3200, 771
2017-11-02, 26.3253, 26.3253, 26.3253, 26.3253, 178
2017-11-03, 26.3800, 26.4000, 26.3400, 26.4000, 1180
2017-11-06, 26.4360, 26.4360, 26.4360, 26.4360, 742
2017-11-07, 26.4250, 26.4250, 26.3600, 26.3600, 3100
2017-11-08, 26.4250, 26.4300, 26.4250, 26.4300, 621
2017-11-09, 26.3000, 26.3460, 26.3000, 26.3032, 4706
2017-11-10, 26.3690, 26.3700, 26.3600, 26.3600, 1081
2017-11-13, 26.4000, 26.4400, 26.3900, 26.4400, 3497
2017-11-14, 26.3000, 26.3500, 26.3000, 26.3398, 3494
2017-11-15, 26.1701, 26.2700, 26.1500, 26.2700, 2609
2017-11-16, 26.4618, 26.4900, 26.4618, 26.4900, 430
2017-11-17, 26.4900, 26.4900, 26.4900, 26.4900, 47
2017-11-20, 26.5700, 26.6000, 26.5441, 26.5750, 1840
2017-11-21, 26.5750, 26.5750, 26.5750, 26.5750, 0
2017-11-22, 26.5750, 26.5750, 26.5750, 26.5750, 0
2017-11-24, 26.5750, 26.5750, 26.5750, 26.5750, 11
2017-11-27, 26.6800, 26.7295, 26.6800, 26.7295, 8663
2017-11-28, 26.8054, 26.8700, 26.8050, 26.8500, 1799
2017-11-29, 27.1500, 27.1600, 27.1000, 27.1599, 1325
2017-11-30, 27.3000, 27.4300, 27.2700, 27.3488, 7182
2017-12-01, 27.3300, 27.3300, 26.9790, 27.2280, 2995
2017-12-04, 27.6000, 27.6000, 27.4700, 27.4700, 1521
2017-12-05, 27.4270, 27.4270, 27.3150, 27.3150, 822
2017-12-06, 27.2700, 27.3000, 27.2650, 27.2690, 1716
2017-12-07, 27.2690, 27.2690, 27.2690, 27.2690, 78
2017-12-08, 27.4650, 27.4899, 27.4650, 27.4899, 1113
2017-12-11, 27.5000, 27.5000, 27.5000, 27.5000, 172
2017-12-12, 27.6290, 27.6290, 27.6000, 27.6000, 1536
2017-12-13, 27.6199, 27.6400, 27.6100, 27.6100, 938
2017-12-14, 27.4600, 27.7400, 27.4274, 27.4600, 4324
2017-12-15, 27.7000, 27.7000, 27.7000, 27.7000, 446
2017-12-18, 27.8800, 27.8800, 27.8800, 27.8800, 677
2017-12-19, 27.8300, 27.8300, 27.8100, 27.8100, 1307
2017-12-20, 27.7700, 27.8000, 27.7700, 27.8000, 648
2017-12-21, 27.8550, 27.8999, 27.8250, 27.8330, 4270
2017-12-22, 27.8600, 27.9400, 27.8000, 27.8302, 7703
2017-12-26, 27.8680, 27.8700, 27.8600, 27.8600, 1285
2017-12-27, 27.8800, 27.8800, 27.8300, 27.8671, 5691
2017-12-28, 27.6200, 27.6600, 27.5900, 27.6480, 14369
2017-12-29, 27.6700, 27.6700, 27.6100, 27.6100, 3067
2018-01-02, 27.6600, 27.6800, 27.6500, 27.6600, 6191
2018-01-03, 27.8000, 27.8490, 27.8000, 27.8424, 1483
2018-01-04, 27.9500, 27.9800, 27.9287, 27.9287, 6986
2018-01-05, 28.0100, 28.1400, 28.0100, 28.1400, 11581
2018-01-08, 28.2000, 28.2290, 28.1950, 28.2200, 8587
2018-01-09, 28.2400, 28.3400, 28.2100, 28.2800, 5153
2018-01-10, 28.1500, 28.1799, 28.1500, 28.1700, 734
2018-01-11, 28.3000, 28.4250, 28.3000, 28.4250, 4291
2018-01-12, 28.6200, 28.6300, 28.6000, 28.6300, 2006
2018-01-16, 28.8300, 28.8300, 28.5300, 28.5400, 2758
2018-01-17, 28.6400, 28.8400, 28.6400, 28.8400, 1229
2018-01-18, 28.8300, 28.8500, 28.7800, 28.7800, 9031
2018-01-19, 28.8800, 28.8800, 28.8600, 28.8600, 1009
2018-01-22, 29.0500, 29.1500, 29.0200, 29.1500, 5962
2018-01-23, 29.1600, 29.2360, 29.1600, 29.2232, 7710
2018-01-24, 29.3300, 29.3300, 29.1900, 29.2200, 3465
2018-01-25, 29.2390, 29.2900, 29.1530, 29.2442, 7502
2018-01-26, 29.3000, 29.3000, 29.3000, 29.3000, 277
2018-01-29, 29.4900, 29.4900, 29.3624, 29.3700, 2569
2018-01-30, 29.0200, 29.1200, 28.9800, 29.0100, 7024
2018-01-31, 29.4900, 29.4900, 28.9300, 28.9300, 16843
2018-02-01, 28.9500, 29.0400, 28.9500, 29.0400, 1811
2018-02-02, 28.7632, 28.7632, 28.2900, 28.4000, 24887
2018-02-05, 28.2300, 28.3000, 27.4522, 27.4522, 5428
2018-02-06, 26.9900, 27.7300, 26.9900, 27.6700, 36134
2018-02-07, 27.8567, 28.0000, 27.6940, 27.7150, 28828
2018-02-08, 27.3500, 27.3500, 26.7900, 26.7900, 14765
2018-02-09, 26.9600, 27.1700, 26.2200, 27.0413, 38328
2018-02-12, 27.2600, 27.3798, 27.1799, 27.3600, 1116
2018-02-13, 27.3400, 27.5200, 27.2400, 27.5000, 7421
2018-02-14, 27.2100, 27.8700, 27.2100, 27.8400, 16212
2018-02-15, 28.1000, 28.1120, 27.7700, 28.0850, 17294
2018-02-16, 28.1000, 28.2400, 28.1000, 28.2100, 6705
2018-02-20, 28.0190, 28.0910, 27.9000, 27.9000, 4247
2018-02-21, 28.0001, 28.1850, 27.9200, 27.9500, 15790
2018-02-22, 28.0900, 28.0900, 27.8500, 28.0500, 11065
2018-02-23, 27.9800, 28.1499, 27.9800, 28.1499, 14355
2018-02-26, 28.4300, 28.4800, 28.3200, 28.4700, 3923
2018-02-27, 28.3600, 28.3690, 28.2180, 28.2180, 2974
2018-02-28, 28.1493, 28.2300, 27.8400, 27.8400, 4653
2018-03-01, 27.8320, 27.9700, 27.4805, 27.4805, 2193
2018-03-02, 27.2745, 27.5600, 27.2745, 27.5600, 905
2018-03-05, 27.5700, 28.0340, 27.5700, 28.0075, 9801
2018-03-06, 28.0000, 28.0450, 27.8868, 28.0300, 129701
2018-03-07, 27.9100, 28.0550, 27.8500, 28.0425, 2407
2018-03-08, 28.1415, 28.1415, 27.9717, 28.0819, 17776
2018-03-09, 28.3800, 28.4760, 28.2699, 28.4760, 17566
2018-03-12, 28.5600, 28.5600, 28.4700, 28.4860, 1654
2018-03-13, 28.5940, 28.6000, 28.3100, 28.3100, 2347
2018-03-14, 28.3700, 28.3700, 28.1400, 28.1760, 1714967
2018-03-15, 28.1800, 28.2600, 28.1100, 28.1600, 3958
2018-03-16, 28.2283, 28.2648, 28.1900, 28.1900, 838
2018-03-19, 27.9956, 27.9956, 27.9395, 27.9395, 767
2018-03-20, 27.9564, 27.9564, 27.8895, 27.9550, 2736
2018-03-21, 28.0650, 28.0650, 27.9650, 27.9650, 752
2018-03-22, 27.7500, 27.7500, 27.2540, 27.2540, 4570
2018-03-23, 27.1200, 27.1200, 26.7400, 26.7400, 14759
2018-03-26, 26.9600, 27.4600, 26.9600, 27.4500, 12155
2018-03-27, 27.3700, 27.5490, 26.9300, 26.9502, 4556
2018-03-28, 27.0050, 27.1400, 27.0050, 27.0406, 3358
2018-03-29, 27.0900, 27.3800, 27.0900, 27.3741, 3404
2018-04-02, 26.6100, 26.6100, 26.4697, 26.5600, 6421
2018-04-03, 26.7550, 27.0500, 26.7550, 27.0022, 51766
2018-04-04, 26.7300, 27.3596, 26.7300, 27.3516, 8865
2018-04-05, 27.5200, 27.6400, 27.4900, 27.4900, 1591
2018-04-06, 27.5300, 27.5300, 26.9100, 26.9100, 6400
2018-04-09, 27.1900, 27.3500, 27.1030, 27.1030, 1004
2018-04-10, 27.3899, 27.5400, 27.3600, 27.5400, 3557
2018-04-11, 27.4400, 27.5298, 27.3900, 27.3950, 4280
2018-04-12, 27.6200, 27.6421, 27.5564, 27.5829, 3309
2018-04-13, 27.5700, 27.6000, 27.4183, 27.5205, 3830
2018-04-16, 27.8180, 27.8300, 27.7800, 27.7800, 4782
2018-04-17, 28.0180, 28.0500, 27.9800, 28.0200, 7691
2018-04-18, 28.0400, 28.1274, 28.0400, 28.1052, 5999
2018-04-19, 27.7600, 27.8400, 27.7600, 27.8400, 10763
2018-04-20, 27.6530, 27.6530, 27.5750, 27.5812, 666
2018-04-23, 27.5812, 27.5812, 27.5812, 27.5812, 7
2018-04-24, 27.7600, 27.7600, 27.2200, 27.2600, 4628
2018-04-25, 27.2400, 27.2900, 27.1500, 27.2900, 2294
2018-04-26, 27.5004, 27.6700, 27.5004, 27.6685, 2330
2018-04-27, 27.6899, 27.6983, 27.6822, 27.6983, 500
2018-04-30, 27.6364, 27.6364, 27.5800, 27.5815, 1057
2018-05-01, 27.3000, 27.4283, 27.3000, 27.4283, 377
2018-05-02, 27.3800, 27.5100, 27.3800, 27.4300, 2736
2018-05-03, 27.2400, 27.2400, 26.9383, 27.2295, 11576
2018-05-04, 27.5173, 27.5173, 27.5173, 27.5173, 374
2018-05-07, 27.5100, 27.5700, 27.5100, 27.5700, 3895
2018-05-08, 27.6000, 27.6000, 27.4400, 27.5465, 4805
2018-05-09, 27.8116, 27.8116, 27.7360, 27.7800, 2333
2018-05-10, 27.7800, 27.7800, 27.7800, 27.7800, 0
2018-05-11, 27.9500, 28.1190, 27.9500, 28.0800, 14802
2018-05-14, 28.1400, 28.1400, 28.1264, 28.1264, 1668
2018-05-15, 27.9900, 28.0200, 27.9350, 27.9500, 5196
2018-05-16, 28.1442, 28.2000, 28.1442, 28.1700, 3361
2018-05-17, 28.2300, 28.2400, 28.1300, 28.2400, 5850
2018-05-18, 28.1301, 28.1600, 28.1301, 28.1600, 480
2018-05-21, 28.3590, 28.3800, 28.3100, 28.3590, 13748
2018-05-22, 28.4500, 28.4500, 28.3700, 28.3900, 1493
2018-05-23, 28.1000, 28.1084, 28.1000, 28.1084, 902
2018-05-24, 28.2600, 28.2644, 28.2600, 28.2600, 739
2018-05-25, 28.1400, 28.1400, 28.1400, 28.1400, 595
2018-05-29, 27.9900, 28.1000, 27.8145, 27.9100, 8355
2018-05-30, 28.1210, 28.3600, 28.1210, 28.3600, 2876
2018-05-31, 28.1700, 28.1700, 28.1150, 28.1300, 1661
2018-06-01, 28.2797, 28.2797, 28.2600, 28.2660, 968
2018-06-04, 28.4600, 28.4800, 28.4600, 28.4800, 1371
2018-06-05, 28.5601, 28.5944, 28.5560, 28.5944, 817
2018-06-06, 28.6700, 28.7700, 28.6700, 28.7700, 1601
2018-06-07, 28.8800, 28.8800, 28.8028, 28.8100, 1929
2018-06-08, 28.8448, 28.8983, 28.8448, 28.8983, 1121
2018-06-11, 29.0600, 29.0600, 29.0400, 29.0400, 1711
2018-06-12, 29.0400, 29.0490, 28.9600, 28.9790, 5575
2018-06-13, 29.0000, 29.0000, 28.9850, 28.9850, 1245
2018-06-14, 28.9700, 28.9700, 28.8990, 28.8990, 1676
2018-06-15, 28.8250, 28.8500, 28.8152, 28.8152, 2542
2018-06-18, 28.8700, 28.8842, 28.8586, 28.8800, 2873
2018-06-19, 28.6900, 28.8100, 28.6900, 28.7630, 3685
2018-06-20, 29.0000, 29.0000, 28.8320, 28.8683, 12429
2018-06-21, 28.8200, 28.8200, 28.7100, 28.7416, 13140
2018-06-22, 28.9400, 28.9400, 28.8000, 28.8000, 1992
2018-06-25, 28.3504, 28.3799, 28.2036, 28.3788, 2764
2018-06-26, 28.3500, 28.3543, 28.3500, 28.3500, 1571
2018-06-27, 28.4800, 28.5400, 28.2258, 28.2400, 7159
2018-06-28, 28.2300, 28.3900, 28.2300, 28.3288, 2011
2018-06-29, 28.4900, 28.5600, 28.3500, 28.3600, 12800
2018-07-02, 28.0800, 28.1300, 27.9448, 28.1300, 2676
2018-07-03, 28.2400, 28.2400, 28.1716, 28.1896, 3313
2018-07-05, 28.4100, 28.4100, 28.1500, 28.2010, 7855
2018-07-06, 28.4144, 28.6434, 28.4144, 28.5850, 9094
2018-07-09, 28.8200, 28.8800, 28.7202, 28.8600, 4601
2018-07-10, 28.9800, 29.0200, 28.9170, 28.9840, 3721
2018-07-11, 28.7600, 28.8500, 28.6600, 28.6900, 12053
2018-07-12, 28.9800, 28.9800, 28.7300, 28.8600, 4020
2018-07-13, 28.9190, 28.9190, 28.8200, 28.8200, 3783
2018-07-16, 29.0600, 29.0600, 28.7100, 28.7132, 2341
2018-07-17, 28.7000, 28.8800, 28.7000, 28.8630, 19259
2018-07-18, 28.8600, 28.9000, 28.8550, 28.9000, 474
2018-07-19, 28.8700, 28.9200, 28.8505, 28.8927, 7764
2018-07-20, 28.8609, 28.8609, 28.7948, 28.8004, 1574
2018-07-23, 28.7900, 28.8000, 28.6700, 28.7800, 96644
2018-07-24, 29.0900, 29.0900, 28.7400, 28.7800, 30452
2018-07-25, 28.7500, 28.8200, 28.7500, 28.8200, 3584
2018-07-26, 29.1700, 29.1700, 29.0700, 29.0700, 606
2018-07-27, 28.8300, 28.8303, 28.8300, 28.8303, 611
2018-07-30, 29.0600, 29.0600, 28.7468, 28.7508, 3841
2018-07-31, 29.0300, 29.0300, 28.8700, 28.9500, 1653
2018-08-01, 29.0000, 29.0000, 28.6891, 28.7500, 75785
2018-08-02, 28.7400, 28.8600, 28.7015, 28.8600, 6736
2018-08-03, 28.9800, 29.0000, 28.9300, 28.9900, 2935
2018-08-06, 29.1900, 29.1900, 28.9800, 29.0932, 114141
2018-08-07, 29.2129, 29.2399, 29.2097, 29.2097, 2183
2018-08-08, 29.4200, 29.4200, 29.1680, 29.2116, 3031
2018-08-09, 29.1900, 29.2080, 29.1900, 29.2080, 516
2018-08-10, 29.0300, 29.0300, 29.0112, 29.0112, 961
2018-08-13, 29.0112, 29.0112, 29.0112, 29.0112, 175
2018-08-14, 29.1900, 29.1999, 29.0800, 29.1999, 1576
2018-08-15, 28.7640, 28.8200, 28.7640, 28.8200, 299
2018-08-16, 29.0587, 29.1680, 29.0587, 29.1501, 761
2018-08-17, 29.0500, 29.2874, 29.0500, 29.2800, 10856
2018-08-20, 29.4294, 29.4300, 29.4294, 29.4300, 2915
2018-08-21, 29.5200, 29.5379, 29.5122, 29.5379, 1662
2018-08-22, 29.5300, 29.5699, 29.5000, 29.5000, 2188
2018-08-23, 29.4736, 29.5500, 29.4500, 29.5000, 22368
2018-08-24, 29.5800, 29.6670, 29.5780, 29.6100, 5524
2018-08-27, 29.7779, 29.8026, 29.7600, 29.7660, 1988
2018-08-28, 29.8500, 29.8500, 29.7100, 29.7600, 22143
2018-08-29, 29.9000, 29.9492, 29.8779, 29.8964, 2184
2018-08-30, 30.0400, 30.0400, 29.7452, 29.7800, 3572
2018-08-31, 29.6600, 29.7500, 29.6600, 29.7400, 8604
2018-09-04, 29.7400, 29.7400, 29.6889, 29.7160, 3974
2018-09-05, 29.6000, 29.6629, 29.5600, 29.6629, 12772
2018-09-06, 29.7200, 29.7200, 29.6800, 29.6800, 2933
2018-09-07, 29.3900, 29.6200, 29.3900, 29.5238, 1671
2018-09-10, 29.6300, 29.6300, 29.6100, 29.6200, 2050
2018-09-11, 29.5000, 29.7076, 29.5000, 29.7076, 2071
2018-09-12, 29.7300, 29.7425, 29.7300, 29.7425, 1082
2018-09-13, 30.0100, 30.0100, 29.7400, 29.7400, 3043
2018-09-14, 29.8405, 29.8504, 29.8293, 29.8504, 1599
2018-09-17, 29.9600, 29.9600, 29.7274, 29.7274, 10145
2018-09-18, 29.8500, 29.9794, 29.8426, 29.9794, 13095
2018-09-19, 30.0900, 30.0900, 29.8300, 29.8434, 13152
2018-09-20, 29.9999, 30.0790, 29.9999, 30.0790, 9878
2018-09-21, 30.1337, 30.1386, 30.0985, 30.1150, 993
2018-09-24, 30.0005, 30.0300, 30.0005, 30.0300, 1742
2018-09-25, 30.2200, 30.2200, 29.9100, 29.9100, 9908
2018-09-26, 30.1500, 30.1500, 29.8754, 29.9100, 3160
2018-09-27, 30.0800, 30.0800, 29.9150, 29.9200, 1992
2018-09-28, 29.9600, 29.9600, 29.8745, 29.9400, 3310
2018-10-01, 29.9893, 30.0210, 29.8400, 29.9022, 2286
2018-10-02, 29.8415, 29.8490, 29.8395, 29.8472, 1294
2018-10-03, 29.9200, 30.0300, 29.9091, 29.9185, 6764
2018-10-04, 29.7000, 29.7200, 29.5491, 29.6451, 16700
2018-10-05, 29.7000, 29.7000, 29.3300, 29.4900, 1665
2018-10-08, 29.3960, 29.5197, 29.3092, 29.5197, 2180
2018-10-09, 29.4995, 29.5200, 29.4890, 29.5120, 1826
2018-10-10, 29.5900, 29.5900, 28.5640, 28.5640, 1542
2018-10-11, 28.3034, 28.4200, 27.9500, 28.1210, 23186
2018-10-12, 28.2304, 28.2304, 27.9780, 28.1533, 8218
2018-10-15, 28.2400, 28.4089, 28.2400, 28.3480, 2289
2018-10-16, 28.5300, 28.6280, 28.3500, 28.6000, 1719
2018-10-17, 28.6990, 28.6990, 28.6020, 28.6020, 1053
2018-10-18, 28.6900, 28.7400, 28.1807, 28.4200, 4820
2018-10-19, 28.3072, 28.3072, 28.1600, 28.1600, 605
2018-10-22, 28.1584, 28.1805, 28.1584, 28.1800, 3167
2018-10-23, 27.7368, 27.7368, 27.7368, 27.7368, 1601
2018-10-24, 28.1800, 28.1800, 27.5161, 27.5161, 2227
2018-10-25, 27.5800, 27.5911, 27.5800, 27.5911, 243
2018-10-26, 27.2163, 27.3784, 27.1852, 27.2300, 10782
2018-10-29, 27.5070, 27.5070, 27.2199, 27.2199, 512
2018-10-30, 27.4848, 27.5700, 27.3369, 27.5700, 12429
2018-10-31, 27.8600, 28.0200, 27.8200, 28.0200, 6080
2018-11-01, 27.8416, 28.0800, 27.8229, 28.0800, 5284
2018-11-02, 28.2990, 28.2990, 27.7999, 27.9500, 4028
2018-11-05, 27.9900, 28.2112, 27.9900, 28.2112, 1670
2018-11-06, 28.2600, 28.3600, 28.2500, 28.3500, 6671
2018-11-07, 28.6372, 28.8900, 28.6372, 28.8645, 8864
2018-11-08, 28.7800, 28.8400, 28.7200, 28.7200, 2425
2018-11-09, 28.5000, 28.5800, 28.5000, 28.5800, 2012
