2016-12-20, 25.3000, 25.3000, 25.1400, 25.1600, 198900
2016-12-21, 25.1600, 25.1600, 25.1600, 25.1600, 0
2016-12-22, 25.1600, 25.1600, 25.1600, 25.1600, 0
2016-12-23, 25.0405, 25.0405, 25.0405, 25.0405, 0
2016-12-27, 25.0405, 25.0405, 25.0405, 25.0405, 0
2016-12-28, 24.9400, 24.9400, 24.9400, 24.9400, 131
2016-12-29, 24.9400, 24.9400, 24.9400, 24.9400, 0
2016-12-30, 24.9400, 24.9400, 24.9400, 24.9400, 0
2017-01-03, 24.9400, 24.9400, 24.9400, 24.9400, 0
2017-01-04, 24.9400, 24.9400, 24.9400, 24.9400, 0
2017-01-05, 24.9400, 24.9400, 24.9400, 24.9400, 0
2017-01-06, 24.9400, 24.9400, 24.9400, 24.9400, 0
2017-01-09, 25.4200, 25.4399, 25.4200, 25.4399, 2175
2017-01-10, 25.3000, 25.3000, 25.3000, 25.3000, 2000
2017-01-11, 25.1050, 25.1050, 25.1050, 25.1050, 100
2017-01-12, 25.1050, 25.1050, 25.1050, 25.1050, 0
2017-01-13, 25.0225, 25.0225, 25.0225, 25.0225, 100
2017-01-17, 25.1200, 25.1200, 25.1200, 25.1200, 205
2017-01-18, 25.1200, 25.1200, 25.1200, 25.1200, 0
2017-01-19, 24.9450, 24.9450, 24.9450, 24.9450, 100
2017-01-20, 24.9450, 24.9450, 24.9450, 24.9450, 0
2017-01-23, 24.9450, 24.9450, 24.9450, 24.9450, 0
2017-01-24, 24.9450, 24.9450, 24.9450, 24.9450, 0
2017-01-25, 24.9450, 24.9450, 24.9450, 24.9450, 0
2017-01-26, 24.9450, 24.9450, 24.9450, 24.9450, 0
2017-01-27, 25.1900, 25.1900, 25.1900, 25.1900, 290
2017-01-30, 25.1900, 25.1900, 25.1900, 25.1900, 90
2017-01-31, 25.1900, 25.1900, 25.1900, 25.1900, 0
2017-02-01, 25.0600, 25.0600, 24.7365, 24.7399, 1500
2017-02-02, 24.9800, 24.9800, 24.9800, 24.9800, 240
2017-02-03, 24.9800, 24.9800, 24.9800, 24.9800, 0
2017-02-06, 24.9800, 24.9800, 24.9800, 24.9800, 0
2017-02-07, 25.1200, 25.1200, 25.0500, 25.0500, 500
2017-02-08, 25.3400, 25.3400, 25.3400, 25.3400, 800
2017-02-09, 25.3099, 25.3099, 25.3099, 25.3099, 275
2017-02-10, 25.3099, 25.3099, 25.3099, 25.3099, 0
2017-02-13, 25.3099, 25.3099, 25.3099, 25.3099, 0
2017-02-14, 25.3200, 25.3200, 25.3200, 25.3200, 300
2017-02-15, 25.3200, 25.3200, 25.3200, 25.3200, 0
2017-02-16, 25.4900, 25.4900, 25.4899, 25.4899, 275
2017-02-17, 25.4899, 25.4899, 25.4899, 25.4899, 0
2017-02-21, 25.4899, 25.4899, 25.4899, 25.4899, 0
2017-02-22, 25.5900, 25.5900, 25.5900, 25.5900, 145
2017-02-23, 25.5900, 25.5900, 25.5900, 25.5900, 0
2017-02-24, 25.5900, 25.5900, 25.5900, 25.5900, 0
2017-02-27, 25.5900, 25.5900, 25.5900, 25.5900, 0
2017-02-28, 25.5900, 25.5900, 25.5900, 25.5900, 201
2017-03-01, 25.5900, 25.5900, 25.5900, 25.5900, 0
2017-03-02, 25.5900, 25.5900, 25.5900, 25.5900, 2
2017-03-03, 25.5900, 25.5900, 25.5900, 25.5900, 0
2017-03-06, 25.5900, 25.5900, 25.5900, 25.5900, 44
2017-03-07, 25.5900, 25.5900, 25.5900, 25.5900, 0
2017-03-08, 25.5900, 25.5900, 25.5900, 25.5900, 0
2017-03-09, 25.5900, 25.5900, 25.5900, 25.5900, 4
2017-03-10, 25.5900, 25.5900, 25.5900, 25.5900, 0
2017-03-13, 25.5900, 25.5900, 25.5900, 25.5900, 0
2017-03-14, 25.5900, 25.5900, 25.5900, 25.5900, 0
2017-03-15, 25.5900, 25.5900, 25.0957, 25.0957, 412
2017-03-16, 25.0957, 25.0957, 25.0957, 25.0957, 0
2017-03-17, 25.0957, 25.0957, 25.0957, 25.0957, 0
2017-03-20, 25.0957, 25.0957, 25.0957, 25.0957, 1
2017-03-21, 25.2450, 25.2450, 25.2450, 25.2450, 215
2017-03-22, 25.2450, 25.2450, 25.2450, 25.2450, 69
2017-03-23, 25.2450, 25.2450, 25.2450, 25.2450, 0
2017-03-24, 25.2450, 25.2450, 25.2450, 25.2450, 0
2017-03-27, 24.9500, 24.9500, 24.9500, 24.9500, 269
2017-03-28, 24.9500, 24.9500, 24.9500, 24.9500, 40
2017-03-29, 24.9500, 24.9500, 24.9500, 24.9500, 0
2017-03-30, 25.0000, 25.1399, 25.0000, 25.1399, 860
2017-03-31, 25.1399, 25.1399, 25.1399, 25.1399, 41
2017-04-03, 25.1399, 25.1399, 25.1399, 25.1399, 0
2017-04-04, 25.2500, 25.2500, 25.2500, 25.2500, 100
2017-04-05, 25.3900, 25.3900, 25.3900, 25.3900, 992
2017-04-06, 25.3900, 25.3900, 25.3900, 25.3900, 0
2017-04-07, 25.3900, 25.3900, 25.3900, 25.3900, 0
2017-04-10, 25.3900, 25.3900, 25.3900, 25.3900, 0
2017-04-11, 25.7799, 25.7799, 25.7799, 25.7799, 118
2017-04-12, 25.6200, 25.6200, 25.6200, 25.6200, 700
2017-04-13, 25.6200, 25.6200, 25.6200, 25.6200, 12
2017-04-17, 25.8799, 25.8800, 25.8799, 25.8800, 1350
2017-04-18, 25.9860, 25.9860, 25.9860, 25.9860, 252
2017-04-19, 26.0200, 26.0200, 26.0000, 26.0000, 950
2017-04-20, 25.9550, 25.9800, 25.9300, 25.9300, 4276
2017-04-21, 25.9300, 25.9300, 25.9300, 25.9300, 0
2017-04-24, 25.8300, 25.8300, 25.8299, 25.8299, 700
2017-04-25, 25.8299, 25.8299, 25.8299, 25.8299, 95
2017-04-26, 25.8299, 25.8299, 25.8299, 25.8299, 0
2017-04-27, 25.8299, 25.8299, 25.8299, 25.8299, 0
2017-04-28, 25.4200, 25.4200, 25.4200, 25.4200, 386
2017-05-01, 25.4200, 25.4200, 25.4200, 25.4200, 0
2017-05-02, 25.4200, 25.4200, 25.4200, 25.4200, 0
2017-05-03, 25.4200, 25.4200, 25.4200, 25.4200, 0
2017-05-04, 25.4200, 25.4200, 25.4200, 25.4200, 0
2017-05-05, 25.4100, 25.4100, 25.4100, 25.4100, 400
2017-05-08, 25.4400, 25.4400, 25.3200, 25.3500, 300
2017-05-09, 25.3500, 25.3500, 25.3500, 25.3500, 0
2017-05-10, 25.3000, 25.3000, 25.3000, 25.3000, 500
2017-05-11, 25.3000, 25.3000, 25.3000, 25.3000, 0
2017-05-12, 25.3000, 25.3000, 25.3000, 25.3000, 0
2017-05-15, 25.3000, 25.3000, 25.3000, 25.3000, 0
2017-05-16, 25.0699, 25.0699, 25.0348, 25.0348, 1000
2017-05-17, 24.9522, 24.9522, 24.9522, 24.9522, 385
2017-05-18, 24.9522, 24.9522, 24.9522, 24.9522, 0
2017-05-19, 25.4650, 25.4650, 25.4650, 25.4650, 1000
2017-05-22, 25.5700, 25.5700, 25.5700, 25.5700, 500
2017-05-23, 25.7099, 25.7099, 25.6800, 25.6800, 2700
2017-05-24, 25.6800, 25.6800, 25.6800, 25.6800, 0
2017-05-25, 25.7900, 25.7900, 25.7900, 25.7900, 500
2017-05-26, 25.6200, 25.6200, 25.6200, 25.6200, 4000
2017-05-30, 25.6200, 25.6200, 25.6200, 25.6200, 2
2017-05-31, 25.5800, 25.6200, 25.5400, 25.6200, 1415
2017-06-01, 25.5899, 25.5899, 25.5492, 25.5800, 1515
2017-06-02, 25.5800, 25.5800, 25.5800, 25.5800, 0
2017-06-05, 26.0100, 26.0100, 26.0100, 26.0100, 489
2017-06-06, 25.9200, 25.9200, 25.7900, 25.7900, 253
2017-06-07, 25.7900, 25.7900, 25.7900, 25.7900, 0
2017-06-08, 25.9799, 25.9799, 25.9343, 25.9343, 1000
2017-06-09, 25.9343, 25.9343, 25.9343, 25.9343, 1
2017-06-12, 26.1000, 26.1000, 26.1000, 26.1000, 211
2017-06-13, 26.1000, 26.1000, 26.1000, 26.1000, 2
2017-06-14, 26.1000, 26.1000, 26.1000, 26.1000, 0
2017-06-15, 26.3300, 26.4900, 26.3300, 26.4600, 1300
2017-06-16, 26.4600, 26.4600, 26.4600, 26.4600, 0
2017-06-19, 26.4600, 26.4600, 26.4600, 26.4600, 0
2017-06-20, 26.5900, 26.5900, 26.4600, 26.4600, 260
2017-06-21, 26.4900, 26.4900, 26.4500, 26.4500, 415
2017-06-22, 26.4500, 26.4500, 26.4500, 26.4500, 0
2017-06-23, 26.4500, 26.4500, 26.4500, 26.4500, 0
2017-06-26, 26.4500, 26.4500, 26.4500, 26.4500, 0
2017-06-27, 26.2420, 26.2420, 26.2420, 26.2420, 100
2017-06-28, 26.1600, 26.1600, 26.1600, 26.1600, 630
2017-06-29, 25.9400, 25.9400, 25.9400, 25.9400, 100
2017-06-30, 25.9400, 25.9400, 25.9400, 25.9400, 2
2017-07-03, 25.9400, 25.9400, 25.9400, 25.9400, 100
2017-07-05, 25.9400, 25.9400, 25.9400, 25.9400, 100
2017-07-06, 25.8400, 25.8400, 25.8400, 25.8400, 555
2017-07-07, 25.8400, 25.8400, 25.8400, 25.8400, 2
2017-07-10, 25.8400, 25.8400, 25.8400, 25.8400, 0
2017-07-11, 25.8400, 25.8400, 25.8400, 25.8400, 100
2017-07-12, 25.8400, 25.8400, 25.8400, 25.8400, 0
2017-07-13, 25.8400, 25.8400, 25.8400, 25.8400, 0
2017-07-14, 25.8400, 25.8400, 25.8400, 25.8400, 0
2017-07-17, 25.6600, 25.6930, 25.6600, 25.6800, 2774
2017-07-18, 25.9999, 26.0000, 25.9700, 25.9700, 2125
2017-07-19, 25.9700, 25.9700, 25.9700, 25.9700, 0
2017-07-20, 25.9700, 25.9700, 25.9700, 25.9700, 0
2017-07-21, 25.9700, 25.9700, 25.9700, 25.9700, 1
2017-07-24, 25.9700, 25.9700, 25.9700, 25.9700, 0
2017-07-25, 25.9500, 25.9500, 25.9400, 25.9400, 891
2017-07-26, 25.9400, 25.9400, 25.9400, 25.9400, 100
2017-07-27, 25.9400, 25.9400, 25.9400, 25.9400, 0
2017-07-28, 25.9400, 25.9400, 25.9400, 25.9400, 0
2017-07-31, 25.9400, 25.9400, 25.9400, 25.9400, 0
2017-08-01, 25.9400, 25.9400, 25.9400, 25.9400, 0
2017-08-02, 25.9500, 25.9850, 25.9500, 25.9572, 753
2017-08-03, 25.9570, 25.9570, 25.9570, 25.9570, 0
2017-08-04, 25.9570, 25.9570, 25.9570, 25.9570, 0
2017-08-07, 25.9570, 25.9570, 25.9570, 25.9570, 1
2017-08-08, 25.8805, 25.8999, 25.8805, 25.8992, 2096
2017-08-09, 25.9000, 25.9000, 25.9000, 25.9000, 200
2017-08-10, 25.9000, 25.9000, 25.9000, 25.9000, 0
2017-08-11, 25.9000, 25.9000, 25.9000, 25.9000, 0
2017-08-14, 25.9000, 25.9000, 25.9000, 25.9000, 0
2017-08-15, 25.8100, 25.8500, 25.8100, 25.8400, 612
2017-08-16, 25.8400, 25.8400, 25.8400, 25.8400, 0
2017-08-17, 25.8400, 25.8400, 25.8400, 25.8400, 0
2017-08-18, 25.8400, 25.8400, 25.8400, 25.8400, 0
2017-08-21, 25.6920, 25.6920, 25.6920, 25.6920, 600
2017-08-22, 25.6920, 25.6920, 25.6920, 25.6920, 0
2017-08-23, 25.6920, 25.6920, 25.6920, 25.6920, 0
2017-08-24, 25.6915, 25.6915, 25.6915, 25.6915, 1
2017-08-25, 25.6920, 25.6920, 25.6920, 25.6920, 0
2017-08-28, 25.7400, 25.7400, 25.7400, 25.7400, 600
2017-08-29, 25.7400, 25.7400, 25.7400, 25.7400, 10
2017-08-30, 25.7400, 25.7400, 25.7400, 25.7400, 0
2017-08-31, 25.7400, 25.7400, 25.7400, 25.7400, 0
2017-09-01, 26.1000, 26.1090, 26.1000, 26.1090, 500
2017-09-05, 26.1090, 26.1090, 26.1090, 26.1090, 1
2017-09-06, 26.1090, 26.1090, 26.1090, 26.1090, 100
2017-09-07, 26.1090, 26.1090, 26.1090, 26.1090, 0
2017-09-08, 26.1090, 26.1090, 26.1090, 26.1090, 0
2017-09-11, 26.1090, 26.1090, 26.1090, 26.1090, 100
2017-09-12, 26.4400, 26.4400, 26.2000, 26.2000, 400
2017-09-13, 26.1111, 26.1794, 26.1000, 26.1000, 1170
2017-09-14, 25.7300, 25.7300, 25.7300, 25.7300, 100
2017-09-15, 26.1600, 26.1600, 26.1600, 26.1600, 2000
2017-09-18, 26.3800, 26.3800, 26.3800, 26.3800, 200
2017-09-19, 26.3800, 26.3800, 26.3800, 26.3800, 0
2017-09-20, 26.3800, 26.3800, 26.3800, 26.3800, 0
2017-09-21, 26.3800, 26.3800, 26.3800, 26.3800, 0
2017-09-22, 26.3800, 26.3800, 26.3800, 26.3800, 2
2017-09-25, 26.3800, 26.3800, 26.3800, 26.3800, 0
2017-09-26, 26.1440, 26.1440, 26.1440, 26.1440, 0
2017-09-27, 26.1000, 27.0220, 26.1000, 27.0220, 1900
2017-09-28, 27.0219, 27.0219, 27.0219, 27.0219, 17
2017-09-29, 26.3000, 26.3000, 25.8940, 25.9290, 2300
2017-10-02, 25.9290, 25.9290, 25.9290, 25.9290, 61
2017-10-03, 25.9290, 25.9290, 25.9290, 25.9290, 100
2017-10-04, 26.3100, 26.3100, 26.0400, 26.0700, 1350
2017-10-05, 26.1720, 26.1720, 26.1720, 26.1720, 700
2017-10-06, 26.1720, 26.1720, 26.1720, 26.1720, 100
2017-10-09, 26.2739, 26.2800, 26.2739, 26.2800, 1350
2017-10-10, 26.3200, 26.3200, 26.3200, 26.3200, 201
2017-10-11, 26.3900, 26.3900, 26.3899, 26.3900, 727
2017-10-12, 26.6399, 26.6400, 26.6390, 26.6400, 2884
2017-10-13, 26.6900, 26.6900, 26.6900, 26.6900, 240
2017-10-16, 26.5200, 26.5200, 26.5200, 26.5200, 901
2017-10-17, 26.4600, 26.5600, 26.4600, 26.4800, 350
2017-10-18, 26.4700, 26.4800, 26.4700, 26.4800, 699
2017-10-19, 26.5120, 26.5120, 26.5120, 26.5120, 300
2017-10-20, 26.5124, 26.5124, 26.5124, 26.5124, 0
2017-10-23, 26.5124, 26.5124, 26.5124, 26.5124, 1
2017-10-24, 26.5124, 26.5124, 26.5124, 26.5124, 0
2017-10-25, 26.5124, 26.5124, 26.5124, 26.5124, 0
2017-10-26, 25.9100, 25.9100, 25.9100, 25.9100, 100
2017-10-27, 26.1400, 26.2400, 26.1400, 26.1700, 6001
2017-10-30, 26.1700, 26.1700, 26.1700, 26.1700, 0
2017-10-31, 26.1680, 26.1680, 26.1680, 26.1680, 400
2017-11-01, 26.1678, 26.1678, 26.1678, 26.1678, 74
2017-11-02, 26.1678, 26.1678, 26.1678, 26.1678, 1
2017-11-03, 26.4500, 26.4500, 26.4400, 26.4401, 2619
2017-11-06, 26.7400, 26.7700, 26.7400, 26.7700, 298
2017-11-07, 26.8000, 26.8000, 26.8000, 26.8000, 1000
2017-11-08, 26.8000, 26.8000, 26.8000, 26.8000, 0
2017-11-09, 26.9400, 26.9400, 26.9400, 26.9400, 100
2017-11-10, 26.9400, 26.9400, 26.9400, 26.9400, 1
2017-11-13, 26.9500, 26.9500, 26.9500, 26.9500, 433
2017-11-14, 26.9100, 26.9100, 26.9000, 26.9000, 5400
2017-11-15, 26.9000, 26.9000, 26.9000, 26.9000, 0
2017-11-16, 26.9100, 26.9500, 26.9100, 26.9500, 3001
2017-11-17, 26.9500, 26.9500, 26.9500, 26.9500, 28
2017-11-20, 26.6300, 26.6300, 26.6300, 26.6300, 400
2017-11-21, 26.6300, 26.6300, 26.6300, 26.6300, 0
2017-11-22, 26.8400, 26.8500, 26.8400, 26.8409, 1521
2017-11-24, 26.8410, 26.8410, 26.8410, 26.8410, 0
2017-11-27, 26.8409, 26.8409, 26.8409, 26.8409, 51
2017-11-28, 26.8409, 26.8409, 26.8409, 26.8409, 63
2017-11-29, 26.7000, 26.7000, 26.7000, 26.7000, 500
2017-11-30, 26.7000, 26.7000, 26.7000, 26.7000, 102
2017-12-01, 26.6599, 26.6599, 26.6396, 26.6396, 345
2017-12-04, 26.8400, 26.8400, 26.7800, 26.7800, 419
2017-12-05, 26.6450, 26.6450, 26.6450, 26.6450, 127
2017-12-06, 26.4996, 26.5000, 26.4850, 26.5000, 1000
2017-12-07, 26.6000, 26.6000, 26.6000, 26.6000, 363
2017-12-08, 26.7100, 26.7300, 26.6200, 26.6200, 1286
2017-12-11, 26.8299, 26.8299, 26.7700, 26.8254, 7325
2017-12-12, 26.8949, 26.9500, 26.8949, 26.9500, 263
2017-12-13, 26.9500, 26.9500, 26.9500, 26.9500, 100
2017-12-14, 26.9500, 26.9500, 26.9500, 26.9500, 0
2017-12-15, 27.0399, 27.0500, 27.0367, 27.0367, 596
2017-12-18, 27.0367, 27.0367, 27.0367, 27.0367, 124
2017-12-19, 26.6400, 26.6400, 26.6400, 26.6400, 400
2017-12-20, 26.6400, 26.6400, 26.6400, 26.6400, 17
2017-12-21, 26.3400, 26.3400, 26.3400, 26.3400, 200
2017-12-22, 26.3400, 26.3400, 26.3400, 26.3400, 16
2017-12-26, 26.0110, 26.0110, 26.0110, 26.0110, 100
2017-12-27, 26.0111, 26.0111, 26.0111, 26.0111, 15
2017-12-28, 26.0111, 26.0111, 26.0111, 26.0111, 24
2017-12-29, 26.0111, 26.0111, 26.0111, 26.0111, 2
2018-01-02, 26.0111, 26.0111, 26.0111, 26.0111, 16
2018-01-03, 26.0111, 26.0111, 26.0111, 26.0111, 16
2018-01-04, 25.8992, 25.9354, 25.8992, 25.9354, 356
2018-01-05, 25.9354, 25.9354, 25.9354, 25.9354, 0
2018-01-08, 25.8870, 25.9998, 25.8870, 25.9998, 3655
2018-01-09, 26.0000, 26.0000, 26.0000, 26.0000, 0
2018-01-10, 25.9998, 25.9998, 25.9998, 25.9998, 3
2018-01-11, 25.9998, 25.9998, 25.9998, 25.9998, 0
2018-01-12, 25.3600, 25.3600, 25.3499, 25.3600, 11946
2018-01-16, 25.6000, 25.7300, 25.4600, 25.4600, 2903
2018-01-17, 25.2500, 25.6456, 25.2500, 25.6456, 1265
2018-01-18, 25.4500, 25.4500, 25.3298, 25.3298, 997
2018-01-19, 25.3978, 25.4800, 25.3978, 25.4800, 449
2018-01-22, 25.5900, 25.6590, 25.5900, 25.6400, 698
2018-01-23, 25.8700, 25.8700, 25.8700, 25.8700, 100
2018-01-24, 26.1100, 26.1400, 25.9700, 25.9700, 646
2018-01-25, 25.9800, 25.9800, 25.8200, 25.8200, 312
2018-01-26, 26.0600, 26.0780, 25.7700, 25.7700, 762
2018-01-29, 25.5764, 25.5764, 25.5764, 25.5764, 526
2018-01-30, 25.4000, 25.4000, 25.4000, 25.4000, 800
2018-01-31, 25.4000, 25.4000, 25.4000, 25.4000, 100
2018-02-01, 25.4000, 25.4000, 25.4000, 25.4000, 0
2018-02-02, 25.4000, 25.4000, 25.4000, 25.4000, 0
2018-02-05, 24.8905, 24.8905, 24.5200, 24.5200, 489
2018-02-06, 24.5300, 24.5300, 24.5300, 24.5300, 530
2018-02-07, 24.4000, 24.4000, 24.4000, 24.4000, 668
2018-02-08, 24.2999, 24.2999, 24.2370, 24.2370, 570
2018-02-09, 23.8000, 23.8605, 23.5700, 23.6921, 6630
2018-02-12, 23.9900, 23.9900, 23.9900, 23.9900, 236
2018-02-13, 24.3200, 24.3200, 24.3200, 24.3200, 200
2018-02-14, 24.3200, 24.3200, 24.3200, 24.3200, 239
2018-02-15, 24.3200, 24.3200, 24.3200, 24.3200, 312
2018-02-16, 24.5090, 24.5090, 24.5090, 24.5090, 371
2018-02-20, 24.3669, 24.3669, 24.3669, 24.3669, 645
2018-02-21, 24.1100, 24.1200, 24.1100, 24.1200, 2184
2018-02-22, 24.1700, 24.1700, 24.1199, 24.1199, 420
2018-02-23, 23.9500, 23.9500, 23.9500, 23.9500, 1
2018-02-26, 24.3399, 24.3400, 24.3399, 24.3400, 525
2018-02-27, 24.3400, 24.3400, 24.3400, 24.3400, 0
2018-02-28, 24.3400, 24.3400, 24.3400, 24.3400, 0
2018-03-01, 24.3400, 24.3400, 24.3400, 24.3400, 166
2018-03-02, 23.7900, 23.7900, 23.7900, 23.7900, 400
2018-03-05, 23.7900, 23.7900, 23.7900, 23.7900, 0
2018-03-06, 23.7900, 23.7900, 23.7900, 23.7900, 0
2018-03-07, 23.9000, 24.2000, 23.9000, 24.2000, 778
2018-03-08, 24.3980, 24.4100, 24.3980, 24.4100, 300
2018-03-09, 24.4100, 24.4100, 24.4100, 24.4100, 0
2018-03-12, 24.4100, 24.4100, 24.4100, 24.4100, 0
2018-03-13, 24.4100, 24.4100, 24.4100, 24.4100, 0
2018-03-14, 24.4100, 24.4100, 24.4100, 24.4100, 0
2018-03-15, 24.4100, 24.4100, 24.4100, 24.4100, 0
2018-03-16, 24.9500, 24.9500, 24.9500, 24.9500, 425
2018-03-19, 24.7490, 24.7500, 24.7490, 24.7500, 455
2018-03-20, 24.7500, 24.7500, 24.7500, 24.7500, 0
2018-03-21, 24.6700, 24.6700, 24.6700, 24.6700, 1000
2018-03-22, 24.6700, 24.6700, 24.6700, 24.6700, 0
2018-03-23, 24.3000, 24.3000, 24.3000, 24.3000, 820
2018-03-26, 23.9100, 23.9200, 23.9100, 23.9200, 719
2018-03-27, 23.9200, 23.9200, 23.9200, 23.9200, 100
2018-03-28, 23.9200, 23.9200, 23.9200, 23.9200, 23
2018-03-29, 23.9200, 23.9200, 23.9200, 23.9200, 1
2018-04-02, 23.9200, 23.9200, 23.9200, 23.9200, 0
2018-04-03, 23.9200, 23.9200, 23.9200, 23.9200, 36
2018-04-04, 24.7300, 24.7300, 24.7300, 24.7300, 100
2018-04-05, 24.7300, 24.7300, 24.7300, 24.7300, 123
2018-04-06, 24.7300, 24.7300, 24.7300, 24.7300, 0
2018-04-09, 24.7300, 24.7300, 24.7300, 24.7300, 55
2018-04-10, 24.7300, 24.7300, 24.7300, 24.7300, 0
2018-04-11, 24.9600, 25.1101, 24.9600, 25.0800, 20893
2018-04-12, 24.9932, 25.0400, 24.9932, 25.0200, 2750
2018-04-13, 25.0400, 25.1200, 25.0300, 25.0500, 2682
2018-04-16, 25.0500, 25.0500, 25.0500, 25.0500, 0
2018-04-17, 25.0500, 25.0500, 25.0500, 25.0500, 0
2018-04-18, 25.5600, 25.6200, 25.5500, 25.5501, 2576
2018-04-19, 25.1600, 25.1600, 25.1600, 25.1600, 300
2018-04-20, 25.1600, 25.1600, 25.1600, 25.1600, 0
2018-04-23, 25.1600, 25.1600, 25.1600, 25.1600, 3
2018-04-24, 25.1600, 25.1600, 25.1600, 25.1600, 0
2018-04-25, 25.1600, 25.1600, 25.1600, 25.1600, 0
2018-04-26, 25.1600, 25.1600, 25.1600, 25.1600, 0
2018-04-27, 25.5700, 25.5700, 25.5600, 25.5600, 500
2018-04-30, 25.5600, 25.5600, 25.5600, 25.5600, 0
2018-05-01, 25.4900, 25.5799, 25.4900, 25.5799, 6279
2018-05-02, 25.4700, 25.4800, 25.4700, 25.4800, 250
2018-05-03, 25.4800, 25.4800, 25.4800, 25.4800, 0
2018-05-04, 25.4800, 25.4800, 25.4800, 25.4800, 39
2018-05-07, 26.0400, 26.0400, 26.0400, 26.0400, 784
2018-05-08, 26.0500, 26.1199, 26.0500, 26.1002, 1414
2018-05-09, 26.1002, 26.1002, 26.1002, 26.1002, 45
2018-05-10, 26.4898, 26.4898, 26.4898, 26.4898, 258
2018-05-11, 26.4600, 26.4798, 26.4600, 26.4798, 400
2018-05-14, 26.5400, 26.5400, 26.1100, 26.2500, 1400
2018-05-15, 25.9800, 26.0300, 25.7500, 25.7500, 766389
2018-05-16, 25.6400, 25.6400, 25.6400, 25.6400, 300
2018-05-17, 25.6400, 25.6400, 25.6400, 25.6400, 0
2018-05-18, 25.6400, 25.6400, 25.6400, 25.6400, 0
2018-05-21, 25.6200, 25.6201, 25.6200, 25.6200, 1977
2018-05-22, 25.6200, 25.6200, 25.6200, 25.6200, 3
2018-05-23, 26.1300, 26.1300, 26.1300, 26.1300, 205
2018-05-24, 26.1600, 26.1600, 26.1600, 26.1600, 200
2018-05-25, 26.1600, 26.1600, 26.1600, 26.1600, 500
2018-05-29, 26.2400, 26.4380, 26.2400, 26.4380, 740
2018-05-30, 26.0200, 26.6300, 26.0200, 26.6300, 240
2018-05-31, 26.7610, 26.8400, 26.7610, 26.8400, 750
2018-06-01, 26.7600, 27.0450, 26.7600, 27.0183, 900
2018-06-04, 27.0183, 27.0183, 27.0183, 27.0183, 0
2018-06-05, 27.4400, 27.4400, 27.4372, 27.4372, 289
2018-06-06, 27.4372, 27.4372, 27.4372, 27.4372, 112
2018-06-07, 27.2000, 27.2000, 27.1683, 27.1683, 222
2018-06-08, 27.2799, 27.2799, 27.2783, 27.2783, 388
2018-06-11, 27.3100, 27.3100, 27.0100, 27.0400, 969
2018-06-12, 27.0400, 27.0400, 27.0400, 27.0400, 1
2018-06-13, 26.9100, 26.9100, 26.8200, 26.8200, 850
2018-06-14, 27.1183, 27.1183, 27.1183, 27.1183, 152
2018-06-15, 27.1500, 27.1500, 26.9700, 26.9700, 664
2018-06-18, 26.9700, 26.9700, 26.8300, 26.8300, 465
2018-06-19, 26.8800, 26.8800, 26.8800, 26.8800, 274
2018-06-20, 26.9574, 27.1000, 26.9574, 27.1000, 297
2018-06-21, 27.1000, 27.1000, 27.1000, 27.1000, 8
2018-06-22, 27.4200, 27.4200, 27.3800, 27.4100, 2185
2018-06-25, 27.3900, 27.3900, 27.3500, 27.3500, 636
2018-06-26, 27.1400, 27.3100, 27.1400, 27.3100, 7831
2018-06-27, 27.3100, 27.3100, 27.3100, 27.3100, 1
2018-06-28, 27.3000, 27.3000, 27.3000, 27.3000, 311
2018-06-29, 27.3000, 27.4800, 27.2858, 27.3899, 6011
2018-07-02, 27.3900, 27.3900, 27.0799, 27.1500, 2456
2018-07-03, 27.1400, 27.1400, 27.1400, 27.1400, 9
2018-07-05, 27.4600, 27.4600, 27.4600, 27.4600, 92
2018-07-06, 27.7500, 27.7500, 27.6900, 27.6900, 350
2018-07-09, 27.6400, 27.6400, 27.4211, 27.4211, 1688
2018-07-10, 27.4211, 27.6601, 27.4211, 27.6601, 361
2018-07-11, 27.6090, 27.6100, 27.6090, 27.6100, 300
2018-07-12, 27.6500, 27.6500, 27.6440, 27.6440, 1340
2018-07-13, 27.5950, 27.5950, 27.5098, 27.5800, 32063
2018-07-16, 27.4090, 27.4099, 27.4090, 27.4099, 417
2018-07-17, 27.3400, 27.3400, 27.2000, 27.2000, 2076
2018-07-18, 27.0500, 27.0511, 27.0500, 27.0511, 1001
2018-07-19, 27.5598, 27.5600, 27.4900, 27.4900, 4379
2018-07-20, 27.4900, 27.4900, 27.2500, 27.2500, 2877
2018-07-23, 27.2200, 27.2200, 27.2200, 27.2200, 284
2018-07-24, 27.2300, 27.2300, 27.0400, 27.0400, 6377
2018-07-25, 27.0400, 27.1152, 27.0400, 27.0900, 2212
2018-07-26, 27.1900, 27.1900, 27.1700, 27.1700, 3041
2018-07-27, 26.9100, 26.9100, 26.8699, 26.9000, 4929
2018-07-30, 26.7500, 26.9200, 26.7500, 26.8900, 5364
2018-07-31, 27.0600, 27.3800, 27.0600, 27.3400, 2440
2018-08-01, 27.3400, 27.3400, 27.3400, 27.3400, 14
2018-08-02, 27.4000, 27.4000, 27.4000, 27.4000, 742
2018-08-03, 27.4000, 27.5800, 27.4000, 27.4198, 7354
2018-08-06, 27.6600, 27.6600, 27.5300, 27.5300, 688
2018-08-07, 27.4600, 27.5400, 27.4480, 27.5100, 654
2018-08-08, 27.7500, 27.7500, 27.3386, 27.3386, 470
2018-08-09, 27.3300, 27.3500, 27.3200, 27.3200, 1800
2018-08-10, 27.2500, 27.2500, 27.2500, 27.2500, 495
2018-08-13, 27.1564, 27.1564, 27.0900, 27.0900, 639
2018-08-14, 27.3000, 27.3100, 27.2800, 27.2800, 1189
2018-08-15, 27.4300, 27.5098, 27.4100, 27.5000, 2392
2018-08-16, 27.6000, 27.7200, 27.6000, 27.7200, 2242
2018-08-17, 27.8595, 27.8700, 27.8595, 27.8700, 2000
2018-08-20, 28.1300, 28.1300, 27.8800, 27.8800, 2754
2018-08-21, 27.8800, 27.8800, 27.7700, 27.8000, 5679
2018-08-22, 27.8000, 27.8000, 27.6200, 27.6200, 901
2018-08-23, 27.6424, 27.6424, 27.6300, 27.6300, 1424
2018-08-24, 27.7300, 27.7800, 27.6995, 27.7700, 8042
2018-08-27, 27.8600, 27.8600, 27.5900, 27.6700, 2619
2018-08-28, 27.7000, 28.0200, 27.7000, 28.0200, 482
2018-08-29, 28.0700, 28.0900, 28.0350, 28.0900, 2323
2018-08-30, 28.0000, 28.0700, 27.9700, 27.9700, 1024
2018-08-31, 27.9300, 27.9600, 27.9210, 27.9600, 3007
2018-09-04, 27.8800, 27.8800, 27.7299, 27.7299, 720
2018-09-05, 27.6900, 27.9200, 27.6900, 27.9200, 740
2018-09-06, 27.9600, 27.9600, 27.9600, 27.9600, 507
2018-09-07, 27.7200, 27.7400, 27.7200, 27.7400, 2489
2018-09-10, 27.9500, 27.9500, 27.9500, 27.9500, 213
2018-09-11, 27.8100, 27.9600, 27.8100, 27.9600, 14265
2018-09-12, 27.8880, 27.8900, 27.7900, 27.7900, 1290
2018-09-13, 27.9300, 28.0300, 27.9300, 27.9600, 2400
2018-09-14, 27.9500, 27.9600, 27.6700, 27.7168, 2706
2018-09-17, 27.7600, 27.8900, 27.7600, 27.7949, 2547
2018-09-18, 27.8800, 27.8800, 27.7400, 27.7837, 2325
2018-09-19, 27.6700, 27.6700, 27.4500, 27.4500, 12015
2018-09-20, 27.4500, 27.7000, 27.4500, 27.7000, 2405
2018-09-21, 27.7800, 27.9000, 27.7800, 27.9000, 5115
2018-09-24, 27.9000, 27.9000, 27.9000, 27.9000, 100
2018-09-25, 27.1000, 27.3100, 27.1000, 27.2400, 1600
2018-09-26, 27.1927, 27.2000, 26.9000, 26.9000, 3448
2018-09-27, 27.0400, 27.0528, 27.0020, 27.0020, 2305
2018-09-28, 27.0300, 27.2300, 27.0300, 27.2300, 4495
2018-10-01, 27.1680, 27.2800, 27.1492, 27.1492, 2305
2018-10-02, 27.1200, 27.1300, 27.0090, 27.0397, 4296
2018-10-03, 26.9100, 27.0900, 26.7452, 26.7452, 2846
2018-10-04, 26.6100, 26.6100, 26.4700, 26.5100, 2131
2018-10-05, 26.5600, 26.5950, 26.5600, 26.5950, 1250
2018-10-08, 26.8787, 26.8787, 26.8400, 26.8400, 2066
2018-10-09, 26.9400, 26.9400, 26.9100, 26.9370, 10367
2018-10-10, 27.2300, 27.2300, 26.7802, 26.7802, 3556
2018-10-11, 26.2300, 26.2300, 25.7500, 25.9000, 3500
2018-10-12, 25.6901, 25.6901, 25.4901, 25.4993, 4329
2018-10-15, 25.5000, 26.0200, 25.5000, 26.0200, 17939
2018-10-16, 25.9600, 26.3100, 25.9200, 26.2501, 9610
2018-10-17, 26.3400, 26.3400, 26.0500, 26.1400, 1067
2018-10-18, 26.1800, 26.2300, 26.0156, 26.0500, 3987
2018-10-19, 26.2300, 26.2800, 26.1300, 26.1901, 5011
2018-10-22, 26.0000, 26.0550, 25.9500, 25.9800, 3491
2018-10-23, 25.9500, 25.9600, 25.9500, 25.9600, 4986
2018-10-24, 26.1700, 26.1800, 26.0601, 26.0601, 2095
2018-10-25, 26.1500, 26.3400, 26.1500, 26.3400, 4910
2018-10-26, 25.9400, 26.0700, 25.9400, 26.0700, 487
2018-10-29, 26.4302, 26.4302, 26.3900, 26.3900, 14531
2018-10-30, 26.7000, 26.7000, 26.5400, 26.5400, 1834
2018-10-31, 26.6000, 26.6000, 26.2700, 26.2700, 3689
2018-11-01, 26.3100, 26.3100, 26.2200, 26.3000, 1758
2018-11-02, 26.1800, 26.1800, 25.8300, 25.8300, 654
2018-11-05, 26.1900, 26.2696, 26.1700, 26.2696, 862
2018-11-06, 26.2300, 26.2400, 26.1705, 26.1900, 3894
2018-11-07, 26.5900, 26.6400, 26.5900, 26.6400, 1620
2018-11-08, 26.6200, 26.7310, 26.6200, 26.7310, 1000
2018-11-09, 26.8100, 26.8400, 26.6900, 26.6900, 528
