2018-01-24, 28.2000, 29.4900, 28.0000, 29.2000, 56901240
2018-01-25, 28.7500, 29.9200, 27.8700, 29.3000, 11167112
2018-01-26, 29.0900, 29.4000, 28.5100, 29.1900, 7181005
2018-01-29, 29.0000, 29.0000, 27.9500, 27.9800, 5723392
2018-01-30, 27.6400, 27.9000, 27.4000, 27.4700, 5578888
2018-01-31, 27.5600, 28.3700, 27.5201, 27.9400, 2600280
2018-02-01, 27.9000, 28.1000, 27.4500, 27.5000, 2420658
2018-02-02, 27.4700, 28.1400, 27.4500, 27.6100, 3067581
2018-02-05, 27.5300, 27.8900, 27.2800, 27.4300, 2612378
2018-02-06, 27.1600, 27.5300, 26.7800, 27.4300, 2580748
2018-02-07, 27.4500, 28.4000, 27.1900, 28.1500, 1880675
2018-02-08, 28.1900, 29.0300, 27.2900, 27.9800, 1826921
2018-02-09, 28.1200, 28.5700, 27.0300, 28.0000, 1774885
2018-02-12, 27.9200, 28.4900, 27.5300, 28.3800, 834506
2018-02-13, 28.3800, 28.3800, 27.8100, 27.8700, 1086783
2018-02-14, 27.8600, 28.2000, 27.4900, 27.8300, 2031735
2018-02-15, 27.9300, 29.1000, 27.6000, 29.0800, 2327456
2018-02-16, 29.0000, 31.4890, 29.0000, 30.3600, 3862170
2018-02-20, 30.7700, 31.7500, 30.6900, 31.7000, 3632281
2018-02-21, 31.7500, 32.3800, 31.0000, 32.3600, 2783896
2018-02-22, 32.4000, 32.6400, 31.3900, 32.1900, 1783128
2018-02-23, 32.4500, 32.7500, 31.9800, 32.3700, 995137
2018-02-26, 32.8200, 33.0000, 31.8500, 32.4600, 1396213
2018-02-27, 32.5900, 33.0200, 32.2700, 32.4300, 1193498
2018-02-28, 32.4900, 32.6452, 31.6600, 32.2400, 2005001
2018-03-01, 32.4300, 32.5000, 31.8000, 32.1200, 2113769
2018-03-02, 31.9500, 33.5646, 31.4050, 33.3400, 2136856
2018-03-05, 33.1800, 33.6500, 32.8400, 33.5600, 1188388
2018-03-06, 33.8000, 35.8000, 33.6300, 34.7600, 3324825
2018-03-07, 34.5500, 35.5400, 34.5000, 35.1000, 2167771
2018-03-08, 35.2400, 35.3400, 33.9700, 34.7900, 1426717
2018-03-09, 33.1000, 35.5790, 32.8400, 35.2500, 5768475
2018-03-12, 36.3000, 37.7500, 35.2500, 36.1900, 2179951
2018-03-13, 36.5700, 36.7000, 34.8000, 35.9400, 1303236
2018-03-14, 35.9900, 36.0600, 34.9300, 35.4800, 1433503
2018-03-15, 35.7100, 35.9500, 35.1900, 35.1900, 1143116
2018-03-16, 35.1200, 35.2800, 34.3900, 34.6200, 1036421
2018-03-19, 34.7100, 34.7100, 32.6100, 33.4100, 1747659
2018-03-20, 33.4700, 34.6300, 32.5300, 34.5800, 1403983
2018-03-21, 34.4700, 36.9500, 34.4200, 36.0000, 1655448
2018-03-22, 35.6200, 36.3000, 35.1100, 35.6000, 1217526
2018-03-23, 35.6500, 36.0979, 34.8100, 35.8600, 1555832
2018-03-26, 36.7100, 37.7400, 36.7000, 37.6000, 2215891
2018-03-27, 37.9300, 39.0000, 37.0800, 37.4600, 2637585
2018-03-28, 37.5500, 37.6500, 35.6900, 37.1000, 3893582
2018-03-29, 37.0800, 39.9700, 37.0800, 38.3200, 4679202
2018-04-02, 38.4700, 38.7900, 37.7800, 38.2700, 3837021
2018-04-03, 38.6500, 39.1700, 37.5700, 39.1000, 1939627
2018-04-04, 38.4300, 38.9800, 37.9000, 37.9500, 2213077
2018-04-05, 38.3100, 38.6600, 37.3300, 37.5500, 2298280
2018-04-06, 37.2900, 37.3870, 35.2300, 35.7100, 1304046
2018-04-09, 36.1200, 36.4900, 34.6100, 35.1700, 2045628
2018-04-10, 34.8800, 35.5800, 34.6800, 35.1900, 1815807
2018-04-11, 34.9300, 36.0100, 34.3600, 35.1200, 1163101
2018-04-12, 34.8900, 35.3500, 34.5600, 34.8000, 1322001
2018-04-13, 35.1900, 36.2900, 33.5800, 34.4600, 2469167
2018-04-16, 34.6500, 35.0100, 33.7900, 34.5600, 1860506
2018-04-17, 34.9800, 37.8000, 34.8500, 37.2900, 2276474
2018-04-18, 37.6200, 38.2400, 36.2500, 37.3300, 1795509
2018-04-19, 37.3000, 38.8000, 37.0200, 37.2100, 1761120
2018-04-20, 37.1500, 37.5200, 36.3800, 36.7400, 1443400
2018-04-23, 36.8900, 37.2300, 35.0400, 35.7200, 1091318
2018-04-24, 35.8300, 35.9000, 30.7200, 33.8100, 4967016
2018-04-25, 33.5000, 33.5000, 31.2201, 32.5300, 2460929
2018-04-26, 32.6500, 34.1500, 32.3600, 33.8500, 1508654
2018-04-27, 34.0000, 34.7800, 32.4300, 32.6500, 1419741
2018-04-30, 32.3500, 33.4700, 31.7500, 33.2300, 2347486
2018-05-01, 32.9400, 34.4900, 32.9400, 34.3900, 1049745
2018-05-02, 33.7300, 34.5500, 32.6000, 33.0600, 2755541
2018-05-03, 32.5000, 33.0000, 31.2100, 31.7100, 1995144
2018-05-04, 31.5500, 32.0700, 30.3200, 31.2400, 1726697
2018-05-07, 31.3800, 32.9400, 30.8000, 32.1000, 1534225
2018-05-08, 32.2200, 32.3500, 30.8500, 31.5600, 1391667
2018-05-09, 31.6700, 32.4400, 31.5600, 32.0200, 931304
2018-05-10, 32.4400, 32.7400, 31.4000, 31.7400, 638037
2018-05-11, 31.9500, 32.8399, 31.7600, 32.3400, 877237
2018-05-14, 32.2900, 33.4900, 32.2500, 32.5800, 1161129
2018-05-15, 32.2100, 32.3100, 31.3600, 32.2100, 1446326
2018-05-16, 32.3700, 32.7700, 32.0100, 32.5500, 1042560
2018-05-17, 32.7000, 33.6200, 32.5000, 32.9600, 1317674
2018-05-18, 32.6700, 33.2700, 32.0400, 32.1200, 1735448
2018-05-21, 32.4400, 32.7400, 31.7600, 31.9800, 1959378
2018-05-22, 32.3000, 32.4800, 31.6800, 32.3800, 881126
2018-05-23, 32.1400, 34.3500, 31.7700, 34.3100, 1366266
2018-05-24, 34.0600, 35.2300, 33.6800, 35.0500, 2158646
2018-05-25, 35.1100, 36.0700, 34.8000, 35.4000, 3672770
2018-05-29, 34.8000, 34.9000, 31.5400, 31.8200, 4316837
2018-05-30, 33.0100, 34.1000, 29.0604, 33.6700, 9001456
2018-05-31, 33.2500, 35.5300, 32.7900, 33.2700, 3782010
2018-06-01, 33.5700, 34.9800, 32.3337, 34.5000, 2618693
2018-06-04, 34.9000, 34.9200, 33.7000, 34.1300, 1778735
2018-06-05, 34.0900, 34.2500, 32.4100, 32.8400, 3067464
2018-06-06, 32.6600, 33.3950, 32.6010, 33.2600, 2969533
2018-06-07, 33.0000, 33.0000, 28.7000, 29.8100, 8009552
2018-06-08, 30.2735, 31.2000, 29.2500, 30.8500, 3244404
2018-06-11, 31.0000, 32.8000, 31.0000, 31.7900, 2894170
2018-06-12, 31.5700, 31.9800, 30.9000, 31.3000, 2244261
2018-06-13, 31.9000, 32.5800, 31.5927, 31.9900, 4132615
2018-06-14, 32.3800, 34.1350, 32.0500, 33.4700, 5275996
2018-06-15, 33.1100, 33.6700, 32.6610, 33.3500, 1957455
2018-06-18, 32.8800, 33.0500, 31.9200, 32.1000, 2674743
2018-06-19, 28.2200, 28.9300, 26.9100, 27.4000, 17978530
2018-06-20, 28.0000, 28.7800, 27.7400, 28.4900, 6097399
2018-06-21, 28.9200, 29.6800, 27.1000, 29.4300, 6912412
2018-06-22, 30.8900, 30.9700, 29.9900, 30.4500, 19699985
2018-06-25, 30.3800, 30.3800, 29.1300, 29.6600, 7865795
2018-06-26, 29.3900, 29.6400, 28.1950, 29.4000, 7723006
2018-06-27, 29.2600, 29.2900, 26.9600, 27.1500, 6462517
2018-06-28, 27.1300, 28.1000, 26.9600, 27.8200, 4481262
2018-06-29, 28.0900, 28.2800, 27.3600, 27.7500, 2537445
2018-07-02, 27.2800, 27.5300, 26.3300, 27.1300, 4372361
2018-07-03, 27.4500, 27.5800, 26.6700, 26.9100, 977914
2018-07-05, 26.9100, 28.0200, 26.4000, 27.8000, 2339223
2018-07-06, 27.8000, 28.1500, 27.3000, 27.8700, 1475999
2018-07-09, 27.9400, 28.6100, 27.4010, 27.9800, 2506242
2018-07-10, 27.8800, 28.1400, 27.1000, 27.4300, 2091254
2018-07-11, 27.0500, 27.6500, 26.7050, 26.9100, 2188800
2018-07-12, 27.0900, 27.0900, 25.1500, 26.3500, 7784808
2018-07-13, 26.0400, 27.7000, 26.0300, 27.3000, 6342221
2018-07-16, 27.2000, 27.9600, 26.7100, 27.0000, 3209032
2018-07-17, 26.5800, 27.4900, 25.5800, 26.3000, 5396546
2018-07-18, 26.4700, 26.9000, 25.7000, 26.7800, 3533396
2018-07-19, 26.1800, 26.9249, 25.1600, 25.5000, 3729552
2018-07-20, 26.4900, 26.9900, 25.8200, 26.8500, 5855094
2018-07-23, 26.7400, 27.7700, 26.3750, 27.7500, 3519150
2018-07-24, 28.0900, 28.4900, 27.3800, 27.8500, 3270470
2018-07-25, 27.9200, 29.2500, 27.8800, 29.0800, 4367774
2018-07-26, 28.8600, 29.5400, 28.4610, 29.5100, 3175807
2018-07-27, 29.5500, 29.8500, 28.2600, 28.8100, 3348822
2018-07-30, 29.0900, 29.2200, 28.1000, 28.6100, 4461339
2018-07-31, 29.3800, 29.4100, 26.0600, 26.9200, 9768619
2018-08-01, 27.0200, 27.5500, 25.7600, 26.4400, 3710065
2018-08-02, 26.2100, 26.5100, 24.5700, 26.3500, 6665944
2018-08-03, 26.3000, 27.8500, 26.2700, 27.5600, 2660376
2018-08-06, 27.3500, 27.9000, 27.0000, 27.6100, 1554623
2018-08-07, 27.5200, 27.9500, 26.9100, 26.9600, 1947612
2018-08-08, 27.0000, 27.5400, 26.8150, 27.2000, 2597885
2018-08-09, 27.2000, 28.8400, 26.8900, 28.5900, 2525724
2018-08-10, 28.1900, 28.7500, 27.0500, 28.3900, 2765392
2018-08-13, 28.2800, 28.5300, 27.5600, 27.9900, 1901308
2018-08-14, 28.0000, 28.4800, 27.6210, 28.3100, 1255331
2018-08-15, 28.0400, 28.1300, 26.3100, 26.4200, 2814695
2018-08-16, 27.1500, 27.4400, 26.6200, 26.7900, 2249458
2018-08-17, 26.6200, 26.8750, 25.6700, 26.7600, 2681244
2018-08-20, 26.8000, 27.2800, 25.6900, 25.8900, 2025276
2018-08-21, 25.9100, 26.1900, 24.9500, 25.0900, 2634976
2018-08-22, 25.0900, 25.4200, 24.7800, 25.2500, 2011909
2018-08-23, 25.1700, 25.6600, 24.8300, 25.0700, 1598530
2018-08-24, 25.3300, 26.0200, 25.2200, 25.8500, 1906728
2018-08-27, 25.9100, 26.5000, 25.9100, 26.4200, 1043081
2018-08-28, 26.7200, 26.9500, 26.0400, 26.3000, 1111262
2018-08-29, 26.6000, 27.0000, 25.8200, 26.7800, 1898190
2018-08-30, 26.7700, 26.8973, 25.6200, 25.7900, 2469827
2018-08-31, 27.2100, 31.2900, 26.9500, 28.8900, 12255487
2018-09-04, 28.5000, 28.8600, 27.1800, 28.3200, 3014740
2018-09-05, 28.2000, 28.2000, 26.6600, 26.7500, 2215803
2018-09-06, 26.7500, 26.7500, 25.3600, 25.8300, 3111385
2018-09-07, 25.8300, 27.0700, 25.6700, 26.5700, 2343673
2018-09-10, 26.7200, 27.0671, 26.2100, 26.4600, 1340987
2018-09-11, 26.2000, 26.6400, 26.0200, 26.3900, 1469981
2018-09-12, 26.3300, 27.1400, 25.8500, 26.5700, 3288734
2018-09-13, 26.9400, 27.5600, 26.7600, 27.2400, 2890818
2018-09-14, 27.6000, 27.6300, 26.5000, 27.0400, 1104103
2018-09-17, 26.8300, 27.9200, 26.5500, 26.7900, 1685628
2018-09-18, 26.9300, 27.4500, 26.5100, 27.3300, 1864274
2018-09-19, 27.4300, 28.6100, 27.1800, 28.4200, 2473528
2018-09-20, 28.7000, 29.1700, 28.5200, 29.0500, 2888346
2018-09-21, 29.0500, 29.1900, 28.6100, 28.6800, 1580523
2018-09-24, 28.6600, 28.6800, 27.7500, 28.2000, 1414300
2018-09-25, 28.0500, 28.6300, 27.9000, 28.2900, 1823528
2018-09-26, 28.4800, 28.5600, 27.2100, 27.2200, 2761646
2018-09-27, 27.2800, 28.2400, 27.1300, 27.5900, 5450587
2018-09-28, 27.5800, 27.9500, 27.3200, 27.6700, 1449657
2018-10-01, 27.9200, 28.3100, 27.8600, 28.1300, 1651738
2018-10-02, 28.2500, 29.6900, 27.8200, 28.2800, 2899063
2018-10-03, 28.9100, 30.0500, 28.9100, 29.6600, 5014625
2018-10-04, 29.5700, 29.8000, 27.5000, 27.7500, 4534574
2018-10-05, 27.7000, 27.9300, 26.3800, 26.9500, 2620617
2018-10-08, 27.9600, 28.9300, 26.8600, 27.9200, 4700912
2018-10-09, 27.3700, 29.0200, 27.1000, 28.9900, 2564444
2018-10-10, 28.8100, 28.8500, 25.7750, 25.8100, 5470824
2018-10-11, 26.1100, 26.9800, 26.0000, 26.4600, 3528324
2018-10-12, 27.5400, 27.7200, 26.6600, 27.0100, 2210667
2018-10-15, 26.6300, 27.8600, 26.5100, 27.6900, 1912082
2018-10-16, 28.3700, 30.6500, 28.1300, 30.4200, 4963254
2018-10-17, 30.3800, 31.6000, 30.3200, 31.2700, 4516736
2018-10-18, 31.1100, 31.8000, 30.0800, 30.3200, 4709885
2018-10-19, 30.4200, 31.5500, 29.1100, 29.9000, 4210241
2018-10-22, 30.1900, 32.0700, 29.7100, 31.7400, 5218260
2018-10-23, 30.8700, 31.3600, 30.0000, 30.9000, 3091101
2018-10-24, 31.2300, 31.6600, 29.6600, 29.7500, 4434887
2018-10-25, 30.4900, 30.9800, 28.3900, 29.2600, 5298558
2018-10-26, 28.3700, 28.4500, 26.9700, 27.2900, 4869893
2018-10-29, 28.1800, 28.7600, 24.9400, 25.4200, 5643188
2018-10-30, 25.4200, 26.0550, 24.3513, 25.9600, 3883742
2018-10-31, 26.3000, 27.5700, 26.1700, 26.9900, 2619127
2018-11-01, 27.1800, 28.2800, 26.6600, 28.0200, 2702961
2018-11-02, 28.3200, 28.7200, 26.5200, 27.1700, 2538270
2018-11-05, 26.8500, 27.8000, 26.7600, 27.1200, 1517955
2018-11-06, 27.0000, 28.0400, 27.0000, 27.8800, 1491073
2018-11-07, 27.9300, 28.3500, 27.6500, 27.9900, 1528963
2018-11-08, 26.7300, 27.1100, 24.7100, 25.4400, 6857164
2018-11-09, 25.4400, 25.5900, 23.1401, 24.5100, 4960936
