2018-07-24, 8.0000, 8.0000, 4.7100, 4.8100, 415005
2018-07-25, 4.8900, 4.9000, 4.2000, 4.4100, 296468
2018-07-26, 4.4400, 4.5000, 4.0746, 4.4500, 104052
2018-07-27, 4.4600, 4.4600, 4.2500, 4.3500, 46284
2018-07-30, 4.3100, 4.3625, 4.0000, 4.0000, 34769
2018-07-31, 4.1000, 4.1000, 4.0000, 4.0000, 175459
2018-08-01, 4.0400, 4.0500, 4.0000, 4.0000, 76427
2018-08-02, 4.0000, 4.0401, 3.9900, 4.0000, 76578
2018-08-03, 4.0000, 4.0200, 4.0000, 4.0000, 84779
2018-08-06, 4.0100, 4.0101, 3.5000, 3.5000, 220047
2018-08-07, 3.5000, 3.6868, 3.5000, 3.5500, 50933
2018-08-08, 3.6000, 3.6400, 3.4000, 3.4000, 53317
2018-08-09, 3.3900, 3.5000, 3.3500, 3.4500, 51008
2018-08-10, 3.4400, 3.6300, 3.4400, 3.5000, 22021
2018-08-13, 3.5600, 3.8890, 3.5600, 3.7000, 31044
2018-08-14, 3.7000, 3.9000, 3.6500, 3.9000, 26426
2018-08-15, 3.9000, 3.9100, 3.8000, 3.9100, 22626
2018-08-16, 3.9400, 3.9500, 3.8843, 3.9000, 19573
2018-08-17, 3.9400, 3.9800, 3.8000, 3.8300, 19964
2018-08-20, 3.8500, 3.9500, 3.8100, 3.8900, 46194
2018-08-21, 3.8900, 3.9500, 3.8100, 3.8300, 28669
2018-08-22, 3.8650, 3.9500, 3.7500, 3.8000, 49043
2018-08-23, 3.8600, 3.8600, 3.7900, 3.8200, 29037
2018-08-24, 3.8857, 3.9000, 3.7825, 3.8500, 37145
2018-08-27, 3.8200, 3.8900, 3.7501, 3.8000, 19109
2018-08-28, 3.8200, 3.9000, 3.7655, 3.8700, 62761
2018-08-29, 3.8500, 3.8900, 3.8000, 3.8400, 23652
2018-08-30, 3.8400, 3.8815, 3.7950, 3.8500, 11913
2018-08-31, 3.8900, 3.9000, 3.8000, 3.8500, 67765
2018-09-04, 3.9300, 3.9300, 3.8200, 3.8600, 40206
2018-09-05, 3.8600, 3.8800, 3.8400, 3.8800, 23598
2018-09-06, 3.8600, 3.9200, 3.7800, 3.8200, 21832
2018-09-07, 3.8500, 3.9300, 3.8200, 3.9300, 31105
2018-09-10, 3.9000, 4.0500, 3.7200, 3.8100, 234026
2018-09-11, 3.7900, 4.0500, 3.7900, 4.0000, 129416
2018-09-12, 4.0291, 4.0500, 3.8500, 3.9700, 102069
2018-09-13, 4.0000, 4.1300, 3.7400, 4.1200, 128758
2018-09-14, 4.1300, 4.1500, 3.9000, 3.9000, 73629
2018-09-17, 3.9300, 4.4300, 3.9200, 4.1400, 173874
2018-09-18, 4.1800, 4.4000, 4.1800, 4.4000, 90854
2018-09-19, 4.4000, 4.4850, 4.2100, 4.2400, 127852
2018-09-20, 4.2700, 4.4000, 4.1700, 4.1700, 112979
2018-09-21, 4.1900, 4.3900, 4.1000, 4.3100, 777243
2018-09-24, 4.3500, 4.3500, 4.1016, 4.1800, 82644
2018-09-25, 4.2000, 4.2000, 3.9200, 3.9400, 66889
2018-09-26, 3.9700, 4.1000, 3.8893, 4.0000, 27837
2018-09-27, 4.0000, 4.0500, 3.9591, 4.0100, 14548
2018-09-28, 4.0500, 4.0500, 3.9698, 4.0100, 20016
2018-10-01, 4.0400, 4.0899, 3.9406, 4.0000, 41062
2018-10-02, 3.9646, 4.0500, 3.9400, 4.0000, 15224
2018-10-03, 3.9800, 3.9900, 3.8000, 3.9200, 30982
2018-10-04, 3.8700, 3.9400, 3.8300, 3.8800, 16143
2018-10-05, 3.8900, 3.8900, 3.7100, 3.7900, 14036
2018-10-08, 3.7200, 3.8000, 3.3400, 3.4000, 35257
2018-10-09, 3.4100, 3.5400, 3.2600, 3.3000, 52245
2018-10-10, 3.3300, 3.4300, 3.2001, 3.3000, 37954
2018-10-11, 3.4344, 3.4344, 3.1300, 3.1500, 16378
2018-10-12, 3.0900, 3.4700, 3.0900, 3.4400, 78263
2018-10-15, 3.4000, 3.6000, 3.4000, 3.5900, 27322
2018-10-16, 3.6200, 3.7700, 3.5100, 3.7700, 10053
2018-10-17, 3.7900, 3.7900, 3.5000, 3.5139, 14791
2018-10-18, 3.5700, 3.7400, 3.2600, 3.3800, 72885
2018-10-19, 3.3600, 3.3893, 3.3127, 3.3527, 10595
2018-10-22, 3.3800, 3.3800, 3.0400, 3.0800, 40424
2018-10-23, 3.1100, 3.1900, 2.5200, 2.9200, 123500
2018-10-24, 2.9000, 3.2500, 2.9000, 3.1600, 1325
2018-10-25, 3.1300, 3.1700, 2.6400, 2.9000, 226207
2018-10-26, 2.9900, 2.9900, 2.7300, 2.9800, 19299
2018-10-29, 3.0785, 3.1500, 2.9100, 3.1400, 18056
2018-10-30, 3.0400, 3.1600, 2.9200, 3.0900, 18740
2018-10-31, 3.0600, 3.1500, 2.9200, 3.0500, 32381
2018-11-01, 3.0300, 3.1500, 2.9500, 3.1500, 81512
2018-11-02, 3.0300, 3.3000, 3.0300, 3.2300, 17323
2018-11-05, 3.7200, 3.7200, 3.4002, 3.6500, 118738
2018-11-06, 3.6700, 3.7400, 3.3100, 3.4800, 56854
2018-11-07, 3.4800, 3.5716, 3.2500, 3.4000, 54060
2018-11-08, 3.4000, 3.4170, 3.1800, 3.1800, 24159
2018-11-09, 3.2144, 3.2144, 3.0900, 3.1600, 21053
