2016-08-11, 12.0000, 12.0000, 11.2000, 11.7000, 1631952
2016-08-12, 11.7500, 12.0000, 11.2800, 11.5700, 119993
2016-08-15, 11.6000, 11.7000, 11.4000, 11.5000, 90928
2016-08-16, 11.5000, 11.6899, 11.4600, 11.4600, 52100
2016-08-17, 11.5800, 11.8000, 11.5400, 11.7400, 141518
2016-08-18, 11.8350, 11.8900, 11.5000, 11.6500, 63309
2016-08-19, 11.7100, 12.8900, 11.5101, 11.8000, 187322
2016-08-22, 11.4500, 11.7500, 11.1000, 11.6000, 35939
2016-08-23, 11.6535, 11.6800, 10.6400, 11.4800, 85519
2016-08-24, 11.3316, 11.5000, 10.7400, 10.9400, 66629
2016-08-25, 11.0000, 11.2000, 10.0200, 10.7100, 57899
2016-08-26, 10.8000, 11.4000, 10.0800, 10.4400, 115247
2016-08-29, 10.8300, 11.0700, 10.1101, 10.6200, 179728
2016-08-30, 10.3000, 11.4180, 10.3000, 10.9400, 117762
2016-08-31, 10.6500, 12.3500, 10.6500, 12.0100, 224987
2016-09-01, 12.0100, 12.4100, 11.7400, 12.0900, 41728
2016-09-02, 11.8821, 12.1500, 11.6078, 12.0800, 22790
2016-09-06, 12.0100, 13.0000, 11.7200, 12.5400, 116247
2016-09-07, 12.6000, 12.6800, 12.2000, 12.6300, 122024
2016-09-08, 12.7900, 12.7900, 12.4300, 12.5700, 72480
2016-09-09, 12.7000, 12.9488, 11.6910, 12.4000, 68640
2016-09-12, 12.4000, 12.4000, 12.0501, 12.4000, 49258
2016-09-13, 12.3900, 13.6800, 12.0400, 12.8800, 211694
2016-09-14, 13.1800, 13.4199, 12.4500, 13.1000, 100785
2016-09-15, 12.8000, 13.8900, 12.2100, 13.3200, 63714
2016-09-16, 13.6200, 15.1500, 13.2700, 14.3300, 395063
2016-09-19, 14.7300, 16.5400, 14.4750, 15.1000, 161545
2016-09-20, 14.9800, 16.5000, 14.9800, 15.6000, 79671
2016-09-21, 15.6500, 16.0000, 15.3000, 15.8200, 69399
2016-09-22, 15.9200, 16.7800, 15.8000, 16.0500, 35055
2016-09-23, 16.6900, 17.5250, 16.3500, 17.0000, 59499
2016-09-26, 17.3000, 19.5600, 15.5100, 18.1500, 144928
2016-09-27, 18.5900, 22.5600, 18.4300, 20.9900, 538558
2016-09-28, 21.0000, 21.6765, 20.1600, 20.9400, 219437
2016-09-29, 21.1900, 22.2500, 20.1100, 20.7600, 270014
2016-09-30, 20.4900, 21.8000, 20.0000, 21.1300, 805656
2016-10-03, 21.3500, 21.9000, 20.8600, 21.2100, 165094
2016-10-04, 21.3900, 22.1000, 21.1650, 21.8300, 93645
2016-10-05, 21.6800, 22.8600, 21.4900, 21.7200, 142734
2016-10-06, 21.6300, 21.9400, 20.0101, 20.8600, 231718
2016-10-07, 20.3500, 21.7700, 20.1727, 21.1900, 62567
2016-10-10, 20.9600, 21.9700, 20.8500, 21.3300, 91648
2016-10-11, 21.1700, 21.8700, 21.0700, 21.5800, 52123
2016-10-12, 21.5000, 21.5200, 21.1500, 21.4200, 26604
2016-10-13, 21.2200, 21.9000, 21.1400, 21.4000, 25879
2016-10-14, 21.4000, 21.7600, 21.2001, 21.4600, 33752
2016-10-17, 21.4000, 22.7500, 21.4000, 22.4300, 50041
2016-10-18, 22.6200, 22.6200, 22.0200, 22.4100, 28550
2016-10-19, 21.9200, 22.6200, 21.9200, 22.4100, 21867
2016-10-20, 22.5300, 22.5300, 21.4900, 21.9900, 24833
2016-10-21, 21.7900, 22.4657, 21.5885, 22.1000, 19234
2016-10-24, 22.4700, 22.4700, 21.9800, 22.1600, 25231
2016-10-25, 22.3700, 22.5000, 22.1700, 22.2800, 25263
2016-10-26, 21.1600, 22.4300, 21.0700, 22.0600, 39210
2016-10-27, 21.7937, 22.3340, 20.1500, 20.3200, 62758
2016-10-28, 20.3000, 20.6600, 19.4800, 19.6700, 29725
2016-10-31, 19.4000, 19.4000, 17.7977, 18.8000, 110142
2016-11-01, 19.0013, 19.0013, 17.6100, 17.8700, 25924
2016-11-02, 17.8400, 18.0159, 17.6620, 18.0000, 11041
2016-11-03, 18.0600, 18.4200, 17.4500, 17.9300, 33680
2016-11-04, 18.1100, 18.5600, 17.8100, 18.2700, 30413
2016-11-07, 18.5000, 18.7500, 18.3400, 18.7200, 20530
2016-11-08, 18.8000, 20.5100, 18.6000, 19.9000, 36272
2016-11-09, 20.0000, 21.8650, 20.0000, 21.8000, 48493
2016-11-10, 21.9000, 23.6600, 21.7100, 23.3600, 82463
2016-11-11, 23.3800, 24.5200, 23.3800, 24.3000, 78382
2016-11-14, 24.5100, 24.5100, 23.8400, 24.1600, 31893
2016-11-15, 23.5400, 24.0200, 21.4648, 23.9000, 30101
2016-11-16, 23.5000, 23.9600, 23.4000, 23.9100, 37522
2016-11-17, 23.9500, 25.0000, 23.9500, 24.9900, 55952
2016-11-18, 25.0000, 25.2000, 23.9100, 25.1300, 47778
2016-11-21, 25.1100, 25.5000, 24.1247, 25.2000, 41738
2016-11-22, 25.2000, 25.2500, 24.6500, 25.2200, 33365
2016-11-23, 24.8200, 25.2000, 24.5750, 25.1200, 19231
2016-11-25, 24.2600, 25.5000, 24.2600, 25.4900, 2665
2016-11-28, 25.4100, 25.6000, 24.3800, 25.0100, 25638
2016-11-29, 25.0000, 25.2500, 24.5600, 24.9900, 17228
2016-11-30, 24.9400, 25.1000, 24.5850, 24.9500, 20742
2016-12-01, 25.0650, 25.0700, 23.1015, 24.2600, 36084
2016-12-02, 22.7910, 25.0500, 22.7910, 24.8700, 42437
2016-12-05, 25.1200, 26.2500, 25.1200, 26.2400, 55555
2016-12-06, 26.3200, 26.3598, 25.1000, 25.8800, 28862
2016-12-07, 25.7600, 26.0000, 24.8559, 25.5800, 35256
2016-12-08, 25.5800, 25.7750, 21.6200, 22.9100, 57676
2016-12-09, 22.8600, 22.9700, 21.7500, 22.0000, 32570
2016-12-12, 21.8100, 21.8100, 19.2600, 20.2000, 48958
2016-12-13, 20.2300, 20.5661, 20.0300, 20.0900, 39759
2016-12-14, 20.0500, 20.8500, 19.6699, 20.2900, 35016
2016-12-15, 20.4900, 22.0700, 19.7000, 21.3100, 52351
2016-12-16, 21.5900, 23.6500, 21.3600, 22.8900, 203845
2016-12-19, 23.2900, 23.3500, 21.9100, 22.7200, 47323
2016-12-20, 22.6000, 23.2000, 22.2300, 22.8400, 135361
2016-12-21, 22.9500, 23.0100, 21.3900, 21.8800, 61155
2016-12-22, 22.0200, 22.3000, 21.3000, 21.8000, 46746
2016-12-23, 21.7500, 22.0250, 21.7400, 21.9400, 34107
2016-12-27, 22.1400, 22.4000, 21.6771, 21.9700, 31421
2016-12-28, 22.5200, 22.5400, 21.5000, 21.9000, 53602
2016-12-29, 22.0800, 22.2900, 21.7457, 22.1900, 19852
2016-12-30, 22.2100, 22.3900, 21.5700, 21.9900, 38313
2017-01-03, 22.2600, 22.5000, 20.8900, 21.1800, 67446
2017-01-04, 21.4000, 21.6000, 21.0000, 21.0800, 43524
2017-01-05, 20.7000, 21.6100, 20.4000, 21.0500, 54644
2017-01-06, 21.2300, 21.5800, 20.5900, 20.7500, 13629
2017-01-09, 20.5200, 21.8000, 20.0900, 20.4000, 73512
2017-01-10, 20.3200, 20.3200, 19.4300, 19.5900, 27408
2017-01-11, 20.0900, 20.0900, 19.2700, 19.5400, 10045
2017-01-12, 19.4000, 19.7149, 18.0322, 18.9300, 43714
2017-01-13, 18.9100, 19.8100, 18.3100, 19.5400, 19545
2017-01-17, 19.4100, 19.7500, 18.0100, 18.9700, 40114
2017-01-18, 19.8200, 19.8200, 18.6600, 18.9200, 11258
2017-01-19, 19.0400, 19.7900, 18.0900, 18.3300, 18803
2017-01-20, 18.3100, 19.6700, 16.5900, 17.7300, 60451
2017-01-23, 17.7300, 18.1350, 17.1900, 17.7700, 33043
2017-01-24, 17.7700, 18.7800, 17.4200, 18.4600, 21769
2017-01-25, 18.4700, 19.6000, 17.7575, 19.5200, 23733
2017-01-26, 19.4500, 20.1400, 18.7050, 19.9700, 21070
2017-01-27, 19.9500, 19.9600, 19.2500, 19.2800, 16105
2017-01-30, 19.2900, 19.8900, 18.4000, 18.8000, 16297
2017-01-31, 18.7300, 18.7500, 17.6400, 18.0400, 14527
2017-02-01, 18.6300, 19.1500, 18.0400, 18.2100, 4586
2017-02-02, 18.5000, 19.8400, 18.4400, 18.6400, 15598
2017-02-03, 18.8900, 19.2550, 17.7000, 19.1400, 18332
2017-02-06, 19.0600, 19.7300, 18.2800, 18.9700, 8891
2017-02-07, 18.3700, 19.0100, 17.5700, 17.9000, 35477
2017-02-08, 17.9800, 18.2000, 16.6000, 16.9200, 25520
2017-02-09, 16.5100, 17.0970, 15.6500, 15.8900, 33350
2017-02-10, 15.9000, 16.1900, 15.3900, 15.6200, 11900
2017-02-13, 15.6000, 16.0600, 15.1000, 15.5900, 17167
2017-02-14, 15.4600, 15.7200, 14.5800, 14.7900, 22174
2017-02-15, 14.6900, 15.2200, 14.2600, 15.1200, 38791
2017-02-16, 14.9150, 15.2900, 14.3800, 15.0900, 25147
2017-02-17, 15.1800, 15.8800, 14.8300, 15.1700, 83968
2017-02-21, 14.9200, 15.2900, 14.2400, 15.1700, 44209
2017-02-22, 15.3900, 15.3900, 14.3800, 14.5800, 52851
2017-02-23, 14.7800, 14.9600, 13.6400, 13.9600, 17746
2017-02-24, 13.8500, 15.0300, 13.7700, 14.4000, 82543
2017-02-27, 14.4500, 14.7400, 14.0500, 14.4200, 24078
2017-02-28, 14.2900, 14.5000, 13.5100, 13.8600, 43474
2017-03-01, 14.0000, 14.9500, 13.8400, 14.7300, 81281
2017-03-02, 14.7400, 14.8600, 14.0150, 14.1700, 28520
2017-03-03, 14.4100, 14.4200, 13.6600, 13.8000, 35987
2017-03-06, 13.6900, 13.8970, 13.2500, 13.6700, 22969
2017-03-07, 13.6800, 13.6900, 13.2200, 13.4700, 19298
2017-03-08, 13.5700, 14.7700, 13.1800, 13.5900, 88140
2017-03-09, 13.8800, 13.9000, 13.5000, 13.5400, 10195
2017-03-10, 13.5400, 13.8000, 13.2000, 13.7200, 28850
2017-03-13, 13.7100, 14.1700, 13.7100, 14.0500, 19566
2017-03-14, 13.5650, 13.8600, 12.4000, 12.9200, 50429
2017-03-15, 13.2400, 13.2400, 12.3000, 12.7100, 25358
2017-03-16, 12.8000, 13.0250, 12.3200, 12.7900, 42767
2017-03-17, 12.6200, 13.6100, 12.3700, 13.0900, 46809
2017-03-20, 13.1000, 13.9500, 12.5800, 13.0400, 36514
2017-03-21, 12.9300, 12.9300, 12.1500, 12.3400, 27933
2017-03-22, 12.3200, 12.6000, 12.1200, 12.4900, 24263
2017-03-23, 12.3200, 13.4600, 12.1000, 13.1500, 16506
2017-03-24, 13.0100, 13.6800, 13.0100, 13.2200, 7384
2017-03-27, 12.5200, 13.9900, 12.5200, 13.7100, 60731
2017-03-28, 13.7900, 14.1600, 13.7000, 13.8600, 53266
2017-03-29, 14.1400, 14.1400, 13.5000, 13.5600, 7407
2017-03-30, 13.0600, 13.6400, 12.8200, 13.4100, 76496
2017-03-31, 13.3700, 13.8000, 12.1200, 12.8100, 71645
2017-04-03, 12.8900, 13.2000, 12.0200, 12.1200, 28514
2017-04-04, 12.2300, 12.8200, 11.9400, 12.0400, 46914
2017-04-05, 12.2500, 13.4250, 12.1200, 12.3800, 33807
2017-04-06, 12.5800, 12.9700, 11.0100, 11.3800, 41010
2017-04-07, 11.3350, 11.3900, 10.3100, 10.3500, 36601
2017-04-10, 10.5700, 11.2500, 10.3400, 10.7700, 14069
2017-04-11, 10.6600, 11.0000, 9.9300, 10.5500, 22796
2017-04-12, 10.4600, 10.7230, 10.2400, 10.6000, 9379
2017-04-13, 11.3600, 11.3600, 10.5300, 10.5600, 17445
2017-04-17, 10.5500, 10.6600, 10.2800, 10.4200, 10955
2017-04-18, 10.4000, 10.7200, 10.1800, 10.6300, 6370
2017-04-19, 10.5800, 10.7800, 10.2300, 10.5300, 16282
2017-04-20, 11.1100, 11.1100, 10.5100, 10.5900, 18489
2017-04-21, 10.8100, 10.9350, 10.4800, 10.5700, 17232
2017-04-24, 10.7700, 10.7700, 10.0000, 10.1100, 14279
2017-04-25, 10.2900, 10.7200, 10.0400, 10.5900, 8487
2017-04-26, 10.6600, 10.7500, 10.4400, 10.6000, 10733
2017-04-27, 10.9200, 11.1250, 10.4350, 10.6300, 15797
2017-04-28, 10.5000, 10.5100, 10.0600, 10.1200, 7567
2017-05-01, 10.5000, 10.6700, 10.1100, 10.5500, 5508
2017-05-02, 10.5400, 10.7560, 10.3400, 10.4700, 7643
2017-05-03, 10.3700, 10.5300, 10.0700, 10.2300, 8931
2017-05-04, 10.2100, 10.2700, 10.1200, 10.1700, 3162
2017-05-05, 10.3760, 10.4000, 9.2400, 9.2400, 16215
2017-05-08, 9.5900, 9.9700, 9.0500, 9.1500, 10431
2017-05-09, 9.1900, 9.5000, 9.0100, 9.4000, 20037
2017-05-10, 10.2000, 10.2000, 9.0100, 9.6500, 13996
2017-05-11, 9.9800, 10.9000, 9.7180, 10.3900, 8249
2017-05-12, 10.6200, 10.7500, 10.0000, 10.4500, 8205
2017-05-15, 10.6200, 10.7650, 10.0900, 10.7400, 12589
2017-05-16, 10.1300, 10.7500, 10.1300, 10.7100, 12078
2017-05-17, 10.4700, 10.7500, 9.2500, 10.3000, 38541
2017-05-18, 9.5300, 10.1700, 9.5150, 9.8600, 9559
2017-05-19, 9.8300, 10.7600, 9.3400, 10.5900, 15327
2017-05-22, 10.7500, 10.9890, 10.2700, 10.4400, 7649
2017-05-23, 10.2200, 10.3400, 9.4500, 9.8600, 41285
2017-05-24, 9.9000, 10.5600, 9.0100, 9.1000, 30716
2017-05-25, 9.1800, 9.8950, 8.0000, 8.5900, 43798
2017-05-26, 8.4000, 8.5500, 8.0200, 8.2200, 32285
2017-05-30, 12.2800, 14.8500, 11.1200, 11.8200, 3234657
2017-05-31, 12.4500, 12.4500, 10.7600, 11.1700, 357095
2017-06-01, 11.4100, 11.7370, 10.5000, 10.8900, 243562
2017-06-02, 10.8000, 11.0200, 10.6450, 10.6800, 232187
2017-06-05, 10.5400, 11.0000, 10.2500, 10.6000, 106325
2017-06-06, 10.5500, 10.7600, 10.5000, 10.5100, 116730
2017-06-07, 10.4200, 11.0000, 10.2500, 10.6300, 110425
2017-06-08, 10.7000, 11.3440, 10.4100, 10.7800, 217112
2017-06-09, 10.7800, 11.7600, 10.6500, 11.3800, 144359
2017-06-12, 11.3800, 11.7300, 11.0110, 11.1100, 133048
2017-06-13, 11.0500, 11.4100, 10.8900, 10.9600, 226686
2017-06-14, 10.9600, 11.3600, 10.7200, 11.0600, 142053
2017-06-15, 10.9200, 11.2000, 10.7700, 10.8400, 115189
2017-06-16, 10.7000, 10.9700, 10.4150, 10.5500, 72510
2017-06-19, 10.5800, 11.2300, 10.5500, 11.1400, 53769
2017-06-20, 11.1100, 12.0900, 10.8700, 11.7100, 59279
2017-06-21, 12.0400, 12.2200, 11.7500, 12.1100, 101681
2017-06-22, 12.3300, 12.3300, 11.8000, 12.0800, 83213
2017-06-23, 12.0900, 12.0900, 11.8100, 12.0000, 267963
2017-06-26, 12.0700, 12.1000, 11.1500, 12.0000, 117638
2017-06-27, 11.9800, 11.9800, 11.0200, 11.1200, 70235
2017-06-28, 11.1300, 12.2400, 11.1300, 12.0000, 142377
2017-06-29, 12.2500, 12.2500, 11.2550, 11.5400, 106550
2017-06-30, 11.5200, 11.6600, 11.1100, 11.3100, 45451
2017-07-03, 11.4400, 11.6100, 11.2000, 11.4000, 23994
2017-07-05, 11.2900, 12.1320, 11.1450, 11.8900, 93387
2017-07-06, 12.0000, 12.1500, 11.6900, 12.0000, 78665
2017-07-07, 11.9140, 12.7400, 11.9140, 12.6900, 136383
2017-07-10, 12.6900, 12.8800, 12.3600, 12.3800, 43432
2017-07-11, 12.4900, 13.5100, 12.2100, 13.1700, 55031
2017-07-12, 13.2300, 13.6500, 13.0950, 13.4100, 40107
2017-07-13, 13.3000, 14.1200, 13.2100, 13.9300, 75115
2017-07-14, 14.0700, 14.0700, 13.3500, 13.5600, 83265
2017-07-17, 13.5400, 13.8000, 12.5400, 12.6600, 46561
2017-07-18, 12.6400, 12.6888, 12.2500, 12.2600, 48244
2017-07-19, 12.2600, 12.9600, 12.2500, 12.9200, 115309
2017-07-20, 12.8200, 13.1500, 12.3800, 12.9200, 123887
2017-07-21, 13.8000, 13.8000, 12.5800, 12.7500, 107212
2017-07-24, 12.8400, 13.4600, 12.3750, 13.4000, 155320
2017-07-25, 13.5180, 13.7200, 13.0410, 13.2400, 32337
2017-07-26, 13.4120, 13.7900, 13.1300, 13.6100, 112054
2017-07-27, 13.6300, 13.9190, 12.6500, 13.0200, 89945
2017-07-28, 13.0700, 13.0700, 12.5600, 12.6700, 18556
2017-07-31, 12.6000, 12.6500, 12.1000, 12.1900, 70327
2017-08-01, 12.4400, 12.5900, 11.4330, 11.8900, 127362
2017-08-02, 11.9800, 11.9800, 11.0100, 11.1800, 54130
2017-08-03, 11.5200, 11.5200, 10.8700, 10.9100, 34076
2017-08-04, 10.8800, 11.9210, 10.8800, 11.7300, 58257
2017-08-07, 11.8700, 11.8900, 11.5000, 11.6100, 37924
2017-08-08, 11.6400, 12.0200, 11.5500, 11.7400, 34212
2017-08-09, 11.5300, 11.8200, 10.3800, 10.7200, 101059
2017-08-10, 10.7500, 10.8316, 10.2600, 10.6100, 88315
2017-08-11, 10.5600, 11.3800, 10.4800, 11.1000, 144605
2017-08-14, 11.1900, 12.6800, 11.0100, 12.4900, 92099
2017-08-15, 12.5000, 12.5500, 11.6500, 12.0800, 40979
2017-08-16, 12.0000, 12.9900, 12.0000, 12.2000, 49435
2017-08-17, 12.1000, 12.4400, 12.1000, 12.2500, 30677
2017-08-18, 12.0200, 12.1800, 11.8700, 11.9100, 60029
2017-08-21, 11.9900, 12.3200, 11.5700, 12.3100, 23733
2017-08-22, 12.6400, 12.6400, 12.2000, 12.5100, 32967
2017-08-23, 12.5400, 12.5900, 12.0000, 12.2100, 12644
2017-08-24, 12.3200, 14.3500, 12.3200, 13.3600, 105693
2017-08-25, 14.0300, 14.0480, 13.1200, 13.7700, 60537
2017-08-28, 14.3100, 15.4900, 14.3100, 14.9300, 90459
2017-08-29, 15.0200, 17.1518, 15.0200, 16.7700, 151539
2017-08-30, 16.7200, 17.1800, 16.2690, 16.4800, 43727
2017-08-31, 16.4000, 16.4000, 16.0000, 16.3300, 44594
2017-09-01, 16.4600, 17.0837, 16.3600, 16.7800, 161497
2017-09-05, 16.8300, 16.9900, 16.1444, 16.2600, 67963
2017-09-06, 16.2500, 16.3500, 15.5600, 16.2600, 78206
2017-09-07, 15.6200, 16.1000, 15.3000, 15.5100, 81791
2017-09-08, 15.5500, 15.6700, 15.1200, 15.1400, 65075
2017-09-11, 15.5200, 15.5200, 14.3800, 14.6500, 69941
2017-09-12, 14.8000, 14.8000, 14.1320, 14.4200, 37439
2017-09-13, 14.2600, 15.0800, 14.2300, 14.6100, 33667
2017-09-14, 14.5000, 15.4900, 14.4100, 15.3600, 41311
2017-09-15, 15.2900, 15.9100, 14.7200, 15.7500, 84615
2017-09-18, 15.9300, 16.6600, 15.6000, 16.5400, 51527
2017-09-19, 16.6500, 16.7800, 16.1200, 16.6900, 33624
2017-09-20, 16.3600, 17.6300, 16.2870, 17.3200, 48344
2017-09-21, 17.2100, 17.2900, 16.6100, 17.1300, 39642
2017-09-22, 17.1000, 17.1000, 16.4300, 16.8500, 22578
2017-09-25, 16.7000, 16.7000, 16.2500, 16.3900, 21674
2017-09-26, 16.2000, 16.3400, 15.8700, 16.2800, 18061
2017-09-27, 16.2000, 18.0600, 16.1800, 17.6300, 62051
2017-09-28, 17.6300, 18.2300, 17.6300, 17.9800, 53190
2017-09-29, 17.9000, 18.3730, 17.4700, 17.6700, 26797
2017-10-02, 17.6700, 18.0110, 17.4420, 17.9000, 33863
2017-10-03, 17.9000, 18.4900, 17.7900, 17.9200, 68526
2017-10-04, 18.0670, 18.6400, 18.0500, 18.4500, 16501
2017-10-05, 18.5500, 19.6100, 18.0900, 19.2200, 49980
2017-10-06, 19.1010, 19.2200, 18.5210, 18.7600, 17683
2017-10-09, 18.6000, 19.9400, 18.5590, 19.0600, 37527
2017-10-10, 19.2000, 19.6890, 18.3300, 19.6700, 34435
2017-10-11, 19.8800, 19.9500, 19.1500, 19.8100, 37666
2017-10-12, 17.8900, 17.8900, 16.2600, 16.7500, 1436443
2017-10-13, 17.0100, 17.2130, 15.7900, 16.3600, 322683
2017-10-16, 15.7300, 16.4800, 15.6750, 15.9400, 167424
2017-10-17, 15.8200, 16.4600, 15.6000, 16.2000, 111913
2017-10-18, 16.2300, 16.9800, 16.2300, 16.5200, 86075
2017-10-19, 16.4900, 16.6200, 16.0800, 16.2500, 73441
2017-10-20, 16.5200, 16.7000, 15.8900, 15.9300, 203807
2017-10-23, 15.9300, 16.1900, 15.5500, 15.7300, 53256
2017-10-24, 15.7600, 16.0270, 15.3500, 15.5900, 78668
2017-10-25, 15.6300, 15.7400, 15.4500, 15.5700, 51619
2017-10-26, 15.5700, 15.9800, 14.7500, 14.9500, 172124
2017-10-27, 15.3300, 15.6200, 14.9250, 15.3700, 123754
2017-10-30, 15.4200, 15.7000, 14.9000, 15.2300, 63719
2017-10-31, 15.3600, 15.3600, 14.9500, 14.9700, 37124
2017-11-01, 15.1700, 15.1700, 14.3100, 14.5300, 73351
2017-11-02, 14.4400, 14.8750, 14.1000, 14.4700, 70083
2017-11-03, 14.3900, 14.7900, 14.3600, 14.6700, 94228
2017-11-06, 14.7900, 15.1100, 14.4300, 14.7100, 45591
2017-11-07, 14.8500, 16.3100, 14.8500, 15.9700, 349337
2017-11-08, 16.0600, 17.2800, 15.7400, 17.0100, 314537
2017-11-09, 16.9900, 17.3850, 16.2700, 17.0300, 172032
2017-11-10, 17.0500, 17.4350, 16.5500, 17.0500, 236265
2017-11-13, 17.0000, 17.3800, 16.5200, 16.9600, 152106
2017-11-14, 16.9200, 16.9200, 16.2100, 16.5700, 108210
2017-11-15, 16.4700, 16.9500, 16.1200, 16.3300, 126882
2017-11-16, 16.5600, 16.7400, 16.1500, 16.2700, 170999
2017-11-17, 16.1700, 17.5000, 16.1700, 17.4000, 97752
2017-11-20, 17.4500, 18.8350, 17.1900, 18.5600, 163033
2017-11-21, 18.8300, 19.2400, 18.5200, 19.0900, 71243
2017-11-22, 19.2000, 19.7900, 19.1490, 19.6100, 89244
2017-11-24, 19.3300, 19.7700, 19.1600, 19.6000, 25806
2017-11-27, 19.4500, 19.6300, 16.7010, 19.3100, 30580
2017-11-28, 19.2800, 19.5700, 18.9100, 19.1500, 58687
2017-11-29, 18.8900, 19.4500, 18.8200, 19.2100, 48355
2017-11-30, 19.1700, 20.4299, 18.6500, 19.5000, 136225
2017-12-01, 19.4999, 19.6000, 18.4200, 19.2500, 95820
2017-12-04, 19.0600, 19.4850, 17.6000, 17.6700, 71734
2017-12-05, 17.5000, 18.8500, 17.5000, 18.3900, 110084
2017-12-06, 18.4700, 18.7000, 17.7500, 18.3700, 38360
2017-12-07, 18.4700, 19.8200, 18.4700, 19.3000, 58565
2017-12-08, 19.2800, 19.2800, 18.3000, 18.4700, 58121
2017-12-11, 18.7300, 18.8700, 18.0600, 18.2600, 83151
2017-12-12, 18.3200, 18.6100, 17.4100, 17.5700, 86775
2017-12-13, 17.6500, 18.7200, 17.6500, 18.1600, 196148
2017-12-14, 18.3000, 18.7000, 18.0250, 18.2300, 83101
2017-12-15, 18.2900, 19.4526, 18.2900, 18.9900, 292428
2017-12-18, 19.3800, 20.1200, 19.3400, 19.8900, 140743
2017-12-19, 19.9900, 20.0900, 19.3100, 19.6400, 141842
2017-12-20, 19.7000, 19.8138, 19.0000, 19.3500, 56168
2017-12-21, 19.2800, 19.7700, 19.2800, 19.5500, 96658
2017-12-22, 19.1500, 20.7800, 19.1500, 19.5000, 120176
2017-12-26, 20.2300, 20.6800, 19.2600, 20.3100, 139212
2017-12-27, 20.4300, 20.5600, 19.8000, 20.4000, 79506
2017-12-28, 20.5300, 20.7600, 20.2400, 20.4300, 47490
2017-12-29, 20.6300, 21.3100, 20.2900, 20.8000, 110778
2018-01-02, 21.0500, 21.6800, 20.6200, 21.1500, 146931
2018-01-03, 21.1400, 21.5500, 20.7200, 21.0200, 97366
2018-01-04, 21.3200, 21.5000, 20.8300, 20.9000, 162891
2018-01-05, 21.1000, 21.1700, 20.1900, 20.4800, 99682
2018-01-08, 20.5400, 21.0166, 19.5700, 19.6800, 74749
2018-01-09, 19.6600, 20.0278, 19.3400, 19.8300, 67753
2018-01-10, 19.7700, 20.7900, 19.4700, 20.6700, 130211
2018-01-11, 20.6600, 20.6600, 20.0800, 20.1600, 51061
2018-01-12, 20.1900, 20.2700, 19.7300, 19.8400, 53847
2018-01-16, 19.9000, 20.3200, 19.0200, 19.3800, 94823
2018-01-17, 19.5800, 20.0199, 19.1900, 19.4600, 140749
2018-01-18, 19.5100, 19.6300, 18.9610, 19.0400, 87068
2018-01-19, 19.0900, 19.6200, 18.6450, 18.9900, 116376
2018-01-22, 19.0600, 19.4100, 18.8000, 18.9200, 86020
2018-01-23, 18.9800, 19.7750, 18.8300, 19.4700, 129161
2018-01-24, 19.5500, 19.6200, 18.6600, 19.1600, 138544
2018-01-25, 19.2400, 20.3000, 19.2400, 19.8500, 68817
2018-01-26, 19.5500, 20.0000, 19.1200, 19.2300, 59312
2018-01-29, 19.9900, 22.5000, 19.9500, 21.7500, 634199
2018-01-30, 21.9600, 22.4000, 21.3700, 21.9600, 165731
2018-01-31, 22.1700, 23.1000, 21.6452, 22.8600, 163354
2018-02-01, 22.7600, 23.7500, 22.7300, 22.8300, 96690
2018-02-02, 22.5400, 22.9000, 21.3900, 21.5200, 74431
2018-02-05, 21.4300, 21.6300, 20.3400, 20.3700, 63090
2018-02-06, 20.0600, 20.1950, 17.9000, 17.9800, 243566
2018-02-07, 17.8300, 18.5300, 17.6200, 17.8800, 162632
2018-02-08, 17.7400, 17.8600, 17.0200, 17.0300, 83526
2018-02-09, 17.2900, 17.7600, 16.4700, 17.5800, 107439
2018-02-12, 17.6300, 17.6300, 16.5300, 17.2000, 58777
2018-02-13, 17.1300, 17.7500, 16.9714, 17.4100, 55072
2018-02-14, 17.1900, 17.6200, 17.1900, 17.5000, 45103
2018-02-15, 17.7300, 18.1700, 17.0400, 17.6600, 64271
2018-02-16, 17.5700, 18.1900, 17.5000, 17.5700, 61494
2018-02-20, 17.3900, 17.5200, 16.3200, 16.5500, 83391
2018-02-21, 16.5700, 18.0000, 16.5700, 17.9700, 126476
2018-02-22, 18.0000, 18.0000, 16.8000, 16.8900, 75194
2018-02-23, 17.0900, 17.8400, 16.5900, 17.4600, 61043
2018-02-26, 17.5300, 17.8400, 16.9400, 17.2500, 35686
2018-02-27, 17.1800, 17.5500, 16.6800, 17.0600, 68210
2018-02-28, 17.0000, 17.5300, 16.8600, 16.9500, 122708
2018-03-01, 17.2800, 17.6800, 16.5700, 17.4100, 242793
2018-03-02, 17.1600, 21.9000, 16.7000, 20.8600, 267901
2018-03-05, 20.5000, 20.5000, 18.9300, 19.8100, 137794
2018-03-06, 19.8400, 20.7500, 19.0900, 20.6500, 250935
2018-03-07, 20.5500, 21.2200, 20.1800, 20.8900, 89573
2018-03-08, 20.8400, 21.0000, 19.8000, 20.2300, 91396
2018-03-09, 20.2100, 23.9700, 19.3400, 23.0800, 225430
2018-03-12, 23.1000, 23.1000, 20.6900, 20.9400, 185774
2018-03-13, 21.0900, 21.1750, 20.4500, 20.6700, 62844
2018-03-14, 20.7700, 20.7700, 19.9200, 20.4100, 42329
2018-03-15, 20.4800, 21.0300, 20.1200, 20.5900, 66381
2018-03-16, 20.5000, 20.6495, 19.7995, 20.3000, 307388
2018-03-19, 20.2000, 20.8600, 20.1300, 20.6100, 69336
2018-03-20, 20.5700, 20.8400, 20.2700, 20.5700, 63089
2018-03-21, 20.5100, 20.8700, 20.2300, 20.4100, 76520
2018-03-22, 20.3300, 20.8700, 19.5450, 19.7300, 122565
2018-03-23, 19.6100, 21.2600, 19.2580, 20.4300, 256282
2018-03-26, 7.8600, 9.7500, 7.8500, 8.7500, 4733936
2018-03-27, 8.7300, 9.2398, 8.6000, 9.0300, 726840
2018-03-28, 8.9900, 9.1700, 8.3900, 8.4600, 314191
2018-03-29, 8.5100, 8.9700, 8.1000, 8.5900, 302279
2018-04-02, 8.6200, 8.9690, 8.0100, 8.2900, 244946
2018-04-03, 8.3000, 8.8800, 8.1400, 8.6400, 275516
2018-04-04, 8.5800, 9.2700, 8.5100, 9.1000, 202063
2018-04-05, 9.0400, 9.2740, 8.7000, 8.9100, 156115
2018-04-06, 8.8800, 9.3000, 8.6500, 8.7800, 299231
2018-04-09, 8.8500, 9.0800, 8.7100, 8.8000, 225857
2018-04-10, 8.8300, 8.9400, 8.5200, 8.8800, 171977
2018-04-11, 8.9400, 9.2800, 8.8500, 8.9400, 171215
2018-04-12, 8.9900, 9.1800, 8.9100, 9.0800, 176415
2018-04-13, 9.1300, 9.3100, 8.9000, 8.9400, 142678
2018-04-16, 8.9500, 9.2900, 8.8200, 8.9300, 166859
2018-04-17, 8.9300, 9.4372, 8.8600, 9.0000, 180701
2018-04-18, 9.0600, 9.1800, 8.8900, 8.9200, 190816
2018-04-19, 8.9100, 9.0900, 8.6300, 8.7500, 132516
2018-04-20, 8.7200, 9.0000, 8.5100, 8.9100, 126077
2018-04-23, 8.8900, 8.9900, 8.7000, 8.9200, 69654
2018-04-24, 8.9300, 8.9900, 8.7200, 8.8400, 65897
2018-04-25, 8.8400, 8.8700, 8.4700, 8.6600, 81767
2018-04-26, 8.7000, 8.9500, 8.6100, 8.8400, 57443
2018-04-27, 8.8700, 8.9700, 8.7000, 8.8200, 88705
2018-04-30, 8.8800, 8.9700, 8.5615, 8.6400, 67519
2018-05-01, 8.6100, 8.8100, 8.5100, 8.7800, 52313
2018-05-02, 8.8100, 9.0000, 8.7100, 8.7400, 105029
2018-05-03, 8.7100, 8.7200, 8.2600, 8.4400, 73977
2018-05-04, 8.4700, 8.6200, 8.4300, 8.5300, 161861
2018-05-07, 8.5500, 8.8700, 8.3200, 8.4200, 117597
2018-05-08, 8.4000, 8.5100, 8.2000, 8.2700, 143692
2018-05-09, 8.2700, 8.4800, 8.2700, 8.4000, 72952
2018-05-10, 8.1000, 8.1000, 6.4200, 6.5200, 376973
2018-05-11, 6.5500, 6.7600, 6.5000, 6.5300, 179373
2018-05-14, 6.5500, 6.7800, 5.5000, 6.4200, 1529431
2018-05-15, 6.4300, 6.6100, 6.3400, 6.4500, 281808
2018-05-16, 6.4500, 6.5250, 6.3300, 6.4500, 201765
2018-05-17, 6.3800, 6.5100, 5.8700, 5.9900, 260226
2018-05-18, 6.0900, 6.1400, 5.9200, 6.0000, 278017
2018-05-21, 6.0000, 6.4100, 5.9700, 6.3400, 232049
2018-05-22, 6.3200, 6.4700, 6.0500, 6.2900, 231382
2018-05-23, 6.2900, 6.6000, 6.2200, 6.4200, 227038
2018-05-24, 6.4000, 6.6700, 6.3200, 6.6100, 228164
2018-05-25, 6.6300, 6.7500, 6.4300, 6.6600, 357731
2018-05-29, 6.6500, 7.0600, 6.5900, 6.9800, 345891
2018-05-30, 6.9600, 7.3000, 6.9100, 7.2100, 295977
2018-05-31, 7.1800, 7.4100, 7.0300, 7.2800, 280590
2018-06-01, 7.3300, 7.3300, 6.9631, 7.1300, 476496
2018-06-04, 7.1800, 7.2500, 6.9200, 7.0000, 201561
2018-06-05, 6.9500, 7.3600, 6.9500, 7.2900, 373770
2018-06-06, 6.9900, 7.4400, 6.4100, 7.3000, 395154
2018-06-07, 7.2500, 7.4400, 7.0200, 7.1300, 240922
2018-06-08, 7.1600, 7.2800, 6.8800, 7.1500, 180501
2018-06-11, 7.1700, 7.2500, 7.0400, 7.2100, 114974
2018-06-12, 7.1900, 7.3300, 7.0000, 7.0500, 193125
2018-06-13, 7.0900, 7.0900, 6.7300, 6.8000, 217603
2018-06-14, 6.8000, 7.0900, 6.7550, 7.0600, 197974
2018-06-15, 7.0300, 7.3600, 7.0300, 7.1600, 200360
2018-06-18, 7.1100, 7.4100, 6.9810, 7.2500, 146620
2018-06-19, 7.2100, 7.4900, 7.1200, 7.3400, 194150
2018-06-20, 7.3400, 7.4900, 6.9800, 7.0900, 265117
2018-06-21, 7.1200, 7.1200, 6.8200, 6.8600, 432097
2018-06-22, 6.8700, 6.9800, 6.7200, 6.8500, 1291723
2018-06-25, 6.9100, 6.9900, 6.6950, 6.9700, 225291
2018-06-26, 6.9400, 7.2500, 6.7800, 7.1700, 211995
2018-06-27, 7.1600, 7.2000, 6.6900, 6.7500, 232643
2018-06-28, 6.7600, 7.0000, 6.6400, 6.7200, 256690
2018-06-29, 6.7500, 7.0600, 6.6400, 6.7200, 448297
2018-07-02, 6.6900, 6.8200, 6.5700, 6.8200, 151967
2018-07-03, 6.7700, 7.2400, 6.6500, 7.1300, 183741
2018-07-05, 7.1400, 7.1600, 6.9000, 7.0100, 170244
2018-07-06, 7.0200, 7.1000, 6.9400, 6.9900, 100419
2018-07-09, 7.0100, 7.1300, 6.8700, 7.0900, 123723
2018-07-10, 7.1200, 7.6900, 7.0900, 7.5800, 158802
2018-07-11, 7.5400, 7.7900, 7.2600, 7.4700, 128268
2018-07-12, 7.5000, 7.5600, 7.2100, 7.4300, 127643
2018-07-13, 7.4300, 7.5500, 7.0600, 7.4500, 82905
2018-07-16, 7.4700, 7.8300, 7.2700, 7.5300, 146138
2018-07-17, 7.5700, 7.9600, 7.5100, 7.8700, 95176
2018-07-18, 8.0000, 8.0000, 7.6900, 7.8200, 124992
2018-07-19, 7.8100, 8.0000, 7.8000, 7.9200, 52351
2018-07-20, 7.9000, 8.0650, 7.7280, 7.8900, 77269
2018-07-23, 7.8900, 7.9785, 7.6100, 7.7500, 96199
2018-07-24, 7.7100, 7.9000, 7.0800, 7.2000, 121219
2018-07-25, 7.1900, 7.3500, 7.0900, 7.1500, 129816
2018-07-26, 7.1000, 7.3900, 6.9300, 7.2600, 384964
2018-07-27, 7.2700, 7.6825, 7.0100, 7.1400, 61903
2018-07-30, 7.1000, 7.3800, 6.8700, 6.9700, 126739
2018-07-31, 6.9900, 7.0600, 6.8500, 6.9200, 81232
2018-08-01, 6.9400, 7.2200, 6.8300, 7.0200, 92232
2018-08-02, 7.0100, 7.5000, 6.8600, 6.9800, 50613
2018-08-03, 6.9600, 7.0600, 6.8100, 7.0100, 94293
2018-08-06, 7.6100, 11.5000, 7.6000, 11.1200, 5200148
2018-08-07, 10.4900, 11.9000, 10.0300, 10.9900, 1753397
2018-08-08, 10.1200, 11.5200, 10.1100, 10.9200, 477546
2018-08-09, 11.0400, 11.9000, 10.8400, 11.2600, 863778
2018-08-10, 11.4300, 11.5400, 10.1300, 10.4100, 285715
2018-08-13, 10.4800, 10.6082, 9.5100, 9.5800, 185093
2018-08-14, 9.5900, 9.6200, 8.1500, 8.3100, 376367
2018-08-15, 8.3100, 8.9200, 8.1700, 8.5800, 241092
2018-08-16, 8.5800, 9.0800, 8.4100, 9.0500, 101090
2018-08-17, 9.0400, 9.0400, 8.3510, 8.8700, 98762
2018-08-20, 9.0500, 9.1300, 8.8100, 9.0600, 122633
2018-08-21, 9.1300, 9.7700, 9.0900, 9.6400, 99009
2018-08-22, 9.7200, 10.1100, 9.7050, 10.0000, 175313
2018-08-23, 9.9800, 10.3400, 9.7200, 9.8400, 548569
2018-08-24, 9.8100, 10.1400, 9.6900, 9.9400, 75367
2018-08-27, 10.0000, 10.3400, 9.9200, 10.1100, 90856
2018-08-28, 10.0700, 10.1800, 9.9050, 10.0800, 58321
2018-08-29, 10.0600, 10.1000, 9.8000, 9.9400, 73444
2018-08-30, 9.9200, 10.5000, 9.8300, 10.2900, 186430
2018-08-31, 10.2500, 10.3100, 9.5775, 9.6300, 104782
2018-09-04, 9.6000, 9.8600, 9.4100, 9.5100, 183880
2018-09-05, 9.4900, 9.9300, 9.3800, 9.4700, 104396
2018-09-06, 9.4000, 9.4500, 9.0400, 9.1100, 94355
2018-09-07, 9.0800, 9.2400, 8.9000, 9.0600, 80081
2018-09-10, 9.0900, 9.0900, 8.5525, 8.7200, 116648
2018-09-11, 8.9000, 9.3300, 8.8500, 9.0000, 215341
2018-09-12, 8.9900, 9.1500, 8.5500, 8.8000, 161407
2018-09-13, 8.8500, 8.9200, 8.3600, 8.4300, 96904
2018-09-14, 8.4100, 8.5400, 8.0700, 8.2100, 239003
2018-09-17, 8.3500, 8.6000, 8.1000, 8.5100, 116919
2018-09-18, 8.5500, 8.5500, 8.1000, 8.1700, 101490
2018-09-19, 8.2700, 8.6800, 8.1700, 8.2500, 61321
2018-09-20, 8.2400, 8.4700, 8.1500, 8.4000, 56327
2018-09-21, 8.3800, 8.6550, 8.3700, 8.6100, 56672
2018-09-24, 8.5700, 8.7900, 8.4750, 8.6900, 61477
2018-09-25, 8.7000, 8.9900, 8.7000, 8.8700, 34819
2018-09-26, 8.9000, 8.9800, 8.8100, 8.8800, 64210
2018-09-27, 9.5000, 11.2000, 9.5000, 10.2400, 940220
2018-09-28, 10.0400, 10.4600, 9.7401, 10.2900, 121944
2018-10-01, 10.3900, 10.4300, 9.9400, 10.1200, 144701
2018-10-02, 10.0800, 10.2000, 9.6601, 10.1000, 145914
2018-10-03, 10.0900, 10.5000, 9.8000, 10.4400, 252762
2018-10-04, 10.4400, 10.4400, 9.3700, 9.4300, 84154
2018-10-05, 9.4100, 9.9800, 9.1500, 9.2500, 68279
2018-10-08, 9.2300, 9.5400, 9.1400, 9.4100, 91298
2018-10-09, 9.3900, 9.8800, 9.3200, 9.5500, 76244
2018-10-10, 9.4300, 9.5400, 9.1900, 9.4000, 84915
2018-10-11, 9.4400, 9.4400, 8.9500, 8.9900, 71911
2018-10-12, 9.1200, 9.1600, 8.5000, 8.7700, 39230
2018-10-15, 8.7900, 9.9399, 8.6500, 9.1400, 91363
2018-10-16, 9.1700, 9.7900, 8.8400, 9.5400, 71348
2018-10-17, 9.5500, 9.6400, 8.8100, 9.1600, 120582
2018-10-18, 9.1200, 9.4500, 8.6700, 8.8200, 54168
2018-10-19, 8.9600, 8.9600, 8.4500, 8.6500, 51292
2018-10-22, 8.6800, 9.2025, 8.0000, 8.0400, 77423
2018-10-23, 7.9200, 8.7125, 7.9000, 8.4000, 158845
2018-10-24, 8.3300, 8.7500, 8.0000, 8.0100, 91197
2018-10-25, 8.0700, 8.3300, 8.0100, 8.2700, 61126
2018-10-26, 8.1300, 8.1500, 7.8100, 8.1500, 58759
2018-10-29, 8.2900, 8.2900, 7.6200, 8.0200, 77045
2018-10-30, 8.0200, 8.0786, 7.7200, 7.8500, 33611
2018-10-31, 7.9500, 8.1400, 7.7800, 7.9900, 45224
2018-11-01, 8.0300, 8.4900, 7.9200, 8.0400, 65255
2018-11-02, 8.0800, 8.7200, 7.7000, 8.0700, 73017
2018-11-05, 8.1000, 8.1000, 7.8700, 7.9300, 18335
2018-11-06, 7.9400, 8.9174, 7.9400, 8.6900, 58267
2018-11-07, 8.5300, 9.1300, 8.1450, 9.0500, 148959
2018-11-08, 8.7900, 9.4000, 8.6600, 9.2700, 146312
2018-11-09, 9.2000, 9.8500, 9.0200, 9.7000, 115452
