2016-03-17, 3.3300, 3.4500, 3.3300, 3.4500, 2034
2016-03-18, 2.7500, 3.1000, 2.5300, 2.8500, 1158824
2016-03-21, 2.9300, 2.9700, 2.8100, 2.8500, 169237
2016-03-22, 2.8500, 2.9600, 2.8100, 2.8300, 106078
2016-03-23, 2.9500, 3.1500, 2.8500, 2.8700, 115520
2016-03-24, 2.8600, 2.9360, 2.6000, 2.7100, 95846
2016-03-28, 2.8800, 2.9290, 2.6300, 2.7500, 111007
2016-03-29, 2.8000, 2.8200, 2.6100, 2.7500, 23118
2016-03-30, 2.9000, 2.9600, 2.8038, 2.8500, 297195
2016-03-31, 2.9300, 2.9500, 2.8300, 2.8600, 412297
2016-04-01, 2.9500, 2.9600, 2.8500, 2.9200, 29913
2016-04-04, 2.9200, 3.0400, 2.8500, 3.0200, 73121
2016-04-05, 3.0200, 3.2500, 3.0126, 3.2400, 108594
2016-04-06, 3.2500, 3.2800, 3.1300, 3.2600, 83999
2016-04-07, 3.2800, 3.4000, 3.2800, 3.3700, 140246
2016-04-08, 3.3900, 3.3900, 3.0000, 3.0300, 97947
2016-04-11, 3.1900, 3.1900, 2.8400, 2.9700, 49758
2016-04-12, 3.0800, 3.1400, 2.8010, 2.9700, 98910
2016-04-13, 3.1500, 3.3200, 3.0500, 3.2900, 97352
2016-04-14, 3.3300, 3.3300, 3.2450, 3.3300, 45247
2016-04-15, 3.3900, 3.4000, 3.3500, 3.3700, 64392
2016-04-18, 3.3900, 3.4000, 3.2600, 3.2700, 63778
2016-04-19, 3.3600, 3.4000, 3.3600, 3.3900, 28367
2016-04-20, 3.2500, 3.4000, 3.2500, 3.4000, 27853
2016-04-21, 3.4000, 3.4200, 3.3250, 3.4100, 43913
2016-04-22, 3.6800, 3.6800, 3.3545, 3.5000, 69473
2016-04-25, 3.4500, 3.5000, 3.4000, 3.5000, 44679
2016-04-26, 3.3000, 3.4500, 3.1000, 3.4500, 53695
2016-04-27, 3.3500, 3.4650, 3.3050, 3.4000, 34274
2016-04-28, 3.3756, 3.4500, 3.1600, 3.2794, 49640
2016-04-29, 3.2900, 3.4500, 3.2600, 3.4400, 25942
2016-05-02, 3.4500, 3.5000, 3.3500, 3.4100, 42540
2016-05-03, 3.4500, 3.4500, 3.1300, 3.2400, 43812
2016-05-04, 3.2500, 3.3902, 3.1100, 3.1400, 63023
2016-05-05, 3.1700, 3.3300, 3.0300, 3.0900, 75242
2016-05-06, 3.1500, 3.3400, 3.0000, 3.1900, 99234
2016-05-09, 3.4500, 3.4500, 3.0200, 3.1500, 46237
2016-05-10, 3.2300, 3.3000, 3.0200, 3.2200, 133351
2016-05-11, 3.4200, 3.4300, 3.0800, 3.2000, 180176
2016-05-12, 3.4000, 3.4000, 3.0800, 3.3000, 80269
2016-05-13, 3.3900, 3.4000, 3.0000, 3.2500, 172236
2016-05-16, 3.2000, 3.3700, 3.0701, 3.3600, 37722
2016-05-17, 3.3000, 3.3300, 3.0200, 3.1200, 142819
2016-05-18, 3.1300, 3.3300, 3.0200, 3.2800, 186075
2016-05-19, 3.1200, 3.4400, 3.1200, 3.3900, 96928
2016-05-20, 3.3900, 3.5000, 3.3500, 3.4200, 187671
2016-05-23, 3.3300, 3.5000, 3.3200, 3.3200, 176765
2016-05-24, 3.3000, 3.5000, 3.3000, 3.4300, 51085
2016-05-25, 3.5200, 3.7500, 3.4900, 3.7000, 211312
2016-05-26, 3.6900, 3.7500, 3.6700, 3.7500, 83990
2016-05-27, 3.8200, 3.8200, 3.7000, 3.8100, 62084
2016-05-31, 3.8500, 3.8500, 3.7300, 3.8200, 45593
2016-06-01, 3.7600, 3.8800, 3.7600, 3.8800, 38861
2016-06-02, 3.8600, 3.9600, 3.8300, 3.9600, 30191
2016-06-03, 3.8100, 3.8600, 3.8100, 3.8400, 32169
2016-06-06, 3.8400, 3.9000, 3.8400, 3.9000, 56243
2016-06-07, 3.8700, 3.9000, 3.7000, 3.8000, 461683
2016-06-08, 3.7700, 3.8800, 3.7700, 3.8800, 16615
2016-06-09, 4.0500, 4.0500, 3.8000, 3.8400, 28161
2016-06-10, 3.9300, 3.9300, 3.7400, 3.7900, 41299
2016-06-13, 3.7400, 3.8600, 3.7300, 3.8400, 201136
2016-06-14, 3.7400, 3.8600, 3.7400, 3.8600, 93181
2016-06-15, 3.8900, 3.8900, 3.8450, 3.8700, 109042
2016-06-16, 3.8100, 3.8800, 3.8100, 3.8800, 115867
2016-06-17, 3.8900, 3.8900, 3.6800, 3.8200, 615294
2016-06-20, 3.8000, 3.8800, 3.7700, 3.8800, 65481
2016-06-21, 3.8500, 3.8800, 3.8001, 3.8600, 86270
2016-06-22, 3.8500, 3.8650, 3.8300, 3.8600, 124263
2016-06-23, 3.8600, 3.8800, 3.8100, 3.8600, 182121
2016-06-24, 3.6500, 3.8600, 3.6200, 3.7800, 2366531
2016-06-27, 3.8000, 3.8300, 3.6200, 3.8200, 91189
2016-06-28, 3.8200, 3.9400, 3.7300, 3.9200, 168625
2016-06-29, 3.9000, 3.9200, 3.8750, 3.9200, 67668
2016-06-30, 3.9200, 3.9300, 3.8600, 3.9300, 76504
2016-07-01, 3.8700, 3.9400, 3.8400, 3.9400, 83082
2016-07-05, 3.9800, 3.9800, 3.8700, 3.9500, 62060
2016-07-06, 3.9500, 3.9500, 3.9100, 3.9500, 64833
2016-07-07, 3.9500, 3.9500, 3.8600, 3.8800, 72772
2016-07-08, 3.8800, 3.9000, 3.5000, 3.6700, 804661
2016-07-11, 3.6700, 3.9000, 3.6700, 3.7800, 57132
2016-07-12, 3.7800, 3.8900, 3.7800, 3.8600, 88739
2016-07-13, 3.8900, 3.8900, 3.7500, 3.8100, 52931
2016-07-14, 3.8500, 3.8900, 3.7600, 3.8000, 87272
2016-07-15, 3.8000, 3.8300, 3.7500, 3.7800, 32707
2016-07-18, 3.7600, 3.7900, 3.6200, 3.6400, 60906
2016-07-19, 3.6000, 3.7000, 3.5100, 3.6300, 59558
2016-07-20, 3.6200, 3.6400, 3.5950, 3.6200, 57814
2016-07-21, 3.6200, 3.6400, 3.5500, 3.5600, 33238
2016-07-22, 3.5997, 3.6000, 3.5100, 3.5400, 36416
2016-07-25, 3.4700, 3.6200, 3.2900, 3.3100, 102238
2016-07-26, 3.2900, 3.3000, 3.2000, 3.2600, 49261
2016-07-27, 3.2200, 3.3700, 3.2200, 3.3600, 80636
2016-07-28, 3.3100, 3.4600, 3.3100, 3.4200, 33816
2016-07-29, 3.4000, 3.4450, 3.2700, 3.3200, 34590
2016-08-01, 3.3200, 3.3200, 3.1000, 3.1200, 113851
2016-08-02, 3.0700, 3.1500, 3.0000, 3.0000, 146520
2016-08-03, 3.0000, 3.1800, 3.0000, 3.1700, 80018
2016-08-04, 3.1800, 3.2200, 3.1500, 3.1500, 32000
2016-08-05, 3.1800, 3.3600, 3.1500, 3.1900, 105725
2016-08-08, 3.1700, 3.2700, 3.1000, 3.1000, 125518
2016-08-09, 3.1500, 3.2600, 3.0000, 3.0000, 115486
2016-08-10, 3.3000, 4.2400, 3.3000, 4.0600, 691782
2016-08-11, 4.1200, 4.1200, 3.9627, 4.0700, 500707
2016-08-12, 4.1000, 4.1000, 3.9800, 4.0400, 85968
2016-08-15, 4.0800, 4.0800, 3.7900, 4.0000, 94341
2016-08-16, 3.9500, 4.0400, 3.8591, 3.9600, 33826
2016-08-17, 3.9900, 4.0600, 3.9000, 4.0300, 43508
2016-08-18, 4.1000, 4.1000, 3.9940, 4.0300, 15510
2016-08-19, 4.0200, 4.0500, 3.9200, 3.9700, 49274
2016-08-22, 3.9900, 4.0600, 3.9900, 4.0600, 38825
2016-08-23, 4.0600, 4.0700, 4.0200, 4.0700, 35427
2016-08-24, 4.0300, 4.0500, 4.0000, 4.0000, 30395
2016-08-25, 4.0200, 4.0400, 3.9300, 3.9800, 18281
2016-08-26, 4.0300, 4.0500, 3.9500, 3.9800, 12883
2016-08-29, 4.0200, 4.0500, 3.9600, 4.0400, 54421
2016-08-30, 4.0000, 4.0400, 3.9200, 4.0000, 11191
2016-08-31, 4.0000, 4.0400, 3.9300, 4.0000, 28805
2016-09-01, 4.0300, 4.0400, 3.7900, 3.9200, 66021
2016-09-02, 3.9600, 3.9700, 3.8600, 3.9000, 15125
2016-09-06, 3.9500, 4.0500, 3.9400, 4.0500, 121996
2016-09-07, 4.0400, 4.0500, 4.0165, 4.0400, 88898
2016-09-08, 4.1000, 4.1000, 3.8900, 3.9000, 582213
2016-09-09, 3.9200, 3.9800, 3.8600, 3.8600, 64076
2016-09-12, 3.9900, 4.0400, 3.9000, 4.0000, 99502
2016-09-13, 4.0100, 4.0500, 3.9500, 3.9600, 64417
2016-09-14, 3.9600, 3.9900, 3.9400, 3.9600, 35647
2016-09-15, 3.8400, 4.0400, 3.8400, 4.0000, 62792
2016-09-16, 4.0100, 4.0300, 3.9200, 3.9800, 391223
2016-09-19, 3.9700, 4.0300, 3.9000, 4.0000, 29606
2016-09-20, 4.0000, 4.0500, 3.9200, 3.9800, 169837
2016-09-21, 3.9600, 4.0199, 3.9200, 3.9600, 91180
2016-09-22, 4.0000, 4.0100, 3.9600, 3.9800, 76060
2016-09-23, 4.0000, 4.0000, 3.9600, 3.9700, 90591
2016-09-26, 3.9200, 4.0000, 3.9200, 3.9200, 176731
2016-09-27, 3.9600, 4.0500, 3.9300, 3.9600, 113207
2016-09-28, 3.9800, 3.9900, 3.7600, 3.7900, 93597
2016-09-29, 3.8000, 3.9500, 3.7500, 3.8900, 48691
2016-09-30, 3.9100, 3.9432, 3.8000, 3.9000, 32199
2016-10-03, 3.8800, 3.9000, 3.7701, 3.8100, 27297
2016-10-04, 3.8000, 3.8000, 3.7000, 3.7300, 18796
2016-10-05, 3.7525, 3.8500, 3.7300, 3.7600, 24719
2016-10-06, 3.7200, 3.7600, 3.5300, 3.5500, 30418
2016-10-07, 3.5000, 3.5490, 3.3700, 3.3900, 38989
2016-10-10, 3.4300, 3.4700, 3.2600, 3.3600, 50085
2016-10-11, 3.3200, 3.3800, 3.2600, 3.2700, 21704
2016-10-12, 3.2600, 3.3500, 3.2100, 3.2100, 10321
2016-10-13, 3.3000, 3.4700, 3.2100, 3.3500, 44205
2016-10-14, 3.3900, 3.6600, 3.3600, 3.3900, 25179
2016-10-17, 3.4300, 3.4400, 3.3500, 3.3500, 7605
2016-10-18, 3.3983, 3.4200, 3.2000, 3.2300, 40913
2016-10-19, 3.2500, 3.3300, 3.1300, 3.1500, 38750
2016-10-20, 3.1920, 3.2500, 3.0500, 3.0700, 40240
2016-10-21, 3.0500, 3.2100, 2.9900, 3.0100, 34357
2016-10-24, 3.0400, 3.1700, 2.6900, 2.7700, 283235
2016-10-25, 2.8400, 2.8500, 2.7000, 2.7600, 57210
2016-10-26, 2.7600, 2.8500, 2.6000, 2.6000, 147151
2016-10-27, 2.6200, 2.6200, 2.2250, 2.3600, 2905565
2016-10-28, 2.4500, 2.5200, 2.3300, 2.3800, 191574
2016-10-31, 2.4000, 2.4554, 2.2900, 2.3400, 121667
2016-11-01, 2.3400, 2.4499, 2.3400, 2.4100, 215570
2016-11-02, 2.4600, 2.4800, 2.3600, 2.4200, 122260
2016-11-03, 2.4200, 2.5200, 2.4000, 2.4900, 94687
2016-11-04, 2.4600, 2.4800, 2.4000, 2.4000, 92730
2016-11-07, 2.5000, 2.5100, 2.4000, 2.4200, 162890
2016-11-08, 2.4000, 2.4100, 2.3700, 2.4000, 112851
2016-11-09, 2.3700, 2.4700, 2.3700, 2.4700, 101150
2016-11-10, 2.4200, 2.4600, 2.3200, 2.3300, 129783
2016-11-11, 2.3700, 2.3700, 2.1700, 2.2200, 503427
2016-11-14, 2.3000, 2.3000, 2.1700, 2.1900, 154811
2016-11-15, 2.1800, 2.2500, 2.1800, 2.2300, 68551
2016-11-16, 2.2500, 2.5000, 2.2200, 2.4400, 117742
2016-11-17, 2.4600, 2.5492, 2.4000, 2.4400, 82792
2016-11-18, 2.4600, 2.5300, 2.4000, 2.4500, 103331
2016-11-21, 2.4500, 2.6500, 2.4400, 2.6500, 130350
2016-11-22, 2.6800, 2.8400, 2.6400, 2.8200, 164607
2016-11-23, 2.8400, 2.9400, 2.7600, 2.9000, 131686
2016-11-25, 2.9170, 2.9200, 2.8100, 2.9100, 66135
2016-11-28, 2.9700, 2.9700, 2.8300, 2.8600, 58836
2016-11-29, 2.9000, 2.9200, 2.8450, 2.8600, 63062
2016-11-30, 2.8900, 2.9100, 2.8500, 2.8600, 85007
2016-12-01, 2.8700, 2.9100, 2.8200, 2.8200, 37263
2016-12-02, 2.9200, 2.9400, 2.8500, 2.9300, 54726
2016-12-05, 2.9300, 3.1400, 2.9300, 3.1400, 92732
2016-12-06, 3.2200, 3.2700, 3.1300, 3.2000, 154501
2016-12-07, 3.2000, 3.2600, 3.1400, 3.2100, 86679
2016-12-08, 3.2300, 3.2300, 3.1700, 3.2100, 109190
2016-12-09, 3.2400, 3.3290, 3.1648, 3.2700, 110097
2016-12-12, 3.2400, 3.3341, 3.0900, 3.0900, 110140
2016-12-13, 3.0800, 3.1500, 2.9400, 2.9600, 84923
2016-12-14, 2.9300, 2.9800, 2.8700, 2.9100, 96692
2016-12-15, 2.9200, 2.9400, 2.7700, 2.8000, 90623
2016-12-16, 2.8200, 2.8400, 2.6400, 2.7100, 248674
2016-12-19, 2.7500, 2.8500, 2.7000, 2.7500, 39076
2016-12-20, 2.7600, 2.8500, 2.7500, 2.8500, 62115
2016-12-21, 2.7500, 2.8800, 2.7500, 2.8700, 81598
2016-12-22, 2.9500, 2.9500, 2.8100, 2.8300, 60799
2016-12-23, 2.8100, 2.8490, 2.7800, 2.8300, 54170
2016-12-27, 2.8200, 2.8301, 2.7100, 2.7200, 48776
2016-12-28, 2.7200, 2.7200, 2.6400, 2.6400, 30799
2016-12-29, 2.6500, 2.6900, 2.6300, 2.6500, 21952
2016-12-30, 2.6600, 2.6700, 2.6000, 2.6700, 50484
2017-01-03, 2.7000, 2.9000, 2.6600, 2.7300, 437392
2017-01-04, 2.7600, 2.7800, 2.7000, 2.7100, 72679
2017-01-05, 2.7200, 2.7300, 2.6100, 2.6800, 257933
2017-01-06, 2.8300, 2.9200, 2.7400, 2.8400, 159651
2017-01-09, 2.8200, 2.8350, 2.6800, 2.7000, 206736
2017-01-10, 2.7400, 2.7700, 2.6000, 2.6200, 128138
2017-01-11, 2.6000, 2.6500, 2.5100, 2.5700, 129220
2017-01-12, 2.5600, 2.5815, 2.4600, 2.5200, 116684
2017-01-13, 2.5500, 2.7800, 2.5300, 2.7300, 179225
2017-01-17, 2.7000, 2.7800, 2.6800, 2.7400, 91708
2017-01-18, 2.7500, 2.7500, 2.7100, 2.7500, 30988
2017-01-19, 2.7300, 2.7900, 2.7200, 2.7600, 30193
2017-01-20, 2.7100, 2.7600, 2.7100, 2.7300, 44075
2017-01-23, 2.7200, 2.7700, 2.6500, 2.6500, 23454
2017-01-24, 2.6700, 2.7700, 2.6300, 2.7100, 44673
2017-01-25, 2.7300, 2.7500, 2.6900, 2.7000, 34584
2017-01-26, 2.7500, 2.7500, 2.6600, 2.6800, 27099
2017-01-27, 2.7000, 2.7100, 2.6700, 2.6700, 25284
2017-01-30, 2.7000, 2.7100, 2.6600, 2.7000, 44715
2017-01-31, 2.6900, 2.8000, 2.6800, 2.7800, 73873
2017-02-01, 2.8100, 2.8100, 2.7900, 2.7900, 49728
2017-02-02, 2.8100, 2.8500, 2.7900, 2.8100, 73441
2017-02-03, 2.8400, 2.8800, 2.7600, 2.7700, 43415
2017-02-06, 2.7500, 2.8100, 2.7500, 2.7700, 43794
2017-02-07, 2.8000, 2.8400, 2.7800, 2.7900, 34654
2017-02-08, 2.7700, 2.8000, 2.7500, 2.7600, 35656
2017-02-09, 2.7600, 2.8400, 2.7500, 2.8100, 30642
2017-02-10, 2.7800, 2.8200, 2.7600, 2.7900, 32945
2017-02-13, 2.8100, 2.8200, 2.7800, 2.8000, 36359
2017-02-14, 2.8000, 2.8400, 2.7900, 2.8000, 47126
2017-02-15, 2.7800, 2.8200, 2.7500, 2.7700, 29482
2017-02-16, 2.7600, 2.7800, 2.5500, 2.6500, 84316
2017-02-17, 2.7000, 2.7000, 2.3200, 2.5100, 236542
2017-02-21, 2.6000, 2.6000, 2.3000, 2.4100, 110420
2017-02-22, 2.4400, 2.4400, 2.2800, 2.3200, 121088
2017-02-23, 2.2800, 2.3500, 2.2000, 2.3200, 357994
2017-02-24, 2.3000, 2.5500, 2.3000, 2.3200, 154443
2017-02-27, 2.2600, 2.4500, 2.2500, 2.4500, 226569
2017-02-28, 2.4300, 2.4800, 2.3300, 2.3500, 135349
2017-03-01, 2.4100, 2.4100, 2.2500, 2.3100, 175814
2017-03-02, 2.3300, 2.3300, 2.1900, 2.2400, 287175
2017-03-03, 2.2300, 2.3200, 2.1500, 2.3100, 341407
2017-03-06, 2.3100, 2.3400, 2.2300, 2.2900, 52859
2017-03-07, 2.3100, 2.3200, 2.0300, 2.0500, 178529
2017-03-08, 2.0700, 2.1100, 1.9900, 2.0300, 311575
2017-03-09, 2.0200, 2.0400, 1.9700, 2.0100, 104913
2017-03-10, 2.0200, 2.0600, 2.0000, 2.0000, 116358
2017-03-13, 2.0000, 2.0600, 1.9600, 2.0000, 199748
2017-03-14, 1.9900, 1.9900, 1.9000, 1.9700, 212495
2017-03-15, 1.9700, 2.1100, 1.9700, 2.1000, 432081
2017-03-16, 2.1000, 2.1100, 1.9700, 2.0100, 359980
2017-03-17, 2.0000, 2.0100, 1.9000, 1.9500, 427900
2017-03-20, 1.9400, 1.9600, 1.9100, 1.9100, 99817
2017-03-21, 1.9300, 1.9300, 1.8200, 1.8200, 185604
2017-03-22, 1.8100, 1.8500, 1.7800, 1.8300, 189269
2017-03-23, 1.9000, 1.9000, 1.8300, 1.8500, 178382
2017-03-24, 1.8300, 1.8800, 1.8300, 1.8700, 69325
2017-03-27, 1.8900, 1.9100, 1.8500, 1.8900, 171558
2017-03-28, 1.8700, 2.0000, 1.8400, 1.8600, 284694
2017-03-29, 1.8400, 1.9100, 1.7900, 1.8400, 335658
2017-03-30, 1.8400, 1.8600, 1.6910, 1.7800, 526544
2017-03-31, 1.7800, 1.8300, 1.7300, 1.7900, 157906
2017-04-03, 1.7900, 1.8400, 1.7200, 1.7200, 94227
2017-04-04, 1.7500, 1.7500, 1.5800, 1.6300, 454500
2017-04-05, 1.6300, 1.7200, 1.5600, 1.5700, 312434
2017-04-06, 1.5800, 1.7300, 1.5600, 1.7000, 416462
2017-04-07, 1.7900, 1.8200, 1.6900, 1.6900, 289046
2017-04-10, 1.6800, 1.7100, 1.6600, 1.6900, 95560
2017-04-11, 1.6900, 1.7700, 1.6600, 1.6900, 141062
2017-04-12, 1.6800, 1.7390, 1.6100, 1.6400, 126923
2017-04-13, 1.6300, 1.6800, 1.6200, 1.6600, 135339
2017-04-17, 1.6800, 1.7000, 1.6300, 1.6700, 81936
2017-04-18, 1.6400, 1.7000, 1.6400, 1.6700, 60480
2017-04-19, 1.6700, 1.7200, 1.6700, 1.6800, 67374
2017-04-20, 1.7200, 1.7200, 1.6800, 1.7000, 68259
2017-04-21, 1.7100, 1.7600, 1.6200, 1.6600, 189755
2017-04-24, 1.7100, 1.7310, 1.6600, 1.7000, 104461
2017-04-25, 1.7100, 1.7400, 1.7000, 1.7000, 93190
2017-04-26, 1.7000, 1.7200, 1.6900, 1.6900, 73505
2017-04-27, 1.7100, 1.7150, 1.6800, 1.6800, 75146
2017-04-28, 1.6800, 1.6900, 1.6500, 1.6900, 105428
2017-05-01, 1.6800, 1.7050, 1.6700, 1.6700, 63805
2017-05-02, 1.6600, 1.6800, 1.6500, 1.6600, 99882
2017-05-03, 1.6600, 1.6900, 1.6400, 1.6400, 67825
2017-05-04, 1.6400, 1.6550, 1.6000, 1.6200, 95542
2017-05-05, 1.7500, 1.7500, 1.5700, 1.5800, 220880
2017-05-08, 1.5600, 1.6200, 1.4400, 1.5000, 169649
2017-05-09, 1.5100, 1.5180, 1.4500, 1.4900, 119966
2017-05-10, 1.5300, 1.5500, 1.4600, 1.4900, 93357
2017-05-11, 1.4900, 1.5400, 1.4500, 1.5000, 163779
2017-05-12, 1.5200, 1.5200, 1.4500, 1.4600, 212649
2017-05-15, 1.4700, 1.4900, 1.4000, 1.4300, 1086363
2017-05-16, 1.4400, 1.5000, 1.3900, 1.3900, 629455
2017-05-17, 1.3800, 1.5300, 1.3700, 1.3900, 451781
2017-05-18, 1.3800, 1.4000, 1.3800, 1.3900, 325000
2017-05-19, 1.4400, 1.4500, 1.3900, 1.4000, 223548
2017-05-22, 1.4000, 1.4100, 1.3900, 1.4100, 169079
2017-05-23, 1.4100, 1.4100, 1.2600, 1.3600, 600030
2017-05-24, 1.3700, 1.3700, 1.3400, 1.3500, 315055
2017-05-25, 1.3500, 1.4100, 1.3400, 1.4100, 480985
2017-05-26, 1.4400, 1.7700, 1.4400, 1.6600, 1263318
2017-05-30, 1.6700, 1.7100, 1.5000, 1.5000, 661531
2017-05-31, 1.5000, 1.5000, 1.3500, 1.4000, 607723
2017-06-01, 1.4200, 1.4600, 1.3700, 1.4100, 354878
2017-06-02, 1.4300, 1.5200, 1.3800, 1.5000, 366122
2017-06-05, 1.5200, 1.5700, 1.4200, 1.4300, 262861
2017-06-06, 1.4700, 1.5600, 1.4100, 1.4900, 340492
2017-06-07, 1.5000, 1.5300, 1.3500, 1.3900, 719780
2017-06-08, 1.4000, 1.5200, 1.3700, 1.4000, 441258
2017-06-09, 1.4300, 1.5900, 1.4000, 1.5500, 901005
2017-06-12, 1.5600, 1.6500, 1.4800, 1.4800, 526227
2017-06-13, 1.4900, 1.5000, 1.4400, 1.4500, 352934
2017-06-14, 1.4500, 1.4580, 1.4100, 1.4100, 363165
2017-06-15, 1.4100, 1.5000, 1.3500, 1.3700, 988725
2017-06-16, 1.3500, 1.4900, 1.3200, 1.4500, 980592
2017-06-19, 1.4500, 1.5500, 1.3600, 1.5200, 1760341
2017-06-20, 1.5000, 1.6200, 1.4500, 1.5700, 524346
2017-06-21, 1.5600, 1.8100, 1.5000, 1.7900, 983520
2017-06-22, 1.8000, 2.0700, 1.7200, 2.0100, 1135763
2017-06-23, 2.0100, 2.0700, 1.9000, 1.9100, 2770591
2017-06-26, 1.9400, 2.0900, 1.7700, 1.8300, 818176
2017-06-27, 1.8200, 1.9000, 1.7800, 1.7800, 361108
2017-06-28, 1.8100, 1.9200, 1.7500, 1.8400, 1068626
2017-06-29, 1.8400, 1.8500, 1.7500, 1.8100, 478829
2017-06-30, 1.8300, 1.8500, 1.7800, 1.8000, 265273
2017-07-03, 1.8300, 1.8500, 1.7500, 1.8000, 170698
2017-07-05, 1.8000, 1.8300, 1.6800, 1.7900, 523102
2017-07-06, 1.7900, 1.8900, 1.7700, 1.8700, 217673
2017-07-07, 1.8800, 1.9800, 1.8500, 1.9000, 356866
2017-07-10, 1.9100, 1.9100, 1.8000, 1.8300, 182491
2017-07-11, 1.8300, 1.8600, 1.7700, 1.8500, 226339
2017-07-12, 1.8800, 2.1600, 1.8100, 2.1500, 1200417
2017-07-13, 2.2100, 2.2400, 2.0000, 2.1900, 1022067
2017-07-14, 2.1700, 2.2500, 2.0900, 2.2200, 1120300
2017-07-17, 2.2800, 2.2800, 2.1300, 2.1800, 385189
2017-07-18, 2.1900, 2.2000, 2.0800, 2.1100, 267979
2017-07-19, 2.1000, 2.3800, 2.0900, 2.2800, 750135
2017-07-20, 2.2800, 2.4100, 2.2300, 2.4100, 844040
2017-07-21, 2.4300, 2.5500, 2.2500, 2.3600, 1570539
2017-07-24, 2.4300, 2.4300, 2.2500, 2.2600, 495163
2017-07-25, 2.5000, 2.5900, 2.3370, 2.5100, 846798
2017-07-26, 2.5500, 2.5800, 2.3900, 2.5500, 1067331
2017-07-27, 2.6000, 2.6500, 2.4600, 2.6000, 554471
2017-07-28, 2.5500, 2.6000, 2.4700, 2.5300, 398749
2017-07-31, 2.5000, 2.5500, 2.4000, 2.4800, 352311
2017-08-01, 2.5200, 2.5200, 2.3300, 2.4100, 397894
2017-08-02, 2.4100, 2.4900, 2.2600, 2.3800, 361170
2017-08-03, 2.5500, 2.5500, 2.3200, 2.3900, 379800
2017-08-04, 2.3900, 2.4700, 2.3800, 2.4100, 286281
2017-08-07, 2.4400, 2.4500, 2.2500, 2.2700, 494319
2017-08-08, 2.3000, 2.3000, 2.1800, 2.2200, 256273
2017-08-09, 2.2000, 2.3400, 2.1500, 2.3200, 510049
2017-08-10, 2.2000, 2.4500, 2.2000, 2.3900, 602533
2017-08-11, 2.3800, 2.5500, 2.3600, 2.4900, 643371
2017-08-14, 2.5100, 2.5100, 2.2900, 2.3400, 381656
2017-08-15, 2.3000, 2.3600, 2.2100, 2.2400, 326944
2017-08-16, 2.3100, 2.5300, 2.3000, 2.4200, 396773
2017-08-17, 2.4400, 2.5200, 2.3500, 2.4400, 571489
2017-08-18, 2.3800, 2.8800, 2.3500, 2.7800, 4095945
2017-08-21, 2.8500, 2.9500, 2.6200, 2.7800, 1645506
2017-08-22, 2.7700, 2.8500, 2.6380, 2.7600, 1006408
2017-08-23, 2.7100, 2.8700, 2.5600, 2.6300, 1472075
2017-08-24, 2.6900, 2.7600, 2.5800, 2.7300, 1016618
2017-08-25, 2.7600, 2.7600, 2.6500, 2.7000, 699073
2017-08-28, 2.7400, 2.8900, 2.7000, 2.8300, 1341529
2017-08-29, 2.8400, 3.1900, 2.7600, 2.9400, 1584272
2017-08-30, 3.0000, 3.0500, 2.7900, 2.8400, 1300775
2017-08-31, 2.8500, 3.1500, 2.8400, 3.0700, 1252424
2017-09-01, 3.1100, 3.2400, 3.0000, 3.1100, 622092
2017-09-05, 3.1700, 3.2500, 3.0800, 3.0900, 1012527
2017-09-06, 3.1000, 3.1800, 3.0000, 3.1100, 932210
2017-09-07, 3.1400, 3.1700, 3.0300, 3.0800, 881096
2017-09-08, 3.1000, 3.2200, 3.0300, 3.1800, 556554
2017-09-11, 3.2500, 3.2680, 2.9500, 2.9900, 1182183
2017-09-12, 2.9500, 3.0500, 2.9400, 3.0000, 668096
2017-09-13, 3.1000, 3.2200, 2.9700, 3.1400, 1465469
2017-09-14, 3.1500, 3.2200, 3.0570, 3.1100, 787318
2017-09-15, 3.0800, 3.1900, 3.0600, 3.1900, 658049
2017-09-18, 3.1900, 3.2200, 3.0800, 3.2000, 1118397
2017-09-19, 3.1800, 3.1800, 3.0000, 3.0300, 1126645
2017-09-20, 3.0100, 3.0800, 2.9900, 3.0500, 949772
2017-09-21, 3.0200, 3.0600, 2.9900, 3.0100, 582620
2017-09-22, 3.0000, 3.0900, 3.0000, 3.0500, 525227
2017-09-25, 3.0200, 3.0700, 2.9900, 3.0500, 670192
2017-09-26, 3.0300, 3.0400, 2.8500, 2.9900, 842009
2017-09-27, 2.9900, 3.1000, 2.9300, 2.9700, 880623
2017-09-28, 3.0000, 3.1000, 2.9600, 3.0700, 573376
2017-09-29, 3.1000, 3.2150, 3.0700, 3.1900, 784739
2017-10-02, 3.2300, 3.5900, 3.2000, 3.5400, 1867473
2017-10-03, 3.5900, 3.6700, 3.2300, 3.2700, 989519
2017-10-04, 3.2800, 3.3210, 3.2500, 3.2900, 400174
2017-10-05, 3.3100, 3.3200, 3.1500, 3.1800, 405061
2017-10-06, 3.1700, 3.4800, 3.1500, 3.3400, 1001915
2017-10-09, 3.3900, 3.4300, 3.2050, 3.2600, 786708
2017-10-10, 3.2700, 3.2710, 3.1000, 3.1400, 678918
2017-10-11, 3.1700, 3.1700, 3.0200, 3.0900, 659924
2017-10-12, 3.0600, 3.0900, 3.0000, 3.0000, 481365
2017-10-13, 3.0000, 3.0700, 2.9500, 2.9600, 419040
2017-10-16, 2.9500, 2.9900, 2.6500, 2.7000, 1098043
2017-10-17, 2.7400, 2.7900, 2.5600, 2.6700, 803424
2017-10-18, 2.6200, 2.7230, 2.5600, 2.5700, 715155
2017-10-19, 2.5800, 2.6300, 2.5200, 2.5600, 537870
2017-10-20, 2.6100, 2.6100, 2.4200, 2.4900, 826003
2017-10-23, 2.4800, 2.5000, 2.3600, 2.4300, 443158
2017-10-24, 2.4300, 2.7700, 2.4100, 2.7600, 775475
2017-10-25, 2.8000, 2.8300, 2.6000, 2.6600, 523781
2017-10-26, 2.6300, 2.7290, 2.5600, 2.6400, 359046
2017-10-27, 2.6500, 2.8900, 2.6500, 2.8200, 707095
2017-10-30, 2.6500, 2.8750, 2.6500, 2.8200, 342955
2017-10-31, 2.8300, 2.9500, 2.7510, 2.9200, 416278
2017-11-01, 2.9200, 2.9200, 2.5000, 2.5700, 1032053
2017-11-02, 2.5900, 2.7500, 2.5610, 2.6900, 523057
2017-11-03, 2.6500, 2.8500, 2.6300, 2.7400, 239524
2017-11-06, 2.7800, 2.7800, 2.7000, 2.7600, 215231
2017-11-07, 2.8200, 2.8200, 2.6400, 2.6700, 269295
2017-11-08, 2.7000, 2.7000, 2.5600, 2.6200, 278002
2017-11-09, 2.6000, 2.7200, 2.5400, 2.6300, 298109
2017-11-10, 2.6300, 2.6800, 2.6000, 2.6500, 112824
2017-11-13, 2.6500, 2.7600, 2.5750, 2.6500, 152008
2017-11-14, 2.6100, 2.6600, 2.5400, 2.6100, 161406
2017-11-15, 2.6000, 2.6400, 2.5100, 2.6200, 175366
2017-11-16, 2.6200, 2.8000, 2.6000, 2.7400, 165888
2017-11-17, 2.7600, 2.8000, 2.6800, 2.6800, 162157
2017-11-20, 2.6700, 2.7800, 2.6000, 2.7600, 293151
2017-11-21, 2.7700, 2.8100, 2.6800, 2.7100, 305953
2017-11-22, 2.7200, 2.7600, 2.6300, 2.7200, 219299
2017-11-24, 2.7500, 3.1100, 2.7100, 3.0400, 719277
2017-11-27, 3.0500, 3.1350, 2.9000, 3.0000, 581843
2017-11-28, 2.9900, 3.0000, 2.9400, 2.9700, 328514
2017-11-29, 2.9400, 2.9800, 2.9100, 2.9500, 139429
2017-11-30, 2.9600, 2.9800, 2.9000, 2.9400, 180689
2017-12-01, 2.8900, 2.9100, 2.5400, 2.8500, 1126193
2017-12-04, 2.8500, 2.8500, 2.6000, 2.6600, 489168
2017-12-05, 2.6700, 2.7900, 2.5610, 2.7200, 395546
2017-12-06, 2.7300, 2.7490, 2.5700, 2.6400, 263330
2017-12-07, 2.6500, 2.7400, 2.5800, 2.5800, 195752
2017-12-08, 2.5900, 2.6700, 2.5700, 2.6000, 143144
2017-12-11, 2.6200, 2.6500, 2.5500, 2.5800, 356590
2017-12-12, 2.6200, 2.6900, 2.5300, 2.6100, 195584
2017-12-13, 2.6200, 2.6500, 2.5800, 2.6300, 157124
2017-12-14, 2.6300, 2.6700, 2.5900, 2.6500, 225217
2017-12-15, 2.6400, 2.6700, 2.5100, 2.6000, 534308
2017-12-18, 2.6000, 2.7500, 2.5600, 2.6600, 333890
2017-12-19, 2.6600, 2.7100, 2.5800, 2.6000, 260064
2017-12-20, 2.6200, 2.8300, 2.6000, 2.7800, 524128
2017-12-21, 2.7500, 2.8200, 2.6200, 2.6500, 311346
2017-12-22, 2.6050, 2.7000, 2.6000, 2.6900, 222544
2017-12-26, 2.6700, 2.6800, 2.5500, 2.6000, 200949
2017-12-27, 2.6000, 2.8100, 2.5774, 2.7500, 511294
2017-12-28, 2.7700, 2.8200, 2.6500, 2.6800, 223497
2017-12-29, 2.6700, 2.7000, 2.6000, 2.6600, 183783
2018-01-02, 2.6800, 2.8500, 2.6500, 2.7000, 418978
2018-01-03, 2.7100, 2.8400, 2.7100, 2.8200, 368087
2018-01-04, 2.8300, 2.8400, 2.7100, 2.7900, 167114
2018-01-05, 2.8200, 2.9400, 2.7900, 2.8800, 340771
2018-01-08, 2.9400, 2.9800, 2.8200, 2.9200, 341927
2018-01-09, 2.9000, 3.0000, 2.8200, 2.9900, 238160
2018-01-10, 2.9900, 3.2000, 2.9200, 3.1300, 739707
2018-01-11, 3.1500, 3.2000, 3.0500, 3.1600, 409656
2018-01-12, 3.1800, 3.2200, 3.0475, 3.1000, 482074
2018-01-16, 3.1000, 3.1000, 2.8600, 2.9700, 442296
2018-01-17, 2.9800, 3.0400, 2.8500, 3.0000, 196299
2018-01-18, 3.0000, 3.1200, 2.9300, 2.9800, 185819
2018-01-19, 2.9500, 3.0100, 2.9000, 2.9600, 213523
2018-01-22, 2.9700, 3.0000, 2.9500, 2.9600, 237279
2018-01-23, 2.9800, 2.9984, 2.8600, 2.9000, 371466
2018-01-24, 2.9200, 2.9800, 2.8500, 2.8700, 432598
2018-01-25, 2.9100, 3.2600, 2.9100, 3.2000, 928446
2018-01-26, 3.0700, 3.0700, 2.8100, 2.8400, 2360999
2018-01-29, 2.8400, 2.9100, 2.7500, 2.8000, 1044085
2018-01-30, 2.8100, 2.8100, 2.5700, 2.6200, 978173
2018-01-31, 2.6200, 2.6900, 2.5300, 2.6800, 615400
2018-02-01, 2.6500, 2.8110, 2.5600, 2.7700, 714619
2018-02-02, 2.7700, 2.7800, 2.5900, 2.6200, 466699
2018-02-05, 2.5900, 2.6400, 2.4600, 2.4800, 480912
2018-02-06, 2.4400, 2.6500, 2.4100, 2.6200, 582651
2018-02-07, 2.6100, 2.6500, 2.5950, 2.6100, 350961
2018-02-08, 2.6200, 2.6200, 2.4200, 2.5200, 327302
2018-02-09, 2.5200, 2.5886, 2.4100, 2.5500, 501547
2018-02-12, 2.5700, 2.6450, 2.5000, 2.5400, 301948
2018-02-13, 2.5300, 2.6148, 2.5000, 2.5100, 248116
2018-02-14, 2.5000, 2.6300, 2.4700, 2.5600, 323139
2018-02-15, 2.5700, 2.6600, 2.4900, 2.6300, 288507
2018-02-16, 2.6300, 2.6600, 2.5200, 2.6300, 320240
2018-02-20, 2.6600, 2.6750, 2.5700, 2.6100, 214122
2018-02-21, 2.6500, 2.6800, 2.5500, 2.6400, 249202
2018-02-22, 2.6400, 2.7700, 2.6400, 2.6800, 516645
2018-02-23, 2.7000, 2.9500, 2.6800, 2.9400, 540755
2018-02-26, 3.0000, 3.0000, 2.8000, 2.8400, 519372
2018-02-27, 2.8600, 2.9500, 2.8000, 2.8500, 260227
2018-02-28, 2.8900, 3.0000, 2.8500, 2.8900, 580681
2018-03-01, 2.9700, 3.1000, 2.8700, 3.0700, 984301
2018-03-02, 3.0700, 3.2300, 2.9700, 3.1800, 894791
2018-03-05, 3.1000, 3.1850, 3.0500, 3.1200, 640764
2018-03-06, 3.1400, 3.2000, 3.0200, 3.1000, 560019
2018-03-07, 3.1000, 3.2000, 3.0800, 3.1100, 403597
2018-03-08, 3.0800, 3.2000, 3.0800, 3.1800, 392700
2018-03-09, 3.1900, 3.2450, 3.1800, 3.2100, 581543
2018-03-12, 3.2200, 3.2400, 3.1100, 3.1600, 299355
2018-03-13, 3.1600, 3.2300, 3.0600, 3.0700, 430189
2018-03-14, 3.0300, 3.3000, 3.0200, 3.1800, 1636037
2018-03-15, 3.2400, 3.2400, 2.9100, 2.9400, 1229584
2018-03-16, 2.9800, 3.1300, 2.9200, 3.1100, 693853
2018-03-19, 3.1200, 3.1800, 2.9500, 2.9500, 694939
2018-03-20, 2.9900, 3.0800, 2.9600, 2.9900, 928825
2018-03-21, 3.0100, 3.1200, 2.9910, 3.0600, 388011
2018-03-22, 3.0500, 3.0800, 2.9900, 3.0300, 581600
2018-03-23, 3.0500, 3.0500, 2.7500, 2.9400, 1154439
2018-03-26, 2.9900, 3.0550, 2.7500, 3.0200, 872515
2018-03-27, 3.0200, 3.0400, 2.6400, 2.8000, 1295783
2018-03-28, 2.8500, 2.8700, 2.7800, 2.7900, 616617
2018-03-29, 2.8000, 3.0500, 2.8000, 3.0000, 1066547
2018-04-02, 3.2000, 3.4000, 3.0000, 3.1000, 4066986
2018-04-03, 3.1600, 3.1700, 2.9700, 3.0500, 1491861
2018-04-04, 3.0900, 3.3800, 3.0300, 3.2900, 3081436
2018-04-05, 3.4000, 3.5400, 3.2900, 3.5200, 2648202
2018-04-06, 3.4600, 3.7500, 3.4500, 3.7200, 2702559
2018-04-09, 3.9900, 4.0000, 3.6700, 3.7700, 2538336
2018-04-10, 3.8000, 3.8790, 3.6500, 3.7400, 1150720
2018-04-11, 3.7500, 3.7700, 3.6000, 3.6500, 1176284
2018-04-12, 3.6400, 3.7700, 3.6158, 3.7400, 1158050
2018-04-13, 3.7500, 3.7800, 3.6600, 3.7400, 939695
2018-04-16, 3.7900, 3.8500, 3.6800, 3.7000, 650432
2018-04-17, 3.7000, 3.7400, 3.6000, 3.6800, 939279
2018-04-18, 3.6900, 3.7300, 3.6000, 3.6700, 487783
2018-04-19, 3.6600, 3.7000, 3.5200, 3.5700, 720752
2018-04-20, 3.5900, 3.5900, 3.3100, 3.3700, 846530
2018-04-23, 3.3200, 3.3500, 3.2400, 3.2500, 858679
2018-04-24, 3.2400, 3.2500, 3.0900, 3.1600, 693400
2018-04-25, 3.1400, 3.2100, 3.1000, 3.1000, 494076
2018-04-26, 3.1300, 3.2000, 3.1000, 3.1700, 329462
2018-04-27, 3.1800, 3.3000, 3.1250, 3.1500, 473606
2018-04-30, 3.1500, 3.2400, 3.0700, 3.0900, 414473
2018-05-01, 3.1000, 3.1050, 3.0200, 3.0700, 407688
2018-05-02, 3.0700, 3.2271, 3.0700, 3.1400, 414960
2018-05-03, 3.1800, 3.2100, 3.1200, 3.1800, 310200
2018-05-04, 3.1900, 3.2300, 3.1500, 3.2000, 325425
2018-05-07, 3.2300, 3.3200, 3.1500, 3.1800, 461105
2018-05-08, 3.2200, 3.2200, 3.1300, 3.1600, 440085
2018-05-09, 3.1400, 3.2300, 3.0100, 3.0700, 440859
2018-05-10, 3.1300, 3.2200, 3.0300, 3.2100, 412018
2018-05-11, 3.2000, 3.2000, 3.0100, 3.0300, 739164
2018-05-14, 3.0800, 3.2100, 3.0200, 3.1700, 500578
2018-05-15, 3.1800, 3.4600, 3.1400, 3.2700, 1222387
2018-05-16, 3.3000, 3.4300, 3.1700, 3.1900, 828480
2018-05-17, 3.1900, 3.2290, 3.1550, 3.1800, 459381
2018-05-18, 3.1400, 3.2850, 3.1200, 3.2600, 662353
2018-05-21, 3.4700, 3.4800, 3.2400, 3.3400, 724622
2018-05-22, 3.4400, 3.4400, 3.2050, 3.3000, 661837
2018-05-23, 3.2400, 3.3500, 3.2300, 3.2900, 442518
2018-05-24, 3.2900, 3.3397, 3.2100, 3.2600, 959572
2018-05-25, 3.2300, 3.3000, 3.2000, 3.2500, 555158
2018-05-29, 3.2500, 3.3000, 3.1700, 3.2300, 507994
2018-05-30, 3.2400, 3.2900, 3.1900, 3.2700, 453021
2018-05-31, 3.2800, 3.3900, 3.2300, 3.3200, 678717
2018-06-01, 3.3200, 3.4500, 3.2300, 3.4400, 674020
2018-06-04, 3.5000, 3.5500, 3.3000, 3.5000, 986491
2018-06-05, 3.5000, 3.5400, 3.4410, 3.5000, 1524827
2018-06-06, 3.5000, 3.5050, 3.4200, 3.4800, 868004
2018-06-07, 3.7100, 3.7400, 3.4500, 3.4800, 1754139
2018-06-08, 3.4800, 3.7182, 3.4100, 3.6400, 1157570
2018-06-11, 4.0000, 4.0000, 3.7300, 3.8200, 2693370
2018-06-12, 3.8800, 4.0200, 3.8100, 3.9900, 2214653
2018-06-13, 4.0000, 4.1500, 3.8800, 3.9400, 2140586
2018-06-14, 3.9900, 4.0900, 3.9000, 4.0600, 1488567
2018-06-15, 4.0800, 4.2400, 4.0100, 4.2400, 3043778
2018-06-18, 4.2300, 4.4900, 4.1500, 4.4900, 3065972
2018-06-19, 4.6000, 4.7900, 4.3300, 4.7100, 3914129
2018-06-20, 4.8000, 4.9100, 4.7100, 4.8700, 4013793
2018-06-21, 4.9000, 5.2500, 4.8100, 4.9800, 6744677
2018-06-22, 5.1900, 5.2900, 4.5210, 4.9100, 14695637
2018-06-25, 4.9000, 4.9000, 4.5600, 4.6600, 2885317
2018-06-26, 4.3000, 4.4900, 4.2200, 4.3100, 9995180
2018-06-27, 4.3500, 4.4600, 4.2000, 4.2300, 4472913
2018-06-28, 4.2400, 4.3050, 4.1400, 4.2100, 2951334
2018-06-29, 4.2300, 4.2650, 4.0500, 4.1100, 3491739
2018-07-02, 4.0600, 4.4500, 4.0600, 4.4300, 3636979
2018-07-03, 4.5000, 4.7300, 4.4150, 4.6800, 2994238
2018-07-05, 4.7000, 4.7500, 4.4700, 4.4800, 1989972
2018-07-06, 4.4700, 4.6000, 4.1200, 4.1200, 5968528
2018-07-09, 4.1900, 4.3900, 4.1400, 4.3400, 3289668
2018-07-10, 4.3500, 4.4000, 4.1500, 4.1700, 2378128
2018-07-11, 4.1900, 4.2600, 4.0700, 4.2600, 2580439
2018-07-12, 4.2200, 4.3000, 4.1300, 4.1700, 2102692
2018-07-13, 4.1800, 4.2200, 4.1000, 4.1200, 1090434
2018-07-16, 4.1000, 4.1600, 3.9900, 4.0000, 1775494
2018-07-17, 4.0000, 4.1000, 3.9900, 4.0200, 1575037
2018-07-18, 3.9900, 4.0400, 3.9300, 3.9500, 1594327
2018-07-19, 3.9300, 4.0000, 3.8600, 3.8700, 1660240
2018-07-20, 3.9000, 4.0300, 3.8800, 4.0200, 1339626
2018-07-23, 4.0300, 4.0900, 3.9300, 4.0200, 1439965
2018-07-24, 4.0200, 4.0700, 3.8500, 3.8700, 1770272
2018-07-25, 3.8500, 3.9000, 3.7500, 3.8000, 1424451
2018-07-26, 3.7900, 3.8300, 3.6300, 3.7000, 5162617
2018-07-27, 3.7400, 3.7600, 3.5200, 3.5300, 1863987
2018-07-30, 3.5500, 3.6200, 3.4600, 3.5300, 1414580
2018-07-31, 3.5200, 3.7100, 3.5023, 3.6800, 1321954
2018-08-01, 3.6800, 3.8600, 3.6500, 3.8600, 1344631
2018-08-02, 3.8600, 4.0570, 3.8600, 3.9900, 1982195
2018-08-03, 4.0700, 4.0700, 3.8700, 3.9200, 998863
2018-08-06, 3.9500, 4.0300, 3.8736, 4.0200, 712758
2018-08-07, 4.0200, 4.2750, 4.0199, 4.2100, 1838468
2018-08-08, 4.3000, 4.3100, 4.0200, 4.1500, 1643100
2018-08-09, 4.0500, 4.1700, 3.8800, 4.1400, 1973655
2018-08-10, 4.1000, 4.1800, 4.0200, 4.0800, 1063475
2018-08-13, 4.0700, 4.1300, 4.0200, 4.0600, 1754709
2018-08-14, 4.0800, 4.1000, 3.8450, 3.8600, 2365092
2018-08-15, 3.8500, 3.9300, 3.6950, 3.7000, 1363399
2018-08-16, 3.7400, 3.7800, 3.7000, 3.7200, 905550
2018-08-17, 3.7300, 3.7700, 3.6800, 3.7600, 1253162
2018-08-20, 3.7500, 3.8100, 3.6100, 3.6100, 990778
2018-08-21, 3.6000, 3.7500, 3.6000, 3.7000, 1489386
2018-08-22, 3.7000, 3.7450, 3.6600, 3.7200, 695847
2018-08-23, 3.6900, 3.7000, 3.4400, 3.4400, 2384672
2018-08-24, 3.5900, 3.5900, 3.3500, 3.4000, 2621623
2018-08-27, 3.4500, 3.6000, 3.4400, 3.5800, 2002306
2018-08-28, 3.6000, 3.6900, 3.5600, 3.6400, 1265283
2018-08-29, 3.6400, 3.8800, 3.6400, 3.8500, 1594443
2018-08-30, 3.9000, 3.9300, 3.8200, 3.8800, 1071967
2018-08-31, 3.8700, 4.0800, 3.8700, 4.0800, 1746091
2018-09-04, 4.3100, 4.3100, 4.1200, 4.2800, 3164622
2018-09-05, 4.3200, 4.5200, 4.2600, 4.3500, 4741073
2018-09-06, 4.3800, 4.4236, 4.1700, 4.2500, 2069092
2018-09-07, 4.2000, 4.5500, 4.1500, 4.4100, 3086756
2018-09-10, 4.5000, 4.7350, 4.5000, 4.6200, 3204642
2018-09-11, 4.6100, 4.6600, 4.3900, 4.5100, 2171472
2018-09-12, 4.5300, 4.5450, 4.3876, 4.5100, 1522628
2018-09-13, 4.5000, 4.6000, 4.4100, 4.5000, 1407052
2018-09-14, 4.4900, 4.4950, 4.3350, 4.3900, 1192101
2018-09-17, 4.3600, 4.4200, 4.0900, 4.1400, 2316164
2018-09-18, 4.1300, 4.2300, 4.0500, 4.2100, 1801441
2018-09-19, 4.1800, 4.2900, 4.1500, 4.1800, 1006952
2018-09-20, 4.2000, 4.4200, 4.2000, 4.3900, 1970174
2018-09-21, 4.3900, 4.4400, 4.2700, 4.3400, 2771122
2018-09-24, 4.5800, 4.7000, 4.4500, 4.7000, 2657082
2018-09-25, 4.7000, 4.8500, 4.5650, 4.5900, 2159869
2018-09-26, 4.6200, 4.8100, 4.5100, 4.7200, 1846802
2018-09-27, 4.8000, 4.8700, 4.6700, 4.8400, 1478963
2018-09-28, 4.8600, 4.8900, 4.7000, 4.7700, 1764562
2018-10-01, 4.7800, 4.8400, 4.5400, 4.5400, 1471652
2018-10-02, 4.6300, 4.6500, 4.2900, 4.3800, 1502103
2018-10-03, 4.3700, 4.3999, 4.2000, 4.2300, 1629612
2018-10-04, 4.2700, 4.2800, 3.7500, 3.9500, 3287115
2018-10-05, 3.9500, 4.0200, 3.8500, 3.8600, 1356488
2018-10-08, 3.8700, 3.9400, 3.5300, 3.6900, 3121590
2018-10-09, 3.6600, 3.8050, 3.6300, 3.6500, 2158552
2018-10-10, 3.6600, 3.6900, 3.4300, 3.5000, 2709560
2018-10-11, 3.4900, 3.6300, 3.4400, 3.4400, 1726968
2018-10-12, 3.5100, 3.6000, 3.4600, 3.4800, 1697504
2018-10-15, 3.6500, 3.6500, 3.3500, 3.5000, 1842864
2018-10-16, 3.5500, 3.8050, 3.4800, 3.7900, 1662706
2018-10-17, 3.7900, 3.8800, 3.7000, 3.8300, 1115795
2018-10-18, 3.8000, 3.8800, 3.6300, 3.6900, 1165387
2018-10-19, 3.7000, 3.8000, 3.6000, 3.6100, 1393697
2018-10-22, 3.6000, 3.6000, 3.4000, 3.4600, 2473954
2018-10-23, 3.6300, 4.1300, 3.6300, 4.0600, 6040853
2018-10-24, 4.0800, 4.1500, 3.8100, 3.8400, 2339741
2018-10-25, 3.8400, 3.9100, 3.7300, 3.7800, 1464523
2018-10-26, 3.7200, 3.8000, 3.6250, 3.7500, 1333834
2018-10-29, 3.7800, 3.8700, 3.6200, 3.6700, 1354584
2018-10-30, 3.6700, 3.8300, 3.6200, 3.6500, 1203747
2018-10-31, 3.7300, 3.7450, 3.6200, 3.7100, 1196410
2018-11-01, 3.7300, 3.8800, 3.7100, 3.8400, 931281
2018-11-02, 3.8800, 3.9590, 3.7500, 3.8300, 1135649
2018-11-05, 3.8600, 3.9000, 3.6200, 3.6300, 1242114
2018-11-06, 3.6200, 3.7300, 3.6200, 3.6700, 859067
2018-11-07, 3.7600, 3.9400, 3.6500, 3.9200, 1815104
2018-11-08, 3.9000, 4.0450, 3.8000, 3.9700, 2174049
2018-11-09, 3.6500, 3.7300, 3.5300, 3.5300, 3324972
