2017-08-24, 50.2400, 50.2400, 50.1201, 50.1794, 702
2017-08-25, 50.2010, 50.2010, 50.1900, 50.1900, 300
2017-08-28, 50.1900, 50.1900, 50.1900, 50.1900, 6
2017-08-29, 50.2300, 50.2300, 50.2300, 50.2300, 1
2017-08-30, 50.2300, 50.2300, 50.2300, 50.2300, 0
2017-08-31, 50.2300, 50.2300, 50.2300, 50.2300, 0
2017-09-01, 50.2300, 50.2300, 50.2300, 50.2300, 0
2017-09-05, 50.3500, 50.3500, 50.3500, 50.3500, 97
2017-09-06, 50.3500, 50.3500, 50.3500, 50.3500, 0
2017-09-07, 50.3500, 50.3500, 50.3500, 50.3500, 0
2017-09-08, 50.2900, 50.2900, 50.2900, 50.2900, 106
2017-09-11, 50.2900, 50.2900, 50.2900, 50.2900, 0
2017-09-12, 50.3100, 50.3200, 50.3100, 50.3199, 4202
2017-09-13, 50.3199, 50.3199, 50.3199, 50.3199, 0
2017-09-14, 50.3199, 50.3199, 50.3199, 50.3199, 10
2017-09-15, 50.3199, 50.3199, 50.3199, 50.3199, 1
2017-09-18, 50.2300, 50.2300, 50.2280, 50.2300, 2700
2017-09-19, 50.2400, 50.2400, 50.1690, 50.1690, 1002
2017-09-20, 50.1900, 50.1900, 50.1900, 50.1900, 102
2017-09-21, 50.2000, 50.2000, 50.1640, 50.1640, 3373
2017-09-22, 50.1600, 50.2200, 50.1600, 50.2100, 417
2017-09-25, 50.2200, 50.2200, 50.2200, 50.2200, 1
2017-09-26, 50.1450, 50.1450, 50.1450, 50.1450, 0
2017-09-27, 50.1200, 50.1200, 50.0200, 50.0800, 1745
2017-09-28, 50.0400, 50.0400, 50.0400, 50.0400, 100
2017-09-29, 50.0400, 50.0400, 50.0400, 50.0400, 2
2017-10-02, 50.0200, 50.1100, 50.0000, 50.1000, 2815
2017-10-03, 50.0400, 50.0400, 50.0312, 50.0312, 352
2017-10-04, 50.0400, 50.0400, 50.0400, 50.0400, 6000
2017-10-05, 50.0300, 50.0300, 50.0300, 50.0300, 5029
2017-10-06, 49.9700, 49.9700, 49.9700, 49.9700, 200
2017-10-09, 50.0100, 50.0100, 50.0100, 50.0100, 6000
2017-10-10, 50.1700, 50.1700, 50.1700, 50.1700, 500
2017-10-11, 50.1699, 50.1699, 50.1699, 50.1699, 0
2017-10-12, 50.1600, 50.1600, 50.1600, 50.1600, 63
2017-10-13, 50.1355, 50.2000, 50.1355, 50.1950, 973
2017-10-16, 50.0999, 50.1500, 50.0609, 50.0609, 4103
2017-10-17, 50.0609, 50.0609, 50.0609, 50.0609, 1
2017-10-18, 50.1100, 50.1300, 50.1100, 50.1200, 452
2017-10-19, 50.1600, 50.1600, 50.1600, 50.1600, 100
2017-10-20, 50.0000, 50.1300, 50.0000, 50.1200, 7616
2017-10-23, 50.1200, 50.1200, 50.1200, 50.1200, 48
2017-10-24, 50.0425, 50.0425, 50.0425, 50.0425, 0
2017-10-25, 50.0425, 50.0425, 50.0425, 50.0425, 0
2017-10-26, 50.0425, 50.0425, 50.0425, 50.0425, 0
2017-10-27, 50.0430, 50.0430, 50.0430, 50.0430, 100
2017-10-30, 49.9300, 50.0400, 49.9300, 50.0400, 4706
2017-10-31, 50.0008, 50.0008, 50.0008, 50.0008, 111
2017-11-01, 49.9897, 50.0600, 49.9897, 50.0280, 1435
2017-11-02, 50.0600, 50.0800, 49.9320, 50.0600, 5390
2017-11-03, 50.0231, 50.0650, 50.0007, 50.0650, 2001
2017-11-06, 50.0197, 50.0800, 50.0197, 50.0800, 1124
2017-11-07, 50.0800, 50.0800, 50.0150, 50.0150, 890
2017-11-08, 49.9900, 50.0500, 49.9791, 49.9800, 1690
2017-11-09, 50.0100, 50.0100, 49.9345, 49.9511, 874
2017-11-10, 49.9700, 49.9700, 49.9197, 49.9250, 686
2017-11-13, 49.9500, 49.9600, 49.8977, 49.9600, 1016
2017-11-14, 49.9500, 49.9500, 49.8300, 49.9499, 45913
2017-11-15, 49.9450, 49.9600, 49.9450, 49.9600, 556
2017-11-16, 49.9500, 49.9500, 49.8843, 49.8861, 3615
2017-11-17, 49.9192, 49.9192, 49.8932, 49.9070, 2692
2017-11-20, 49.8951, 49.9300, 49.8617, 49.8617, 4908
2017-11-21, 49.8700, 49.8700, 49.7808, 49.7808, 4099
2017-11-22, 49.7900, 49.9300, 49.7700, 49.9300, 10456
2017-11-24, 49.8200, 49.9400, 49.8200, 49.9300, 1328
2017-11-27, 49.7800, 49.9300, 49.7800, 49.8000, 1946
2017-11-28, 49.8100, 49.8100, 49.8100, 49.8100, 197
2017-11-29, 49.7500, 49.7808, 49.7500, 49.7750, 358
2017-11-30, 49.8100, 49.8600, 49.7719, 49.7843, 5793
2017-12-01, 49.7200, 49.9100, 49.7200, 49.7400, 10070
2017-12-04, 49.7000, 49.8300, 49.7000, 49.7397, 1568
2017-12-05, 49.6600, 49.7600, 49.6600, 49.7600, 624
2017-12-06, 49.8300, 49.8300, 49.7898, 49.8300, 2460
2017-12-07, 49.7700, 49.7700, 49.7700, 49.7700, 400
2017-12-08, 49.7697, 49.7697, 49.7697, 49.7697, 134
2017-12-11, 49.8100, 49.8100, 49.6700, 49.7297, 7111
2017-12-12, 49.7200, 49.7900, 49.7200, 49.7900, 2221
2017-12-13, 49.7366, 49.8000, 49.7300, 49.8000, 2080
2017-12-14, 49.8100, 49.8300, 49.7718, 49.8200, 2877
2017-12-15, 49.8000, 49.8000, 49.7319, 49.8000, 3513
2017-12-18, 49.8100, 49.8200, 49.7618, 49.8200, 2200
2017-12-19, 49.7800, 49.7800, 49.7097, 49.7300, 835
2017-12-20, 49.7000, 49.7650, 49.6871, 49.7650, 944
2017-12-21, 49.7500, 49.7500, 49.6401, 49.7500, 13106
2017-12-22, 49.7500, 49.7500, 49.6900, 49.7500, 787
2017-12-26, 49.6020, 49.6700, 49.5600, 49.6700, 2918
2017-12-27, 49.5912, 49.7200, 49.5912, 49.7200, 3379
2017-12-28, 49.7200, 49.7200, 49.7200, 49.7200, 2
2017-12-29, 49.6650, 49.7499, 49.6533, 49.7400, 714
2018-01-02, 49.6503, 49.7000, 49.6397, 49.7000, 4769
2018-01-03, 49.6323, 49.7000, 49.5800, 49.6800, 3257
2018-01-04, 49.6400, 52.5300, 49.5400, 49.7000, 214009
2018-01-05, 49.7200, 49.7200, 49.6400, 49.6610, 17238
2018-01-08, 49.6800, 49.6800, 49.6098, 49.6098, 1607
2018-01-09, 49.6500, 49.7000, 49.5948, 49.6398, 296161
2018-01-10, 49.6100, 49.6800, 49.6100, 49.6550, 19950
2018-01-11, 49.6387, 49.7000, 49.5500, 49.7000, 18594
2018-01-12, 49.6600, 49.6600, 49.5898, 49.5905, 3577
2018-01-16, 49.6700, 49.6700, 49.5618, 49.5846, 14458
2018-01-17, 49.6300, 49.6400, 49.4700, 49.4700, 19123
2018-01-18, 49.5800, 49.6000, 49.4600, 49.5900, 11001
2018-01-19, 49.5700, 49.5700, 49.4948, 49.5600, 24506
2018-01-22, 49.4748, 49.5500, 49.4748, 49.5500, 659
2018-01-23, 49.4400, 49.5072, 49.3718, 49.3790, 8687
2018-01-24, 49.4300, 49.4300, 49.4300, 49.4300, 500
2018-01-25, 49.4298, 49.4298, 49.4298, 49.4298, 3
2018-01-26, 49.4600, 49.4600, 49.4193, 49.4304, 2626
2018-01-29, 49.2800, 49.4300, 49.2800, 49.4300, 3655
2018-01-30, 49.3752, 49.3752, 49.3202, 49.3202, 773
2018-01-31, 49.3600, 49.3600, 49.3600, 49.3600, 312
2018-02-01, 49.3405, 49.3405, 49.3405, 49.3405, 1369
2018-02-02, 49.3400, 49.3701, 49.3400, 49.3500, 1124
2018-02-05, 49.3600, 49.3850, 49.3600, 49.3850, 315
2018-02-06, 49.4105, 49.4450, 49.3310, 49.4450, 1598
2018-02-07, 49.4300, 49.4300, 49.3476, 49.3650, 4713
2018-02-08, 49.3105, 49.4000, 49.3000, 49.3000, 5283
2018-02-09, 49.2500, 49.4200, 49.2500, 49.4000, 1729
2018-02-12, 49.3600, 49.3600, 49.2798, 49.3500, 2735
2018-02-13, 49.3500, 49.3500, 49.2479, 49.2848, 2136
2018-02-14, 49.2500, 49.2500, 49.2500, 49.2500, 128
2018-02-15, 49.2500, 49.2500, 49.1698, 49.1698, 1204
2018-02-16, 49.1950, 49.2600, 49.1865, 49.1948, 4702
2018-02-20, 49.1160, 49.1400, 49.0657, 49.1400, 1961
2018-02-21, 49.0469, 49.1599, 49.0469, 49.0802, 2078
2018-02-22, 49.1600, 49.1700, 49.0110, 49.1700, 3759
2018-02-23, 49.1050, 49.1900, 49.1050, 49.1900, 2405
2018-02-26, 49.0800, 49.0800, 49.0800, 49.0800, 292
2018-02-27, 49.2000, 49.2000, 49.0647, 49.0647, 4087
2018-02-28, 49.0520, 49.0898, 49.0520, 49.0898, 874
2018-03-01, 49.1599, 49.1900, 49.0948, 49.1805, 12265
2018-03-02, 49.1147, 49.1600, 49.0619, 49.0850, 2375
2018-03-05, 49.1202, 49.1600, 49.0700, 49.1600, 6481
2018-03-06, 49.1600, 49.1600, 49.1600, 49.1600, 844
2018-03-07, 49.1800, 49.1800, 49.1600, 49.1600, 3215
2018-03-08, 49.1600, 49.1600, 49.1599, 49.1599, 515
2018-03-09, 49.0000, 49.1400, 49.0000, 49.1400, 1326
2018-03-12, 49.0819, 49.0840, 49.0798, 49.0798, 1371
2018-03-13, 49.1078, 49.1078, 49.1078, 49.1078, 252
2018-03-14, 49.1200, 49.1200, 49.1200, 49.1200, 2032
2018-03-15, 49.1600, 49.1600, 49.0682, 49.1600, 1728
2018-03-16, 49.0000, 49.1300, 49.0000, 49.1250, 1439
2018-03-19, 49.1200, 49.1200, 49.0550, 49.0550, 387
2018-03-20, 48.9297, 49.0200, 48.9278, 49.0000, 1879
2018-03-21, 48.8950, 49.0100, 48.8767, 48.9440, 2683
2018-03-22, 48.9798, 48.9798, 48.9798, 48.9798, 388
2018-03-23, 48.9515, 49.0600, 48.9515, 48.9852, 8070
2018-03-26, 48.9697, 49.0600, 48.9550, 48.9550, 4600
2018-03-27, 49.0700, 49.1200, 49.0050, 49.1200, 2057
2018-03-28, 49.1200, 49.1200, 49.0500, 49.1000, 1026
2018-03-29, 49.0705, 49.1400, 49.0448, 49.1400, 4831
2018-04-02, 49.1352, 49.1632, 49.0901, 49.1302, 3950
2018-04-03, 49.1270, 49.1270, 49.1150, 49.1150, 373
2018-04-04, 48.9900, 49.1300, 48.9900, 49.0650, 3272
2018-04-05, 49.1190, 49.1190, 48.9900, 48.9900, 5986
2018-04-06, 49.0952, 49.1048, 49.0620, 49.1048, 1497
2018-04-09, 49.0488, 49.0488, 49.0488, 49.0488, 564
2018-04-10, 49.0200, 49.0900, 49.0100, 49.0850, 3014
2018-04-11, 49.0913, 49.1088, 49.0913, 49.1088, 897
2018-04-12, 49.0650, 49.0650, 49.0650, 49.0650, 346
2018-04-13, 48.9600, 49.0302, 48.9600, 49.0302, 513
2018-04-16, 49.0252, 49.0252, 49.0252, 49.0252, 508
2018-04-17, 48.9700, 49.0584, 48.9700, 49.0584, 1232
2018-04-18, 48.9600, 48.9600, 48.9600, 48.9600, 500
2018-04-19, 48.9600, 48.9600, 48.9600, 48.9600, 57
2018-04-20, 48.9550, 48.9600, 48.9264, 48.9268, 1568
2018-04-23, 48.8814, 48.8814, 48.8814, 48.8814, 192
2018-04-24, 48.8500, 48.8800, 48.7900, 48.8300, 3948
2018-04-25, 48.8600, 48.8600, 48.7500, 48.8014, 1600
2018-04-26, 48.8284, 48.8284, 48.8284, 48.8284, 1189
2018-04-27, 48.8448, 48.9090, 48.8352, 48.8548, 3201
2018-04-30, 48.8517, 48.9200, 48.8517, 48.9200, 616
2018-05-01, 48.9000, 48.9000, 48.7701, 48.8148, 1321
2018-05-02, 48.7600, 48.8608, 48.7600, 48.8608, 2978
2018-05-03, 48.8850, 48.8850, 48.8100, 48.8648, 1213
2018-05-04, 48.8548, 48.8548, 48.8548, 48.8548, 331
2018-05-07, 48.8548, 48.8548, 48.8548, 48.8548, 79
2018-05-08, 48.8400, 48.8400, 48.8400, 48.8400, 259
2018-05-09, 48.7700, 48.8194, 48.7700, 48.8150, 1754
2018-05-10, 48.8380, 48.8800, 48.8380, 48.8522, 2283
2018-05-11, 48.8300, 48.8300, 48.8300, 48.8300, 386
2018-05-14, 48.7700, 48.8200, 48.7700, 48.8200, 1035
2018-05-15, 48.7914, 48.7914, 48.6850, 48.7800, 1851
2018-05-16, 48.7598, 48.7900, 48.7592, 48.7592, 2838
2018-05-17, 48.7653, 48.8200, 48.6900, 48.8200, 5183
2018-05-18, 48.7802, 48.8150, 48.7312, 48.7312, 1213
2018-05-21, 48.7300, 48.8687, 48.7300, 48.7400, 1565
2018-05-22, 48.6600, 48.7200, 48.6600, 48.7200, 1335
2018-05-23, 48.7594, 48.7693, 48.7000, 48.7000, 1475
2018-05-24, 48.8502, 48.8502, 48.8502, 48.8502, 327
2018-05-25, 48.8500, 48.8500, 48.8500, 48.8500, 1
2018-05-29, 48.9452, 49.1102, 48.9352, 49.0600, 1700
2018-05-30, 48.9800, 49.0498, 48.9300, 48.9848, 1530
2018-05-31, 48.9794, 48.9896, 48.9210, 48.9896, 1431
2018-06-01, 48.9148, 48.9800, 48.9148, 48.9306, 1331
2018-06-04, 48.8736, 48.8736, 48.8736, 48.8736, 555
2018-06-05, 48.8752, 48.8752, 48.8400, 48.8500, 3608
2018-06-06, 48.8100, 48.8100, 48.8100, 48.8100, 1
2018-06-07, 48.8496, 48.9000, 48.8496, 48.8500, 147943
2018-06-08, 48.8929, 48.8929, 48.8300, 48.8800, 2066
2018-06-11, 48.8302, 48.9000, 48.8302, 48.8450, 1965
2018-06-12, 48.8100, 48.9100, 48.8100, 48.8800, 9146
2018-06-13, 48.8111, 48.8111, 48.8111, 48.8111, 270
2018-06-14, 48.7800, 48.9000, 48.7800, 48.7800, 15777
2018-06-15, 48.9300, 48.9500, 48.8410, 48.9200, 12319
2018-06-18, 48.9100, 48.9100, 48.9100, 48.9100, 672
2018-06-19, 48.9420, 48.9420, 48.8401, 48.8449, 4858
2018-06-20, 48.8758, 48.9400, 48.8702, 48.8702, 765
2018-06-21, 48.9400, 48.9550, 48.8956, 48.8956, 2832
2018-06-22, 48.9300, 48.9400, 48.8300, 48.9400, 1888
2018-06-25, 48.8800, 48.8800, 48.7600, 48.8800, 2376
2018-06-26, 48.8200, 48.8202, 48.8200, 48.8202, 294
2018-06-27, 48.9200, 48.9400, 48.8600, 48.9400, 2861
2018-06-28, 48.8579, 48.8579, 48.8579, 48.8579, 264
2018-06-29, 48.8441, 48.9300, 48.8441, 48.9100, 21255
2018-07-02, 48.7820, 48.8900, 48.7820, 48.8800, 3940
2018-07-03, 48.7800, 48.9300, 48.7800, 48.9300, 2463
2018-07-05, 48.9300, 48.9300, 48.7900, 48.9300, 6600
2018-07-06, 48.9500, 48.9500, 48.9500, 48.9500, 3924
2018-07-09, 48.9200, 48.9400, 48.8130, 48.9300, 3552
2018-07-10, 48.8580, 48.9100, 48.8000, 48.9099, 7669
2018-07-11, 48.8200, 48.9390, 48.8200, 48.9298, 4670
2018-07-12, 48.9298, 48.9298, 48.9298, 48.9298, 0
2018-07-13, 48.9705, 48.9705, 48.9406, 48.9406, 1667
2018-07-16, 48.9600, 48.9700, 48.9100, 48.9100, 4590
2018-07-17, 48.9600, 48.9600, 48.9600, 48.9600, 234
2018-07-18, 48.9098, 48.9098, 48.9098, 48.9098, 433
2018-07-19, 48.9548, 49.0000, 48.9341, 49.0000, 4006
2018-07-20, 48.9484, 48.9800, 48.9484, 48.9800, 508
2018-07-23, 48.9192, 48.9400, 48.9192, 48.9400, 1770
2018-07-24, 48.7300, 48.7898, 48.7196, 48.7898, 2657
2018-07-25, 48.7400, 48.8699, 48.7400, 48.8699, 1508
2018-07-26, 48.8400, 48.8400, 48.8140, 48.8140, 617
2018-07-27, 48.7912, 48.7912, 48.7912, 48.7912, 421
2018-07-30, 48.7666, 48.7668, 48.7570, 48.7570, 1576
2018-07-31, 48.8002, 48.8488, 48.7400, 48.7400, 2528
2018-08-01, 48.7466, 48.8500, 48.7425, 48.8500, 2104
2018-08-02, 48.8435, 48.8800, 48.7990, 48.7990, 1013
2018-08-03, 48.7900, 48.9000, 48.7900, 48.9000, 2146
2018-08-06, 48.8200, 48.9187, 48.8200, 48.8212, 1714
2018-08-07, 48.9400, 48.9400, 48.8743, 48.9200, 2040
2018-08-08, 48.9200, 48.9200, 48.8200, 48.8200, 734
2018-08-09, 48.8400, 48.9400, 48.8400, 48.9040, 1686
2018-08-10, 48.9702, 48.9702, 48.9702, 48.9702, 452
2018-08-13, 49.0200, 49.0300, 48.9475, 49.0300, 1055
2018-08-14, 48.9095, 48.9395, 48.9095, 48.9395, 1718
2018-08-15, 48.9776, 49.0686, 48.9776, 49.0686, 2858
2018-08-16, 48.9717, 49.0400, 48.9420, 48.9980, 1855
2018-08-17, 48.9400, 49.0400, 48.9400, 48.9600, 4452
2018-08-20, 49.0700, 49.0900, 49.0040, 49.0900, 4774
2018-08-21, 48.9800, 48.9800, 48.8860, 48.9600, 7423
2018-08-22, 48.9899, 48.9899, 48.9263, 48.9899, 6807
2018-08-23, 48.9980, 48.9980, 48.9900, 48.9950, 2083
2018-08-24, 48.9500, 48.9800, 48.8500, 48.9700, 5282
2018-08-27, 48.9500, 48.9550, 48.8740, 48.8900, 1871
2018-08-28, 48.9500, 48.9500, 48.9019, 48.9300, 3603
2018-08-29, 48.9300, 48.9300, 48.9000, 48.9200, 1712
2018-08-30, 48.8200, 48.8200, 48.8200, 48.8200, 72
2018-08-31, 48.9097, 48.9540, 48.9097, 48.9304, 3392
2018-09-04, 48.9600, 48.9600, 48.9200, 48.9200, 1946
2018-09-05, 48.9500, 48.9700, 48.9073, 48.9600, 6000
2018-09-06, 48.8400, 49.0000, 48.8400, 48.9350, 7782
2018-09-07, 48.9300, 48.9300, 48.9002, 48.9002, 2355
2018-09-10, 48.9100, 48.9200, 48.8647, 48.9100, 4798
2018-09-11, 48.8284, 48.8886, 48.7930, 48.8800, 4710
2018-09-12, 48.8592, 48.9100, 48.7700, 48.8338, 3277
2018-09-13, 48.7800, 48.8544, 48.7700, 48.8544, 3768
2018-09-14, 48.8700, 48.8787, 48.8700, 48.8700, 1286
2018-09-17, 48.8700, 48.8700, 48.7820, 48.8700, 6462
2018-09-18, 48.8700, 48.8800, 48.7200, 48.8400, 7280
2018-09-19, 48.7807, 48.8300, 48.7100, 48.7460, 305396
2018-09-20, 48.8200, 48.8600, 48.7498, 48.8500, 3932
2018-09-21, 48.8400, 48.8600, 48.8066, 48.8600, 3677
2018-09-24, 48.8300, 48.8400, 48.7235, 48.8400, 1459
2018-09-25, 48.6699, 48.6699, 48.6290, 48.6290, 3092
2018-09-26, 48.7400, 48.7700, 48.6066, 48.7700, 997
2018-09-27, 48.6717, 48.7700, 48.6717, 48.7700, 1103
2018-09-28, 48.7540, 48.8100, 48.6701, 48.8000, 11543
2018-10-01, 48.6600, 48.8100, 48.6600, 48.8100, 6119
2018-10-02, 48.8200, 48.8300, 48.6900, 48.8200, 5453
2018-10-03, 48.7900, 48.7900, 48.6501, 48.7450, 19364
2018-10-04, 48.7100, 48.7200, 48.6500, 48.6862, 3287
2018-10-05, 48.6800, 48.6800, 48.5697, 48.6700, 2854
2018-10-08, 48.7000, 48.7000, 48.6453, 48.7000, 1029
2018-10-09, 48.6207, 48.6900, 48.5801, 48.6900, 2357
2018-10-10, 48.6465, 48.7100, 48.5753, 48.6599, 17432
2018-10-11, 48.7288, 48.7450, 48.6100, 48.7050, 10048
2018-10-12, 48.6700, 48.7750, 48.6700, 48.7600, 4686
2018-10-15, 48.7500, 48.7580, 48.6278, 48.6501, 1541
2018-10-16, 48.6419, 48.7700, 48.6419, 48.6950, 7216
2018-10-17, 48.7500, 48.7500, 48.6200, 48.7100, 4686
2018-10-18, 48.6568, 48.7200, 48.6568, 48.7000, 4410
2018-10-19, 48.7300, 48.7300, 48.5701, 48.6479, 11658
2018-10-22, 48.6550, 48.7200, 48.5800, 48.5801, 4345
2018-10-23, 48.6300, 48.6500, 48.5201, 48.5201, 57160
2018-10-24, 48.5936, 48.6400, 48.5936, 48.6400, 10895
2018-10-25, 48.5805, 48.6273, 48.5301, 48.6260, 6337
2018-10-26, 48.7000, 48.7000, 48.6501, 48.6501, 1890
2018-10-29, 48.5601, 48.6142, 48.5601, 48.6142, 1340
2018-10-30, 48.6377, 48.7000, 48.5732, 48.6800, 17327
2018-10-31, 48.5737, 48.6500, 48.5587, 48.5900, 3373
2018-11-01, 48.6500, 48.6700, 48.5411, 48.5583, 4920
2018-11-02, 48.5068, 48.5608, 48.5001, 48.5608, 870
2018-11-05, 48.6100, 48.6100, 48.4983, 48.5250, 17832
2018-11-06, 48.6000, 48.6000, 48.5550, 48.5550, 1211
2018-11-07, 48.5100, 48.6090, 48.5100, 48.6090, 1119
2018-11-08, 48.5600, 48.5800, 48.5600, 48.5600, 12955
2018-11-09, 48.5100, 48.5100, 48.5100, 48.5100, 262
