2018-05-16, 25.0900, 25.2500, 25.0800, 25.1900, 50937
2018-05-17, 25.2500, 25.3100, 25.1800, 25.2600, 12851
2018-05-18, 25.2200, 25.2200, 25.1916, 25.2100, 14112
2018-05-21, 25.4200, 25.5000, 25.3900, 25.3900, 61605
2018-05-22, 25.4299, 25.4299, 25.2000, 25.2000, 2300
2018-05-23, 24.9800, 25.1600, 24.9800, 25.1400, 4242
2018-05-24, 24.9500, 25.1600, 24.9500, 25.1600, 644
2018-05-25, 24.9700, 24.9700, 24.9700, 24.9700, 1010
2018-05-29, 24.8200, 24.8900, 24.6000, 24.6000, 5778
2018-05-30, 24.8700, 25.0700, 24.8700, 25.0700, 20561
2018-05-31, 24.9600, 24.9600, 24.9600, 24.9600, 700
2018-06-01, 25.1200, 25.1200, 25.1200, 25.1200, 1775
2018-06-04, 25.1200, 25.1200, 25.1200, 25.1200, 71
2018-06-05, 25.2000, 25.2000, 25.2000, 25.2000, 159
2018-06-06, 25.4100, 25.4300, 25.4100, 25.4300, 2500
2018-06-07, 25.5300, 25.5300, 25.2400, 25.2400, 792
2018-06-08, 25.3900, 25.3900, 25.3900, 25.3900, 1036
2018-06-11, 25.4900, 25.4900, 25.4900, 25.4900, 3100
2018-06-12, 25.4900, 25.4900, 25.4900, 25.4900, 10
2018-06-13, 25.4899, 25.4899, 25.4899, 25.4899, 395
2018-06-14, 25.5000, 25.5000, 25.3900, 25.3900, 431
2018-06-15, 25.1300, 25.1300, 25.1300, 25.1300, 100
2018-06-18, 24.8400, 24.8400, 24.8400, 24.8400, 22
2018-06-19, 24.5500, 24.5500, 24.5500, 24.5500, 20
2018-06-20, 24.5500, 24.5500, 24.5500, 24.5500, 0
2018-06-21, 24.7800, 24.8700, 24.7800, 24.8700, 2105
2018-06-22, 24.8400, 24.8400, 24.7400, 24.7400, 700
2018-06-25, 24.1806, 24.1806, 24.1500, 24.1500, 365
2018-06-26, 24.2200, 24.2200, 24.2200, 24.2200, 700
2018-06-27, 24.1100, 24.1100, 24.1000, 24.1100, 10050
2018-06-28, 23.7700, 23.7700, 23.7700, 23.7700, 1000
2018-06-29, 24.1300, 24.1600, 24.1300, 24.1600, 298
2018-07-02, 23.7900, 23.8900, 23.7900, 23.8900, 2035
2018-07-03, 23.8900, 23.8900, 23.8900, 23.8900, 0
2018-07-05, 23.8900, 23.8900, 23.8900, 23.8900, 0
2018-07-06, 23.8900, 23.8900, 23.8900, 23.8900, 0
2018-07-09, 24.7100, 24.7100, 24.6999, 24.7000, 1506
2018-07-10, 24.7000, 24.7000, 24.7000, 24.7000, 0
2018-07-11, 24.5000, 24.5000, 24.4000, 24.4000, 550
2018-07-12, 24.4000, 24.4000, 24.4000, 24.4000, 0
2018-07-13, 24.6000, 24.6000, 24.6000, 24.6000, 100
2018-07-16, 24.6220, 24.6220, 24.6220, 24.6220, 200
2018-07-17, 24.7180, 24.7180, 24.7180, 24.7180, 300
2018-07-18, 24.9400, 24.9400, 24.9400, 24.9400, 1000
2018-07-19, 24.9400, 24.9400, 24.9400, 24.9400, 0
2018-07-20, 24.8000, 24.8000, 24.8000, 24.8000, 224
2018-07-23, 24.6200, 24.8100, 24.6200, 24.8100, 701
2018-07-24, 25.0299, 25.0299, 25.0299, 25.0299, 201
2018-07-25, 24.7200, 24.7200, 24.7200, 24.7200, 300
2018-07-26, 25.0000, 25.0000, 25.0000, 25.0000, 7900
2018-07-27, 25.1300, 25.1300, 25.1300, 25.1300, 1520
2018-07-30, 25.1050, 25.1050, 24.8200, 24.8200, 1631
2018-07-31, 24.8200, 24.8200, 24.8200, 24.8200, 0
2018-08-01, 24.9800, 24.9900, 24.9300, 24.9900, 3000
2018-08-02, 24.9900, 24.9900, 24.9900, 24.9900, 0
2018-08-03, 24.9900, 24.9900, 24.9900, 24.9900, 0
2018-08-06, 24.9900, 24.9900, 24.9900, 24.9900, 0
2018-08-07, 25.2000, 25.2000, 25.1975, 25.1975, 740
2018-08-08, 25.1299, 25.1399, 25.1299, 25.1399, 1120
2018-08-09, 25.4300, 25.4300, 25.1200, 25.1200, 500
2018-08-10, 24.7400, 24.7400, 24.7000, 24.7000, 220
2018-08-13, 24.5800, 24.6200, 24.5664, 24.6200, 3000
2018-08-14, 25.0100, 25.0100, 24.8100, 24.8100, 1746
2018-08-15, 24.8100, 24.8100, 24.8100, 24.8100, 70
2018-08-16, 24.6700, 24.6900, 24.6700, 24.6885, 1575
2018-08-17, 24.5600, 24.5600, 24.5600, 24.5600, 100
2018-08-20, 24.7600, 24.7700, 24.7600, 24.7700, 201
2018-08-21, 25.1100, 25.1100, 25.1100, 25.1100, 200
2018-08-22, 25.1100, 25.1100, 25.1100, 25.1100, 800
2018-08-23, 25.1100, 25.1100, 25.1100, 25.1100, 0
2018-08-24, 25.1100, 25.1100, 25.1100, 25.1100, 0
2018-08-27, 25.5400, 25.5400, 25.5400, 25.5400, 544
2018-08-28, 25.5400, 25.5400, 25.5400, 25.5400, 0
2018-08-29, 25.7600, 25.7600, 25.7600, 25.7600, 500
2018-08-30, 25.7600, 25.7600, 25.7600, 25.7600, 0
2018-08-31, 25.5300, 25.5400, 25.5280, 25.5375, 4100
2018-09-04, 25.5375, 25.5375, 25.5375, 25.5375, 0
2018-09-05, 25.5375, 25.5375, 25.5375, 25.5375, 43
2018-09-06, 25.1942, 25.1942, 25.1900, 25.1900, 535
2018-09-07, 25.1900, 25.1900, 25.1900, 25.1900, 67
2018-09-10, 25.4000, 25.4000, 25.4000, 25.4000, 11
2018-09-11, 25.4000, 25.4000, 25.4000, 25.4000, 0
2018-09-12, 25.4000, 25.4000, 25.4000, 25.4000, 0
2018-09-13, 25.4400, 25.4400, 25.4400, 25.4400, 2000
2018-09-14, 25.4400, 25.4400, 25.4400, 25.4400, 0
2018-09-17, 25.4400, 25.4400, 25.4400, 25.4400, 0
2018-09-18, 25.4243, 25.4243, 25.4243, 25.4243, 200
2018-09-19, 25.4243, 25.4243, 25.4243, 25.4243, 0
2018-09-20, 25.8300, 25.8300, 25.7170, 25.7900, 3500
2018-09-21, 25.7900, 25.7900, 25.7900, 25.7900, 100
2018-09-24, 25.7900, 25.7900, 25.7900, 25.7900, 40
2018-09-25, 25.7900, 25.7900, 25.7900, 25.7900, 0
2018-09-26, 25.7200, 25.7800, 25.7200, 25.7800, 823
2018-09-27, 25.7800, 25.7800, 25.7800, 25.7800, 0
2018-09-28, 25.7800, 25.7800, 25.7800, 25.7800, 0
2018-10-01, 25.7800, 25.7800, 25.7800, 25.7800, 0
2018-10-02, 25.6564, 25.6564, 25.6564, 25.6564, 132
2018-10-03, 25.6564, 25.6564, 25.6564, 25.6564, 3
2018-10-04, 25.2800, 25.2800, 25.2300, 25.2300, 1000
2018-10-05, 24.7985, 24.7985, 24.7800, 24.7800, 1500
2018-10-08, 24.7800, 24.7800, 24.7800, 24.7800, 93
2018-10-09, 24.6495, 24.6495, 24.6300, 24.6300, 2259
2018-10-10, 24.4200, 24.4200, 23.8700, 23.8700, 101336
2018-10-11, 23.5645, 23.5645, 23.5644, 23.5644, 514
2018-10-12, 23.7000, 23.7000, 23.3147, 23.6200, 3938
2018-10-15, 23.5600, 23.7043, 23.4600, 23.6800, 3015
2018-10-16, 23.8217, 24.2100, 23.8217, 24.2100, 1862
2018-10-17, 24.0800, 24.0800, 24.0300, 24.0300, 1382
2018-10-18, 23.8200, 23.8200, 23.4800, 23.5100, 16444
2018-10-19, 23.7500, 23.7700, 23.2400, 23.2400, 12951
2018-10-22, 23.6100, 23.6100, 23.1597, 23.1597, 445
2018-10-23, 22.6700, 23.0300, 22.4600, 23.0300, 5357
2018-10-24, 22.5500, 22.5800, 22.1500, 22.1500, 1750
2018-10-25, 22.3500, 22.5600, 22.1900, 22.5600, 11387
2018-10-26, 22.3300, 22.3300, 22.1100, 22.1100, 1248
2018-10-29, 22.6000, 22.6000, 22.1900, 22.1900, 7170
2018-10-30, 22.1100, 22.4899, 22.1100, 22.4899, 35312
2018-10-31, 23.0400, 23.2900, 23.0400, 23.1200, 2100
2018-11-01, 23.6799, 23.6799, 23.6799, 23.6799, 150
2018-11-02, 23.9450, 24.0000, 23.5700, 23.6050, 25252
2018-11-05, 23.4300, 23.6200, 23.3900, 23.6000, 3618
2018-11-06, 23.7100, 23.7500, 23.6300, 23.7300, 20200
2018-11-07, 24.0100, 24.2600, 24.0100, 24.2600, 1094
2018-11-08, 24.2400, 24.2500, 24.0000, 24.0300, 2486
2018-11-09, 24.0300, 24.0300, 23.4500, 23.5300, 2182
