2016-05-19, 11.5000, 11.6492, 11.2500, 11.5000, 7098505
2016-05-20, 11.5000, 11.8400, 11.5000, 11.5000, 1085822
2016-05-23, 11.4000, 11.4900, 11.2000, 11.2000, 511141
2016-05-24, 11.2000, 11.5800, 11.1500, 11.5200, 558141
2016-05-25, 11.5200, 11.6100, 11.3700, 11.3900, 365406
2016-05-26, 11.3600, 11.5000, 11.3600, 11.4000, 269046
2016-05-27, 11.4000, 11.5000, 11.3600, 11.4200, 272709
2016-05-31, 11.4000, 11.4800, 11.3400, 11.3900, 199117
2016-06-01, 11.3000, 11.3745, 11.2500, 11.3500, 159276
2016-06-02, 11.3400, 11.4300, 11.2850, 11.4100, 245380
2016-06-03, 11.3700, 11.8800, 11.3700, 11.7100, 485094
2016-06-06, 11.6500, 11.8800, 11.6500, 11.8200, 153569
2016-06-07, 11.8000, 12.1800, 11.7201, 12.1300, 497502
2016-06-08, 12.1000, 12.2500, 12.0500, 12.2500, 71183
2016-06-09, 12.2000, 12.2500, 12.1600, 12.2500, 405403
2016-06-10, 12.3000, 12.3100, 11.9300, 12.0700, 164433
2016-06-13, 12.1500, 12.3100, 12.1300, 12.2500, 83494
2016-06-14, 12.1500, 12.2500, 11.7800, 11.9100, 135586
2016-06-15, 11.9489, 12.0300, 11.8900, 11.9700, 88220
2016-06-16, 12.0000, 12.2555, 11.9200, 12.1500, 204817
2016-06-17, 12.0700, 12.3000, 12.0660, 12.1600, 401063
2016-06-20, 12.3300, 13.1600, 12.2400, 12.8800, 377220
2016-06-21, 12.8800, 13.0200, 12.7000, 12.8500, 314551
2016-06-22, 12.9000, 13.1000, 12.7400, 12.7700, 181423
2016-06-23, 12.7500, 12.9400, 12.6600, 12.7100, 60832
2016-06-24, 12.5000, 12.5000, 10.0000, 12.2700, 742153
2016-06-27, 12.3900, 12.4500, 11.7900, 11.9400, 235513
2016-06-28, 12.0000, 12.5600, 12.0000, 12.2800, 76112
2016-06-29, 12.4500, 12.8700, 12.4500, 12.6300, 69606
2016-06-30, 12.5864, 12.7900, 12.5100, 12.7900, 81036
2016-07-01, 12.6500, 13.1099, 12.6500, 13.0700, 242416
2016-07-05, 13.3000, 13.9000, 12.6700, 12.9500, 141742
2016-07-06, 12.7900, 13.0100, 12.4500, 12.7400, 94533
2016-07-07, 12.7400, 12.9900, 12.5500, 12.7000, 58763
2016-07-08, 12.7000, 12.9900, 12.6400, 12.7000, 53362
2016-07-11, 12.6300, 12.9100, 12.5600, 12.6800, 36609
2016-07-12, 12.8212, 13.2100, 12.6100, 12.8000, 168781
2016-07-13, 12.8000, 12.8500, 12.4200, 12.5500, 115872
2016-07-14, 12.5999, 13.0700, 12.4000, 12.8500, 119620
2016-07-15, 12.7400, 13.1800, 12.7400, 13.1400, 245931
2016-07-18, 13.0700, 13.1200, 13.0000, 13.1200, 27683
2016-07-19, 13.0510, 13.7500, 13.0510, 13.5400, 147977
2016-07-20, 13.6400, 13.6400, 13.3110, 13.3900, 24078
2016-07-21, 13.3400, 13.4100, 13.2510, 13.3000, 10218
2016-07-22, 13.3100, 13.5700, 13.3100, 13.5200, 13463
2016-07-25, 13.5000, 13.5600, 13.3200, 13.5000, 12929
2016-07-26, 13.5100, 13.5400, 13.3900, 13.4000, 5964
2016-07-27, 13.2600, 13.5000, 13.2200, 13.3900, 39349
2016-07-28, 13.1900, 13.3400, 13.1900, 13.2700, 21496
2016-07-29, 13.2700, 13.5500, 13.1900, 13.5500, 129290
2016-08-01, 13.5300, 13.8500, 13.2600, 13.3200, 152722
2016-08-02, 13.3300, 13.5200, 12.9900, 13.2600, 169714
2016-08-03, 13.2400, 13.4100, 13.0500, 13.2500, 45047
2016-08-04, 13.1600, 13.3200, 13.0700, 13.2500, 18660
2016-08-05, 13.2900, 13.5500, 13.2900, 13.5300, 452255
2016-08-08, 13.4100, 13.8000, 13.3000, 13.6300, 249277
2016-08-09, 13.8700, 13.8700, 12.3900, 13.4800, 342065
2016-08-10, 13.4200, 13.4500, 13.0400, 13.3500, 74152
2016-08-11, 13.2200, 13.5500, 13.2200, 13.5500, 83856
2016-08-12, 13.7400, 13.7400, 13.4900, 13.5200, 228546
2016-08-15, 13.5900, 13.6900, 13.4700, 13.5100, 278999
2016-08-16, 13.4000, 13.4000, 13.0400, 13.1600, 110219
2016-08-17, 13.1500, 13.2800, 12.9600, 13.0400, 43803
2016-08-18, 13.1600, 13.5300, 12.9800, 13.4200, 436921
2016-08-19, 13.4200, 13.5600, 13.1500, 13.5000, 320715
2016-08-22, 13.4100, 13.4192, 13.2600, 13.3800, 85849
2016-08-23, 13.6000, 13.7400, 13.4000, 13.4700, 195692
2016-08-24, 13.4199, 13.5500, 13.0400, 13.3000, 54879
2016-08-25, 13.3000, 13.4300, 13.2000, 13.3600, 19572
2016-08-26, 13.3300, 13.5900, 13.2900, 13.3900, 45321
2016-08-29, 13.4300, 13.6400, 13.3450, 13.5450, 26248
2016-08-30, 13.7200, 14.2000, 13.6000, 13.8800, 447761
2016-08-31, 13.9200, 14.1200, 13.8000, 14.0600, 663708
2016-09-01, 14.0700, 14.2500, 13.8000, 13.8500, 294699
2016-09-02, 13.9300, 14.0600, 13.8900, 14.0000, 76452
2016-09-06, 14.0500, 14.6400, 14.0000, 14.3600, 93063
2016-09-07, 14.4700, 14.6000, 14.3511, 14.4300, 97211
2016-09-08, 14.4200, 14.5000, 14.2800, 14.3800, 29847
2016-09-09, 14.3700, 14.4800, 14.2300, 14.4000, 69977
2016-09-12, 14.2500, 14.3000, 14.1100, 14.1600, 30141
2016-09-13, 14.0400, 14.2800, 13.9950, 14.0500, 37849
2016-09-14, 14.0600, 14.2900, 13.9700, 14.2400, 538960
2016-09-15, 14.2500, 14.6900, 14.2500, 14.6400, 805628
2016-09-16, 14.7400, 15.0000, 14.6400, 14.8000, 227515
2016-09-19, 14.9600, 15.4000, 14.8900, 15.4000, 312843
2016-09-20, 15.3500, 16.1600, 15.2400, 15.4000, 277871
2016-09-21, 15.4600, 15.4790, 14.9150, 14.9700, 581280
2016-09-22, 14.9600, 15.3000, 14.9400, 14.9500, 213310
2016-09-23, 15.0100, 15.3400, 14.9600, 15.1500, 231638
2016-09-26, 15.0900, 15.1800, 14.7600, 14.9300, 123770
2016-09-27, 14.9900, 15.1000, 14.6300, 14.7400, 87614
2016-09-28, 14.6400, 14.7700, 14.3600, 14.7600, 188838
2016-09-29, 14.6500, 14.8600, 14.6500, 14.8000, 75601
2016-09-30, 14.7800, 14.8800, 14.6000, 14.8100, 136181
2016-10-03, 14.7100, 15.0700, 14.6700, 15.0300, 61058
2016-10-04, 15.0500, 15.3500, 15.0000, 15.0400, 143200
2016-10-05, 15.2000, 15.2000, 14.9600, 15.1500, 174128
2016-10-06, 15.0500, 15.2600, 14.9200, 15.2600, 93235
2016-10-07, 15.1700, 15.2090, 14.8000, 14.8600, 69165
2016-10-10, 14.8600, 14.9800, 14.7300, 14.7800, 87784
2016-10-11, 14.7800, 14.8350, 14.6000, 14.7600, 41790
2016-10-12, 14.7400, 14.7500, 14.5300, 14.6500, 67338
2016-10-13, 14.5500, 14.7100, 14.4200, 14.7100, 65958
2016-10-14, 14.7800, 14.9000, 14.4000, 14.7500, 87134
2016-10-17, 14.7200, 14.8700, 14.5501, 14.8500, 102739
2016-10-18, 14.9000, 15.2000, 14.9000, 15.0700, 94458
2016-10-19, 15.1500, 15.1800, 14.6200, 15.0100, 107485
2016-10-20, 14.9000, 15.2500, 14.9000, 15.1200, 41387
2016-10-21, 15.0800, 15.1300, 15.0200, 15.1000, 54270
2016-10-24, 15.1300, 15.1500, 15.0500, 15.0900, 11930
2016-10-25, 15.1700, 15.1989, 14.8500, 14.9900, 63826
2016-10-26, 14.8900, 14.9150, 14.7300, 14.8200, 252867
2016-10-27, 14.8400, 14.9200, 14.6900, 14.8500, 159151
2016-10-28, 14.7800, 15.0700, 14.6405, 15.0700, 41094
2016-10-31, 15.1500, 15.1900, 14.8300, 15.1800, 70869
2016-11-01, 15.0800, 15.1100, 14.8000, 15.0200, 50824
2016-11-02, 14.8500, 14.9080, 14.6100, 14.8000, 59625
2016-11-03, 14.7700, 14.7900, 14.5400, 14.6100, 39697
2016-11-04, 14.5800, 14.7700, 14.5500, 14.6300, 35835
2016-11-07, 14.6600, 14.9600, 14.6600, 14.9600, 45246
2016-11-08, 14.9000, 15.0300, 14.8800, 14.9500, 69399
2016-11-09, 14.6400, 15.2050, 14.4800, 15.1708, 90755
2016-11-10, 15.4900, 15.6100, 14.6000, 14.6700, 579275
2016-11-11, 14.7400, 14.8400, 13.9300, 14.3700, 172649
2016-11-14, 14.4500, 14.7700, 14.3700, 14.4800, 140805
2016-11-15, 14.4800, 15.2500, 14.0900, 14.6000, 92827
2016-11-16, 14.7600, 14.7700, 14.4300, 14.4800, 83157
2016-11-17, 14.5000, 14.5700, 14.1100, 14.4500, 75423
2016-11-18, 14.4700, 14.5800, 13.9400, 14.4089, 123756
2016-11-21, 14.4400, 14.5700, 14.2500, 14.5000, 450186
2016-11-22, 14.5600, 14.8600, 14.4400, 14.5000, 159939
2016-11-23, 14.5500, 14.8000, 14.3500, 14.5300, 240532
2016-11-25, 14.5500, 14.5700, 14.4335, 14.5000, 196387
2016-11-28, 14.4300, 14.6420, 14.3100, 14.4600, 57573
2016-11-29, 14.4600, 14.6100, 14.2500, 14.3000, 36595
2016-11-30, 14.3700, 14.3850, 13.7700, 14.2200, 417532
2016-12-01, 14.2900, 14.3700, 13.9003, 13.9900, 74447
2016-12-02, 13.9800, 14.0200, 13.6600, 13.7700, 103074
2016-12-05, 13.7500, 14.3100, 13.6700, 14.1100, 100937
2016-12-06, 14.2200, 14.3350, 13.9500, 14.1500, 117219
2016-12-07, 14.2000, 14.2500, 13.8200, 13.9900, 45363
2016-12-08, 13.9000, 14.0600, 13.4600, 14.0100, 85763
2016-12-09, 14.0200, 14.0200, 13.6600, 13.9000, 52446
2016-12-12, 13.9700, 13.9700, 13.5428, 13.9200, 58838
2016-12-13, 13.9500, 14.0200, 13.7200, 14.0000, 3155007
2016-12-14, 13.9400, 14.1500, 13.0000, 13.5500, 1635307
2016-12-15, 13.5900, 14.0400, 13.3900, 13.6500, 55334
2016-12-16, 13.6200, 13.6900, 13.2000, 13.5500, 82987
2016-12-19, 13.6000, 13.6799, 13.2000, 13.2900, 107605
2016-12-20, 13.2000, 13.5000, 12.8100, 12.9500, 186294
2016-12-21, 12.9100, 12.9800, 12.1400, 12.5400, 210941
2016-12-22, 12.5400, 12.8000, 11.9750, 12.1000, 283327
2016-12-23, 12.0100, 12.5500, 12.0100, 12.5000, 110099
2016-12-27, 12.5600, 12.6921, 12.3400, 12.6300, 37538
2016-12-28, 12.6000, 12.9400, 12.6000, 12.7000, 50243
2016-12-29, 12.6600, 13.1750, 12.6600, 13.0200, 92188
2016-12-30, 12.9600, 13.1700, 12.8150, 13.1400, 67188
2017-01-03, 13.1000, 13.5650, 13.0500, 13.4000, 73602
2017-01-04, 13.4700, 13.8800, 13.4400, 13.5600, 115857
2017-01-05, 13.7500, 13.9200, 13.6500, 13.8900, 151351
2017-01-06, 13.9590, 14.1300, 13.8000, 14.0900, 227499
2017-01-09, 14.1000, 14.1000, 13.7600, 13.9500, 46917
2017-01-10, 13.9500, 14.2800, 13.8551, 14.1000, 104239
2017-01-11, 14.1699, 14.2000, 13.8400, 14.0300, 100783
2017-01-12, 14.0100, 14.3000, 13.8500, 14.3000, 15385
2017-01-13, 14.3500, 14.4000, 13.9860, 14.4000, 25438
2017-01-17, 14.4600, 14.4600, 14.0700, 14.1100, 21140
2017-01-18, 14.0600, 14.0600, 13.7796, 13.8700, 575167
2017-01-19, 14.0700, 14.1400, 13.4900, 13.6000, 219644
2017-01-20, 13.5300, 13.6400, 13.3000, 13.4600, 882269
2017-01-23, 13.4600, 13.8500, 13.4100, 13.7000, 99835
2017-01-24, 13.7600, 14.0900, 13.7325, 14.0200, 343814
2017-01-25, 13.9698, 14.0950, 13.8800, 14.0400, 517095
2017-01-26, 14.0600, 14.3150, 13.9730, 14.2700, 170927
2017-01-27, 14.3000, 14.4000, 14.1500, 14.3000, 286949
2017-01-30, 14.3400, 14.3400, 13.9900, 14.2400, 31411
2017-01-31, 14.1700, 14.8800, 14.1700, 14.7300, 653950
2017-02-01, 14.8000, 15.0000, 14.5600, 14.7200, 36577
2017-02-02, 14.7500, 14.7500, 14.3100, 14.5600, 129581
2017-02-03, 14.5121, 14.5600, 14.3600, 14.4600, 79799
2017-02-06, 14.5300, 14.5400, 14.2200, 14.3000, 97516
2017-02-07, 14.2400, 14.3100, 14.1300, 14.1800, 201989
2017-02-08, 14.1700, 14.3400, 14.1600, 14.3200, 71063
2017-02-09, 14.2700, 14.6700, 14.2700, 14.4800, 230100
2017-02-10, 14.4800, 14.7800, 14.3100, 14.7000, 458158
2017-02-13, 14.7900, 15.1700, 14.7300, 14.8400, 86394
2017-02-14, 14.8000, 15.2900, 14.7970, 15.1200, 172143
2017-02-15, 15.0500, 15.4680, 15.0400, 15.2800, 109854
2017-02-16, 15.3700, 15.5000, 15.1700, 15.3000, 39728
2017-02-17, 15.4000, 15.8500, 15.2300, 15.5700, 271600
2017-02-21, 15.8500, 15.8600, 15.6200, 15.7400, 231648
2017-02-22, 15.9300, 15.9300, 15.3800, 15.6900, 109624
2017-02-23, 15.6901, 15.7000, 15.3500, 15.4900, 109597
2017-02-24, 15.3800, 15.6700, 15.3200, 15.5200, 140674
2017-02-27, 15.4100, 15.6300, 15.0400, 15.5300, 99766
2017-02-28, 15.4000, 15.5200, 15.0700, 15.3400, 458837
2017-03-01, 15.5200, 15.6300, 15.0300, 15.2400, 131962
2017-03-02, 15.1600, 15.2100, 14.8000, 15.0500, 98143
2017-03-03, 14.9700, 15.4500, 14.8800, 15.2200, 258618
2017-03-06, 15.3300, 15.4800, 14.9900, 15.1400, 121273
2017-03-07, 15.2400, 15.3400, 14.8800, 15.1500, 36285
2017-03-08, 15.1600, 15.2900, 15.0400, 15.1600, 63783
2017-03-09, 15.0800, 15.2600, 14.7000, 15.0200, 236524
2017-03-10, 15.0300, 15.2900, 15.0100, 15.1800, 46467
2017-03-13, 15.2200, 15.2999, 15.0000, 15.1900, 102292
2017-03-14, 15.2300, 15.4000, 15.0450, 15.2100, 67607
2017-03-15, 15.3000, 15.5400, 15.1000, 15.4300, 288575
2017-03-16, 15.5500, 15.8490, 15.5050, 15.6900, 420182
2017-03-17, 15.8000, 15.8000, 15.6100, 15.7000, 463918
2017-03-20, 15.7300, 15.7300, 15.4400, 15.6000, 137306
2017-03-21, 15.7500, 15.8100, 15.1400, 15.4700, 266629
2017-03-22, 15.3600, 15.4600, 15.2100, 15.3300, 134178
2017-03-23, 15.3400, 15.7400, 15.1600, 15.5400, 566488
2017-03-24, 15.7100, 16.0700, 15.7100, 15.9400, 74193
2017-03-27, 15.9900, 16.1420, 15.7400, 15.9800, 104825
2017-03-28, 16.0000, 16.3330, 16.0000, 16.2000, 122271
2017-03-29, 16.2000, 16.5000, 16.0900, 16.4100, 193650
2017-03-30, 16.5600, 16.8500, 16.5600, 16.8100, 249056
2017-03-31, 16.8400, 17.2000, 16.8400, 17.0000, 297021
2017-04-03, 16.9200, 17.3450, 16.6700, 17.0000, 197854
2017-04-04, 17.0100, 17.1800, 16.8400, 17.0700, 125830
2017-04-05, 17.0500, 17.2400, 16.8800, 16.9300, 169588
2017-04-06, 16.8200, 17.1500, 16.7750, 17.0500, 87955
2017-04-07, 17.0490, 17.0500, 16.8300, 16.9900, 83547
2017-04-10, 16.9500, 17.1800, 16.7300, 17.0200, 66039
2017-04-11, 16.9700, 17.1800, 16.9350, 17.0500, 69378
2017-04-12, 16.9800, 17.1300, 16.9250, 17.0700, 275691
2017-04-13, 17.1500, 17.2200, 17.0200, 17.1500, 51163
2017-04-17, 17.2000, 17.2000, 16.9000, 17.0000, 61667
2017-04-18, 17.2000, 17.4300, 16.9800, 17.0600, 156824
2017-04-19, 17.1300, 17.1400, 16.8000, 16.8300, 105834
2017-04-20, 16.9700, 17.1800, 16.8400, 17.0700, 197679
2017-04-21, 17.1500, 17.2000, 16.9200, 17.0100, 92831
2017-04-24, 17.0400, 17.3000, 17.0400, 17.1500, 242390
2017-04-25, 17.3000, 17.3000, 17.1100, 17.1700, 94485
2017-04-26, 17.2400, 17.2490, 16.7400, 16.9400, 110762
2017-04-27, 17.1200, 17.1800, 16.6200, 16.7200, 52258
2017-04-28, 16.8300, 17.0499, 16.7100, 16.9900, 93581
2017-05-01, 17.0500, 17.2300, 16.7200, 16.7700, 47526
2017-05-02, 16.8338, 17.1100, 16.7700, 17.0000, 78991
2017-05-03, 16.8900, 17.1200, 16.8000, 17.0500, 77950
2017-05-04, 16.9600, 17.0800, 16.9000, 16.9800, 26232
2017-05-05, 16.8900, 17.0900, 16.8300, 16.9800, 102969
2017-05-08, 17.0100, 17.0100, 16.4800, 16.6100, 218842
2017-05-09, 16.7100, 17.0300, 16.5530, 16.9000, 207361
2017-05-10, 16.8000, 17.0450, 16.7000, 16.9400, 107162
2017-05-11, 17.0000, 17.5600, 16.9000, 17.0600, 105258
2017-05-12, 17.1900, 17.2600, 16.9700, 17.0600, 349426
2017-05-15, 17.1600, 17.7500, 17.1600, 17.6700, 288820
2017-05-16, 17.8000, 17.8575, 17.2470, 17.4500, 1518987
2017-05-17, 17.2100, 17.4500, 17.0000, 17.0800, 75062
2017-05-18, 17.0800, 17.0840, 16.1100, 16.6700, 248396
2017-05-19, 16.7200, 17.1800, 16.4100, 16.8400, 121218
2017-05-22, 16.9000, 16.9000, 16.3350, 16.5500, 174059
2017-05-23, 16.5300, 16.5300, 16.1100, 16.3600, 478527
2017-05-24, 16.5100, 16.6600, 16.4000, 16.5000, 177356
2017-05-25, 16.5000, 17.0100, 16.5000, 16.7100, 244770
2017-05-26, 16.6700, 17.2050, 16.6700, 17.0900, 322434
2017-05-30, 17.1300, 17.3300, 17.0000, 17.0900, 561104
2017-05-31, 17.1200, 17.3800, 16.9600, 17.1700, 178981
2017-06-01, 17.0800, 17.5600, 17.0800, 17.3200, 358267
2017-06-02, 17.2800, 17.8500, 17.2200, 17.7000, 795443
2017-06-05, 17.7600, 18.2800, 17.6500, 18.2200, 231623
2017-06-06, 18.2700, 18.3500, 18.2300, 18.3100, 191215
2017-06-07, 18.2000, 18.2500, 17.9900, 18.0800, 125160
2017-06-08, 18.0300, 18.0800, 17.6300, 17.9000, 55460
2017-06-09, 17.9400, 18.1000, 17.8400, 17.9600, 58146
2017-06-12, 18.0200, 18.0200, 17.3200, 17.4100, 353536
2017-06-13, 17.5500, 17.6600, 16.8500, 17.0400, 199618
2017-06-14, 17.0500, 17.4600, 17.0500, 17.2100, 251802
2017-06-15, 17.2100, 17.2500, 16.9900, 17.1600, 98793
2017-06-16, 17.0900, 17.1800, 16.7900, 17.0900, 78280
2017-06-19, 17.0900, 17.3380, 17.0100, 17.2500, 82390
2017-06-20, 17.2600, 17.5200, 17.0600, 17.1000, 215228
2017-06-21, 16.8800, 17.1000, 16.3600, 16.8800, 484824
2017-06-22, 16.7200, 17.2300, 16.7200, 17.2300, 156223
2017-06-23, 17.2400, 17.2400, 17.0200, 17.1400, 80690
2017-06-26, 17.2300, 17.2836, 17.0500, 17.2400, 48721
2017-06-27, 17.1200, 17.4800, 17.1200, 17.4000, 206449
2017-06-28, 17.4700, 18.0700, 17.3300, 17.8500, 260603
2017-06-29, 17.9400, 18.0000, 17.6400, 17.9000, 354926
2017-06-30, 17.9900, 18.1500, 17.9400, 18.0800, 228169
2017-07-03, 18.0700, 18.4400, 18.0501, 18.2700, 105095
2017-07-05, 18.2600, 18.3622, 17.8300, 17.9500, 189268
2017-07-06, 17.8800, 18.0650, 17.1101, 17.5400, 813772
2017-07-07, 17.5600, 17.7100, 17.3900, 17.5100, 180544
2017-07-10, 17.5300, 17.5700, 17.3600, 17.4900, 178637
2017-07-11, 17.4000, 17.6300, 17.4000, 17.4800, 180990
2017-07-12, 17.4200, 17.9000, 17.4000, 17.8400, 316148
2017-07-13, 17.7400, 18.0300, 17.7000, 17.8500, 366327
2017-07-14, 17.9200, 18.0750, 17.5400, 17.9500, 360000
2017-07-17, 17.9800, 17.9900, 17.5800, 17.8000, 408691
2017-07-18, 17.8400, 17.8400, 16.7800, 17.1500, 544518
2017-07-19, 17.0100, 17.5600, 16.6500, 17.5500, 530615
2017-07-20, 17.7200, 17.7200, 17.4000, 17.5700, 197847
2017-07-21, 17.4700, 17.6100, 17.4000, 17.5000, 160092
2017-07-24, 17.6000, 17.6000, 17.1400, 17.2600, 249934
2017-07-25, 17.3500, 17.7000, 17.1700, 17.7000, 246733
2017-07-26, 17.7200, 17.7799, 17.5000, 17.7200, 117796
2017-07-27, 17.7400, 17.7700, 17.6500, 17.7500, 346032
2017-07-28, 17.7500, 18.1600, 17.6800, 17.9900, 216046
2017-07-31, 17.9900, 18.0900, 17.8200, 17.9200, 128781
2017-08-01, 17.9400, 18.2900, 17.7100, 17.9300, 191877
2017-08-02, 17.9095, 17.9095, 17.6600, 17.7600, 232214
2017-08-03, 17.8200, 17.9000, 17.6400, 17.8200, 149763
2017-08-04, 17.9000, 17.9800, 17.7200, 17.7500, 174766
2017-08-07, 17.6200, 17.8400, 17.4100, 17.5600, 135489
2017-08-08, 17.5600, 17.8300, 17.2100, 17.2700, 123480
2017-08-09, 17.2300, 17.4600, 16.8310, 16.9400, 135374
2017-08-10, 17.2000, 17.6700, 17.0000, 17.5400, 367341
2017-08-11, 17.1900, 17.7000, 17.1900, 17.6800, 129101
2017-08-14, 17.9000, 20.0100, 17.9000, 19.8100, 697538
2017-08-15, 19.9900, 20.0000, 19.0000, 19.1500, 159818
2017-08-16, 19.1900, 19.5000, 19.1652, 19.4000, 253708
2017-08-17, 19.3600, 19.6800, 19.3100, 19.5700, 222808
2017-08-18, 19.5300, 20.0400, 19.3800, 19.9600, 177810
2017-08-21, 20.0100, 20.0323, 19.5320, 19.5700, 140848
2017-08-22, 19.8300, 19.8300, 19.5300, 19.6000, 167690
2017-08-23, 19.7400, 20.6000, 19.6300, 20.5300, 212768
2017-08-24, 20.6800, 21.3750, 20.5000, 21.2700, 284102
2017-08-25, 21.3900, 22.1000, 21.3200, 22.0000, 405729
2017-08-28, 20.8300, 21.1400, 20.1000, 20.4500, 828050
2017-08-29, 20.5000, 20.9700, 19.8900, 20.5100, 473867
2017-08-30, 20.7200, 20.8400, 20.1000, 20.1700, 280726
2017-08-31, 20.2600, 20.5000, 20.1700, 20.4300, 290762
2017-09-01, 20.4600, 20.8900, 20.3850, 20.8500, 346148
2017-09-05, 20.9000, 20.9000, 20.5300, 20.8000, 567652
2017-09-06, 20.7100, 21.2400, 20.5100, 20.7500, 428418
2017-09-07, 20.6700, 21.0300, 20.5000, 20.9200, 217912
2017-09-08, 20.7800, 21.0900, 20.6700, 20.8000, 307871
2017-09-11, 20.9800, 21.2000, 20.5000, 20.7000, 546497
2017-09-12, 20.6700, 21.0500, 20.3700, 20.5600, 838000
2017-09-13, 21.2200, 21.8400, 21.0900, 21.4900, 4741796
2017-09-14, 21.4800, 21.7800, 21.3000, 21.5200, 716487
2017-09-15, 21.3500, 22.7300, 21.3500, 22.6300, 2021457
2017-09-18, 22.7900, 23.5300, 22.6100, 22.9000, 417558
2017-09-19, 22.9000, 23.0100, 22.3000, 22.6000, 495424
2017-09-20, 22.6000, 22.9300, 21.8500, 22.9000, 581238
2017-09-21, 23.0800, 23.1000, 22.5100, 22.7400, 508109
2017-09-22, 23.0000, 23.9200, 22.8600, 23.6900, 408350
2017-09-25, 23.7100, 23.9000, 22.9600, 23.0200, 307477
2017-09-26, 23.1000, 23.7200, 23.0760, 23.3700, 366428
2017-09-27, 23.4900, 23.8800, 22.4201, 23.3200, 880946
2017-09-28, 23.4300, 23.8300, 23.0175, 23.3500, 582603
2017-09-29, 23.4900, 24.8200, 23.4900, 24.6900, 1102332
2017-10-02, 25.4000, 25.4050, 24.4000, 24.4800, 569481
2017-10-03, 24.3300, 24.5900, 24.1800, 24.5400, 276849
2017-10-04, 24.3400, 24.3500, 23.8100, 24.1600, 426768
2017-10-05, 24.2700, 24.5400, 24.1601, 24.3700, 342958
2017-10-06, 24.4900, 24.4900, 23.9806, 24.1700, 268061
2017-10-09, 24.0600, 24.2100, 23.6800, 23.8900, 296549
2017-10-10, 23.9900, 24.4600, 23.8500, 24.0800, 302796
2017-10-11, 24.1700, 24.4100, 23.8800, 24.3700, 245058
2017-10-12, 24.4700, 24.8000, 24.2400, 24.6800, 417104
2017-10-13, 24.6000, 25.0600, 24.5000, 24.9600, 580966
2017-10-16, 24.9800, 25.2899, 24.8500, 25.0300, 271130
2017-10-17, 25.0500, 26.1100, 24.9800, 26.0900, 921557
2017-10-18, 26.1500, 27.0400, 25.3142, 25.7100, 894400
2017-10-19, 25.7100, 25.8000, 25.3800, 25.7300, 258081
2017-10-20, 25.9200, 25.9780, 25.4900, 25.5900, 611471
2017-10-23, 26.7000, 27.2100, 25.9600, 27.0100, 476326
2017-10-24, 27.1400, 27.2500, 26.5220, 26.6100, 476392
2017-10-25, 26.5600, 26.7400, 26.4050, 26.4500, 346614
2017-10-26, 26.6000, 26.8500, 25.9300, 26.0900, 235763
2017-10-27, 26.2300, 26.2900, 25.3200, 25.7200, 359230
2017-10-30, 25.5900, 25.9600, 25.5800, 25.9200, 684097
2017-10-31, 26.0700, 26.8380, 26.0020, 26.8100, 536966
2017-11-01, 27.0000, 27.1300, 26.2800, 26.4900, 426075
2017-11-02, 26.4900, 26.7500, 26.2400, 26.4500, 313776
2017-11-03, 26.4500, 26.4900, 25.5800, 25.9000, 332679
2017-11-06, 25.8100, 26.6240, 25.6000, 26.4100, 224919
2017-11-07, 26.4400, 26.4685, 25.0300, 25.5100, 270739
2017-11-08, 25.5900, 26.1700, 25.3700, 26.1700, 483432
2017-11-09, 26.5300, 26.6600, 25.5100, 25.6700, 471598
2017-11-10, 25.8800, 25.9600, 24.6100, 24.8000, 374884
2017-11-13, 25.0000, 25.1400, 24.4000, 24.6000, 452890
2017-11-14, 24.9200, 25.0200, 23.3500, 23.4100, 624574
2017-11-15, 23.0700, 24.6400, 22.3800, 24.1300, 939992
2017-11-16, 24.7100, 25.4100, 24.5000, 25.1100, 571567
2017-11-17, 25.0000, 25.2000, 24.2400, 24.6300, 667067
2017-11-20, 24.6800, 25.6500, 24.3200, 25.6300, 555840
2017-11-21, 26.4200, 26.5550, 25.7700, 26.5000, 344667
2017-11-22, 26.5000, 27.3800, 26.2500, 27.2100, 794488
2017-11-24, 27.3300, 28.1200, 27.2100, 27.6700, 627982
2017-11-27, 27.7700, 28.0800, 27.0290, 27.2000, 423105
2017-11-28, 27.2700, 27.3800, 26.7550, 27.1000, 267479
2017-11-29, 27.2600, 27.2600, 26.0500, 26.5500, 317717
2017-11-30, 26.5400, 26.6000, 26.1200, 26.3000, 480274
2017-12-01, 26.3600, 26.7200, 26.0600, 26.5000, 569918
2017-12-04, 26.8600, 27.2500, 26.2500, 26.3800, 252917
2017-12-05, 26.3800, 26.6000, 26.3100, 26.4000, 112722
2017-12-06, 26.2700, 27.3090, 26.2700, 27.0700, 475908
2017-12-07, 27.0600, 28.0700, 26.9547, 27.8100, 317810
2017-12-08, 28.1000, 28.6100, 27.9000, 28.6100, 534159
2017-12-11, 28.3200, 28.7000, 28.2300, 28.5200, 299983
2017-12-12, 28.7400, 29.5100, 28.6900, 29.5100, 423099
2017-12-13, 29.6900, 30.2600, 29.1700, 29.3000, 545766
2017-12-14, 29.4600, 29.6100, 28.5100, 28.7000, 746856
2017-12-15, 28.6500, 29.2700, 28.5600, 28.6300, 433016
2017-12-18, 28.6000, 28.9600, 27.9900, 28.2500, 438860
2017-12-19, 28.6500, 29.4600, 28.4000, 29.3400, 457791
2017-12-20, 29.5400, 30.5700, 29.4500, 30.0000, 570496
2017-12-21, 30.0550, 30.4800, 29.7000, 29.7700, 325752
2017-12-22, 29.9600, 30.2100, 29.6700, 30.0800, 146212
2017-12-26, 30.0400, 30.0400, 29.3868, 29.5300, 167332
2017-12-27, 29.4000, 30.0200, 29.3600, 30.0100, 162248
2017-12-28, 30.0600, 30.6000, 29.4550, 29.5300, 361423
2017-12-29, 29.5300, 29.5300, 28.8900, 29.3200, 474193
2018-01-02, 29.6000, 30.3890, 29.0455, 30.2600, 340314
2018-01-03, 30.2800, 30.5000, 29.7700, 29.9300, 428513
2018-01-04, 30.1400, 30.6000, 29.6100, 30.2800, 421538
2018-01-05, 30.3500, 30.7500, 29.6300, 29.7100, 448844
2018-01-08, 29.7700, 29.9700, 29.5100, 29.6800, 439838
2018-01-09, 29.7800, 29.8600, 29.3800, 29.4000, 182341
2018-01-10, 29.5500, 30.0800, 29.2150, 29.7000, 290509
2018-01-11, 29.7500, 30.8900, 29.7255, 30.6200, 305917
2018-01-12, 30.5400, 31.8800, 30.5400, 31.6600, 344164
2018-01-16, 31.9500, 33.5700, 31.8000, 32.7100, 634326
2018-01-17, 32.9700, 33.0900, 32.7500, 32.9800, 471627
2018-01-18, 33.0000, 33.1800, 32.8400, 33.0100, 383022
2018-01-19, 33.4100, 33.4300, 32.5100, 32.7500, 473037
2018-01-22, 32.7900, 33.1400, 32.2000, 32.5600, 316762
2018-01-23, 32.5100, 33.4400, 32.3000, 32.5000, 593009
2018-01-24, 32.6700, 33.8500, 32.0000, 32.2700, 661865
2018-01-25, 32.5200, 32.7700, 31.9000, 32.7700, 330534
2018-01-26, 32.7100, 33.0500, 31.7400, 31.8900, 427278
2018-01-29, 31.7100, 31.8200, 30.3200, 30.7900, 424946
2018-01-30, 30.5300, 30.7600, 29.9800, 30.4500, 324803
2018-01-31, 30.6400, 32.3300, 30.5800, 31.9700, 373001
2018-02-01, 32.0000, 32.5800, 31.5200, 31.6100, 337718
2018-02-02, 31.4000, 31.6100, 30.1600, 30.3900, 782665
2018-02-05, 30.0000, 30.2700, 28.6300, 29.1000, 737763
2018-02-06, 28.1000, 30.5100, 27.4100, 30.1700, 816996
2018-02-07, 30.3400, 30.6340, 29.6900, 29.9300, 380049
2018-02-08, 29.9900, 30.0500, 28.2300, 28.2600, 418490
2018-02-09, 28.2200, 28.9700, 27.7800, 28.7100, 534429
2018-02-12, 28.9800, 30.2500, 28.9800, 30.0300, 277504
2018-02-13, 29.9700, 30.4700, 29.4700, 29.9200, 169075
2018-02-14, 29.6700, 31.0800, 29.4600, 30.9200, 397240
2018-02-15, 31.2100, 32.5900, 31.1800, 32.5900, 340391
2018-02-16, 32.6000, 32.9900, 31.3000, 31.3200, 688226
2018-02-20, 32.1100, 33.3735, 31.9200, 32.1600, 347570
2018-02-21, 32.1100, 32.3600, 31.7800, 31.9200, 237530
2018-02-22, 32.2400, 32.8400, 31.7400, 31.9000, 338292
2018-02-23, 32.0700, 32.2200, 31.4700, 32.0200, 392131
2018-02-26, 32.1500, 32.3100, 31.1000, 31.2200, 350103
2018-02-27, 31.2400, 31.2400, 30.3498, 30.4800, 302579
2018-02-28, 30.5200, 31.2300, 30.4050, 30.7100, 541020
2018-03-01, 30.7700, 30.9350, 29.6100, 29.6900, 289883
2018-03-02, 29.3300, 31.3500, 28.8600, 29.3700, 747003
2018-03-05, 29.1300, 29.5650, 28.9200, 29.3700, 171995
2018-03-06, 29.4400, 30.0900, 29.4000, 29.6300, 277319
2018-03-07, 29.4500, 29.6250, 28.7200, 28.9100, 192137
2018-03-08, 28.9700, 29.1500, 27.8101, 28.4000, 336934
2018-03-09, 28.7100, 29.7100, 28.7000, 29.2800, 417971
2018-03-12, 29.4000, 30.5100, 29.4000, 30.0000, 392983
2018-03-13, 30.1400, 30.4700, 29.8300, 30.1800, 465325
2018-03-14, 30.4500, 30.8400, 30.1800, 30.4600, 402330
2018-03-15, 30.4600, 31.1400, 30.1700, 30.8400, 277196
2018-03-16, 30.7800, 31.4000, 30.6500, 30.7500, 262498
2018-03-19, 30.7600, 30.7600, 29.2200, 29.6100, 323957
2018-03-20, 29.6100, 30.1600, 29.3200, 29.9300, 266337
2018-03-21, 29.8800, 31.0700, 29.5300, 30.6100, 363875
2018-03-22, 30.1600, 30.4000, 29.7500, 29.7500, 201522
2018-03-23, 29.7500, 30.2000, 29.3100, 30.0400, 338040
2018-03-26, 30.3000, 31.0800, 30.2800, 30.4600, 478740
2018-03-27, 30.5000, 30.8500, 30.3200, 30.5000, 223005
2018-03-28, 30.6500, 30.6800, 30.1000, 30.2200, 353666
2018-03-29, 30.4900, 30.7000, 30.0900, 30.3400, 340191
2018-04-02, 30.2700, 30.5500, 29.7210, 30.2500, 73581
2018-04-03, 30.3500, 31.5450, 30.0500, 31.2100, 482166
2018-04-04, 30.7800, 31.4199, 30.7675, 30.8400, 385021
2018-04-05, 31.0900, 31.3500, 30.8100, 30.9300, 253381
2018-04-06, 30.8000, 31.0600, 30.4900, 30.5700, 156155
2018-04-09, 30.5200, 31.0800, 30.0600, 30.1500, 223316
2018-04-10, 30.4900, 31.2300, 30.4000, 30.9300, 269634
2018-04-11, 30.6900, 31.0050, 30.3600, 30.4100, 241356
2018-04-12, 30.5500, 31.2300, 30.4500, 31.0600, 326548
2018-04-13, 31.2300, 31.2300, 30.2100, 30.6200, 285619
2018-04-16, 30.9000, 30.9000, 30.0500, 30.0500, 223952
2018-04-17, 30.0300, 30.3400, 29.8400, 30.1700, 486078
2018-04-18, 30.1700, 30.2500, 29.8300, 29.9400, 377952
2018-04-19, 30.0700, 30.0700, 28.5900, 28.7200, 527627
2018-04-20, 28.4800, 28.8000, 28.1550, 28.7500, 178558
2018-04-23, 28.7700, 29.0300, 28.5000, 28.6300, 196484
2018-04-24, 28.6900, 28.7700, 28.2700, 28.3700, 388540
2018-04-25, 28.3200, 28.3200, 26.7100, 27.2200, 687715
2018-04-26, 27.2200, 27.4200, 26.5100, 26.5500, 416210
2018-04-27, 26.3800, 28.1100, 26.3500, 27.5800, 549070
2018-04-30, 27.5300, 28.6300, 27.4100, 27.9400, 704200
2018-05-01, 27.9500, 28.1000, 26.2200, 26.3500, 711152
2018-05-02, 26.4000, 26.7600, 24.9200, 25.1200, 530944
2018-05-03, 25.1700, 25.2100, 22.9600, 23.3100, 1583324
2018-05-04, 23.5100, 24.7000, 23.1200, 23.2400, 2180348
2018-05-07, 23.0800, 23.2000, 21.6200, 21.7400, 1115861
2018-05-08, 21.6200, 21.6400, 18.7500, 21.5800, 2807450
2018-05-09, 21.6300, 23.1200, 21.5700, 22.9900, 1186674
2018-05-10, 23.0000, 23.4100, 22.5500, 22.9700, 745009
2018-05-11, 23.4700, 23.7299, 20.6500, 20.8500, 992524
2018-05-14, 20.5100, 20.5100, 19.2300, 19.2800, 862281
2018-05-15, 19.0500, 20.8600, 18.9300, 19.8000, 1355987
2018-05-16, 19.8100, 20.9900, 19.8000, 20.1200, 950312
2018-05-17, 20.0100, 20.9900, 20.0100, 20.8400, 939412
2018-05-18, 20.7000, 21.3800, 20.3600, 20.7200, 881536
2018-05-21, 20.8300, 20.8300, 20.2100, 20.3600, 526113
2018-05-22, 20.2800, 20.2800, 18.7700, 18.7700, 1024714
2018-05-23, 18.6800, 18.7700, 18.1000, 18.1300, 649966
2018-05-24, 18.0700, 18.4900, 17.7700, 17.8200, 546004
2018-05-25, 17.7700, 17.8300, 17.3500, 17.5000, 575474
2018-05-29, 17.3700, 17.3850, 16.6200, 16.8200, 653879
2018-05-30, 16.9800, 17.0800, 16.5700, 16.6800, 840758
2018-05-31, 16.7200, 17.2900, 16.6950, 17.1700, 1075074
2018-06-01, 17.1700, 17.5000, 16.7500, 16.7900, 533296
2018-06-04, 17.0200, 18.0200, 16.8888, 17.9200, 735460
2018-06-05, 17.9200, 19.4900, 17.9200, 19.2500, 1838763
2018-06-06, 19.2100, 19.8700, 18.8700, 19.6000, 790466
2018-06-07, 19.6100, 19.6300, 18.1300, 18.7300, 583200
2018-06-08, 19.4000, 20.3100, 18.4900, 19.2300, 1501225
2018-06-11, 19.0800, 19.9400, 19.0350, 19.1500, 679312
2018-06-12, 19.1500, 19.1500, 18.1700, 18.2300, 732075
2018-06-13, 18.2400, 18.3100, 16.7100, 16.8400, 1029339
2018-06-14, 17.0400, 17.0400, 14.6700, 14.6800, 1288428
2018-06-15, 14.6900, 15.0300, 14.4300, 14.5500, 1111889
2018-06-18, 14.4300, 14.4327, 13.0200, 13.2000, 1500364
2018-06-19, 13.1300, 14.0300, 13.0010, 13.7000, 1447640
2018-06-20, 14.3500, 14.4700, 13.6500, 13.7000, 765180
2018-06-21, 15.2965, 15.7800, 14.6700, 14.8600, 5139374
2018-06-22, 14.6000, 15.1700, 13.9600, 14.0000, 1561808
2018-06-25, 13.9300, 13.9600, 12.2300, 12.3100, 2083408
2018-06-26, 12.4000, 12.7200, 11.9900, 12.0000, 982976
2018-06-27, 12.0500, 12.0500, 10.2039, 10.4200, 2503129
2018-06-28, 10.4700, 11.0500, 10.1500, 10.8600, 2811870
2018-06-29, 10.7200, 10.9000, 9.9900, 10.5800, 1431913
2018-07-02, 10.4200, 11.1800, 10.1300, 11.0200, 1431817
2018-07-03, 11.0200, 12.6700, 10.9065, 12.3800, 1202772
2018-07-05, 12.3800, 13.6000, 11.8800, 13.0100, 2086549
2018-07-06, 12.9000, 13.4500, 12.5600, 12.7500, 585384
2018-07-09, 12.8000, 13.6680, 12.6500, 13.0400, 905683
2018-07-10, 12.9600, 13.4100, 12.6600, 12.9000, 522635
2018-07-11, 12.8000, 12.8950, 12.4450, 12.6900, 282767
2018-07-12, 12.8900, 13.2200, 12.1700, 12.2500, 950820
2018-07-13, 12.3100, 12.3500, 11.6900, 11.7700, 592173
2018-07-16, 11.7500, 12.0916, 11.4650, 11.6000, 583775
2018-07-17, 11.6000, 11.9400, 11.2100, 11.5400, 1060059
2018-07-18, 11.5400, 11.7700, 11.2700, 11.7400, 1263088
2018-07-19, 11.4900, 11.5990, 11.1200, 11.2300, 1182665
2018-07-20, 11.3200, 11.6300, 11.1700, 11.4200, 1685365
2018-07-23, 11.2400, 11.5400, 11.0400, 11.2600, 1211394
2018-07-24, 11.5200, 11.9700, 11.4350, 11.8900, 1940515
2018-07-25, 11.8100, 13.0600, 11.8100, 12.9700, 1523848
2018-07-26, 13.0500, 13.2900, 12.8300, 13.1600, 753958
2018-07-27, 13.2200, 13.7900, 13.1800, 13.5800, 661102
2018-07-30, 13.5600, 13.7500, 12.9900, 13.1800, 989631
2018-07-31, 13.2000, 13.6500, 13.2000, 13.5100, 583276
2018-08-01, 13.6100, 13.6300, 13.1700, 13.5900, 332932
2018-08-02, 13.4300, 13.5500, 13.1500, 13.1600, 515977
2018-08-03, 13.2500, 13.5500, 13.2300, 13.3000, 485047
2018-08-06, 13.3500, 13.3800, 13.0800, 13.1400, 474772
2018-08-07, 13.1300, 13.2100, 12.4700, 12.5700, 834802
2018-08-08, 12.6000, 12.6000, 11.5800, 11.7400, 1099960
2018-08-09, 11.6400, 12.1000, 11.2400, 11.7800, 591007
2018-08-10, 11.2500, 11.4100, 10.6100, 11.0600, 988569
2018-08-13, 10.9200, 10.9800, 9.7500, 10.1000, 1644960
2018-08-14, 10.3000, 10.8000, 9.8500, 10.2100, 1272344
2018-08-15, 9.9500, 10.4200, 9.5800, 10.1200, 880611
2018-08-16, 10.2100, 10.6000, 9.9100, 9.9400, 1259862
2018-08-17, 9.9400, 9.9400, 9.1100, 9.3900, 1078203
2018-08-20, 9.2900, 9.4500, 8.7500, 8.8300, 1317386
2018-08-21, 8.8300, 9.2000, 8.8000, 8.9300, 698941
2018-08-22, 8.8000, 9.4600, 8.6300, 9.3800, 939735
2018-08-23, 9.3000, 9.5000, 9.0000, 9.1500, 612840
2018-08-24, 7.8600, 7.9000, 6.0550, 6.1100, 12896100
2018-08-27, 6.3600, 6.4500, 5.9100, 6.0900, 4901508
2018-08-28, 6.1100, 6.1200, 5.6010, 5.8800, 4236225
2018-08-29, 5.9200, 6.2550, 5.5800, 5.6500, 3343833
2018-08-30, 5.4800, 5.5100, 4.9100, 5.3300, 5211658
2018-08-31, 5.2200, 6.9300, 5.1800, 6.8400, 5723683
2018-09-04, 6.5700, 6.7800, 5.9200, 6.3100, 2771032
2018-09-05, 6.3600, 7.2400, 6.3150, 6.9600, 2846364
2018-09-06, 7.0600, 8.1600, 6.9600, 7.9300, 4679248
2018-09-07, 8.0000, 8.4000, 7.5836, 7.8400, 2328775
2018-09-10, 7.7600, 7.9900, 7.3500, 7.5900, 1464277
2018-09-11, 7.5100, 7.5700, 6.8900, 7.3600, 1483818
2018-09-12, 7.4100, 7.5500, 7.1900, 7.3600, 1076730
2018-09-13, 7.4200, 7.7600, 6.8200, 6.9400, 1580975
2018-09-14, 6.9600, 7.0700, 6.7100, 6.9400, 1364621
2018-09-17, 6.9300, 7.5100, 6.9300, 7.4200, 1369582
2018-09-18, 7.4700, 7.6500, 7.2800, 7.3800, 1156914
2018-09-19, 7.3700, 8.3000, 7.3000, 7.9500, 4087756
2018-09-20, 8.0500, 9.8100, 8.0500, 9.0000, 4574851
2018-09-21, 9.1000, 9.7100, 8.7200, 9.3400, 2705070
2018-09-24, 9.3000, 9.5900, 8.3600, 8.6500, 1915609
2018-09-25, 8.2500, 9.2100, 7.9650, 9.1400, 2648896
2018-09-26, 9.1700, 9.7300, 8.8200, 9.0700, 1488974
2018-09-27, 9.1500, 9.1500, 8.1850, 8.2900, 2231800
2018-09-28, 8.2300, 8.2300, 7.5200, 7.6700, 1705368
2018-10-01, 7.6700, 8.2700, 7.3500, 8.0200, 1459793
2018-10-02, 8.1000, 8.7400, 8.0700, 8.3600, 1454166
2018-10-03, 8.7500, 8.9600, 8.2000, 8.2900, 1310857
2018-10-04, 8.1400, 8.1700, 7.5300, 7.5400, 1238191
2018-10-05, 7.6600, 7.9100, 7.3500, 7.3800, 789115
2018-10-08, 7.6500, 7.7800, 7.2800, 7.4000, 974036
2018-10-09, 7.3900, 7.4000, 6.8355, 7.1300, 1145490
2018-10-10, 7.1000, 7.1700, 6.6900, 6.7000, 977475
2018-10-11, 6.7100, 7.0390, 6.2710, 6.6000, 1809770
2018-10-12, 7.0400, 7.4250, 6.9300, 7.3200, 1173542
2018-10-15, 7.4000, 7.6500, 6.9700, 7.4000, 789287
2018-10-16, 7.5300, 7.6300, 7.2900, 7.4700, 571509
2018-10-17, 7.4600, 7.4600, 6.9837, 7.0700, 614444
2018-10-18, 6.9600, 7.2600, 6.9000, 6.9700, 537312
2018-10-19, 6.9900, 7.4500, 6.9900, 7.0800, 351880
2018-10-22, 7.1300, 7.3700, 6.9100, 7.0500, 507268
2018-10-23, 6.9700, 7.1400, 6.7000, 7.0600, 416638
2018-10-24, 7.0500, 7.3900, 6.8900, 6.9600, 518624
2018-10-25, 7.0200, 7.9800, 7.0200, 7.8000, 1211446
2018-10-26, 7.8000, 8.0500, 7.5900, 7.8400, 898869
2018-10-29, 7.9900, 8.2800, 7.8200, 7.9800, 1885353
2018-10-30, 8.0300, 8.3721, 8.0100, 8.1100, 711185
2018-10-31, 8.1200, 8.3700, 7.8100, 8.3400, 850008
2018-11-01, 8.4000, 9.0800, 8.4000, 8.9900, 1093115
2018-11-02, 9.1500, 9.2800, 8.7200, 9.1600, 828006
2018-11-05, 9.1200, 9.1200, 8.7100, 8.7900, 495468
2018-11-06, 8.8500, 9.1900, 8.4700, 8.7300, 685599
2018-11-07, 8.7800, 8.9400, 8.5350, 8.6700, 450324
2018-11-08, 8.6700, 8.8400, 8.3400, 8.4000, 531935
2018-11-09, 8.4000, 8.4800, 8.1110, 8.3500, 390476
