2013-03-20, 7.2000, 7.5000, 6.6200, 7.0000, 1724200
2013-03-21, 7.0600, 7.0900, 7.0000, 7.0500, 163700
2013-03-22, 7.0500, 7.1500, 7.0000, 7.0000, 34400
2013-03-25, 7.0100, 7.0900, 7.0000, 7.0700, 88700
2013-03-26, 7.0700, 7.0700, 7.0000, 7.0000, 18100
2013-03-27, 7.0300, 7.0600, 7.0000, 7.0300, 16300
2013-03-28, 7.0300, 7.0700, 7.0000, 7.0700, 37700
2013-04-01, 7.0700, 7.1000, 7.0000, 7.0900, 30600
2013-04-02, 7.1200, 7.1200, 7.0100, 7.1000, 29500
2013-04-03, 7.1200, 7.1999, 7.0800, 7.1900, 22600
2013-04-04, 7.2000, 7.2000, 7.0400, 7.1900, 28800
2013-04-05, 7.2600, 7.2600, 7.1450, 7.2100, 33400
2013-04-08, 7.2400, 7.3250, 7.1300, 7.3000, 73700
2013-04-09, 7.4500, 7.4500, 7.2500, 7.2600, 42800
2013-04-10, 7.4500, 8.4100, 7.3800, 8.3800, 53300
2013-04-11, 8.3000, 8.3000, 7.7700, 8.0000, 53200
2013-04-12, 8.0100, 8.0900, 7.8500, 8.0000, 16300
2013-04-15, 8.3000, 8.8720, 7.9000, 8.1000, 179800
2013-04-16, 8.1300, 8.4400, 8.1300, 8.3100, 47500
2013-04-17, 8.3600, 8.8700, 8.3300, 8.7500, 105200
2013-04-18, 9.1500, 9.3000, 8.8940, 9.2000, 156100
2013-04-19, 9.2000, 9.4000, 9.1100, 9.1500, 194100
2013-04-22, 9.6600, 9.6600, 8.5300, 9.0700, 89700
2013-04-23, 9.0500, 9.0600, 8.5000, 8.5000, 47900
2013-04-24, 8.5400, 9.0390, 8.5400, 8.7000, 99500
2013-04-25, 8.7000, 8.9800, 7.0900, 7.5000, 181000
2013-04-26, 7.5800, 8.1400, 7.5000, 8.1400, 55300
2013-04-29, 8.5000, 8.5000, 8.0500, 8.1200, 17800
2013-04-30, 8.0600, 8.2900, 7.8100, 8.1100, 28800
2013-05-01, 8.1100, 8.1100, 7.7500, 7.9200, 15100
2013-05-02, 7.9200, 8.0000, 7.9200, 7.9200, 37700
2013-05-03, 7.9200, 8.0000, 7.9200, 8.0000, 23800
2013-05-06, 8.0000, 8.0000, 7.8030, 7.8800, 72800
2013-05-07, 7.8001, 7.9000, 7.8000, 7.8900, 22900
2013-05-08, 7.8600, 7.8900, 7.7600, 7.8000, 15400
2013-05-09, 7.7022, 7.8400, 7.6100, 7.8200, 24000
2013-05-10, 7.7600, 7.9800, 7.6500, 7.8300, 16800
2013-05-13, 7.7000, 7.9300, 7.7000, 7.9300, 14500
2013-05-14, 7.9100, 8.0800, 7.7600, 7.9700, 22200
2013-05-15, 8.0000, 8.2400, 7.7700, 7.9400, 45800
2013-05-16, 7.8800, 8.3200, 7.8800, 8.0800, 15400
2013-05-17, 8.4000, 8.4000, 7.7300, 8.1900, 52800
2013-05-20, 8.1200, 8.2400, 8.0000, 8.0000, 21600
2013-05-21, 8.0000, 8.0899, 7.9100, 8.0000, 14500
2013-05-22, 8.1000, 8.1800, 7.9000, 8.0700, 33400
2013-05-23, 7.8500, 8.0799, 7.7900, 7.8200, 31800
2013-05-24, 8.0700, 8.0900, 7.6000, 7.7800, 38100
2013-05-28, 7.8200, 7.9700, 7.7800, 7.9200, 17600
2013-05-29, 7.9400, 8.0000, 7.8201, 8.0000, 29300
2013-05-30, 7.9500, 8.0950, 7.8600, 7.9900, 29200
2013-05-31, 7.9500, 8.0000, 7.9300, 8.0000, 18300
2013-06-03, 8.1900, 8.1900, 7.8200, 7.8500, 16500
2013-06-04, 7.8900, 7.9800, 7.6600, 7.7900, 14200
2013-06-05, 7.7999, 7.8000, 7.6700, 7.6700, 10300
2013-06-06, 7.6500, 7.7800, 7.6000, 7.6800, 31300
2013-06-07, 7.6800, 7.7776, 7.6500, 7.6500, 22100
2013-06-10, 7.7500, 7.7900, 7.6601, 7.7000, 28800
2013-06-11, 7.7300, 7.9900, 7.6600, 7.9600, 13000
2013-06-12, 7.8800, 7.9400, 7.7000, 7.9400, 14000
2013-06-13, 7.9600, 7.9600, 7.7600, 7.9000, 16500
2013-06-14, 7.8900, 7.9000, 7.8000, 7.8800, 24000
2013-06-17, 7.9300, 8.2600, 7.8700, 7.9400, 30200
2013-06-18, 7.9000, 8.0000, 7.8601, 8.0000, 27700
2013-06-19, 8.0000, 8.0000, 7.8600, 7.9900, 26100
2013-06-20, 8.0000, 8.0300, 7.8000, 7.9300, 38400
2013-06-21, 7.9800, 8.3200, 7.4000, 7.5000, 196300
2013-06-24, 7.4100, 7.8500, 7.4010, 7.8000, 65600
2013-06-25, 7.8100, 7.9500, 7.4200, 7.8800, 22500
2013-06-26, 7.9000, 7.9200, 7.7200, 7.7700, 23900
2013-06-27, 7.7500, 7.8100, 7.5000, 7.7800, 38600
2013-06-28, 7.7500, 7.9000, 7.0200, 7.0300, 1533500
2013-07-01, 7.1900, 7.3855, 7.0400, 7.3000, 229700
2013-07-02, 7.3200, 7.5700, 7.1475, 7.2600, 44300
2013-07-03, 7.2500, 7.4800, 7.1000, 7.1000, 8800
2013-07-05, 7.2000, 7.4200, 7.0800, 7.3700, 13000
2013-07-08, 7.2200, 7.8800, 7.2200, 7.7200, 16200
2013-07-09, 7.7400, 7.7800, 7.4200, 7.6700, 19600
2013-07-10, 7.4700, 7.7700, 7.3000, 7.6200, 34500
2013-07-11, 7.6700, 7.9000, 7.6501, 7.8700, 14400
2013-07-12, 7.8400, 7.9000, 7.6400, 7.8300, 38600
2013-07-15, 8.0900, 8.2899, 7.7600, 7.9000, 88000
2013-07-16, 7.9300, 7.9300, 7.8000, 7.8300, 66100
2013-07-17, 7.9400, 7.9400, 7.7500, 7.8200, 8500
2013-07-18, 7.8300, 7.9000, 7.8000, 7.8900, 34000
2013-07-19, 7.8500, 7.8900, 7.5500, 7.7900, 31500
2013-07-22, 7.7000, 7.9000, 7.7000, 7.8600, 29300
2013-07-23, 7.8800, 7.9000, 7.6400, 7.8200, 74400
2013-07-24, 7.8500, 7.8900, 7.7300, 7.7400, 47700
2013-07-25, 7.7800, 7.8800, 7.5300, 7.7400, 50100
2013-07-26, 7.6700, 7.7200, 7.5300, 7.5500, 30800
2013-07-29, 7.5600, 7.6400, 7.3800, 7.4200, 17500
2013-07-30, 7.4100, 7.6400, 7.3701, 7.6100, 37500
2013-07-31, 7.7100, 8.2100, 7.7100, 7.9000, 242400
2013-08-01, 7.9200, 8.3900, 7.9000, 7.9500, 46500
2013-08-02, 7.9800, 7.9800, 7.7500, 7.8900, 43900
2013-08-05, 7.9200, 8.4600, 7.8750, 8.1400, 333900
2013-08-06, 8.3100, 8.4032, 8.0300, 8.1200, 368600
2013-08-07, 8.1400, 8.3400, 7.8900, 7.9700, 170500
2013-08-08, 8.0600, 8.1150, 7.7500, 7.8300, 99700
2013-08-09, 7.8400, 8.1000, 7.7700, 7.9600, 524000
2013-08-12, 8.5100, 8.9500, 8.1500, 8.7600, 183100
2013-08-13, 8.6900, 8.7600, 8.3100, 8.4700, 123400
2013-08-14, 8.4900, 8.9400, 8.2100, 8.3000, 106300
2013-08-15, 8.2500, 8.2500, 8.0100, 8.0500, 65200
2013-08-16, 8.0000, 8.5099, 8.0000, 8.2400, 49900
2013-08-19, 8.2700, 8.4700, 8.2000, 8.2200, 23000
2013-08-20, 8.1900, 8.4600, 8.1100, 8.4200, 29500
2013-08-21, 8.4900, 8.8800, 8.4300, 8.6100, 61000
2013-08-22, 8.6200, 8.7100, 8.4000, 8.5600, 14600
2013-08-23, 8.5500, 8.9000, 8.3800, 8.6100, 29200
2013-08-26, 8.6500, 9.2900, 8.6100, 9.0100, 88600
2013-08-27, 9.0000, 9.3000, 8.7901, 8.9000, 63400
2013-08-28, 8.9400, 9.1800, 8.7200, 8.7200, 30800
2013-08-29, 8.7400, 9.1800, 8.7400, 8.8500, 52900
2013-08-30, 8.8200, 8.9500, 8.4500, 8.5400, 77200
2013-09-03, 8.5600, 8.9300, 8.5600, 8.7000, 64000
2013-09-04, 8.8600, 9.0500, 8.7600, 9.0100, 27700
2013-09-05, 9.0500, 9.7000, 8.9400, 9.4800, 129400
2013-09-06, 9.5800, 10.2300, 9.2408, 9.7800, 94700
2013-09-09, 9.8700, 10.8500, 9.8700, 10.4100, 102600
2013-09-10, 10.4700, 10.6000, 10.1600, 10.2800, 54400
2013-09-11, 10.3400, 10.5790, 10.1800, 10.1800, 41000
2013-09-12, 10.1500, 10.4800, 9.3113, 9.4700, 90900
2013-09-13, 9.5100, 9.5344, 9.0400, 9.1100, 103500
2013-09-16, 9.1900, 9.7200, 8.7200, 9.1900, 230700
2013-09-17, 9.9600, 9.9600, 9.3200, 9.4800, 52000
2013-09-18, 9.5300, 10.5500, 9.4000, 10.2700, 404500
2013-09-19, 10.2600, 11.7700, 10.2600, 11.4900, 195200
2013-09-20, 11.5000, 11.7600, 11.2700, 11.5300, 252000
2013-09-23, 11.5000, 11.5200, 10.4200, 11.1800, 109600
2013-09-24, 11.2700, 11.5000, 11.0300, 11.2500, 43000
2013-09-25, 11.3100, 11.3100, 10.6000, 11.2500, 82600
2013-09-26, 11.3100, 11.5300, 11.0200, 11.4700, 50600
2013-09-27, 11.5100, 11.7000, 11.3200, 11.4900, 66000
2013-09-30, 11.4000, 11.6199, 11.2800, 11.3800, 60200
2013-10-01, 11.5800, 12.3200, 11.5800, 11.7700, 164800
2013-10-02, 11.7600, 11.8000, 11.3405, 11.4900, 84900
2013-10-03, 11.4500, 11.5000, 10.9001, 11.1200, 94700
2013-10-04, 11.1500, 12.0200, 11.1500, 11.7200, 63500
2013-10-07, 11.6200, 11.7900, 11.3700, 11.3800, 33300
2013-10-08, 11.3900, 11.4000, 11.0000, 11.0400, 51800
2013-10-09, 11.0400, 11.0605, 10.3500, 10.5200, 84600
2013-10-10, 10.6500, 11.8400, 10.6500, 11.5800, 70700
2013-10-11, 11.7500, 12.8400, 11.7500, 12.8000, 156800
2013-10-14, 12.7000, 13.5476, 12.2000, 12.5300, 122700
2013-10-15, 12.8100, 12.8100, 11.7600, 11.9000, 142100
2013-10-16, 11.9900, 12.0399, 10.9900, 11.0700, 83900
2013-10-17, 11.1800, 11.8199, 11.0100, 11.1500, 70700
2013-10-18, 11.3300, 13.3820, 11.3000, 13.2000, 145900
2013-10-21, 13.2800, 13.4200, 12.6772, 13.2000, 107300
2013-10-22, 13.2000, 13.2000, 12.5100, 13.0900, 84100
2013-10-23, 13.0700, 13.1800, 12.7300, 13.0800, 77300
2013-10-24, 13.0800, 13.0800, 12.9200, 12.9700, 31400
2013-10-25, 12.9200, 13.1000, 12.8100, 12.9500, 51700
2013-10-28, 12.9500, 12.9500, 12.6000, 12.7200, 57400
2013-10-29, 12.7500, 12.9000, 12.7100, 12.8400, 34400
2013-10-30, 12.8800, 12.9899, 12.6300, 12.6400, 26600
2013-10-31, 12.6500, 12.6500, 12.5000, 12.5300, 29300
2013-11-01, 12.5300, 12.7800, 11.7000, 12.2200, 121500
2013-11-04, 12.0000, 12.4900, 11.6400, 12.2800, 79600
2013-11-05, 12.3600, 12.4800, 11.9600, 12.1600, 37900
2013-11-06, 12.0700, 12.1000, 11.2600, 11.3100, 112700
2013-11-07, 10.5000, 10.5000, 9.8500, 10.0400, 1579200
2013-11-08, 10.0800, 10.4790, 10.0000, 10.1200, 275600
2013-11-11, 10.1900, 10.5000, 10.0500, 10.3400, 277400
2013-11-12, 10.2800, 10.4300, 10.1200, 10.2200, 130200
2013-11-13, 10.7000, 10.9600, 10.2300, 10.5900, 316600
2013-11-14, 10.6500, 12.2400, 10.5500, 12.0600, 295300
2013-11-15, 12.0000, 12.3600, 11.4600, 11.5300, 210000
2013-11-18, 11.5800, 11.6300, 11.1200, 11.2500, 83100
2013-11-19, 11.1700, 11.1700, 10.6000, 10.6300, 113400
2013-11-20, 10.6800, 11.2300, 10.6501, 10.8800, 126100
2013-11-21, 11.0000, 11.2000, 10.5500, 10.7300, 228000
2013-11-22, 10.7600, 11.0600, 10.5200, 10.7300, 91000
2013-11-25, 10.6900, 11.1900, 10.6095, 11.0600, 47800
2013-11-26, 11.1500, 12.2400, 11.0700, 12.0000, 169300
2013-11-27, 12.0000, 12.0000, 11.1900, 11.7600, 139700
2013-11-29, 11.8200, 12.0799, 11.2964, 11.7600, 50200
2013-12-02, 11.7300, 11.9699, 11.5000, 11.5600, 70700
2013-12-03, 11.5400, 11.5700, 10.9600, 11.2300, 138400
2013-12-04, 11.2100, 11.8000, 11.1100, 11.7100, 60900
2013-12-05, 11.7300, 11.7800, 11.4210, 11.6600, 17300
2013-12-06, 11.7400, 11.9400, 11.6500, 11.8800, 46800
2013-12-09, 11.8900, 12.1890, 11.8900, 12.0700, 156300
2013-12-10, 12.0000, 12.1200, 11.7500, 11.9700, 105400
2013-12-11, 12.0000, 12.0900, 11.7600, 11.9900, 85600
2013-12-12, 12.0600, 12.1000, 11.7401, 12.0400, 111600
2013-12-13, 12.1100, 12.4200, 11.8900, 12.2600, 147900
2013-12-16, 12.4100, 12.5100, 11.7200, 12.1700, 111600
2013-12-17, 12.2300, 12.2300, 11.9800, 12.1100, 67200
2013-12-18, 12.1700, 12.1700, 11.7600, 12.1500, 88300
2013-12-19, 12.2000, 12.3300, 11.8650, 12.2000, 63900
2013-12-20, 12.2700, 12.9200, 12.2300, 12.7300, 439900
2013-12-23, 12.9000, 13.2800, 12.8000, 13.2500, 87900
2013-12-24, 13.3000, 13.3800, 13.0900, 13.2300, 50500
2013-12-26, 13.2500, 13.7099, 12.8200, 13.2000, 57600
2013-12-27, 13.2800, 13.8900, 12.9250, 13.5000, 65400
2013-12-30, 13.4200, 13.7000, 13.4200, 13.5800, 79500
2013-12-31, 13.6700, 13.7400, 13.2400, 13.5200, 81600
2014-01-02, 13.3800, 13.5900, 13.0900, 13.5600, 66300
2014-01-03, 13.5900, 13.7500, 13.3600, 13.7500, 79800
2014-01-06, 13.8000, 14.7702, 13.7500, 14.0500, 166500
2014-01-07, 14.0800, 14.3300, 13.9650, 14.1900, 109000
2014-01-08, 14.3500, 15.0000, 14.2110, 14.9900, 105200
2014-01-09, 15.0100, 16.5000, 14.9900, 16.0000, 174700
2014-01-10, 16.0500, 16.0500, 15.0000, 15.8900, 119500
2014-01-13, 15.9100, 16.8050, 15.1000, 15.5600, 173600
2014-01-14, 15.6800, 16.4752, 15.6800, 16.2600, 129600
2014-01-15, 16.3800, 16.4000, 15.6300, 15.9900, 63200
2014-01-16, 16.0100, 16.2067, 15.7080, 15.7600, 70300
2014-01-17, 15.7500, 15.7599, 15.3900, 15.5100, 101000
2014-01-21, 15.4600, 15.9200, 15.1200, 15.5000, 129100
2014-01-22, 15.4600, 16.4500, 15.4401, 16.1800, 280200
2014-01-23, 16.1600, 17.7399, 15.8560, 17.4300, 266500
2014-01-24, 17.3600, 17.3600, 16.4400, 16.9600, 125700
2014-01-27, 17.0000, 17.1300, 15.5100, 15.9000, 263500
2014-01-28, 15.8600, 16.5500, 15.8600, 16.3000, 212500
2014-01-29, 16.2000, 16.3800, 15.7500, 15.9700, 127400
2014-01-30, 16.1300, 16.1700, 15.8900, 15.9500, 219300
2014-01-31, 15.6000, 15.9000, 15.3200, 15.5100, 142300
2014-02-03, 15.4100, 15.8350, 14.1000, 14.4500, 187100
2014-02-04, 14.3200, 15.1799, 13.9501, 14.6200, 125400
2014-02-05, 14.5200, 14.5400, 13.6000, 14.0600, 114800
2014-02-06, 14.1600, 15.0000, 14.0600, 14.2600, 79900
2014-02-07, 14.2900, 14.5200, 14.1000, 14.4700, 131000
2014-02-10, 14.5200, 14.7599, 14.0800, 14.3400, 156600
2014-02-11, 14.5700, 15.0100, 14.0000, 14.2900, 748200
2014-02-12, 14.4900, 14.5000, 13.6600, 13.9100, 197800
2014-02-13, 13.7200, 14.1800, 13.3600, 14.0600, 176800
2014-02-14, 14.3100, 14.4300, 13.7910, 13.9700, 104700
2014-02-18, 14.0800, 14.2400, 13.9500, 14.0200, 118000
2014-02-19, 13.9300, 14.3600, 13.8800, 13.9300, 130200
2014-02-20, 13.9900, 14.3000, 13.8800, 13.9400, 324400
2014-02-21, 14.0400, 14.3500, 13.7500, 13.8800, 174700
2014-02-24, 13.9000, 14.1700, 13.8300, 13.9900, 94200
2014-02-25, 14.0800, 14.2600, 13.7500, 13.9100, 183000
2014-02-26, 13.9600, 14.1800, 13.8100, 13.9000, 377500
2014-02-27, 13.8400, 14.1600, 13.8400, 14.1400, 904200
2014-02-28, 14.3300, 15.0690, 13.4000, 13.6000, 182100
2014-03-03, 13.7500, 13.7500, 12.6600, 13.4100, 227900
2014-03-04, 13.5800, 14.2000, 13.5000, 13.8500, 139100
2014-03-05, 13.8200, 14.2500, 13.7100, 14.0800, 182900
2014-03-06, 13.6500, 14.2300, 13.1800, 13.4500, 254600
2014-03-07, 13.6500, 13.6999, 12.2100, 12.2600, 300200
2014-03-10, 12.3500, 12.8200, 12.0800, 12.3800, 129100
2014-03-11, 12.3600, 13.1000, 12.1500, 12.2500, 191800
2014-03-12, 12.2100, 12.5600, 12.1100, 12.2800, 138500
2014-03-13, 12.4000, 12.6700, 12.0900, 12.2500, 235900
2014-03-14, 12.2200, 12.3000, 11.7900, 11.9200, 71200
2014-03-17, 11.9500, 12.3074, 11.8900, 11.9900, 114900
2014-03-18, 11.9900, 12.5400, 11.9900, 12.5200, 152300
2014-03-19, 12.5600, 12.6100, 12.3500, 12.5000, 87400
2014-03-20, 12.6000, 12.6300, 12.1400, 12.6000, 119100
2014-03-21, 12.6900, 12.8500, 12.2500, 12.4000, 151300
2014-03-24, 12.4000, 12.7100, 11.1600, 11.7700, 224500
2014-03-25, 11.8400, 12.2700, 11.3500, 11.4000, 183700
2014-03-26, 11.4700, 11.4700, 10.5200, 10.5800, 300400
2014-03-27, 10.6200, 10.7800, 10.0000, 10.0700, 268000
2014-03-28, 10.1200, 10.7000, 9.8500, 10.1200, 285800
2014-03-31, 10.2200, 11.1100, 10.0700, 10.8900, 300200
2014-04-01, 10.8500, 11.6900, 10.8500, 11.3000, 192100
2014-04-02, 12.3000, 12.8400, 11.5500, 11.5800, 442800
2014-04-03, 11.5600, 11.9400, 10.8300, 11.1300, 242700
2014-04-04, 11.9800, 12.1500, 10.6500, 11.4300, 335700
2014-04-07, 11.4100, 11.6200, 10.6800, 10.9700, 361000
2014-04-08, 10.9200, 11.3600, 10.7200, 11.0200, 189400
2014-04-09, 11.0200, 11.6400, 11.0200, 11.2400, 134600
2014-04-10, 11.2600, 11.2700, 10.1000, 10.5800, 367600
2014-04-11, 10.4500, 10.8200, 10.0500, 10.0600, 306000
2014-04-14, 10.2200, 10.3600, 8.6700, 9.0200, 481100
2014-04-15, 9.1100, 9.2500, 8.0100, 8.5200, 298400
2014-04-16, 8.6700, 10.0200, 8.6699, 9.7500, 580500
2014-04-17, 9.7500, 10.3400, 9.5200, 10.2000, 372300
2014-04-21, 10.1800, 10.3899, 9.9800, 10.1500, 203800
2014-04-22, 10.1700, 10.8099, 10.1700, 10.6300, 105200
2014-04-23, 10.5600, 10.5600, 10.0000, 10.0800, 117400
2014-04-24, 10.2000, 10.2700, 9.5200, 10.0900, 202200
2014-04-25, 10.0200, 10.2000, 9.6310, 10.1500, 172900
2014-04-28, 10.1700, 10.2100, 9.4500, 9.9000, 294800
2014-04-29, 9.9400, 10.4300, 9.8000, 10.3000, 220500
2014-04-30, 10.3000, 10.8000, 10.0700, 10.7400, 168900
2014-05-01, 10.7500, 11.0000, 10.5000, 10.7800, 165700
2014-05-02, 10.8900, 10.8900, 10.3000, 10.5000, 116000
2014-05-05, 10.3700, 10.8700, 10.1300, 10.3900, 105200
2014-05-06, 10.2900, 10.3800, 9.7600, 9.7900, 137800
2014-05-07, 9.8300, 10.2200, 9.5200, 9.6900, 152000
2014-05-08, 9.6300, 9.8000, 9.0500, 9.0700, 120600
2014-05-09, 9.0700, 9.4300, 8.9000, 9.2650, 140600
2014-05-12, 9.1700, 9.3250, 8.6700, 9.0000, 311700
2014-05-13, 8.9800, 9.5900, 8.9100, 9.0300, 197000
2014-05-14, 9.0400, 9.3900, 8.7400, 8.7500, 218600
2014-05-15, 8.6600, 8.8480, 8.3500, 8.5900, 185600
2014-05-16, 8.5500, 8.9000, 8.4400, 8.8300, 168500
2014-05-19, 8.8700, 9.3800, 8.7100, 9.3000, 228500
2014-05-20, 9.3100, 9.5100, 9.0600, 9.2800, 160200
2014-05-21, 9.3900, 9.5800, 9.3300, 9.4300, 121800
2014-05-22, 9.5500, 9.9890, 9.5500, 9.9300, 123700
2014-05-23, 9.9700, 10.2300, 9.8200, 10.1800, 126200
2014-05-27, 10.2800, 10.7200, 10.2200, 10.6700, 115300
2014-05-28, 10.6900, 10.7100, 10.3200, 10.6000, 105900
2014-05-29, 10.7200, 10.8100, 10.4600, 10.7000, 70900
2014-05-30, 10.7300, 10.7600, 10.3580, 10.5400, 103200
2014-06-02, 10.7000, 10.7180, 10.0300, 10.2400, 106100
2014-06-03, 10.0800, 10.3300, 9.9000, 10.0500, 89000
2014-06-04, 9.8700, 10.2500, 9.8500, 9.9500, 94700
2014-06-05, 9.9400, 10.5200, 9.8900, 10.3000, 123200
2014-06-06, 10.4700, 10.5200, 10.0300, 10.2700, 76400
2014-06-09, 10.3300, 10.8900, 10.3200, 10.7200, 103100
2014-06-10, 10.6800, 11.0700, 10.6300, 10.8900, 81800
2014-06-11, 10.7800, 11.4900, 10.6800, 11.4300, 136200
2014-06-12, 11.4300, 11.5975, 11.0100, 11.2600, 92800
2014-06-13, 11.3500, 11.5000, 10.9549, 11.4400, 96000
2014-06-16, 11.4800, 12.2800, 11.4800, 12.2700, 199100
2014-06-17, 12.5100, 12.6500, 11.9800, 12.0900, 219600
2014-06-18, 12.1600, 12.9400, 12.1000, 12.8500, 195700
2014-06-19, 12.9700, 13.3400, 12.5496, 12.9900, 375600
2014-06-20, 13.2100, 13.9100, 13.0200, 13.8300, 418600
2014-06-23, 13.9000, 13.9300, 13.5400, 13.7700, 245700
2014-06-24, 13.7900, 14.0500, 13.5801, 13.7400, 256900
2014-06-25, 13.5800, 13.9899, 13.5800, 13.8300, 192200
2014-06-26, 13.7900, 13.9500, 13.5500, 13.8700, 135700
2014-06-27, 13.7700, 13.8900, 13.4000, 13.5600, 1099800
2014-06-30, 13.5000, 13.8600, 13.1600, 13.4900, 202100
2014-07-01, 13.5800, 14.2000, 13.5200, 14.0600, 132500
2014-07-02, 14.0200, 14.7100, 13.7800, 14.0000, 161400
2014-07-03, 14.1200, 14.1690, 13.4945, 13.8100, 57700
2014-07-07, 13.5500, 13.5700, 11.5000, 11.5500, 608600
2014-07-08, 11.6200, 11.6700, 10.8000, 11.3000, 401900
2014-07-09, 11.2400, 11.3700, 10.7100, 11.2300, 289200
2014-07-10, 10.9200, 11.5900, 10.8000, 11.3000, 151400
2014-07-11, 11.2400, 11.3900, 10.9400, 11.1300, 122800
2014-07-14, 11.2300, 11.3800, 10.9000, 10.9700, 138000
2014-07-15, 11.0100, 11.1160, 10.2700, 10.4600, 203600
2014-07-16, 10.5000, 10.7100, 10.2500, 10.4300, 109200
2014-07-17, 10.4500, 10.5900, 10.0300, 10.0800, 273500
2014-07-18, 10.0700, 10.9900, 10.0400, 10.8600, 236600
2014-07-21, 10.7600, 11.0000, 10.5500, 10.9300, 109800
2014-07-22, 11.0000, 11.4500, 11.0000, 11.1600, 235900
2014-07-23, 11.2700, 11.3999, 10.9000, 10.9700, 117700
2014-07-24, 11.0000, 11.0900, 10.7100, 10.9400, 77500
2014-07-25, 10.8400, 10.9660, 10.6200, 10.6800, 153200
2014-07-28, 10.6400, 10.8180, 10.4600, 10.6600, 131300
2014-07-29, 10.7200, 11.1260, 10.7200, 10.8000, 100800
2014-07-30, 10.9700, 11.2320, 10.8100, 11.0000, 112100
2014-07-31, 10.8000, 10.9800, 10.4280, 10.5000, 124600
2014-08-01, 10.5000, 10.7000, 10.1787, 10.6400, 140900
2014-08-04, 10.6500, 10.9500, 10.4500, 10.9000, 110900
2014-08-05, 10.8000, 11.1000, 10.7900, 10.9400, 159000
2014-08-06, 10.8300, 11.0600, 10.7100, 10.7600, 114800
2014-08-07, 10.7800, 11.3100, 10.7600, 11.0200, 204700
2014-08-08, 11.0000, 12.2500, 11.0000, 12.1000, 247300
2014-08-11, 12.1500, 12.3500, 12.0000, 12.0200, 400300
2014-08-12, 11.8900, 12.1600, 11.5500, 11.8300, 144600
2014-08-13, 11.4000, 11.8000, 10.6700, 11.0800, 340400
2014-08-14, 11.0400, 11.4000, 10.8000, 11.2000, 165900
2014-08-15, 11.3200, 11.7800, 11.1300, 11.6200, 223300
2014-08-18, 11.7500, 12.2500, 11.6100, 12.1000, 332800
2014-08-19, 12.0700, 12.2400, 11.8900, 12.0100, 228800
2014-08-20, 11.9500, 12.0000, 11.1500, 11.6800, 283800
2014-08-21, 11.7000, 11.7800, 11.3800, 11.5300, 143000
2014-08-22, 11.5000, 11.6000, 11.1500, 11.4100, 179900
2014-08-25, 11.5300, 12.1000, 11.5300, 11.8900, 307700
2014-08-26, 12.1000, 12.4200, 11.8700, 12.3900, 504900
2014-08-27, 12.6000, 12.9800, 12.4100, 12.8100, 218400
2014-08-28, 12.6800, 12.9800, 12.5100, 12.8800, 211400
2014-08-29, 12.9300, 13.1100, 12.6700, 13.0900, 142000
2014-09-02, 13.2100, 13.2500, 12.8600, 13.0800, 139800
2014-09-03, 14.4500, 15.2400, 14.3000, 15.0100, 1824200
2014-09-04, 15.0900, 15.2000, 14.6300, 15.1500, 703200
2014-09-05, 15.0500, 15.1200, 14.7500, 14.9800, 242700
2014-09-08, 14.9500, 15.6900, 14.7953, 15.6200, 201900
2014-09-09, 15.8900, 16.3700, 15.5400, 16.2000, 528900
2014-09-10, 16.1000, 16.4800, 15.6800, 16.4200, 538900
2014-09-11, 16.3400, 17.0200, 15.9100, 16.9600, 359400
2014-09-12, 16.9000, 17.3900, 16.6300, 16.9000, 647600
2014-09-15, 16.7600, 16.9275, 16.0000, 16.7200, 389300
2014-09-16, 16.7500, 17.1600, 16.5000, 17.0300, 521100
2014-09-17, 17.0000, 18.2100, 16.9100, 17.9700, 824300
2014-09-18, 18.0000, 18.2400, 17.4400, 17.6700, 371900
2014-09-19, 17.8300, 18.1090, 17.1700, 17.7300, 405900
2014-09-22, 17.5400, 18.2300, 17.5000, 18.1000, 557200
2014-09-23, 18.0000, 18.9400, 18.0000, 18.4700, 594000
2014-09-24, 18.5000, 19.1800, 18.1901, 18.9800, 548411
2014-09-25, 18.8800, 19.6200, 18.6300, 19.4900, 562029
2014-09-26, 19.5200, 19.9300, 18.7824, 19.8500, 439090
2014-09-29, 19.5400, 20.4300, 19.5400, 19.9900, 784883
2014-09-30, 20.2900, 20.6200, 19.6500, 19.9500, 795708
2014-10-01, 20.0000, 21.1900, 19.9100, 20.8500, 774703
2014-10-02, 20.8000, 22.1000, 20.2600, 21.9500, 909353
2014-10-03, 22.3200, 23.1000, 21.7200, 22.9300, 661961
2014-10-06, 23.2700, 23.4300, 21.7700, 22.0500, 690230
2014-10-07, 22.3000, 23.1400, 21.8300, 22.3300, 794245
2014-10-08, 22.3100, 24.0000, 22.0900, 23.9800, 588067
2014-10-09, 24.0000, 24.4300, 23.3200, 23.7000, 532737
2014-10-10, 23.6000, 24.6000, 22.6900, 24.0000, 732827
2014-10-13, 24.0000, 25.2300, 23.1700, 24.3600, 905725
2014-10-14, 24.6700, 25.0200, 23.8400, 24.7100, 734732
2014-10-15, 24.6200, 24.6200, 23.0500, 23.6600, 928917
2014-10-16, 20.7600, 21.6700, 19.5500, 20.1100, 1925202
2014-10-17, 21.2300, 24.1100, 21.1000, 24.1100, 2288813
2014-10-20, 23.2200, 24.2500, 23.1343, 23.5500, 373720
2014-10-21, 23.7700, 24.1500, 23.6110, 23.8900, 461713
2014-10-22, 24.0600, 24.1000, 23.3600, 23.4100, 363987
2014-10-23, 23.4100, 24.2000, 23.4100, 23.9300, 421235
2014-10-24, 24.0200, 25.0600, 23.9900, 24.0200, 477761
2014-10-27, 23.9200, 24.2350, 23.1700, 24.0900, 307938
2014-10-28, 24.3000, 24.4800, 23.9600, 24.2800, 211789
2014-10-29, 24.2500, 24.4900, 23.7600, 24.2900, 275952
2014-10-30, 24.0800, 26.3400, 23.9900, 25.1900, 871910
2014-10-31, 25.7500, 25.8850, 23.2100, 23.9000, 1127722
2014-11-03, 23.9400, 24.5000, 23.1200, 23.4900, 330705
2014-11-04, 24.0000, 24.6200, 23.3500, 23.7100, 403055
2014-11-05, 25.4000, 25.5000, 23.4500, 23.9500, 342473
2014-11-06, 23.9100, 24.0700, 23.5800, 23.8500, 204600
2014-11-07, 23.7100, 24.5400, 23.0000, 23.9200, 364727
2014-11-10, 23.8000, 24.0000, 23.2620, 23.8800, 411391
2014-11-11, 23.8000, 23.8100, 22.2100, 22.8500, 469747
2014-11-12, 22.7500, 24.4300, 22.6000, 24.1000, 389467
2014-11-13, 24.0000, 24.1100, 23.0250, 23.2200, 434550
2014-11-14, 23.1400, 23.1400, 22.5000, 22.6100, 253019
2014-11-17, 22.4900, 23.4800, 22.3000, 22.6900, 264236
2014-11-18, 22.6900, 23.6900, 22.4240, 23.2800, 263104
2014-11-19, 23.3000, 23.4100, 21.8300, 22.0400, 339784
2014-11-20, 22.0800, 22.8800, 21.8700, 22.3800, 302109
2014-11-21, 22.6500, 22.6500, 21.6500, 22.0900, 339750
2014-11-24, 25.0000, 25.4000, 23.8600, 24.4900, 2531397
2014-11-25, 24.5000, 24.7800, 23.5400, 24.0400, 959202
2014-11-26, 24.0700, 25.8670, 24.0700, 25.8000, 544429
2014-11-28, 25.9000, 27.1700, 25.8260, 26.4000, 337161
2014-12-01, 26.4000, 26.4200, 24.8800, 25.1200, 420011
2014-12-02, 25.2100, 27.3500, 25.2100, 27.3100, 530765
2014-12-03, 27.3100, 27.7500, 26.5100, 27.4800, 434969
2014-12-04, 27.5400, 27.8000, 27.0600, 27.2300, 389743
2014-12-05, 27.3600, 28.2200, 27.3000, 27.7900, 341275
2014-12-08, 28.5000, 31.4300, 28.1200, 30.2400, 1330477
2014-12-09, 29.7200, 31.6800, 29.6700, 30.9600, 795155
2014-12-10, 31.1800, 32.9300, 30.3201, 31.5500, 655410
2014-12-11, 31.6000, 32.8000, 30.5300, 31.9600, 546565
2014-12-12, 31.6900, 32.5700, 31.4700, 31.5700, 355478
2014-12-15, 32.0600, 32.0600, 29.1100, 29.3200, 665613
2014-12-16, 29.2800, 30.2500, 28.5100, 30.0200, 508558
2014-12-17, 29.8000, 33.2200, 29.7300, 33.1900, 650518
2014-12-18, 38.5200, 39.5000, 37.4500, 38.0000, 1609737
2014-12-19, 37.3700, 37.8498, 36.0600, 37.4800, 3231913
2014-12-22, 37.4700, 38.7300, 36.9000, 38.5700, 510869
2014-12-23, 38.5100, 38.8300, 37.8900, 38.3300, 549317
2014-12-24, 38.3000, 39.4400, 37.9600, 38.8600, 256580
2014-12-26, 39.2200, 39.7300, 38.5000, 39.6700, 241726
2014-12-29, 39.8900, 40.8100, 38.9900, 40.2200, 371790
2014-12-30, 40.7000, 41.8300, 39.6300, 39.9900, 266086
2014-12-31, 39.9300, 41.1332, 39.6200, 39.7100, 325907
2015-01-02, 40.0000, 40.4800, 38.1500, 39.7200, 308392
2015-01-05, 39.5200, 41.1200, 39.0860, 39.5100, 353318
2015-01-06, 38.6800, 39.9000, 36.5000, 37.9300, 374002
2015-01-07, 37.9800, 40.3100, 37.9800, 39.9400, 291648
2015-01-08, 40.3700, 40.7400, 39.2900, 39.9400, 310178
2015-01-09, 39.7400, 44.5500, 39.4400, 43.2600, 764524
2015-01-12, 43.4800, 43.4800, 38.8400, 39.2700, 611642
2015-01-13, 39.5200, 41.2636, 38.7610, 39.4600, 400359
2015-01-14, 39.0000, 40.0700, 38.7400, 38.8600, 381223
2015-01-15, 38.8000, 39.2700, 36.0200, 36.1200, 435713
2015-01-16, 36.0100, 37.1600, 35.4200, 37.0200, 733693
2015-01-20, 37.2200, 38.2799, 35.7600, 36.6000, 644860
2015-01-21, 36.4700, 37.4800, 34.2400, 34.4100, 462932
2015-01-22, 34.5000, 35.5000, 33.2600, 34.8400, 455595
2015-01-23, 34.7500, 35.1100, 33.1300, 33.6100, 404305
2015-01-26, 33.2100, 36.4100, 32.6200, 36.4100, 637432
2015-01-27, 35.3100, 36.4200, 35.0000, 36.4000, 470139
2015-01-28, 36.6400, 37.7417, 35.5101, 36.3500, 563455
2015-01-29, 36.2800, 38.1700, 35.3200, 38.0700, 547642
2015-01-30, 37.7600, 38.7468, 35.8800, 36.3600, 522046
2015-02-02, 36.4000, 36.6400, 34.5100, 35.2000, 337722
2015-02-03, 35.1900, 35.5000, 33.3200, 34.2800, 452434
2015-02-04, 33.9400, 35.6699, 32.8400, 34.9100, 431009
2015-02-05, 35.0100, 35.2600, 33.2500, 34.1800, 541095
2015-02-06, 34.0500, 35.1200, 33.5370, 33.7800, 311092
2015-02-09, 33.7800, 34.3900, 33.1200, 33.2100, 142083
2015-02-10, 33.9000, 35.6100, 33.9000, 35.3200, 313683
2015-02-11, 35.2500, 35.9400, 34.9000, 35.2400, 370983
2015-02-12, 35.3600, 37.6500, 34.9300, 35.9100, 340772
2015-02-13, 35.9500, 36.4950, 34.5600, 35.1800, 158663
2015-02-17, 35.0800, 35.9050, 34.9900, 35.2200, 143544
2015-02-18, 35.2500, 36.7300, 34.6901, 36.5000, 216465
2015-02-19, 39.8700, 40.8400, 38.2500, 38.5400, 942955
2015-02-20, 39.0500, 41.7500, 38.3000, 41.6600, 838088
2015-02-23, 41.7100, 42.8400, 41.0200, 42.7000, 917715
2015-02-24, 42.3000, 42.7000, 40.5300, 41.7000, 534628
2015-02-25, 41.6800, 42.4600, 41.1500, 42.2300, 352210
2015-02-26, 42.1500, 42.8399, 41.4900, 42.2000, 298614
2015-02-27, 43.7300, 43.9600, 38.6400, 39.4600, 614352
2015-03-02, 39.3900, 40.1250, 38.8000, 39.9400, 303923
2015-03-03, 39.6400, 39.7200, 38.5700, 39.3200, 235767
2015-03-04, 39.1800, 39.1800, 37.7500, 38.5000, 385507
2015-03-05, 40.7600, 41.2700, 38.5900, 38.8900, 504732
2015-03-06, 39.2200, 39.2500, 36.1900, 37.0900, 882643
2015-03-09, 36.9900, 37.7600, 35.1000, 36.0000, 719078
2015-03-10, 34.9700, 35.7600, 34.0601, 35.4100, 746329
2015-03-11, 35.3800, 36.5599, 34.5900, 36.1400, 794138
2015-03-12, 35.5700, 36.7300, 35.1100, 36.6100, 2647175
2015-03-13, 36.7500, 39.6500, 36.6800, 38.1600, 1400459
2015-03-16, 38.6600, 40.7300, 38.6300, 39.5600, 932418
2015-03-17, 39.4900, 40.3000, 38.8200, 40.2300, 570564
2015-03-18, 39.9800, 40.7799, 37.8500, 38.9100, 766066
2015-03-19, 39.1700, 40.9800, 38.7400, 40.9600, 928682
2015-03-20, 41.4500, 41.5500, 38.3150, 39.2000, 947642
2015-03-23, 39.4300, 39.5500, 36.2400, 37.0800, 829224
2015-03-24, 36.1300, 37.8300, 36.1300, 37.0800, 973571
2015-03-25, 37.1700, 37.6580, 34.1050, 34.2200, 996323
2015-03-26, 33.7300, 36.0000, 32.4000, 35.3800, 1109254
2015-03-27, 35.5800, 36.9000, 35.4200, 36.1500, 1031555
2015-03-30, 36.9900, 38.5000, 36.9900, 37.9800, 630905
2015-03-31, 37.9800, 38.1700, 36.3500, 36.6400, 861657
2015-04-01, 36.7000, 37.1200, 34.7200, 36.7000, 601262
2015-04-02, 36.8400, 37.0700, 35.8800, 36.9900, 419373
2015-04-06, 36.5700, 37.8500, 35.5100, 35.7800, 533151
2015-04-07, 35.7900, 37.5300, 35.7900, 36.1000, 748878
2015-04-08, 36.2200, 37.7370, 36.0700, 36.7300, 406755
2015-04-09, 36.8200, 37.6000, 35.4500, 36.6200, 296604
2015-04-10, 36.8700, 38.6200, 36.6900, 37.6200, 524021
2015-04-13, 37.8100, 39.0000, 37.5400, 38.1400, 449176
2015-04-14, 38.1900, 38.8000, 37.0200, 38.0300, 373861
2015-04-15, 38.1300, 39.2300, 37.3000, 39.0700, 453343
2015-04-16, 38.9000, 39.5700, 38.5100, 39.4600, 510058
2015-04-17, 39.0800, 40.0100, 38.7500, 39.9400, 431254
2015-04-20, 39.9900, 40.1500, 38.9280, 39.5500, 337921
2015-04-21, 39.5500, 40.5400, 39.1500, 40.4600, 353147
2015-04-22, 40.6300, 41.2000, 39.6500, 39.9600, 233117
2015-04-23, 39.7700, 40.7500, 39.3800, 40.7000, 180965
2015-04-24, 40.6800, 40.9800, 39.7600, 40.0300, 317695
2015-04-27, 41.0300, 42.2900, 37.4390, 37.7400, 666234
2015-04-28, 38.3600, 39.1299, 36.5800, 38.0000, 483146
2015-04-29, 37.5500, 38.8100, 36.1489, 36.7500, 376354
2015-04-30, 36.4100, 37.0600, 34.6800, 35.2800, 696394
2015-05-01, 35.5000, 37.1200, 35.4400, 36.8900, 378033
2015-05-04, 37.0700, 37.9800, 36.2600, 37.1900, 336448
2015-05-05, 37.1700, 37.6900, 35.1800, 35.7800, 728079
2015-05-06, 36.1100, 36.9400, 35.5100, 36.8900, 534619
2015-05-07, 36.0800, 39.3900, 35.2850, 38.8500, 654069
2015-05-08, 39.6000, 40.9500, 38.4800, 40.5000, 677809
2015-05-11, 40.8500, 42.6200, 40.3300, 41.6600, 735515
2015-05-12, 41.5600, 41.5600, 39.7100, 40.6100, 456903
2015-05-13, 40.8800, 41.2100, 39.0100, 39.4800, 282678
2015-05-14, 39.4800, 40.5100, 38.0300, 40.0300, 413292
2015-05-15, 39.9800, 40.1900, 39.1000, 39.9800, 305641
2015-05-18, 40.0900, 41.8000, 39.8200, 41.0000, 630474
2015-05-19, 41.2000, 41.6500, 40.3600, 40.4900, 397978
2015-05-20, 40.4500, 46.4600, 39.8900, 45.3300, 1337824
2015-05-21, 45.3800, 45.8147, 43.7600, 44.1200, 732984
2015-05-22, 44.1900, 44.6400, 41.9600, 42.9400, 571620
2015-05-26, 42.9400, 43.3200, 41.6037, 42.6900, 372545
2015-05-27, 42.9300, 44.4500, 42.6500, 44.3000, 364330
2015-05-28, 44.0000, 45.0499, 41.7300, 42.3700, 484798
2015-05-29, 42.4600, 43.5400, 41.2300, 42.8800, 434701
2015-06-01, 43.5200, 43.5200, 41.0000, 41.6600, 370128
2015-06-02, 41.4300, 42.3500, 40.5500, 42.0200, 384201
2015-06-03, 41.9800, 42.5300, 41.5000, 42.2600, 260246
2015-06-04, 41.6900, 42.3700, 40.1200, 41.5300, 357056
2015-06-05, 41.5000, 42.8300, 40.4200, 42.7300, 301989
2015-06-08, 42.6000, 43.8400, 42.4500, 43.1900, 612960
2015-06-09, 42.7100, 42.9000, 41.4500, 42.2600, 361612
2015-06-10, 42.2600, 43.3200, 41.2200, 42.2600, 346720
2015-06-11, 42.2600, 43.3400, 42.0600, 42.6400, 265796
2015-06-12, 42.3300, 42.3300, 41.0500, 41.5600, 387497
2015-06-15, 41.2900, 43.0800, 40.6300, 42.8900, 380739
2015-06-16, 42.9700, 43.1500, 41.6000, 42.6400, 271645
2015-06-17, 42.7800, 43.7200, 42.3900, 43.5800, 267340
2015-06-18, 43.9700, 46.0900, 43.2600, 45.1900, 606537
2015-06-19, 45.2400, 46.0200, 43.2850, 45.0600, 845874
2015-06-22, 45.5000, 45.8600, 44.4500, 45.8600, 480406
2015-06-23, 46.0100, 48.6799, 46.0000, 46.9900, 1080343
2015-06-24, 46.7300, 47.1000, 44.6900, 45.1900, 374806
2015-06-25, 45.2500, 47.5200, 43.5600, 46.7900, 608019
2015-06-26, 47.0800, 47.0900, 43.8200, 45.0000, 885282
2015-06-29, 44.1900, 44.9800, 41.8300, 43.1700, 640554
2015-06-30, 43.9700, 48.0340, 43.8300, 47.4400, 675065
2015-07-01, 47.9400, 48.9900, 47.2010, 47.8800, 607566
2015-07-02, 47.9400, 49.0000, 46.4200, 47.8800, 339255
2015-07-06, 47.3400, 48.7500, 46.6300, 48.2300, 509316
2015-07-07, 48.5000, 48.5000, 46.5800, 48.1900, 350525
2015-07-08, 47.6200, 48.8600, 46.1300, 46.6400, 292375
2015-07-09, 47.0500, 48.3360, 46.5600, 46.6700, 254992
2015-07-10, 47.7700, 49.4500, 47.0340, 48.7600, 340240
2015-07-13, 49.5900, 49.5900, 48.3400, 48.8300, 326195
2015-07-14, 48.9100, 49.1435, 48.3100, 48.9100, 278165
2015-07-15, 49.2600, 52.9000, 48.2600, 50.4900, 814873
2015-07-16, 50.7600, 52.5300, 50.6035, 51.8900, 371932
2015-07-17, 51.7100, 52.4005, 51.2000, 51.7500, 338341
2015-07-20, 52.0600, 52.5976, 50.1300, 51.2700, 338972
2015-07-21, 51.1000, 51.5300, 49.1800, 51.2800, 302961
2015-07-22, 51.0200, 51.3700, 49.9800, 50.4300, 239632
2015-07-23, 50.3600, 51.4054, 49.7500, 49.9450, 195173
2015-07-24, 49.6400, 50.1600, 47.6700, 48.0300, 357689
2015-07-27, 47.6300, 49.1100, 45.8000, 48.7200, 350447
2015-07-28, 48.7500, 49.8000, 46.7200, 48.3500, 260923
2015-07-29, 48.4100, 48.6500, 46.3200, 46.4800, 337887
2015-07-30, 46.4300, 47.9500, 44.6600, 47.7100, 723188
2015-07-31, 48.2000, 48.9899, 47.1300, 47.5500, 322498
2015-08-03, 48.0000, 48.9700, 46.2901, 47.6200, 321440
2015-08-04, 47.7600, 48.2600, 46.6600, 46.8900, 263483
2015-08-05, 47.6000, 47.6000, 44.6501, 46.5000, 795366
2015-08-06, 48.2900, 48.3000, 41.0799, 41.8500, 1027472
2015-08-07, 42.1500, 43.4800, 40.5000, 42.8600, 571406
2015-08-10, 42.8600, 45.6500, 42.3500, 44.8200, 660996
2015-08-11, 43.8300, 44.9900, 42.3300, 44.0100, 506094
2015-08-12, 43.6000, 45.3100, 42.3500, 44.8300, 536178
2015-08-13, 45.0000, 45.5400, 42.9801, 43.4000, 307780
2015-08-14, 43.3900, 43.4900, 41.6500, 43.3100, 301778
2015-08-17, 43.5000, 44.7250, 43.1700, 44.3200, 318829
2015-08-18, 44.2300, 45.0000, 42.0000, 42.4500, 295571
2015-08-19, 41.9000, 44.4300, 41.9000, 43.5900, 322115
2015-08-20, 43.0000, 43.8100, 41.5000, 41.6400, 414806
2015-08-21, 40.2700, 42.5900, 39.4500, 41.0900, 581075
2015-08-24, 39.3900, 41.1950, 27.0000, 38.2900, 800295
2015-08-25, 39.0000, 40.5100, 38.3400, 38.5500, 544720
2015-08-26, 39.8300, 40.0000, 37.0200, 39.7700, 515415
2015-08-27, 40.1700, 40.9600, 39.3500, 40.4900, 391676
2015-08-28, 41.7900, 44.4800, 41.7900, 43.9700, 953343
2015-08-31, 43.7800, 43.9600, 42.2000, 43.4100, 508289
2015-09-01, 42.0200, 43.3800, 40.5100, 40.9500, 497981
2015-09-02, 41.9100, 43.8300, 40.7000, 43.8100, 338954
2015-09-03, 45.0000, 46.2500, 42.3000, 42.9000, 1345343
2015-09-04, 42.0000, 43.5800, 41.6100, 43.2500, 273650
2015-09-08, 43.4900, 45.0000, 43.2500, 44.7800, 3370115
2015-09-09, 9.6400, 10.2400, 9.0000, 9.4900, 23468076
2015-09-10, 9.5800, 9.6200, 8.3100, 8.3600, 6552554
2015-09-11, 8.4800, 9.5000, 8.4301, 8.6900, 6036534
2015-09-14, 8.8300, 9.6400, 8.7000, 9.5000, 4257374
2015-09-15, 9.5000, 10.8000, 9.3400, 10.4200, 7194572
2015-09-16, 10.3900, 10.6700, 9.7000, 9.9700, 3906046
2015-09-17, 9.9200, 10.9700, 9.8900, 10.7900, 3075442
2015-09-18, 10.6500, 12.8400, 10.5900, 12.5400, 10367200
2015-09-21, 12.5000, 12.5400, 10.7500, 10.8500, 4945908
2015-09-22, 10.7200, 11.2900, 10.4600, 10.8700, 2393620
2015-09-23, 10.8300, 11.1500, 10.3635, 10.5800, 1491480
2015-09-24, 10.4300, 10.4900, 9.5201, 9.6700, 1805769
2015-09-25, 10.0100, 10.0200, 8.8400, 8.9600, 1955469
2015-09-28, 8.8300, 9.0000, 7.5000, 7.7700, 2974487
2015-09-29, 7.9300, 8.2600, 7.3200, 7.5100, 2209595
2015-09-30, 7.6500, 7.9600, 7.2400, 7.4600, 2746513
2015-10-01, 7.5000, 7.8300, 7.2000, 7.8100, 2006484
2015-10-02, 7.6400, 8.6500, 7.5800, 8.4700, 1813551
2015-10-05, 8.7000, 8.8720, 8.0400, 8.6200, 1124199
2015-10-06, 8.6200, 8.6300, 7.9600, 8.3300, 1364537
2015-10-07, 8.3900, 9.6600, 8.2800, 9.2900, 1982530
2015-10-08, 9.1800, 9.3900, 8.6900, 9.3000, 1001046
2015-10-09, 9.2900, 9.6200, 9.0500, 9.3800, 1008076
2015-10-12, 9.2800, 9.4000, 8.6000, 8.7100, 831429
2015-10-13, 8.5700, 8.8200, 8.0500, 8.1800, 1107848
2015-10-14, 8.2100, 8.6500, 8.1712, 8.3100, 1196322
2015-10-15, 8.2500, 8.8500, 8.2500, 8.8400, 879158
2015-10-16, 8.8500, 9.0000, 8.4400, 8.8400, 1167370
2015-10-19, 8.8500, 9.5500, 8.6300, 9.2300, 1209444
2015-10-20, 9.1700, 9.1900, 8.7000, 8.9300, 787105
2015-10-21, 8.9900, 9.1500, 8.5400, 8.8100, 861597
2015-10-22, 8.7600, 9.0500, 8.2600, 8.5700, 940413
2015-10-23, 8.6600, 9.0200, 8.5100, 8.8200, 778667
2015-10-26, 8.7400, 8.8900, 8.4100, 8.6100, 722942
2015-10-27, 8.5100, 8.8400, 8.5100, 8.8200, 923180
2015-10-28, 8.9000, 9.2500, 8.6000, 9.2400, 1202020
2015-10-29, 9.1400, 9.5300, 8.8100, 9.0100, 1012205
2015-10-30, 9.0300, 9.1900, 8.8600, 9.0300, 666181
2015-11-02, 9.1200, 9.9700, 9.0400, 9.9700, 1187026
2015-11-03, 9.9700, 12.3900, 9.9000, 11.1800, 4636071
2015-11-04, 11.1300, 11.4600, 10.6300, 10.8100, 1499428
2015-11-05, 10.8100, 11.3800, 10.5301, 11.0700, 1101255
2015-11-06, 11.1000, 11.3200, 10.8600, 11.0500, 968482
2015-11-09, 11.0500, 11.5500, 10.9700, 11.4100, 600139
2015-11-10, 11.3500, 11.4900, 10.7800, 11.2800, 647345
2015-11-11, 11.2800, 11.3001, 10.8701, 10.9800, 540226
2015-11-12, 10.9000, 11.3775, 10.6700, 10.8600, 802678
2015-11-13, 10.8000, 11.0937, 10.5300, 10.9400, 865714
2015-11-16, 10.9700, 11.2396, 10.7200, 11.1300, 821280
2015-11-17, 11.1800, 11.4700, 9.5000, 11.0500, 1437033
2015-11-18, 11.0600, 11.1000, 10.1700, 10.7600, 896046
2015-11-19, 11.8400, 12.4499, 11.2300, 11.4100, 1994244
2015-11-20, 11.4000, 11.6700, 10.9900, 11.1600, 992691
2015-11-23, 11.1300, 11.6100, 11.0000, 11.1700, 603735
2015-11-24, 11.2500, 11.3500, 10.6200, 11.0000, 686317
2015-11-25, 10.9500, 11.2200, 10.9500, 11.1000, 372510
2015-11-27, 11.1500, 11.1500, 10.2100, 10.7000, 718681
2015-11-30, 10.7700, 10.8900, 10.3100, 10.7300, 598715
2015-12-01, 10.7400, 11.1400, 10.3800, 11.1200, 731205
2015-12-02, 11.1200, 11.8100, 10.8900, 11.2900, 1304966
2015-12-03, 11.3800, 11.4890, 10.6300, 10.8400, 607538
2015-12-04, 10.8300, 11.0800, 10.5100, 10.7200, 510845
2015-12-07, 10.7500, 10.9200, 9.8600, 10.1100, 907766
2015-12-08, 9.9200, 10.8200, 9.9200, 10.6800, 639416
2015-12-09, 10.5500, 10.7800, 10.1640, 10.4300, 515946
2015-12-10, 10.3800, 10.6300, 10.0000, 10.5100, 768778
2015-12-11, 10.2700, 10.4200, 9.7100, 9.8000, 586440
2015-12-14, 9.8200, 10.0800, 9.2300, 9.3100, 881752
2015-12-15, 9.2900, 9.7400, 9.2800, 9.3700, 884173
2015-12-16, 9.4100, 10.0800, 9.2200, 9.9700, 997351
2015-12-17, 9.9000, 10.0200, 9.2900, 9.6500, 1067022
2015-12-18, 9.5900, 10.3200, 9.5900, 9.9800, 4190119
2015-12-21, 10.0100, 10.4950, 9.7600, 10.4700, 739299
2015-12-22, 10.5800, 10.6100, 9.7600, 9.9200, 776704
2015-12-23, 9.9600, 10.4900, 9.9100, 10.3400, 417452
2015-12-24, 10.3700, 10.7900, 10.2800, 10.3000, 236571
2015-12-28, 10.2700, 10.4700, 10.0000, 10.2900, 279800
2015-12-29, 10.3700, 10.4900, 10.1728, 10.3300, 352494
2015-12-30, 10.2900, 10.4300, 10.0100, 10.1100, 560049
2015-12-31, 10.0800, 10.3058, 9.8600, 10.0300, 444561
2016-01-04, 9.7400, 9.9800, 9.5600, 9.6800, 644753
2016-01-05, 9.6600, 9.6800, 8.6300, 8.7200, 1144761
2016-01-06, 8.6300, 8.6900, 7.9500, 8.4700, 1095979
2016-01-07, 8.2000, 8.3200, 7.4700, 7.5500, 910874
2016-01-08, 7.6100, 7.8300, 7.0100, 7.1500, 969502
2016-01-11, 7.2000, 7.3200, 5.8900, 6.1000, 2380523
2016-01-12, 6.1300, 6.4200, 5.8100, 6.0900, 833150
2016-01-13, 6.1400, 6.2600, 5.5100, 5.5300, 924751
2016-01-14, 5.5600, 6.2000, 5.2100, 6.0000, 1374308
2016-01-15, 5.7100, 5.7100, 5.3500, 5.6900, 924756
2016-01-19, 5.6000, 5.7800, 4.9100, 5.2100, 1339497
2016-01-20, 5.0300, 5.4700, 4.7000, 5.2700, 1908081
2016-01-21, 5.3500, 5.6800, 5.2200, 5.4800, 916021
2016-01-22, 5.6800, 6.0200, 5.6300, 5.9700, 837222
2016-01-25, 5.9300, 6.0752, 5.3500, 5.4300, 870221
2016-01-26, 5.6400, 5.8400, 5.1700, 5.7600, 811691
2016-01-27, 5.7400, 5.7400, 5.1801, 5.3600, 848107
2016-01-28, 5.5500, 5.5600, 5.1000, 5.2000, 357810
2016-01-29, 5.4000, 5.5100, 5.1500, 5.4400, 671039
2016-02-01, 5.3700, 5.4700, 5.1600, 5.3100, 536899
2016-02-02, 5.1600, 5.2800, 5.0500, 5.1600, 437539
2016-02-03, 5.2000, 5.3200, 4.8500, 5.1000, 498566
2016-02-04, 4.9800, 5.4400, 4.8750, 4.9900, 960061
2016-02-05, 4.9700, 5.0100, 4.7400, 4.7500, 1097145
2016-02-08, 4.6700, 4.7000, 4.3400, 4.4800, 1222628
2016-02-09, 4.3900, 4.9100, 4.1300, 4.5200, 1075654
2016-02-10, 4.6300, 4.7600, 4.3701, 4.3900, 613856
2016-02-11, 4.2800, 4.4300, 4.1500, 4.2500, 647531
2016-02-12, 4.3100, 4.4200, 4.1000, 4.2300, 673277
2016-02-16, 4.3200, 4.3587, 4.0450, 4.0900, 3068279
2016-02-17, 4.1600, 4.7920, 4.1500, 4.6700, 1831212
2016-02-18, 4.6800, 4.7299, 4.3500, 4.3900, 426861
2016-02-19, 4.3500, 4.8500, 4.2600, 4.8100, 884438
2016-02-22, 4.8900, 5.1500, 4.4600, 4.7000, 1339367
2016-02-23, 5.0600, 5.2489, 4.7000, 4.8000, 1307598
2016-02-24, 4.3700, 4.4900, 3.6800, 4.3300, 2234604
2016-02-25, 4.3800, 4.6000, 4.1630, 4.4600, 1863460
2016-02-26, 4.5800, 4.5800, 4.3200, 4.3400, 838270
2016-02-29, 4.3500, 4.4000, 3.9600, 4.0400, 1164234
2016-03-01, 4.1300, 4.2600, 3.9100, 4.1400, 997353
2016-03-02, 4.1600, 4.4700, 4.0800, 4.3400, 1201027
2016-03-03, 4.2900, 4.4200, 4.2000, 4.2200, 804378
2016-03-04, 4.2500, 4.4500, 4.1700, 4.3500, 831073
2016-03-07, 4.2900, 4.8300, 4.2500, 4.7500, 922423
2016-03-08, 4.7000, 4.7100, 4.4700, 4.4900, 799218
2016-03-09, 4.5400, 4.5700, 4.2200, 4.3900, 624851
2016-03-10, 4.3900, 4.6400, 4.1300, 4.1900, 578752
2016-03-11, 4.2200, 4.4500, 4.1200, 4.3400, 771517
2016-03-14, 4.2500, 4.5200, 4.2300, 4.3800, 889280
2016-03-15, 4.3400, 4.3600, 3.9400, 3.9800, 995563
2016-03-16, 3.9800, 4.1000, 3.7000, 3.7900, 982823
2016-03-17, 3.8000, 3.9300, 3.4800, 3.6000, 1179238
2016-03-18, 3.6200, 4.0900, 3.5100, 4.0300, 3382939
2016-03-21, 4.0000, 4.2899, 3.9778, 4.1000, 803615
2016-03-22, 4.0800, 4.3600, 4.0500, 4.2600, 558363
2016-03-23, 4.2200, 4.3000, 3.8600, 3.8900, 798324
2016-03-24, 3.8400, 4.3200, 3.7200, 4.1100, 1407654
2016-03-28, 4.1200, 4.2299, 3.9700, 4.0900, 718019
2016-03-29, 4.0400, 4.3500, 3.8600, 4.2700, 716951
2016-03-30, 4.3300, 4.4900, 4.2800, 4.3800, 429926
2016-03-31, 4.3100, 4.7803, 4.2300, 4.6300, 782621
2016-04-01, 4.5500, 4.8300, 4.4100, 4.7400, 844182
2016-04-04, 4.7600, 4.9040, 4.6600, 4.8000, 843931
2016-04-05, 4.7500, 4.7700, 4.5700, 4.7600, 545254
2016-04-06, 4.7800, 5.3900, 4.7600, 5.2800, 878188
2016-04-07, 5.2200, 6.1300, 5.1700, 5.8400, 2052431
2016-04-08, 5.9500, 6.0992, 5.0000, 5.0600, 1766909
2016-04-11, 5.2600, 5.3592, 4.7100, 4.7900, 966717
2016-04-12, 4.7900, 4.7900, 4.3300, 4.7100, 990106
2016-04-13, 4.7500, 5.4400, 4.7300, 5.2800, 1378839
2016-04-14, 5.2800, 5.5399, 5.1300, 5.3200, 913204
2016-04-15, 5.2900, 5.4100, 5.1200, 5.3500, 655054
2016-04-18, 5.3600, 5.7400, 5.2700, 5.5300, 633565
2016-04-19, 5.5100, 5.6200, 5.3100, 5.4700, 423039
2016-04-20, 5.5100, 5.6300, 5.4300, 5.5400, 298529
2016-04-21, 5.5000, 5.9400, 5.4500, 5.8500, 694464
2016-04-22, 5.7700, 5.9700, 5.7300, 5.8900, 419686
2016-04-25, 5.9000, 6.2800, 5.8300, 5.9100, 543933
2016-04-26, 5.9200, 6.1499, 5.4000, 5.5100, 634538
2016-04-27, 5.5000, 5.5800, 5.4001, 5.4800, 269743
2016-04-28, 5.4700, 5.8410, 5.4200, 5.6500, 520585
2016-04-29, 5.6500, 5.8100, 5.4050, 5.6000, 598295
2016-05-02, 5.6000, 5.6300, 5.4700, 5.5500, 412112
2016-05-03, 5.4900, 5.6600, 5.4100, 5.4500, 601233
2016-05-04, 5.4000, 5.4950, 4.8600, 4.8600, 774126
2016-05-05, 5.0100, 5.0100, 4.3300, 4.3500, 745220
2016-05-06, 4.3300, 4.5200, 4.1000, 4.2400, 1074503
2016-05-09, 4.2400, 4.7500, 4.1601, 4.5400, 656141
2016-05-10, 4.5400, 4.7300, 4.3200, 4.6300, 530778
2016-05-11, 4.6000, 4.7700, 4.5100, 4.5300, 366124
2016-05-12, 4.5900, 4.5900, 4.1402, 4.1900, 589279
2016-05-13, 3.3100, 3.6500, 3.1200, 3.4700, 2193018
2016-05-16, 3.5300, 3.9000, 3.5100, 3.9000, 1008867
2016-05-17, 3.8900, 3.9500, 3.7000, 3.7400, 844528
2016-05-18, 3.7200, 3.8700, 3.6500, 3.7100, 607753
2016-05-19, 3.6800, 3.7500, 3.4837, 3.6500, 600936
2016-05-20, 3.6700, 4.1800, 3.6100, 4.0000, 899691
2016-05-23, 3.9800, 4.1800, 3.9500, 4.0800, 303462
2016-05-24, 4.1500, 4.3100, 4.1500, 4.2800, 571670
2016-05-25, 4.3400, 4.4900, 4.3200, 4.3500, 693435
2016-05-26, 4.3500, 4.3900, 4.2400, 4.2700, 349564
2016-05-27, 4.3100, 4.4900, 4.2100, 4.4400, 249993
2016-05-31, 4.4900, 4.7800, 4.3800, 4.4500, 1096652
2016-06-01, 4.4900, 4.5400, 4.3600, 4.4600, 483873
2016-06-02, 4.4100, 4.6100, 4.3800, 4.5500, 471572
2016-06-03, 4.5600, 4.6200, 4.3200, 4.3800, 434083
2016-06-06, 4.3900, 4.5200, 4.2800, 4.4800, 399549
2016-06-07, 4.4800, 4.5500, 4.3500, 4.3600, 362959
2016-06-08, 4.3900, 4.3900, 4.1900, 4.2700, 387106
2016-06-09, 4.2500, 4.3300, 4.0850, 4.1100, 454413
2016-06-10, 4.0400, 4.0950, 3.8500, 3.9400, 440578
2016-06-13, 3.8500, 4.0400, 3.8100, 3.8700, 473607
2016-06-14, 3.7400, 3.9800, 3.6150, 3.7500, 417588
2016-06-15, 3.7900, 3.9600, 3.7600, 3.7900, 401633
2016-06-16, 3.7600, 4.0600, 3.7150, 3.9800, 590796
2016-06-17, 4.0000, 4.1600, 3.8400, 3.8900, 734830
2016-06-20, 3.9600, 4.0800, 3.8800, 3.9400, 384771
2016-06-21, 3.9500, 3.9800, 3.6800, 3.9200, 802288
2016-06-22, 3.9200, 4.0800, 3.7600, 3.9600, 791908
2016-06-23, 4.0000, 4.1100, 3.9500, 4.0900, 498298
2016-06-24, 3.8500, 4.0600, 3.8100, 4.0200, 1676532
2016-06-27, 3.9900, 3.9900, 3.7450, 3.8200, 785976
2016-06-28, 3.8600, 4.1800, 3.8400, 3.9500, 651986
2016-06-29, 4.0300, 4.3600, 3.9400, 4.3100, 1238277
2016-06-30, 4.3600, 4.4500, 4.2100, 4.3000, 557645
2016-07-01, 4.3400, 4.4400, 4.2800, 4.3700, 396961
2016-07-05, 4.3300, 4.3600, 4.1850, 4.3200, 512836
2016-07-06, 4.2600, 4.4900, 4.2500, 4.3600, 688609
2016-07-07, 4.2400, 4.4900, 4.2200, 4.3800, 299880
2016-07-08, 4.4200, 4.5400, 4.3400, 4.4900, 474959
2016-07-11, 4.5000, 4.5500, 4.4100, 4.4100, 480382
2016-07-12, 4.4700, 4.6500, 4.4200, 4.4400, 427017
2016-07-13, 4.4700, 4.4700, 4.2300, 4.2400, 335043
2016-07-14, 4.2800, 4.2800, 4.1501, 4.2000, 394731
2016-07-15, 4.2000, 4.4500, 4.1900, 4.3700, 329040
2016-07-18, 4.3800, 4.4400, 4.3400, 4.3600, 411561
2016-07-19, 4.3400, 4.4100, 4.1050, 4.1100, 270051
2016-07-20, 4.1200, 4.2600, 4.0900, 4.1900, 294839
2016-07-21, 4.2000, 4.3300, 4.0300, 4.0500, 335881
2016-07-22, 4.0500, 4.2200, 4.0210, 4.0800, 330508
2016-07-25, 4.0800, 4.2300, 3.9775, 4.1600, 613697
2016-07-26, 4.2000, 4.2767, 4.1000, 4.1600, 304070
2016-07-27, 4.1800, 4.2500, 4.1200, 4.2200, 288733
2016-07-28, 4.2100, 4.3300, 4.0700, 4.0800, 236373
2016-07-29, 4.1000, 4.1600, 4.0100, 4.0200, 426498
2016-08-01, 4.0300, 4.2000, 4.0200, 4.1900, 497265
2016-08-02, 4.1800, 4.2300, 3.9900, 4.0100, 413151
2016-08-03, 4.0100, 4.1500, 3.9900, 4.0900, 340878
2016-08-04, 4.1100, 4.1700, 4.0400, 4.0800, 212027
2016-08-05, 4.1200, 4.1200, 3.9400, 3.9600, 442304
2016-08-08, 3.9500, 4.0600, 3.8346, 3.8600, 554429
2016-08-09, 3.8600, 4.0910, 3.7800, 3.9300, 673827
2016-08-10, 3.9300, 3.9400, 3.8100, 3.9000, 424199
2016-08-11, 3.9100, 4.0600, 3.8435, 4.0100, 391859
2016-08-12, 4.0000, 4.0800, 3.8800, 4.0600, 339704
2016-08-15, 4.0600, 4.1300, 3.9600, 4.0600, 394442
2016-08-16, 4.0400, 4.0600, 3.9750, 4.0100, 306189
2016-08-17, 4.0200, 4.0300, 3.9500, 3.9900, 276929
2016-08-18, 3.9800, 4.0400, 3.9300, 4.0100, 256550
2016-08-19, 3.9900, 4.0700, 3.8900, 3.9900, 356500
2016-08-22, 4.0100, 4.0750, 3.9578, 4.0000, 251543
2016-08-23, 4.0100, 4.2500, 3.9600, 4.1100, 839532
2016-08-24, 4.1000, 4.2799, 3.9100, 3.9200, 713433
2016-08-25, 3.9300, 4.0700, 3.8300, 3.8900, 372317
2016-08-26, 3.8900, 4.0500, 3.8800, 3.9500, 283144
2016-08-29, 3.9500, 4.0000, 3.8550, 3.9400, 251957
2016-08-30, 3.9700, 3.9900, 3.8500, 3.8800, 225378
2016-08-31, 3.8800, 3.8900, 3.7600, 3.8000, 308622
2016-09-01, 3.8100, 3.8900, 3.6900, 3.7800, 264458
2016-09-02, 3.7900, 3.8100, 3.6710, 3.7200, 222520
2016-09-06, 3.7500, 3.8400, 3.7200, 3.7700, 289003
2016-09-07, 3.7600, 3.8500, 3.7500, 3.8300, 166135
2016-09-08, 3.8300, 4.0100, 3.7700, 3.9000, 447058
2016-09-09, 3.9200, 4.0000, 3.7600, 3.7900, 459204
2016-09-12, 3.7800, 3.9500, 3.7800, 3.9100, 359169
2016-09-13, 3.9200, 3.9200, 3.6900, 3.7400, 323133
2016-09-14, 3.7800, 3.8900, 3.6500, 3.7000, 446028
2016-09-15, 3.7000, 3.7900, 3.6620, 3.6900, 260952
2016-09-16, 3.6800, 3.7300, 3.6200, 3.6600, 504062
2016-09-19, 3.7000, 3.7800, 3.6601, 3.7300, 316635
2016-09-20, 3.7600, 3.8000, 3.6600, 3.7300, 179367
2016-09-21, 3.7500, 3.8000, 3.6300, 3.7600, 180697
2016-09-22, 3.7700, 3.8800, 3.7500, 3.8700, 274822
2016-09-23, 3.8400, 4.0100, 3.7900, 3.8300, 416499
2016-09-26, 3.8100, 3.9200, 3.7801, 3.8500, 384603
2016-09-27, 3.8300, 3.9800, 3.8300, 3.9600, 294141
2016-09-28, 3.9700, 3.9750, 3.7500, 3.8800, 266871
2016-09-29, 3.8600, 3.9000, 3.7100, 3.7800, 300928
2016-09-30, 3.7800, 3.8900, 3.7100, 3.8300, 223330
2016-10-03, 3.8000, 3.8600, 3.7200, 3.8100, 242320
2016-10-04, 3.7700, 3.9000, 3.7500, 3.7900, 250147
2016-10-05, 3.8000, 3.8800, 3.7500, 3.7700, 256189
2016-10-06, 3.7400, 3.8300, 3.7100, 3.7800, 173986
2016-10-07, 3.7700, 3.8400, 3.6100, 3.6700, 269110
2016-10-10, 3.6800, 3.7900, 3.6800, 3.7600, 153616
2016-10-11, 3.7300, 3.7700, 3.5610, 3.6400, 346509
2016-10-12, 3.6400, 3.6800, 3.4600, 3.5200, 368192
2016-10-13, 3.5000, 3.5900, 3.4600, 3.5100, 297728
2016-10-14, 3.5600, 3.6000, 3.3800, 3.3900, 302990
2016-10-17, 3.3900, 3.4750, 3.3100, 3.4200, 231390
2016-10-18, 3.5000, 3.5400, 3.3700, 3.5000, 294089
2016-10-19, 3.4900, 3.7000, 3.4000, 3.5700, 444522
2016-10-20, 3.5800, 4.1800, 3.5600, 3.9600, 1319092
2016-10-21, 3.9600, 4.0900, 3.9200, 3.9700, 435407
2016-10-24, 4.0000, 4.0000, 3.8800, 3.9200, 178731
2016-10-25, 3.9100, 3.9100, 3.7200, 3.7400, 193101
2016-10-26, 3.7400, 3.8800, 3.6700, 3.7200, 268502
2016-10-27, 3.7500, 3.8800, 3.6000, 3.6100, 192477
2016-10-28, 3.6100, 3.7300, 3.5000, 3.5500, 296420
2016-10-31, 3.5200, 3.5800, 3.4550, 3.5000, 228145
2016-11-01, 3.5300, 3.6200, 3.4500, 3.5900, 200616
2016-11-02, 3.5800, 3.7300, 3.4000, 3.4100, 339030
2016-11-03, 3.4100, 3.4200, 3.2300, 3.2500, 367500
2016-11-04, 3.1100, 3.5200, 3.1100, 3.3700, 364787
2016-11-07, 3.4500, 3.7000, 3.3900, 3.5700, 316604
2016-11-08, 3.5500, 3.6000, 3.4700, 3.4900, 213852
2016-11-09, 3.5900, 3.8000, 3.5500, 3.6900, 484228
2016-11-10, 3.7800, 3.9200, 3.6400, 3.8700, 562191
2016-11-11, 3.8600, 4.0700, 3.7725, 4.0200, 623412
2016-11-14, 4.0800, 4.1800, 3.9800, 4.0700, 365323
2016-11-15, 4.0500, 4.1199, 3.9100, 4.0300, 267375
2016-11-16, 4.0200, 4.1000, 3.9150, 3.9300, 221659
2016-11-17, 4.0000, 4.0300, 3.8600, 3.9900, 191611
2016-11-18, 4.0100, 4.1000, 3.9000, 4.0000, 322256
2016-11-21, 4.0500, 4.0600, 3.9200, 3.9700, 178142
2016-11-22, 3.9400, 4.0400, 3.8600, 3.9500, 195881
2016-11-23, 3.9100, 4.0500, 3.7792, 4.0300, 200490
2016-11-25, 4.0400, 4.0600, 3.9100, 3.9600, 65689
2016-11-28, 3.9500, 4.2100, 3.8400, 4.1300, 826213
2016-11-29, 4.1900, 4.6101, 4.1900, 4.5000, 1177450
2016-11-30, 4.5500, 4.6300, 4.0800, 4.1900, 573392
2016-12-01, 4.1900, 4.3100, 4.0650, 4.1800, 306231
2016-12-02, 4.1800, 4.4499, 4.1400, 4.4000, 310542
2016-12-05, 4.4300, 4.5000, 4.3500, 4.4200, 207588
2016-12-06, 4.4500, 5.1200, 4.3501, 4.6200, 1802463
2016-12-07, 4.6000, 4.6000, 4.3950, 4.4900, 437951
2016-12-08, 4.5000, 4.6700, 4.3907, 4.6300, 301369
2016-12-09, 4.6500, 4.8601, 4.5100, 4.5200, 778923
2016-12-12, 4.5000, 4.5500, 4.2900, 4.3600, 526820
2016-12-13, 4.3800, 4.5500, 4.2950, 4.3700, 391094
2016-12-14, 4.4100, 4.4700, 4.2100, 4.3000, 357039
2016-12-15, 4.3000, 4.3200, 4.1900, 4.2500, 383717
2016-12-16, 4.2600, 4.4700, 4.2400, 4.3200, 1658090
2016-12-19, 4.3600, 4.5400, 4.2400, 4.2900, 567545
2016-12-20, 4.3200, 4.4300, 4.2600, 4.3700, 298507
2016-12-21, 4.3600, 4.3600, 4.2600, 4.2900, 195616
2016-12-22, 4.2700, 4.3400, 4.1300, 4.1800, 286738
2016-12-23, 4.1800, 4.3700, 4.1570, 4.3500, 140689
2016-12-27, 4.4100, 4.4800, 4.2900, 4.3100, 136163
2016-12-28, 4.3200, 4.3700, 4.0500, 4.2000, 290325
2016-12-29, 4.2100, 4.2800, 4.0500, 4.1900, 248833
2016-12-30, 4.1800, 4.1800, 3.9800, 4.0300, 318924
2017-01-03, 4.0900, 4.2400, 3.9800, 4.1100, 455453
2017-01-04, 4.1300, 4.4400, 4.0600, 4.4300, 354427
2017-01-05, 4.4300, 4.4800, 4.3488, 4.4500, 246605
2017-01-06, 4.4500, 4.5000, 4.3700, 4.3900, 169385
2017-01-09, 4.3200, 4.5200, 4.3000, 4.4500, 277158
2017-01-10, 4.4700, 4.5400, 4.4100, 4.4500, 163572
2017-01-11, 4.4500, 4.4900, 4.2200, 4.3200, 260241
2017-01-12, 4.2700, 4.4300, 4.2300, 4.3600, 195074
2017-01-13, 4.3900, 4.5300, 4.3900, 4.4700, 182520
2017-01-17, 4.5000, 4.5000, 4.2200, 4.2500, 364803
2017-01-18, 4.2400, 4.2800, 4.1200, 4.2500, 277449
2017-01-19, 4.2800, 4.2800, 4.0601, 4.1800, 323781
2017-01-20, 4.1800, 4.2300, 4.0600, 4.0700, 179010
2017-01-23, 4.0200, 4.0600, 3.9200, 3.9800, 271962
2017-01-24, 3.9600, 4.0400, 3.8100, 3.9300, 329618
2017-01-25, 3.9900, 4.0500, 3.9500, 3.9700, 145623
2017-01-26, 3.9900, 4.0500, 3.8300, 3.8400, 188596
2017-01-27, 3.8500, 3.9800, 3.7500, 3.8600, 181053
2017-01-30, 3.8300, 3.8300, 3.6300, 3.6900, 221731
2017-01-31, 3.6500, 3.8500, 3.5710, 3.8300, 167156
2017-02-01, 3.8500, 3.9200, 3.7500, 3.8600, 192955
2017-02-02, 3.8500, 3.8800, 3.6500, 3.6900, 269994
2017-02-03, 3.7200, 4.1900, 3.6500, 4.1100, 1425710
2017-02-06, 4.1200, 4.4000, 4.0390, 4.2500, 440992
2017-02-07, 4.2500, 4.3000, 4.1200, 4.1800, 237925
2017-02-08, 4.1800, 4.2500, 4.0900, 4.2200, 272530
2017-02-09, 4.2200, 4.4800, 4.1400, 4.4300, 438607
2017-02-10, 4.4500, 5.2300, 4.4000, 5.0700, 1147537
2017-02-13, 5.1000, 5.1500, 4.9100, 5.0300, 582701
2017-02-14, 5.0400, 5.2500, 5.0400, 5.2000, 415328
2017-02-15, 5.2900, 5.4100, 5.1400, 5.3800, 382598
2017-02-16, 5.4100, 5.4700, 5.2400, 5.3400, 399219
2017-02-17, 5.3400, 5.4900, 5.3200, 5.4300, 294565
2017-02-21, 5.4900, 5.4960, 5.1200, 5.1900, 453113
2017-02-22, 5.1900, 5.3000, 5.1300, 5.2200, 177335
2017-02-23, 5.2200, 5.2800, 5.1300, 5.2000, 253043
2017-02-24, 5.1800, 5.4000, 5.1080, 5.3300, 247412
2017-02-27, 5.3300, 5.4400, 5.3100, 5.3900, 306385
2017-02-28, 5.3500, 5.4000, 5.1600, 5.1700, 299676
2017-03-01, 5.2500, 5.6600, 5.1690, 5.6000, 591445
2017-03-02, 5.6400, 6.3300, 5.5000, 6.0900, 987677
2017-03-03, 6.2500, 6.7300, 6.1800, 6.3400, 1093798
2017-03-06, 6.3800, 6.6300, 6.1400, 6.2900, 715492
2017-03-07, 6.2200, 6.3500, 5.9100, 6.1300, 527295
2017-03-08, 6.1500, 6.3290, 6.1000, 6.2000, 357400
2017-03-09, 6.1700, 6.6230, 5.8600, 6.0800, 551021
2017-03-10, 6.5200, 7.4400, 6.4800, 6.9500, 3178279
2017-03-13, 7.0000, 7.8450, 6.9600, 7.7700, 1684938
2017-03-14, 7.9500, 7.9800, 7.2900, 7.5900, 839408
2017-03-15, 7.6300, 7.8000, 7.3920, 7.7100, 895798
2017-03-16, 7.7700, 7.9500, 7.6300, 7.8700, 651622
2017-03-17, 7.9200, 8.6900, 7.8100, 8.2800, 1536538
2017-03-20, 8.2500, 8.4100, 7.9100, 8.3700, 773268
2017-03-21, 8.4000, 8.4870, 7.6100, 7.9500, 907008
2017-03-22, 7.6000, 7.8700, 7.5100, 7.8200, 703189
2017-03-23, 7.8200, 8.2290, 7.7600, 8.0800, 444602
2017-03-24, 8.1200, 8.2700, 8.0100, 8.1100, 497228
2017-03-27, 8.0600, 8.5000, 8.0460, 8.3600, 475149
2017-03-28, 8.3000, 8.5900, 7.8000, 8.2400, 751134
2017-03-29, 8.2500, 8.7500, 8.0200, 8.6700, 668943
2017-03-30, 8.6700, 9.1900, 8.6700, 8.8500, 861754
2017-03-31, 9.0000, 9.9300, 8.9100, 9.1900, 1145145
2017-04-03, 9.2000, 9.4300, 8.9650, 9.2200, 860407
2017-04-04, 9.2600, 9.5300, 8.4700, 8.7100, 1243342
2017-04-05, 8.8100, 9.1100, 8.3500, 8.5800, 1304805
2017-04-06, 8.5400, 8.6200, 8.1400, 8.6200, 523579
2017-04-07, 8.6000, 8.7600, 8.2800, 8.3100, 584668
2017-04-10, 8.3100, 8.4190, 8.1500, 8.1700, 610292
2017-04-11, 8.1500, 8.1750, 7.7600, 8.0100, 712549
2017-04-12, 8.0100, 8.0950, 7.8000, 7.8500, 275056
2017-04-13, 7.8000, 8.1900, 7.7100, 8.1700, 409735
2017-04-17, 8.2300, 8.3780, 7.9800, 8.1900, 229862
2017-04-18, 8.1500, 8.2800, 7.8740, 8.1000, 289242
2017-04-19, 8.1500, 8.2600, 8.0100, 8.1400, 265998
2017-04-20, 8.1600, 8.3150, 8.1400, 8.1800, 201074
2017-04-21, 8.1700, 8.2600, 8.0300, 8.0900, 279948
2017-04-24, 8.1700, 8.2400, 7.8500, 8.1000, 277232
2017-04-25, 8.2000, 8.4000, 8.0600, 8.1800, 480121
2017-04-26, 8.1800, 8.3600, 8.1000, 8.1700, 290994
2017-04-27, 8.2000, 8.2900, 7.9410, 8.0300, 249369
2017-04-28, 8.0500, 8.0900, 7.7400, 7.9300, 334909
2017-05-01, 7.9400, 8.1880, 7.9300, 8.0800, 339500
2017-05-02, 8.1300, 8.2200, 7.7500, 7.9100, 428319
2017-05-03, 7.8400, 7.9300, 7.5800, 7.7400, 347501
2017-05-04, 7.6800, 7.7900, 7.4400, 7.6500, 248798
2017-05-05, 7.2700, 7.4700, 6.4100, 7.1100, 1135092
2017-05-08, 7.0700, 7.4500, 6.9800, 7.4300, 570898
2017-05-09, 7.4500, 7.4600, 7.1300, 7.2300, 380347
2017-05-10, 7.1800, 8.0500, 7.1600, 7.7800, 589088
2017-05-11, 7.7400, 8.0200, 7.6100, 7.9900, 385562
2017-05-12, 7.9800, 8.0450, 7.8800, 7.9300, 488001
2017-05-15, 7.9800, 8.0400, 7.8700, 7.9800, 351006
2017-05-16, 7.9700, 8.0100, 7.7600, 7.8300, 344424
2017-05-17, 7.6900, 7.8360, 7.5500, 7.6100, 368611
2017-05-18, 7.5600, 7.8600, 7.5100, 7.6600, 313145
2017-05-19, 7.6700, 7.8200, 7.4300, 7.5400, 281149
2017-05-22, 7.5400, 7.5400, 7.1700, 7.3500, 567214
2017-05-23, 7.3300, 7.4700, 7.2600, 7.4100, 453451
2017-05-24, 7.4300, 7.5430, 7.3200, 7.3900, 258273
2017-05-25, 7.4000, 7.4700, 7.2300, 7.2500, 247490
2017-05-26, 7.2300, 7.2400, 7.0700, 7.1400, 257884
2017-05-30, 7.1100, 7.1700, 6.7000, 6.7500, 449086
2017-05-31, 6.7700, 6.9500, 6.6100, 6.8900, 385236
2017-06-01, 6.9200, 7.1900, 6.8900, 7.1800, 422464
2017-06-02, 7.1700, 7.7900, 7.1700, 7.6500, 716588
2017-06-05, 7.6500, 7.6500, 7.1000, 7.2200, 295623
2017-06-06, 7.1800, 7.3000, 7.1200, 7.2400, 126267
2017-06-07, 7.2400, 7.5300, 7.1800, 7.3100, 513757
2017-06-08, 7.3000, 7.3800, 7.1500, 7.3200, 156252
2017-06-09, 7.3100, 7.4700, 7.1700, 7.3200, 257616
2017-06-12, 7.2000, 7.3300, 7.1000, 7.2000, 251229
2017-06-13, 7.2100, 7.3900, 7.1700, 7.2900, 220091
2017-06-14, 7.3000, 7.3600, 7.1600, 7.3300, 335244
2017-06-15, 7.2500, 7.4500, 7.1600, 7.3800, 291043
2017-06-16, 7.1100, 7.5000, 6.8700, 7.2700, 325652
2017-06-19, 7.3300, 7.4200, 7.1800, 7.4000, 280343
2017-06-20, 7.3800, 7.7000, 7.3400, 7.5900, 848569
2017-06-21, 7.6500, 8.1700, 7.6500, 7.9600, 677852
2017-06-22, 7.9800, 8.1900, 7.8600, 7.8800, 489296
2017-06-23, 7.8400, 8.0300, 7.7600, 7.9000, 450501
2017-06-26, 7.9600, 7.9700, 7.4900, 7.5500, 323814
2017-06-27, 7.5500, 7.9700, 7.5200, 7.8900, 873716
2017-06-28, 7.9300, 8.0380, 7.6300, 7.6600, 407422
2017-06-29, 7.6400, 7.8000, 7.4000, 7.7100, 489193
2017-06-30, 7.7000, 7.7000, 7.0800, 7.1300, 661547
2017-07-03, 7.0900, 7.2100, 7.0200, 7.0800, 198742
2017-07-05, 7.0800, 7.3100, 7.0100, 7.2900, 356816
2017-07-06, 7.2600, 7.3900, 7.1100, 7.1500, 224555
2017-07-07, 7.1700, 7.3600, 7.0800, 7.1800, 225939
2017-07-10, 7.1700, 7.2200, 6.8500, 6.8800, 224584
2017-07-11, 7.1100, 7.4100, 6.8200, 7.3300, 362371
2017-07-12, 7.3800, 7.6800, 7.3200, 7.5200, 779636
2017-07-13, 7.5400, 7.8800, 7.4500, 7.7500, 580222
2017-07-14, 7.6600, 8.0600, 7.5100, 7.8000, 448992
2017-07-17, 7.8400, 7.8900, 7.6700, 7.7100, 463077
2017-07-18, 7.7100, 7.8800, 7.5924, 7.6900, 392405
2017-07-19, 7.6900, 7.8400, 7.3500, 7.4100, 359426
2017-07-20, 7.4400, 7.9000, 7.4400, 7.8700, 538384
2017-07-21, 7.9600, 8.3780, 7.8600, 8.0900, 837706
2017-07-24, 8.1000, 8.2370, 7.0000, 7.3000, 1260007
2017-07-25, 7.3200, 7.3200, 6.7650, 6.9000, 705893
2017-07-26, 8.6500, 8.7500, 7.4100, 7.8800, 14184418
2017-07-27, 7.2500, 7.8300, 6.9500, 6.9600, 3869901
2017-07-28, 6.7300, 6.7500, 6.3000, 6.4800, 9403028
2017-07-31, 6.4800, 6.7100, 6.4800, 6.5400, 2111052
2017-08-01, 6.5400, 6.5600, 6.2400, 6.3200, 1769123
2017-08-02, 6.2500, 6.3600, 5.8300, 6.1700, 1647768
2017-08-03, 6.1000, 6.1300, 5.3700, 5.7100, 3710246
2017-08-04, 5.5400, 5.8320, 5.5300, 5.6550, 1161323
2017-08-07, 5.7000, 5.8090, 5.5600, 5.6400, 1049823
2017-08-08, 5.6000, 5.7800, 5.5480, 5.6000, 769696
2017-08-09, 5.5700, 5.7200, 5.4170, 5.4500, 1019959
2017-08-10, 5.4200, 5.5200, 5.3300, 5.4200, 893548
2017-08-11, 5.4600, 5.5400, 5.3300, 5.3500, 1345929
2017-08-14, 5.2900, 5.6800, 5.2800, 5.6500, 861886
2017-08-15, 5.6800, 6.0000, 5.6600, 5.9700, 1269707
2017-08-16, 6.0000, 6.0100, 5.7800, 5.7800, 943796
2017-08-17, 5.8200, 5.9900, 5.7200, 5.7400, 746441
2017-08-18, 5.7600, 5.8050, 5.6610, 5.7700, 433722
2017-08-21, 5.7500, 5.7500, 5.5200, 5.6700, 495124
2017-08-22, 5.7000, 6.0100, 5.5400, 5.9500, 1787192
2017-08-23, 5.9200, 6.1900, 5.8100, 6.0500, 997719
2017-08-24, 6.0700, 6.4800, 6.0600, 6.4100, 930637
2017-08-25, 6.4200, 6.5890, 6.2800, 6.5100, 791966
2017-08-28, 6.8000, 6.8310, 6.6300, 6.7200, 1007608
2017-08-29, 6.7100, 6.7800, 6.5200, 6.7100, 504828
2017-08-30, 6.7100, 6.9500, 6.6400, 6.9100, 676414
2017-08-31, 6.8900, 7.0500, 6.7800, 6.9800, 876440
2017-09-01, 7.0300, 7.1800, 6.9400, 7.1500, 799416
2017-09-05, 7.1400, 7.1400, 6.6300, 6.7900, 2037924
2017-09-06, 6.8500, 6.9500, 6.7500, 6.8000, 958030
2017-09-07, 6.8100, 6.8800, 6.6500, 6.6700, 595696
2017-09-08, 6.6400, 6.9100, 6.5990, 6.8800, 524626
2017-09-11, 6.9100, 7.1180, 6.8500, 6.9200, 490118
2017-09-12, 6.9600, 7.0400, 6.7600, 6.8800, 740301
2017-09-13, 6.8800, 6.9200, 6.8000, 6.8200, 382841
2017-09-14, 6.8000, 6.9300, 6.7300, 6.8800, 289583
2017-09-15, 6.9000, 6.9400, 6.7800, 6.9400, 1809774
2017-09-18, 6.9600, 7.2500, 6.9500, 7.1100, 633130
2017-09-19, 7.1100, 7.1400, 6.9100, 6.9800, 315411
2017-09-20, 6.9700, 6.9900, 6.8600, 6.9900, 473112
2017-09-21, 6.9500, 7.0000, 6.7800, 6.8400, 500467
2017-09-22, 6.8000, 6.8500, 6.5100, 6.5500, 1059660
2017-09-25, 6.5200, 6.7800, 6.5000, 6.7100, 920154
2017-09-26, 6.6800, 6.7500, 6.4600, 6.4700, 672307
2017-09-27, 6.4900, 6.6100, 6.4300, 6.5500, 499707
2017-09-28, 6.5600, 6.6600, 6.4500, 6.6000, 241381
2017-09-29, 6.5800, 6.8500, 6.5600, 6.8400, 384453
2017-10-02, 6.8400, 7.2400, 6.8400, 7.1900, 842884
2017-10-03, 7.2200, 7.3900, 7.1500, 7.2500, 598770
2017-10-04, 7.3800, 7.9800, 7.0400, 7.7500, 2408909
2017-10-05, 7.8800, 7.9500, 7.3800, 7.8000, 1041301
2017-10-06, 7.7900, 7.9200, 7.7100, 7.7600, 650193
2017-10-09, 7.7500, 7.7900, 7.2100, 7.2600, 899987
2017-10-10, 7.2900, 7.4100, 7.1270, 7.2000, 498831
2017-10-11, 7.2300, 7.3500, 7.2000, 7.2200, 283365
2017-10-12, 7.2100, 7.2180, 6.9200, 6.9500, 335991
2017-10-13, 6.9700, 7.2900, 6.8650, 6.8700, 425921
2017-10-16, 6.8700, 6.9400, 6.5600, 6.6400, 431883
2017-10-17, 6.6000, 6.7500, 6.4100, 6.4700, 316504
2017-10-18, 6.5000, 6.5500, 6.3700, 6.4800, 309581
2017-10-19, 6.4700, 6.4800, 6.2500, 6.4000, 350223
2017-10-20, 6.4700, 6.5500, 6.3300, 6.4700, 272016
2017-10-23, 6.4700, 6.5190, 6.2000, 6.2400, 281594
2017-10-24, 6.2300, 6.4400, 6.2090, 6.3100, 319053
2017-10-25, 6.3200, 6.3600, 6.1500, 6.2400, 494577
2017-10-26, 6.2200, 6.2700, 5.7500, 5.7800, 747409
2017-10-27, 5.8000, 5.8600, 5.6500, 5.8300, 697555
2017-10-30, 5.8300, 6.2000, 5.8200, 6.1200, 628175
2017-10-31, 6.1200, 6.1400, 5.9200, 6.0100, 454914
2017-11-01, 6.0400, 6.0800, 5.7830, 5.9400, 491312
2017-11-02, 5.9200, 6.1600, 5.8800, 5.9700, 432875
2017-11-03, 5.9200, 6.3700, 5.8500, 6.3600, 545338
2017-11-06, 6.5900, 6.8900, 6.4600, 6.6200, 506703
2017-11-07, 6.5900, 6.6540, 6.3550, 6.4000, 400793
2017-11-08, 6.3800, 6.4200, 6.1700, 6.3000, 449377
2017-11-09, 6.2700, 6.3700, 6.1300, 6.2800, 329013
2017-11-10, 6.2500, 6.4000, 6.2000, 6.3000, 382437
2017-11-13, 6.2500, 6.3500, 6.1300, 6.3100, 151864
2017-11-14, 6.2700, 6.3000, 5.9100, 6.0000, 436251
2017-11-15, 5.9200, 6.1900, 5.8900, 6.0700, 217112
2017-11-16, 6.1200, 6.4900, 6.1200, 6.3800, 413156
2017-11-17, 6.3800, 6.9600, 6.2900, 6.8800, 575057
2017-11-20, 6.8800, 6.9700, 6.3200, 6.3300, 674347
2017-11-21, 6.3800, 6.7400, 6.3500, 6.4400, 422029
2017-11-22, 6.4400, 6.7500, 6.4000, 6.6900, 219799
2017-11-24, 6.7200, 6.8400, 6.6300, 6.7600, 172122
2017-11-27, 6.7700, 6.9600, 6.4600, 6.5100, 496311
2017-11-28, 6.5700, 6.5900, 6.3300, 6.5000, 269490
2017-11-29, 6.5000, 6.6192, 6.3400, 6.4500, 471041
2017-11-30, 6.4800, 6.5990, 6.3800, 6.4200, 383454
2017-12-01, 6.4300, 6.4700, 6.1400, 6.3100, 501239
2017-12-04, 6.3500, 6.4500, 5.9900, 6.0000, 702780
2017-12-05, 6.0100, 6.0900, 5.8100, 5.8400, 474474
2017-12-06, 5.8400, 5.8665, 5.6000, 5.7400, 467246
2017-12-07, 5.7500, 5.9500, 5.6400, 5.8400, 318972
2017-12-08, 5.7900, 6.1962, 5.7900, 6.1500, 535308
2017-12-11, 6.1100, 6.2800, 5.7200, 5.7800, 729628
2017-12-12, 5.8500, 6.0500, 5.7900, 5.8100, 421945
2017-12-13, 5.8000, 6.0000, 5.8000, 5.8900, 1711887
2017-12-14, 5.9200, 6.1100, 5.7200, 5.7500, 714291
2017-12-15, 5.7500, 6.0100, 5.6300, 5.8900, 1610455
2017-12-18, 5.9200, 6.0500, 5.8800, 5.9800, 518532
2017-12-19, 6.0100, 6.3000, 6.0000, 6.1900, 580823
2017-12-20, 6.2100, 6.4100, 6.1700, 6.3200, 477343
2017-12-21, 6.2900, 6.5440, 6.2600, 6.2900, 437337
2017-12-22, 6.2400, 6.4100, 6.1400, 6.3000, 234398
2017-12-26, 6.2800, 6.3900, 6.2200, 6.2600, 177663
2017-12-27, 6.1400, 6.3800, 6.1400, 6.1900, 360038
2017-12-28, 6.2100, 6.5900, 6.1666, 6.4000, 458961
2017-12-29, 6.4300, 6.5700, 6.2300, 6.3000, 459509
2018-01-02, 6.3600, 6.4900, 6.2700, 6.4700, 286968
2018-01-03, 6.8800, 6.9000, 6.4100, 6.7600, 1130630
2018-01-04, 6.7900, 6.8100, 6.3400, 6.6300, 524598
2018-01-05, 6.6700, 6.6870, 6.2650, 6.3300, 366988
2018-01-08, 6.2300, 6.2899, 6.0100, 6.2100, 420615
2018-01-09, 6.2200, 6.5000, 6.1400, 6.4300, 380683
2018-01-10, 6.4000, 6.5200, 6.2500, 6.5100, 256630
2018-01-11, 6.5400, 6.5756, 6.3200, 6.5200, 410816
2018-01-12, 6.5500, 6.6400, 6.4100, 6.5100, 286610
2018-01-16, 6.5300, 6.6292, 6.2200, 6.2600, 342385
2018-01-17, 6.3600, 6.3700, 6.1300, 6.2400, 254408
2018-01-18, 6.2400, 6.3600, 6.0200, 6.3100, 404048
2018-01-19, 6.2700, 6.4100, 6.1600, 6.3400, 329906
2018-01-22, 6.3000, 6.6200, 6.2800, 6.4900, 435300
2018-01-23, 6.4400, 6.5900, 6.3400, 6.4100, 339702
2018-01-24, 6.4000, 6.4400, 6.2000, 6.3000, 220496
2018-01-25, 6.3600, 6.3600, 6.1200, 6.2400, 241234
2018-01-26, 6.2700, 6.3500, 6.0700, 6.2800, 360085
2018-01-29, 6.2400, 6.4500, 6.1642, 6.4200, 312969
2018-01-30, 6.3200, 6.4800, 6.0800, 6.1000, 360193
2018-01-31, 6.1000, 6.1687, 5.8300, 5.8400, 448241
2018-02-01, 5.8300, 5.9000, 5.4100, 5.5300, 1093121
2018-02-02, 5.5000, 5.5400, 5.3600, 5.3900, 540279
2018-02-05, 5.3500, 5.5000, 5.1700, 5.1900, 452027
2018-02-06, 5.1400, 5.4700, 5.0504, 5.4400, 445026
2018-02-07, 5.4400, 5.6600, 5.4000, 5.5700, 285575
2018-02-08, 5.5800, 5.5800, 5.2200, 5.2300, 346459
2018-02-09, 5.3000, 5.4100, 4.9100, 5.1500, 550839
2018-02-12, 5.4000, 5.6800, 5.3100, 5.4600, 442899
2018-02-13, 5.4400, 5.4900, 5.2900, 5.4300, 240922
2018-02-14, 2.5100, 2.8000, 2.1000, 2.1500, 16754321
2018-02-15, 2.1500, 2.2600, 2.1000, 2.2000, 3702140
2018-02-16, 2.2000, 2.2600, 2.1100, 2.1200, 1905435
2018-02-20, 2.1000, 2.2000, 2.0500, 2.0800, 2011873
2018-02-21, 2.2100, 2.2800, 2.1200, 2.2000, 3842505
2018-02-22, 2.2200, 2.2400, 2.0800, 2.1200, 1949069
2018-02-23, 2.1000, 2.2200, 2.0850, 2.2000, 1730951
2018-02-26, 2.2300, 2.9100, 2.2112, 2.8700, 8499773
2018-02-27, 2.9900, 3.1000, 2.6100, 2.6400, 9802124
2018-02-28, 2.6150, 2.9500, 2.6150, 2.8100, 2811646
2018-03-01, 2.8300, 2.8800, 2.6210, 2.6900, 1172715
2018-03-02, 2.6500, 2.6900, 2.5500, 2.6400, 1220802
2018-03-05, 2.6500, 2.8000, 2.6100, 2.7100, 1426755
2018-03-06, 2.7500, 2.8500, 2.6600, 2.7500, 1571733
2018-03-07, 2.7500, 2.8000, 2.5900, 2.6600, 1733176
2018-03-08, 2.7000, 2.9300, 2.6700, 2.9200, 1861783
2018-03-09, 2.9500, 2.9500, 2.8000, 2.9000, 885778
2018-03-12, 2.9300, 3.2700, 2.9000, 3.2300, 2261572
2018-03-13, 3.2400, 3.3200, 3.1201, 3.2200, 1802668
2018-03-14, 3.2300, 3.2900, 3.1100, 3.2000, 1266420
2018-03-15, 3.2300, 3.2300, 2.9100, 2.9400, 1196892
2018-03-16, 2.9400, 3.1800, 2.8000, 3.0700, 1204887
2018-03-19, 3.0800, 3.2400, 3.0210, 3.1400, 999050
2018-03-20, 3.1400, 3.2000, 2.9700, 3.0000, 1126053
2018-03-21, 3.0000, 3.2300, 3.0000, 3.1500, 1014528
2018-03-22, 3.1100, 3.2800, 3.0250, 3.2100, 1448152
2018-03-23, 3.2000, 3.3900, 3.0700, 3.1100, 1948451
2018-03-26, 3.1500, 3.2000, 2.8900, 2.9900, 2394245
2018-03-27, 3.0100, 3.0700, 2.7500, 2.8500, 1848799
2018-03-28, 2.8800, 2.9300, 2.7300, 2.9100, 1479688
2018-03-29, 3.1400, 3.2301, 3.0002, 3.0700, 1649277
2018-04-02, 3.0800, 3.0804, 2.9756, 3.0400, 675673
2018-04-03, 3.0500, 3.1796, 3.0410, 3.1400, 850135
2018-04-04, 3.0900, 3.1900, 3.0510, 3.1700, 919348
2018-04-05, 3.2000, 3.2000, 3.0600, 3.1500, 836627
2018-04-06, 3.1000, 3.1352, 3.0600, 3.0800, 376450
2018-04-09, 3.1100, 3.1200, 3.0100, 3.0500, 613387
2018-04-10, 3.0900, 3.0900, 2.9600, 3.0500, 593945
2018-04-11, 3.0200, 3.0900, 2.9800, 3.0800, 689538
2018-04-12, 3.1000, 3.1900, 3.0300, 3.1800, 1195978
2018-04-13, 3.1600, 3.2200, 3.0300, 3.1800, 879238
2018-04-16, 3.1900, 3.2450, 3.0700, 3.2400, 401394
2018-04-17, 3.2400, 3.2400, 3.0500, 3.0500, 1209050
2018-04-18, 3.0700, 3.1100, 3.0000, 3.0200, 436527
2018-04-19, 3.0500, 3.1400, 3.0000, 3.1400, 514136
2018-04-20, 3.1300, 3.2650, 3.1200, 3.2300, 787636
2018-04-23, 3.2500, 3.2800, 3.1100, 3.1700, 725412
2018-04-24, 3.1700, 3.2300, 3.0550, 3.1000, 481937
2018-04-25, 3.1100, 3.3100, 3.0450, 3.1800, 865120
2018-04-26, 3.1800, 3.2300, 3.1200, 3.1700, 399047
2018-04-27, 3.1800, 3.2400, 3.1100, 3.2100, 557115
2018-04-30, 3.2100, 3.2650, 3.1400, 3.2200, 489044
2018-05-01, 3.2500, 3.2600, 3.1300, 3.2500, 369033
2018-05-02, 3.2500, 3.3000, 3.2000, 3.2800, 595150
2018-05-03, 3.2500, 3.2700, 3.1100, 3.1500, 364506
2018-05-04, 3.1100, 3.2800, 3.1000, 3.2300, 863691
2018-05-07, 3.2700, 3.8301, 3.2400, 3.6400, 1775899
2018-05-08, 3.6400, 3.6990, 3.4584, 3.5100, 640996
2018-05-09, 3.5100, 3.5200, 3.3500, 3.3600, 647275
2018-05-10, 3.3700, 3.4635, 3.3000, 3.3500, 308392
2018-05-11, 3.3500, 3.4300, 3.3000, 3.4300, 382347
2018-05-14, 3.4500, 3.7390, 3.4500, 3.7000, 790292
2018-05-15, 3.7000, 3.7900, 3.5000, 3.7500, 895363
2018-05-16, 3.7700, 3.9498, 3.6800, 3.8700, 739625
2018-05-17, 3.8500, 3.9890, 3.6200, 3.6600, 650594
2018-05-18, 3.6800, 3.7600, 3.6300, 3.6700, 354823
2018-05-21, 3.6600, 3.7500, 3.4317, 3.5600, 517245
2018-05-22, 3.5600, 3.6800, 3.5400, 3.6300, 210642
2018-05-23, 3.6400, 3.7850, 3.6000, 3.6800, 538855
2018-05-24, 3.6800, 3.7000, 3.6000, 3.6600, 302724
2018-05-25, 3.6600, 3.7700, 3.6150, 3.7300, 243449
2018-05-29, 3.7500, 3.8100, 3.6900, 3.7000, 360653
2018-05-30, 3.7000, 3.7800, 3.6300, 3.6800, 349084
2018-05-31, 3.7200, 3.7600, 3.6600, 3.7300, 295458
2018-06-01, 3.7500, 3.8100, 3.6900, 3.7400, 298278
2018-06-04, 3.7300, 3.8397, 3.6800, 3.7800, 282086
2018-06-05, 3.7700, 3.8300, 3.6800, 3.7300, 230780
2018-06-06, 3.7200, 3.7900, 3.6900, 3.7900, 234928
2018-06-07, 3.8100, 3.8200, 3.6900, 3.7300, 252142
2018-06-08, 3.7200, 3.7800, 3.7000, 3.7400, 206910
2018-06-11, 3.8800, 4.1200, 3.8200, 3.9300, 1886757
2018-06-12, 3.9400, 4.0900, 3.9100, 3.9500, 1111449
2018-06-13, 3.9500, 4.0200, 3.9100, 3.9800, 520973
2018-06-14, 4.0100, 4.3400, 4.0000, 4.2500, 1724481
2018-06-15, 4.2400, 4.4900, 4.2000, 4.2600, 1369120
2018-06-18, 4.2100, 4.3300, 4.1400, 4.1900, 547649
2018-06-19, 4.1900, 4.3250, 4.1300, 4.2500, 438459
2018-06-20, 4.2800, 4.3500, 4.2100, 4.3000, 1014530
2018-06-21, 4.3000, 4.3100, 3.9500, 3.9900, 872807
2018-06-22, 3.9900, 4.0274, 3.7600, 4.0100, 1244681
2018-06-25, 3.9900, 3.9901, 3.8100, 3.8800, 627654
2018-06-26, 3.8900, 3.9500, 3.6500, 3.7700, 808300
2018-06-27, 3.7800, 3.8109, 3.5200, 3.5500, 713256
2018-06-28, 3.5400, 3.5700, 3.3700, 3.4800, 480084
2018-06-29, 3.4900, 3.6300, 3.4400, 3.5700, 542266
2018-07-02, 3.5700, 3.8100, 3.4800, 3.8000, 726369
2018-07-03, 3.8200, 4.0500, 3.7600, 3.9100, 770914
2018-07-05, 3.9300, 3.9600, 3.7700, 3.8800, 658269
2018-07-06, 3.8900, 3.9700, 3.8100, 3.8600, 445086
2018-07-09, 3.9000, 3.9850, 3.8100, 3.8500, 435500
2018-07-10, 3.8800, 3.8900, 3.6000, 3.7200, 518802
2018-07-11, 3.7000, 3.7200, 3.6061, 3.6500, 435690
2018-07-12, 3.7000, 3.7676, 3.6000, 3.6800, 507476
2018-07-13, 3.6900, 3.7400, 3.5300, 3.6200, 519248
2018-07-16, 3.6400, 3.6500, 3.1500, 3.3400, 1662670
2018-07-17, 3.3500, 3.3900, 3.0600, 3.1100, 1284100
2018-07-18, 3.1300, 3.2100, 3.0298, 3.2100, 978990
2018-07-19, 3.2500, 3.2500, 3.0500, 3.0900, 920514
2018-07-20, 3.1000, 3.1500, 3.0300, 3.0400, 456164
2018-07-23, 3.0400, 3.1500, 2.9250, 3.0900, 969787
2018-07-24, 3.0800, 3.1600, 2.9700, 2.9900, 869293
2018-07-25, 2.9900, 3.0529, 2.8300, 2.8700, 966643
2018-07-26, 2.8600, 2.9400, 2.7800, 2.7900, 659792
2018-07-27, 3.0100, 3.1300, 2.7250, 2.8500, 2340199
2018-07-30, 2.8500, 3.0150, 2.7860, 2.9000, 640516
2018-07-31, 2.8800, 2.9450, 2.8300, 2.8700, 516434
2018-08-01, 2.8500, 2.9000, 2.8000, 2.8400, 449738
2018-08-02, 2.8300, 2.8600, 2.7500, 2.8300, 581921
2018-08-03, 2.9200, 3.0500, 2.9100, 2.9700, 522704
2018-08-06, 3.0500, 3.2200, 2.9300, 3.2000, 786340
2018-08-07, 3.2100, 3.2990, 3.1700, 3.2100, 544134
2018-08-08, 3.2000, 3.3350, 3.1900, 3.2500, 435581
2018-08-09, 3.2700, 3.4000, 3.2520, 3.3600, 497951
2018-08-10, 3.3600, 3.4000, 3.2100, 3.2200, 524340
2018-08-13, 3.1900, 3.2200, 3.0500, 3.0900, 772237
2018-08-14, 3.1000, 3.2000, 3.0400, 3.1000, 822485
2018-08-15, 3.0700, 3.1700, 2.9700, 3.0900, 669782
2018-08-16, 3.0800, 3.1601, 2.8600, 2.9500, 942788
2018-08-17, 2.9400, 2.9500, 2.8500, 2.8500, 713958
2018-08-20, 2.8500, 2.9900, 2.6700, 2.9300, 1216789
2018-08-21, 2.9400, 3.2285, 2.9400, 3.1400, 1008982
2018-08-22, 3.1400, 3.3236, 3.0400, 3.1000, 1315016
2018-08-23, 3.1000, 3.2000, 3.0100, 3.0300, 671504
2018-08-24, 3.0500, 3.1500, 3.0500, 3.1000, 813425
2018-08-27, 3.2000, 3.4550, 3.1200, 3.4127, 2466987
2018-08-28, 3.2900, 3.6100, 2.9215, 3.5200, 7023962
2018-08-29, 3.5400, 3.5700, 3.3701, 3.4950, 1492214
2018-08-30, 3.4500, 3.5200, 3.3700, 3.4200, 935178
2018-08-31, 3.4000, 3.6600, 3.3810, 3.5400, 983123
2018-09-04, 3.5500, 3.5503, 3.3400, 3.4900, 1096176
2018-09-05, 3.4600, 3.4900, 3.2100, 3.2300, 1041598
2018-09-06, 3.4700, 3.5585, 3.2700, 3.3100, 1331429
2018-09-07, 3.3200, 3.3500, 3.1400, 3.2600, 732273
2018-09-10, 3.2700, 3.3083, 3.1400, 3.2800, 514110
2018-09-11, 3.2600, 3.3100, 3.1800, 3.2200, 537271
2018-09-12, 3.2300, 3.2300, 3.1100, 3.1800, 395074
2018-09-13, 3.1800, 3.3000, 3.1200, 3.1400, 353861
2018-09-14, 3.1200, 3.1499, 3.0100, 3.0700, 439103
2018-09-17, 3.0600, 3.1500, 2.9750, 3.0600, 533000
2018-09-18, 3.0500, 3.0600, 2.8850, 2.9000, 781264
2018-09-19, 2.9000, 3.0500, 2.8800, 3.0100, 789719
2018-09-20, 3.0100, 3.2050, 2.9569, 3.1600, 1558921
2018-09-21, 3.1800, 3.2000, 2.9100, 2.9200, 1073009
2018-09-24, 2.9100, 2.9790, 2.8650, 2.9200, 567775
2018-09-25, 2.9100, 2.9800, 2.8900, 2.9000, 486684
2018-09-26, 2.9000, 2.9155, 2.7300, 2.7600, 1061350
2018-09-27, 2.7600, 2.8600, 2.7200, 2.8000, 592438
2018-09-28, 2.7800, 2.8500, 2.7500, 2.7600, 441369
2018-10-01, 2.7900, 2.7900, 2.6500, 2.6600, 543882
2018-10-02, 2.6600, 2.6700, 2.5699, 2.6100, 444569
2018-10-03, 2.6100, 2.7600, 2.5100, 2.7200, 664459
2018-10-04, 2.7100, 2.7500, 2.5700, 2.6100, 732051
2018-10-05, 2.6100, 2.7200, 2.4800, 2.5700, 814327
2018-10-08, 2.6500, 2.7500, 2.4300, 2.5500, 1054195
2018-10-09, 2.5200, 2.6000, 2.4100, 2.5200, 816136
2018-10-10, 2.5000, 2.5200, 2.3600, 2.4100, 726113
2018-10-11, 2.4000, 2.4800, 2.3100, 2.3900, 985496
2018-10-12, 2.6600, 2.7200, 2.3800, 2.4400, 1527176
2018-10-15, 2.4100, 2.4150, 2.2600, 2.2800, 958968
2018-10-16, 2.2800, 2.4800, 2.2700, 2.4500, 836035
2018-10-17, 2.4400, 2.4600, 2.3100, 2.4300, 345007
2018-10-18, 2.4000, 2.4600, 2.2650, 2.4400, 1001198
2018-10-19, 2.4400, 2.4798, 2.3100, 2.3200, 498620
2018-10-22, 2.3200, 2.3585, 2.2400, 2.2800, 486980
2018-10-23, 2.2200, 2.2800, 2.1300, 2.2200, 607936
2018-10-24, 2.2200, 2.2700, 2.0750, 2.0900, 957774
2018-10-25, 2.1000, 2.2200, 2.0600, 2.1800, 696658
2018-10-26, 2.1700, 2.1800, 2.0600, 2.1000, 640271
2018-10-29, 2.1200, 2.1500, 2.0144, 2.0600, 724039
2018-10-30, 2.0600, 2.2800, 2.0300, 2.1900, 668954
2018-10-31, 2.1900, 2.1900, 2.0400, 2.0500, 546903
2018-11-01, 2.0800, 2.2800, 2.0800, 2.2300, 455939
2018-11-02, 2.2500, 2.3200, 2.2000, 2.2600, 400845
2018-11-05, 2.2500, 2.2500, 2.1330, 2.1900, 456435
2018-11-06, 2.1900, 2.2300, 2.1500, 2.2200, 345311
2018-11-07, 2.2200, 2.2800, 2.1800, 2.2500, 434005
2018-11-08, 2.2400, 2.2983, 2.2210, 2.2500, 270898
2018-11-09, 2.2500, 2.2600, 2.1200, 2.1700, 808354
