2014-01-22, 25.0100, 25.1100, 25.0100, 25.1000, 24725
2014-01-23, 24.8900, 24.8900, 24.8900, 24.8900, 232
2014-01-24, 24.5100, 24.5100, 24.5100, 24.5100, 100
2014-01-27, 24.3300, 24.3600, 24.2200, 24.3300, 33498
2014-01-28, 24.3600, 24.3700, 24.2700, 24.3700, 6865
2014-01-29, 24.2900, 24.2900, 24.1400, 24.1500, 11164
2014-01-30, 24.3800, 24.3800, 24.3400, 24.3800, 32058
2014-01-31, 24.2200, 24.3000, 24.2200, 24.2500, 11886
2014-02-03, 23.5600, 23.5800, 23.5600, 23.5800, 4819
2014-02-04, 23.6499, 23.7000, 23.6300, 23.6500, 5740
2014-02-05, 23.5700, 23.6300, 23.5300, 23.5300, 6277
2014-02-06, 23.7500, 23.8100, 23.7500, 23.8100, 9525
2014-02-07, 23.9900, 24.0000, 23.9900, 24.0000, 248
2014-02-10, 24.0000, 24.0100, 24.0000, 24.0100, 617
2014-02-11, 24.2800, 24.2800, 24.2800, 24.2800, 744
2014-02-12, 24.3299, 24.4200, 24.3200, 24.3200, 4118
2014-02-13, 24.4600, 24.4600, 24.4600, 24.4600, 136
2014-02-14, 24.5400, 24.7300, 24.5400, 24.7300, 1574
2014-02-18, 24.6854, 24.8900, 24.6100, 24.8500, 6536
2014-02-19, 24.8000, 24.8299, 24.6600, 24.6600, 3869
2014-02-20, 24.8500, 24.8800, 24.8500, 24.8800, 1882
2014-02-21, 24.9200, 24.9200, 24.9200, 24.9200, 283
2014-02-24, 25.0300, 25.1300, 25.0300, 25.0500, 14729
2014-02-25, 25.0100, 25.0800, 24.9899, 24.9900, 31566
2014-02-26, 25.1100, 25.1800, 25.0500, 25.0700, 18266
2014-02-27, 25.0400, 25.1400, 25.0400, 25.1300, 224855
2014-02-28, 25.2400, 25.3100, 25.1800, 25.1800, 78133
2014-03-03, 25.0000, 25.1200, 24.9799, 25.0188, 57046
2014-03-04, 25.4300, 25.5000, 25.4100, 25.4900, 197131
2014-03-05, 25.4400, 25.4400, 25.4000, 25.4100, 73922
2014-03-06, 25.5700, 25.5700, 25.4800, 25.4800, 64571
2014-03-07, 25.5699, 25.5800, 25.4499, 25.5088, 140839
2014-03-10, 25.4600, 25.5000, 25.4599, 25.5000, 53443
2014-03-11, 25.4500, 25.4500, 25.2500, 25.2800, 62699
2014-03-12, 25.2200, 25.3200, 25.2200, 25.3000, 111088
2014-03-13, 25.3500, 25.3500, 25.0200, 25.0700, 62532
2014-03-14, 25.2000, 25.2300, 25.1200, 25.1300, 152851
2014-03-17, 25.3900, 25.3900, 25.3100, 25.3400, 28286
2014-03-18, 25.3900, 25.5500, 25.3900, 25.5300, 86709
2014-03-19, 25.5500, 25.5500, 25.3100, 25.3400, 22488
2014-03-20, 25.4500, 25.5200, 25.4400, 25.4800, 26470
2014-03-21, 25.6300, 25.7200, 25.3800, 25.3800, 26645
2014-03-24, 25.4100, 25.4100, 25.2800, 25.3600, 34685
2014-03-25, 25.5100, 25.5100, 25.3800, 25.4400, 32032
2014-03-26, 25.4600, 25.4600, 25.2600, 25.2600, 55598
2014-03-27, 25.1960, 25.2800, 25.0500, 25.1400, 56724
2014-03-28, 25.3800, 25.4500, 25.2700, 25.2800, 82384
2014-03-31, 25.4700, 25.6400, 25.4700, 25.6400, 49233
2014-04-01, 25.7400, 25.7900, 25.6900, 25.7200, 52303
2014-04-02, 25.8700, 25.9500, 25.8700, 25.9500, 30354
2014-04-03, 25.9400, 25.9400, 25.8000, 25.8600, 60072
2014-04-04, 26.0200, 26.0200, 25.5300, 25.5700, 120269
2014-04-07, 25.3900, 25.4600, 25.2390, 25.3300, 134403
2014-04-08, 25.2400, 25.4400, 25.2400, 25.4400, 72242
2014-04-09, 25.4500, 25.6200, 25.4200, 25.6200, 68452
2014-04-10, 25.5900, 25.6200, 25.1200, 25.1600, 29924
2014-04-11, 24.9300, 25.0700, 24.8400, 24.8700, 26523
2014-04-14, 24.9100, 25.1000, 24.9100, 25.0100, 43148
2014-04-15, 25.1000, 25.1700, 24.7900, 25.1700, 39165
2014-04-16, 25.2400, 25.3100, 25.2399, 25.2900, 96732
2014-04-17, 25.2600, 25.4800, 25.2600, 25.4000, 21724
2014-04-21, 25.4500, 25.5200, 25.4000, 25.5000, 61505
2014-04-22, 25.6000, 25.7200, 25.6000, 25.6800, 40912
2014-04-23, 25.6600, 25.7000, 25.6495, 25.6700, 78443
2014-04-24, 25.7300, 25.7300, 25.5400, 25.6000, 67975
2014-04-25, 25.5000, 25.5300, 25.3010, 25.3900, 106543
2014-04-28, 25.3000, 25.5000, 25.1100, 25.4000, 76994
2014-04-29, 25.4900, 25.4900, 25.3800, 25.4000, 159100
2014-04-30, 25.3600, 25.5300, 25.3500, 25.5300, 85259
2014-05-01, 25.4000, 25.5800, 25.4000, 25.4100, 123116
2014-05-02, 25.6400, 25.6400, 25.5300, 25.5300, 185526
2014-05-05, 25.4100, 25.5300, 25.4000, 25.5100, 43685
2014-05-06, 25.4400, 25.4400, 25.3200, 25.3200, 34715
2014-05-07, 25.2100, 25.3800, 25.2100, 25.3800, 48193
2014-05-08, 25.6000, 25.6000, 25.2500, 25.3300, 43083
2014-05-09, 25.3100, 25.4600, 25.2800, 25.4600, 40998
2014-05-12, 25.5300, 25.8300, 25.5300, 25.8300, 110773
2014-05-13, 25.7800, 25.8200, 25.7000, 25.7100, 104452
2014-05-14, 25.5400, 25.5700, 25.4200, 25.4200, 139002
2014-05-15, 25.0900, 25.2500, 25.0900, 25.2200, 74694
2014-05-16, 25.1600, 25.3200, 25.1500, 25.3200, 199178
2014-05-19, 25.3900, 25.8700, 25.3900, 25.4400, 44414
2014-05-20, 25.2900, 25.2930, 25.1500, 25.2200, 50777
2014-05-21, 25.3200, 25.3600, 25.2800, 25.3600, 71839
2014-05-22, 25.4300, 25.5000, 25.4300, 25.4500, 51260
2014-05-23, 25.5100, 25.5800, 25.5100, 25.5800, 27925
2014-05-27, 25.7400, 25.8000, 25.7100, 25.7100, 48237
2014-05-28, 25.6400, 25.7400, 25.6400, 25.7400, 79765
2014-05-29, 25.7000, 25.8100, 25.7000, 25.8100, 45861
2014-05-30, 25.8500, 25.8500, 25.7700, 25.8100, 243088
2014-06-02, 25.7000, 25.8100, 25.7000, 25.7900, 38790
2014-06-03, 25.8200, 25.8200, 25.6700, 25.7500, 63999
2014-06-04, 25.7500, 25.8400, 25.7500, 25.8100, 39138
2014-06-05, 25.8400, 26.1500, 25.8400, 26.1100, 71048
2014-06-06, 26.3100, 26.3390, 26.2900, 26.2900, 19980
2014-06-09, 26.3700, 26.4300, 26.3600, 26.3900, 44951
2014-06-10, 26.4000, 26.4000, 26.2670, 26.3100, 105930
2014-06-11, 26.2700, 26.2700, 26.1900, 26.2500, 190208
2014-06-12, 26.1600, 26.1600, 26.0400, 26.0600, 75000
2014-06-13, 26.0600, 26.1600, 26.0600, 26.1400, 26500
2014-06-16, 26.1900, 26.2200, 26.1690, 26.2000, 56543
2014-06-17, 26.1100, 26.2700, 26.1100, 26.2600, 43474
2014-06-18, 26.2600, 26.3800, 26.2200, 26.3800, 32062
2014-06-19, 26.4000, 26.4400, 26.3600, 26.4400, 37083
2014-06-20, 26.4600, 26.5100, 26.4310, 26.5000, 71363
2014-06-23, 26.5700, 26.5700, 26.4600, 26.4600, 45899
2014-06-24, 26.4700, 26.5600, 26.2500, 26.3000, 40860
2014-06-25, 26.2200, 26.3900, 26.2200, 26.3900, 123721
2014-06-26, 26.2300, 26.3300, 26.2300, 26.3300, 79584
2014-06-27, 26.3100, 26.4700, 26.3100, 26.4700, 119067
2014-06-30, 26.4800, 26.5300, 26.4800, 26.5300, 63084
2014-07-01, 26.7799, 26.8099, 26.7201, 26.7201, 10625
2014-07-02, 26.7199, 26.7199, 26.6000, 26.6400, 24091
2014-07-03, 26.7200, 26.8000, 26.7200, 26.8000, 16464
2014-07-07, 26.6200, 26.6300, 26.5300, 26.5300, 25094
2014-07-08, 26.3499, 26.4499, 26.3300, 26.3800, 16695
2014-07-09, 26.4100, 26.4500, 26.3700, 26.4400, 29636
2014-07-10, 26.1500, 26.3400, 26.1000, 26.2600, 35403
2014-07-11, 26.2000, 26.2899, 26.1899, 26.2600, 19367
2014-07-14, 26.3600, 26.4100, 26.3590, 26.3700, 23842
2014-07-15, 26.4400, 26.4400, 26.2200, 26.2200, 31000
2014-07-16, 26.3100, 26.3400, 26.2701, 26.2899, 6118
2014-07-17, 26.2100, 26.2400, 26.1700, 26.1700, 3270
2014-07-18, 26.0900, 26.3200, 26.0900, 26.2900, 15677
2014-07-21, 26.2600, 26.2600, 26.1101, 26.2100, 18826
2014-07-22, 26.4099, 26.4300, 26.3800, 26.3900, 9186
2014-07-23, 26.3400, 26.4099, 26.3400, 26.3800, 55628
2014-07-24, 26.4100, 26.4700, 26.3700, 26.3900, 11970
2014-07-25, 26.2300, 26.2400, 26.1699, 26.1900, 20491
2014-07-28, 26.1000, 26.1900, 26.0700, 26.1700, 22639
2014-07-29, 26.2000, 26.2800, 26.0900, 26.1100, 13431
2014-07-30, 26.1000, 26.1300, 26.0400, 26.0701, 9778
2014-07-31, 25.7599, 25.7599, 25.6399, 25.6400, 12813
2014-08-01, 25.6000, 25.6900, 25.5200, 25.6700, 77871
2014-08-04, 25.6700, 25.8399, 25.6000, 25.8399, 29492
2014-08-05, 25.7300, 25.8400, 25.6300, 25.6800, 44897
2014-08-06, 25.7000, 25.8799, 25.7000, 25.7900, 8587
2014-08-07, 25.7800, 25.8300, 25.5600, 25.5700, 10289
2014-08-08, 25.6000, 25.8490, 25.6000, 25.8400, 13045
2014-08-11, 25.9500, 26.1000, 25.9500, 26.0200, 10678
2014-08-12, 26.0000, 26.0000, 25.8200, 25.8600, 20654
2014-08-13, 25.9699, 26.0500, 25.9699, 26.0199, 12828
2014-08-14, 26.0800, 26.1300, 26.0200, 26.1200, 33422
2014-08-15, 26.2400, 26.2400, 25.9700, 26.0600, 13577
2014-08-18, 26.2200, 26.3200, 26.2200, 26.3000, 23548
2014-08-19, 26.4200, 26.4800, 26.4200, 26.4800, 37601
2014-08-20, 26.3901, 26.5100, 26.3900, 26.5100, 21412
2014-08-21, 26.4600, 26.5300, 26.4300, 26.5300, 9759
2014-08-22, 26.5700, 26.6000, 26.5400, 26.5800, 13747
2014-08-25, 26.5900, 26.6299, 26.5201, 26.5600, 78945
2014-08-26, 26.6201, 26.7200, 26.6201, 26.7000, 18567
2014-08-27, 26.7200, 26.7300, 26.6500, 26.6500, 13775
2014-08-28, 26.6200, 26.6890, 26.6000, 26.6799, 10420
2014-08-29, 26.6400, 26.7600, 26.6400, 26.7101, 7584
2014-09-02, 26.8500, 26.8500, 26.7000, 26.8200, 18768
2014-09-03, 26.8401, 26.9200, 26.7500, 26.7700, 15873
2014-09-04, 26.8999, 26.8999, 26.7000, 26.7000, 14574
2014-09-05, 26.5700, 26.7500, 26.5700, 26.7500, 12250
2014-09-08, 26.6900, 26.7299, 26.6400, 26.6965, 10138
2014-09-09, 26.5401, 26.6200, 26.4710, 26.5100, 10086
2014-09-10, 26.4301, 26.5699, 26.4301, 26.5100, 4897
2014-09-11, 26.5600, 26.6600, 26.5600, 26.6200, 16908
2014-09-12, 26.5199, 26.5199, 26.3600, 26.3901, 4767
2014-09-15, 26.3499, 26.3700, 26.2901, 26.3201, 5557
2014-09-16, 26.2000, 26.4100, 26.2000, 26.3799, 5908
2014-09-17, 26.3300, 26.4400, 26.3200, 26.3800, 7108
2014-09-18, 26.3100, 26.4200, 26.3100, 26.3900, 17762
2014-09-19, 26.4500, 26.4800, 26.1800, 26.2700, 98927
2014-09-22, 26.1399, 26.1399, 25.9400, 25.9400, 12114
2014-09-23, 25.8400, 25.9700, 25.7200, 25.7200, 19332
2014-09-24, 25.6699, 25.9200, 25.6400, 25.9200, 11141
2014-09-25, 25.5499, 25.5700, 25.5301, 25.5500, 11485
2014-09-26, 25.6100, 25.6900, 25.5900, 25.6800, 5337
2014-09-29, 25.6000, 25.6400, 25.5700, 25.6400, 11150
2014-09-30, 25.5600, 25.6600, 25.4600, 25.4900, 8285
2014-10-01, 25.4000, 25.4900, 25.0600, 25.1200, 12673
2014-10-02, 25.1299, 25.2800, 24.9600, 25.1900, 23310
2014-10-03, 25.3401, 25.3899, 25.3401, 25.3500, 11538
2014-10-06, 25.4200, 25.4200, 25.2300, 25.2500, 22363
2014-10-07, 25.1169, 25.1600, 24.9301, 24.9301, 23095
2014-10-08, 24.8700, 25.3100, 24.7479, 25.3100, 21503
2014-10-09, 25.0501, 25.1100, 24.7700, 24.8000, 14905
2014-10-10, 24.6900, 24.7900, 24.4600, 24.4600, 35346
2014-10-13, 24.5099, 24.6700, 24.3300, 24.3300, 21328
2014-10-14, 24.4400, 24.6300, 24.3600, 24.3600, 14395
2014-10-15, 23.5700, 24.5100, 23.5300, 24.4700, 19622
2014-10-16, 24.5200, 24.6300, 24.3500, 24.5000, 6840
2014-10-17, 24.7001, 24.7899, 24.5400, 24.6500, 18139
2014-10-20, 24.5800, 24.8100, 24.5800, 24.8100, 22132
2014-10-21, 25.1800, 25.3700, 25.1601, 25.3100, 115924
2014-10-22, 25.4200, 25.4700, 25.1100, 25.1100, 22696
2014-10-23, 25.4500, 25.5599, 25.4090, 25.4300, 65086
2014-10-24, 25.4100, 25.4400, 25.4100, 25.4101, 2494
2014-10-27, 25.2401, 25.3900, 25.2401, 25.3799, 4438
2014-10-28, 25.6000, 25.9300, 25.6000, 25.9300, 12244
2014-10-29, 26.0500, 26.0500, 25.7900, 25.9200, 8999
2014-10-30, 25.8699, 26.0600, 25.8400, 26.0200, 22860
2014-10-31, 26.3600, 26.3600, 26.2900, 26.3501, 18654
2014-11-03, 26.4400, 26.5200, 26.2700, 26.2901, 4612
2014-11-04, 26.3700, 26.3700, 26.1800, 26.3400, 33062
2014-11-05, 26.4600, 26.4600, 26.3100, 26.3800, 16784
2014-11-06, 26.4500, 26.4900, 26.4100, 26.4900, 58493
2014-11-07, 26.5300, 26.5600, 26.4500, 26.5000, 194512
2014-11-10, 26.5700, 26.6000, 26.4700, 26.5500, 269687
2014-11-11, 26.6100, 26.6200, 26.5500, 26.5700, 93269
2014-11-12, 26.5500, 26.7099, 26.5500, 26.7099, 146980
2014-11-13, 26.6900, 26.7300, 26.5100, 26.5600, 116089
2014-11-14, 26.5900, 26.6000, 26.5899, 26.6000, 91412
2014-11-17, 26.5700, 26.5800, 26.4900, 26.5300, 76958
2014-11-18, 26.6700, 26.6800, 26.6300, 26.6400, 121166
2014-11-19, 26.5100, 26.5600, 26.4301, 26.4600, 164832
2014-11-20, 26.4600, 26.7200, 26.4600, 26.7200, 155026
2014-11-21, 26.9000, 26.9200, 26.7900, 26.8300, 151598
2014-11-24, 26.7700, 26.9400, 26.7625, 26.9200, 118441
2014-11-25, 26.9100, 26.9701, 26.8700, 26.9300, 194917
2014-11-26, 26.8782, 26.9600, 26.8700, 26.9500, 85411
2014-11-28, 26.8200, 26.8800, 26.7000, 26.7000, 2030
2014-12-01, 26.5099, 26.5200, 26.4300, 26.5200, 55344
2014-12-02, 26.4500, 26.6300, 26.4500, 26.5600, 246105
2014-12-03, 26.8000, 26.8400, 26.7401, 26.8300, 67999
2014-12-04, 26.6900, 26.7400, 26.6401, 26.6401, 148601
2014-12-05, 26.8100, 26.8500, 26.7500, 26.7900, 86630
2014-12-08, 26.7600, 26.8300, 26.3900, 26.4564, 102153
2014-12-09, 26.4200, 26.6700, 26.3000, 26.6500, 125774
2014-12-10, 26.6000, 26.6000, 26.1800, 26.2199, 78894
2014-12-11, 26.2700, 26.5000, 26.2001, 26.2200, 115242
2014-12-12, 26.0400, 26.0800, 25.9500, 25.9600, 95153
2014-12-15, 25.9300, 25.9300, 25.7400, 25.8400, 90628
2014-12-16, 25.5900, 25.9100, 25.5900, 25.6900, 159456
2014-12-17, 25.6500, 26.1200, 25.6001, 26.1200, 110984
2014-12-18, 26.4560, 26.5800, 26.2900, 26.5501, 72800
2014-12-19, 26.6400, 26.8100, 26.5900, 26.8100, 81972
2014-12-22, 26.7101, 26.8200, 26.6701, 26.8200, 110721
2014-12-23, 26.9800, 27.0200, 26.9500, 26.9500, 68533
2014-12-24, 26.9900, 27.0200, 26.9900, 27.0200, 4883
2014-12-26, 27.0601, 27.1500, 27.0600, 27.0600, 43579
2014-12-29, 27.1200, 27.2100, 27.1200, 27.1900, 103302
2014-12-30, 27.1200, 27.1600, 27.0300, 27.0300, 82279
2014-12-31, 27.1400, 27.1800, 26.8300, 26.8300, 78508
2015-01-02, 26.9400, 26.9400, 26.5300, 26.7400, 22023
2015-01-05, 26.4800, 26.4800, 26.1701, 26.2500, 75822
2015-01-06, 26.1700, 26.3000, 25.8200, 25.9300, 169069
2015-01-07, 26.0300, 26.2000, 25.9700, 26.2000, 71498
2015-01-08, 26.2900, 26.6300, 26.2900, 26.6200, 154391
2015-01-09, 26.5600, 26.5600, 26.3100, 26.3900, 79303
2015-01-12, 26.1100, 26.2600, 26.1100, 26.1900, 62814
2015-01-13, 26.4300, 26.6200, 25.9900, 26.2000, 81467
2015-01-14, 26.0400, 26.0700, 25.8200, 26.0500, 46833
2015-01-15, 26.2200, 26.2200, 25.8201, 25.8400, 33069
2015-01-16, 26.0200, 26.1400, 25.9927, 26.1300, 100490
2015-01-20, 26.0401, 26.2000, 26.0401, 26.1100, 183824
2015-01-21, 26.1000, 26.3000, 26.1000, 26.2300, 114373
2015-01-22, 26.2300, 26.6800, 26.2200, 26.6700, 30293
2015-01-23, 26.5501, 26.7200, 26.5501, 26.6700, 49213
2015-01-26, 26.6600, 26.7700, 26.6600, 26.7300, 102538
2015-01-27, 26.6200, 26.7300, 26.4901, 26.6500, 101934
2015-01-28, 26.6100, 26.6100, 26.2000, 26.2000, 17748
2015-01-29, 26.2900, 26.3952, 26.0805, 26.3600, 2547
2015-01-30, 26.1500, 26.1500, 26.0052, 26.0200, 7449
2015-02-02, 24.4600, 26.3000, 24.4600, 26.2900, 60813
2015-02-03, 26.5800, 26.8500, 26.5800, 26.8153, 119051
2015-02-04, 26.7300, 26.8100, 26.6301, 26.6700, 117983
2015-02-05, 26.8500, 27.0500, 26.8500, 27.0200, 135133
2015-02-06, 26.9700, 27.1100, 26.9400, 26.9400, 193476
2015-02-09, 26.9790, 27.0400, 26.8601, 26.9100, 95494
2015-02-10, 26.7200, 27.0400, 26.7200, 27.0200, 16836
2015-02-11, 26.8701, 27.0799, 26.8701, 26.9500, 30070
2015-02-12, 27.1800, 27.2400, 27.1800, 27.1900, 52877
2015-02-13, 27.2707, 27.4000, 27.2301, 27.3700, 45445
2015-02-17, 27.2600, 27.4200, 27.2600, 27.3900, 57062
2015-02-18, 27.2701, 27.4000, 27.2620, 27.3500, 88849
2015-02-19, 27.3900, 27.4600, 27.3100, 27.3400, 73010
2015-02-20, 27.1800, 27.4700, 27.1800, 27.4600, 85270
2015-02-23, 27.3201, 27.4400, 27.3201, 27.4100, 25073
2015-02-24, 27.4200, 27.5700, 27.4140, 27.5200, 38972
2015-02-25, 27.4321, 27.5500, 27.4321, 27.4900, 54840
2015-02-26, 27.5100, 27.5900, 27.4601, 27.5000, 47881
2015-02-27, 27.5000, 27.5500, 27.4300, 27.4300, 61324
2015-03-02, 27.5599, 27.5599, 27.4680, 27.5200, 19612
2015-03-03, 27.4500, 27.4600, 27.3501, 27.3701, 30036
2015-03-04, 27.1601, 27.3300, 27.1601, 27.3300, 13089
2015-03-05, 27.2900, 27.3700, 27.2600, 27.3700, 37047
2015-03-06, 27.1501, 27.2300, 27.0200, 27.0300, 84998
2015-03-09, 27.0101, 27.1300, 27.0101, 27.0800, 20716
2015-03-10, 26.7201, 26.8200, 26.7200, 26.7200, 74580
2015-03-11, 26.6800, 26.8500, 26.6800, 26.8200, 19916
2015-03-12, 26.9800, 27.1400, 26.9700, 27.1400, 22555
2015-03-13, 26.8801, 27.0100, 26.8801, 27.0100, 11897
2015-03-16, 27.0400, 27.2200, 27.0400, 27.2000, 35405
2015-03-17, 27.0300, 27.1300, 27.0001, 27.1300, 71604
2015-03-18, 27.3700, 27.5100, 27.0701, 27.4100, 85626
2015-03-19, 27.3700, 27.3700, 27.2701, 27.3600, 13488
2015-03-20, 27.4900, 27.6400, 27.4900, 27.6000, 16263
2015-03-23, 27.7699, 27.7899, 27.7100, 27.7700, 13162
2015-03-24, 27.6300, 27.6900, 27.5801, 27.6099, 39360
2015-03-25, 27.5500, 27.5600, 27.1600, 27.1600, 62200
2015-03-26, 27.1000, 27.1200, 27.0700, 27.1200, 18278
2015-03-27, 27.0700, 27.1900, 27.0700, 27.1900, 16915
2015-03-30, 27.4099, 27.5199, 27.4080, 27.4844, 9223
2015-03-31, 27.3701, 27.4699, 27.3120, 27.3120, 29586
2015-04-01, 27.4000, 27.4000, 27.3300, 27.3700, 5225
2015-04-02, 27.5501, 27.6200, 27.4901, 27.5060, 8610
2015-04-06, 27.3500, 27.7500, 27.3500, 27.7300, 16776
2015-04-07, 27.6501, 27.7200, 27.5401, 27.5800, 23451
2015-04-08, 27.5800, 27.6500, 27.4700, 27.6399, 46203
2015-04-09, 27.6599, 27.6700, 27.5100, 27.6200, 41543
2015-04-10, 27.7500, 27.7800, 27.6901, 27.7800, 9829
2015-04-13, 27.8300, 27.8400, 27.6700, 27.6801, 35788
2015-04-14, 27.6400, 27.7800, 27.5800, 27.7400, 23287
2015-04-15, 27.9600, 28.0500, 27.8800, 27.9500, 20275
2015-04-16, 27.8100, 27.9600, 27.8100, 27.8900, 34223
2015-04-17, 27.6300, 27.6300, 27.4000, 27.5100, 44947
2015-04-20, 27.6400, 27.8000, 27.6400, 27.7200, 34587
2015-04-21, 27.6901, 27.7800, 27.6400, 27.6501, 56738
2015-04-22, 27.5799, 27.7600, 27.5799, 27.7210, 88662
2015-04-23, 27.6701, 27.9300, 27.6701, 27.8400, 29218
2015-04-24, 27.8244, 27.8600, 27.7701, 27.8200, 27378
2015-04-27, 28.0199, 28.0199, 27.5901, 27.6651, 10327
2015-04-28, 27.6900, 27.8500, 27.6300, 27.8100, 38560
2015-04-29, 27.5701, 27.7300, 27.5701, 27.6500, 28098
2015-04-30, 27.4200, 27.4900, 27.2590, 27.3200, 27556
2015-05-01, 27.4100, 27.5500, 27.3700, 27.5500, 26645
2015-05-04, 27.6800, 27.6900, 27.5400, 27.5700, 24242
2015-05-05, 27.4001, 27.4699, 27.2000, 27.2700, 46236
2015-05-06, 27.2590, 27.2800, 27.1500, 27.2300, 28978
2015-05-07, 27.1400, 27.3600, 27.1000, 27.2500, 57698
2015-05-08, 27.4800, 27.5299, 27.4000, 27.4400, 103462
2015-05-11, 27.5400, 27.5700, 27.4600, 27.5040, 13853
2015-05-12, 27.2301, 27.4400, 27.2301, 27.3800, 69638
2015-05-13, 27.4000, 27.4900, 27.3600, 27.3640, 38373
2015-05-14, 27.5699, 27.6300, 27.4901, 27.5700, 19797
2015-05-15, 27.5308, 27.6000, 27.5120, 27.6000, 14359
2015-05-18, 27.5301, 27.8200, 27.5301, 27.7800, 15480
2015-05-19, 27.6699, 27.7400, 27.6300, 27.7200, 29653
2015-05-20, 27.7700, 27.8300, 27.7001, 27.7480, 80993
2015-05-21, 27.7571, 27.8500, 27.7400, 27.7500, 14517
2015-05-22, 27.7300, 27.7300, 27.6401, 27.6600, 30765
2015-05-26, 27.3400, 27.3900, 27.2800, 27.3200, 21776
2015-05-27, 27.3615, 27.6100, 27.3615, 27.6100, 44825
2015-05-28, 27.4799, 27.5500, 27.4300, 27.5500, 5116
2015-05-29, 27.4500, 27.5399, 27.4300, 27.4600, 6903
2015-06-01, 27.3600, 27.5500, 27.3600, 27.4900, 14526
2015-06-02, 27.4701, 27.6100, 27.4701, 27.5000, 54503
2015-06-03, 27.6801, 27.7500, 27.6400, 27.6899, 22595
2015-06-04, 27.5200, 27.5299, 27.3800, 27.4100, 16556
2015-06-05, 27.2900, 27.4599, 27.2900, 27.4100, 14286
2015-06-08, 27.5100, 27.5100, 27.3100, 27.3100, 31125
2015-06-09, 27.1900, 27.3500, 27.1900, 27.2900, 27372
2015-06-10, 27.5500, 27.6599, 27.5500, 27.6400, 15566
2015-06-11, 27.6501, 27.6800, 27.5900, 27.6300, 59444
2015-06-12, 27.5800, 27.5900, 27.5000, 27.5700, 11666
2015-06-15, 27.3501, 27.4400, 27.3501, 27.4100, 30359
2015-06-16, 27.3700, 27.5200, 27.3700, 27.4900, 13537
2015-06-17, 27.5200, 27.5799, 27.3900, 27.5100, 14282
2015-06-18, 27.6300, 27.7500, 27.6300, 27.7300, 17390
2015-06-19, 27.6500, 27.7500, 27.6400, 27.6400, 23488
2015-06-22, 27.7400, 27.8400, 27.7200, 27.7900, 16270
2015-06-23, 27.7401, 27.9000, 27.7401, 27.8899, 20115
2015-06-24, 27.7700, 27.8599, 27.6300, 27.6800, 31404
2015-06-25, 27.6200, 27.6999, 27.5000, 27.5899, 13060
2015-06-26, 27.6300, 27.6500, 27.5000, 27.5500, 23085
2015-06-29, 27.4100, 27.4100, 27.0101, 27.0999, 21264
2015-06-30, 27.1500, 27.1500, 26.9200, 26.9700, 69120
2015-07-01, 27.2600, 27.2600, 27.0600, 27.1400, 16786
2015-07-02, 27.0700, 27.1400, 26.9500, 27.0800, 78559
2015-07-06, 26.8900, 26.9900, 26.7701, 26.9300, 95110
2015-07-07, 26.6600, 27.0800, 26.6200, 27.0800, 56399
2015-07-08, 26.7201, 26.7800, 26.5900, 26.6480, 33440
2015-07-09, 26.9100, 26.9100, 26.6700, 26.6900, 51781
2015-07-10, 26.9200, 27.0000, 26.8700, 27.0000, 87223
2015-07-13, 27.1900, 27.2300, 27.1248, 27.2300, 93515
2015-07-14, 27.2900, 27.3600, 27.2900, 27.3600, 45320
2015-07-15, 27.2800, 27.2900, 27.1200, 27.1422, 52282
2015-07-16, 27.3200, 27.3400, 27.2401, 27.3200, 91001
2015-07-17, 27.1400, 27.1500, 27.0400, 27.1100, 26262
2015-07-20, 26.9500, 27.0200, 26.9500, 26.9500, 107548
2015-07-21, 27.0500, 27.0500, 26.7700, 26.8000, 174404
2015-07-22, 26.7000, 26.8400, 26.7000, 26.8000, 49931
2015-07-23, 26.7700, 26.8500, 26.5301, 26.6000, 51006
2015-07-24, 26.5400, 26.5500, 26.2474, 26.3200, 73911
2015-07-27, 26.1601, 26.2000, 26.0670, 26.0900, 145653
2015-07-28, 25.9900, 26.3300, 25.9900, 26.3300, 63161
2015-07-29, 26.3700, 26.5700, 26.3700, 26.5499, 163775
2015-07-30, 26.4800, 26.6400, 26.4500, 26.6400, 64494
2015-07-31, 26.5900, 26.7700, 26.5601, 26.5601, 37110
2015-08-03, 26.6000, 26.6000, 26.3100, 26.3800, 76861
2015-08-04, 26.4400, 26.5700, 26.3601, 26.3800, 114252
2015-08-05, 26.6100, 26.6800, 26.4201, 26.5100, 261484
2015-08-06, 26.3700, 26.4800, 26.3500, 26.3700, 70421
2015-08-07, 26.3000, 26.3100, 26.1300, 26.2599, 142519
2015-08-10, 26.4350, 26.6800, 26.4350, 26.6600, 260110
2015-08-11, 26.4700, 26.5200, 26.3400, 26.4400, 221077
2015-08-12, 26.2800, 26.4900, 26.1250, 26.4900, 141720
2015-08-13, 26.3500, 26.4400, 26.2700, 26.2700, 165194
2015-08-14, 26.3101, 26.4700, 26.3000, 26.4700, 117564
2015-08-17, 26.4500, 26.6200, 26.4100, 26.6200, 51929
2015-08-18, 26.5200, 26.5900, 26.4300, 26.4700, 110535
2015-08-19, 26.1600, 26.3400, 26.1000, 26.1900, 165978
2015-08-20, 26.0100, 26.0100, 25.7000, 25.7200, 146036
2015-08-21, 25.4100, 25.4800, 25.1590, 25.1900, 172488
2015-08-24, 24.1700, 24.8600, 23.7000, 24.2300, 85371
2015-08-25, 24.7800, 24.7800, 24.0101, 24.0101, 151052
2015-08-26, 24.2901, 24.5800, 24.1201, 24.5800, 67659
2015-08-27, 24.8700, 25.2400, 24.8700, 25.1200, 123993
2015-08-28, 25.1400, 25.3500, 25.1400, 25.3000, 61762
2015-08-31, 25.2500, 25.4400, 25.2500, 25.4000, 27555
2015-09-01, 24.8900, 24.9342, 24.6500, 24.6500, 22929
2015-09-02, 24.9500, 24.9500, 24.7000, 24.9100, 98463
2015-09-03, 25.1900, 25.2650, 25.0301, 25.0400, 78919
2015-09-04, 24.8700, 24.8800, 24.7300, 24.8300, 49770
2015-09-08, 25.0900, 25.2600, 25.0900, 25.2600, 113051
2015-09-09, 25.3300, 25.3400, 25.0400, 25.0699, 84023
2015-09-10, 24.9400, 25.1800, 24.9400, 25.0100, 60195
2015-09-11, 24.9100, 25.0000, 24.8158, 24.9930, 262070
2015-09-14, 25.0300, 25.0300, 24.9000, 24.9100, 120949
2015-09-15, 25.0200, 25.2500, 25.0200, 25.2380, 202540
2015-09-16, 25.2300, 25.4800, 25.2300, 25.4700, 147914
2015-09-17, 25.4001, 25.6900, 25.4001, 25.4800, 136406
2015-09-18, 25.0600, 25.2500, 24.9600, 24.9600, 31937
2015-09-21, 25.1400, 25.3300, 25.0300, 25.0800, 84380
2015-09-22, 24.8100, 24.8100, 24.6000, 24.7100, 84289
2015-09-23, 24.7900, 24.8300, 24.5704, 24.6500, 109373
2015-09-24, 24.6400, 24.6800, 24.4000, 24.6499, 51110
2015-09-25, 24.7900, 24.7900, 24.4600, 24.4900, 55784
2015-09-28, 24.3600, 24.3600, 23.8700, 23.8700, 64433
2015-09-29, 23.9100, 24.0400, 23.7200, 23.8200, 31176
2015-09-30, 24.0900, 24.1599, 23.9800, 24.1599, 53060
2015-10-01, 24.1000, 24.1500, 23.8906, 23.9899, 103904
2015-10-02, 23.8400, 24.3900, 23.8400, 24.3900, 122627
2015-10-05, 24.8306, 25.0800, 24.8306, 25.0600, 87333
2015-10-06, 25.0700, 25.1400, 25.0300, 25.1400, 70750
2015-10-07, 25.2900, 25.3900, 25.1400, 25.3400, 251183
2015-10-08, 25.4103, 25.7000, 25.4103, 25.6600, 47201
2015-10-09, 25.7200, 25.7300, 25.6400, 25.6700, 52901
2015-10-12, 25.5900, 25.6900, 25.5700, 25.6600, 89800
2015-10-13, 25.7600, 25.7700, 25.4200, 25.4200, 55776
2015-10-14, 25.4800, 25.5100, 25.2100, 25.2400, 71491
2015-10-15, 25.2700, 25.5900, 25.2200, 25.5900, 114441
2015-10-16, 25.5300, 25.6100, 25.4200, 25.5800, 184603
2015-10-19, 25.5300, 25.6500, 25.5200, 25.6200, 23693
2015-10-20, 25.7100, 25.7600, 25.6300, 25.6800, 110592
2015-10-21, 25.7000, 25.7000, 25.3900, 25.3900, 29484
2015-10-22, 25.6440, 25.7250, 25.5300, 25.5700, 79959
2015-10-23, 25.7600, 25.8400, 25.6200, 25.7800, 70729
2015-10-26, 25.7700, 25.7700, 25.6200, 25.6200, 45562
2015-10-27, 25.3600, 25.4600, 25.2702, 25.3100, 93509
2015-10-28, 25.6000, 25.8900, 25.4800, 25.8600, 49760
2015-10-29, 25.7800, 25.8300, 25.6501, 25.7100, 56718
2015-10-30, 25.7840, 25.8500, 25.6800, 25.6900, 16044
2015-11-02, 25.8800, 26.1890, 25.8400, 26.1200, 83167
2015-11-03, 26.2070, 26.3800, 26.2070, 26.3700, 36477
2015-11-04, 26.3389, 26.3655, 26.1601, 26.1700, 21945
2015-11-05, 26.1200, 26.3700, 26.1200, 26.3000, 37766
2015-11-06, 26.1300, 26.4480, 26.1300, 26.4100, 49820
2015-11-09, 26.1600, 26.2400, 26.0200, 26.0900, 153588
2015-11-10, 26.0701, 26.1600, 26.0099, 26.1200, 73535
2015-11-11, 26.0300, 26.0310, 25.8900, 25.8900, 24761
2015-11-12, 25.6700, 25.6700, 25.3900, 25.3900, 22084
2015-11-13, 25.1500, 25.3400, 25.1500, 25.1800, 84096
2015-11-16, 25.1700, 25.4900, 25.1601, 25.4700, 70165
2015-11-17, 25.5300, 25.6700, 25.3400, 25.3900, 62872
2015-11-18, 25.4800, 25.8100, 25.4500, 25.8100, 80076
2015-11-19, 25.7500, 25.7500, 25.6400, 25.6900, 32290
2015-11-20, 25.8418, 25.8800, 25.7700, 25.8200, 66362
2015-11-23, 25.9700, 25.9800, 25.8082, 25.8260, 31065
2015-11-24, 25.7900, 26.0900, 25.7900, 26.0700, 91304
2015-11-25, 26.1100, 26.2100, 26.1099, 26.1600, 6882
2015-11-27, 26.2400, 26.2400, 26.2100, 26.2100, 201
2015-11-30, 26.3200, 26.3200, 26.1401, 26.1900, 50319
2015-12-01, 26.2500, 26.3299, 26.1856, 26.3101, 31309
2015-12-02, 26.2900, 26.3700, 26.0100, 26.0100, 27561
2015-12-03, 26.1400, 26.1400, 25.6500, 25.6900, 178784
2015-12-04, 25.8780, 25.9700, 25.8700, 25.9500, 43075
2015-12-07, 25.8500, 25.8500, 25.4900, 25.5700, 66888
2015-12-08, 25.2800, 25.4500, 25.2800, 25.3700, 96051
2015-12-09, 25.3100, 25.5600, 25.1400, 25.1600, 96157
2015-12-10, 25.1600, 25.4000, 25.1600, 25.2000, 71042
2015-12-11, 24.8100, 24.9000, 24.6500, 24.7200, 109498
2015-12-14, 24.4001, 24.5200, 24.3722, 24.5200, 294201
2015-12-15, 24.7100, 24.8990, 24.7100, 24.8500, 217737
2015-12-16, 24.9900, 25.2000, 24.9200, 25.1700, 48990
2015-12-17, 25.0700, 25.0900, 24.8400, 24.8400, 114519
2015-12-18, 24.7800, 24.7800, 24.5400, 24.5500, 55088
2015-12-21, 24.7100, 24.7800, 24.5700, 24.6800, 72669
2015-12-22, 24.7101, 25.0800, 24.7101, 24.9860, 179965
2015-12-23, 25.1500, 25.4300, 25.1500, 25.3900, 80055
2015-12-24, 25.4000, 25.5274, 25.4000, 25.4400, 5705
2015-12-28, 25.1300, 25.2400, 25.1100, 25.1900, 73902
2015-12-29, 25.1800, 25.2799, 25.0900, 25.2700, 46749
2015-12-30, 25.2000, 25.2000, 25.0100, 25.0100, 52656
2015-12-31, 24.8101, 24.9600, 24.7800, 24.8100, 18013
2016-01-04, 24.4300, 24.4500, 24.1800, 24.3700, 236026
2016-01-05, 24.4400, 24.4900, 24.3700, 24.4300, 35868
2016-01-06, 24.1400, 24.2900, 24.0100, 24.0100, 120400
2016-01-07, 23.7561, 23.8364, 23.5000, 23.5300, 44994
2016-01-08, 23.5200, 23.5200, 23.1100, 23.1100, 86952
2016-01-11, 23.1900, 23.2100, 22.8900, 23.1300, 87199
2016-01-12, 23.2200, 23.2700, 22.9550, 23.2700, 89216
2016-01-13, 23.1400, 23.1900, 22.6200, 22.6400, 18768
2016-01-14, 22.5000, 23.0400, 22.5000, 22.8700, 55035
2016-01-15, 22.3400, 22.5400, 22.1800, 22.4400, 143811
2016-01-19, 22.7000, 22.7000, 22.1500, 22.3400, 152036
2016-01-20, 21.6800, 22.4100, 21.6600, 22.2200, 169277
2016-01-21, 22.3100, 22.5100, 22.1700, 22.3200, 51456
2016-01-22, 22.7500, 22.7706, 22.5700, 22.7500, 58054
2016-01-25, 22.6700, 22.7000, 22.3100, 22.3100, 28797
2016-01-26, 22.7190, 22.7901, 22.7190, 22.7600, 15308
2016-01-27, 22.7570, 22.7570, 22.5500, 22.5550, 15143
2016-01-28, 22.5900, 22.6999, 22.5700, 22.6100, 167429
2016-01-29, 22.9400, 23.2400, 22.9101, 23.2400, 18320
2016-02-01, 23.2200, 23.4300, 23.1700, 23.3700, 54618
2016-02-02, 22.9800, 22.9800, 22.8000, 22.8300, 192644
2016-02-03, 22.9500, 22.9600, 22.4300, 22.8800, 57239
2016-02-04, 22.9400, 23.1200, 22.8700, 23.0100, 25425
2016-02-05, 22.9053, 22.9200, 22.6200, 22.6200, 62915
2016-02-08, 22.3700, 22.3700, 22.0500, 22.3300, 34867
2016-02-09, 22.3300, 22.4400, 22.1842, 22.3300, 51828
2016-02-10, 22.4000, 22.5800, 22.3100, 22.3100, 35820
2016-02-11, 21.9310, 22.1100, 21.8600, 22.0000, 125836
2016-02-12, 22.2200, 22.5099, 22.1000, 22.4500, 30366
2016-02-16, 22.7100, 22.9400, 22.6300, 22.9100, 82825
2016-02-17, 23.2010, 23.3200, 23.2010, 23.2900, 52022
2016-02-18, 23.2800, 23.3700, 23.2200, 23.2900, 41875
2016-02-19, 23.1500, 23.1999, 23.0100, 23.1982, 10951
2016-02-22, 23.5364, 23.6000, 23.4900, 23.5600, 105351
2016-02-23, 23.5900, 23.5900, 23.3900, 23.4000, 133815
2016-02-24, 23.1456, 23.6800, 23.1456, 23.6500, 42258
2016-02-25, 23.6948, 23.8900, 23.6901, 23.8800, 65252
2016-02-26, 24.0100, 24.0200, 23.8400, 23.8701, 20323
2016-02-29, 23.9100, 24.0800, 23.8300, 23.8300, 85455
2016-03-01, 23.9700, 24.2800, 23.9700, 24.2600, 62007
2016-03-02, 24.2300, 24.4001, 24.2140, 24.4000, 42939
2016-03-03, 24.4900, 24.7100, 24.4900, 24.6800, 41054
2016-03-04, 24.6800, 24.8800, 24.6800, 24.7301, 108745
2016-03-07, 24.9000, 24.9500, 24.7700, 24.9300, 103407
2016-03-08, 24.6100, 24.7600, 24.6000, 24.6100, 48089
2016-03-09, 24.6668, 24.8600, 24.6302, 24.7600, 30409
2016-03-10, 24.6100, 24.8000, 24.5164, 24.7499, 26249
2016-03-11, 25.0967, 25.2200, 25.0757, 25.2199, 39750
2016-03-14, 25.1300, 25.1499, 25.0100, 25.1200, 46091
2016-03-15, 24.6900, 24.7700, 24.6510, 24.7100, 67650
2016-03-16, 24.7500, 25.0134, 24.7500, 24.9500, 12611
2016-03-17, 25.0100, 25.1975, 25.0100, 25.1400, 88038
2016-03-18, 25.2500, 25.3990, 25.2450, 25.2800, 47478
2016-03-21, 25.2700, 25.3400, 25.2270, 25.2943, 12940
2016-03-22, 25.2700, 25.3800, 25.2401, 25.2899, 28830
2016-03-23, 25.1577, 25.1700, 25.0305, 25.0499, 31003
2016-03-24, 24.7800, 24.9700, 24.7800, 24.9700, 77965
2016-03-28, 24.9400, 25.1200, 24.9300, 25.0300, 27062
2016-03-29, 25.0400, 25.3900, 25.0200, 25.3600, 146156
2016-03-30, 25.4469, 25.5000, 25.3300, 25.3900, 97006
2016-03-31, 25.3628, 25.4300, 25.3200, 25.3300, 29753
2016-04-01, 25.1301, 25.4499, 25.1301, 25.4100, 12979
2016-04-04, 25.2800, 25.3500, 25.2300, 25.2300, 29991
2016-04-05, 25.1000, 25.1200, 24.9800, 25.0097, 28053
2016-04-06, 24.9900, 25.1900, 24.9801, 25.1900, 10434
2016-04-07, 25.0606, 25.0610, 24.7500, 24.8300, 10815
2016-04-08, 25.1300, 25.1300, 24.8169, 24.8700, 66803
2016-04-11, 24.9700, 25.0047, 24.8300, 24.8600, 16287
2016-04-12, 24.8900, 25.0895, 24.7501, 25.0045, 52814
2016-04-13, 25.1846, 25.4500, 25.1846, 25.4200, 32909
2016-04-14, 25.2789, 25.4199, 25.2611, 25.3200, 18131
2016-04-15, 25.3100, 25.3899, 25.2856, 25.3215, 23309
2016-04-18, 25.3851, 25.5000, 25.3851, 25.4600, 29582
2016-04-19, 25.5808, 25.6200, 25.4801, 25.5400, 52426
2016-04-20, 25.5301, 25.7000, 25.5001, 25.6200, 42083
2016-04-21, 25.4650, 25.5100, 25.2800, 25.3000, 36785
2016-04-22, 25.4601, 25.5136, 25.3800, 25.4500, 14014
2016-04-25, 25.3900, 25.3900, 25.2701, 25.3450, 59568
2016-04-26, 25.4400, 25.6100, 25.4200, 25.5600, 33981
2016-04-27, 25.5876, 25.7899, 25.5700, 25.7899, 33929
2016-04-28, 25.6007, 25.6960, 25.3600, 25.3600, 43866
2016-04-29, 25.0901, 25.2000, 25.0061, 25.1300, 4028
2016-05-02, 25.1578, 25.2600, 25.1200, 25.2400, 28020
2016-05-03, 24.9350, 25.0200, 24.8700, 24.9500, 25167
2016-05-04, 24.8800, 24.9300, 24.6800, 24.7400, 31273
2016-05-05, 24.7401, 24.8000, 24.6101, 24.6300, 32355
2016-05-06, 24.6142, 24.7536, 24.6142, 24.7200, 8614
2016-05-09, 24.7000, 24.8594, 24.7000, 24.7800, 24393
2016-05-10, 24.9000, 25.0100, 24.8700, 25.0000, 28471
2016-05-11, 24.9100, 24.9299, 24.7600, 24.8099, 24464
2016-05-12, 24.6150, 24.7200, 24.5555, 24.6200, 20694
2016-05-13, 24.6684, 24.7200, 24.3975, 24.4500, 24388
2016-05-16, 24.4600, 24.7500, 24.4600, 24.6500, 49791
2016-05-17, 24.6952, 24.7250, 24.3600, 24.4100, 36205
2016-05-18, 24.4501, 24.5300, 24.3500, 24.4000, 43918
2016-05-19, 24.3600, 24.4200, 24.2448, 24.4000, 17138
2016-05-20, 24.6150, 24.7090, 24.5800, 24.6400, 42864
2016-05-23, 24.6900, 24.7348, 24.5900, 24.5900, 8805
2016-05-24, 24.8501, 25.0300, 24.8501, 24.9700, 18783
2016-05-25, 25.1000, 25.1699, 25.0501, 25.1000, 33782
2016-05-26, 25.0401, 25.1290, 25.0201, 25.0600, 34736
2016-05-27, 25.1900, 25.2300, 25.1300, 25.2300, 12191
2016-05-31, 25.3200, 25.3500, 25.1900, 25.2947, 16717
2016-06-01, 25.1954, 25.4300, 25.1954, 25.3700, 10131
2016-06-02, 25.3000, 25.4800, 25.3000, 25.4800, 17806
2016-06-03, 25.2679, 25.4400, 25.2679, 25.3700, 13835
2016-06-06, 25.4800, 25.5800, 25.4500, 25.5700, 14759
2016-06-07, 25.6299, 25.7400, 25.6200, 25.6200, 28587
2016-06-08, 25.7499, 25.7600, 25.6857, 25.7600, 23072
2016-06-09, 25.5899, 25.7000, 25.5799, 25.6900, 13139
2016-06-10, 25.4099, 25.4900, 25.2700, 25.3500, 16036
2016-06-13, 25.3500, 25.3500, 24.9800, 24.9800, 11756
2016-06-14, 24.8600, 24.8600, 24.6801, 24.8300, 31201
2016-06-15, 24.9900, 24.9900, 24.8000, 24.8000, 46002
2016-06-16, 24.7100, 24.8500, 24.5500, 24.8300, 32923
2016-06-17, 24.9000, 24.9700, 24.8000, 24.8900, 65909
2016-06-20, 25.2242, 25.2600, 25.1000, 25.1000, 26686
2016-06-21, 25.0722, 25.2300, 25.0722, 25.1500, 31370
2016-06-22, 25.3000, 25.3000, 25.1100, 25.1200, 14497
2016-06-23, 25.3000, 25.4700, 25.3000, 25.4431, 16996
2016-06-24, 24.6300, 24.8250, 24.5275, 24.5400, 20560
2016-06-27, 24.2200, 24.2200, 23.8300, 23.9760, 30270
2016-06-28, 24.1500, 24.3490, 24.1500, 24.3200, 41690
2016-06-29, 24.6700, 24.7895, 24.6200, 24.7100, 12675
2016-06-30, 24.8250, 25.1400, 24.8250, 25.1400, 14124
2016-07-01, 25.3399, 25.3399, 25.1801, 25.2700, 10468
2016-07-05, 24.9300, 25.0000, 24.8500, 24.9300, 23604
2016-07-06, 24.8400, 25.0800, 24.7964, 25.0700, 55659
2016-07-07, 25.2781, 25.2950, 25.0400, 25.1050, 29235
2016-07-08, 25.5590, 25.6499, 25.5590, 25.5700, 3837
2016-07-11, 25.7701, 25.8199, 25.7600, 25.7947, 16761
2016-07-12, 25.9784, 26.1200, 25.9784, 26.0750, 24611
2016-07-13, 25.9700, 26.0800, 25.9601, 26.0625, 73725
2016-07-14, 26.1802, 26.2000, 26.1400, 26.1831, 14781
2016-07-15, 26.1179, 26.1600, 26.1000, 26.1317, 6944
2016-07-18, 26.1776, 26.2690, 26.1450, 26.1900, 24597
2016-07-19, 26.0700, 26.0899, 26.0000, 26.0400, 25707
2016-07-20, 26.0900, 26.2300, 26.0900, 26.1900, 8039
2016-07-21, 26.0901, 26.1062, 25.9850, 26.0500, 15307
2016-07-22, 26.0700, 26.2590, 26.0700, 26.2500, 49324
2016-07-25, 26.2100, 26.2347, 26.1700, 26.2000, 16040
2016-07-26, 26.3300, 26.3800, 26.2700, 26.3800, 53832
2016-07-27, 26.3500, 26.3599, 26.1700, 26.2757, 55792
2016-07-28, 26.1989, 26.3300, 26.1989, 26.3200, 32676
2016-07-29, 26.2080, 26.3600, 26.1700, 26.3418, 21005
2016-08-01, 26.1700, 26.1950, 26.0400, 26.1000, 29287
2016-08-02, 25.8073, 25.8200, 25.6800, 25.7400, 16192
2016-08-03, 25.8300, 26.0078, 25.8300, 25.9710, 15473
2016-08-04, 26.0500, 26.0900, 26.0000, 26.0210, 72266
2016-08-05, 26.1900, 26.4793, 26.1900, 26.4699, 6787
2016-08-08, 26.4910, 26.5600, 26.4700, 26.4900, 81387
2016-08-09, 26.4800, 26.4995, 26.3900, 26.4100, 47094
2016-08-10, 26.4101, 26.4101, 26.2210, 26.2500, 12117
2016-08-11, 26.4000, 26.5350, 26.3701, 26.5300, 17566
2016-08-12, 26.4210, 26.4899, 26.4001, 26.4600, 7125
2016-08-15, 26.6988, 26.7269, 26.6700, 26.6700, 14840
2016-08-16, 26.5530, 26.5918, 26.5100, 26.5100, 19398
2016-08-17, 26.3800, 26.4800, 26.3281, 26.4800, 21115
2016-08-18, 26.5000, 26.7491, 26.5000, 26.7000, 14513
2016-08-19, 26.7250, 26.7784, 26.6800, 26.7700, 11089
2016-08-22, 26.6675, 26.7050, 26.5933, 26.7000, 66029
2016-08-23, 26.8900, 26.9525, 26.8700, 26.9100, 42680
2016-08-24, 26.7900, 26.8262, 26.6650, 26.6899, 42324
2016-08-25, 26.7200, 26.7599, 26.6800, 26.7100, 12925
2016-08-26, 26.8401, 26.8550, 26.4684, 26.4685, 4085
2016-08-29, 26.7400, 26.8100, 26.7200, 26.7600, 21538
2016-08-30, 26.7200, 26.7200, 26.5950, 26.6400, 17634
2016-08-31, 26.6500, 26.6500, 26.4500, 26.5600, 26639
2016-09-01, 26.3200, 26.4100, 26.3000, 26.4100, 33246
2016-09-02, 26.5624, 26.6299, 26.5300, 26.6200, 12750
2016-09-06, 26.4528, 26.6100, 26.4528, 26.5952, 21700
2016-09-07, 26.5900, 26.7600, 26.5900, 26.7600, 29562
2016-09-08, 26.7318, 26.7600, 26.7000, 26.7101, 18144
2016-09-09, 26.5100, 26.5100, 26.1028, 26.1028, 15046
2016-09-12, 26.0000, 26.3700, 26.0000, 26.3085, 44490
2016-09-13, 26.1300, 26.1300, 25.8000, 25.9200, 16243
2016-09-14, 25.7800, 25.9900, 25.7090, 25.7300, 29219
2016-09-15, 25.9096, 26.1232, 25.9096, 26.0999, 42589
2016-09-16, 25.9300, 26.0100, 25.9300, 25.9600, 39139
2016-09-19, 26.3627, 26.3627, 26.1000, 26.1600, 23251
2016-09-20, 26.2300, 26.2300, 25.9900, 25.9900, 19829
2016-09-21, 26.0900, 26.4499, 26.0677, 26.4200, 51145
2016-09-22, 26.5200, 26.7200, 26.5200, 26.7200, 16083
2016-09-23, 26.6563, 26.6600, 26.4842, 26.5357, 16193
2016-09-26, 26.3900, 26.3900, 26.2624, 26.3200, 16982
2016-09-27, 26.3000, 26.4000, 26.2400, 26.3700, 41478
2016-09-28, 26.4142, 26.6300, 26.3924, 26.6300, 32968
2016-09-29, 26.7059, 26.7200, 26.4500, 26.4500, 13641
2016-09-30, 26.5555, 26.8606, 26.5555, 26.7900, 23940
2016-10-03, 26.5696, 26.6799, 26.5696, 26.6000, 8360
2016-10-04, 26.6238, 26.7247, 26.4461, 26.4800, 35013
2016-10-05, 26.8100, 26.8815, 26.7900, 26.8000, 18950
2016-10-06, 26.6516, 26.8516, 26.6210, 26.8200, 10836
2016-10-07, 26.7600, 26.7793, 26.5737, 26.6700, 11452
2016-10-10, 26.9700, 27.0000, 26.8600, 26.8600, 14201
2016-10-11, 26.6900, 26.6900, 26.4090, 26.4500, 12898
2016-10-12, 26.4500, 26.5300, 26.4300, 26.4600, 10810
2016-10-13, 26.0873, 26.3516, 26.0873, 26.2500, 21243
2016-10-14, 26.4000, 26.4600, 26.2250, 26.2600, 35652
2016-10-17, 26.1900, 26.1900, 26.0900, 26.1000, 14805
2016-10-18, 26.2600, 26.2957, 26.1705, 26.2200, 32572
2016-10-19, 26.1500, 26.4199, 26.1500, 26.3500, 11773
2016-10-20, 26.1881, 26.3400, 26.1400, 26.2600, 14162
2016-10-21, 26.0600, 26.2100, 26.0600, 26.1600, 13811
2016-10-24, 26.3900, 26.4100, 26.2408, 26.3200, 29385
2016-10-25, 26.2500, 26.2500, 26.1000, 26.1600, 12215
2016-10-26, 26.1461, 26.2598, 26.0600, 26.1100, 27678
2016-10-27, 26.1190, 26.1190, 25.8900, 25.9290, 30668
2016-10-28, 25.9000, 26.0463, 25.7700, 25.8000, 29585
2016-10-31, 25.8300, 25.9200, 25.8300, 25.9200, 14171
2016-11-01, 25.9900, 25.9900, 25.5500, 25.6500, 34829
2016-11-02, 25.6750, 25.6900, 25.5461, 25.5800, 21895
2016-11-03, 25.6201, 25.7000, 25.5400, 25.5400, 30636
2016-11-04, 25.5100, 25.8000, 25.4700, 25.5100, 14807
2016-11-07, 26.0499, 26.1199, 25.9599, 26.0800, 12607
2016-11-08, 26.1400, 26.2893, 26.1400, 26.1600, 13021
2016-11-09, 25.9300, 26.8600, 25.9300, 26.7500, 20280
2016-11-10, 27.0000, 27.3300, 27.0000, 27.0700, 26075
2016-11-11, 27.0500, 27.3900, 26.9663, 27.3100, 11679
2016-11-14, 27.6173, 27.8900, 27.6173, 27.8600, 12038
2016-11-15, 27.8500, 28.0700, 27.8245, 28.0700, 17472
2016-11-16, 27.9300, 27.9929, 27.8750, 27.9800, 13147
2016-11-17, 28.1200, 28.1804, 28.0300, 28.1700, 16726
2016-11-18, 28.1101, 28.1900, 28.0900, 28.1720, 38591
2016-11-21, 28.2184, 28.3340, 28.2184, 28.3200, 18909
2016-11-22, 28.5500, 28.6066, 28.4777, 28.5800, 34646
2016-11-23, 28.5839, 28.6850, 28.5500, 28.6850, 16626
2016-11-25, 28.7700, 28.7900, 28.7550, 28.7700, 12832
2016-11-28, 28.8200, 28.8200, 28.5200, 28.5200, 14311
2016-11-29, 28.5000, 28.6400, 28.4972, 28.4972, 23538
2016-11-30, 28.7100, 28.7900, 28.6000, 28.6400, 35091
2016-12-01, 28.7900, 28.8200, 28.5000, 28.5800, 50549
2016-12-02, 28.5800, 28.7130, 28.5400, 28.6100, 20655
2016-12-05, 28.7900, 29.0064, 28.7900, 28.9900, 31186
2016-12-06, 28.9700, 29.2300, 28.9700, 29.2300, 19744
2016-12-07, 29.3699, 29.7200, 29.3300, 29.6300, 46524
2016-12-08, 29.8148, 30.0400, 29.8148, 29.9800, 28802
2016-12-09, 30.0100, 30.0100, 29.8601, 29.9500, 17308
2016-12-12, 29.9800, 30.0000, 29.6834, 29.7050, 7753
2016-12-13, 29.6500, 29.8900, 29.6500, 29.7817, 46887
2016-12-14, 29.7100, 29.7100, 29.3900, 29.5000, 24231
2016-12-15, 29.4300, 29.7433, 29.4300, 29.6000, 37182
2016-12-16, 29.6610, 29.7500, 29.4000, 29.4000, 28348
2016-12-19, 29.5600, 29.5900, 29.4885, 29.5300, 25587
2016-12-20, 29.8000, 29.8400, 29.7201, 29.7600, 21775
2016-12-21, 29.7300, 29.7792, 29.6880, 29.7200, 33259
2016-12-22, 29.6524, 29.6524, 29.3900, 29.3900, 26078
2016-12-23, 29.3740, 29.3799, 29.3401, 29.3401, 4847
2016-12-27, 29.5900, 29.5900, 29.4900, 29.5000, 56113
2016-12-28, 29.6700, 29.6700, 29.1500, 29.2000, 16066
2016-12-29, 29.1800, 29.3500, 29.0700, 29.1400, 29852
2016-12-30, 29.1000, 29.1471, 28.9620, 29.0000, 19985
2017-01-03, 29.4100, 29.4100, 29.0401, 29.2600, 108080
2017-01-04, 29.5300, 29.6738, 29.5000, 29.6300, 55233
2017-01-05, 29.5600, 29.5600, 29.2700, 29.3100, 69859
2017-01-06, 29.2401, 29.4100, 29.2400, 29.3200, 23964
2017-01-09, 29.0285, 29.2108, 29.0000, 29.0200, 101588
2017-01-10, 29.2448, 29.3300, 29.1300, 29.2500, 84859
2017-01-11, 29.3400, 29.3600, 29.2300, 29.3100, 50998
2017-01-12, 29.0217, 29.2000, 28.9200, 29.1400, 129931
2017-01-13, 29.3200, 29.4050, 29.2300, 29.3000, 72956
2017-01-17, 29.1900, 29.2800, 29.0500, 29.1100, 65364
2017-01-18, 29.1976, 29.2900, 29.1400, 29.2900, 84921
2017-01-19, 29.1800, 29.1990, 29.0100, 29.0800, 52740
2017-01-20, 29.2500, 29.3099, 29.1200, 29.1700, 118273
2017-01-23, 29.0000, 29.0400, 28.9400, 29.0400, 21192
2017-01-24, 29.2250, 29.5100, 29.2250, 29.4500, 20511
2017-01-25, 29.6788, 29.7503, 29.6788, 29.7500, 7141
2017-01-26, 29.6500, 29.7900, 29.5900, 29.6200, 33973
2017-01-27, 29.5884, 29.5884, 29.3900, 29.4000, 23773
2017-01-30, 29.2400, 29.2400, 28.9100, 29.1400, 33921
2017-01-31, 29.0200, 29.2700, 28.9700, 29.2200, 44226
2017-02-01, 29.3400, 29.4690, 29.1700, 29.2600, 34978
2017-02-02, 29.3025, 29.3100, 29.1500, 29.2200, 43236
2017-02-03, 29.2000, 29.5600, 29.2000, 29.5100, 72906
2017-02-06, 29.4400, 29.4600, 29.2765, 29.3200, 36958
2017-02-07, 29.3500, 29.4168, 29.1559, 29.2100, 75333
2017-02-08, 29.1735, 29.3200, 29.1000, 29.2700, 36398
2017-02-09, 29.5994, 29.6945, 29.5994, 29.6200, 38377
2017-02-10, 29.6800, 29.8000, 29.6700, 29.7800, 27571
2017-02-13, 29.9700, 29.9700, 29.8400, 29.8400, 23234
2017-02-14, 29.9050, 30.0334, 29.9050, 30.0000, 41540
2017-02-15, 30.0600, 30.2271, 30.0150, 30.1400, 53205
2017-02-16, 30.0350, 30.0700, 29.7750, 30.0700, 21602
2017-02-17, 29.8514, 29.9900, 29.8505, 29.9700, 28245
2017-02-21, 30.1900, 30.3400, 30.1192, 30.2900, 58767
2017-02-22, 30.1540, 30.1590, 30.0600, 30.1300, 48012
2017-02-23, 30.0400, 30.0568, 29.8900, 29.9802, 28894
2017-02-24, 29.8800, 29.9500, 29.8420, 29.9100, 33111
2017-02-27, 30.0450, 30.1390, 29.9665, 30.1051, 19049
2017-02-28, 29.8800, 29.9550, 29.7000, 29.7957, 29920
2017-03-01, 30.1100, 30.3444, 30.1100, 30.2800, 47094
2017-03-02, 30.1900, 30.1900, 29.9501, 29.9700, 83439
2017-03-03, 29.8600, 29.9700, 29.8438, 29.8900, 45259
2017-03-06, 29.6362, 29.7350, 29.6106, 29.7350, 32229
2017-03-07, 29.5825, 29.6292, 29.4400, 29.4400, 15391
2017-03-08, 29.5700, 29.6227, 29.4915, 29.5032, 22495
2017-03-09, 29.4667, 29.5660, 29.2220, 29.3600, 36161
2017-03-10, 29.4000, 29.4628, 29.3452, 29.4200, 13808
2017-03-13, 29.4923, 29.5599, 29.4301, 29.4456, 9534
2017-03-14, 29.2300, 29.3071, 29.0910, 29.3071, 11755
2017-03-15, 29.4300, 29.7400, 29.4300, 29.7400, 36053
2017-03-16, 29.7100, 29.7853, 29.6800, 29.6900, 27817
2017-03-17, 29.7400, 29.7500, 29.5801, 29.6800, 22064
2017-03-20, 29.5800, 29.6200, 29.4934, 29.5400, 24378
2017-03-21, 29.5700, 29.5700, 28.8400, 28.8400, 27842
2017-03-22, 28.8900, 28.9688, 28.7653, 28.9200, 24936
2017-03-23, 29.0100, 29.1550, 28.9950, 28.9950, 9255
2017-03-24, 29.1200, 29.1500, 28.9100, 29.0000, 16350
2017-03-27, 28.8332, 29.0000, 28.8200, 28.9900, 13067
2017-03-28, 28.9594, 29.2900, 28.9520, 29.2500, 13503
2017-03-29, 29.2000, 29.4090, 29.2000, 29.3800, 13272
2017-03-30, 29.4600, 29.6099, 29.4401, 29.5900, 6545
2017-03-31, 29.5343, 29.6726, 29.5343, 29.6000, 4768
2017-04-03, 29.4800, 29.4900, 29.1400, 29.2800, 56146
2017-04-04, 29.1800, 29.2582, 29.1484, 29.1900, 16701
2017-04-05, 29.4200, 29.5000, 28.9010, 28.9900, 45309
2017-04-06, 28.9600, 29.2750, 28.9600, 29.2200, 69967
2017-04-07, 29.1300, 29.2300, 29.1100, 29.1900, 41415
2017-04-10, 29.2900, 29.4119, 29.2210, 29.2999, 18192
2017-04-11, 29.2200, 29.3700, 29.0259, 29.3700, 30596
2017-04-12, 28.9869, 29.1299, 28.9869, 29.0000, 16821
2017-04-13, 29.0000, 29.0400, 28.7400, 28.7700, 34044
2017-04-17, 28.7800, 29.0400, 28.7800, 29.0400, 17038
2017-04-18, 28.9500, 28.9700, 28.7110, 28.9329, 13156
2017-04-19, 29.0707, 29.1600, 28.9800, 29.0500, 33468
2017-04-20, 29.0500, 29.4700, 29.0500, 29.4400, 53105
2017-04-21, 29.3000, 29.3475, 29.2392, 29.3300, 5756
2017-04-24, 29.6700, 29.8000, 29.6700, 29.6900, 24957
2017-04-25, 29.7000, 29.9900, 29.7000, 29.8800, 19288
2017-04-26, 29.8200, 30.1600, 29.8200, 30.0000, 23057
2017-04-27, 29.9197, 29.9799, 29.8000, 29.9700, 15284
2017-04-28, 29.8800, 29.8800, 29.6710, 29.7500, 12674
2017-05-01, 29.7699, 29.8000, 29.7268, 29.7600, 12980
2017-05-02, 29.7000, 29.7199, 29.6005, 29.6500, 23231
2017-05-03, 29.5600, 29.6100, 29.4401, 29.6000, 25722
2017-05-04, 29.7000, 29.7000, 29.3800, 29.5600, 44067
2017-05-05, 29.5100, 29.7600, 29.4900, 29.7600, 16000
2017-05-08, 29.6301, 29.7499, 29.6060, 29.6942, 10589
2017-05-09, 29.7126, 29.7800, 29.6100, 29.6700, 8528
2017-05-10, 29.7300, 29.8699, 29.7300, 29.8600, 21935
2017-05-11, 29.7300, 29.7300, 29.4307, 29.6250, 8227
2017-05-12, 29.4400, 29.4400, 29.2900, 29.3133, 45161
2017-05-15, 29.5100, 29.6340, 29.4600, 29.5000, 16423
2017-05-16, 29.4300, 29.4630, 29.3786, 29.4200, 35576
2017-05-17, 28.9801, 29.0300, 28.7100, 28.7100, 25532
2017-05-18, 28.6100, 28.8990, 28.6100, 28.7600, 29124
2017-05-19, 28.8000, 29.1490, 28.8000, 28.9550, 10829
2017-05-22, 29.0300, 29.1887, 29.0300, 29.1500, 18540
2017-05-23, 29.3400, 29.3400, 29.1501, 29.2856, 8212
2017-05-24, 29.2528, 29.3500, 29.1601, 29.2900, 29480
2017-05-25, 29.4050, 29.4650, 29.2494, 29.3299, 13187
2017-05-26, 29.2364, 29.3300, 29.2364, 29.3300, 3716
2017-05-30, 29.1863, 29.2600, 29.1863, 29.2600, 5137
2017-05-31, 28.9100, 29.1990, 28.9100, 29.1763, 9367
2017-06-01, 29.3700, 29.6500, 29.3700, 29.6500, 8836
2017-06-02, 29.6600, 29.7800, 29.6600, 29.7200, 19712
2017-06-05, 29.7000, 29.7000, 29.5810, 29.5900, 21585
2017-06-06, 29.4592, 29.5533, 29.4000, 29.5100, 21184
2017-06-07, 29.4100, 29.6000, 29.4100, 29.5000, 10522
2017-06-08, 29.5892, 29.8690, 29.5892, 29.7628, 15423
2017-06-09, 29.8700, 30.0479, 29.7901, 29.9150, 37098
2017-06-12, 29.8500, 30.0900, 29.8500, 29.9950, 11860
2017-06-13, 29.9750, 30.0600, 29.9750, 30.0550, 22866
2017-06-14, 29.8050, 29.8151, 29.7100, 29.8151, 33675
2017-06-15, 29.5750, 29.6950, 29.5750, 29.6000, 44674
2017-06-16, 29.5100, 29.5200, 29.3900, 29.5000, 16656
2017-06-19, 29.6700, 29.7900, 29.6600, 29.7900, 6988
2017-06-20, 29.5200, 29.5300, 29.3700, 29.3700, 21529
2017-06-21, 29.4001, 29.5386, 29.2400, 29.2700, 8495
2017-06-22, 29.3700, 29.4500, 29.3600, 29.4122, 11485
2017-06-23, 29.4100, 29.5600, 29.4100, 29.5600, 7572
2017-06-26, 29.5800, 29.7280, 29.4900, 29.6664, 11619
2017-06-27, 29.6300, 29.7700, 29.5200, 29.5200, 4733
2017-06-28, 29.8956, 29.8956, 29.8200, 29.8200, 3308
2017-06-29, 29.7900, 29.8800, 29.6300, 29.7300, 6794
2017-06-30, 29.6600, 29.8150, 29.6600, 29.8150, 8513
2017-07-03, 29.7500, 30.0600, 29.7500, 30.0300, 7066
2017-07-05, 29.8379, 29.9300, 29.8379, 29.9150, 99654
2017-07-06, 29.7050, 29.7464, 29.5000, 29.5200, 13924
2017-07-07, 29.6300, 29.8068, 29.5900, 29.7600, 47168
2017-07-10, 29.6500, 29.8100, 29.6500, 29.7700, 23483
2017-07-11, 29.7101, 29.7600, 29.6800, 29.7000, 20632
2017-07-12, 30.0300, 30.0300, 29.9200, 29.9600, 10677
2017-07-13, 29.9200, 30.1600, 29.9200, 30.1600, 32297
2017-07-14, 30.1500, 30.3100, 30.1250, 30.2300, 25672
2017-07-17, 30.2210, 30.4100, 30.2201, 30.3400, 12007
2017-07-18, 30.2100, 30.2553, 30.1201, 30.2200, 27800
2017-07-19, 30.3000, 30.5300, 30.3000, 30.5300, 16256
2017-07-20, 30.3900, 30.5260, 30.3510, 30.5260, 10824
2017-07-21, 30.3600, 30.4080, 30.3100, 30.3200, 21947
2017-07-24, 30.3750, 30.4000, 30.3050, 30.3800, 11227
2017-07-25, 30.5050, 30.6850, 30.5050, 30.6200, 16785
2017-07-26, 30.4250, 30.5650, 30.3650, 30.4450, 29080
2017-07-27, 30.4300, 30.4950, 30.1850, 30.3350, 10590
2017-07-28, 30.2550, 30.3000, 30.1350, 30.2180, 17317
2017-07-31, 30.2699, 30.3199, 30.1743, 30.1900, 19422
2017-08-01, 30.2362, 30.2899, 30.2000, 30.2600, 13822
2017-08-02, 30.0800, 30.1733, 29.9901, 30.1600, 21639
2017-08-03, 30.0300, 30.1302, 30.0000, 30.0200, 22845
2017-08-04, 30.0600, 30.1370, 30.0600, 30.1300, 21262
2017-08-07, 30.0500, 30.2351, 30.0500, 30.2100, 3520
2017-08-08, 30.2200, 30.4099, 30.0800, 30.1000, 15872
2017-08-09, 29.9300, 29.9865, 29.8500, 29.9300, 32265
2017-08-10, 29.8000, 29.8000, 29.4700, 29.4800, 17806
2017-08-11, 29.5200, 29.5850, 29.4700, 29.5600, 10340
2017-08-14, 29.7800, 29.8599, 29.7391, 29.8500, 19398
2017-08-15, 30.0000, 30.0000, 29.6487, 29.7200, 21090
2017-08-16, 29.8999, 29.8999, 29.7200, 29.7454, 29110
2017-08-17, 29.7500, 29.7550, 29.1200, 29.1300, 21242
2017-08-18, 29.0793, 29.2344, 29.0700, 29.1400, 33733
2017-08-21, 29.0750, 29.1150, 29.0350, 29.1100, 17721
2017-08-22, 29.2270, 29.4350, 29.2270, 29.4300, 17387
2017-08-23, 29.3350, 29.4100, 29.3250, 29.3800, 25248
2017-08-24, 29.3850, 29.4730, 29.2700, 29.3200, 36772
2017-08-25, 29.2600, 29.5500, 29.2600, 29.5500, 46331
2017-08-28, 29.4423, 29.5150, 29.4401, 29.5150, 18304
2017-08-29, 29.0900, 29.5300, 29.0900, 29.4700, 12327
2017-08-30, 29.5990, 29.7000, 29.5100, 29.6500, 15923
2017-08-31, 29.7900, 29.8700, 29.7800, 29.8700, 13903
2017-09-01, 30.0050, 30.0800, 29.9950, 30.0500, 8565
2017-09-05, 30.0600, 30.0600, 29.5400, 29.6100, 27330
2017-09-06, 29.7200, 29.8050, 29.6400, 29.7700, 12538
2017-09-07, 29.6000, 29.6400, 29.5440, 29.6400, 13721
2017-09-08, 29.5235, 29.7000, 29.5235, 29.6900, 11479
2017-09-11, 29.9200, 30.0000, 29.9000, 29.9732, 9707
2017-09-12, 30.1450, 30.2900, 30.0799, 30.2000, 23568
2017-09-13, 30.2000, 30.3090, 30.1810, 30.3090, 7841
2017-09-14, 30.1300, 30.2700, 30.1300, 30.1700, 27324
2017-09-15, 30.2622, 30.4200, 30.2500, 30.4200, 13998
2017-09-18, 30.4701, 30.5268, 30.3700, 30.4484, 13674
2017-09-19, 30.3700, 30.4544, 30.3600, 30.4200, 23495
2017-09-20, 30.5600, 30.5600, 30.3710, 30.4800, 11535
2017-09-21, 30.4000, 30.4800, 30.3610, 30.4500, 35994
2017-09-22, 30.5100, 30.6400, 30.5000, 30.6250, 7007
2017-09-25, 30.7012, 30.7300, 30.6000, 30.6600, 17171
2017-09-26, 30.5800, 30.8800, 30.5800, 30.8196, 27305
2017-09-27, 30.9550, 31.1829, 30.8200, 31.1732, 14587
2017-09-28, 31.0731, 31.1800, 31.0731, 31.1367, 6046
2017-09-29, 31.2665, 31.2665, 31.1900, 31.2561, 7527
2017-10-02, 31.3500, 31.4950, 31.3100, 31.4950, 62387
2017-10-03, 31.4050, 31.5750, 31.4050, 31.5750, 35049
2017-10-04, 31.4900, 31.5900, 31.4650, 31.5300, 36193
2017-10-05, 31.4900, 31.6700, 31.4900, 31.6100, 119240
2017-10-06, 31.4600, 31.5100, 31.4200, 31.5100, 67745
2017-10-09, 31.4300, 31.4400, 31.2550, 31.3400, 56448
2017-10-10, 31.5400, 31.5400, 31.3600, 31.4348, 46913
2017-10-11, 31.3843, 31.4559, 31.3450, 31.4500, 39252
2017-10-12, 31.3124, 31.4000, 31.3124, 31.3700, 35715
2017-10-13, 31.4700, 31.4799, 31.3900, 31.3900, 29884
2017-10-16, 31.2849, 31.3500, 31.2849, 31.3500, 35821
2017-10-17, 31.2777, 31.3800, 31.2500, 31.3200, 102506
2017-10-18, 31.3670, 31.5200, 31.3670, 31.4050, 58175
2017-10-19, 31.3000, 31.4700, 31.1980, 31.4700, 43879
2017-10-20, 31.6500, 31.7100, 31.6236, 31.6700, 44093
2017-10-23, 31.6869, 31.7100, 31.5610, 31.5983, 26768
2017-10-24, 31.6600, 31.7400, 31.6600, 31.7300, 35708
2017-10-25, 31.5120, 31.5600, 31.3400, 31.5400, 68009
2017-10-26, 31.6401, 31.7200, 31.6000, 31.6900, 62145
2017-10-27, 31.8100, 31.8100, 31.4500, 31.6400, 32920
2017-10-30, 31.6000, 31.6000, 31.4108, 31.4800, 31491
2017-10-31, 31.6400, 31.6400, 31.4800, 31.5600, 47078
2017-11-01, 31.6200, 31.6900, 31.5100, 31.6100, 35135
2017-11-02, 31.5363, 31.7100, 31.5363, 31.6800, 11964
2017-11-03, 31.7800, 31.7800, 31.5700, 31.6400, 20423
2017-11-06, 31.6600, 31.7399, 31.6600, 31.7399, 37969
2017-11-07, 31.5810, 31.6500, 31.4300, 31.5000, 20236
2017-11-08, 31.5000, 31.6900, 31.4724, 31.6650, 20287
2017-11-09, 31.5341, 31.6000, 31.4210, 31.6000, 35801
2017-11-10, 31.5814, 31.6800, 31.5500, 31.6800, 20959
2017-11-13, 31.5500, 31.6549, 31.5500, 31.5800, 16074
2017-11-14, 31.5000, 31.5900, 31.4900, 31.5900, 20924
2017-11-15, 31.3000, 31.5300, 31.3000, 31.4900, 18657
2017-11-16, 31.8200, 31.8700, 31.7600, 31.8500, 21478
2017-11-17, 31.9400, 32.0600, 31.9400, 32.0000, 37412
2017-11-20, 32.0320, 32.1800, 32.0320, 32.1800, 9777
2017-11-21, 32.3800, 32.3916, 32.3401, 32.3800, 46025
2017-11-22, 32.3000, 32.4200, 32.3000, 32.4000, 13806
2017-11-24, 32.3500, 32.4400, 32.3500, 32.3683, 8832
2017-11-27, 32.4500, 32.4600, 32.2700, 32.2700, 50939
2017-11-28, 32.4217, 32.8500, 32.4200, 32.8300, 28178
2017-11-29, 32.6500, 33.0800, 32.6500, 33.0400, 15053
2017-11-30, 33.1910, 33.3500, 33.1910, 33.2100, 24370
2017-12-01, 33.1100, 33.1500, 32.6452, 33.0500, 30139
2017-12-04, 33.5200, 33.5200, 33.2800, 33.2800, 11371
2017-12-05, 33.1500, 33.2190, 33.0100, 33.0651, 20878
2017-12-06, 32.9800, 33.0410, 32.9487, 33.0200, 51336
2017-12-07, 33.1200, 33.1400, 33.0400, 33.0601, 29931
2017-12-08, 33.2400, 33.3644, 33.1810, 33.2800, 11587
2017-12-11, 33.3600, 33.3600, 33.2200, 33.2800, 31832
2017-12-12, 33.3300, 33.3700, 33.2200, 33.2500, 21188
2017-12-13, 33.2900, 33.3737, 33.2100, 33.2100, 19765
2017-12-14, 33.1601, 33.2100, 32.8000, 32.8900, 12704
2017-12-15, 33.0800, 33.3400, 33.0800, 33.2100, 14373
2017-12-18, 33.5513, 33.6300, 33.5396, 33.6300, 35477
2017-12-19, 33.5915, 33.6399, 33.4800, 33.5300, 38837
2017-12-20, 33.5210, 33.7080, 33.5210, 33.7000, 35381
2017-12-21, 33.4600, 33.5800, 33.4600, 33.5000, 22784
2017-12-22, 33.4500, 33.5300, 33.4300, 33.5200, 23445
2017-12-26, 33.5800, 33.6300, 33.5100, 33.5500, 49368
2017-12-27, 33.6000, 33.6100, 33.4700, 33.5200, 19924
2017-12-28, 33.5500, 33.6300, 33.4900, 33.6300, 7415
2017-12-29, 33.8500, 33.8500, 33.4100, 33.4100, 23192
2018-01-02, 33.6536, 33.7600, 33.5800, 33.7600, 268887
2018-01-03, 33.7201, 33.7555, 33.6200, 33.7400, 84910
2018-01-04, 33.7600, 33.9000, 33.7400, 33.8700, 81734
2018-01-05, 33.9600, 34.0100, 33.8610, 34.0100, 92160
2018-01-08, 33.9400, 34.1700, 33.9200, 34.1600, 48677
2018-01-09, 34.0200, 34.2100, 34.0200, 34.1400, 57044
2018-01-10, 33.9300, 34.1100, 33.9300, 34.0300, 75060
2018-01-11, 34.4000, 34.5800, 34.4000, 34.5800, 60354
2018-01-12, 34.8289, 34.8600, 34.7700, 34.8400, 77709
2018-01-16, 34.8600, 35.0300, 34.4800, 34.5500, 78048
2018-01-17, 34.7920, 35.0600, 34.7700, 35.0221, 80500
2018-01-18, 34.8600, 34.8900, 34.7700, 34.8200, 147984
2018-01-19, 34.7800, 35.1190, 34.7800, 35.1190, 31486
2018-01-22, 35.1100, 35.3400, 35.0600, 35.3400, 34820
2018-01-23, 35.2400, 35.3600, 35.2262, 35.3218, 21676
2018-01-24, 35.4400, 35.4400, 35.0500, 35.2200, 24859
2018-01-25, 35.0965, 35.1700, 34.9800, 35.1000, 26251
2018-01-26, 35.1600, 35.4500, 35.1600, 35.4400, 49154
2018-01-29, 35.4000, 35.4000, 35.2040, 35.2050, 37172
2018-01-30, 34.7950, 34.8800, 34.6800, 34.8036, 41907
2018-01-31, 35.0064, 35.0064, 34.6514, 34.6880, 7831
2018-02-01, 34.5400, 34.6600, 34.4201, 34.5700, 106116
2018-02-02, 34.0800, 34.1349, 33.5900, 33.5900, 46586
2018-02-05, 33.3202, 33.6100, 32.4300, 32.4300, 31877
2018-02-06, 31.7200, 32.9600, 31.4100, 32.9600, 26692
2018-02-07, 33.0498, 33.1199, 32.7600, 32.7700, 54276
2018-02-08, 32.6400, 32.6400, 32.0200, 32.0200, 34185
2018-02-09, 32.1000, 32.1000, 31.1500, 31.8500, 29981
2018-02-12, 32.0178, 32.5200, 31.9958, 32.3700, 21666
2018-02-13, 32.0900, 32.4900, 32.0900, 32.4500, 52724
2018-02-14, 32.6660, 33.1200, 32.6100, 33.0800, 48015
2018-02-15, 32.9837, 33.2300, 32.8301, 33.2300, 24268
2018-02-16, 33.5107, 33.5800, 33.3800, 33.4750, 34047
2018-02-20, 33.3277, 33.3900, 33.0900, 33.0900, 19050
2018-02-21, 33.3000, 33.4850, 33.0200, 33.0500, 16099
2018-02-22, 33.1200, 33.3200, 33.0200, 33.0600, 23979
2018-02-23, 33.0900, 33.2600, 33.0700, 33.2600, 18861
2018-02-26, 33.3610, 33.7100, 33.3610, 33.6900, 15982
2018-02-27, 33.6843, 33.6843, 33.3100, 33.3100, 14512
2018-02-28, 33.3030, 33.4700, 33.0600, 33.0600, 33042
2018-03-01, 32.7700, 32.9399, 32.4700, 32.6700, 21456
2018-03-02, 32.3800, 32.9500, 32.3700, 32.9500, 15699
2018-03-05, 32.9600, 33.2600, 32.9600, 33.1800, 12896
2018-03-06, 33.1500, 33.5000, 33.1500, 33.5000, 9867
2018-03-07, 33.5549, 33.6137, 33.4349, 33.5800, 13307
2018-03-08, 33.4500, 33.4600, 33.2700, 33.4000, 15920
2018-03-09, 33.7200, 34.0100, 33.7200, 34.0100, 21795
2018-03-12, 33.8800, 34.0300, 33.8800, 33.9200, 8795
2018-03-13, 34.1900, 34.1900, 33.7880, 33.7880, 14981
2018-03-14, 33.8807, 33.9100, 33.6300, 33.7000, 28964
2018-03-15, 33.7050, 33.7400, 33.5000, 33.5700, 21904
2018-03-16, 33.8201, 34.0000, 33.7963, 33.8900, 36025
2018-03-19, 33.7000, 33.7000, 33.2400, 33.5600, 11702
2018-03-20, 33.5800, 33.5899, 33.4300, 33.5400, 36144
2018-03-21, 33.6598, 33.8800, 33.6596, 33.7200, 19073
2018-03-22, 33.4200, 33.4200, 32.9000, 32.9000, 24814
2018-03-23, 32.7800, 32.7800, 32.0100, 32.0100, 15215
2018-03-26, 32.3500, 32.8500, 32.3380, 32.8300, 11035
2018-03-27, 33.0900, 33.0900, 32.1400, 32.2900, 23109
2018-03-28, 32.3256, 32.4101, 32.2301, 32.2800, 17659
2018-03-29, 32.5800, 32.8500, 32.5141, 32.7000, 26531
2018-04-02, 32.5400, 32.5400, 31.6201, 32.0100, 86093
2018-04-03, 32.1900, 32.5000, 32.1700, 32.4800, 59779
2018-04-04, 31.8900, 32.8700, 31.8900, 32.8400, 18584
2018-04-05, 33.0500, 33.2000, 33.0200, 33.0800, 30213
2018-04-06, 32.9300, 32.9960, 32.2400, 32.4948, 29590
2018-04-09, 32.5717, 32.8700, 32.4800, 32.4800, 74810
2018-04-10, 32.7800, 33.1700, 32.7800, 33.0700, 66391
2018-04-11, 33.0100, 33.1900, 32.9719, 33.0700, 37567
2018-04-12, 33.4000, 33.4400, 33.3100, 33.3600, 11583
2018-04-13, 33.2710, 33.3900, 33.0900, 33.2200, 31881
2018-04-16, 33.3800, 33.6600, 33.3700, 33.5100, 26383
2018-04-17, 33.8300, 33.9200, 33.7400, 33.8500, 14052
2018-04-18, 33.9400, 34.1100, 33.9200, 33.9200, 14414
2018-04-19, 33.7850, 33.7850, 33.4700, 33.6900, 21938
2018-04-20, 33.5100, 33.5900, 33.3000, 33.3900, 33957
2018-04-23, 33.3700, 33.5600, 33.2900, 33.3700, 14994
2018-04-24, 33.5400, 33.5900, 33.0800, 33.2400, 21420
2018-04-25, 33.1200, 33.3100, 33.1100, 33.1700, 57505
2018-04-26, 33.1600, 33.3200, 33.1600, 33.3000, 32992
2018-04-27, 33.0901, 33.2500, 33.0901, 33.1900, 25086
2018-04-30, 33.4500, 33.4500, 32.8342, 32.8900, 14442
2018-05-01, 32.5800, 32.8400, 32.5219, 32.8400, 44407
2018-05-02, 32.8400, 32.9800, 32.7900, 32.7900, 12599
2018-05-03, 32.4400, 32.6400, 32.3400, 32.5400, 16745
2018-05-04, 32.4001, 32.9100, 32.4001, 32.8100, 26607
2018-05-07, 32.8663, 32.9100, 32.7700, 32.7700, 16108
2018-05-08, 32.8900, 32.9000, 32.8024, 32.8900, 8314
2018-05-09, 32.9100, 33.1600, 32.8601, 33.0900, 12121
2018-05-10, 33.2533, 33.4800, 33.2500, 33.3900, 24608
2018-05-11, 33.4500, 33.5600, 33.4300, 33.5400, 19146
2018-05-14, 33.6400, 33.6800, 33.5400, 33.5400, 20450
2018-05-15, 33.4827, 33.6500, 33.4827, 33.5800, 22979
2018-05-16, 33.8100, 34.0600, 33.7901, 33.9100, 14276
2018-05-17, 34.2100, 34.2500, 34.0900, 34.0900, 9524
2018-05-18, 33.9900, 34.1200, 33.9800, 34.0200, 18288
2018-05-21, 34.3300, 34.3400, 34.2300, 34.2800, 23298
2018-05-22, 34.3400, 34.3400, 34.0300, 34.0300, 26632
2018-05-23, 33.8039, 33.9700, 33.7700, 33.9700, 13398
2018-05-24, 33.8300, 34.1000, 33.7306, 34.0600, 20953
2018-05-25, 34.0000, 34.0000, 33.8700, 33.8700, 10353
2018-05-29, 33.8100, 33.9488, 33.5700, 33.8000, 9226
2018-05-30, 34.0200, 34.2700, 34.0000, 34.2100, 13211
2018-05-31, 34.0600, 34.1199, 33.7800, 33.7900, 23332
2018-06-01, 34.0000, 34.0700, 33.9800, 34.0500, 19185
2018-06-04, 34.1300, 34.3100, 34.1200, 34.2950, 7329
2018-06-05, 34.4040, 34.5300, 34.3300, 34.5061, 10111
2018-06-06, 34.5100, 34.7200, 34.5000, 34.7200, 6247
2018-06-07, 34.8200, 34.8200, 34.5800, 34.7500, 16265
2018-06-08, 34.6710, 34.8400, 34.6300, 34.8400, 12569
2018-06-11, 34.9250, 35.0500, 34.9250, 35.0000, 8844
2018-06-12, 34.9800, 35.0200, 34.9000, 34.9600, 17100
2018-06-13, 34.9101, 34.9526, 34.7700, 34.7700, 46793
2018-06-14, 34.8200, 34.8200, 34.6489, 34.7700, 11264
2018-06-15, 34.5000, 34.6720, 34.4700, 34.6500, 7185
2018-06-18, 34.7600, 34.8100, 34.6100, 34.7500, 36469
2018-06-19, 34.2110, 34.5758, 34.1600, 34.5758, 11076
2018-06-20, 34.5201, 34.7900, 34.5201, 34.7100, 11358
2018-06-21, 34.5200, 34.8400, 34.5100, 34.5100, 29708
2018-06-22, 34.6200, 34.6204, 34.4700, 34.4900, 76291
2018-06-25, 34.4600, 34.4600, 33.8179, 33.8179, 6814
2018-06-26, 33.8759, 34.1100, 33.8759, 34.0758, 11729
2018-06-27, 34.1000, 34.1390, 33.6900, 33.7644, 22189
2018-06-28, 33.4100, 33.6709, 33.3600, 33.6709, 24543
2018-06-29, 33.8548, 33.9190, 33.5700, 33.5700, 12273
2018-07-02, 33.4299, 33.7000, 33.3200, 33.7000, 337471
2018-07-03, 33.4900, 33.8900, 33.4900, 33.6600, 48364
2018-07-05, 33.6843, 33.8900, 33.6000, 33.8900, 60123
2018-07-06, 34.1000, 34.2300, 34.0700, 34.1300, 31742
2018-07-09, 34.3601, 34.5700, 34.3601, 34.5400, 97078
2018-07-10, 34.6200, 34.6500, 34.4750, 34.5700, 40915
2018-07-11, 34.3200, 34.3800, 34.1000, 34.1100, 74751
2018-07-12, 34.1200, 34.3100, 34.0701, 34.2100, 51778
2018-07-13, 34.1500, 34.4300, 34.1500, 34.2500, 53278
2018-07-16, 34.5100, 34.5100, 34.1100, 34.1600, 34553
2018-07-17, 34.3700, 34.4500, 34.3201, 34.3500, 110842
2018-07-18, 34.3600, 34.6158, 34.3500, 34.5700, 83910
2018-07-19, 34.4500, 34.6751, 34.4500, 34.5600, 94349
2018-07-20, 34.3700, 34.5000, 34.3400, 34.3400, 30848
2018-07-23, 34.3200, 34.5700, 34.3000, 34.4300, 59679
2018-07-24, 34.6200, 34.6200, 34.1484, 34.2100, 46989
2018-07-25, 34.0300, 34.2900, 34.0000, 34.2900, 30255
2018-07-26, 34.2800, 34.5830, 34.2800, 34.5100, 22277
2018-07-27, 34.4200, 34.4400, 34.0600, 34.0800, 42101
2018-07-30, 34.2700, 34.2700, 34.1000, 34.1000, 31415
2018-07-31, 34.3100, 34.4400, 34.1780, 34.2600, 47169
2018-08-01, 34.1900, 34.2900, 33.9700, 34.0800, 54954
2018-08-02, 33.7700, 34.3100, 33.7700, 34.2900, 40508
2018-08-03, 34.3600, 34.3700, 34.2500, 34.3600, 15716
2018-08-06, 34.1900, 34.6700, 34.1900, 34.6500, 23288
2018-08-07, 34.8600, 34.8900, 34.7900, 34.8372, 31383
2018-08-08, 34.6600, 34.8900, 34.6300, 34.8100, 50427
2018-08-09, 34.8600, 34.9000, 34.7500, 34.7500, 23206
2018-08-10, 34.5400, 34.7200, 34.3800, 34.6700, 42572
2018-08-13, 34.7100, 34.7100, 34.3800, 34.4600, 19217
2018-08-14, 34.7500, 34.8600, 34.7500, 34.8451, 24729
2018-08-15, 34.2900, 34.4023, 34.2100, 34.2800, 24971
2018-08-16, 34.6696, 34.7500, 34.5700, 34.6800, 47161
2018-08-17, 34.5484, 34.8900, 34.5484, 34.8100, 24314
2018-08-20, 34.7500, 35.1299, 34.7500, 35.0600, 50960
2018-08-21, 35.3140, 35.4499, 35.2600, 35.3100, 25098
2018-08-22, 35.2800, 35.4590, 35.2700, 35.2700, 17451
2018-08-23, 35.1100, 35.3300, 35.1100, 35.2000, 43482
2018-08-24, 35.2698, 35.3200, 35.2363, 35.3200, 20530
2018-08-27, 35.5850, 35.6100, 35.3900, 35.4000, 25571
2018-08-28, 35.4885, 35.5200, 35.3900, 35.4800, 29342
2018-08-29, 35.4005, 35.5690, 35.4005, 35.5300, 36219
2018-08-30, 35.3400, 35.4100, 35.1900, 35.2300, 25442
2018-08-31, 35.2300, 35.3500, 35.1700, 35.3500, 23884
2018-09-04, 35.1000, 35.3343, 35.0800, 35.1400, 25943
2018-09-05, 35.0700, 35.1900, 34.8800, 35.0900, 34654
2018-09-06, 34.9800, 35.1000, 34.7800, 34.7900, 22232
2018-09-07, 34.8250, 34.8800, 34.5600, 34.5900, 15427
2018-09-10, 34.7500, 34.8667, 34.6400, 34.7199, 44072
2018-09-11, 34.5777, 34.7800, 34.5101, 34.6400, 21784
2018-09-12, 34.5900, 34.7490, 34.5300, 34.6400, 21168
2018-09-13, 34.5400, 34.7800, 34.5400, 34.7000, 28239
2018-09-14, 34.6900, 34.9500, 34.6900, 34.8000, 18917
2018-09-17, 34.8600, 34.8600, 34.5200, 34.5450, 11225
2018-09-18, 34.5000, 34.7000, 34.5000, 34.7000, 16407
2018-09-19, 34.6600, 34.7800, 34.5100, 34.5900, 16353
2018-09-20, 34.6800, 34.8165, 34.6700, 34.7600, 18163
2018-09-21, 34.6400, 34.9800, 34.6400, 34.7600, 7003
2018-09-24, 34.7200, 34.7200, 34.5400, 34.6000, 14409
2018-09-25, 34.5459, 34.6500, 34.5000, 34.5100, 69469
2018-09-26, 34.4500, 34.6800, 34.3320, 34.3320, 14338
2018-09-27, 34.4597, 34.5999, 34.3600, 34.3600, 25184
2018-09-28, 34.4700, 34.5610, 34.4400, 34.5004, 17520
2018-10-01, 34.4976, 34.5267, 34.2000, 34.2300, 607859
2018-10-02, 34.2000, 34.2220, 34.0300, 34.0400, 51804
2018-10-03, 34.1200, 34.3465, 34.1200, 34.2400, 53918
2018-10-04, 34.0300, 34.0610, 33.7800, 33.8200, 175468
2018-10-05, 33.8679, 33.8679, 33.4700, 33.5600, 59333
2018-10-08, 33.6300, 33.6900, 33.3900, 33.6900, 60371
2018-10-09, 33.6835, 33.6835, 33.4493, 33.4493, 85440
2018-10-10, 33.5400, 33.5400, 32.5780, 32.6400, 80300
2018-10-11, 32.6800, 32.7700, 31.9000, 31.9000, 67560
2018-10-12, 32.2000, 32.3199, 31.7700, 32.0800, 63807
2018-10-15, 32.1400, 32.4600, 32.1200, 32.1700, 75771
2018-10-16, 32.3875, 32.8899, 32.3800, 32.8300, 127440
2018-10-17, 32.5800, 32.8900, 32.4900, 32.8000, 50233
2018-10-18, 32.8500, 32.8500, 32.2200, 32.3900, 55776
2018-10-19, 32.5400, 32.5400, 32.1600, 32.2500, 26925
2018-10-22, 32.2300, 32.3754, 32.1300, 32.1400, 18219
2018-10-23, 31.6200, 32.0900, 31.2775, 32.0100, 30688
2018-10-24, 31.7000, 31.7415, 30.7800, 30.7800, 46318
2018-10-25, 31.1500, 31.5260, 31.1400, 31.5260, 33138
2018-10-26, 30.7020, 31.0700, 30.5200, 30.9100, 31342
2018-10-29, 30.9500, 31.5510, 30.6000, 30.8000, 34269
2018-10-30, 31.0300, 31.7000, 31.0300, 31.7000, 18666
2018-10-31, 32.1200, 32.1200, 31.7737, 31.7737, 80545
2018-11-01, 31.6700, 32.3100, 31.6700, 32.2300, 31862
2018-11-02, 32.3600, 32.5250, 32.0950, 32.2700, 39838
2018-11-05, 32.6100, 32.6100, 32.2200, 32.4700, 32150
2018-11-06, 32.4648, 32.6399, 32.4600, 32.6300, 32513
2018-11-07, 32.8213, 33.1300, 32.7200, 33.1300, 22051
2018-11-08, 33.1100, 33.3000, 32.3300, 33.1200, 57438
2018-11-09, 32.7700, 32.8100, 32.5501, 32.7053, 54411
