2013-05-30, 60.2000, 61.2000, 60.2000, 60.2700, 7750
2013-05-31, 59.9500, 59.9500, 59.4300, 59.4300, 1700
2013-06-03, 59.3780, 59.6600, 59.3780, 59.6500, 450
2013-06-04, 59.3600, 59.3600, 59.3600, 59.3600, 100
2013-06-05, 58.4000, 58.4196, 58.4000, 58.4196, 250
2013-06-06, 58.5100, 58.8190, 58.5100, 58.7500, 1420
2013-06-07, 60.3200, 60.3200, 58.9900, 58.9900, 200
2013-06-10, 59.1200, 59.4700, 59.1200, 59.3500, 2950
2013-06-11, 58.7500, 58.9900, 58.6500, 58.8000, 3100
2013-06-12, 59.0100, 59.0100, 58.3700, 58.3700, 1800
2013-06-13, 58.4800, 59.3900, 58.4800, 59.3800, 889
2013-06-14, 59.2200, 59.2700, 59.2199, 59.2700, 300
2013-06-17, 59.5600, 59.5600, 59.4190, 59.4800, 500
2013-06-18, 59.5200, 59.9400, 59.5200, 59.9400, 700
2013-06-19, 59.8600, 59.8600, 59.2480, 59.4600, 1800
2013-06-20, 57.8000, 58.8300, 57.4500, 57.7499, 4356
2013-06-21, 57.5800, 58.1840, 57.0100, 57.4300, 3716
2013-06-24, 56.0800, 56.6500, 56.0800, 56.6200, 2200
2013-06-25, 56.6200, 56.6200, 56.6200, 56.6200, 0
2013-06-26, 57.2900, 57.7400, 57.2900, 57.6600, 1220
2013-06-27, 58.1600, 59.1000, 58.1600, 58.3699, 3142
2013-06-28, 58.3699, 58.3699, 58.3699, 58.3699, 0
2013-07-01, 58.5200, 58.5700, 58.4300, 58.4300, 400
2013-07-02, 58.5100, 58.5200, 58.0100, 58.1300, 2042
2013-07-03, 57.8500, 58.9000, 57.6500, 58.1300, 3394
2013-07-05, 58.1300, 58.1300, 58.1300, 58.1300, 0
2013-07-08, 58.6800, 58.8500, 58.5300, 58.6900, 1400
2013-07-09, 59.1000, 59.1100, 59.0000, 59.1100, 300
2013-07-10, 58.9100, 59.0800, 58.9100, 59.0800, 597
2013-07-11, 60.0400, 60.2200, 59.9500, 60.2200, 1408
2013-07-12, 60.0200, 60.0200, 59.8264, 59.9600, 650
2013-07-15, 59.9600, 59.9600, 59.9600, 59.9600, 0
2013-07-16, 60.2300, 60.3700, 60.1600, 60.3200, 13946
2013-07-17, 60.5760, 60.5760, 60.5660, 60.5660, 400
2013-07-18, 60.7500, 61.2000, 60.7500, 61.0900, 3928
2013-07-19, 61.0000, 61.1100, 61.0000, 61.1100, 700
2013-07-22, 61.1500, 61.4600, 61.1500, 61.4600, 3614
2013-07-23, 61.6100, 61.7300, 61.5700, 61.7000, 17438
2013-07-24, 61.8300, 61.8300, 61.3000, 61.3000, 3803
2013-07-25, 61.2500, 61.6700, 61.2100, 61.6700, 1100
2013-07-26, 61.5100, 61.6200, 61.1500, 61.6200, 1063
2013-07-29, 61.9440, 61.9440, 61.3300, 61.4700, 2488
2013-07-30, 61.5500, 61.5500, 61.0892, 61.3500, 2308
2013-07-31, 61.0700, 61.5300, 60.3900, 61.4700, 2956
2013-08-01, 61.7900, 61.7900, 61.7400, 61.7500, 300
2013-08-02, 61.7800, 61.8700, 61.6100, 61.8700, 500
2013-08-05, 61.7900, 63.2300, 61.7490, 61.7646, 1400
2013-08-06, 61.6600, 61.7200, 61.5180, 61.7200, 1038
2013-08-07, 61.6900, 61.6900, 61.5490, 61.6600, 900
2013-08-08, 62.0099, 62.3400, 62.0099, 62.3400, 756
2013-08-09, 62.3400, 62.3400, 62.3400, 62.3400, 0
2013-08-12, 62.0800, 62.2299, 61.9509, 61.9900, 3065
2013-08-13, 61.9790, 62.2400, 61.9790, 62.2400, 360
2013-08-14, 62.0700, 62.1500, 62.0591, 62.1500, 563
2013-08-15, 61.6300, 61.6900, 61.1991, 61.6900, 3102
2013-08-16, 61.6900, 61.6900, 61.6900, 61.6900, 0
2013-08-19, 61.3800, 61.4200, 61.3800, 61.4200, 212
2013-08-20, 61.0700, 61.4500, 61.0700, 61.3100, 800
2013-08-21, 61.1500, 61.1500, 60.3700, 60.9000, 3947
2013-08-22, 61.0900, 61.3800, 61.0900, 61.2000, 4463
2013-08-23, 61.4000, 61.5800, 61.1970, 61.5800, 19464
2013-08-26, 61.3400, 61.3400, 61.2300, 61.3200, 2645
2013-08-27, 60.6500, 60.6500, 60.2800, 60.3200, 1900
2013-08-28, 60.4300, 60.4800, 60.3188, 60.4200, 1750
2013-08-29, 60.5200, 60.5200, 60.3500, 60.4100, 700
2013-08-30, 60.2800, 60.3400, 59.9500, 59.9500, 4050
2013-09-03, 60.9300, 60.9300, 60.3860, 60.4600, 760
2013-09-04, 60.8100, 61.1000, 60.8100, 61.0989, 1290
2013-09-05, 61.1600, 61.1600, 61.1600, 61.1600, 100
2013-09-06, 61.6600, 61.7900, 61.0400, 61.7900, 3605
2013-09-09, 61.8900, 62.2000, 61.8400, 62.1600, 2016
2013-09-10, 62.1800, 62.5500, 62.1800, 62.5500, 940
2013-09-11, 62.5900, 62.8900, 62.5900, 62.8400, 2510
2013-09-12, 62.7500, 62.8000, 62.6000, 62.7300, 21600
2013-09-13, 62.5700, 62.8200, 62.5600, 62.7500, 3220
2013-09-16, 63.5900, 63.5900, 63.3564, 63.3564, 2084
2013-09-17, 63.5300, 63.5400, 63.4900, 63.5400, 425
2013-09-18, 63.4100, 64.7400, 63.2929, 64.7400, 1400
2013-09-19, 64.9000, 64.9000, 64.5000, 64.5000, 600
2013-09-20, 63.7800, 63.8200, 63.6010, 63.7900, 2430
2013-09-23, 63.7900, 63.7900, 63.7900, 63.7900, 0
2013-09-24, 63.9199, 63.9199, 63.6600, 63.6600, 16900
2013-09-25, 63.5600, 63.8000, 63.5000, 63.7100, 34374
2013-09-26, 63.8700, 64.0700, 63.4700, 63.4700, 2652
2013-09-27, 63.5400, 63.5400, 63.5400, 63.5400, 100
2013-09-30, 63.4800, 63.4800, 63.3408, 63.3408, 650
2013-10-01, 63.6600, 63.7066, 63.4900, 63.6500, 13316
2013-10-02, 63.3500, 63.6327, 63.3324, 63.6327, 2250
2013-10-03, 63.2800, 63.2800, 63.2800, 63.2800, 100
2013-10-04, 63.2300, 63.2300, 63.2300, 63.2300, 112
2013-10-07, 63.0500, 63.1400, 63.0500, 63.1169, 635
2013-10-08, 62.5599, 62.5599, 62.5400, 62.5400, 200
2013-10-09, 62.7400, 62.7400, 62.6500, 62.6500, 260
2013-10-10, 63.3300, 63.8200, 63.2710, 63.7500, 5680
2013-10-11, 63.8200, 64.0000, 63.7960, 64.0000, 709
2013-10-14, 63.8060, 63.8060, 63.8060, 63.8060, 393
2013-10-15, 64.1015, 64.1600, 63.9400, 63.9400, 600
2013-10-16, 63.9101, 64.5600, 63.9101, 64.5500, 7268
2013-10-17, 65.1600, 65.2700, 65.0428, 65.2700, 1660
2013-10-18, 65.6000, 65.6800, 65.5500, 65.6800, 866
2013-10-21, 65.5700, 65.7700, 65.5700, 65.7700, 1190
2013-10-22, 66.2600, 66.3700, 66.1994, 66.3660, 2138
2013-10-23, 65.8198, 65.9000, 65.7899, 65.7899, 859
2013-10-24, 65.8900, 65.9800, 65.8900, 65.9700, 775
2013-10-25, 65.9400, 65.9400, 65.9400, 65.9400, 300
2013-10-28, 66.1700, 66.1700, 66.1560, 66.1560, 300
2013-10-29, 66.0445, 66.0700, 66.0160, 66.0280, 914
2013-10-30, 65.8000, 65.8000, 65.7900, 65.7900, 300
2013-10-31, 65.5800, 65.6400, 65.5800, 65.6400, 265
2013-11-01, 65.1000, 65.1900, 65.0300, 65.1900, 600
2013-11-04, 65.2280, 65.2700, 65.2280, 65.2560, 493
2013-11-05, 64.8500, 64.9400, 64.8100, 64.8920, 4030
2013-11-06, 65.3900, 65.4200, 65.2760, 65.3070, 1937
2013-11-07, 64.6600, 64.6700, 64.6600, 64.6700, 1000
2013-11-08, 64.4000, 64.6200, 64.4000, 64.5700, 2527
2013-11-11, 64.7500, 64.7500, 64.6900, 64.6900, 800
2013-11-12, 64.6000, 64.6100, 64.4000, 64.4100, 3439
2013-11-13, 64.2800, 64.2800, 64.2600, 64.2600, 1045
2013-11-14, 64.9700, 64.9900, 64.8000, 64.9900, 1731
2013-11-15, 66.0000, 66.0000, 65.0000, 65.1080, 1000
2013-11-18, 65.3700, 65.3700, 65.3700, 65.3700, 100
2013-11-19, 65.0190, 65.0190, 64.8500, 64.8500, 1840
2013-11-20, 64.6200, 64.6200, 64.2200, 64.2348, 5052
2013-11-21, 64.3900, 64.5500, 64.3900, 64.5366, 1669
2013-11-22, 64.5100, 64.7400, 64.5100, 64.7400, 1803
2013-11-25, 64.8100, 64.8100, 64.7100, 64.7100, 510
2013-11-26, 64.7100, 64.7100, 64.7100, 64.7100, 0
2013-11-27, 64.5300, 64.5300, 64.5300, 64.5300, 200
2013-11-29, 64.6700, 64.7100, 64.6700, 64.7100, 487
2013-12-02, 64.2500, 64.2500, 63.9500, 63.9500, 553
2013-12-03, 63.4800, 63.5200, 63.3500, 63.3500, 14104
2013-12-04, 63.3500, 63.3500, 63.3500, 63.3500, 0
2013-12-05, 63.3500, 63.3500, 63.3500, 63.3500, 0
2013-12-06, 63.3200, 63.4380, 63.3100, 63.4197, 1106
2013-12-09, 63.5300, 63.6000, 63.5040, 63.5400, 1957
2013-12-10, 63.5400, 63.5400, 63.5400, 63.5400, 23
2013-12-11, 62.9800, 63.0200, 62.7500, 62.7500, 1182
2013-12-12, 62.4700, 62.6180, 62.4700, 62.5400, 1786
2013-12-13, 62.3380, 62.5700, 62.3380, 62.5700, 856
2013-12-16, 63.3200, 63.3200, 63.2020, 63.2899, 765
2013-12-17, 62.9300, 63.0400, 62.8984, 63.0400, 1241
2013-12-18, 63.0400, 63.0400, 63.0400, 63.0400, 92
2013-12-19, 63.4300, 63.4300, 63.4200, 63.4200, 1108
2013-12-20, 64.3600, 64.3600, 63.3008, 63.3700, 4672
2013-12-23, 63.7700, 63.9400, 63.7500, 63.9100, 1776
2013-12-24, 63.9100, 63.9100, 63.9100, 63.9100, 130
2013-12-26, 64.2900, 64.3300, 64.2900, 64.3300, 1522
2013-12-27, 64.5300, 64.5400, 64.4421, 64.4421, 1322
2013-12-30, 64.7400, 64.8100, 64.7400, 64.7724, 1399
2013-12-31, 65.0900, 65.0900, 64.9340, 64.9340, 816
2014-01-02, 64.0300, 64.0600, 63.7032, 63.7032, 1277
2014-01-03, 63.7032, 63.7032, 63.7032, 63.7032, 18
2014-01-06, 63.9300, 65.1200, 63.7400, 63.7400, 1428
2014-01-07, 63.7710, 63.9290, 63.7710, 63.9140, 1904
2014-01-08, 63.7100, 63.7300, 63.5500, 63.6200, 1568
2014-01-09, 63.7500, 63.8209, 63.7500, 63.8209, 590
2014-01-10, 64.2300, 64.5300, 64.2188, 64.5300, 1550
2014-01-13, 64.4700, 64.6880, 63.1100, 63.2000, 12252
2014-01-14, 64.0100, 67.8700, 64.0100, 64.4100, 63500
2014-01-15, 64.1370, 64.1370, 63.4493, 63.4493, 1214
2014-01-16, 64.3600, 64.4200, 64.2800, 64.2800, 2591
2014-01-17, 64.5900, 64.5900, 64.3300, 64.3300, 2157
2014-01-21, 64.6400, 65.2990, 64.6330, 64.6400, 4203
2014-01-22, 64.7400, 65.7280, 64.6700, 64.7100, 6842
2014-01-23, 64.1890, 64.2490, 64.0400, 64.2490, 1300
2014-01-24, 63.7400, 64.1900, 63.1305, 63.2100, 6822
2014-01-27, 62.9500, 63.1800, 62.9500, 63.1500, 1148
2014-01-28, 63.2000, 63.5984, 63.2000, 63.4200, 2209
2014-01-29, 62.5200, 62.8586, 62.5200, 62.8586, 479
2014-01-30, 62.7750, 63.5000, 62.7750, 63.1399, 880
2014-01-31, 62.4000, 63.4900, 62.3869, 62.6828, 3288
2014-02-03, 62.5100, 62.5100, 61.6900, 61.6900, 2424
2014-02-04, 62.0246, 62.2099, 62.0246, 62.2000, 2828
2014-02-05, 61.9000, 62.1100, 61.9000, 62.1100, 1409
2014-02-06, 62.5800, 62.8600, 62.5800, 62.8099, 3633
2014-02-07, 63.4000, 63.6500, 63.4000, 63.6000, 6893
2014-02-10, 63.3700, 63.4100, 63.3300, 63.3800, 5136
2014-02-11, 63.5900, 64.3400, 63.5900, 64.3400, 1444
2014-02-12, 64.3500, 64.4000, 64.2380, 64.2400, 2945
2014-02-13, 64.0500, 64.6600, 64.0500, 64.6300, 10131
2014-02-14, 64.9500, 65.3300, 64.9500, 65.3080, 8847
2014-02-18, 65.3700, 65.4800, 65.3640, 65.3900, 3755
2014-02-19, 65.2199, 65.2900, 64.9340, 65.0000, 2143
2014-02-20, 65.1400, 65.4900, 65.1000, 65.4300, 5921
2014-02-21, 65.4665, 65.6100, 65.3695, 65.3695, 2594
2014-02-24, 65.8600, 66.1000, 65.7000, 65.7000, 4529
2014-02-25, 65.8900, 65.9500, 65.6028, 65.6524, 2239
2014-02-26, 65.5900, 65.5900, 65.3100, 65.3590, 1040
2014-02-27, 65.4000, 65.6600, 65.4000, 65.5666, 1145
2014-02-28, 66.0000, 66.1700, 66.0000, 66.1290, 1586
2014-03-03, 65.3000, 65.3000, 64.9600, 65.1499, 1156
2014-03-04, 65.6350, 65.6900, 65.6100, 65.6780, 1150
2014-03-05, 65.8400, 65.8400, 65.7690, 65.7690, 1553
2014-03-06, 66.3635, 66.3635, 66.3365, 66.3365, 618
2014-03-07, 65.9800, 65.9800, 65.9000, 65.9600, 1478
2014-03-10, 65.8080, 65.8300, 65.7220, 65.8060, 3596
2014-03-11, 65.7400, 65.7400, 65.7100, 65.7100, 914
2014-03-12, 65.7000, 65.7000, 65.6900, 65.6900, 924
2014-03-13, 65.1619, 65.1619, 65.0501, 65.0501, 819
2014-03-14, 65.5500, 65.5500, 64.4300, 65.3400, 2908
2014-03-17, 65.9662, 66.0999, 65.9662, 66.0999, 504
2014-03-18, 66.0900, 66.4300, 66.0900, 66.3194, 2251
2014-03-19, 66.1700, 66.1800, 65.2600, 65.2600, 2061
2014-03-20, 65.1446, 65.4200, 65.1446, 65.3364, 2157
2014-03-21, 65.5600, 65.6050, 65.5171, 65.5700, 2506
2014-03-24, 65.3200, 65.3900, 65.1600, 65.3900, 1823
2014-03-25, 65.8500, 66.0600, 65.7800, 66.0352, 2133
2014-03-26, 66.1500, 66.2500, 65.8700, 65.9600, 5890
2014-03-27, 66.2300, 66.2300, 66.2300, 66.2300, 471
2014-03-28, 66.6100, 66.6100, 66.5750, 66.6000, 1238
2014-03-31, 66.6000, 66.6000, 66.6000, 66.6000, 428
2014-04-01, 66.6000, 66.6000, 66.6000, 66.6000, 146
2014-04-02, 66.9200, 66.9200, 66.9189, 66.9189, 955
2014-04-03, 66.8500, 66.8500, 66.5010, 66.5760, 1325
2014-04-04, 67.1360, 67.1360, 67.1360, 67.1360, 400
2014-04-07, 67.1360, 67.1360, 67.1360, 67.1360, 73
2014-04-08, 67.1900, 67.4500, 66.9980, 67.3400, 1721
2014-04-09, 67.7360, 67.7600, 67.6700, 67.6700, 1603
2014-04-10, 67.8800, 67.8800, 67.3200, 67.3600, 2906
2014-04-11, 67.1700, 67.3500, 67.1300, 67.2000, 2688
2014-04-14, 67.2500, 67.2600, 67.1772, 67.1772, 890
2014-04-15, 67.1000, 67.3200, 66.7060, 67.3200, 4421
2014-04-16, 67.6000, 67.8100, 67.5875, 67.8100, 1746
2014-04-17, 67.9700, 67.9700, 67.9301, 67.9301, 708
2014-04-21, 68.0280, 68.0280, 68.0280, 68.0280, 477
2014-04-22, 68.2170, 68.2700, 68.2018, 68.2339, 644
2014-04-23, 67.9301, 67.9500, 67.8700, 67.9500, 2975
2014-04-24, 68.0900, 68.2500, 68.0889, 68.2500, 5365
2014-04-25, 68.2199, 68.2199, 68.2199, 68.2199, 204
2014-04-28, 68.2600, 68.7500, 68.2600, 68.7500, 5105
2014-04-29, 68.9900, 69.0700, 68.7570, 69.0300, 2499
2014-04-30, 69.2600, 69.3000, 69.0127, 69.2300, 4023
2014-05-01, 69.0765, 69.2260, 69.0765, 69.2260, 1537
2014-05-02, 69.3500, 69.3500, 69.0600, 69.1400, 1456
2014-05-05, 69.1000, 69.2080, 69.0779, 69.2080, 929
2014-05-06, 69.3900, 69.4007, 69.2100, 69.2699, 13813
2014-05-07, 69.2500, 69.5500, 69.2500, 69.5060, 1334
2014-05-08, 69.7700, 69.8100, 69.7600, 69.7600, 1111
2014-05-09, 69.7600, 69.7600, 69.4000, 69.5100, 3416
2014-05-12, 69.8000, 70.0000, 69.6600, 69.8300, 3300
2014-05-13, 69.7100, 69.7700, 69.6720, 69.7000, 2824
2014-05-14, 69.7700, 69.8200, 69.6388, 69.6400, 5285
2014-05-15, 69.2100, 69.3600, 69.2100, 69.3600, 2280
2014-05-16, 69.3600, 69.4800, 69.3600, 69.3700, 2335
2014-05-19, 69.3700, 69.4400, 69.3500, 69.4400, 2883
2014-05-20, 69.2700, 69.2700, 68.9400, 68.9400, 4847
2014-05-21, 68.7600, 69.0500, 68.7600, 69.0500, 4700
2014-05-22, 69.1000, 69.4300, 69.1000, 69.4200, 2407
2014-05-23, 69.3400, 69.5000, 69.3378, 69.4800, 2636
2014-05-27, 69.7500, 69.7900, 69.5100, 69.5100, 4121
2014-05-28, 69.6000, 69.6400, 69.5990, 69.6400, 949
2014-05-29, 69.8500, 69.9825, 69.7700, 69.9825, 3228
2014-05-30, 69.8900, 69.9500, 69.8900, 69.9500, 1157
2014-06-02, 70.1600, 70.1600, 69.9020, 69.9600, 1302
2014-06-03, 69.8200, 69.8200, 69.5401, 69.8000, 1563
2014-06-04, 69.8700, 69.8700, 69.6000, 69.6540, 3204
2014-06-05, 69.9200, 70.2899, 69.9200, 70.2899, 442
2014-06-06, 70.5500, 70.5500, 70.5500, 70.5500, 347
2014-06-09, 70.7100, 70.7100, 70.5300, 70.6600, 1668
2014-06-10, 70.6200, 70.6200, 70.4300, 70.5400, 2959
2014-06-11, 70.3700, 70.3700, 70.0000, 70.0880, 4542
2014-06-12, 70.3900, 70.3900, 70.0890, 70.1100, 1960
2014-06-13, 70.2150, 70.2338, 70.1700, 70.1800, 1596
2014-06-16, 70.4700, 70.4700, 70.2629, 70.3900, 5296
2014-06-17, 70.1000, 70.2114, 70.1000, 70.2114, 1216
2014-06-18, 70.3500, 70.5180, 70.2788, 70.5180, 2608
2014-06-19, 71.2400, 71.2400, 70.9500, 71.0500, 5800
2014-06-20, 70.1600, 70.1600, 69.7280, 69.8599, 6638
2014-06-23, 69.8800, 69.9600, 69.7600, 69.9600, 15682
2014-06-24, 69.7900, 69.8500, 69.4100, 69.5500, 3209
2014-06-25, 69.4100, 69.6071, 69.3640, 69.6071, 2058
2014-06-26, 69.5301, 69.7800, 69.5301, 69.7548, 998
2014-06-27, 69.6900, 69.7500, 69.5000, 69.6692, 8600
2014-06-30, 69.8600, 69.9700, 69.8301, 69.9334, 3282
2014-07-01, 70.1600, 70.1900, 70.1220, 70.1600, 2004
2014-07-02, 69.5300, 70.0000, 69.5300, 69.9360, 2349
2014-07-03, 69.8200, 69.9852, 69.7500, 69.9500, 13577
2014-07-07, 69.7360, 69.7421, 69.6100, 69.7000, 3412
2014-07-08, 69.3800, 69.4340, 69.3800, 69.4340, 1835
2014-07-09, 69.3500, 69.5640, 69.3000, 69.5640, 1312
2014-07-10, 68.8700, 69.2700, 68.7500, 69.2600, 5654
2014-07-11, 69.1160, 69.2599, 69.1160, 69.2599, 766
2014-07-14, 69.8300, 69.8300, 69.3500, 69.4300, 3181
2014-07-15, 69.3400, 69.3600, 69.0000, 69.1940, 1130
2014-07-16, 69.4500, 69.5880, 69.4490, 69.4501, 4520
2014-07-17, 69.4300, 69.4400, 68.7300, 68.7300, 3539
2014-07-18, 69.3690, 69.4388, 69.3690, 69.4388, 2599
2014-07-21, 69.0000, 69.3090, 69.0000, 69.3090, 1145
2014-07-22, 69.7000, 69.7000, 69.3300, 69.3300, 3671
2014-07-23, 69.5790, 69.7090, 69.5501, 69.7090, 2997
2014-07-24, 69.7090, 69.7300, 69.7090, 69.7300, 1738
2014-07-25, 69.7700, 69.7700, 69.3800, 69.3800, 5557
2014-07-28, 69.4600, 69.7500, 69.3000, 69.7300, 2450
2014-07-29, 69.8700, 69.8700, 69.3800, 69.3800, 1361
2014-07-30, 69.3740, 69.3740, 68.9800, 69.0520, 1824
2014-07-31, 68.5000, 68.5000, 68.2062, 68.3000, 4367
2014-08-01, 67.9400, 68.0100, 67.6300, 67.8958, 5422
2014-08-04, 67.8599, 68.1899, 67.7100, 68.1899, 4761
2014-08-05, 67.6400, 67.6900, 67.2500, 67.2701, 2250
2014-08-06, 67.0000, 67.2800, 66.9640, 67.1900, 1910
2014-08-07, 66.6500, 66.6698, 66.4800, 66.4800, 1826
2014-08-08, 67.0400, 67.3358, 66.8000, 67.3358, 1492
2014-08-11, 67.5500, 67.6569, 67.4300, 67.5390, 4149
2014-08-12, 67.5500, 67.5600, 67.4600, 67.4600, 731
2014-08-13, 67.6444, 67.7390, 67.6444, 67.6800, 1949
2014-08-14, 68.0000, 68.1200, 68.0000, 68.1200, 3455
2014-08-15, 68.3400, 68.3400, 67.8400, 68.1700, 4517
2014-08-18, 68.4000, 68.5690, 68.3001, 68.4890, 3187
2014-08-19, 68.4000, 68.5400, 68.3800, 68.5400, 1548
2014-08-20, 68.3700, 68.4000, 68.3700, 68.4000, 318
2014-08-21, 68.7560, 68.8590, 68.7560, 68.8590, 731
2014-08-22, 68.9100, 68.9100, 68.6100, 68.7790, 2469
2014-08-25, 69.1500, 69.1500, 68.8870, 68.9600, 3695
2014-08-26, 69.0801, 69.1426, 69.0699, 69.0800, 2285
2014-08-27, 69.0900, 69.4300, 69.0900, 69.3410, 964
2014-08-28, 69.2600, 69.3900, 69.2200, 69.3800, 1696
2014-08-29, 69.2300, 69.2590, 69.1730, 69.2590, 1780
2014-09-02, 68.8800, 69.0900, 68.7500, 69.0300, 3518
2014-09-03, 69.5200, 69.5500, 69.3200, 69.4300, 3439
2014-09-04, 69.6300, 69.6300, 69.1600, 69.1600, 3278
2014-09-05, 69.4400, 69.4700, 69.3384, 69.4293, 754
2014-09-08, 69.2600, 69.2600, 68.6700, 68.7900, 6227
2014-09-09, 68.3599, 68.4046, 68.2310, 68.2892, 4905
2014-09-10, 68.3626, 68.4500, 68.3626, 68.4370, 1570
2014-09-11, 68.1525, 68.2220, 68.1525, 68.2000, 1518
2014-09-12, 67.9400, 67.9400, 67.7000, 67.7000, 1530
2014-09-15, 67.5890, 67.6700, 67.5600, 67.5600, 764
2014-09-16, 67.6100, 68.1370, 67.4920, 68.0679, 4507
2014-09-17, 68.0500, 68.0500, 67.7400, 67.8100, 1644
2014-09-18, 67.9000, 67.9790, 67.9000, 67.9390, 1743
2014-09-19, 67.7000, 67.7000, 67.0704, 67.1600, 4079
2014-09-22, 66.7300, 66.7300, 66.4700, 66.6008, 6026
2014-09-23, 66.3200, 66.3300, 65.9540, 66.0200, 5407
2014-09-24, 66.1700, 66.1700, 65.8050, 66.1100, 2631
2014-09-25, 65.8600, 65.8600, 65.1350, 65.2100, 19429
2014-09-26, 65.4700, 65.4700, 65.1171, 65.4700, 1592
2014-09-29, 64.8800, 64.9490, 64.7600, 64.8980, 3481
2014-09-30, 65.0690, 65.0690, 64.7430, 64.9452, 3568
2014-10-01, 64.5600, 64.5600, 64.2780, 64.4691, 5399
2014-10-02, 64.2790, 64.2790, 63.7800, 64.2428, 3231
2014-10-03, 64.0571, 64.0571, 64.0390, 64.0410, 644
2014-10-06, 64.5500, 64.5890, 64.2201, 64.4001, 2423
2014-10-07, 64.3120, 64.3634, 63.9300, 63.9300, 4899
2014-10-08, 63.8401, 65.1300, 63.8401, 65.1300, 2141
2014-10-09, 64.1901, 64.1901, 63.8000, 63.8000, 1270
2014-10-10, 63.4252, 63.6946, 63.2500, 63.2500, 2935
2014-10-13, 63.7910, 63.7910, 63.7800, 63.7800, 3446
2014-10-14, 64.1370, 64.1370, 63.4493, 63.4493, 1214
2014-10-15, 63.3200, 63.3700, 62.0401, 63.0600, 6492
2014-10-16, 62.6400, 63.2800, 62.6400, 63.2800, 1006
2014-10-17, 63.4600, 63.8000, 63.4560, 63.7000, 8749
2014-10-20, 63.2900, 64.0454, 63.2900, 64.0258, 8539
2014-10-21, 64.3800, 64.6800, 64.3800, 64.6320, 4684
2014-10-22, 64.6190, 64.7190, 64.3158, 64.3158, 4290
2014-10-23, 64.6000, 64.8800, 64.6000, 64.7600, 3431
2014-10-24, 64.7000, 65.0100, 64.7000, 65.0100, 5208
2014-10-27, 64.7300, 64.9600, 64.5300, 64.8690, 8001
2014-10-28, 65.7100, 65.7800, 65.5300, 65.7800, 3582
2014-10-29, 66.2300, 66.2300, 65.3884, 65.7000, 4129
2014-10-30, 65.6900, 66.1500, 65.6900, 66.1100, 2149
2014-10-31, 66.3500, 66.6100, 66.3500, 66.6100, 4403
2014-11-03, 66.4700, 66.4700, 66.0500, 66.1800, 5467
2014-11-04, 66.1400, 66.1400, 65.7700, 65.9900, 2604
2014-11-05, 65.9900, 66.3700, 65.9629, 66.3100, 3964
2014-11-06, 66.2000, 66.2000, 65.7163, 65.7163, 2922
2014-11-07, 65.7400, 66.1300, 65.7400, 65.9300, 2003
2014-11-10, 66.2200, 66.5000, 66.2200, 66.3000, 2037
2014-11-11, 66.4140, 66.5660, 66.4140, 66.5660, 1002
2014-11-12, 66.5700, 66.5700, 66.3200, 66.3200, 4558
2014-11-13, 66.5000, 66.5000, 66.2000, 66.3030, 2368
2014-11-14, 66.3000, 66.4100, 66.3000, 66.4100, 2511
2014-11-17, 66.3200, 66.5111, 66.1000, 66.4985, 1825
2014-11-18, 66.8132, 67.0048, 66.8100, 66.9400, 1658
2014-11-19, 66.7042, 66.8800, 66.6694, 66.8800, 3784
2014-11-20, 66.5600, 66.6500, 66.5335, 66.5656, 4019
2014-11-21, 67.3100, 67.3300, 66.9648, 67.0677, 3038
2014-11-24, 67.2090, 67.2100, 67.0125, 67.1600, 6133
2014-11-25, 67.2700, 67.2700, 67.0408, 67.1400, 4478
2014-11-26, 67.3400, 67.4900, 67.2900, 67.4900, 5057
2014-11-28, 67.3300, 67.3300, 67.0000, 67.0000, 5490
2014-12-01, 66.9900, 67.1100, 66.8800, 66.9400, 3893
2014-12-02, 66.8800, 66.8800, 66.6740, 66.8400, 1346
2014-12-03, 66.8500, 67.0600, 66.8300, 67.0495, 6211
2014-12-04, 67.0000, 67.0800, 66.8200, 66.9499, 4112
2014-12-05, 66.7990, 66.7990, 66.5913, 66.7500, 2515
2014-12-08, 66.3610, 66.5276, 66.2100, 66.2101, 4568
2014-12-09, 65.7812, 65.8899, 65.7201, 65.8899, 2948
2014-12-10, 65.6910, 65.8300, 65.0600, 65.0600, 5255
2014-12-11, 65.3700, 65.5300, 65.1200, 65.1287, 7537
2014-12-12, 65.0000, 65.0000, 64.5100, 64.5100, 2709
2014-12-15, 64.2500, 64.3400, 63.3490, 63.4890, 3670
2014-12-16, 63.6200, 64.3997, 63.5401, 63.7700, 13147
2014-12-17, 64.1320, 64.4200, 64.1320, 64.1772, 28347
2014-12-18, 65.2788, 65.6300, 65.1500, 65.6300, 5344
2014-12-19, 64.4300, 64.8390, 64.4300, 64.7790, 1986
2014-12-22, 64.8800, 64.9500, 64.7100, 64.9300, 2791
2014-12-23, 64.8400, 65.0700, 64.8400, 65.0200, 3521
2014-12-24, 65.4200, 65.4200, 65.0950, 65.4000, 4716
2014-12-26, 65.8100, 65.8100, 65.6300, 65.6300, 10193
2014-12-29, 65.5900, 65.8700, 65.5900, 65.7500, 5618
2014-12-30, 65.3100, 65.3900, 65.1500, 65.2500, 18855
2014-12-31, 65.5900, 65.5900, 64.7400, 64.7400, 5970
2015-01-02, 64.7600, 64.7600, 64.2500, 64.2500, 2856
2015-01-05, 63.9900, 63.9900, 63.0700, 63.1600, 4162
2015-01-06, 63.3901, 63.5570, 62.8113, 63.1199, 8959
2015-01-07, 63.6600, 63.9260, 63.3190, 63.7900, 78572
2015-01-08, 64.5500, 64.5500, 64.3700, 64.4690, 11347
2015-01-09, 64.1999, 64.2800, 64.0000, 64.2800, 2495
2015-01-12, 63.9300, 63.9300, 63.8000, 63.9200, 9796
2015-01-13, 64.6500, 64.7200, 63.9000, 63.9700, 13185
2015-01-14, 63.6600, 64.0900, 63.5900, 64.0900, 5192
2015-01-15, 64.5400, 64.5400, 64.2100, 64.3301, 2972
2015-01-16, 64.2400, 64.9700, 64.2400, 64.9700, 6630
2015-01-20, 65.4500, 65.4500, 64.9700, 65.1570, 1814
2015-01-21, 65.6600, 65.6600, 65.2500, 65.6390, 2938
2015-01-22, 65.6600, 66.0600, 65.4900, 66.0180, 5600
2015-01-23, 66.2800, 66.2800, 65.9500, 65.9500, 4769
2015-01-26, 66.2800, 66.4000, 65.9000, 66.2872, 6704
2015-01-27, 66.1800, 66.4400, 66.0600, 66.3099, 11266
2015-01-28, 66.6100, 66.6100, 65.4700, 65.4700, 3389
2015-01-29, 66.0100, 66.0760, 65.4600, 66.0760, 17428
2015-01-30, 65.5825, 65.6718, 65.1700, 65.4300, 5865
2015-02-02, 65.6900, 65.7216, 65.6097, 65.6098, 3414
2015-02-03, 67.0600, 67.4700, 67.0000, 67.2990, 39174
2015-02-04, 67.0200, 67.2290, 67.0200, 67.1890, 23030
2015-02-05, 67.5239, 68.0000, 67.5239, 68.0000, 15720
2015-02-06, 67.4200, 67.4200, 66.7000, 66.8200, 16885
2015-02-09, 66.6801, 67.0300, 66.6801, 66.8100, 7754
2015-02-10, 67.1600, 67.1600, 66.7900, 67.1300, 6455
2015-02-11, 66.7000, 66.7000, 66.3100, 66.5916, 4511
2015-02-12, 67.2185, 67.5716, 67.2185, 67.5716, 4044
2015-02-13, 67.9800, 68.0000, 67.7899, 67.9800, 6761
2015-02-17, 67.7118, 68.1800, 67.7118, 68.1200, 8602
2015-02-18, 68.0700, 68.2200, 67.8663, 68.2200, 4941
2015-02-19, 68.0400, 68.1000, 67.7100, 67.8600, 7535
2015-02-20, 67.9000, 68.3787, 67.6648, 68.2800, 5577
2015-02-23, 68.0200, 68.0600, 67.7800, 68.0100, 49112
2015-02-24, 68.2000, 68.5100, 67.9400, 68.4780, 3877
2015-02-25, 68.6900, 68.6900, 68.4300, 68.6156, 61099
2015-02-26, 68.5900, 68.5900, 68.3069, 68.3900, 6044
2015-02-27, 68.5300, 68.5600, 68.2400, 68.3500, 11407
2015-03-02, 68.1600, 68.1600, 67.9190, 68.0750, 30482
2015-03-03, 67.8600, 68.0000, 67.7856, 67.9400, 7318
2015-03-04, 67.7100, 67.7100, 67.2300, 67.4700, 5474
2015-03-05, 67.7400, 67.7400, 67.3967, 67.5453, 31991
2015-03-06, 67.0000, 67.0399, 66.2700, 66.2700, 5604
2015-03-09, 66.5200, 66.5500, 66.3675, 66.4600, 6092
2015-03-10, 65.6300, 65.6300, 65.0000, 65.0400, 8315
2015-03-11, 65.0282, 65.1300, 64.9700, 65.0200, 1520
2015-03-12, 65.7400, 65.7400, 65.5900, 65.7040, 2543
2015-03-13, 65.2500, 65.2500, 64.5900, 64.9200, 19758
2015-03-16, 65.4600, 65.6199, 65.3699, 65.5400, 2780
2015-03-17, 65.3736, 65.6175, 65.3500, 65.5900, 5175
2015-03-18, 65.5700, 66.8474, 65.5700, 66.8474, 7945
2015-03-19, 66.3900, 66.3900, 66.1400, 66.1499, 6300
2015-03-20, 66.5300, 67.2420, 66.5300, 67.0890, 5023
2015-03-23, 67.2200, 67.7100, 67.2200, 67.6652, 6966
2015-03-24, 67.6900, 67.8090, 67.6100, 67.6599, 6124
2015-03-25, 67.8010, 67.8042, 67.2900, 67.2900, 4611
2015-03-26, 66.9500, 66.9500, 66.5600, 66.6700, 7851
2015-03-27, 66.6600, 66.6600, 66.3899, 66.5079, 6988
2015-03-30, 66.5700, 66.5700, 66.4000, 66.4700, 6608
2015-03-31, 65.7900, 66.9400, 65.7000, 66.0000, 16052
2015-04-01, 66.2900, 66.2900, 65.8005, 66.1400, 14025
2015-04-02, 66.5900, 66.6000, 66.4690, 66.5500, 4198
2015-04-06, 66.8100, 67.3995, 66.8100, 67.1900, 3222
2015-04-07, 67.2000, 67.3795, 67.1100, 67.1208, 6313
2015-04-08, 67.4800, 67.6500, 67.2200, 67.3300, 3419
2015-04-09, 67.2127, 67.2337, 66.9300, 67.2337, 4726
2015-04-10, 67.3400, 67.4780, 67.2479, 67.4780, 9992
2015-04-13, 67.2200, 67.2200, 66.8676, 66.9190, 5427
2015-04-14, 67.4700, 67.5790, 67.3800, 67.5100, 28734
2015-04-15, 67.6000, 68.1690, 67.6000, 68.1690, 5459
2015-04-16, 67.8900, 68.4599, 67.8900, 68.3600, 4784
2015-04-17, 67.6900, 67.8500, 67.3500, 67.5400, 12655
2015-04-20, 67.6400, 67.8400, 67.5900, 67.6700, 10807
2015-04-21, 67.9700, 67.9700, 67.6743, 67.6743, 4288
2015-04-22, 67.7600, 67.7800, 67.2395, 67.7200, 9696
2015-04-23, 67.5300, 68.2399, 67.5279, 68.1800, 2851
2015-04-24, 68.3500, 68.5099, 68.2100, 68.3900, 7147
2015-04-27, 68.8600, 68.9500, 68.5400, 68.5400, 4043
2015-04-28, 68.8300, 69.0599, 68.8300, 69.0500, 4462
2015-04-29, 68.7700, 68.8400, 68.5101, 68.5999, 4555
2015-04-30, 68.4800, 68.4800, 68.1490, 68.2700, 4852
2015-05-01, 68.4400, 68.4400, 68.0396, 68.3876, 9669
2015-05-04, 68.5636, 68.6399, 68.5015, 68.5610, 2467
2015-05-05, 68.5500, 68.5500, 67.8010, 67.9200, 6674
2015-05-06, 68.1400, 68.1800, 67.5900, 67.8990, 12824
2015-05-07, 67.2460, 67.5500, 67.2460, 67.5500, 3051
2015-05-08, 68.2200, 68.7300, 68.2200, 68.6380, 3472
2015-05-11, 68.4600, 68.4600, 68.0957, 68.1200, 3960
2015-05-12, 67.9000, 68.2500, 67.9000, 68.1899, 4547
2015-05-13, 68.7400, 68.7400, 68.5300, 68.5305, 2997
2015-05-14, 68.9800, 69.2900, 68.9800, 69.2880, 4441
2015-05-15, 69.2600, 69.4800, 69.2500, 69.4300, 6063
2015-05-18, 69.0200, 69.1100, 68.9800, 69.0200, 4397
2015-05-19, 68.5300, 68.6700, 68.5040, 68.5800, 6932
2015-05-20, 68.5800, 68.6700, 68.4350, 68.6650, 2993
2015-05-21, 68.7500, 68.9900, 68.7500, 68.9300, 3874
2015-05-22, 68.7000, 68.7000, 68.4470, 68.5800, 61550
2015-05-26, 67.7300, 67.7300, 66.9301, 67.1800, 8359
2015-05-27, 67.2100, 67.5900, 67.2100, 67.5900, 8129
2015-05-28, 67.1300, 67.3700, 66.9100, 67.3699, 6003
2015-05-29, 66.7952, 66.9000, 66.5990, 66.7900, 6085
2015-06-01, 66.8400, 66.8400, 66.3200, 66.5600, 7589
2015-06-02, 66.7800, 67.2100, 66.7700, 67.0725, 4029
2015-06-03, 67.1400, 67.3599, 67.0301, 67.1600, 2559
2015-06-04, 66.6800, 66.7200, 66.1390, 66.2380, 28289
2015-06-05, 65.7100, 65.9500, 65.6700, 65.8080, 4260
2015-06-08, 65.7600, 65.7600, 65.5200, 65.7000, 2979
2015-06-09, 65.5100, 65.7900, 65.5000, 65.6999, 2687
2015-06-10, 66.5400, 66.6400, 66.5400, 66.6290, 1014
2015-06-11, 66.6600, 66.6900, 66.6200, 66.6200, 2417
2015-06-12, 66.0700, 66.1100, 65.9350, 66.0399, 1601
2015-06-15, 65.6200, 65.7890, 65.5740, 65.6600, 2242
2015-06-16, 65.8800, 66.1190, 65.8500, 66.1190, 5853
2015-06-17, 66.1700, 66.5100, 65.7408, 66.3400, 6428
2015-06-18, 66.6100, 67.0100, 66.5610, 66.8200, 10091
2015-06-19, 65.7900, 65.7900, 65.4373, 65.4900, 6798
2015-06-22, 66.1200, 66.4990, 66.1200, 66.2390, 1589
2015-06-23, 66.3600, 66.7100, 66.3150, 66.4000, 6030
2015-06-24, 66.4100, 66.4100, 66.0900, 66.1999, 8017
2015-06-25, 66.2257, 66.2300, 65.9200, 65.9200, 10408
2015-06-26, 66.1300, 66.1300, 65.6510, 65.7500, 4817
2015-06-29, 65.0530, 65.0530, 64.3099, 64.3600, 17191
2015-06-30, 64.8200, 64.8200, 64.3010, 64.4300, 9708
2015-07-01, 64.8000, 64.8790, 64.4900, 64.4901, 3008
2015-07-02, 64.6900, 64.8500, 64.6690, 64.8000, 4992
2015-07-06, 64.1400, 64.1400, 63.6600, 63.7483, 11015
2015-07-07, 63.4000, 63.7399, 62.6800, 63.7399, 8889
2015-07-08, 63.2200, 63.2500, 62.8701, 62.9218, 5916
2015-07-09, 63.9500, 63.9500, 63.2057, 63.2057, 10827
2015-07-10, 64.4606, 64.6800, 64.3700, 64.6800, 9856
2015-07-13, 65.0700, 65.0700, 64.8301, 64.9495, 4612
2015-07-14, 65.1300, 65.2500, 65.0000, 65.2500, 5742
2015-07-15, 65.0200, 65.2000, 64.8207, 64.9200, 5157
2015-07-16, 65.4700, 65.5548, 65.3500, 65.4960, 4509
2015-07-17, 65.3500, 65.3500, 65.1200, 65.1200, 1484
2015-07-20, 65.1200, 65.1520, 65.0300, 65.0300, 3670
2015-07-21, 65.4300, 65.4300, 64.8400, 64.8501, 3042
2015-07-22, 64.5300, 64.8850, 64.5300, 64.6600, 14859
2015-07-23, 64.6600, 64.6600, 64.0600, 64.0600, 1916
2015-07-24, 63.6200, 63.8700, 63.4500, 63.4500, 4453
2015-07-27, 63.3000, 63.3000, 62.9431, 62.9431, 21199
2015-07-28, 63.6100, 63.8299, 63.1900, 63.7700, 2656
2015-07-29, 63.8000, 64.4500, 63.8000, 64.3600, 37489
2015-07-30, 64.0700, 64.2501, 64.0700, 64.2501, 4730
2015-07-31, 65.0000, 65.0000, 64.4500, 64.4500, 3556
2015-08-03, 64.4500, 64.5000, 64.0500, 64.2200, 7373
2015-08-04, 64.3200, 64.7200, 64.3200, 64.3201, 4928
2015-08-05, 64.5800, 64.7400, 64.4500, 64.4500, 2605
2015-08-06, 64.2500, 64.3000, 64.1600, 64.2500, 3523
2015-08-07, 64.0100, 64.0300, 63.8801, 64.0299, 2220
2015-08-10, 64.5300, 64.8000, 64.5100, 64.7500, 3188
2015-08-11, 64.1300, 64.4000, 63.8752, 64.4000, 107535
2015-08-12, 63.7700, 64.4300, 63.7700, 64.4072, 5628
2015-08-13, 64.3800, 64.3800, 63.9600, 63.9700, 9581
2015-08-14, 64.0300, 64.1088, 63.9320, 64.1088, 2419
2015-08-17, 63.8100, 63.9343, 63.8100, 63.9343, 7414
2015-08-18, 63.9400, 63.9400, 63.6700, 63.6700, 3310
2015-08-19, 63.2200, 63.3700, 62.8692, 63.1700, 3830
2015-08-20, 62.8800, 62.8800, 62.3100, 62.3499, 9986
2015-08-21, 62.3100, 62.3100, 61.1800, 61.1800, 17252
2015-08-24, 60.8200, 60.8200, 57.4800, 58.4600, 51180
2015-08-25, 59.0440, 61.0700, 58.9900, 59.0600, 8748
2015-08-26, 60.6200, 60.6200, 58.9520, 60.1499, 3547
2015-08-27, 60.8400, 61.2800, 60.6601, 60.8911, 13525
2015-08-28, 60.5700, 61.2250, 60.5700, 61.0461, 2318
2015-08-31, 60.6500, 61.1599, 60.5200, 61.1599, 27496
2015-09-01, 60.3500, 60.3500, 59.2800, 59.5393, 19740
2015-09-02, 59.5100, 59.8100, 59.2100, 59.8099, 3025
2015-09-03, 60.0400, 60.5540, 60.0000, 60.0480, 3449
2015-09-04, 59.3000, 59.3000, 59.0138, 59.3000, 2838
2015-09-08, 60.5000, 60.7160, 60.3100, 60.6969, 4559
2015-09-09, 61.4700, 61.4700, 60.4000, 60.6408, 4919
2015-09-10, 60.4500, 60.6375, 60.2500, 60.6375, 2181
2015-09-11, 60.0800, 60.4100, 60.0600, 60.3800, 7384
2015-09-14, 60.2484, 60.2484, 60.0100, 60.1100, 3146
2015-09-15, 60.2100, 60.7000, 60.0800, 60.6200, 24605
2015-09-16, 60.9600, 61.4100, 60.9600, 61.4100, 872
2015-09-17, 61.3540, 62.0000, 61.2937, 62.0000, 1781
2015-09-18, 60.2509, 60.4800, 60.0500, 60.0500, 4382
2015-09-21, 60.0500, 60.1000, 59.7800, 59.8999, 18176
2015-09-22, 58.7500, 58.8300, 58.6400, 58.7780, 6698
2015-09-23, 58.8400, 58.8900, 58.5700, 58.6599, 7120
2015-09-24, 58.2900, 58.7200, 58.0900, 58.6680, 10566
2015-09-25, 59.0400, 59.3500, 58.8100, 58.9500, 2954
2015-09-28, 58.5400, 58.5400, 57.8200, 57.8200, 11884
2015-09-29, 57.7300, 58.1400, 57.7300, 57.8000, 13529
2015-09-30, 58.7000, 58.7300, 58.5300, 58.7000, 6263
2015-10-01, 59.0000, 59.0000, 58.4600, 58.8597, 11171
2015-10-02, 58.5300, 59.2056, 58.5210, 59.2056, 2314
2015-10-05, 60.3000, 60.9525, 60.3000, 60.9060, 3415
2015-10-06, 61.0880, 61.1700, 61.0020, 61.0801, 13790
2015-10-07, 61.5700, 61.6999, 61.5100, 61.6999, 4649
2015-10-08, 61.5504, 62.3494, 61.5504, 62.3494, 1926
2015-10-09, 62.9000, 62.9000, 62.5010, 62.6165, 2423
2015-10-12, 62.3400, 62.5200, 62.2700, 62.2710, 6992
2015-10-13, 62.2710, 62.2710, 62.2710, 62.2710, 103
2015-10-14, 61.8600, 62.0700, 61.8101, 61.9000, 14053
2015-10-15, 62.1095, 62.5540, 62.0797, 62.5540, 3317
2015-10-16, 62.5200, 62.6799, 62.5000, 62.6799, 2842
2015-10-19, 62.2100, 62.2100, 62.0107, 62.0900, 2453
2015-10-20, 62.2199, 62.2200, 62.0200, 62.0600, 17071
2015-10-21, 62.2100, 62.2100, 61.6300, 61.6300, 721
2015-10-22, 62.3952, 62.6100, 62.3600, 62.5523, 5508
2015-10-23, 62.7800, 62.8500, 62.4500, 62.6300, 20487
2015-10-26, 62.5800, 62.5800, 62.3610, 62.3678, 2252
2015-10-27, 61.9100, 61.9100, 61.5300, 61.6400, 73525
2015-10-28, 62.1490, 62.4200, 61.6000, 61.9200, 48688
2015-10-29, 61.6900, 61.7800, 61.4500, 61.4500, 9100
2015-10-30, 61.9900, 61.9900, 61.7200, 61.7620, 23421
2015-11-02, 61.9075, 62.1320, 61.8900, 62.1320, 3502
2015-11-03, 62.0704, 62.4709, 62.0704, 62.4260, 2218
2015-11-04, 62.5600, 62.5700, 61.9010, 62.0201, 3373
2015-11-05, 62.1300, 62.1300, 61.7295, 61.7295, 5045
2015-11-06, 61.3600, 61.3600, 60.8800, 61.1700, 3522
2015-11-09, 60.9700, 60.9700, 60.2900, 60.4090, 5754
2015-11-10, 60.3900, 60.4595, 60.1350, 60.3476, 6439
2015-11-11, 60.6800, 60.8200, 60.2800, 60.4899, 5749
2015-11-12, 60.0000, 60.0000, 59.5010, 59.5010, 8576
2015-11-13, 59.4000, 59.4000, 59.0400, 59.1000, 9665
2015-11-16, 59.2700, 59.7691, 59.2200, 59.7651, 8053
2015-11-17, 60.1300, 60.2010, 59.9300, 59.9300, 3407
2015-11-18, 60.1059, 60.5720, 60.1059, 60.5488, 7653
2015-11-19, 60.6900, 60.9990, 60.6900, 60.8300, 6272
2015-11-20, 61.0100, 61.1399, 60.7300, 60.7300, 3501
2015-11-23, 60.7499, 60.7800, 60.3600, 60.3601, 6350
2015-11-24, 60.1900, 60.5300, 60.0000, 60.5300, 1651
2015-11-25, 60.4000, 60.5100, 60.3000, 60.3000, 13881
2015-11-27, 60.1300, 60.1600, 60.0959, 60.1550, 2459
2015-11-30, 60.0181, 60.1000, 60.0181, 60.1000, 763
2015-12-01, 60.4600, 60.6890, 60.2920, 60.6557, 4196
2015-12-02, 60.2292, 60.2292, 59.7500, 59.7500, 2347
2015-12-03, 60.4200, 60.4200, 59.4500, 59.4500, 32689
2015-12-04, 59.6000, 59.9742, 59.5300, 59.9742, 2993
2015-12-07, 59.5500, 59.5500, 58.9520, 58.9700, 3547
2015-12-08, 58.4700, 58.5600, 58.2890, 58.4560, 14484
2015-12-09, 58.5000, 59.1790, 58.2940, 58.4000, 10762
2015-12-10, 58.4999, 58.5999, 58.2200, 58.2277, 6903
2015-12-11, 57.5200, 57.7700, 56.9800, 56.9800, 16773
2015-12-14, 57.4200, 57.4300, 56.8500, 57.0453, 14780
2015-12-15, 57.6100, 57.9495, 57.5650, 57.7695, 6478
2015-12-16, 58.1500, 58.3799, 57.9600, 58.3799, 7688
2015-12-17, 58.2740, 58.3100, 57.6500, 57.7601, 7230
2015-12-18, 56.8400, 56.8400, 56.4700, 56.5936, 6968
2015-12-21, 56.0900, 56.7600, 56.0900, 56.4000, 54172
2015-12-22, 56.8300, 57.0644, 56.6200, 56.8920, 7188
2015-12-23, 57.5600, 57.7590, 57.4100, 57.7201, 43933
2015-12-24, 57.8000, 57.8600, 57.7992, 57.8546, 3653
2015-12-28, 57.4800, 57.5200, 57.3300, 57.4500, 5001
2015-12-29, 57.8600, 58.0000, 57.7010, 57.9900, 11099
2015-12-30, 57.5906, 57.7100, 57.4000, 57.4200, 95630
2015-12-31, 57.0900, 57.1900, 56.8650, 56.9600, 10930
2016-01-04, 55.9900, 56.2000, 55.4915, 56.2000, 9416
2016-01-05, 56.0000, 56.1950, 55.7800, 56.1400, 6309
2016-01-06, 55.4550, 55.5039, 54.9501, 55.2599, 32854
2016-01-07, 54.4700, 54.8200, 54.2910, 54.3300, 16317
2016-01-08, 54.7600, 54.7600, 53.8340, 53.8340, 14437
2016-01-11, 54.4550, 54.5100, 53.6200, 53.8100, 12532
2016-01-12, 54.6200, 54.6200, 53.7472, 54.1600, 12114
2016-01-13, 54.6100, 54.6200, 53.4974, 53.4974, 8076
2016-01-14, 53.6900, 54.1140, 53.4600, 54.1140, 55884
2016-01-15, 52.3000, 52.6800, 52.1600, 52.4900, 13705
2016-01-19, 52.9700, 53.0400, 52.3762, 52.5600, 82331
2016-01-20, 51.6300, 51.8622, 50.7600, 51.7700, 87008
2016-01-21, 51.7000, 52.3700, 51.7000, 52.2000, 55996
2016-01-22, 53.4800, 53.9350, 53.4300, 53.9350, 3975
2016-01-25, 53.6000, 53.6800, 53.0400, 53.0400, 5861
2016-01-26, 53.5300, 54.2408, 53.5300, 54.2408, 2411
2016-01-27, 54.0399, 54.6940, 54.0308, 54.0308, 4992
2016-01-28, 54.8900, 54.9100, 54.6400, 54.9018, 1355
2016-01-29, 55.3100, 56.1300, 55.2800, 56.1300, 18214
2016-02-01, 55.2400, 55.7789, 55.1996, 55.6490, 11326
2016-02-02, 54.5100, 54.5100, 54.1200, 54.2200, 7236
2016-02-03, 54.6443, 54.7300, 54.1292, 54.7300, 2470
2016-02-04, 55.5600, 55.7000, 55.3900, 55.5230, 2476
2016-02-05, 55.6200, 55.6700, 55.0600, 55.1500, 10021
2016-02-08, 54.4900, 54.4900, 53.5699, 54.0200, 8315
2016-02-09, 53.4900, 53.5454, 53.1700, 53.5100, 3108
2016-02-10, 53.6000, 53.6263, 53.3700, 53.3776, 3680
2016-02-11, 52.7200, 52.9288, 52.3301, 52.9288, 16635
2016-02-12, 53.0801, 53.5400, 53.0801, 53.5001, 2599
2016-02-16, 54.2599, 54.5500, 54.0800, 54.5100, 2954
2016-02-17, 55.1500, 55.7664, 55.1500, 55.6900, 9516
2016-02-18, 55.9600, 56.0800, 55.6800, 55.7800, 6652
2016-02-19, 54.9800, 55.2500, 54.8800, 55.2080, 12860
2016-02-22, 55.8500, 56.0000, 55.8368, 55.8990, 2965
2016-02-23, 55.5000, 55.5000, 54.9390, 55.0175, 5028
2016-02-24, 54.1500, 54.6160, 53.9600, 54.6160, 5754
2016-02-25, 55.1080, 55.5400, 55.0000, 55.4612, 26378
2016-02-26, 55.7700, 55.7700, 55.1800, 55.3310, 4031
2016-02-29, 55.5699, 55.7800, 55.5103, 55.5290, 55405
2016-03-01, 56.1400, 57.0000, 56.1400, 56.7900, 11285
2016-03-02, 56.4685, 56.6445, 56.4010, 56.6445, 3730
2016-03-03, 57.1700, 57.9880, 57.1700, 57.9880, 18287
2016-03-04, 58.0700, 58.8100, 58.0700, 58.6610, 4532
2016-03-07, 58.4800, 59.3900, 58.4800, 59.1044, 7258
2016-03-08, 58.7600, 58.7600, 58.4800, 58.5501, 3692
2016-03-09, 58.5500, 59.0290, 58.5500, 58.8310, 2256
2016-03-10, 59.2000, 59.2000, 58.2100, 58.5000, 3152
2016-03-11, 59.3100, 59.6590, 59.3100, 59.6319, 2960
2016-03-14, 59.3899, 59.4600, 59.2800, 59.4444, 6265
2016-03-15, 58.5151, 58.7178, 58.5151, 58.7178, 220088
2016-03-16, 58.7000, 59.6671, 58.6137, 59.5901, 6222
2016-03-17, 60.0500, 60.9700, 60.0400, 60.9400, 12818
2016-03-18, 60.9100, 60.9100, 60.5270, 60.5660, 2397
2016-03-21, 60.2500, 60.5127, 60.2293, 60.5127, 624
2016-03-22, 60.3706, 60.4599, 60.3600, 60.3600, 3887
2016-03-23, 59.5000, 59.6585, 59.4201, 59.6585, 1713
2016-03-24, 58.6891, 58.7819, 58.6891, 58.7819, 925
2016-03-28, 59.3000, 59.3390, 59.1815, 59.3000, 1778
2016-03-29, 59.1500, 60.1290, 58.9450, 60.1279, 3788
2016-03-30, 60.8590, 61.1390, 60.7299, 60.7900, 4026
2016-03-31, 61.1300, 61.1300, 60.7814, 60.8699, 4247
2016-04-01, 59.7827, 60.3452, 59.7827, 60.3452, 5300
2016-04-04, 60.3711, 60.4600, 60.1700, 60.2800, 18667
2016-04-05, 59.2094, 59.2901, 59.0600, 59.1057, 4908
2016-04-06, 58.8900, 59.6900, 58.8100, 59.6700, 11848
2016-04-07, 58.7700, 59.0320, 58.4700, 58.4700, 1231
2016-04-08, 59.5800, 59.8999, 59.4929, 59.4929, 1518
2016-04-11, 60.3400, 60.4000, 60.2458, 60.2925, 3075
2016-04-12, 60.2700, 60.8300, 60.1500, 60.8191, 2212
2016-04-13, 61.3500, 61.5000, 61.2595, 61.5000, 7037
2016-04-14, 61.5900, 61.5900, 61.3680, 61.4000, 11145
2016-04-15, 61.3800, 61.5800, 61.3500, 61.4900, 3898
2016-04-18, 61.1200, 61.9227, 61.1200, 61.9227, 8317
2016-04-19, 62.7100, 62.9585, 62.6400, 62.9100, 4230
2016-04-20, 62.8570, 63.2990, 62.8200, 63.0525, 3959
2016-04-21, 62.5290, 62.5982, 62.1850, 62.3300, 5339
2016-04-22, 62.4800, 62.5690, 62.1800, 62.3600, 15026
2016-04-25, 62.2189, 62.2189, 62.0710, 62.1700, 2481
2016-04-26, 62.4400, 62.6099, 62.3701, 62.4499, 2850
2016-04-27, 62.2500, 62.9090, 62.2500, 62.8999, 4597
2016-04-28, 62.6000, 63.0072, 62.5800, 62.6362, 5404
2016-04-29, 62.6500, 62.8400, 62.3365, 62.6800, 3590
2016-05-02, 62.7800, 62.7800, 62.5590, 62.7500, 1492
2016-05-03, 62.1800, 62.1800, 61.5000, 61.6460, 4886
2016-05-04, 61.0908, 61.0908, 60.7100, 60.7200, 2062
2016-05-05, 61.0400, 61.0400, 60.5500, 60.6948, 5764
2016-05-06, 60.4600, 60.8480, 60.4600, 60.7400, 4011
2016-05-09, 60.5200, 60.5200, 60.1400, 60.3200, 2882
2016-05-10, 60.7000, 61.0600, 60.7000, 61.0500, 3166
2016-05-11, 60.8800, 61.2000, 60.8100, 60.9200, 8464
2016-05-12, 61.3100, 61.3100, 60.8200, 60.8200, 4437
2016-05-13, 60.4300, 60.4300, 59.8600, 59.9480, 29147
2016-05-16, 60.3478, 60.5229, 60.3478, 60.4506, 2770
2016-05-17, 60.5700, 60.7800, 60.2101, 60.2264, 8346
2016-05-18, 60.1499, 60.4025, 59.8400, 59.8600, 26494
2016-05-19, 59.4000, 59.6300, 59.3599, 59.5754, 4178
2016-05-20, 60.1343, 60.2890, 60.1343, 60.2000, 1349
2016-05-23, 60.0499, 60.2326, 60.0300, 60.1901, 1367
2016-05-24, 60.4200, 60.7100, 60.4200, 60.6800, 8687
2016-05-25, 61.0000, 61.1200, 60.9937, 61.1200, 6151
2016-05-26, 61.4100, 61.4740, 61.2823, 61.4600, 6594
2016-05-27, 61.2500, 61.3900, 61.2500, 61.3900, 791
2016-05-31, 61.5400, 61.5400, 61.1276, 61.2800, 4620
2016-06-01, 60.8900, 61.3300, 60.8900, 61.3300, 1857
2016-06-02, 61.1609, 61.4954, 61.1550, 61.4751, 6344
2016-06-03, 62.0300, 62.4390, 61.8899, 62.3800, 4884
2016-06-06, 62.6200, 63.1300, 62.6200, 63.0697, 3669
2016-06-07, 63.5300, 63.6300, 63.4700, 63.5400, 7852
2016-06-08, 63.7544, 63.7544, 63.5534, 63.6150, 2429
2016-06-09, 62.9700, 63.0800, 62.8354, 62.9990, 3895
2016-06-10, 62.2690, 62.2700, 61.6745, 61.8969, 4198
2016-06-13, 61.3600, 61.9099, 61.3200, 61.3700, 4558
2016-06-14, 60.8597, 60.8597, 60.3187, 60.3451, 8290
2016-06-15, 60.7601, 61.2199, 60.7601, 60.8400, 10100
2016-06-16, 60.0000, 61.0200, 59.6500, 60.9200, 51596
2016-06-17, 59.9700, 60.4879, 59.9700, 60.3310, 6862
2016-06-20, 61.8000, 61.8000, 61.3600, 61.3600, 7625
2016-06-21, 61.7600, 61.9599, 61.6899, 61.7336, 2459
2016-06-22, 62.0200, 62.1299, 61.6500, 61.6600, 10649
2016-06-23, 62.6800, 63.0500, 62.5964, 63.0500, 4577
2016-06-24, 58.5400, 60.0750, 58.5400, 59.2100, 43846
2016-06-27, 58.4000, 58.4000, 57.3900, 57.5200, 130470
2016-06-28, 58.8900, 59.1599, 58.5700, 58.9838, 23366
2016-06-29, 60.1200, 60.4900, 59.9960, 60.4299, 16603
2016-06-30, 60.5971, 61.3696, 60.5971, 61.3690, 8734
2016-07-01, 61.7200, 61.7700, 61.5300, 61.6400, 13229
2016-07-05, 60.9100, 60.9100, 60.5000, 60.6189, 7618
2016-07-06, 60.0000, 60.6500, 59.8300, 60.5600, 4749
2016-07-07, 61.0600, 61.0600, 60.2490, 60.2490, 13428
2016-07-08, 60.8900, 61.3400, 60.8900, 61.2100, 48436
2016-07-11, 61.1100, 61.8300, 61.1100, 61.8300, 14126
2016-07-12, 62.3600, 62.6700, 62.2220, 62.5300, 19541
2016-07-13, 62.4399, 62.6009, 62.4399, 62.6009, 2092
2016-07-14, 63.2100, 63.2620, 63.0266, 63.1700, 6636
2016-07-15, 63.1000, 63.1400, 62.8200, 63.0350, 5285
2016-07-18, 62.8300, 63.0900, 62.8300, 63.0566, 1737
2016-07-19, 62.6800, 62.8600, 62.6800, 62.8393, 14026
2016-07-20, 62.9400, 63.3082, 62.8800, 63.2600, 3974
2016-07-21, 63.3900, 63.5399, 63.0960, 63.0960, 5742
2016-07-22, 63.2499, 63.3500, 63.1499, 63.2900, 14460
2016-07-25, 63.3500, 63.3500, 63.1301, 63.3000, 4944
2016-07-26, 63.4300, 63.6200, 63.2500, 63.4100, 20644
2016-07-27, 63.5700, 63.6300, 63.1200, 63.4350, 9025
2016-07-28, 63.3700, 63.5100, 63.2420, 63.4600, 11841
2016-07-29, 63.9400, 64.3650, 63.6900, 64.2300, 12298
2016-08-01, 63.8600, 63.8968, 63.5301, 63.6335, 14780
2016-08-02, 63.6600, 63.6600, 63.0730, 63.3441, 11309
2016-08-03, 63.1124, 63.3999, 62.9500, 63.1871, 7351
2016-08-04, 63.6500, 63.7250, 63.4100, 63.5600, 7089
2016-08-05, 63.4500, 63.8099, 63.4500, 63.7900, 15899
2016-08-08, 64.0800, 64.0800, 64.0000, 64.0460, 3491
2016-08-09, 64.3100, 64.5500, 64.2011, 64.4400, 21444
2016-08-10, 64.8200, 64.8200, 64.4100, 64.4900, 29030
2016-08-11, 64.7100, 65.0100, 64.6800, 65.0000, 34098
2016-08-12, 64.8500, 65.1090, 64.7501, 64.8900, 37408
2016-08-15, 65.0200, 65.2200, 64.8500, 65.0500, 7681
2016-08-16, 65.0300, 65.0300, 64.6100, 64.6100, 15950
2016-08-17, 64.5100, 64.6450, 64.1800, 64.6000, 14226
2016-08-18, 64.6300, 65.2300, 64.6300, 65.2300, 46397
2016-08-19, 64.6600, 64.7000, 64.3820, 64.7000, 7489
2016-08-22, 64.5900, 64.5900, 64.2000, 64.4600, 8625
2016-08-23, 65.1700, 65.1700, 64.6034, 64.6034, 6104
2016-08-24, 64.6700, 64.6700, 64.2718, 64.3228, 5095
2016-08-25, 64.2180, 64.2900, 64.0710, 64.0710, 6771
2016-08-26, 64.4200, 64.6299, 63.5300, 63.7600, 17153
2016-08-29, 63.5400, 63.8800, 63.5400, 63.8100, 6611
2016-08-30, 63.7100, 63.7699, 63.3567, 63.4800, 5940
2016-08-31, 63.1800, 63.2300, 62.7201, 62.9124, 12007
2016-09-01, 63.0299, 63.2099, 62.8286, 63.1300, 41409
2016-09-02, 63.7700, 63.9950, 63.7700, 63.9900, 4800
2016-09-06, 64.5600, 64.8799, 64.5600, 64.8227, 7332
2016-09-07, 64.9100, 64.9100, 64.7225, 64.7225, 8949
2016-09-08, 64.8900, 65.0100, 64.7100, 64.8520, 7527
2016-09-09, 64.1700, 64.1700, 63.1080, 63.3300, 12767
2016-09-12, 62.6100, 63.6899, 62.6100, 63.6899, 4291
2016-09-13, 62.7600, 62.7600, 62.2390, 62.3366, 12896
2016-09-14, 62.4700, 62.8750, 62.3800, 62.4190, 10091
2016-09-15, 62.4700, 63.0850, 62.4700, 62.9900, 13170
2016-09-16, 62.0300, 62.0300, 61.7500, 61.9200, 12646
2016-09-19, 62.6100, 62.8399, 62.4010, 62.5100, 11528
2016-09-20, 62.9500, 62.9500, 62.5000, 62.6458, 11405
2016-09-21, 62.8900, 63.6700, 62.8300, 63.6700, 4786
2016-09-22, 64.3100, 64.3100, 64.0900, 64.1400, 3467
2016-09-23, 63.8200, 63.8900, 63.5100, 63.6400, 64665
2016-09-26, 63.3300, 63.3300, 63.0200, 63.0200, 2847
2016-09-27, 62.9500, 63.3299, 62.7600, 63.2800, 5257
2016-09-28, 63.4200, 63.8220, 63.1394, 63.8220, 5924
2016-09-29, 63.7880, 63.8435, 62.9212, 63.2872, 15155
2016-09-30, 63.5900, 63.6500, 63.5200, 63.5500, 7262
2016-10-03, 63.3995, 63.3995, 63.0700, 63.3382, 24836
2016-10-04, 63.4900, 63.4900, 62.6269, 62.7800, 6749
2016-10-05, 63.1800, 63.1800, 62.8400, 63.0599, 2581
2016-10-06, 62.6700, 62.7100, 62.4100, 62.6400, 20472
2016-10-07, 62.2300, 62.2300, 61.8422, 62.1500, 6626
2016-10-10, 62.2100, 62.6400, 62.2100, 62.4000, 5821
2016-10-11, 61.7500, 61.7500, 61.1748, 61.3300, 10697
2016-10-12, 61.4100, 61.5282, 61.2400, 61.4800, 14628
2016-10-13, 61.1200, 61.6190, 60.5900, 61.3300, 8903
2016-10-14, 62.1100, 62.1100, 61.5400, 61.6000, 7713
2016-10-17, 61.3100, 61.4870, 61.3100, 61.4770, 5702
2016-10-18, 62.0900, 62.2100, 61.9860, 62.1300, 6816
2016-10-19, 62.0300, 62.3826, 62.0300, 62.3300, 6073
2016-10-20, 62.1200, 62.1541, 61.9700, 62.0799, 5218
2016-10-21, 61.6300, 61.8200, 61.5800, 61.7700, 7899
2016-10-24, 62.1600, 62.1600, 61.6401, 61.7900, 5465
2016-10-25, 61.9700, 61.9700, 61.7150, 61.7150, 13356
2016-10-26, 61.5200, 61.6000, 61.2501, 61.4500, 19459
2016-10-27, 61.7700, 61.7700, 61.1600, 61.1600, 13635
2016-10-28, 61.2600, 61.3400, 60.9000, 61.1100, 11820
2016-10-31, 61.5800, 61.6600, 61.4099, 61.5850, 7467
2016-11-01, 61.6700, 61.6700, 60.9625, 61.1800, 12947
2016-11-02, 60.9800, 60.9900, 60.6800, 60.6890, 6635
2016-11-03, 60.5300, 60.8040, 60.5256, 60.5800, 11064
2016-11-04, 60.3100, 60.4218, 60.1300, 60.1600, 8129
2016-11-07, 60.7600, 61.0300, 60.7500, 61.0300, 5236
2016-11-08, 61.0700, 61.6900, 60.9780, 61.5700, 16195
2016-11-09, 60.7700, 61.3299, 60.5100, 61.0970, 12610
2016-11-10, 61.0400, 61.0400, 59.9988, 60.1402, 11315
2016-11-11, 59.7500, 59.7500, 58.8648, 59.3100, 20768
2016-11-14, 59.0300, 59.0300, 58.6600, 58.8950, 7848
2016-11-15, 59.3200, 59.8700, 59.2700, 59.8700, 24926
2016-11-16, 59.5800, 59.5800, 59.2810, 59.4300, 27922
2016-11-17, 59.7700, 59.8660, 59.6377, 59.6800, 27738
2016-11-18, 59.7500, 59.7500, 59.3660, 59.4600, 26010
2016-11-21, 59.9500, 60.0000, 59.8123, 59.9881, 40793
2016-11-22, 60.2500, 60.4900, 60.2500, 60.4900, 6854
2016-11-23, 60.1300, 60.2400, 60.1060, 60.2400, 10491
2016-11-25, 60.6300, 60.6300, 60.3850, 60.5200, 3224
2016-11-28, 60.5200, 60.6500, 60.4000, 60.5100, 8542
2016-11-29, 60.2200, 60.6390, 60.1538, 60.5100, 32271
2016-11-30, 60.7500, 60.7500, 60.3900, 60.5400, 20045
2016-12-01, 60.7000, 60.7000, 60.3500, 60.3700, 11633
2016-12-02, 60.2800, 60.7100, 60.2800, 60.6700, 28196
2016-12-05, 61.1100, 61.2869, 60.9334, 61.2300, 7415
2016-12-06, 61.3700, 61.5500, 61.0701, 61.4800, 9990
2016-12-07, 61.8500, 62.4500, 61.6100, 62.3900, 20451
2016-12-08, 62.3300, 62.4066, 62.0000, 62.3000, 26701
2016-12-09, 62.6500, 62.6500, 62.3500, 62.4200, 18409
2016-12-12, 62.6600, 62.7900, 62.5300, 62.5650, 13319
2016-12-13, 63.1600, 63.2500, 62.9728, 63.0900, 11508
2016-12-14, 62.7600, 62.9166, 61.7950, 61.8100, 22205
2016-12-15, 61.7700, 61.7700, 61.4013, 61.5900, 18870
2016-12-16, 61.1400, 61.2400, 61.0085, 61.2100, 48933
2016-12-19, 61.2200, 61.4400, 61.2101, 61.2500, 17752
2016-12-20, 61.5000, 61.5400, 61.3780, 61.4500, 13628
2016-12-21, 61.3100, 61.5300, 61.3100, 61.3500, 17487
2016-12-22, 61.2100, 61.2100, 61.0200, 61.1000, 9823
2016-12-23, 61.2200, 61.2300, 61.0900, 61.2100, 8000
2016-12-27, 61.2200, 61.4990, 61.2200, 61.4300, 7744
2016-12-28, 61.6100, 61.6100, 61.2000, 61.3200, 11285
2016-12-29, 61.4500, 61.9700, 61.4500, 61.9700, 6728
2016-12-30, 62.2200, 62.2200, 61.6974, 61.8200, 15034
2017-01-03, 62.0000, 62.2400, 62.0000, 62.1600, 42092
2017-01-04, 62.7100, 62.8900, 62.5900, 62.8159, 20731
2017-01-05, 63.0100, 63.3100, 62.9900, 63.2659, 9118
2017-01-06, 63.2300, 63.2340, 63.0000, 63.1900, 30009
2017-01-09, 62.8700, 62.9899, 62.7950, 62.8800, 23979
2017-01-10, 62.8699, 62.8933, 62.5500, 62.5500, 7699
2017-01-11, 62.4700, 62.9400, 62.3220, 62.9300, 12133
2017-01-12, 63.1700, 63.1700, 62.7795, 63.0200, 18163
2017-01-13, 63.1600, 63.2200, 63.0300, 63.1921, 14921
2017-01-17, 63.3300, 63.4400, 63.2200, 63.3500, 12299
2017-01-18, 63.4200, 63.4200, 62.8300, 62.8699, 7959
2017-01-19, 62.6600, 62.6754, 62.5138, 62.6293, 4705
2017-01-20, 62.9400, 62.9400, 62.6110, 62.7200, 27911
2017-01-23, 63.0600, 63.0600, 62.8200, 62.9200, 37816
2017-01-24, 63.3087, 63.6704, 63.3087, 63.6100, 6504
2017-01-25, 64.1100, 64.1892, 63.9660, 64.1200, 12567
2017-01-26, 63.9900, 63.9900, 63.6423, 63.7800, 14267
2017-01-27, 63.5300, 63.5856, 63.2149, 63.3600, 8447
2017-01-30, 62.9000, 62.9000, 62.5506, 62.7800, 8599
2017-01-31, 62.8300, 63.2700, 62.8300, 63.2100, 13969
2017-02-01, 63.4200, 63.4200, 62.8010, 63.0169, 16037
2017-02-02, 63.0300, 63.0700, 62.8000, 63.0700, 13142
2017-02-03, 63.5100, 63.5440, 63.2248, 63.4150, 9616
2017-02-06, 63.1300, 63.1300, 62.7195, 62.9100, 9932
2017-02-07, 62.8000, 62.8300, 62.7161, 62.7300, 14515
2017-02-08, 62.7200, 63.1200, 62.7200, 63.1020, 9416
2017-02-09, 63.3400, 63.3900, 63.2400, 63.3330, 4079
2017-02-10, 63.5100, 63.7600, 63.4328, 63.7536, 14466
2017-02-13, 63.7900, 63.7900, 63.4500, 63.5500, 9110
2017-02-14, 63.5100, 63.5100, 63.2100, 63.4900, 6872
2017-02-15, 63.4500, 63.7400, 63.2026, 63.7400, 17050
2017-02-16, 63.8100, 63.8122, 63.6988, 63.8122, 8181
2017-02-17, 63.5700, 63.8800, 63.5700, 63.8800, 5434
2017-02-21, 63.8900, 64.0000, 63.7153, 63.9996, 15909
2017-02-22, 64.0100, 64.2300, 63.9092, 64.2237, 17037
2017-02-23, 64.8400, 64.8400, 64.4800, 64.5400, 9493
2017-02-24, 63.9900, 64.3700, 63.9900, 64.3700, 7253
2017-02-27, 64.5600, 64.5600, 64.2800, 64.4600, 10131
2017-02-28, 64.5500, 64.5500, 64.1616, 64.2400, 10929
2017-03-01, 64.5500, 64.6890, 64.3200, 64.5844, 11598
2017-03-02, 64.4400, 64.4700, 64.2720, 64.3300, 12588
2017-03-03, 64.4700, 64.5300, 64.1480, 64.5120, 7144
2017-03-06, 64.4800, 64.4800, 64.2516, 64.3808, 10298
2017-03-07, 64.2500, 64.3000, 64.1400, 64.1400, 34379
2017-03-08, 64.0200, 64.0200, 63.7061, 63.7061, 32145
2017-03-09, 63.9200, 63.9200, 63.5400, 63.7700, 9265
2017-03-10, 64.2700, 64.3300, 64.0483, 64.3000, 9540
2017-03-13, 64.5700, 64.5700, 64.3977, 64.4300, 8816
2017-03-14, 64.1300, 64.1300, 63.9461, 64.0340, 28802
2017-03-15, 64.4100, 65.1400, 64.2399, 65.0800, 13684
2017-03-16, 65.3200, 65.4600, 65.3000, 65.3600, 14222
2017-03-17, 65.1520, 65.2850, 65.0894, 65.1611, 4987
2017-03-20, 65.5100, 65.5100, 65.0900, 65.1900, 10117
2017-03-21, 65.4300, 65.5265, 64.7401, 64.7401, 13609
2017-03-22, 64.5100, 64.9400, 64.5100, 64.8800, 14504
2017-03-23, 64.6600, 65.2712, 64.6600, 65.0306, 3966
2017-03-24, 65.0500, 65.2000, 64.9245, 65.0900, 11834
2017-03-27, 64.9900, 65.0900, 64.7828, 64.9358, 6302
2017-03-28, 64.5500, 65.0000, 64.5500, 64.9680, 12307
2017-03-29, 64.9400, 64.9698, 64.6000, 64.9698, 9717
2017-03-30, 65.0200, 65.0700, 64.7900, 64.7900, 7962
2017-03-31, 64.5500, 64.7700, 64.5100, 64.6100, 10665
2017-04-03, 64.2900, 64.4754, 64.1000, 64.3700, 81736
2017-04-04, 64.2900, 64.5200, 64.2101, 64.5200, 20301
2017-04-05, 64.5900, 64.5900, 64.0100, 64.0200, 25832
2017-04-06, 64.3100, 64.3100, 64.0139, 64.2400, 8670
2017-04-07, 64.2700, 64.3690, 64.2000, 64.2800, 11754
2017-04-10, 64.3000, 64.3500, 64.0000, 64.2600, 21427
2017-04-11, 64.4900, 64.5303, 64.1393, 64.4900, 13885
2017-04-12, 64.8400, 64.9600, 64.6717, 64.8500, 8707
2017-04-13, 64.9300, 64.9300, 64.5897, 64.6200, 7038
2017-04-17, 65.0000, 65.1500, 64.8611, 65.1500, 9280
2017-04-18, 64.8400, 64.9400, 64.6705, 64.9400, 62738
2017-04-19, 64.9200, 64.9200, 64.5100, 64.6041, 10205
2017-04-20, 64.9100, 65.0900, 64.9000, 65.0800, 18824
2017-04-21, 64.8600, 64.8700, 64.6650, 64.8200, 15477
2017-04-24, 65.7000, 65.8400, 65.6339, 65.8100, 13394
2017-04-25, 65.9200, 66.2100, 65.9200, 66.1400, 14955
2017-04-26, 65.8800, 65.9500, 65.7356, 65.7400, 14762
2017-04-27, 65.7500, 65.9400, 65.7179, 65.8792, 23835
2017-04-28, 65.8300, 65.9800, 65.6497, 65.7100, 10861
2017-05-01, 65.8799, 65.9290, 65.7898, 65.8200, 8514
2017-05-02, 65.9600, 66.0900, 65.9300, 66.0900, 11024
2017-05-03, 65.8100, 65.8100, 65.5217, 65.7300, 19295
2017-05-04, 65.7600, 65.7600, 65.6072, 65.7600, 22290
2017-05-05, 65.6300, 66.2800, 65.6300, 66.2800, 12831
2017-05-08, 66.1800, 66.1800, 65.9000, 66.0100, 8816
2017-05-09, 66.1200, 66.1200, 65.9241, 65.9700, 15723
2017-05-10, 66.1000, 66.2800, 65.9300, 66.2800, 12718
2017-05-11, 65.9300, 65.9500, 65.7043, 65.9300, 10165
2017-05-12, 65.9800, 66.0800, 65.7800, 66.0795, 10207
2017-05-15, 66.2400, 66.4100, 66.0300, 66.3800, 14781
2017-05-16, 66.5900, 66.5900, 66.4130, 66.4700, 8774
2017-05-17, 66.0200, 66.0200, 65.6435, 65.6435, 30996
2017-05-18, 65.5900, 65.8700, 65.4700, 65.7837, 10049
2017-05-19, 66.2300, 66.4706, 66.2202, 66.3500, 10718
2017-05-22, 66.7400, 66.7400, 66.5000, 66.6896, 39546
2017-05-23, 66.7000, 66.8000, 66.5905, 66.6000, 16121
2017-05-24, 66.6900, 66.9800, 66.6500, 66.9800, 11688
2017-05-25, 66.8600, 67.0245, 66.8592, 66.9147, 7116
2017-05-26, 66.6200, 66.8199, 66.6200, 66.8009, 12688
2017-05-30, 66.6800, 66.9500, 66.6800, 66.8800, 13111
2017-05-31, 66.9361, 67.0500, 66.8900, 67.0400, 9039
2017-06-01, 67.3200, 67.7110, 67.3200, 67.7110, 35628
2017-06-02, 67.7400, 68.0000, 67.7400, 68.0000, 9714
2017-06-05, 67.9000, 67.9000, 67.6800, 67.8100, 17738
2017-06-06, 67.4800, 67.5000, 67.3332, 67.4400, 16095
2017-06-07, 67.5000, 67.5000, 67.1400, 67.3999, 14047
2017-06-08, 67.3500, 67.3900, 67.1301, 67.3900, 12004
2017-06-09, 67.2600, 67.5200, 67.0600, 67.2500, 8731
2017-06-12, 67.1500, 67.2693, 67.1176, 67.2693, 11134
2017-06-13, 67.7200, 67.8000, 67.5400, 67.8000, 6303
2017-06-14, 68.1000, 68.1289, 67.8104, 67.8414, 7322
2017-06-15, 66.9400, 67.1800, 66.8800, 67.1196, 12175
2017-06-16, 66.6000, 66.8500, 66.4200, 66.8500, 13499
2017-06-19, 66.8500, 67.0200, 66.8500, 66.9750, 9285
2017-06-20, 66.5800, 66.5800, 66.1668, 66.2071, 12965
2017-06-21, 66.0300, 66.1100, 65.8520, 66.0077, 8647
2017-06-22, 66.1200, 66.2900, 66.1200, 66.1700, 11319
2017-06-23, 66.1700, 66.4500, 66.1700, 66.2905, 25421
2017-06-26, 66.7390, 66.7470, 66.5000, 66.5700, 10712
2017-06-27, 66.3600, 66.4291, 66.1371, 66.2300, 44772
2017-06-28, 66.4584, 66.8306, 66.4584, 66.8000, 12763
2017-06-29, 66.7100, 66.7100, 66.0000, 66.2500, 17038
2017-06-30, 66.4000, 66.5080, 66.1500, 66.3600, 13154
2017-07-03, 66.4700, 66.7600, 66.4000, 66.4300, 5952
2017-07-05, 66.0700, 66.2500, 65.8750, 66.2100, 14199
2017-07-06, 66.0000, 66.0300, 65.7900, 65.8500, 27297
2017-07-07, 65.7700, 66.0700, 65.6600, 66.0600, 9025
2017-07-10, 65.6200, 65.7400, 65.6200, 65.6506, 12489
2017-07-11, 65.2500, 65.3100, 64.8900, 65.3100, 6093
2017-07-12, 65.7603, 65.9290, 65.7153, 65.8700, 11171
2017-07-13, 66.0800, 66.1400, 65.9500, 66.1000, 27962
2017-07-14, 66.4300, 66.7280, 66.4200, 66.7000, 13040
2017-07-17, 66.7700, 66.8200, 66.7096, 66.7900, 15151
2017-07-18, 67.0300, 67.0899, 66.9000, 67.0504, 8508
2017-07-19, 67.2000, 67.4800, 67.2000, 67.4300, 33581
2017-07-20, 67.5800, 67.7700, 67.4600, 67.6300, 13910
2017-07-21, 67.6600, 67.7090, 67.4000, 67.7045, 4176
2017-07-24, 67.6800, 67.6900, 67.4200, 67.6800, 8551
2017-07-25, 67.8500, 67.8500, 67.5375, 67.5700, 4280
2017-07-26, 67.7400, 67.8590, 67.4325, 67.7279, 9742
2017-07-27, 68.0100, 68.0100, 67.4800, 67.6000, 12027
2017-07-28, 67.5900, 67.6952, 67.4945, 67.6952, 2989
2017-07-31, 67.7100, 67.8510, 67.5600, 67.7800, 22744
2017-08-01, 67.9216, 68.0591, 67.9200, 67.9200, 25042
2017-08-02, 68.1300, 68.2500, 68.0600, 68.1000, 15292
2017-08-03, 67.9900, 68.2068, 67.9900, 68.1200, 7795
2017-08-04, 68.1300, 68.1300, 67.9200, 67.9907, 8086
2017-08-07, 67.8948, 67.9712, 67.8708, 67.9712, 8223
2017-08-08, 67.8700, 67.8900, 67.6200, 67.6700, 6718
2017-08-09, 67.4100, 67.6400, 67.4100, 67.6400, 9278
2017-08-10, 67.0845, 67.0845, 66.6900, 66.7200, 13329
2017-08-11, 66.6700, 66.8072, 66.6272, 66.7663, 7038
2017-08-14, 66.9700, 67.2700, 66.9700, 67.1352, 48129
2017-08-15, 66.8400, 66.9900, 66.7817, 66.9530, 4177
2017-08-16, 67.2000, 67.3706, 67.1828, 67.3500, 10075
2017-08-17, 67.2100, 67.2300, 66.6300, 66.6300, 6431
2017-08-18, 66.6700, 66.9800, 66.6700, 66.8800, 12745
2017-08-21, 66.8400, 67.0500, 66.7505, 66.9802, 11779
2017-08-22, 67.1600, 67.3500, 67.1600, 67.2600, 13669
2017-08-23, 67.1000, 67.4400, 67.1000, 67.3400, 12644
2017-08-24, 67.5470, 67.6100, 67.4400, 67.4452, 15574
2017-08-25, 67.7300, 68.1400, 67.7300, 67.9700, 15285
2017-08-28, 67.9400, 67.9500, 67.8104, 67.8400, 11196
2017-08-29, 67.5990, 67.7090, 67.5700, 67.6700, 8128
2017-08-30, 67.3200, 67.5100, 67.2900, 67.4600, 7153
2017-08-31, 67.5600, 67.8600, 67.5600, 67.8300, 21191
2017-09-01, 68.0740, 68.1148, 68.0000, 68.1000, 7316
2017-09-05, 67.8500, 67.8500, 67.3400, 67.4529, 15719
2017-09-06, 67.6400, 67.8432, 67.5800, 67.7296, 10120
2017-09-07, 68.1700, 68.1700, 67.8358, 67.9900, 12575
2017-09-08, 67.9100, 68.0000, 67.8428, 67.9700, 17474
2017-09-11, 68.2400, 68.4850, 68.2386, 68.3890, 7499
2017-09-12, 68.3600, 68.4100, 68.2400, 68.2600, 7717
2017-09-13, 68.0516, 68.0850, 67.8701, 67.9650, 10060
2017-09-14, 67.8100, 68.1600, 67.8100, 68.1400, 8213
2017-09-15, 67.8200, 67.8200, 67.6449, 67.7250, 9639
2017-09-18, 67.7501, 67.8641, 67.6055, 67.6930, 12350
2017-09-19, 67.7800, 67.8100, 67.6400, 67.7500, 10321
2017-09-20, 67.7901, 67.9791, 67.3900, 67.6212, 8375
2017-09-21, 67.4810, 67.6510, 67.4100, 67.5800, 10004
2017-09-22, 67.5700, 67.7251, 67.5500, 67.6400, 6323
2017-09-25, 67.5600, 67.5735, 67.2300, 67.4300, 12599
2017-09-26, 67.3700, 67.4000, 67.2175, 67.3800, 4099
2017-09-27, 67.3300, 67.3790, 67.1768, 67.3570, 8701
2017-09-28, 67.3600, 67.6690, 67.3446, 67.6400, 8278
2017-09-29, 67.5839, 67.9576, 67.5839, 67.9300, 5181
2017-10-02, 67.5400, 67.8190, 67.5400, 67.7800, 7486
2017-10-03, 67.7200, 67.9390, 67.7200, 67.8950, 7620
2017-10-04, 67.8200, 67.9790, 67.8200, 67.9500, 7048
2017-10-05, 67.9100, 68.0500, 67.8484, 67.8640, 11261
2017-10-06, 67.6300, 67.7200, 67.4601, 67.7190, 12994
2017-10-09, 67.7200, 67.8300, 67.6800, 67.7350, 4020
2017-10-10, 68.0400, 68.3490, 68.0400, 68.3100, 6405
2017-10-11, 68.4200, 68.5990, 68.3710, 68.5750, 5854
2017-10-12, 68.4900, 68.7500, 68.4900, 68.6791, 9230
2017-10-13, 68.9406, 68.9990, 68.8600, 68.9247, 5627
2017-10-16, 68.7800, 68.8000, 68.6927, 68.6927, 4767
2017-10-17, 68.4800, 68.4800, 68.3100, 68.4400, 7622
2017-10-18, 68.6900, 68.8850, 68.6299, 68.7784, 13312
2017-10-19, 68.5700, 68.7200, 68.5646, 68.6458, 9263
2017-10-20, 68.5400, 68.5668, 68.4500, 68.5390, 9164
2017-10-23, 68.5000, 68.5000, 68.2554, 68.2800, 21156
2017-10-24, 68.4100, 68.4100, 68.2010, 68.2800, 13194
2017-10-25, 68.1200, 68.1200, 67.5699, 67.8190, 11633
2017-10-26, 67.8200, 67.8800, 67.7000, 67.7100, 4211
2017-10-27, 67.5600, 67.8900, 67.4010, 67.8500, 18358
2017-10-30, 67.7500, 67.9516, 67.7500, 67.9100, 5908
2017-10-31, 68.0700, 68.0700, 67.9400, 68.0000, 7940
2017-11-01, 68.3500, 68.3500, 68.0900, 68.1400, 3773
2017-11-02, 68.1900, 68.1900, 68.0582, 68.0900, 22873
2017-11-03, 68.0600, 68.0806, 67.9200, 68.0650, 5474
2017-11-06, 67.9800, 68.2000, 67.9700, 68.2000, 15483
2017-11-07, 68.1300, 68.1500, 67.9740, 68.0750, 7196
2017-11-08, 68.2300, 68.4750, 68.2300, 68.4585, 10622
2017-11-09, 68.1182, 68.4399, 68.1000, 68.4399, 6848
2017-11-10, 68.3764, 68.4390, 68.2500, 68.4390, 10748
2017-11-13, 67.9300, 68.2300, 67.9121, 68.1710, 6365
2017-11-14, 68.1300, 68.3200, 68.0900, 68.2899, 6861
2017-11-15, 67.9200, 68.0600, 67.8765, 67.9740, 8058
2017-11-16, 68.4000, 68.5400, 68.3660, 68.4627, 8250
2017-11-17, 68.3400, 68.4590, 68.2601, 68.3915, 4836
2017-11-20, 68.4700, 68.5800, 68.4101, 68.4400, 12686
2017-11-21, 68.7400, 68.8499, 68.7400, 68.7460, 10015
2017-11-22, 69.1300, 69.2200, 68.9100, 69.1790, 10442
2017-11-24, 69.3702, 69.4600, 69.3400, 69.4150, 3998
2017-11-27, 69.4801, 69.4900, 69.2810, 69.3190, 6196
2017-11-28, 69.4900, 69.8000, 69.4900, 69.7587, 5786
2017-11-29, 69.7600, 69.8870, 69.7401, 69.7900, 4982
2017-11-30, 70.0700, 70.1571, 69.9100, 70.0301, 7088
2017-12-01, 70.0600, 70.2600, 69.7953, 70.2500, 13247
2017-12-04, 70.4500, 70.4500, 70.0839, 70.1650, 27475
2017-12-05, 70.3100, 70.3100, 70.0600, 70.0600, 2875
2017-12-06, 69.9600, 70.0590, 69.8490, 69.9999, 5715
2017-12-07, 69.7800, 69.9026, 69.6600, 69.7653, 21505
2017-12-08, 69.8900, 69.9500, 69.6700, 69.9190, 5037
2017-12-11, 69.8000, 69.9036, 69.8000, 69.8250, 11670
2017-12-12, 69.8110, 69.8989, 69.7210, 69.8390, 10322
2017-12-13, 70.0690, 70.3700, 70.0155, 70.2450, 7892
2017-12-14, 70.2200, 70.4500, 70.1101, 70.1816, 12928
2017-12-15, 69.2900, 69.4900, 69.2428, 69.3816, 5572
2017-12-18, 69.9600, 70.2200, 69.8810, 69.9300, 13050
2017-12-19, 70.4300, 70.4300, 70.1400, 70.1692, 15225
2017-12-20, 70.2500, 70.2500, 69.8300, 69.8400, 12795
2017-12-21, 69.9200, 69.9800, 69.7100, 69.9090, 26170
2017-12-22, 69.9000, 70.0300, 69.8400, 70.0300, 10561
2017-12-26, 70.0300, 70.3000, 70.0300, 70.1600, 4794
2017-12-27, 70.4010, 70.4252, 70.3100, 70.3800, 5136
2017-12-28, 70.7400, 70.7400, 70.5601, 70.5601, 6091
2017-12-29, 70.8700, 70.9328, 70.7855, 70.8500, 5061
2018-01-02, 70.9900, 70.9900, 70.7900, 70.9799, 10305
2018-01-03, 70.8600, 71.1000, 70.8600, 71.0600, 10806
2018-01-04, 71.1768, 71.3700, 71.1641, 71.2500, 7115
2018-01-05, 71.5000, 71.7300, 71.4500, 71.7000, 18598
2018-01-08, 71.6000, 71.7000, 71.5100, 71.6400, 19052
2018-01-09, 71.6300, 71.6300, 71.4280, 71.5235, 14286
2018-01-10, 71.1900, 71.1900, 70.8800, 70.9200, 5985
2018-01-11, 70.9700, 71.1903, 70.9600, 71.1800, 11943
2018-01-12, 71.4400, 71.8300, 71.4100, 71.7875, 11853
2018-01-16, 72.0800, 72.1691, 71.7522, 71.7804, 8057
2018-01-17, 72.1500, 72.5800, 71.9700, 72.2900, 13586
2018-01-18, 72.2500, 72.3699, 72.1552, 72.1951, 6625
2018-01-19, 72.2700, 72.4000, 72.1500, 72.3900, 12538
2018-01-22, 72.4300, 72.8200, 72.4300, 72.8200, 11700
2018-01-23, 72.8800, 73.1600, 72.8800, 73.1600, 14545
2018-01-24, 73.7100, 73.7399, 73.2389, 73.5600, 10973
2018-01-25, 73.8400, 74.1399, 73.3756, 73.5600, 8389
2018-01-26, 73.7200, 73.9700, 73.7200, 73.9300, 11914
2018-01-29, 73.2900, 73.2900, 73.0000, 73.0800, 18618
2018-01-30, 72.8100, 72.8100, 72.5960, 72.7300, 4759
2018-01-31, 72.9100, 72.9100, 72.4095, 72.6446, 57437
2018-02-01, 72.5200, 72.5200, 72.2620, 72.3815, 7654
2018-02-02, 71.6610, 71.6610, 71.0000, 71.0500, 13556
2018-02-05, 70.4700, 70.5000, 68.4259, 68.4454, 15463
2018-02-06, 67.8500, 69.5000, 67.6400, 69.3800, 38019
2018-02-07, 68.9700, 69.5900, 68.7800, 68.8500, 10893
2018-02-08, 68.7400, 68.8600, 67.4090, 67.4090, 12617
2018-02-09, 67.7300, 68.1300, 66.5198, 67.9901, 11282
2018-02-12, 68.3600, 68.7144, 68.2187, 68.4312, 5078
2018-02-13, 68.3100, 68.5061, 68.1599, 68.4705, 5935
2018-02-14, 68.3900, 69.5700, 68.2354, 69.4009, 4646
2018-02-15, 69.6400, 70.0092, 69.4390, 69.8796, 7976
2018-02-16, 69.6900, 70.4300, 69.6900, 70.0200, 19716
2018-02-20, 69.6900, 69.6900, 69.1885, 69.1987, 15350
2018-02-21, 69.5110, 70.0086, 69.2190, 69.2190, 9150
2018-02-22, 69.3100, 69.6536, 69.1864, 69.1864, 6230
2018-02-23, 69.7573, 70.2800, 69.7500, 70.2800, 7577
2018-02-26, 70.2550, 70.5433, 70.2550, 70.5100, 15409
2018-02-27, 70.3500, 70.3500, 69.5643, 69.6000, 8855
2018-02-28, 69.5200, 69.5200, 68.8700, 68.8700, 4903
2018-03-01, 68.4800, 68.8100, 67.8800, 68.2213, 9943
2018-03-02, 68.0100, 68.5700, 67.8355, 68.5700, 8191
2018-03-05, 68.2861, 68.8750, 68.2861, 68.8750, 2511
2018-03-06, 69.4900, 69.4900, 69.1400, 69.4100, 21993
2018-03-07, 69.0900, 69.4196, 68.8800, 69.4028, 4540
2018-03-08, 69.4200, 69.5400, 69.2210, 69.4100, 7409
2018-03-09, 69.7200, 70.0090, 69.6700, 69.9890, 10202
2018-03-12, 69.9400, 70.1000, 69.7900, 69.9611, 6480
2018-03-13, 70.2500, 70.2500, 69.4600, 69.4790, 21276
2018-03-14, 69.8600, 69.8600, 69.4881, 69.5700, 15685
2018-03-15, 69.5100, 69.6686, 69.2310, 69.3937, 8196
2018-03-16, 68.9000, 69.1000, 68.9000, 68.9300, 10883
2018-03-19, 68.7467, 68.7467, 68.3710, 68.6355, 12290
2018-03-20, 68.6500, 68.7100, 68.4800, 68.6100, 8229
2018-03-21, 68.7000, 69.0400, 68.6812, 69.0000, 7982
2018-03-22, 68.2500, 68.4100, 67.7132, 67.7590, 8930
2018-03-23, 68.1700, 68.2900, 67.2427, 67.2427, 7470
2018-03-26, 68.0300, 68.0848, 67.5500, 68.0848, 7472
2018-03-27, 68.0700, 68.2874, 67.4303, 67.6599, 11837
2018-03-28, 67.9200, 68.5790, 67.9200, 68.3500, 9055
2018-03-29, 68.6200, 68.9300, 68.5446, 68.7890, 39864
2018-04-02, 68.4800, 68.4800, 67.3700, 67.7701, 6661
2018-04-03, 68.1600, 68.3710, 67.9941, 68.2700, 9161
2018-04-04, 67.7300, 68.7660, 67.7300, 68.7660, 6173
2018-04-05, 68.8200, 69.0800, 68.7000, 69.0700, 13293
2018-04-06, 68.7800, 68.9700, 68.2800, 68.3000, 8357
2018-04-09, 68.8200, 69.2373, 68.7900, 68.8040, 6711
2018-04-10, 69.2300, 69.2912, 69.0800, 69.0800, 5402
2018-04-11, 68.9200, 69.1795, 68.9200, 68.9910, 34731
2018-04-12, 69.0900, 69.2081, 69.0560, 69.0600, 9937
2018-04-13, 69.3180, 69.3180, 68.9990, 69.1200, 5421
2018-04-16, 69.2900, 69.7100, 69.2900, 69.7000, 11750
2018-04-17, 69.8100, 70.1500, 69.8100, 70.0200, 13635
2018-04-18, 69.9600, 70.1300, 69.9500, 69.9500, 5869
2018-04-19, 70.0000, 70.0000, 69.5083, 69.7400, 39013
2018-04-20, 69.3500, 69.4300, 69.1400, 69.2200, 14690
2018-04-23, 69.1000, 69.2360, 69.0100, 69.2100, 10921
2018-04-24, 69.7500, 69.7500, 68.7800, 68.8866, 9968
2018-04-25, 68.6800, 69.0289, 68.6700, 68.8650, 6965
2018-04-26, 69.2400, 69.4560, 69.1596, 69.3990, 6924
2018-04-27, 69.3500, 69.8080, 69.3500, 69.7689, 13206
2018-04-30, 69.9500, 69.9500, 69.3200, 69.3200, 4312
2018-05-01, 69.1056, 69.2900, 68.8608, 69.0900, 8438
2018-05-02, 69.2100, 69.4400, 68.9190, 68.9190, 8404
2018-05-03, 69.0800, 69.0800, 68.5310, 68.9990, 5299
2018-05-04, 68.5710, 69.3200, 68.4800, 69.1800, 7134
2018-05-07, 69.1400, 69.1934, 68.9348, 68.9896, 7484
2018-05-08, 68.7700, 68.8490, 68.6900, 68.8022, 4951
2018-05-09, 69.0600, 69.0900, 68.8000, 69.0000, 39972
2018-05-10, 69.2700, 69.5350, 69.1370, 69.5350, 5796
2018-05-11, 69.6800, 69.8300, 69.6800, 69.7749, 5885
2018-05-14, 69.9849, 70.0090, 69.6610, 69.7300, 7987
2018-05-15, 69.0700, 69.2390, 68.8700, 69.0540, 5510
2018-05-16, 69.2000, 69.3210, 69.0011, 69.2900, 10366
2018-05-17, 69.1900, 69.3300, 69.1310, 69.2180, 5208
2018-05-18, 68.9928, 69.0300, 68.8909, 68.9810, 5698
2018-05-21, 69.3500, 69.3800, 69.2511, 69.3600, 5409
2018-05-22, 69.6200, 69.7800, 69.4845, 69.5000, 12246
2018-05-23, 68.9100, 69.2650, 68.8300, 69.2356, 19997
2018-05-24, 68.9228, 69.1000, 68.9228, 69.0500, 3235
2018-05-25, 68.8400, 69.0200, 68.7500, 68.9031, 38872
2018-05-29, 68.0000, 68.0000, 67.2800, 67.5250, 17234
2018-05-30, 68.0800, 68.6403, 68.0800, 68.6096, 7430
2018-05-31, 68.4000, 68.4000, 68.0385, 68.2200, 19803
2018-06-01, 68.4000, 68.5400, 68.2300, 68.3300, 13881
2018-06-04, 68.8300, 68.8800, 68.6540, 68.6740, 8986
2018-06-05, 68.4700, 68.5860, 68.3727, 68.5860, 5204
2018-06-06, 68.8600, 68.8800, 68.6888, 68.8448, 6838
2018-06-07, 68.8200, 68.8238, 68.5800, 68.6900, 3878
2018-06-08, 68.6700, 68.9499, 68.6095, 68.9499, 9674
2018-06-11, 68.9500, 69.2600, 68.9500, 69.2400, 35303
2018-06-12, 69.2000, 69.2500, 68.9000, 69.0000, 6254
2018-06-13, 69.2200, 69.3000, 68.7327, 69.0376, 6670
2018-06-14, 69.1500, 69.1500, 68.9382, 68.9705, 8192
2018-06-15, 67.8900, 68.0100, 67.7500, 68.0100, 10727
2018-06-18, 67.4450, 67.6300, 67.3610, 67.5511, 8810
2018-06-19, 66.9900, 67.4500, 66.9900, 67.4500, 17825
2018-06-20, 67.6400, 67.6900, 67.4600, 67.5148, 8090
2018-06-21, 67.4500, 67.4500, 67.0800, 67.2000, 10679
2018-06-22, 67.9600, 67.9700, 67.6200, 67.7700, 13519
2018-06-25, 67.6000, 67.6000, 67.2710, 67.5092, 20840
2018-06-26, 67.6800, 67.6900, 67.4722, 67.5138, 9965
2018-06-27, 67.4100, 67.4800, 66.6100, 66.6100, 8318
2018-06-28, 66.6300, 67.1322, 66.6300, 67.1056, 8507
2018-06-29, 67.4100, 67.6608, 67.3800, 67.3800, 4071
2018-07-02, 66.9200, 67.1300, 66.8153, 67.0940, 13986
2018-07-03, 67.6800, 67.8300, 67.6200, 67.6490, 7666
2018-07-05, 68.3800, 68.3800, 68.1971, 68.2972, 4094
2018-07-06, 68.7210, 68.8780, 68.7210, 68.7750, 7594
2018-07-09, 69.1700, 69.1700, 68.8800, 68.9200, 5806
2018-07-10, 68.8300, 68.9700, 68.7510, 68.9700, 5586
2018-07-11, 68.5000, 68.6280, 68.1401, 68.2600, 12290
2018-07-12, 68.5190, 68.6400, 68.4651, 68.5110, 5509
2018-07-13, 68.3000, 68.4199, 68.2495, 68.4059, 8080
2018-07-16, 68.4200, 68.4335, 68.3284, 68.4335, 3823
2018-07-17, 68.2000, 68.4980, 68.2000, 68.4598, 46489
2018-07-18, 68.1500, 68.1800, 68.0450, 68.1434, 8273
2018-07-19, 67.6600, 68.1390, 67.6600, 67.8810, 11239
2018-07-20, 68.2400, 68.4100, 68.2180, 68.3400, 8734
2018-07-23, 68.3200, 68.4099, 68.1931, 68.3999, 29490
2018-07-24, 68.6800, 68.7400, 68.3800, 68.5900, 21834
2018-07-25, 68.5900, 68.9252, 68.3899, 68.9000, 8040
2018-07-26, 68.6800, 68.8844, 68.6800, 68.7510, 4176
2018-07-27, 69.1100, 69.1578, 68.7910, 68.8792, 8260
2018-07-30, 69.2010, 69.4883, 69.2010, 69.3300, 10636
2018-07-31, 69.6000, 69.7600, 69.4200, 69.6790, 9499
2018-08-01, 69.2400, 69.2600, 69.0600, 69.2100, 5546
2018-08-02, 68.7400, 69.0099, 68.7400, 68.9600, 11643
2018-08-03, 69.0182, 69.2120, 69.0182, 69.2051, 6087
2018-08-06, 68.9400, 69.1760, 68.9400, 69.0309, 11512
2018-08-07, 69.4700, 69.4700, 69.0042, 69.1203, 16357
2018-08-08, 68.8800, 69.1100, 68.7100, 69.0160, 26226
2018-08-09, 68.7400, 68.9100, 68.6900, 68.7000, 10403
2018-08-10, 67.8800, 67.8800, 67.5209, 67.6300, 9737
2018-08-13, 67.4800, 67.5803, 67.1722, 67.3000, 15341
2018-08-14, 67.5700, 67.8000, 67.5700, 67.8000, 10281
2018-08-15, 67.0200, 67.2200, 66.9100, 67.1536, 8419
2018-08-16, 67.4600, 67.6877, 67.4500, 67.5178, 15091
2018-08-17, 67.6000, 68.3394, 67.6000, 68.2600, 6711
2018-08-20, 68.2400, 68.4800, 68.2400, 68.4000, 7207
2018-08-21, 68.8300, 68.9700, 68.7500, 68.8107, 20102
2018-08-22, 68.8600, 68.8980, 68.7400, 68.8593, 7730
2018-08-23, 68.4700, 68.4719, 68.1900, 68.2900, 15192
2018-08-24, 68.4900, 68.6790, 68.3700, 68.6090, 22593
2018-08-27, 68.8300, 69.1100, 68.8300, 69.0850, 41317
2018-08-28, 69.2700, 69.2700, 68.9410, 68.9600, 40685
2018-08-29, 68.9600, 69.2100, 68.9600, 69.2100, 25363
2018-08-30, 68.6300, 68.7990, 68.4845, 68.6200, 12491
2018-08-31, 68.3700, 68.5900, 67.9810, 68.1850, 8615
2018-09-04, 67.6300, 67.6300, 67.3482, 67.4028, 10795
2018-09-05, 67.2500, 67.4364, 67.2400, 67.3825, 13200
2018-09-06, 67.4500, 67.5200, 67.1710, 67.5000, 12826
2018-09-07, 67.2400, 67.4390, 67.1391, 67.2400, 10873
2018-09-10, 67.7840, 67.7990, 67.6497, 67.7300, 6843
2018-09-11, 67.3446, 67.7900, 67.3446, 67.7800, 14247
2018-09-12, 67.9800, 68.2913, 67.9499, 68.2500, 26604
2018-09-13, 68.4700, 68.5535, 68.2900, 68.4417, 6758
2018-09-14, 68.4400, 68.4400, 68.0700, 68.3643, 16161
2018-09-17, 68.6800, 68.7200, 68.5071, 68.5500, 23557
2018-09-18, 68.7900, 69.0150, 68.7900, 68.9700, 6854
2018-09-19, 68.8600, 68.9500, 68.7980, 68.8500, 12416
2018-09-20, 69.2400, 69.3800, 69.0613, 69.3800, 22050
2018-09-21, 68.8000, 68.8990, 68.7500, 68.7500, 11051
2018-09-24, 68.7800, 68.7800, 68.3925, 68.4089, 13573
2018-09-25, 68.6001, 68.6001, 68.3200, 68.3369, 12086
2018-09-26, 68.3900, 68.6100, 68.2020, 68.2506, 17042
2018-09-27, 68.1200, 68.4600, 68.0881, 68.0881, 5330
2018-09-28, 67.8700, 68.0899, 67.8700, 67.8800, 13988
2018-10-01, 68.2200, 68.2790, 67.8779, 67.9000, 73200
2018-10-02, 67.4900, 67.7200, 67.4900, 67.5600, 22132
2018-10-03, 68.0200, 68.0200, 67.5400, 67.6600, 12431
2018-10-04, 67.1900, 67.2508, 66.9000, 67.1300, 27338
2018-10-05, 67.2000, 67.4406, 66.8920, 67.0920, 10822
2018-10-08, 66.5800, 67.1280, 66.5800, 67.0200, 5618
2018-10-09, 66.6200, 67.1000, 66.6200, 67.0800, 6468
2018-10-10, 66.9900, 67.1000, 65.9641, 66.0500, 9197
2018-10-11, 65.6000, 65.7700, 65.1207, 65.3050, 9511
2018-10-12, 65.7400, 65.7400, 64.7712, 65.4085, 9005
2018-10-15, 65.3300, 65.4981, 65.1723, 65.2900, 10541
2018-10-16, 65.9200, 66.5070, 65.8970, 66.5070, 8939
2018-10-17, 66.1000, 66.2885, 65.7787, 66.0600, 11080
2018-10-18, 66.0000, 66.1200, 65.3800, 65.3801, 21387
2018-10-19, 65.6700, 66.0200, 65.6700, 65.8900, 9260
2018-10-22, 65.9399, 65.9399, 65.4311, 65.4788, 10045
2018-10-23, 64.7500, 65.3883, 64.5290, 65.2400, 16206
2018-10-24, 64.9900, 64.9900, 63.8900, 63.8900, 13435
2018-10-25, 64.2600, 64.7715, 64.2400, 64.6575, 15553
2018-10-26, 63.8800, 64.3605, 63.5000, 64.0478, 22410
2018-10-29, 64.5900, 64.7889, 63.5360, 63.9900, 9104
2018-10-30, 64.2200, 64.7800, 64.2200, 64.7800, 8014
2018-10-31, 64.9300, 64.9300, 64.3408, 64.3699, 14116
2018-11-01, 64.6400, 64.9143, 64.6051, 64.9100, 7084
2018-11-02, 65.2000, 65.2000, 64.5400, 64.8950, 14568
2018-11-05, 65.3200, 65.5300, 65.3038, 65.3500, 4004
2018-11-06, 65.4500, 65.8021, 65.4010, 65.7977, 10903
2018-11-07, 66.3400, 66.4700, 66.0300, 66.4244, 13636
2018-11-08, 66.2400, 66.4400, 65.8800, 65.9200, 17214
2018-11-09, 65.8400, 65.9400, 65.6238, 65.9159, 9543
